-1.563161e+00 1.794582e+00 -7.148994e-01 -9.471240e-01 2.086429e+00 4.737930e-01 -1.128628e+00 7.478138e-01 1.041435e+00 -1.402730e-01 -1.310227e+00 -8.652691e-01
-3.029074e+00 3.407209e+00 -2.120238e+00 -3.513004e+00 1.089391e+00 -7.488672e-01 5.815052e-01 -1.964302e+00 -6.597062e-01 8.678640e-01 -1.808023e+00 7.987046e-01
-7.036094e+00 5.130946e+00 2.182435e+00 -6.513508e-02 9.703318e-01 -2.950717e-01 2.183038e+00 1.293455e+00 1.151038e+00 -6.118118e-01 8.015782e-01 -1.616803e-01
-4.585916e+00 1.974295e-01 -7.258281e-01 -4.243370e+00 -2.398741e+00 -3.618919e+00 -3.762682e-01 -4.759532e-01 8.931818e-01 7.889415e-01 -1.230613e+00 9.655118e-02
-2.271452e+00 2.822084e+00 -3.268335e+00 -1.112022e+00 2.484669e+00 3.795822e-01 2.719400e+00 -8.992082e-01 -1.898696e+00 -2.298869e-01 -1.248820e+00 -8.201634e-01
2.067214e+00 -2.414795e+00 -3.533002e+00 -2.498250e-01 1.766804e+00 -9.344284e-01 -3.084352e+00 -3.976043e-01 -5.529323e-01 4.361550e-01 -3.174278e+00 -1.374819e+00
-7.635963e+00 4.341456e+00 1.693056e+00 6.226347e-02 -4.028772e-01 -3.390214e-01 2.104342e+00 1.168378e+00 3.363664e-01 -1.206030e+00 8.401682e-01 -5.373558e-01
-9.440407e-01 2.929728e+00 -3.394363e+00 1.377716e+00 9.490167e-01 1.194957e+00 2.739305e+00 -8.343538e-01 -6.070148e-01 3.036990e-01 -6.935850e-01 -3.688185e-01
3.064882e+00 -4.898678e+00 -4.525612e+00 5.768844e-01 1.021544e+00 -2.279268e+00 -4.145196e+00 -2.521133e-01 -1.901277e+00 3.941315e-01 -2.367934e+00 3.512974e-01
-5.528439e+00 1.599767e+00 -4.290941e-01 9.839110e-01 -1.805781e+00 -9.028558e-01 1.905061e-01 3.725881e-01 -9.748278e-01 -1.524013e+00 2.642192e-01 5.761867e-01
-3.889847e+00 -2.139103e+00 3.506438e-02 -2.946648e+00 -1.217217e+00 -2.481754e+00 4.396285e-01 6.432346e-01 2.115168e-01 1.365296e-01 1.279490e+00 -2.566388e-01
-4.079870e-01 1.851631e+00 -2.799618e+00 2.593667e+00 -8.795921e-01 1.592831e+00 8.648630e-01 -7.343732e-01 9.282601e-02 -2.848878e-02 -8.225381e-01 -4.257588e-01
2.116776e+00 -4.915733e+00 3.803800e+00 -2.904861e+00 -5.612325e+00 2.042477e+00 -1.670677e+00 1.863386e+00 3.639620e-01 -3.255997e-02 2.532070e+00 -1.439280e+00
-1.144139e-01 -2.170487e+00 2.212455e+00 -2.795571e+00 -3.236439e+00 2.194579e+00 9.819450e-02 1.062861e+00 -3.646673e-01 5.343311e-01 1.590917e+00 -1.185259e+00
-2.213757e-01 1.302073e+00 -1.131111e+00 2.418413e+00 -2.163245e+00 7.964066e-01 -7.373073e-01 1.230154e+00 8.529387e-01 -1.203488e-01 1.939242e-01 -8.772596e-01
-3.006375e+00 -1.925283e+00 1.276623e+00 -4.914624e-01 7.276824e-01 -1.526944e+00 1.105993e+00 2.356817e+00 -6.960130e-01 1.517470e+00 5.146704e+00 -4.136490e-01
-2.333395e+00 8.294471e-01 -1.295796e+00 1.381700e+00 -6.101372e-01 7.910500e-01 6.842075e-02 -4.928387e-01 -6.600212e-01 -6.088695e-01 1.520502e-01 4.134272e-02
-2.111740e-02 6.668329e-01 -1.000875e+00 1.772316e+00 -3.571541e-02 1.592946e+00 3.893004e-02 1.933879e+00 -5.526277e-01 1.758081e+00 1.022162e+00 3.867149e-02
1.978832e-01 2.199012e-01 -4.687138e-01 1.032807e+00 8.182220e-01 7.540886e-01 7.010633e-01 6.093341e-01 -5.501777e-01 1.327494e+00 -6.987689e-02 2.190456e-01
2.419823e+00 -2.954747e+00 -2.731118e+00 4.960234e-01 3.309611e-01 -8.420375e-01 -1.386250e+00 3.406193e-01 -1.416361e+00 -6.146994e-01 -1.562343e+00 1.012922e+00
3.203484e-01 5.158361e-01 -3.486071e-01 6.250330e-01 6.256096e-01 -4.289021e-01 2.947354e-02 3.568659e-01 2.269671e-01 -1.190333e+00 -2.014805e+00 1.131889e+00
2.606716e-02 6.598974e-01 -5.645283e-01 3.133537e-01 1.352387e-01 -1.330981e+00 -1.999106e-01 4.301236e-01 3.261460e-01 -8.835363e-01 -1.072785e+00 1.717168e+00
1.544989e-01 -5.686508e-01 2.067805e-01 -2.354403e+00 -1.914852e+00 1.278008e+00 1.125015e+00 -3.899733e-01 -8.729248e-01 2.755529e-01 -2.128582e-01 -1.158737e+00
3.383431e-01 1.605637e+00 -1.404470e+00 -1.221652e-02 -2.262107e-01 1.447500e+00 5.392450e-01 1.606487e-01 -7.910767e-01 3.729311e-01 1.993704e-03 -1.269045e-02
-7.693271e-02 1.021173e+00 4.271508e-01 -1.771894e-01 -5.201172e-01 3.316166e-01 2.840158e-01 -2.251801e-01 -8.183274e-02 3.580797e-02 7.170225e-01 1.418260e-01
2.798214e-01 1.223860e+00 6.826249e-01 5.917490e-02 -5.745463e-01 -1.254830e+00 -4.687901e-01 3.876030e-01 5.715054e-01 -8.468297e-01 -7.742090e-01 6.833500e-01
4.629612e-02 -2.747459e-02 4.941989e-01 1.108572e+00 7.036960e-01 8.063344e-01 -4.078977e-01 1.395578e+00 -1.464608e+00 -1.104941e+00 -3.313116e-01 -1.637481e-01
-8.965354e-01 -1.947930e+00 1.419831e+00 7.164519e-01 2.206816e+00 -6.943926e-01 4.475832e-04 1.953928e+00 -1.742595e+00 -8.395947e-01 4.174301e+00 -2.124240e-01
3.779593e-01 4.186665e-01 -2.648582e-01 -1.138994e+00 -1.101475e+00 -2.924735e-02 -2.379762e-01 2.387009e+00 -1.425169e+00 -4.466724e-01 8.973475e-02 -7.099681e-01
8.518429e-02 1.213743e+00 -5.122766e-01 -5.636201e-01 1.364304e+00 6.331230e-01 -6.351474e-01 1.325298e+00 -2.669372e-01 1.699997e+00 8.201078e-01 -8.079699e-01
5.603358e+00 -6.145837e+00 5.444892e+00 -2.306330e+00 -6.823129e+00 -1.175040e+00 -4.464652e+00 -7.421268e-01 -6.929781e-01 -2.987227e+00 8.124076e-01 -1.852312e+00
3.240999e-01 3.135641e-01 -1.203396e-01 7.357353e-01 4.027367e-01 6.698385e-01 2.215594e-01 8.643876e-01 -1.109332e+00 -4.584501e-01 -3.261525e-01 2.116166e-01
6.823190e-01 1.640422e+00 1.131214e+00 -6.748528e-01 3.040403e-01 9.734721e-01 -4.053841e-02 -1.672152e+00 -1.101969e+00 1.411035e-01 1.296599e+00 -1.152828e+00
3.197924e-01 1.520896e+00 -5.307821e-01 -1.733956e-01 1.033920e+00 8.880911e-01 3.924328e-01 -3.897128e-02 -3.215819e-01 1.542870e+00 5.887295e-01 1.897272e-01
3.328850e-01 1.099606e-01 -5.106809e-02 2.506579e-01 7.169299e-01 -5.044034e-01 -1.528909e-02 1.318109e+00 -1.098521e-01 1.011777e+00 -1.136440e-01 -7.678838e-01
2.257785e-01 3.564045e-01 -1.037475e-01 5.960956e-01 3.748555e-02 -6.978858e-01 -3.651049e-02 1.380787e+00 -7.587329e-01 1.338529e+00 1.414404e-02 -2.612832e-01
3.951082e-01 3.394757e-01 7.485819e-03 9.709526e-01 -1.725930e-01 2.561831e-02 3.387735e-01 1.757503e+00 -7.611677e-01 1.374564e+00 -1.124835e-01 -3.231584e-01
2.695127e-01 9.386253e-02 -6.279601e-01 6.067572e-01 -7.615015e-01 1.358541e+00 5.203583e-02 7.622681e-01 -1.389586e+00 4.423781e-01 6.666650e-01 8.559613e-01
2.021284e-02 1.506714e-01 3.046757e-01 1.078042e+00 -1.734230e-02 5.275034e-01 -1.322732e-01 -5.929340e-02 -8.806713e-01 3.182783e-01 4.415340e-01 4.575836e-01
1.889258e-02 -4.469528e-02 1.237204e-01 2.258985e-01 1.874210e-01 4.097854e-02 1.507325e-01 4.265246e-01 1.850196e-01 -1.128357e+00 3.285335e-01 4.110354e-02
4.171025e-01 6.337558e-01 -3.134531e-01 -6.067535e-01 -1.119828e-01 -8.311806e-02 -2.767343e-02 -7.867491e-01 1.050147e+00 -9.378172e-01 -4.213614e-01 5.028409e-01
5.050859e-01 4.767750e-01 3.308945e-01 -4.004433e-01 -1.608558e-01 -4.962854e-02 7.996547e-02 -5.867102e-01 1.531962e+00 -6.843778e-01 -1.782630e+00 -1.307575e+00
-1.023027e-01 -4.174100e-01 -4.161832e-01 -9.422095e-01 -4.451383e-01 -2.372990e-01 -6.440433e-01 -3.822668e-01 4.520161e-01 -2.080256e-01 -4.178294e-01 -7.540809e-01
-6.357290e-01 -6.236831e-01 2.069695e-01 -8.119265e-01 -8.144148e-01 -2.021106e+00 -1.187767e+00 -7.863919e-01 6.225159e-02 3.036838e-01 -5.712453e-01 -1.169466e+00
-7.817516e-01 -8.303269e-01 3.130043e-01 -4.278746e-01 -7.035238e-01 -1.897145e+00 -3.731608e-01 -4.989337e-01 -9.206560e-01 -6.116322e-01 -6.939625e-01 -1.136146e+00
-8.203125e-02 4.585584e-02 -2.554560e-01 -4.837924e-01 -7.104964e-01 -2.702229e-01 3.730050e-01 -6.380708e-01 -2.241271e-01 2.577460e-01 -5.439267e-01 9.769424e-01
5.052897e-01 6.588840e-01 2.642959e-01 9.854271e-01 -2.295195e-01 5.936536e-01 8.306248e-01 -5.125571e-02 4.005543e-02 5.335830e-01 -5.454628e-01 8.774845e-01
2.183294e-01 6.178275e-01 5.096946e-01 1.160043e+00 6.775506e-01 1.367948e+00 9.792286e-01 1.229878e+00 1.260262e+00 1.461063e+00 6.493524e-01 1.213965e+00
1.742624e-01 3.344342e-01 9.311972e-02 8.264532e-01 2.632412e-01 2.552529e-01 3.330304e-01 1.796543e+00 3.768630e-01 -1.377220e-01 1.184284e-01 6.193092e-01
1.192605e+00 -9.973283e-01 -5.654646e-01 1.154500e-01 -1.893714e-01 -2.494168e-01 -4.001678e-01 8.389541e-02 -2.262959e-01 -2.282130e+00 -3.014808e+00 1.172171e-01
9.295508e-01 -8.411936e-01 -3.153133e-03 3.542889e-01 -4.110638e-01 2.767351e-01 -1.055734e+00 -1.150717e+00 4.883466e-02 -2.029414e+00 -3.440893e+00 9.251927e-01
7.870516e-01 -5.339460e-01 2.995002e-01 9.433758e-01 1.287640e+00 3.464060e-01 -1.571916e+00 -9.672493e-01 -1.439135e+00 -2.333838e+00 -7.035055e-02 1.029045e+00
-1.595649e+00 -8.185804e-01 4.616825e-01 2.040855e-01 2.949381e-01 2.687753e+00 3.850245e+00 3.523161e+00 3.857239e+00 3.200968e+00 6.077078e-01 -7.963403e-01
-7.795331e-01 -1.769088e-01 2.908042e-01 5.301763e-01 2.116451e-01 1.994205e+00 2.640083e+00 2.732307e+00 2.306882e+00 1.873049e+00 1.062263e+00 3.080671e-01
-6.792154e-02 -2.393792e-02 -2.578569e-01 5.142093e-01 2.774019e-01 7.286583e-01 1.806965e+00 1.557750e+00 6.252514e-01 -8.566928e-02 8.841683e-01 1.273660e+00
4.452179e-01 1.611595e+00 2.490358e+00 1.753917e+00 -2.620126e-01 3.998811e-01 -1.173211e+00 -3.920924e+00 -1.835374e+00 -7.218111e-01 -1.018368e+00 -9.773920e-01
-1.171783e-01 -3.887603e-02 3.904162e-01 -4.191940e-01 -1.481603e+00 -7.858998e-01 -4.559910e-01 -1.693008e+00 -8.164638e-01 4.116011e-02 2.781830e-02 2.718554e+00
-4.676009e-01 -3.770373e-01 1.491758e-01 -1.369367e+00 -2.164259e+00 2.477726e-01 5.556099e-01 -2.563539e-02 -7.804356e-02 1.259993e+00 5.526768e-01 1.364033e+00
-5.527791e-01 -3.418528e-01 -5.685982e-01 -1.813538e+00 -1.266949e+00 -8.562111e-01 2.571412e-01 1.677111e+00 1.806542e+00 1.932959e+00 5.800644e-01 9.452825e-01
-5.450937e-01 4.908255e-02 -5.410877e-01 -4.625719e-01 9.780945e-01 1.504524e-01 1.039341e-01 1.479614e+00 1.043263e+00 4.228135e-01 4.524082e-01 3.512955e-01
-2.720788e-01 1.410334e+00 3.130800e-01 2.632313e-01 1.573478e+00 1.662200e+00 -2.406569e-01 -1.114936e-02 -1.272324e+00 -3.550096e-01 -4.239631e-01 -1.330629e+00
-9.538212e-02 1.626369e+00 9.410607e-01 6.572253e-01 1.928110e+00 1.549205e+00 -1.676594e-01 -2.422408e-01 -1.005130e-02 1.263663e+00 9.666659e-01 -2.183666e-01
-5.448776e-01 1.512043e+00 1.896225e+00 9.231633e-01 1.150798e+00 1.641253e+00 -2.277771e-01 -1.183142e+00 -4.075408e-03 1.376535e+00 2.584585e+00 1.500521e-01
-8.082452e-01 1.053116e+00 1.028956e+00 1.648982e-01 3.233644e-01 3.902995e-01 -1.555515e+00 -1.427979e+00 5.581214e-01 3.320913e-01 2.686769e+00 6.256293e-01
-8.692298e-01 -2.375939e-01 -4.669930e-01 -2.595364e-01 -8.677674e-03 7.251359e-01 -4.666626e-01 -3.263226e-01 2.569322e+00 1.007362e+00 1.686811e+00 4.651574e-01
-6.768400e-01 -3.829317e-02 -1.277586e+00 -8.104437e-01 -9.178420e-01 1.605221e+00 1.176295e+00 8.467547e-01 1.221901e+00 5.937392e-01 -1.870844e-01 1.417396e+00
-3.299227e-01 -4.956688e-01 -1.735666e+00 -9.574512e-01 -9.472338e-01 -4.210515e-02 5.144292e-01 3.567975e-01 1.087070e+00 1.329693e+00 -6.891678e-01 7.912832e-01
-3.536020e-01 -2.879493e-01 -2.140139e-01 -1.365559e-01 -7.905119e-01 -1.017458e+00 7.509975e-01 -2.392811e-01 4.628473e-01 1.415952e+00 -8.582500e-01 -1.192612e-01
-3.004315e-01 -1.333271e-01 1.553937e-01 6.774562e-01 1.941570e-01 -1.480843e+00 -2.499671e-02 7.033017e-01 -7.876413e-01 7.197580e-01 -1.124632e-01 -1.812511e-02
-2.099513e-01 -5.208634e-01 9.598024e-01 4.480699e-01 8.968757e-01 -5.041564e-01 2.878356e-01 8.610752e-01 7.569197e-01 8.469990e-01 1.391652e-02 -4.804811e-01
-1.496918e-01 -6.658502e-02 1.560956e+00 3.536792e-01 1.400814e+00 8.364319e-01 1.490070e+00 1.794497e+00 1.530429e+00 2.501491e-01 5.638041e-02 -1.033564e+00
2.631767e-01 9.182715e-02 5.245439e-01 -1.798671e-01 9.730622e-01 4.533500e-01 4.850445e-02 5.093131e-02 5.707204e-01 -1.104699e+00 1.176961e-01 -1.872539e-01
-2.212348e-01 8.109541e-02 4.171027e-01 -6.661646e-01 -1.568201e-01 -7.486831e-01 -1.595271e+00 -1.108738e+00 3.139520e-01 -1.673752e+00 -4.047155e-01 8.114837e-01
-1.403214e-01 1.480063e-01 -7.445034e-01 3.669302e-01 -2.332539e-01 -8.085622e-01 -2.643545e+00 2.319444e-01 4.234524e-01 2.037159e-01 -1.947825e-01 8.861111e-01
-2.220021e-01 -3.119709e-01 -2.395915e-01 5.429368e-01 6.639691e-02 -2.821857e-01 -8.522618e-01 2.283316e-01 2.225797e-01 1.192638e+00 6.626555e-01 6.370159e-01
-4.639454e-02 2.171507e-01 -8.562236e-02 1.242828e-01 -2.098533e-01 8.980519e-01 1.067952e+00 1.942040e-01 -5.778241e-02 1.546267e+00 6.367346e-01 -9.673303e-01
1.992522e-01 -1.350335e-01 -3.686293e-01 -4.130327e-01 -5.025485e-01 1.399116e+00 1.958285e+00 -5.727089e-01 -9.334322e-01 7.639200e-01 9.428954e-02 -1.134006e+00
-3.476963e-01 -6.577762e-01 1.174519e-01 -3.725850e-01 1.495929e-01 8.697640e-01 1.079786e+00 -9.566149e-01 -1.455021e+00 -3.546855e-01 3.571105e-01 -6.077213e-02
1.769058e-01 -5.107692e-01 -8.894175e-01 -3.548234e-01 -6.267742e-01 -4.752173e-01 -7.126650e-01 2.225685e-01 -4.859248e-01 3.670847e-02 1.541230e-01 1.215567e+00
4.331024e-01 -4.666508e-01 -7.999042e-01 -7.703002e-02 -5.355456e-01 -1.455615e+00 -7.714424e-01 7.628714e-01 -4.287199e-02 1.922587e-01 3.399592e-01 8.790545e-01
7.848467e-01 5.801817e-01 -6.004857e-01 5.805705e-02 -1.013049e+00 -1.082565e+00 -3.631966e-01 7.350910e-01 1.242134e-01 7.303779e-01 3.537206e-01 4.108341e-01
-2.122927e+00 -2.236465e+00 -6.101515e-01 -6.543618e-01 1.339624e-01 2.960605e+00 4.469399e+00 4.542698e+00 5.216138e+00 4.038224e+00 1.740217e+00 -1.374233e+00
2.841776e-01 9.307587e-01 1.336796e+00 -9.680327e-01 5.107383e-01 4.973725e-01 -2.154989e+00 -1.278523e+00 -1.251216e+00 -2.535563e-02 -6.810189e-01 -2.133740e+00
7.948884e-01 -1.585466e+00 -1.545635e+00 1.028210e+00 2.137462e+00 -4.889038e-01 5.465053e-01 9.696094e-01 -6.885360e-01 1.565761e+00 8.251896e-02 4.599123e-02
4.647687e-01 -1.503563e-03 -7.406969e-02 -1.298034e+00 -1.514373e+00 7.530664e-01 1.541737e+00 -1.950126e-01 -6.179215e-01 -4.117642e-01 -4.397420e-01 -1.755625e+00
4.499021e-01 -1.084927e+00 -5.810174e-01 1.211913e+00 1.360270e+00 -2.709591e-01 1.141549e+00 9.844916e-01 -1.070418e+00 7.402984e-01 1.288822e-01 -6.478022e-01
-2.848620e-02 -4.681716e-01 -5.080730e-01 3.350078e-01 -7.538502e-01 -8.162253e-01 9.110176e-01 2.730664e-01 -2.082679e+00 -2.662500e-01 -6.717608e-01 -2.171675e+00
1.072953e+00 -8.825859e-01 -1.251694e+00 8.055859e-01 2.613573e+00 -5.245237e-01 8.943666e-01 2.231930e+00 -1.504803e-02 3.005818e+00 5.523645e-01 1.196795e+00
2.763948e-01 2.396289e-01 -1.366329e-02 -4.375216e-01 -1.147322e+00 6.102007e-01 1.359717e+00 6.022021e-01 -1.118212e+00 -3.017044e-01 -2.971646e-01 -2.243254e+00
7.157478e-02 -1.112117e-01 5.145589e-01 6.385497e-01 7.470628e-01 7.718074e-01 -5.225482e-02 -1.230501e+00 1.436150e+00 -7.627816e-01 1.396565e-01 6.844676e-02
5.574580e-01 7.252675e-01 -5.005027e-01 -1.483859e-01 2.340646e+00 -4.626168e-01 5.341878e-01 3.291765e+00 -6.121420e-01 3.770897e+00 3.148645e-01 2.050486e+00
1.879250e-01 -3.763819e-02 1.624626e+00 -4.177128e-01 6.229645e-01 8.234903e-01 -1.128009e+00 -1.330459e-01 -8.876947e-01 4.355851e-01 5.125239e-01 -2.234734e+00
-5.561058e-01 1.258027e+00 -5.137949e-01 2.649107e-02 7.249683e-01 -2.683104e+00 -2.890557e-01 1.648997e+00 -2.405321e+00 2.819394e+00 -1.011523e+00 1.173253e+00
-2.733072e+00 -3.582239e-01 -1.923720e+00 -7.984800e-01 2.066942e+00 3.037547e+00 9.447469e-01 2.768831e+00 4.296571e+00 1.922812e+00 2.065609e+00 1.388736e+00
-5.568180e-02 -6.703893e-01 3.332897e-01 3.801837e-02 4.982555e-01 -5.133177e-01 1.177986e-01 -1.954931e+00 3.722981e+00 -2.466927e-01 -5.277038e-02 -8.828050e-01
1.684942e+00 1.625208e+00 1.781669e+00 2.676053e+00 1.457334e+00 1.814721e+00 -1.503042e-01 -1.543609e+00 -2.801143e-01 -2.493476e-01 -5.311372e-02 -1.826789e+00
-1.095512e-01 -1.845983e+00 1.111208e+00 -1.283230e+00 -1.123797e+00 -2.847864e+00 2.623045e+00 -1.888509e+00 4.468138e-01 5.381853e-01 -3.776157e-01 7.885866e-01
2.002546e+00 -1.594994e+00 9.913979e-01 -1.847932e+00 -2.435839e-02 -2.543348e+00 1.161738e+00 -2.453482e+00 -4.475806e+00 7.439375e-02 -2.223074e-01 1.380936e+00
8.145142e-02 -1.197657e+00 7.066818e-01 -1.737384e+00 -1.565056e+00 -2.157563e+00 2.057039e+00 -1.963797e+00 2.456913e+00 -3.714056e-02 2.134775e-01 -3.479597e-01
7.558009e+00 -5.517530e+00 5.842869e+00 -1.128988e+00 -6.195039e+00 -2.900373e+00 -3.750595e+00 -2.581206e+00 -1.208192e+00 -4.646283e+00 4.909891e-01 -1.561603e+00
3.758564e+00 -1.512047e+00 1.639487e+00 -1.832043e+00 -3.276358e-01 -9.026041e-01 -2.211812e+00 -1.926423e+00 -6.186183e+00 -2.611909e+00 1.018919e-01 1.170567e+00
-5.092611e-01 2.090516e+00 -4.706761e-01 1.421746e+00 1.001083e+00 -2.847057e+00 -3.705006e-01 -4.344150e-01 -1.918052e+00 2.025199e+00 -1.760960e+00 8.834861e-01
2.401250e+00 -1.048357e+00 3.094573e+00 -2.409902e-01 -8.042333e-01 -2.131370e+00 -2.741374e+00 -2.196489e+00 -2.392267e+00 -1.364391e+00 -9.219230e-01 -2.243868e+00
6.081026e+00 -3.440016e+00 4.616508e+00 -4.325981e-01 -3.824639e+00 -3.614907e+00 -3.639801e+00 -3.304397e+00 -1.899083e+00 -3.487701e+00 -1.030151e+00 -1.441597e+00
-2.569027e+00 2.767914e+00 -2.750925e+00 5.241615e-01 4.310737e+00 2.772576e+00 -1.029421e+00 -1.615548e+00 3.892518e+00 -2.189587e+00 1.853930e+00 3.655996e+00
2.412217e+00 -1.979056e-01 -1.422167e-01 2.687922e+00 9.719161e-01 1.170578e+00 1.736833e+00 1.591885e+00 3.625990e+00 1.307842e+00 -3.055184e-01 -1.671709e+00
4.495782e+00 -2.125944e+00 9.109128e-01 -8.848592e-01 -1.591823e+00 -9.394524e-01 -3.163707e+00 -9.114193e-01 -3.435373e+00 -4.041039e+00 -1.556766e+00 4.670402e-01
-2.671389e-01 3.541402e+00 -9.551085e-01 3.193340e+00 1.532708e+00 -1.773605e+00 3.142479e-01 -4.408835e+00 -2.581833e-01 -1.310536e+00 -2.480513e+00 1.039739e+00
3.242447e+00 -1.604443e+00 -6.166180e-01 2.313029e+00 -4.615201e-01 2.161866e+00 1.782962e+00 3.091655e+00 4.224307e+00 3.385161e-01 -4.629809e-01 -1.809896e+00
-1.561078e+00 4.994774e+00 -2.610064e+00 2.701983e+00 5.044673e+00 1.518377e+00 -2.121213e+00 -5.136156e+00 2.786773e+00 -3.495905e+00 1.773358e-01 3.971339e+00
4.835790e+00 -2.573449e+00 -7.354427e-01 5.460187e-01 -1.054798e+00 5.250921e-01 -8.855367e-01 1.705670e+00 5.206980e-01 -2.838175e+00 -4.295815e-01 -1.789267e-02
-6.495396e-01 5.504342e+00 -1.722985e+00 4.500908e+00 4.179747e+00 -2.985954e-02 -1.383379e+00 -6.559099e+00 1.441189e+00 -3.643849e+00 -1.167336e+00 3.328583e+00
