5.732157e+00 8.777661e-01 8.949541e-01 9.032180e-02 -3.250270e+00 -2.438756e+00 9.769706e-02 -6.097322e+00 -5.590306e+00 -1.014293e+00 -1.029928e+00 -1.515777e+00
4.079522e+00 -6.294833e-01 -8.237259e-01 6.719534e-01 -1.967421e+00 -1.204228e+00 1.706928e+00 -4.422677e+00 -4.927438e+00 -7.534075e-01 -1.658794e+00 -1.367415e+00
5.604464e+00 2.149402e+00 8.424843e-01 -2.198156e+00 -3.717149e+00 -1.758207e+00 -1.632478e+00 -6.691512e+00 -6.317469e+00 -1.612765e+00 -1.888486e+00 -2.508848e+00
1.025927e+00 -4.803595e-01 1.405006e+00 7.694632e-01 -2.254076e-02 8.172685e-01 2.327271e-01 -2.070980e+00 -9.791719e-01 -9.048079e-01 -2.101710e+00 -2.176228e+00
3.207912e+00 1.997724e+00 1.494427e+00 -3.056932e+00 -2.160572e+00 -5.443090e-01 -4.461751e+00 -5.028216e+00 -4.789478e+00 -1.911605e+00 -2.016446e+00 -3.355859e+00
-1.906260e+00 -4.316017e+00 -3.646067e+00 1.873802e-01 -1.270979e+00 4.305408e+00 1.804667e-01 2.469656e+00 3.276826e+00 -2.932917e+00 -3.000839e+00 -2.216514e+00
-2.315147e+00 -4.719122e+00 -3.053785e+00 -1.112640e+00 -2.129903e+00 3.261868e+00 -9.153013e-02 5.311196e+00 4.836380e+00 -4.654023e+00 -3.308332e+00 -2.990355e+00
-7.587410e-01 2.520499e+00 -7.873619e-01 9.870046e-01 -7.108140e-02 -6.209126e-01 1.862324e+00 -1.028042e+00 9.926863e-01 -1.572836e+00 1.275642e+00 -8.389420e-02
-1.126385e+00 1.113042e+00 -9.551469e-02 1.306876e+00 -1.390079e+00 -7.028425e-01 -5.414364e-01 -7.958882e-02 2.264134e-01 4.059971e-01 -1.509516e-01 5.594542e-01
-1.582921e+00 -2.533310e-01 -4.629365e-01 5.180207e-01 -1.901939e+00 -6.849436e-01 -8.521932e-01 5.551256e-01 6.444983e-01 -4.001972e-01 -2.420757e-01 6.221162e-01
-7.899093e-01 -2.514044e+00 -2.738262e+00 1.269393e+00 7.696444e-01 3.387366e+00 -4.546875e-01 -1.622592e+00 9.497439e-01 -6.749595e-01 -1.025806e+00 -1.635533e-01
-1.944950e+00 -3.939576e+00 -1.625325e+00 -1.050564e+00 -1.904907e+00 1.502959e+00 -8.460001e-01 6.523089e+00 5.064589e+00 -4.712323e+00 -2.694856e+00 -2.068158e+00
5.003555e-01 -7.765417e-01 1.608249e+00 8.384309e-01 2.326299e-01 1.622621e+00 1.450727e-01 7.029152e-02 9.458205e-01 -2.333139e-01 -3.527865e-01 -1.382982e+00
1.728066e+00 -1.533603e+00 -1.077686e-01 -5.220469e-01 1.712526e+00 2.406061e-01 -2.593535e+00 -3.023755e+00 1.358606e-01 -4.962043e-01 -1.625901e-01 -2.051877e+00
5.980644e-01 -1.969643e+00 -7.075163e-01 -5.893413e-01 2.395800e+00 2.482703e-01 -6.607827e-01 5.897217e-01 4.919512e-01 1.276362e+00 9.301019e-01 -8.129582e-01
-2.452918e-01 -1.375196e+00 -1.778804e+00 1.178386e+00 2.015168e+00 1.993558e+00 -1.347206e+00 -3.108791e+00 7.015585e-01 5.246588e-01 -4.918169e-01 4.803824e-01
-1.734472e+00 -1.724569e+00 7.569109e-01 -2.058358e+00 -1.454016e+00 1.048470e+00 2.641993e+00 4.235830e+00 3.834912e+00 2.435252e+00 -3.398196e-01 3.960389e+00
-1.133860e+00 -5.653893e-01 1.926780e-02 -6.863905e-01 4.586244e-01 -3.111985e-01 1.946374e+00 1.669179e+00 1.870865e+00 1.650131e+00 8.542576e-02 2.269369e+00
8.212767e-02 -9.439065e-01 -1.101858e+00 1.002726e+00 2.121800e+00 1.513554e+00 -8.911877e-01 -3.096657e+00 1.663149e+00 9.717909e-01 3.737291e-01 9.852915e-02
2.760458e-01 1.062322e+00 1.815462e+00 -2.065084e+00 1.941470e-01 7.545818e-01 -4.012998e+00 -2.311002e+00 -1.720158e+00 -8.247111e-01 -1.670839e+00 -1.601127e+00
-1.240407e+00 -2.138515e+00 -4.400396e-02 -5.380305e-01 -6.970509e-01 -2.007785e-01 -1.741530e+00 5.587540e+00 2.874527e+00 -2.726182e+00 -1.415269e+00 -9.204720e-01
1.332120e+00 1.624489e-03 2.994041e-01 -1.728821e-01 7.093159e-01 -2.098376e-01 -2.691370e+00 -2.785571e+00 -7.637428e-01 -1.039505e+00 -5.500876e-01 -1.740069e+00
1.308375e+00 1.825365e+00 -8.331825e-01 -1.623640e+00 -8.965988e-01 -9.377077e-01 1.642572e+00 -1.630832e+00 1.405901e+00 -2.142404e+00 1.201308e+00 8.977705e-01
1.125490e-01 -5.801893e-01 -1.037245e+00 7.447281e-01 1.810399e+00 1.223388e+00 -1.658027e-01 -2.554578e+00 1.401163e+00 7.939440e-01 7.674023e-01 -4.083473e-01
3.980397e-01 4.249830e-01 7.717723e-01 2.272596e+00 -3.580997e-01 -1.155390e+00 1.774411e+00 -1.902158e+00 -1.439827e-01 8.910803e-01 -1.912400e+00 1.715607e+00
-2.697545e-01 -4.428181e-01 1.961620e-01 1.826830e-02 7.816816e-03 -1.012389e+00 6.446484e-01 -1.376810e-02 -3.653840e-01 1.117889e-01 -1.232733e+00 1.240688e-01
-1.277255e-01 -1.229858e-01 2.963711e-01 -8.179917e-02 5.144256e-01 -9.046246e-01 7.458801e-01 4.206429e-02 -9.812827e-02 5.205402e-01 -7.023284e-01 1.331280e-01
-1.934850e-01 -6.391068e-02 5.116346e-01 6.982642e-01 -4.174798e-02 -7.298903e-01 8.739665e-01 1.081073e+00 9.758592e-02 3.865091e-01 -5.295199e-01 5.532020e-01
-2.448895e-01 1.262453e-02 1.858472e-01 2.143611e-01 8.339489e-01 -9.687815e-01 -1.225567e+00 4.226582e+00 3.397064e-02 -1.067107e+00 3.567333e-01 -1.087818e-01
-1.078243e-01 -1.545258e-01 -1.067767e-01 -1.674160e-01 -4.860239e-02 -1.576539e+00 1.907892e-01 -2.647525e-01 -4.808342e-01 -5.220528e-02 -9.382421e-01 -4.918900e-01
3.513584e-01 5.383195e-01 -1.004602e-01 2.436850e+00 2.019413e+00 -5.598801e-01 1.276054e+00 -1.655171e+00 -7.818769e-01 -6.077881e-02 7.707671e-01 1.067737e+00
1.057228e+00 1.634746e+00 -2.096920e+00 1.576092e+00 3.886260e+00 -3.486462e+00 -1.238204e-01 -6.768881e-01 -4.316889e-01 -2.407841e+00 3.921429e+00 3.640089e-01
-8.475830e-02 -3.119091e-01 -1.267229e+00 2.527630e-01 1.521678e+00 6.678963e-01 -2.256661e-02 -2.155255e+00 4.662393e-01 5.353583e-01 3.440852e-01 -1.327144e+00
8.488536e-03 -1.198206e-01 -2.053197e-01 -3.753931e-01 2.094808e-02 -1.382290e+00 -3.287643e-01 -5.749090e-01 -5.983157e-02 -6.182375e-01 -4.558542e-01 -7.644150e-01
-4.907719e-01 4.338732e-01 2.182453e-01 1.807185e-01 7.713374e-01 -2.811743e-01 2.000386e-01 2.333439e+00 1.388597e-01 -8.255990e-01 3.164491e-01 -1.401866e-01
-3.547707e-01 -4.887878e-01 3.468293e-01 1.098013e-01 -6.421012e-01 -1.554421e+00 6.707621e-02 7.531539e-01 -8.179052e-01 -7.186920e-01 -9.773388e-01 2.749104e-01
-1.047515e-01 3.782950e-02 5.105581e-01 6.049148e-01 4.033156e-01 1.087618e+00 6.197600e-01 -2.921688e-01 6.612791e-01 1.486795e+00 1.270697e+00 -4.558648e-01
6.890937e-01 1.085715e+00 9.601395e-01 2.702788e-01 1.329677e-01 -2.977917e-01 5.174738e-01 -3.791001e-01 -1.144184e+00 4.292701e-01 3.724675e-01 -1.578210e-01
3.411390e-01 1.394194e-01 -2.338276e-01 1.067431e-02 2.654018e-01 -6.504092e-01 -4.878909e-01 -1.926750e-01 6.581536e-01 -1.537075e-01 -1.214731e-01 -5.374527e-01
-1.468954e-01 3.351064e-01 8.925968e-01 4.234222e-01 3.666112e-01 6.588078e-01 -3.979316e-02 -1.456445e+00 6.033706e-03 1.364862e+00 8.555958e-01 -6.308688e-01
1.342867e-01 -3.650742e-02 -9.224586e-01 4.860656e-02 1.539806e+00 8.489242e-01 2.870822e-01 -1.366134e+00 9.865268e-01 2.191643e-01 6.054932e-01 -1.314522e+00
6.233144e-01 7.200200e-01 8.833814e-02 -5.127810e-01 2.152439e-01 -1.330217e+00 -3.796107e-01 -2.013679e-01 -6.568177e-01 7.650167e-01 -2.643542e-01 -4.351205e-01
5.653036e-01 -6.683274e-02 -4.421945e-01 7.469706e-02 4.163271e-01 5.559216e-02 -5.506240e-01 -2.257680e-01 8.093694e-01 1.576279e-01 -5.371135e-01 -6.318644e-01
7.908192e-02 -5.335495e-01 -1.041649e-01 -1.066369e-02 -9.383034e-01 5.525770e-01 -5.373822e-01 6.166625e-01 5.536866e-01 6.400961e-01 -2.000231e-01 6.563737e-01
-2.349816e-01 -4.257830e-01 -1.259994e-03 -6.874948e-02 -7.659055e-01 6.059192e-01 2.259450e-01 8.683659e-01 8.400779e-01 6.248859e-01 6.583871e-01 1.450175e+00
-1.697504e-01 -1.023648e-01 7.339425e-01 7.958338e-02 -5.522995e-01 5.320147e-01 -1.546517e-01 5.044284e-01 1.342125e+00 -8.897066e-02 -2.783972e-01 7.657180e-01
-3.703641e-01 3.525350e-02 6.840243e-01 4.789689e-02 2.346499e-01 4.660738e-01 -6.456014e-01 -7.163111e-01 1.775050e+00 4.505602e-01 -1.929410e-01 5.869271e-02
-2.064806e-01 -1.861955e-01 6.078815e-02 4.789489e-02 1.347217e-01 -9.941088e-01 7.027993e-02 -2.210040e-01 4.319760e-01 -4.241225e-01 -5.850104e-01 -7.136152e-01
2.155697e-01 1.665353e-01 -1.035653e-01 -1.066863e-01 -2.379303e-01 -3.040805e-01 3.061967e-01 -8.644675e-01 -9.261275e-03 5.121972e-02 -8.685509e-01 -2.642832e-01
6.774651e-01 8.198179e-01 -6.528399e-02 -1.901117e-01 -1.217352e+00 -3.624971e-02 8.803730e-02 -1.716614e+00 -1.051454e+00 -8.267494e-01 -1.916983e-01 3.068878e-01
6.422098e-01 9.521726e-01 2.700731e-01 -1.422153e-01 -8.448175e-01 -7.475021e-01 -1.121819e+00 -1.013659e+00 -1.374127e+00 -2.247465e+00 -6.954954e-01 -4.288781e-01
-2.391139e-01 2.414188e-01 1.199093e-01 -3.521132e-01 1.914568e-01 1.483683e-01 -1.176335e+00 -4.290269e-01 -5.541849e-03 -2.853444e-01 3.312710e-01 8.627246e-01
-7.101094e-01 -9.292929e-01 -5.327105e-01 1.745690e-01 1.204382e+00 3.844253e-01 2.702163e-01 2.009947e+00 9.661204e-02 1.049232e+00 1.122341e+00 2.529216e-01
-6.338249e-01 1.820818e-01 5.981097e-02 1.310080e-01 6.889267e-02 5.539576e-01 1.432516e+00 8.386423e-01 1.471043e+00 6.957684e-01 7.186791e-01 -7.734414e-01
-8.039961e-01 -2.704390e-01 4.125691e-03 -1.448074e+00 -5.750655e-01 -1.127754e+00 -7.272222e-01 -6.483748e-01 9.807246e-01 -4.699957e-01 5.138266e-01 -5.446356e-01
-8.434839e-01 -6.265224e-01 -1.744544e-01 4.954595e-02 -5.057163e-02 -1.511909e+00 -6.428298e-01 5.078904e-01 1.217733e+00 -8.292778e-01 -7.670283e-02 -8.068781e-01
-3.631564e-01 -1.170171e+00 4.442407e-01 5.984635e-01 1.593375e+00 2.615666e-01 6.903974e-01 1.162148e+00 -4.688698e-01 1.409488e-01 9.636291e-01 5.935084e-01
-3.017937e-01 -4.286723e-01 -4.122905e-01 4.557531e-01 5.499072e-01 1.507607e+00 -2.110920e-01 1.111211e+00 1.747640e+00 -1.464185e-01 -4.239681e-01 3.902466e-02
-2.699618e-02 9.241595e-02 -1.289316e-01 1.479405e-01 -9.154298e-02 9.758854e-01 1.135464e-01 9.094122e-01 9.456571e-01 -4.360342e-02 -9.485556e-01 -9.466268e-01
4.355985e-01 9.010524e-01 3.290549e-01 9.353897e-01 1.984033e-01 2.568085e-02 1.356982e-01 -8.283305e-01 -5.774614e-01 7.178076e-01 -4.731649e-01 -5.908760e-01
1.186831e-01 -7.031555e-02 1.002645e-02 -8.256087e-01 1.289308e-01 -7.421410e-01 -4.457961e-01 3.552040e-01 2.397126e-01 -6.450264e-01 -1.182744e+00 -4.573441e-01
-6.639102e-01 -8.096836e-01 -2.596903e-01 3.989263e-01 1.549498e-01 4.730084e-01 3.051286e-01 9.158432e-02 2.140138e-01 6.075388e-01 2.178523e+00 8.209597e-01
1.609316e-02 2.798530e-01 8.079459e-01 4.913506e-01 2.444546e-01 3.166651e-01 -8.194351e-01 -2.044456e+00 -5.544302e-01 9.045624e-01 7.469937e-01 -1.704480e-01
-2.861261e-01 -6.911438e-01 1.934385e-01 -2.151982e-01 -1.642806e+00 -1.781115e+00 -1.166724e+00 9.072064e-01 -2.167273e+00 -1.201879e+00 -1.119890e+00 4.186092e-01
-2.782837e-01 -2.057948e-01 2.939841e-01 -3.625725e-01 -5.174188e-01 -1.925938e-01 -5.097591e-01 -9.839053e-01 3.987359e-01 -7.171978e-01 1.251936e-01 -2.688258e-01
-1.435547e-02 -4.920443e-01 -5.727137e-01 -3.011575e-01 1.269658e-01 2.551684e-02 -9.063834e-01 6.129084e-01 4.128776e-01 -1.455035e+00 -6.971509e-01 -2.897685e-01
-1.497384e-01 -1.220870e-01 -4.132574e-01 -1.170635e-01 2.734936e-01 1.120646e+00 -5.626005e-01 -1.626714e+00 -2.602600e-01 8.010918e-01 8.866485e-01 1.136029e+00
-4.356331e-01 -3.584242e-01 -7.441114e-01 -3.951245e-01 -3.899676e-01 -2.051109e-01 -1.349181e+00 -3.617433e-01 1.275579e+00 -1.873940e-01 2.000794e-01 -8.793630e-02
-3.018610e-01 -8.049623e-01 -1.536812e+00 -2.791295e-01 -2.304266e-01 7.938921e-01 -4.976317e-02 2.372522e-01 2.762986e-01 -5.923806e-01 7.464780e-01 8.814047e-01
6.154060e-04 -1.162983e+00 1.780973e+00 1.514335e+00 1.508763e-01 1.618422e+00 1.616753e+00 -6.747686e-01 2.283590e+00 9.313573e-01 5.596648e-01 -4.458589e-01
-8.703306e-01 2.074797e-01 1.253433e+00 1.952670e-01 -1.993058e-01 9.290107e-01 4.245060e-01 -1.424351e+00 5.694345e-01 8.255658e-01 1.839733e-01 -3.200473e-01
4.911054e-01 3.444786e-02 -8.943256e-01 -2.264524e-01 7.294062e-01 4.812012e-02 -4.951273e-01 -1.028332e+00 8.346548e-01 -1.378210e-01 -4.726291e-01 -1.024607e+00
3.279583e-01 5.499763e-01 1.188123e+00 3.011037e+00 -1.779123e+00 -2.244777e+00 1.709176e+00 -9.075101e-01 8.159775e-01 -9.576391e-01 -3.656216e+00 2.210626e+00
-7.469214e-01 4.786738e-01 1.439705e+00 -3.482118e-02 4.776551e-01 1.547059e+00 5.907618e-01 -6.321381e-01 1.173676e+00 1.423344e+00 -9.969260e-01 -1.022892e+00
2.747743e-01 1.051502e-02 -1.150686e+00 -2.202780e-01 9.380903e-01 2.654969e-01 -3.582633e-01 -1.272023e+00 5.701994e-01 -1.433105e-01 -3.582301e-01 -1.350416e+00
7.346360e-02 -7.554741e-02 9.883539e-01 -2.285237e-02 -1.073054e+00 -8.197039e-01 -7.435216e-01 1.578326e+00 -1.985814e+00 -1.774677e-01 -1.350094e-01 2.534855e+00
1.769261e+00 2.113838e+00 -2.834327e+00 1.518729e+00 5.104576e+00 -4.100049e+00 -8.480290e-01 -7.012733e-01 -5.536486e-01 -3.745934e+00 6.806390e+00 -6.806221e-02
-5.641912e-01 -1.062793e+00 5.805306e-01 8.952063e-01 1.273438e+00 6.288257e-01 1.538532e+00 2.304906e+00 2.201296e+00 7.627330e-01 2.674419e+00 9.595219e-01
-1.568660e-01 1.580633e-01 5.946321e-02 3.119172e-01 1.268147e+00 1.217285e-01 4.745726e-01 6.362383e-01 8.460073e-01 4.575007e-01 1.232293e+00 6.549484e-01
-5.576110e-01 -1.140020e-01 9.247687e-02 1.985230e+00 1.337740e+00 1.539218e+00 1.254286e+00 1.971993e+00 2.448834e+00 1.279005e+00 2.493429e+00 6.816944e-01
-8.023410e-01 1.295548e+00 1.335716e+00 8.905569e-01 1.444155e+00 1.759305e+00 3.764792e-01 2.150038e-01 1.467492e+00 2.480440e+00 -1.469662e+00 -6.415626e-01
3.868090e-02 1.779915e-01 9.009649e-01 -6.560540e-01 -1.705959e+00 -1.390605e+00 -5.207705e-01 7.423081e-01 -2.772591e+00 -1.007161e+00 -4.624855e-01 2.573959e+00
2.231770e-02 8.102044e-01 5.700045e-01 7.623702e-01 -3.907403e-01 9.346682e-01 -2.219779e-01 -4.024848e-01 -1.964711e-01 -2.538087e-02 -1.281922e+00 -1.051562e-01
-1.667762e-02 -6.858177e-01 1.212272e+00 1.823251e+00 1.321920e+00 7.248076e-01 1.659846e+00 -5.173855e-02 2.411721e+00 1.545775e+00 2.283643e+00 9.496852e-01
1.906031e+00 2.099525e+00 -1.852644e+00 1.094991e+00 4.456361e+00 -3.355977e+00 -1.646848e+00 -1.241593e+00 -1.489288e+00 -3.100317e+00 6.374146e+00 6.709711e-01
-4.382520e-01 -5.210700e-01 -1.091605e+00 -1.404853e+00 -5.018308e-01 -1.319828e+00 -1.670946e-01 2.448082e-03 -1.184192e-01 -6.079196e-01 -2.979038e-01 -8.211518e-03
-5.824980e-01 1.743636e+00 2.622371e-01 3.014897e-01 1.576524e+00 1.224986e+00 -1.284450e+00 -6.556534e-01 1.627676e+00 1.966834e+00 -2.257048e+00 -2.169549e-01
-7.507654e-01 -1.053670e+00 5.887699e-01 1.892145e+00 9.088928e-01 5.214731e-01 -7.706681e-01 1.477982e+00 -6.990770e-01 7.347507e-01 -9.286984e-02 -8.120272e-01
5.175805e-01 1.639640e+00 2.168027e+00 -1.057628e+00 2.471489e-01 1.890565e+00 -8.659495e-01 -3.170563e-01 -2.237182e+00 3.153698e+00 1.631718e-01 1.684378e-01
1.718857e-01 1.966586e+00 1.897346e+00 -1.606698e+00 -4.218359e-01 2.017747e+00 -8.632731e-02 -5.005948e-01 -1.715941e+00 2.688883e+00 7.364950e-02 -1.391785e+00
-1.611452e-01 1.731991e+00 1.867411e+00 -2.403919e+00 -1.080985e+00 1.582683e+00 2.454455e-01 -6.773496e-01 -2.468845e+00 2.277869e+00 -1.325570e-01 -1.995081e+00
-2.033715e+00 -2.605145e+00 1.383841e+00 -1.816249e+00 -1.740578e+00 2.711864e+00 2.835416e+00 5.273829e+00 5.520976e+00 2.890985e+00 8.808990e-01 4.416308e+00
-9.684520e-01 1.427365e+00 5.331891e-02 9.374716e-01 -2.874624e-01 1.865123e+00 3.971655e+00 3.366329e+00 7.518144e-01 2.605099e+00 7.265533e-01 1.205787e+00
1.568281e+00 1.728340e+00 -1.594188e-01 5.075524e-01 2.871006e+00 -1.192842e+00 -1.619216e+00 -1.389891e+00 -2.797913e+00 -4.558724e-01 4.017267e+00 7.893505e-01
-1.898620e-01 1.121544e+00 1.183465e+00 -5.906191e-01 -2.308524e+00 -5.612749e-01 5.873947e-01 1.532125e+00 -2.766578e+00 -7.119076e-01 -3.903461e-01 1.944109e+00
-1.979850e-01 1.778635e+00 2.151348e+00 -2.751507e+00 -1.373369e+00 1.561252e+00 1.202993e+00 -1.850662e-02 -3.420863e+00 2.168936e+00 5.457523e-01 -1.937608e+00
-3.769000e-01 2.010965e+00 -5.096789e-01 2.155204e-02 1.290469e+00 4.901161e-02 -9.366930e-01 5.709934e-02 1.452925e+00 1.500814e+00 -1.765460e+00 -2.587106e-01
1.043025e+00 1.089296e+00 1.327314e+00 -3.709491e-01 1.034674e+00 1.239697e+00 -1.560103e+00 -1.098788e+00 -3.014785e+00 1.931108e+00 1.299404e+00 3.104568e-01
9.729545e-01 3.554118e-01 -1.509344e+00 -2.187088e-01 8.933840e-02 -1.038306e+00 -1.244884e+00 -1.144090e+00 -2.077590e-01 -2.364021e+00 2.751499e-01 8.052568e-02
-2.016861e-01 1.919283e+00 1.929909e+00 -9.650539e-01 -1.811648e+00 4.382061e-01 2.280019e+00 2.501208e+00 -2.641120e+00 2.227120e-01 2.929476e-01 1.158778e+00
-1.882878e-01 1.773001e+00 2.374120e+00 -2.632447e+00 -1.691816e+00 1.733531e+00 1.591061e+00 1.165755e+00 -3.516767e+00 1.508446e+00 1.052613e+00 -1.454137e+00
-1.285281e+00 1.928904e+00 3.587145e-01 1.660161e+00 -9.712517e-01 3.251228e+00 4.561766e+00 3.964221e+00 7.050352e-01 2.620535e+00 2.860267e-01 2.462039e+00
-2.510545e-01 -5.795608e-02 3.509386e-01 3.231790e+00 -1.856001e+00 -2.729268e+00 1.127020e+00 -9.753104e-02 1.191985e+00 -1.229613e+00 -4.506639e+00 5.753161e-01
-3.070436e-01 1.677382e+00 2.097250e+00 -1.962695e+00 -2.376754e+00 1.020535e+00 1.708309e+00 2.048061e+00 -3.596460e+00 2.129351e-01 7.557081e-01 -8.594392e-01
-4.789170e-01 2.108369e+00 -6.588890e-01 4.231720e-01 4.994503e-01 -3.093764e-02 7.887239e-01 8.875762e-01 9.465806e-01 1.767980e+00 1.197640e+00 2.762350e-01
1.236403e+00 1.382971e+00 -9.885750e-01 8.042994e-01 5.423738e-01 -3.454092e-01 -2.200896e+00 -2.011676e+00 -2.031137e+00 -2.755391e+00 2.447575e-01 -1.049272e+00
9.865751e-01 -2.275051e+00 1.146884e+00 3.422079e-02 -1.549284e+00 -4.379694e-01 -2.225494e+00 1.229536e+00 -3.168646e+00 1.053143e+00 -2.429222e+00 8.225850e-01
1.886993e+00 -1.979183e+00 3.287758e-01 -1.303611e+00 -1.303870e+00 -2.749363e+00 -1.766473e-01 4.789939e-01 -4.001259e+00 -2.305012e+00 -1.904693e+00 2.373537e+00
-4.066417e-02 2.164003e+00 -2.302553e-01 1.127714e+00 1.342995e+00 3.042698e-04 -3.160665e-01 2.671515e-01 1.889320e-01 1.324642e+00 2.919503e+00 -1.028247e+00
2.869805e+00 -5.580233e-01 -5.971606e-01 -2.720102e+00 -2.159519e-01 -2.156905e+00 1.884809e+00 -2.257327e-01 -1.548064e+00 -2.310825e+00 4.772645e-01 1.967478e+00
1.228086e+00 2.198603e+00 -8.219255e-01 1.892188e+00 1.536834e+00 -4.012968e-01 -1.254290e+00 -1.088641e+00 -1.663283e+00 -1.249474e+00 1.213254e+00 -1.208432e+00
4.176756e-01 2.431460e+00 -3.092721e-01 2.082518e+00 2.033566e+00 -7.136963e-02 -1.981674e-01 8.064544e-02 -9.392695e-02 1.057512e+00 3.620753e+00 -2.169147e-01
-1.885938e+00 -2.300389e+00 8.955811e-01 -2.281629e+00 -5.719932e-01 3.100266e+00 2.233313e+00 4.910726e+00 6.747685e+00 3.475445e+00 2.097991e+00 4.757610e+00
-1.063546e+00 -1.824148e-01 -6.406649e-01 2.068699e+00 -1.098998e+00 -1.960166e+00 4.828017e-01 2.658769e-01 1.225734e+00 -8.139990e-01 -3.981637e+00 6.877251e-02
-1.924392e+00 -6.508999e-01 -7.501708e-01 1.567855e+00 1.487063e+00 8.103899e-01 1.827497e+00 6.569564e-01 2.154292e+00 1.738695e+00 -1.424833e+00 4.020705e-01
-2.214998e+00 -2.068284e+00 -6.930126e-01 -1.767180e+00 3.012771e-01 2.593459e+00 1.940099e+00 2.869214e+00 4.719436e+00 3.669827e+00 8.904433e-01 2.354886e+00
