3.203571e-01 -2.475490e+00 2.510231e+00 -2.998978e+00 -2.569689e+00 -5.147643e-01 -1.331330e+00 -2.225380e+00 -9.635094e-01 -1.982626e+00 -3.176613e+00 5.680593e-01
7.107129e-01 -3.273080e+00 -1.127919e+00 -2.599812e+00 -9.489387e-01 -8.677902e-01 -2.447609e+00 -2.852588e+00 -1.582803e+00 -1.843109e+00 -2.357257e+00 -6.620031e-01
2.838058e-01 -1.222585e+00 -1.279980e+00 -7.585128e-01 -5.269532e-01 -6.825216e-01 -6.788479e-01 -1.051902e+00 -1.760861e+00 -1.429387e+00 -4.009453e-01 -1.849027e-01
-2.395128e+00 -1.083224e+00 1.262534e+00 1.328190e+00 -1.552419e+00 -2.062004e+00 -8.660246e-01 8.017163e-01 1.376746e-01 -2.176152e+00 -2.188891e+00 -2.835824e+00
4.273044e+00 -3.258685e+00 -4.592418e+00 -1.153587e+00 -1.352974e+00 -4.915251e+00 -4.919969e+00 -4.962892e-01 -1.558256e-01 -1.964140e+00 1.030831e+00 1.317702e+00
1.262422e+00 -8.146450e-01 5.877473e+00 1.539266e+00 -2.704914e+00 1.195161e+00 -8.869039e-01 -5.236025e-01 1.570788e+00 -1.435986e+00 -2.613451e+00 -3.175506e-01
1.738480e+00 -2.143680e+00 -1.917496e+00 1.989906e+00 -2.037832e+00 -5.448966e-02 -3.625811e-01 3.826698e-01 -5.547210e-01 7.949629e-01 5.635595e-01 1.763267e+00
-1.526574e+00 -1.377043e+00 1.387873e+00 2.368311e+00 -1.619940e+00 -1.552719e+00 2.574381e-01 3.030291e-01 9.187334e-01 -1.125409e+00 -1.531028e+00 -1.504178e+00
1.093356e+00 -1.648076e+00 -1.110542e+00 3.556602e+00 -7.543024e-01 2.262649e+00 7.358082e-01 5.114930e-01 -7.886738e-01 -3.985063e-01 -1.087970e+00 9.831148e-01
2.616652e+00 -9.987747e-01 -2.413624e+00 -9.733725e-01 -1.178036e-01 8.424740e-02 -3.486890e+00 5.784021e-02 2.428958e+00 -1.005901e+00 2.570216e+00 -6.613177e-01
-5.133728e-01 -2.460929e+00 2.484386e-02 1.756635e+00 -2.349632e+00 -1.590461e+00 -4.111801e-01 -7.974193e-01 -1.698685e-02 -1.105853e+00 1.793807e-01 -3.872971e-01
-8.250271e-01 -1.006594e+00 2.168476e+00 -4.080975e-02 -1.104227e+00 -3.388095e+00 -1.516638e-01 4.583587e+00 -2.102516e+00 -2.080381e+00 2.021832e+00 -1.025848e+00
-4.887014e-01 -4.945217e-01 1.566499e+00 -3.111324e-01 -2.692175e-02 -2.979674e+00 -2.065140e+00 6.548399e+00 -1.938665e+00 -2.316188e+00 2.558286e+00 -1.151177e+00
-9.033569e-01 -5.347549e-01 -1.958839e-01 -8.615340e-02 -9.552383e-01 -4.927719e-01 -7.963200e-01 -2.573381e-01 -4.562867e-01 3.527494e-01 8.679407e-01 -8.680027e-01
1.383472e+00 -5.271662e-01 -5.311639e-01 1.361217e-01 -2.698565e+00 -2.871375e+00 2.568283e-01 -1.206613e-02 -2.405101e+00 -2.055905e+00 -1.197052e+00 -6.586153e-01
9.310080e-01 -7.041931e-03 -1.501165e-01 -1.570275e+00 2.858839e-01 1.019742e+00 -2.389407e+00 1.911989e+00 2.814035e-02 -1.272024e+00 4.374221e+00 -2.184273e+00
2.237347e-01 1.238346e-04 -5.166929e-01 -1.120709e+00 -1.559020e+00 4.804324e-01 1.080993e+00 -9.764824e-01 -3.182225e-01 2.130946e+00 1.911796e+00 3.177577e+00
-1.286583e-01 6.552792e-02 9.907832e-01 -1.441967e+00 6.728165e-01 -5.932596e-01 -2.891200e+00 4.697053e+00 -9.276053e-01 -2.018290e+00 3.436979e+00 -1.504384e+00
5.593470e+00 -3.277976e+00 -3.828638e+00 2.984347e+00 -1.507535e+00 -6.122214e+00 -5.362510e+00 -4.231677e-02 -2.102971e+00 -1.591599e+00 -6.555586e-02 6.115879e-01
-2.977808e-01 1.070568e+00 6.593800e-01 1.278140e+00 8.958719e-01 -9.293041e-01 5.039937e-02 2.402014e-01 1.128634e+00 -1.592364e+00 -9.574343e-01 -2.347275e+00
-9.838840e-01 -7.513226e-01 3.106511e+00 1.762211e-02 -1.635797e+00 -7.466543e-01 2.611027e+00 1.675167e+00 -1.183830e+00 1.021933e-01 2.377844e+00 -1.128076e+00
7.479531e-01 -7.875773e-01 -7.365928e-01 -1.093959e+00 -1.639017e+00 -2.696389e+00 -9.439377e-01 -8.706110e-01 -1.137546e+00 -2.273829e-01 -1.816307e-01 -1.139866e+00
6.068228e-01 -1.671988e+00 -8.450061e-01 3.409229e-01 8.445519e-01 -1.992095e-01 1.314068e+00 -1.122412e+00 -1.568383e+00 -2.482757e+00 -4.135274e+00 -9.464872e-01
5.757821e-01 -1.505714e+00 2.193070e-03 6.110737e-01 1.613807e+00 -1.915424e-01 -1.109192e+00 -1.861576e+00 -1.139440e+00 -2.883823e+00 -4.932514e+00 -4.690992e-01
-3.868753e-01 -2.223324e-01 2.750130e-01 8.263453e-01 1.433017e-01 3.110623e-01 -6.552181e-02 7.189851e-01 -6.127268e-01 -7.258844e-01 -1.882053e+00 -1.308001e+00
-1.030646e-01 -3.308718e-01 4.542015e-02 -5.259856e-01 -8.357140e-01 9.277582e-03 2.597272e-01 7.963510e-01 -8.898852e-01 -2.345679e+00 7.975171e-01 8.304822e-01
6.717606e-02 8.579395e-02 -2.075744e-01 1.254618e-01 -5.666946e-01 4.049755e-01 5.563032e-01 2.373335e-02 -7.537247e-01 4.988193e-04 1.158347e-01 2.887163e-01
4.057884e-04 4.895702e-01 5.266773e-01 2.880621e-01 7.371214e-01 2.825694e-02 8.100820e-01 9.674414e-01 8.577569e-01 -2.696300e-02 5.139542e-02 2.728886e-01
-2.543707e-01 -3.784834e-01 -9.219660e-01 -7.609532e-01 -1.056280e+00 -1.522746e-01 -4.144421e-01 -7.861584e-01 -1.374145e+00 5.491789e-01 1.258170e+00 -1.262511e-01
-1.725328e-01 -5.981192e-02 3.646572e-01 -3.835525e-01 -1.470015e+00 6.579481e-01 7.447287e-01 1.177773e+00 -4.121237e-02 4.864801e-01 6.198013e-01 -4.130594e-01
4.805794e-01 -6.726785e-02 2.052128e-01 -2.189414e+00 1.281965e+00 -5.017304e-01 -1.784786e+00 -9.663149e-01 1.380991e+00 1.762700e-01 8.824409e-01 1.558177e+00
-1.942224e-01 3.330042e-02 -5.806679e-01 -9.479203e-01 7.361792e-01 7.113285e-01 -1.408767e+00 -1.429961e+00 -1.285645e+00 -7.302971e-01 2.576101e-01 1.463789e+00
-1.928082e-01 9.837107e-02 1.035332e-01 -5.569037e-01 4.740848e-01 3.580942e-01 -9.529102e-01 -4.977577e-01 -1.928094e+00 -1.197634e+00 -2.310981e-01 8.835222e-01
-6.455564e-01 -4.625154e-01 5.610253e-01 -9.133302e-02 -8.256747e-01 -8.572413e-02 2.586116e-01 -3.238798e-01 -9.055120e-01 -2.593937e-01 -1.198112e-01 -6.059166e-01
-1.299811e-01 5.097342e-02 -3.719624e-01 -7.555575e-01 4.016770e-01 5.503772e-01 -1.471903e-01 -1.289264e+00 -5.327246e-01 4.384351e-02 -1.435689e-01 1.674199e+00
-3.440521e-01 -1.567448e-01 5.296318e-01 2.487225e-01 -7.553259e-01 -1.632309e+00 -2.916308e-01 1.030366e+00 -7.882891e-01 -8.404368e-01 -5.646858e-01 -1.825628e+00
-3.564673e-02 -1.743616e-01 -3.236519e-01 9.110881e-02 -7.561894e-02 -4.130105e-01 9.316660e-01 1.908196e-01 -8.915319e-01 -3.736200e-01 6.865047e-01 1.377733e+00
-1.594975e-01 -7.000903e-01 -1.285246e+00 -8.256034e-01 -3.764610e-01 3.815832e+00 1.300844e+00 -1.457123e+00 -4.414083e-01 3.272048e-01 1.277145e+00 -1.603904e+00
-4.438871e-01 -9.384160e-02 3.147666e-01 2.401832e-01 2.188323e-01 7.404413e-01 1.042927e-01 -9.728958e-01 -9.524185e-01 -1.842675e+00 -2.208614e+00 -1.474571e+00
-4.561945e-01 -7.731225e-01 -5.001193e-01 -6.770612e-01 -5.857224e-01 3.486721e-01 -2.409949e-01 -8.893685e-01 -1.544712e+00 -2.954049e-01 9.370392e-01 -1.803697e-01
1.407240e-01 2.045296e-01 1.369534e-02 7.091546e-01 1.027993e+00 6.188406e-01 1.343818e-01 -1.140174e+00 9.071451e-01 -6.166804e-01 -1.465873e+00 -1.250167e+00
-5.739575e-02 2.480009e-01 7.396278e-01 7.944398e-01 8.087711e-01 -2.671100e-01 -4.969148e-01 1.566177e-01 -1.486073e+00 -6.704442e-01 -1.347584e-01 -1.122520e+00
3.039530e-01 3.691289e-01 -4.269606e-01 2.105232e-01 1.882511e+00 4.547463e-01 -7.435481e-02 -3.197218e-01 6.873965e-01 1.423507e-02 1.409742e+00 2.037951e+00
-7.861310e-01 8.652738e-01 9.317474e-01 -7.145056e-01 4.890514e-01 1.494761e+00 -1.071774e+00 -9.523358e-01 -7.060575e-02 2.261577e+00 -1.000021e+00 -4.745438e-01
1.595870e-01 3.356006e-02 -9.899269e-01 -2.415386e-01 7.474761e-01 6.778004e-01 -8.505562e-01 -3.117793e-01 1.393489e+00 -1.989871e-01 -1.825092e-01 9.999870e-01
1.617767e-01 -3.256308e-01 2.997045e-01 9.418289e-02 -6.953514e-01 2.168143e-01 1.123031e+00 4.515530e-01 -8.732916e-01 -1.620162e-01 5.082762e-01 6.185826e-01
-3.570516e-01 -4.475523e-01 1.383111e-01 6.166794e-01 5.058234e-01 1.028909e-01 6.437020e-02 1.229320e+00 -4.278866e-01 -2.832063e-01 -1.717326e+00 -4.311355e-01
1.260269e-01 7.000766e-01 2.943488e-01 2.414981e-01 -4.770586e-01 -6.213271e-01 2.909486e-01 3.541571e-01 1.583114e+00 7.347154e-03 -4.472248e-01 -1.122406e+00
-2.890558e-02 -1.746882e-01 1.800855e-01 3.476157e-02 -1.377508e+00 -8.751609e-01 1.025238e+00 1.096586e+00 8.987721e-01 7.682769e-01 1.939399e-01 -1.039588e+00
1.299140e-01 2.999440e-01 5.936219e-01 1.553473e+00 8.393921e-01 7.323551e-01 2.291895e-01 -9.098439e-01 -5.585867e-01 -5.938108e-01 -1.373363e+00 -4.906379e-01
3.337377e-01 -1.568529e-01 5.176542e-01 2.193578e-01 -5.046898e-01 1.033222e-01 1.099782e+00 3.154410e-01 -3.921162e-01 2.340937e-01 -2.967932e-02 7.026381e-01
-1.319199e+00 -2.251724e-01 3.986868e+00 -1.124202e+00 -2.388304e+00 1.379656e+00 4.579810e+00 -7.201780e-01 -1.853997e+00 1.378293e+00 2.593772e+00 -1.939437e+00
-3.621068e-01 -1.652889e-01 6.626865e-01 1.535446e-01 -3.454701e-01 -8.914458e-01 5.940871e-01 8.617541e-01 5.658808e-01 -3.950869e-01 -8.870476e-01 -5.051023e-01
-8.874803e-01 1.239270e+00 7.391157e-01 -8.753017e-01 1.476095e-01 2.850231e+00 -1.566070e+00 -1.620854e+00 2.717797e-01 1.738966e+00 -8.110671e-01 -4.864513e-01
-2.538050e-01 -3.580809e-01 -6.842887e-02 7.444164e-01 2.179104e-01 9.066434e-02 7.387247e-02 1.366694e+00 -7.618828e-01 1.119837e+00 2.605379e-02 2.039405e-02
-2.200743e-01 1.405897e-02 2.878488e-01 4.987172e-01 -2.612869e-01 9.311771e-02 1.227154e+00 3.223356e-01 8.674003e-01 6.599110e-01 -1.002979e+00 -3.918384e-01
2.816009e-01 9.180605e-02 -4.111772e-01 2.132013e-01 3.624225e-01 -4.471112e-01 -1.065189e+00 -2.711439e-01 2.282167e+00 8.894895e-01 -6.419133e-01 -7.944598e-01
1.939306e-01 2.818529e-01 4.484055e-01 4.121345e-01 -9.550245e-02 -5.799865e-01 3.307227e-01 8.154852e-01 1.823773e+00 8.909907e-01 -1.188157e+00 -2.036112e+00
-8.421984e-02 -1.741318e-01 -8.842791e-01 -1.957116e+00 -1.966283e+00 4.923751e+00 3.447017e+00 -1.153188e+00 -4.493765e-01 9.160884e-01 1.701315e+00 -7.211701e-01
2.231188e-01 8.773209e-01 6.489780e-02 -6.139387e-01 -3.800077e-01 -8.989812e-01 1.457946e+00 1.384225e+00 1.052047e+00 -5.146183e-01 1.786160e-01 5.443141e-01
-1.191211e+00 1.759031e+00 8.836190e-01 -8.562045e-01 -3.138161e-01 4.532338e+00 -7.875260e-01 -1.781559e+00 2.582575e-01 1.608065e+00 -5.475911e-01 -4.558006e-01
-4.603902e-01 7.603229e-01 4.188933e-01 -3.444171e-02 9.297754e-01 2.420090e+00 -2.429667e-01 -1.418223e+00 -8.489643e-01 9.259937e-01 9.340389e-01 1.855528e-01
-5.160090e-01 5.603263e-01 1.461917e-02 -7.354535e-01 1.890282e-01 7.994462e-01 2.807645e-01 -9.280680e-01 -3.399001e-01 -9.392346e-01 -2.600811e-01 -1.049221e+00
-3.579978e-01 6.192641e-01 1.488818e-01 -4.205236e-01 -1.496997e-01 -6.333684e-01 5.085429e-01 5.787160e-01 1.330715e+00 1.167123e+00 1.563959e-01 7.062842e-01
7.467308e-02 -9.521877e-01 1.396045e+00 2.160363e+00 2.337961e+00 1.522325e-01 -1.621148e+00 -1.548640e+00 -6.239915e-01 -1.504122e+00 -4.431227e+00 -1.001644e-01
-6.222260e-01 -3.256650e-01 -1.410665e+00 5.842015e-01 2.436674e+00 1.126241e+00 -7.562404e-01 -2.049921e+00 4.430364e-01 -3.083672e-01 -1.043250e+00 -1.126253e+00
6.957331e-02 -5.190474e-01 -5.923924e-01 1.994373e+00 1.459049e+00 3.040270e+00 4.768961e-01 1.302837e+00 -3.253704e-01 -2.698190e-01 3.376334e-01 -1.520011e-02
-2.013899e-01 6.835299e-01 4.787060e-01 -3.379305e-01 7.077019e-01 4.415523e-01 6.936522e-02 -9.687821e-01 -6.613562e-02 -5.679987e-01 7.708081e-01 1.868233e+00
-3.820981e-01 6.244556e-01 7.488115e-02 -1.110534e+00 -8.495744e-01 -8.027273e-01 1.159903e+00 1.505090e+00 1.624703e-02 4.315801e-01 1.292085e+00 1.118244e+00
-4.763600e-01 2.807607e-01 4.160728e-02 -1.523995e+00 1.030444e+00 6.764582e-01 -6.795128e-01 -1.923079e+00 1.282173e-01 8.818532e-01 4.215829e-01 -6.755403e-02
-1.414156e+00 1.519757e+00 1.752313e+00 -1.508209e+00 -1.340506e+00 5.082073e+00 7.319593e-01 -2.164045e+00 -4.246796e-01 1.392075e+00 -7.550754e-02 -1.149495e+00
6.400149e-01 -1.928261e+00 -9.069542e-01 1.181730e+00 2.766288e-01 -2.533728e+00 2.419222e+00 4.410077e-01 -1.869063e+00 -1.306214e+00 -1.672766e+00 -1.196572e+00
-3.000088e-01 1.085469e+00 3.574095e-01 3.782284e-01 7.949676e-02 3.259104e-01 1.189804e-01 -1.155174e+00 7.686797e-01 1.631937e+00 -9.852713e-01 5.027742e-02
-4.578506e-01 1.455219e+00 -8.108602e-01 -3.142450e+00 -2.031002e+00 3.765149e+00 3.496488e+00 -6.298016e-01 6.073655e-01 1.231616e+00 1.544598e+00 1.354270e+00
-1.651604e+00 5.317150e-01 3.817540e+00 -2.120853e+00 -2.154439e+00 3.214228e+00 4.473948e+00 -1.857588e+00 -2.197436e+00 2.308245e+00 1.680102e+00 -2.628661e+00
2.711750e+00 -1.256909e+00 -1.836571e+00 2.360348e+00 -3.047913e+00 -1.617541e+00 1.823764e+00 1.572205e+00 -2.716397e+00 -9.554443e-01 -1.482571e+00 -1.617638e-01
-1.629302e+00 1.198965e+00 3.017957e+00 -1.982629e+00 -1.880903e+00 4.860476e+00 2.974010e+00 -2.064625e+00 -8.891013e-01 1.760779e+00 8.364893e-01 -2.049675e+00
-5.900652e-01 3.944950e-01 9.410305e-01 7.101485e-01 -1.147513e+00 1.479400e-01 8.220451e-01 -5.825829e-01 -1.037969e+00 1.957211e+00 2.435901e+00 1.519484e+00
-1.169528e+00 2.045095e+00 1.148241e+00 -2.235629e+00 3.348881e-01 -3.239086e-01 -8.627591e-02 -1.269186e+00 1.218411e+00 1.932406e+00 4.000103e-01 1.470512e+00
-1.489501e+00 1.800756e+00 1.918469e+00 4.315569e-01 1.541859e+00 3.402899e-01 2.098864e+00 1.523699e+00 2.010527e+00 3.607992e-01 -8.944080e-01 -1.335180e+00
-6.589694e-01 1.319095e-01 -8.362170e-01 2.059821e+00 2.549589e+00 -3.504019e-02 -9.115454e-01 -1.179816e+00 7.618141e-01 7.754068e-02 -2.017016e+00 -9.192516e-01
4.359469e+00 -1.091029e+00 1.202931e+00 5.116077e+00 -2.019674e+00 -3.498803e+00 -4.151524e+00 4.659600e-02 -1.472679e+00 -1.801448e+00 -1.591137e+00 6.900768e-01
-8.241636e-01 3.160959e-01 -1.432015e+00 4.837256e-01 7.178823e-01 -2.698931e-01 3.776159e-01 1.340896e+00 8.682316e-01 2.588746e+00 2.720668e+00 3.996686e+00
-5.157057e-01 2.388044e+00 -1.746048e+00 -2.360029e+00 -8.236370e-02 1.817691e+00 3.038272e+00 -1.717240e-01 5.429438e-01 1.471194e+00 2.688284e-01 9.946910e-01
-3.735926e-01 -5.503682e-01 1.904709e+00 3.080771e+00 3.127852e+00 -2.501528e-01 -1.538172e+00 -5.506743e-01 7.085700e-02 -1.568577e+00 -3.974319e+00 -4.492992e-01
-1.104171e+00 8.133523e-01 2.946442e-01 -3.963571e-01 1.808308e+00 2.358374e+00 -9.979943e-01 -6.317808e-01 1.158356e+00 8.296970e-01 3.941438e-01 7.266103e-01
3.168056e-01 1.747156e+00 -6.377460e-01 1.108121e+00 2.058010e-02 -6.133630e-01 6.992937e-01 -9.894985e-01 4.652283e-01 1.359520e+00 -8.117558e-01 -8.498649e-02
2.620945e+00 5.890112e-01 5.834052e+00 4.502321e+00 -2.683465e+00 -8.119748e-01 -2.379097e+00 -8.962170e-01 -9.165001e-03 -1.869524e+00 -2.151370e+00 -1.538329e+00
-3.150848e-01 -9.971299e-02 1.209309e+00 2.726701e+00 2.253359e+00 -1.113509e+00 -1.217242e+00 6.315117e-02 5.721840e-01 -5.359499e-01 -3.148928e+00 -1.769389e-01
9.722809e-01 2.688477e+00 -6.005708e-01 -2.243192e+00 3.748606e+00 1.840679e+00 -9.596661e-01 1.352555e-01 6.473840e-01 8.222841e-01 -7.569371e-01 6.169690e-01
-2.525730e-01 3.139217e+00 -2.164145e+00 -5.875431e-01 1.705536e+00 -7.883182e-01 9.150828e-01 -1.091376e+00 9.040731e-01 1.178216e+00 -1.683385e+00 1.520937e+00
2.015996e-01 2.875369e+00 -1.792529e+00 7.807046e-01 9.998693e-01 -8.518490e-01 1.333250e-01 -7.759847e-01 8.213294e-01 1.140406e+00 -1.692466e+00 6.231378e-01
1.790321e+00 1.550589e+00 -8.636293e-01 -3.005370e+00 3.300261e+00 9.262737e-01 -1.881311e+00 -1.079959e+00 1.733536e+00 1.764942e+00 1.572814e+00 2.195417e+00
-2.149188e+00 3.496531e+00 2.083992e+00 -1.658487e+00 1.916915e+00 8.877639e-02 2.330798e+00 7.002277e-01 1.148769e+00 9.315318e-01 8.153580e-01 -8.262647e-01
-1.277994e+00 -1.565005e-01 -4.692348e+00 -2.735779e-02 2.991244e+00 -1.232953e+00 -1.129557e+00 3.630623e+00 4.231635e+00 1.580377e+00 3.701296e+00 4.925442e+00
1.576944e+00 1.869053e+00 -9.921883e-01 -1.129236e-02 1.691696e+00 1.364568e+00 1.406968e+00 1.678866e+00 7.832222e-02 5.982519e-01 -1.207950e+00 8.820418e-01
-9.822597e-02 -1.356066e+00 -2.443494e+00 1.708827e+00 2.429636e+00 -3.498111e+00 1.573998e+00 2.196988e+00 3.269157e-01 -1.798700e+00 2.108752e+00 2.271908e-01
-4.167334e-01 -3.269168e-01 -5.006467e+00 1.732114e+00 5.145539e+00 -3.664175e+00 -9.982634e-01 2.961268e+00 3.726218e+00 -4.454747e-01 2.993514e+00 3.439844e+00
-8.936895e-01 -2.894472e-01 -6.259654e+00 3.101346e-01 4.638199e+00 -2.993572e+00 -2.630343e+00 3.053228e+00 5.325297e+00 1.342041e+00 4.554753e+00 5.373384e+00
