-1.035860e+01 -2.762551e+00 -5.956414e+00 -2.925139e+00 1.118919e+00 -1.944319e+00 -1.462976e+00 1.865083e+00 3.286222e+00 1.822807e+00 5.498502e+00 3.424518e+00 -1.512927e-01 5.113264e-01 1.259629e-01 1.738439e-01 4.398744e-01 -4.461251e-01 8.963335e-01 1.634206e+00 -3.335993e-01 -1.195776e+00 -6.109711e-01 -2.974911e-01 -7.973985e-02 0.000000e+00 
-9.088728e+00 -2.166070e+00 -7.314628e+00 -3.224301e+00 1.641159e+00 1.240204e+00 3.642753e+00 1.685380e+00 2.544497e+00 -3.708674e-01 2.488244e+00 4.239251e+00 -1.512927e-01 3.376928e-01 2.636806e-02 6.204146e-01 5.674306e-01 -4.613827e-01 1.132662e+00 1.408598e+00 -5.411850e-01 -2.439480e+00 2.982621e-01 9.508335e-01 3.216969e-01 0.000000e+00 
-8.436899e+00 -2.430978e+00 -4.408088e+00 -5.761864e-01 -1.372827e+00 9.450878e-01 4.155188e+00 2.869388e-01 -2.321796e+00 -1.352110e-01 5.516175e+00 2.618453e+00 -1.512927e-01 3.145166e-01 -3.703715e-02 2.152293e-01 4.640008e-01 1.168847e-01 5.631511e-01 -5.027735e-03 -6.705096e-01 -9.986038e-01 1.126777e+00 1.577260e+00 8.037155e-01 0.000000e+00 
-9.630981e+00 -2.796498e+00 -3.628504e+00 -1.262462e+00 5.787826e-02 2.274291e+00 2.770931e+00 -5.176890e-02 -6.107169e+00 4.293127e+00 1.024383e+01 5.436036e+00 -1.512927e-01 -1.186333e-01 1.340820e-01 5.127452e-01 8.909270e-01 2.639422e-01 1.981695e-01 -5.792525e-01 -9.306731e-02 1.394402e+00 1.566682e+00 7.980097e-01 2.968407e-01 0.000000e+00 
-8.514887e+00 -2.632523e+00 -6.723330e+00 -1.586054e+00 2.494983e+00 3.543938e-01 -1.052204e+00 -6.188906e-01 2.619036e+00 5.124698e+00 9.507006e+00 6.844704e+00 -1.512927e-01 -1.908800e-01 4.427795e-01 3.447433e-01 8.036948e-01 5.259470e-01 -3.031850e-01 -1.071826e+00 5.544449e-02 2.951041e+00 8.051112e-01 -3.947981e-01 -8.334728e-01 0.000000e+00 
-9.642900e+00 -1.394887e+00 -3.593281e+00 1.735268e+00 1.026965e+00 2.526399e+00 3.350186e+00 1.672958e+00 7.046094e+00 4.832589e+00 4.482877e+00 3.610329e+00 -1.512927e-01 3.796017e-01 9.421962e-01 3.476227e-01 3.903328e-01 -5.854331e-01 -5.196031e-01 2.124162e-01 1.382669e+00 2.101220e+00 -2.659927e-01 -1.380934e+00 -1.062563e+00 0.000000e+00 
-9.385340e+00 -9.178860e-01 -2.701983e+00 1.943423e+00 7.723644e-01 -6.968912e-01 -1.493569e+00 -2.982020e-01 5.856779e+00 3.620614e+00 6.422662e+00 -6.360583e-01 -1.512927e-01 2.544954e-01 7.153447e-01 6.790426e-01 -1.472573e-01 -1.149637e+00 -3.169473e-01 1.845196e-01 1.073323e+00 -4.871624e-01 -1.234126e+00 -2.340671e-01 -2.914261e-01 0.000000e+00 
-7.297746e+00 1.057165e+00 -3.901064e+00 -1.075537e+00 -2.007978e+00 2.019171e-01 4.053695e+00 6.701231e+00 2.780061e+00 3.715205e+00 4.881332e+00 3.863602e+00 -1.512927e-01 2.117639e-01 2.269798e-01 -2.652163e-02 -1.321157e+00 -9.612945e-01 -4.543990e-01 -5.191728e-02 4.500640e-01 -9.924707e-01 -5.039603e-01 6.272848e-01 1.356260e-01 0.000000e+00 
-8.414986e+00 -2.818251e-01 -3.174225e+00 -9.169382e-01 -1.735728e+00 -6.810212e-02 -4.813607e-01 2.233591e+00 2.316240e+00 -4.872408e-01 8.137443e+00 5.260937e+00 -1.512927e-01 -1.740170e-01 -8.652730e-02 5.945343e-01 -6.492031e-01 -3.221388e-01 3.159426e-01 3.791737e-01 -8.894876e-01 -9.003868e-01 1.029943e+00 1.677786e-01 3.182521e-01 0.000000e+00 
-9.069258e+00 -5.780182e-01 -3.489768e+00 -3.440339e+00 -2.525461e+00 -5.999088e-02 2.584496e+00 2.657381e+00 3.854010e+00 4.366714e+00 6.761911e+00 1.339961e+00 -1.512927e-01 -3.808843e-01 -9.989593e-02 2.838716e-01 -2.026848e-01 4.228262e-01 5.100745e-01 -6.917732e-01 -1.358953e+00 -5.636988e-01 4.752874e-01 -4.233292e-01 -7.671331e-01 0.000000e+00 
-9.369669e+00 -5.329311e-01 6.504035e-02 -1.201921e-01 -5.795885e-01 1.013776e+00 1.136899e+00 -2.723715e+00 8.178706e-01 8.444575e+00 6.321266e+00 2.217023e+00 -1.512927e-01 1.762566e-01 2.047970e-01 -4.546243e-01 -6.399377e-01 5.931154e-01 3.124783e-01 7.857685e-02 -4.991322e-01 -8.606235e-01 6.589829e-01 -8.476378e-01 -7.459236e-01 0.000000e+00 
-8.724827e+00 6.832380e-01 -4.101339e+00 -2.487334e+00 -4.719169e-01 2.211351e+00 -2.143009e-01 2.385121e+00 7.107520e-01 1.625734e+00 3.672774e+00 1.549893e+00 -1.512927e-01 6.175766e-01 2.375727e-01 -8.888395e-01 -2.261930e-01 3.945524e-01 -3.559487e-01 -1.071830e-01 -3.349784e-01 -7.104595e-01 -1.632216e-01 -5.912247e-01 1.061469e-01 0.000000e+00 
-7.705919e+00 1.115317e-01 -5.141562e+00 -4.593129e+00 2.030774e-01 3.586186e-01 1.310922e+00 -1.259399e-01 -4.152483e-01 4.178164e+00 5.443822e+00 1.426353e+00 -1.512927e-01 1.048138e+00 7.235051e-01 -9.841939e-01 -4.235224e-01 -3.589951e-01 -4.495271e-01 2.825209e-01 -1.699167e-01 -2.727081e-01 -3.048232e-01 -1.189532e+00 -1.291753e+00 0.000000e+00 
-6.813249e+00 2.876139e-01 -5.330665e+00 -2.334836e+00 -9.440321e-01 -1.512156e+00 1.961569e+00 -3.163987e-01 9.182724e-01 5.683812e+00 4.244509e+00 2.266031e+00 -1.512927e-01 1.410203e+00 3.367144e-01 -6.141464e-01 4.566273e-01 -6.111745e-01 -1.104104e+00 3.540518e-01 -1.174151e+00 -5.494497e-01 -4.332389e-01 -2.426991e+00 -1.729201e+00 0.000000e+00 
-5.084769e+00 3.282407e+00 -4.241266e+00 -2.314053e+00 -2.138507e+00 6.278937e-01 1.461568e+00 -2.222539e+00 -6.494305e-01 4.891420e+00 8.774054e-02 -4.599810e+00 -1.512927e-01 1.148561e+00 6.106001e-01 -2.318359e-01 6.131708e-01 -6.725851e-01 -2.074363e+00 -1.153604e+00 1.128875e+00 5.270219e-01 -2.102198e+00 -2.429880e+00 -7.568619e-01 0.000000e+00 
-2.984389e+00 7.813725e-01 -7.622219e+00 -1.343735e+00 -2.356997e+00 -3.443807e+00 1.480635e+00 -2.437336e+00 -1.919405e+00 -8.970889e-01 -5.784142e+00 -4.083030e+00 -1.512927e-01 1.034847e+00 1.014985e+00 7.015422e-01 -2.552365e-02 -1.058608e+00 -1.542013e+00 -2.013356e+00 -3.349794e-01 -3.966192e-01 -3.456149e+00 -2.111726e+00 -3.995192e-01 0.000000e+00 
-3.877543e+00 2.917653e+00 -5.154964e+00 -2.022825e+00 -2.453366e+00 -9.047368e+00 -4.216633e+00 6.578901e+00 3.638700e+00 -3.042376e+00 -1.691254e+00 8.165733e-01 -1.512927e-01 7.649319e-01 4.372072e-01 7.753303e-01 -5.757287e-01 -1.035038e+00 -1.022163e+00 -1.839547e+00 -9.528242e-01 -1.071389e+00 -2.814707e+00 -7.909664e-01 5.324103e-01 0.000000e+00 
-2.242625e+00 5.544914e+00 -1.366105e+00 -2.608068e+00 -6.079642e+00 -4.384592e+00 -5.266112e+00 -6.392016e+00 -3.208889e+00 -7.630035e+00 -5.424623e+00 -2.439757e+00 -1.512927e-01 8.380634e-01 8.518736e-01 1.063914e+00 -6.066359e-01 -7.244149e-01 1.478113e+00 -9.562600e-01 -1.476855e+00 -9.294062e-01 -4.641165e-01 1.104132e+00 2.411744e-01 0.000000e+00 
-1.630991e+00 3.086672e+00 -3.492671e+00 -4.560530e+00 -5.452376e+00 -4.012530e+00 -4.362791e+00 -5.009320e+00 -5.361635e+00 -5.815640e+00 -4.046851e+00 -2.759395e+00 -1.512927e-01 1.307035e+00 3.561467e-01 1.144438e+00 1.046059e+00 9.916208e-01 2.977449e+00 1.601224e+00 -1.266898e+00 -9.987795e-01 -2.965762e-01 9.650385e-01 1.275851e+00 0.000000e+00 
8.265257e-02 4.956231e+00 -3.133797e+00 -3.108063e+00 -4.479567e+00 1.429339e+00 -3.227586e+00 -4.027502e+00 -2.066269e+00 -1.831039e+00 9.143188e-01 -1.089173e+00 -1.512927e-01 2.740302e+00 6.844710e-01 1.353906e+00 1.392351e+00 8.468153e-01 1.441507e+00 6.380692e-01 1.659590e+00 7.982534e-01 1.077773e+00 2.063672e+00 1.537198e+00 5.743100e-02 
1.494995e+00 4.992728e+00 1.451070e+00 3.457465e+00 1.704701e+00 2.932914e+00 2.770224e+00 -9.378455e-01 -1.926507e+00 -7.424755e+00 -3.553253e-02 6.520537e+00 -1.512927e-01 4.312241e+00 1.404824e+00 2.262570e+00 -2.158490e-01 -1.821795e+00 -5.227946e-01 -9.687784e-01 3.751328e-01 1.116102e+00 7.600829e-01 1.611874e+00 1.496068e+00 1.582392e-01 
9.895892e+00 8.014241e+00 2.931557e+00 3.446910e-01 -5.424104e+00 -6.497800e-01 -5.642275e+00 -1.298010e-01 -9.351856e-01 -1.436615e+00 2.888079e+00 6.062675e-01 1.358624e-01 4.348427e+00 7.807514e-01 2.313611e+00 -3.188248e+00 -3.736745e+00 -2.439591e+00 -2.309467e+00 -2.031759e-01 3.715714e-01 -3.337449e-01 4.154097e-01 1.476144e+00 2.193201e-01 
1.502359e+01 8.581786e+00 4.787501e+00 -7.366152e+00 -1.408908e+01 -5.586945e+00 -7.999339e+00 -5.082507e+00 -3.466671e-01 -2.212438e+00 3.025640e+00 3.873225e+00 4.963260e-01 3.360596e+00 9.592895e-02 1.659420e+00 -4.913122e+00 -4.398140e+00 -2.512939e+00 -2.522951e+00 -8.267798e-01 -5.504044e-01 6.084753e-01 -5.515182e-01 1.170267e+00 2.180125e-01 
1.506049e+01 7.065459e+00 6.766042e+00 -1.363750e+01 -1.526640e+01 -6.508686e+00 -9.390139e+00 -2.971051e+00 -9.983320e-01 -6.105922e+00 1.460781e+00 7.615205e+00 6.214985e-01 1.062884e+00 -1.146845e+00 9.957632e-01 -3.661768e+00 -2.300735e+00 -1.546370e+00 2.135999e-01 -9.698271e-01 -1.129974e-01 1.502494e-01 -1.807286e+00 1.756684e+00 1.428802e-01 
1.571567e+01 5.946764e+00 7.830928e+00 -1.411705e+01 -1.536485e+01 -6.702330e+00 -7.970598e+00 -3.651120e+00 -4.646956e+00 -2.047725e+00 -2.079475e+00 8.867402e+00 6.959519e-01 -5.117207e-01 -1.622695e+00 5.750645e-01 -2.108941e+00 -1.315182e+00 -8.794335e-01 2.478098e+00 -3.436155e-01 9.979242e-01 1.056772e+00 -2.222409e+00 3.202521e-01 7.510025e-02 
1.486427e+01 3.597526e+00 6.388659e+00 -1.458870e+01 -1.628989e+01 -7.823936e+00 -4.588646e+00 -5.694630e+00 6.499721e-01 -7.677242e-01 -3.595792e+00 6.892598e+00 7.504503e-01 -1.059516e+00 -1.652302e+00 -1.891673e-01 -1.397137e+00 -1.748647e+00 -2.706742e-01 3.375077e+00 -2.974083e-01 2.164821e+00 2.049332e+00 -2.144288e+00 -1.076120e+00 6.033928e-02 
1.256310e+01 2.202276e+00 7.851515e+00 -1.743526e+01 -2.015325e+01 -9.326488e+00 1.990404e+00 -5.438795e+00 3.818802e+00 4.023243e-01 -5.558115e+00 5.835789e+00 8.073513e-01 -1.459891e+00 -1.820519e+00 -1.157866e+00 -1.450743e+00 -1.669606e+00 8.554955e-01 3.004860e+00 6.257343e-01 2.541535e+00 1.194191e+00 -1.199174e+00 -1.779593e+00 5.685515e-02 
1.133920e+01 6.761913e-01 5.809912e+00 -1.896408e+01 -2.161544e+01 -6.549978e+00 2.504745e+00 -3.564255e+00 5.592895e+00 2.915714e+00 -7.521338e+00 3.750410e+00 8.674952e-01 -1.366616e+00 -1.944726e+00 -1.808831e+00 -1.399762e+00 -7.267761e-01 2.510243e+00 1.967947e+00 1.569386e+00 5.896197e-01 2.028666e-01 -8.323582e-01 -1.660009e+00 5.625920e-02 
1.017876e+01 -1.695162e+00 2.330971e+00 -1.918308e+01 -2.105011e+01 -3.061831e+00 3.507008e+00 -1.587636e+00 5.589259e+00 2.081510e+00 -6.112574e+00 1.540531e+00 9.217052e-01 -9.570510e-01 -1.930481e+00 -2.449648e+00 -1.085484e+00 4.317848e-01 3.735763e+00 1.038326e+00 1.660552e+00 -9.661323e-01 -7.644304e-01 -1.080152e+00 -1.014244e+00 4.727678e-02 
9.223360e+00 -4.177384e+00 1.047769e-01 -2.071360e+01 -1.947534e+01 1.594951e+00 4.492789e+00 2.267216e-01 2.712842e+00 -5.929840e-01 -7.480353e+00 7.401820e-01 9.745693e-01 -7.760953e-01 -1.677307e+00 -2.219268e+00 -7.773813e-01 1.070552e+00 3.752419e+00 7.757540e-01 9.917576e-01 -1.883836e+00 -1.379140e+00 -1.404735e+00 3.999395e-01 3.214522e-02 
8.835763e+00 -5.023342e+00 -1.544157e+00 -2.198791e+01 -1.906437e+01 5.279864e+00 6.188011e+00 9.684756e-01 4.281667e-01 -1.665479e+00 -1.097937e+01 2.269683e+00 9.901981e-01 -4.411409e-01 -1.253663e+00 -1.989780e+00 -5.861315e-01 2.039217e+00 3.245344e+00 6.084722e-01 -4.103268e-01 -2.269430e+00 -1.207983e+00 -1.496351e+00 2.070073e+00 1.759950e-02 
8.130219e+00 -6.046253e+00 -3.348864e+00 -2.144857e+01 -1.725555e+01 8.041265e+00 5.043014e+00 1.164777e-01 -1.245739e+00 -2.106493e+00 -1.211162e+01 5.385531e+00 9.939749e-01 -1.573324e-01 -1.008013e+00 -1.770585e+00 7.790451e-02 3.074266e+00 1.794333e+00 -2.459002e-01 -1.244129e+00 -2.039005e+00 -2.313527e-01 -4.572167e-01 2.686913e+00 -2.934337e-03 
8.519622e+00 -7.029044e+00 -5.891107e+00 -2.174625e+01 -1.196392e+01 9.941730e+00 6.274257e+00 -3.584148e+00 -3.778601e+00 -3.201648e+00 -1.127870e+01 9.568224e+00 1.000000e+00 1.379779e-01 -1.196494e+00 -1.545313e+00 6.096554e-01 4.108003e+00 7.209951e-01 -1.404586e+00 -1.552810e+00 -1.807913e+00 2.513808e-01 9.619950e-01 2.666302e+00 -1.008434e-02 
8.594769e+00 -8.214600e+00 -6.574674e+00 -2.044491e+01 -7.654237e+00 8.235683e+00 3.220165e+00 -3.717611e+00 -5.378797e+00 -9.816624e-01 -9.616772e+00 1.052547e+01 9.549967e-01 4.234158e-01 -1.306248e+00 -1.144185e+00 5.520067e-01 4.849736e+00 -2.601787e-01 -1.975735e+00 -1.619055e+00 -9.129115e-01 -2.976407e-01 2.424363e+00 1.641983e+00 -7.711106e-03 
9.293377e+00 -9.921640e+00 -7.657818e+00 -1.944147e+01 -3.325013e+00 8.787631e+00 7.650685e-02 -4.878529e+00 -6.544870e+00 -9.709902e-01 -7.416814e+00 1.303122e+01 9.592655e-01 5.405895e-01 -1.283125e+00 -7.197796e-01 7.677767e-01 4.510089e+00 -6.604376e-01 -2.721590e+00 -1.740991e+00 8.720514e-01 -9.375347e-01 3.429353e+00 2.857456e-02 -9.083236e-03 
9.860420e+00 -1.113120e+01 -8.186433e+00 -1.984093e+01 2.673674e+00 7.317422e+00 -1.736785e+00 -7.331606e+00 -4.427162e+00 -4.710026e+00 -1.920745e+00 1.186395e+01 9.757866e-01 2.939235e-01 -9.494467e-01 -4.174329e-01 1.024140e+00 3.521479e+00 -2.432195e-01 -3.471809e+00 -1.860950e+00 2.924404e+00 -1.735240e+00 3.437931e+00 -1.231870e+00 -8.402240e-03 
1.058974e+01 -1.198637e+01 -8.684124e+00 -1.820936e+01 5.422570e+00 7.098674e+00 -4.855217e+00 -1.048210e+01 1.058383e-01 -6.025140e+00 2.020056e+00 9.041861e+00 9.441889e-01 -2.432938e-01 -3.724794e-01 6.084108e-03 1.566838e+00 2.098596e+00 -3.581971e-01 -4.113465e+00 -8.846445e-01 3.302701e+00 -3.847441e-01 1.771872e+00 -1.648375e+00 -1.714340e-02 
9.416203e+00 -1.192947e+01 -8.148685e+00 -1.594026e+01 5.579367e+00 7.864065e+00 -1.167302e+01 -1.022057e+01 5.917866e+00 -7.130788e+00 2.854447e+00 6.360805e+00 9.205238e-01 -5.268866e-01 1.875935e-01 4.080366e-01 2.072891e+00 8.367798e-01 -1.044868e+00 -3.932524e+00 6.084632e-01 2.036805e+00 1.540125e+00 -6.495275e-02 -1.941583e+00 -3.060960e-02 
8.299017e+00 -1.138490e+01 -7.646272e+00 -1.355761e+01 5.715121e+00 6.723324e+00 -1.552270e+01 -7.857268e+00 4.796118e+00 -1.684330e+00 -9.450485e-01 7.540920e+00 9.011799e-01 -3.461188e-01 2.532802e-01 1.093454e+00 2.044138e+00 5.358245e-01 -2.302289e+00 -3.079290e+00 1.815765e+00 5.462522e-01 1.842423e+00 -4.932505e-01 -2.149681e+00 -3.715857e-02 
8.371350e+00 -1.049396e+01 -6.665176e+00 -1.180235e+01 6.711297e+00 2.280756e+00 -1.606566e+01 -5.601708e+00 3.411721e+00 8.201937e-01 -7.629563e-01 2.906499e+00 8.442430e-01 3.324948e-01 4.089824e-01 1.014465e+00 2.562023e+00 5.054958e-01 -3.568282e+00 -9.437904e-01 1.163493e+00 -1.019324e+00 1.878484e+00 -4.943564e-01 -1.348259e+00 -5.192935e-02 
9.381576e+00 -1.143772e+01 -3.958611e+00 -1.005762e+01 7.535728e+00 -1.621116e+00 -1.805535e+01 -3.712714e+00 4.090171e+00 -7.885154e-01 1.362504e+00 2.060628e-02 7.965364e-01 3.915337e-01 1.052913e+00 1.980723e+00 3.614304e+00 1.987678e-01 -3.841466e+00 2.086068e+00 1.736932e-01 -2.284399e+00 1.305874e-01 -1.328619e-01 -1.153236e+00 -7.665883e-02 
1.053740e+01 -9.858145e+00 -4.920191e+00 -4.880139e+00 7.196543e+00 -5.805125e+00 -1.512565e+01 -6.475385e+00 1.174217e+00 1.813722e+00 -7.711118e-01 3.379666e+00 7.131988e-01 8.066387e-02 1.414589e+00 2.556897e+00 3.864192e+00 3.115401e-01 -3.366449e+00 3.306390e+00 1.916005e-01 -2.942501e+00 -9.820863e-01 -3.825527e-01 -6.367570e-01 -7.725413e-02 
9.173662e+00 -6.438246e+00 1.384853e+00 1.052802e+00 6.466337e+00 -8.441066e+00 -5.562368e+00 -6.551963e+00 -5.507123e+00 -1.528157e+00 -1.605280e+00 1.538157e+00 5.834079e-01 -3.400739e-01 1.545174e+00 2.545899e+00 3.341067e+00 5.401219e-01 -2.737947e+00 3.781106e+00 1.129500e+00 -3.169978e+00 -1.163028e+00 -6.828348e-01 -9.786617e-01 -6.744294e-02 
8.878627e+00 -5.920755e+00 3.447577e+00 1.963397e+00 8.803693e+00 -1.114151e+01 -5.780202e+00 -3.224082e+00 -6.502137e+00 -3.720417e+00 -1.191828e+00 -1.036061e+00 5.645367e-01 -5.397494e-01 9.386157e-01 2.453337e+00 2.470084e+00 6.961505e-01 -2.059342e+00 2.880755e+00 2.109548e+00 -1.713806e+00 -1.430583e+00 -4.336492e-01 -1.825207e+00 -4.699907e-02 
8.510592e+00 -5.680548e+00 4.587000e+00 3.225943e+00 9.432762e+00 -1.264266e+01 -3.822536e+00 3.091351e-01 -7.921540e+00 -3.836588e+00 -1.841312e+00 -2.664839e+00 5.336528e-01 -9.507644e-02 2.880774e-02 1.343076e+00 1.933288e+00 7.467790e-01 -1.499122e+00 1.636871e+00 1.669621e+00 -4.336549e-01 -5.493665e-01 -2.494275e-01 -1.577278e+00 -2.921883e-02 
8.170185e+00 -5.543915e+00 5.745419e+00 6.383709e+00 9.194083e+00 -1.400104e+01 -1.591787e+00 6.418037e-01 -6.187603e+00 -4.184976e+00 -2.821342e+00 -3.644874e+00 5.030810e-01 1.773406e-01 -2.517087e-01 1.091904e+00 2.104921e+00 -5.312281e-02 -3.405666e-02 1.451205e+00 1.075969e+00 -6.257535e-01 -1.658231e-01 2.903745e-02 -1.594865e+00 -3.520017e-02 
9.052501e+00 -6.482627e+00 6.951313e+00 8.509089e+00 1.000504e+01 -1.450692e+01 5.277804e-01 -1.368018e-01 -7.832664e+00 -4.042710e+00 -2.037661e+00 -5.043829e+00 4.680416e-01 2.245523e-01 3.702148e-01 5.703562e-01 1.865581e+00 3.242021e-02 5.487779e-01 8.919241e-01 6.117073e-01 -7.655602e-01 -1.160697e-01 5.074469e-01 -1.533472e+00 -4.301733e-02 
9.494375e+00 -6.778259e+00 7.724939e+00 9.846429e+00 8.251942e+00 -1.037967e+01 -6.993361e-01 2.378731e+00 -9.675342e+00 -4.446472e+00 -9.484659e-01 -7.820889e+00 4.213414e-01 2.726175e-02 1.419806e+00 3.419959e-01 1.019051e+00 -3.532290e-01 1.012386e+00 1.151800e+00 2.628976e-01 -4.393386e-01 2.671713e-01 1.303322e-01 -1.647661e+00 -5.496179e-02 
8.971258e+00 -3.212301e+00 6.449022e+00 1.082249e+01 1.006593e+01 -1.170945e+01 1.908590e-01 2.499208e+00 -1.000547e+01 -4.286189e+00 -2.405154e-01 -8.244190e+00 3.594359e-01 -3.558572e-01 1.864217e+00 -2.494921e-01 1.075833e+00 -3.881252e-01 1.916484e+00 1.015195e+00 1.458901e-01 6.664564e-01 4.115770e-01 -7.345597e-01 -1.283941e+00 -7.350587e-02 
8.347116e+00 -8.004665e-02 7.706544e+00 1.032226e+01 7.397490e+00 -1.033784e+01 4.335673e+00 6.382868e-01 -7.297893e+00 -2.727380e+00 -3.068254e+00 -1.028300e+01 2.825748e-01 -9.606501e-01 1.529682e+00 -5.231283e-01 1.361345e+00 -1.437103e-01 1.481292e+00 1.599224e+00 1.067088e+00 2.576558e+00 9.704894e-01 -1.639256e-01 -1.504899e-01 -8.554171e-02 
7.846845e+00 -5.106471e-01 5.713050e+00 1.365034e+01 8.491637e+00 -4.945415e+00 3.086251e+00 1.462871e+00 -5.689107e+00 -2.844370e+00 -4.650565e+00 -1.023248e+01 1.698955e-01 -1.000585e+00 1.560871e-01 -3.770414e-01 1.399035e+00 -1.147481e+00 2.258384e+00 8.653076e-02 1.435593e+00 1.970312e+00 7.338402e-01 7.307159e-01 -5.115843e-03 -7.994193e-02 
5.253332e+00 -4.806750e-01 5.477283e+00 1.523923e+01 8.320539e+00 -6.355230e+00 5.849087e+00 8.232340e+00 1.049266e+00 -3.149337e-01 4.369310e-01 -7.579196e+00 8.840305e-02 -1.507795e+00 -6.185042e-01 -7.194125e-01 1.094817e+00 -1.311346e+00 1.090615e+00 -1.007664e+00 1.253710e+00 1.565039e+00 2.926536e-01 1.298097e+00 2.412411e-01 -7.457815e-02 
5.515224e+00 -2.231552e+00 5.678445e+00 1.535918e+01 3.867003e+00 -2.408837e+00 -1.331942e-01 5.880147e+00 -4.327489e+00 -1.823211e+00 1.660472e+00 -9.621672e+00 5.681217e-02 -1.872992e+00 -6.096696e-01 -5.844252e-01 -9.663563e-01 -1.574152e+00 8.419911e-01 -4.620169e-01 -1.954958e-01 -3.117171e-01 -6.141237e-01 1.649375e+00 7.279812e-01 -6.797223e-02 
1.973950e+00 -2.312115e+00 4.126784e+00 1.494192e+01 3.153078e+00 -6.153051e+00 9.070761e-01 4.698199e+00 -1.535062e-01 -1.774692e+00 2.667135e-01 -9.382196e+00 -3.377426e-02 -1.538570e+00 -2.325600e-01 -5.418762e-01 -1.929076e+00 -1.704212e+00 1.146414e+00 -6.438069e-01 -2.093945e+00 -1.947231e+00 -6.831647e-01 7.345276e-01 4.272506e-01 -5.459414e-02 
1.215763e-01 -2.643275e+00 3.466174e+00 8.967207e+00 3.204607e+00 -8.365487e-01 3.247172e+00 2.252463e+00 -6.646306e+00 -5.185110e+00 3.681419e+00 -5.691069e+00 -1.088769e-01 -1.723945e+00 -1.045524e-02 -1.182326e+00 -2.030491e+00 -8.047794e-01 -8.352529e-01 2.005813e-01 -6.831289e-01 -9.751507e-01 -6.234275e-01 -3.955915e-02 2.252784e-01 -4.474096e-02 
2.573047e-01 -1.437614e+00 3.874038e+00 8.789837e+00 1.306762e-01 -1.409303e+00 9.398695e-01 -4.235447e-01 -7.527479e+00 -2.049808e+00 3.099096e+00 -7.408245e+00 -1.017231e-01 -7.451892e-01 5.673643e-01 1.437277e-01 -4.277869e-01 -5.682904e-01 -3.237642e-01 -6.323097e-02 1.590340e-01 -4.521969e-01 5.168675e-01 -3.053108e-01 3.283853e-02 -1.524607e-02 
-2.246180e+00 -2.721079e+00 -1.068099e-01 8.282769e+00 1.354307e+00 -8.956976e+00 8.533156e-01 5.025374e+00 -5.516256e+00 -4.802790e+00 4.648519e-02 -9.482256e+00 -1.329182e-01 -5.489148e-01 3.863950e-01 -2.418664e-01 2.334379e-01 -2.775303e-01 -1.070422e+00 -2.609215e-01 1.035146e+00 1.575963e+00 1.383743e+00 -2.912716e-01 4.072362e-01 -6.044054e-03 
-5.681176e-01 5.636086e-01 6.631915e+00 1.314521e+01 1.236776e+00 -3.711659e+00 1.787849e+00 4.106913e+00 -2.979516e+00 6.184852e-01 5.576264e-01 -7.322411e+00 -9.798396e-02 1.994487e-01 5.514287e-01 3.880783e-01 4.261834e-01 -4.239859e-01 1.286602e-01 -6.896158e-02 4.432913e-01 6.999936e-01 9.438340e-01 -4.443796e-01 1.515463e+00 -9.041739e-03 
-2.210287e+00 -1.711911e+00 8.779035e-01 7.956711e+00 1.263905e+00 -5.037479e+00 1.518574e+00 5.162963e+00 -1.040474e+00 3.994579e-01 3.495796e+00 -3.697805e+00 -1.409668e-01 6.571963e-01 6.511225e-01 1.098176e+00 6.232909e-01 1.023173e-01 1.669567e+00 -3.150252e-01 -1.364365e-01 7.725097e-01 4.525777e-01 -2.268510e-01 2.112998e+00 -7.146478e-03 
1.236601e+00 8.149457e-01 5.322073e+00 1.108378e+01 -1.944052e+00 -2.725750e+00 2.624325e-01 1.724118e+00 -6.265402e+00 6.823802e-02 -8.474573e-01 -2.723156e+00 -1.429075e-01 3.351348e-01 5.100435e-01 2.500257e-02 4.858069e-01 9.166437e-01 1.257205e+00 9.888102e-01 3.779382e-01 4.786813e-01 5.814240e-02 4.170118e-02 1.497907e+00 -1.118395e-02 
1.374421e-01 4.088650e-01 6.038993e+00 1.242994e+01 3.456308e+00 -1.102094e+00 4.089832e-02 5.534589e+00 -1.076446e-02 -2.264778e+00 -3.852282e-01 -1.216890e+00 -1.461889e-01 1.300302e-01 7.087412e-01 1.064149e-01 7.886702e-01 1.162487e+00 5.470109e-01 8.232971e-01 -1.386385e-02 4.529700e-02 -1.405989e-01 -4.419300e-01 -2.889544e-01 -2.903700e-03 
-6.630802e-02 2.053438e+00 4.176383e+00 1.333763e+01 4.723793e+00 6.066749e-01 7.470738e+00 5.810791e+00 -1.100964e+00 2.241315e+00 2.706644e+00 -1.073334e+00 -1.512927e-01 -2.516732e-01 5.187625e-01 -1.830117e-01 7.059050e-02 1.785174e+00 7.601259e-02 4.679415e-01 -2.818703e-01 9.948874e-01 -5.967721e-01 -1.562860e+00 -2.544066e+00 1.525879e-06 
-9.086809e-01 1.212549e+00 1.982823e+00 1.077314e+01 3.742418e+00 -3.968637e+00 2.030907e+00 3.050307e+00 -3.396208e+00 -1.390075e+00 -4.909052e-01 -5.967488e+00 -1.512927e-01 2.713513e-01 9.971750e-01 2.907835e-01 -6.335033e-01 1.444059e-01 -8.137724e-01 -1.505940e-01 -4.721982e-01 8.663182e-01 6.942542e-01 -4.579105e-01 -2.373596e+00 7.370710e-05 
5.012970e-01 3.006917e+00 6.435099e+00 1.226513e+01 6.838764e+00 -9.124157e-01 1.607136e+00 1.556907e+00 4.017571e-01 -3.352974e+00 -8.608918e+00 -1.306818e+01 -1.403480e-01 2.780117e-01 3.727275e-01 -2.328750e-01 -1.471760e+00 -2.733893e-01 -8.752912e-02 7.604457e-01 9.840978e-01 1.211446e+00 1.142700e+00 3.660854e-01 -4.531353e-01 0.000000e+00 
1.210396e+00 4.918001e+00 6.363553e+00 9.798668e+00 3.120852e+00 -4.411410e+00 2.219730e+00 5.300540e+00 3.569466e+00 4.003637e+00 2.983000e+00 -7.087443e+00 -1.512927e-01 -5.486169e-02 7.864799e-02 -4.945740e-01 -1.169214e+00 -5.786476e-02 5.452274e-01 1.252390e+00 1.899690e+00 1.182314e+00 6.964794e-01 1.466820e+00 1.351787e+00 -1.094472e-03 
2.642121e-01 2.064350e+00 8.216426e-01 6.466065e+00 3.667629e+00 3.904160e-01 1.117856e+01 9.606164e+00 1.473430e+00 5.257957e+00 2.800119e+00 -2.779033e+00 -1.512927e-01 -2.760759e-01 -1.562890e-01 -3.356182e-01 -7.050551e-01 1.113649e-01 8.822819e-01 -3.376492e-02 -3.374940e-01 1.939963e-01 -1.469878e-01 8.947557e-01 1.607043e+00 -2.188945e-03 
-1.064447e+00 2.077072e+00 2.316681e+00 7.826600e+00 5.038661e+00 -1.893916e+00 3.507146e+00 8.524130e+00 1.979527e+00 -2.213144e+00 1.138678e+00 -4.353128e+00 -1.512927e-01 -4.054213e-01 -2.241684e-01 1.730919e-02 2.910204e-02 7.751269e-01 1.333486e+00 -1.265731e+00 -2.676912e+00 -4.879100e-01 -1.089009e+00 -1.458658e+00 6.231480e-02 0.000000e+00 
2.583389e-01 3.645936e+00 6.780444e+00 9.725893e+00 6.436684e+00 2.240247e+00 7.946031e-01 -1.742358e+00 2.166708e+00 -9.795222e-01 -3.212978e+00 -6.400128e+00 -1.512927e-01 3.421269e-02 5.854275e-01 7.632852e-01 -2.649118e-01 2.836435e-01 2.545575e-01 -1.886986e+00 -3.028944e+00 -1.304235e-01 -5.543666e-01 -4.124972e-01 -3.903974e-01 0.000000e+00 
-8.137736e-01 3.006366e+00 3.470698e+00 8.314264e+00 5.611959e+00 1.331105e+00 1.083053e+00 -2.409760e+00 7.832769e-01 1.677331e+00 -1.303738e+00 -4.965322e+00 -1.512927e-01 3.211770e-02 7.318953e-01 2.328888e-01 -9.658931e-01 -7.064708e-01 -4.778113e-01 -1.438363e+00 -2.095167e+00 -7.508247e-01 3.695848e-01 -7.170157e-02 2.202215e-01 0.000000e+00 
3.099389e-01 4.526840e+00 4.061060e+00 4.897674e+00 4.799198e+00 5.069327e-02 2.955672e+00 -7.161111e-02 1.419438e+00 5.408867e-01 1.958841e+00 -4.424923e+00 -1.512927e-01 -1.950799e-01 1.222813e+00 -3.696876e-01 -1.295811e+00 -5.764650e-01 -2.404553e-01 -1.407115e+00 6.478047e-02 -7.620571e-01 -1.961108e-01 1.297256e+00 1.963227e+00 0.000000e+00 
-9.296584e-01 5.296097e+00 4.840817e+00 5.411243e+00 2.325051e+00 -3.188196e+00 -4.765202e+00 -2.787077e+00 -1.400962e+00 -1.125425e+00 -1.805739e+00 -4.239623e+00 -1.512927e-01 -4.388138e-01 8.409974e-01 -3.609183e-01 -7.819435e-01 3.017647e-01 1.246452e+00 2.291069e-02 1.387098e+00 7.106985e-01 -4.155360e-01 -1.604861e-01 2.191574e-01 0.000000e+00 
-6.591182e-01 8.615134e+00 4.246946e+00 4.698346e+00 5.197813e+00 3.297621e+00 -3.316847e+00 -1.229797e+00 -5.514583e-01 -5.586984e-01 3.524302e+00 3.053159e+00 -1.512927e-01 -8.631303e-01 3.086113e-01 -8.321263e-01 -7.152197e-01 -1.917960e-01 1.496228e+00 3.604082e-01 7.749550e-01 3.179455e-03 -1.820204e-01 -2.372321e-01 -2.178580e-01 0.000000e+00 
-2.523314e+00 5.167206e+00 1.573164e+00 4.504210e+00 6.921475e+00 5.939901e+00 4.333866e+00 5.104822e+00 5.322217e+00 1.494439e-01 -2.888899e+00 -7.608576e+00 -1.512927e-01 -6.818289e-01 1.367049e-01 -3.999768e-01 -2.660109e-01 6.493478e-02 1.689310e+00 1.873257e+00 5.827170e-01 -1.821030e-01 -7.466326e-01 -6.189944e-01 -2.395068e-01 0.000000e+00 
-3.208885e+00 6.134342e+00 1.534256e+00 1.775092e+00 1.542006e+00 2.967783e+00 2.081789e-01 -1.427858e-01 -1.926254e+00 -1.006649e+00 1.314260e+00 -3.829736e+00 -1.512927e-01 -4.555964e-01 -3.434424e-01 -4.152689e-02 3.021105e-01 -3.664441e-01 -2.884741e-01 -1.540861e-01 -9.275312e-01 -9.068838e-01 -6.656926e-01 -4.520662e-01 -2.546290e-01 0.000000e+00 
-3.063920e+00 7.220017e+00 4.197278e+00 5.542816e+00 4.477629e+00 5.423271e+00 2.838569e+00 -4.169981e-01 -1.624079e+00 -4.634612e+00 -3.795690e+00 -1.995709e+00 -1.512927e-01 1.019485e-01 3.846875e-01 7.651852e-01 3.172537e-01 -6.437015e-01 -1.195582e+00 -9.254648e-01 -1.086959e+00 -1.655778e+00 -5.193504e-01 6.996461e-01 2.161866e+00 0.000000e+00 
-2.666797e+00 5.871516e+00 2.727254e+00 5.689596e+00 4.587516e+00 2.113565e+00 -3.339628e+00 -3.106544e+00 -1.612730e+00 -1.495133e+00 1.717367e+00 -1.026419e+00 -1.512927e-01 3.697352e-01 -5.675144e-02 -1.397599e-01 6.994421e-01 4.031602e-01 -4.212139e-01 5.062101e-01 -7.906387e-02 5.745144e-01 9.588749e-01 -9.981332e-02 3.939925e-01 0.000000e+00 
-2.284615e+00 7.222056e+00 4.802590e+00 4.133226e+00 2.180212e+00 3.890999e-01 1.480445e+00 1.151905e+00 -3.113434e+00 -2.203066e+00 4.077777e-01 1.799093e+00 -1.512927e-01 2.909692e-01 -2.189822e-01 -7.816644e-01 -2.054197e-01 -2.810734e-01 -1.171198e+00 -9.010031e-01 -8.595302e-01 6.837313e-01 1.550760e+00 5.211548e-01 1.102274e-01 0.000000e+00 
-1.749861e+00 5.849566e+00 5.328002e-01 5.977098e+00 4.706515e+00 3.378800e+00 3.418292e+00 -1.322557e+00 1.690995e+00 2.571952e+00 -1.286540e+00 -3.757175e+00 -1.512927e-01 -2.314098e-01 -3.479953e-01 -3.725791e-01 1.706693e-01 -4.772791e-01 1.561679e+00 3.974786e-02 -3.354736e-01 6.792304e-01 9.680040e-01 -1.325320e+00 -3.468131e-01 0.000000e+00 
-2.067542e+00 6.136082e+00 1.386184e+00 4.371966e+00 3.012762e+00 -1.065333e+00 -5.045406e+00 -5.606642e+00 1.427155e-01 1.085645e+00 3.120375e-01 -7.919443e-02 -1.512927e-01 -6.436304e-01 -4.795814e-01 2.285094e-02 5.524670e-01 -1.842661e+00 3.207722e+00 -2.894164e-01 -6.152785e-01 7.302973e-01 8.548300e-01 -1.600971e+00 -4.145943e-02 4.662013e-03 
-3.932383e+00 4.674527e+00 2.572562e+00 6.423573e+00 1.784846e+00 1.064918e+01 1.220366e-01 -1.404638e+00 1.553475e-01 1.700532e+00 -4.861361e+00 -1.821341e+00 -1.512927e-01 4.250058e-01 -3.064090e+00 1.042412e+00 -4.136201e-01 -3.837875e+00 1.519140e+00 -5.786772e-01 3.118512e-01 1.851080e+00 3.812231e-01 -1.222262e+00 7.068119e-01 3.520251e-02 
-4.411506e+00 5.411669e+00 3.896964e+00 6.672324e+00 -5.572257e+00 1.279252e+01 1.681490e+00 -1.883447e+00 1.305877e+00 2.506794e+00 -5.809669e+00 6.238788e-01 -1.279826e-01 1.324521e+00 -4.720648e+00 8.510745e-01 -6.719241e-01 -4.247386e+00 3.956653e-01 -5.043861e-01 6.711784e-01 3.796829e+00 1.149143e+00 -4.735097e-01 1.737179e-01 8.274720e-02 
1.547150e+00 -9.108678e+00 4.489470e+00 2.758818e+00 -1.019035e+01 4.045575e+00 -2.838543e+00 -1.624899e+00 1.036481e+01 3.767492e+00 -4.336997e+00 -5.746520e-01 1.306486e-02 1.727927e+00 -2.340065e+00 -1.948848e-02 -6.239180e-01 -8.866210e-02 -1.889498e+00 -2.006869e+00 -1.022571e+00 2.760932e+00 1.079419e+00 6.832835e-01 4.455409e-02 3.082472e-02 
1.815298e+00 -1.057556e+01 4.683102e+00 2.844723e+00 -1.223657e+01 4.214794e+00 -6.087047e+00 -2.140620e+00 1.402213e+01 5.797877e+00 -2.317693e+00 1.660507e-01 1.802645e-01 8.440304e-01 9.199464e-01 -1.166505e+00 -6.787364e-01 4.286411e+00 -4.214092e-01 1.428574e-01 2.744087e-01 1.504386e-01 -2.456296e-01 7.005724e-01 -7.493129e-01 -2.109777e-02 
1.593851e+00 9.678135e-01 2.082051e+00 5.217783e+00 4.673691e+00 5.490548e+00 -6.028038e+00 -6.388908e+00 7.601880e+00 5.452088e+00 -3.190931e+00 -1.369656e+00 -1.512927e-01 -9.157835e-01 3.844415e+00 -1.869771e+00 1.483687e-01 5.045696e+00 1.290691e+00 2.531995e+00 9.477851e-01 -2.601293e+00 -1.411894e+00 -2.551503e-02 -1.051435e+00 -6.602723e-02 
-2.147045e-01 4.973155e+00 -7.318494e-01 2.049160e+00 8.427777e+00 9.962987e+00 3.990525e+00 1.870602e+00 3.439537e+00 4.363481e-01 -2.879840e+00 -2.725183e+00 -1.512927e-01 -1.185991e+00 2.776858e+00 -2.062072e+00 -5.058224e-01 2.575032e+00 -1.651880e-01 2.299250e+00 1.487852e+00 -1.972993e+00 -1.278154e+00 3.079642e-01 -7.544352e-01 -6.631144e-02 
-2.016766e+00 2.339041e+00 -2.151908e+00 3.898443e+00 4.705960e+00 7.624932e+00 4.782648e+00 1.108416e+00 2.649644e+00 -6.112143e-01 -4.183498e+00 -4.386210e+00 -1.512927e-01 -1.403749e+00 -7.701139e-02 -1.271869e+00 -5.674980e-01 -1.516141e+00 -1.782115e+00 1.159041e+00 1.908335e+00 -1.155345e+00 -7.745255e-01 1.195918e+00 -2.762961e-01 0.000000e+00 
-2.309348e+00 2.623119e+00 -3.510281e+00 9.752808e-01 6.224564e-01 2.321662e+00 3.860474e-03 1.549979e+00 6.633282e+00 2.438760e+00 -2.815882e-01 -2.097848e+00 -1.512927e-01 -8.056459e-01 -6.301007e-01 -7.393848e-01 -8.137850e-01 -2.315913e+00 -2.244155e+00 5.917568e-02 7.955643e-01 4.714646e-01 -1.386347e-01 1.985131e-01 1.516422e-01 0.000000e+00 
-4.377571e+00 1.757774e+00 -2.888080e+00 2.917232e+00 9.956479e-01 4.006347e-01 1.760500e+00 3.313076e+00 2.282818e-01 5.782540e-01 1.489534e+00 -3.064804e+00 -1.512927e-01 -7.153770e-01 -1.015962e-01 -4.291744e-01 -7.470345e-01 -8.749431e-01 -7.704414e-01 3.556538e-03 6.793348e-01 -2.575566e-01 5.580150e-01 5.001073e-02 5.002698e-01 0.000000e+00 
-3.062532e+00 2.113285e+00 -4.060687e+00 -1.529160e+00 -1.296630e+00 2.354361e+00 5.797477e+00 4.746093e+00 7.007541e+00 -8.515596e-01 -4.723791e+00 -2.627676e+00 -1.512927e-01 -7.493312e-01 1.850891e-01 1.745870e-01 -8.185593e-01 -4.083617e-01 2.295434e-01 8.713434e-01 4.417081e-02 -1.524382e+00 -2.848961e-01 -8.824762e-01 1.556871e-01 0.000000e+00 
-5.217059e+00 2.085977e+00 -4.022576e+00 1.415491e+00 1.290787e+00 3.756375e+00 1.903622e+00 2.907033e+00 1.174731e+00 3.824020e+00 -1.712344e+00 -1.619948e+00 -1.512927e-01 -9.375825e-01 5.651331e-03 3.546908e-01 -7.173095e-01 -8.248686e-01 1.045983e-01 5.171683e-01 -1.467040e+00 -1.695426e+00 -1.009155e+00 3.976828e-01 7.471293e-01 0.000000e+00 
-5.636260e+00 3.384463e+00 -2.070097e+00 -2.366645e+00 -1.566922e+00 1.791508e+00 4.289017e+00 1.973855e+00 -1.461852e+00 -6.086037e-01 -3.093030e+00 -2.041841e+00 -1.512927e-01 -1.140571e+00 -4.961838e-01 5.241806e-01 -5.197108e-01 -8.038246e-01 -1.391109e+00 -7.818903e-01 -1.615821e+00 -1.768434e+00 -1.238034e+00 1.701170e+00 5.909737e-01 0.000000e+00 
-7.778619e+00 1.150442e+00 -2.109920e+00 -2.505729e-01 -2.993549e+00 1.205053e+00 5.100572e+00 -2.636005e+00 -4.014154e+00 -4.589001e+00 2.662568e+00 3.779247e-01 -1.512927e-01 -4.900489e-01 -9.107429e-01 -9.827516e-02 -1.034894e+00 -6.525558e-01 -1.953736e+00 -1.327745e+00 -9.644258e-02 1.694950e-01 -7.077262e-01 1.910168e+00 8.084156e-01 0.000000e+00 
-7.484605e+00 1.001332e-01 -2.396112e+00 -3.294682e+00 -3.173585e+00 -3.325523e+00 2.895502e-01 -5.614929e-01 7.598144e-01 -2.835219e+00 1.594602e+00 -6.717433e-01 -1.512927e-01 -4.281330e-03 -1.357754e-01 -4.493868e-01 -4.359248e-01 -3.518443e-02 -3.338030e-01 -1.840748e+00 -1.842186e-01 6.655880e-01 9.292553e-01 1.078999e+00 1.270341e+00 0.000000e+00 
-6.743130e+00 -8.255723e-01 -4.350945e+00 -3.294962e+00 -1.168661e+00 -3.453789e+00 -2.735368e+00 3.692494e+00 9.113730e-01 1.398697e+00 5.494679e+00 1.737081e+00 -1.512927e-01 7.750555e-01 8.032633e-01 1.072971e-01 5.708703e-01 1.317288e+00 1.722851e+00 -5.315106e-01 6.906911e-01 1.483414e+00 2.976749e+00 5.652010e-01 8.490669e-01 0.000000e+00 
-6.175411e+00 3.693594e+00 -3.196519e+00 -3.024075e+00 -2.655288e+00 2.451914e+00 -9.967511e-01 -2.111488e+00 -5.966752e-01 1.043824e+00 8.859081e-01 3.630284e+00 -1.512927e-01 3.426202e-01 8.481318e-01 3.827181e-01 1.198879e+00 1.103203e+00 2.119787e+00 8.962448e-01 -9.768696e-02 6.670204e-01 1.195480e+00 -3.238224e-01 1.070425e+00 0.000000e+00 
-4.557939e+00 3.370028e+00 -1.173231e+00 2.468475e+00 3.333741e+00 6.930588e+00 3.086170e+00 1.592448e+00 4.081162e+00 8.355224e+00 5.842920e+00 2.472245e+00 -1.512927e-01 -8.375902e-02 6.010472e-01 1.142500e+00 1.184474e+00 4.434497e-02 4.762676e-01 1.126942e+00 -1.605699e-01 9.130160e-01 2.815790e-01 -4.170298e-01 -1.898217e-03 0.000000e+00 
-6.864100e+00 2.242992e+00 -2.071378e+00 -1.820061e-01 9.122741e-02 2.081223e+00 1.860005e+00 9.560585e-05 2.510022e+00 -3.360825e-01 -1.986312e-01 4.312802e+00 -1.512927e-01 -4.900646e-01 -7.964877e-01 4.752026e-01 6.533182e-01 -5.564925e-01 -1.898568e+00 -2.239995e-01 1.500358e+00 4.995128e-01 -3.072863e-01 7.553401e-01 -7.219831e-01 0.000000e+00 
-6.817581e+00 2.904964e+00 7.989826e-01 1.206371e+00 -2.320193e+00 -8.871057e-01 1.470962e+00 1.833853e+00 3.923104e+00 3.496545e+00 3.951799e+00 1.386331e+00 -1.512927e-01 -1.326006e-01 -6.552762e-01 -2.536191e-01 -3.069537e-01 -8.432102e-01 -1.200935e+00 8.116915e-02 1.217283e+00 -4.488476e-01 -1.626941e+00 2.110989e-01 -8.642178e-01 0.000000e+00 
-7.495913e+00 -5.631351e-02 -1.806613e+00 8.735683e-01 -2.610784e+00 -3.132079e+00 -1.309144e+00 5.269602e+00 1.979918e+00 1.936732e+00 5.608169e+00 5.633256e-01 -1.512927e-01 4.091269e-01 -2.599375e-01 -7.292446e-01 6.623982e-01 1.012918e+00 6.265465e-01 2.412436e-01 9.398704e-01 -7.872981e-01 5.021505e-02 9.204642e-01 -1.149675e+00 0.000000e+00 
-4.905035e+00 1.243299e+00 -2.573709e+00 4.059196e-01 4.686955e-01 3.532563e+00 5.076591e+00 5.044111e+00 2.101977e+00 -9.158868e-01 3.995014e+00 2.589489e-02 -1.512927e-01 5.205825e-01 2.826524e-02 -1.158060e+00 8.225393e-02 1.521259e+00 1.328482e+00 2.233374e-01 -7.582014e-01 -1.701843e+00 -2.472324e-01 -8.754581e-01 -5.424612e-01 0.000000e+00 
-5.774738e+00 1.774137e+00 -4.031255e+00 3.530211e+00 3.761372e+00 3.004121e+00 1.263409e+00 3.094318e+00 -5.159048e-01 2.121209e+00 4.382082e+00 -7.553537e-01 -1.512927e-01 3.406095e-01 5.935160e-01 2.137279e-01 -4.888121e-01 4.630224e-01 9.523185e-01 2.100646e-01 -1.834977e+00 -9.215752e-01 -5.809745e-01 -1.559010e+00 -1.849013e-01 0.000000e+00 
-5.075256e+00 2.131065e+00 -3.878997e+00 2.893198e-01 2.100026e+00 2.687204e+00 1.301372e+00 -8.695121e-01 -3.338201e+00 2.168145e+00 1.875515e-01 -6.666352e-01 -1.512927e-01 -1.518576e-01 3.001458e-01 6.815757e-01 -2.281228e-01 3.651188e-01 7.821900e-02 -3.290667e-01 -1.007332e+00 -8.286471e-03 -5.696753e-01 -9.939674e-01 4.793433e-01 0.000000e+00 
-5.707756e+00 2.467383e+00 -8.533025e-02 -1.512192e+00 -1.111337e+00 2.052192e+00 1.628788e+00 -9.484705e-01 9.213077e-02 -2.510156e+00 -2.831481e-01 -1.491592e-02 -1.512927e-01 -1.767130e-01 2.861232e-01 8.072485e-01 -2.248211e-01 3.257813e-01 3.793627e-01 5.714896e-01 -1.804234e-01 8.898369e-01 -4.342689e-01 -5.515541e-01 1.374583e+00 0.000000e+00 
-5.697814e+00 2.397405e+00 -1.138793e+00 1.786507e+00 4.730644e+00 4.399622e+00 3.248567e+00 2.028847e+00 1.756527e+00 -1.448581e+00 1.357792e+00 2.052392e+00 -1.512927e-01 -4.565919e-01 8.563924e-02 6.070048e-01 1.086025e+00 9.676205e-01 2.211842e-01 -1.777012e-01 7.019786e-01 6.719705e-01 7.839135e-01 5.794168e-01 1.381638e+00 0.000000e+00 
-6.347023e+00 3.071583e+00 -1.365115e+00 1.657511e+00 4.074969e+00 4.044725e+00 3.147259e+00 7.430217e-01 1.385916e+00 1.758227e+00 1.039192e+00 4.758045e+00 -1.512927e-01 -4.032782e-01 3.567553e-02 6.315634e-02 1.392901e+00 1.069153e+00 2.679427e-01 -9.706352e-01 2.265742e-01 2.113717e-01 1.431766e+00 -1.870371e-01 6.591324e-01 0.000000e+00 
-7.038581e+00 2.257162e+00 -2.040803e-01 4.134595e+00 4.344975e+00 2.796859e+00 -3.463700e-01 1.794635e+00 -6.252405e-01 3.953521e+00 2.423465e+00 3.855073e+00 -1.512927e-01 -5.472587e-01 -6.768875e-01 -6.062409e-01 6.678577e-02 -1.278906e+00 9.155298e-03 -3.285145e-01 1.518872e-01 6.949820e-01 1.905255e+00 3.026534e-01 6.311949e-01 0.000000e+00 
-7.053763e+00 2.715883e+00 -2.369049e-01 4.278270e+00 4.427262e+00 4.193288e+00 -1.426919e+00 3.015062e-01 2.339873e+00 1.947624e+00 -1.751170e+00 2.379405e+00 -1.512927e-01 -4.320720e-01 -9.449209e-01 -4.207004e-01 -4.913551e-01 -1.518896e+00 4.498736e-02 4.833884e-01 9.567394e-01 8.856615e-01 8.357481e-01 5.641531e-01 2.358470e-01 0.000000e+00 
-8.080738e+00 -8.091822e-01 -4.734102e+00 8.100564e-01 -1.840030e+00 4.371118e+00 3.893084e+00 3.009040e+00 4.754458e+00 7.982994e+00 4.266240e+00 6.397687e+00 -1.512927e-01 2.125697e-01 -4.351371e-01 -2.355927e-01 -1.308374e-01 -3.311494e-01 6.331412e-01 1.393148e+00 -8.179612e-02 4.394744e-01 2.181996e-01 6.861134e-01 1.756006e-01 0.000000e+00 
-7.986305e+00 -1.198492e-01 -1.203606e+00 8.630052e-01 -4.270105e-01 3.482533e+00 3.444475e+00 4.919517e+00 3.124374e+00 3.922231e+00 2.938570e+00 4.665973e+00 -1.512927e-01 4.409156e-01 -4.008892e-01 -2.879831e-01 3.202220e-01 5.831715e-01 4.520499e-01 3.648924e-01 -6.565875e-01 -1.128623e+00 -4.824438e-02 1.437616e+00 -8.453977e-02 0.000000e+00 
-5.509462e+00 1.499342e+00 -8.986933e-01 5.188041e+00 5.116364e+00 6.317942e+00 4.183675e+00 -9.233509e-01 1.179881e+00 4.057215e+00 3.509162e+00 3.589792e+00 -1.512927e-01 5.743312e-01 4.097376e-02 -1.117649e-02 8.588046e-01 1.570184e+00 4.215608e-01 -1.047390e+00 -1.398330e+00 -1.718115e+00 -8.880345e-01 5.975295e-01 -7.379385e-01 0.000000e+00 
-6.134823e+00 -4.428253e-01 -3.594525e+00 3.690388e+00 3.864923e+00 5.480125e+00 2.522473e-01 -1.015236e+00 -1.515954e+00 3.669291e+00 5.815449e+00 3.360654e+00 -1.512927e-01 3.077601e-01 -2.588120e-01 -7.477670e-01 4.157113e-01 7.332425e-01 3.157368e-01 -1.031588e+00 -1.196139e+00 -1.197649e+00 -8.938031e-02 8.060044e-01 -2.839776e-01 0.000000e+00 
