5.751095e-01 1.082268e+00 -5.835386e+00 -2.216491e+00 -4.756654e+00 -7.910454e-02 4.345418e+00 5.240121e+00 3.460874e+00 1.227327e+00 -1.979442e-01 -6.642753e-01 -1.512927e-01 5.538281e-01 2.342111e-01 2.527515e-01 1.012217e+00 1.364487e+00 6.873155e-01 -1.864764e-01 -3.155518e+00 -2.224406e+00 6.506140e-01 -6.165851e-01 7.466551e-01 0.000000e+00 
2.960069e+00 3.224805e+00 -2.711331e+00 3.870199e+00 -7.467410e-01 4.288585e+00 5.797976e+00 -9.005430e+00 -4.086883e+00 2.729072e+00 -4.130224e-01 1.015201e+00 -1.512927e-01 4.493953e-01 2.003079e-02 -1.475259e-01 6.785940e-01 2.552078e-01 -6.032391e-01 -6.698359e-01 -2.748868e+00 -2.303218e+00 4.905652e-01 -4.201558e-01 2.968689e-01 0.000000e+00 
2.151771e+00 1.182055e+00 -6.133656e+00 -1.987509e-01 6.082294e-02 1.173628e+00 2.686757e+00 -3.414690e+00 -3.887275e+00 3.729524e+00 -3.173331e+00 2.229262e+00 -1.512927e-01 3.327074e-01 -1.576775e-01 -3.775949e-01 1.761287e-01 -3.490363e-01 -6.911734e-01 2.442696e-01 -1.814091e-01 -1.552134e+00 -6.489262e-01 -5.759597e-01 2.811858e-01 0.000000e+00 
2.033755e+00 1.132529e+00 -6.423881e+00 1.676091e-01 -5.889354e+00 -3.721667e+00 1.825569e+00 -4.176811e+00 -4.381142e+00 2.429054e+00 -8.110298e-01 -6.266994e-01 -1.512927e-01 -2.092971e-01 -3.957056e-01 -4.495091e-01 -1.877705e-01 -2.701831e-01 -1.143077e+00 1.404042e+00 2.678299e+00 3.751205e-01 -1.223357e+00 3.154330e-01 -2.540361e-01 0.000000e+00 
2.701803e+00 1.340019e+00 -5.867085e+00 5.154477e-01 -3.930529e+00 4.701541e-01 7.552969e+00 1.918766e+00 -4.152665e+00 -1.867295e+00 -2.878739e+00 1.562604e+00 -1.512927e-01 -2.297746e-01 2.248892e-01 4.857825e-01 4.171161e-01 4.308837e-01 7.457615e-01 2.075114e+00 9.232276e-01 -3.850543e-01 -1.053892e+00 2.421648e-01 -1.062337e-01 0.000000e+00 
1.638567e+00 1.167295e+00 -5.092161e+00 2.574248e+00 -1.019802e-01 -1.075063e+00 1.038508e+01 1.719339e+00 -2.078585e+00 -5.893012e-01 1.016847e+00 7.834977e-02 -1.512927e-01 -5.194389e-01 2.302909e-02 1.758797e-01 1.718924e-01 1.231979e+00 1.842065e+00 1.507839e+00 6.488755e-02 7.411218e-02 6.255048e-01 8.463325e-02 6.088523e-01 0.000000e+00 
1.200492e+00 2.289118e+00 -4.370603e+00 6.835102e-01 -6.784452e-01 3.579134e+00 8.782572e+00 -1.746627e+00 -6.963824e+00 -3.075564e-02 -2.876445e+00 1.345569e+00 -1.512927e-01 -2.990254e-01 -5.703545e-02 -5.345090e-01 -7.926758e-01 4.670653e-02 -8.379330e-02 -1.604286e+00 -2.361283e+00 3.360955e-01 1.018411e+00 -5.665169e-01 -1.210309e+00 0.000000e+00 
1.872168e-01 7.731248e-01 -6.292723e+00 9.430401e-01 -1.355502e+00 3.934167e+00 8.749961e+00 -2.019677e+00 -2.605001e+00 4.638309e+00 -3.890104e-01 2.526080e+00 -1.512927e-01 2.719154e-01 4.006515e-01 -1.417109e-01 -2.182405e-01 1.859849e-01 -6.837671e-01 -3.092539e+00 -2.355380e+00 -9.841585e-01 1.034058e-01 -1.402648e+00 -9.890264e-01 0.000000e+00 
1.932351e+00 1.251927e+00 -7.939350e+00 -2.632328e+00 -3.070236e+00 -2.453427e+00 3.490987e-01 -8.018141e+00 -2.208979e+00 6.109573e-01 -5.008395e+00 -5.712804e+00 -1.512927e-01 4.568407e-01 5.311698e-01 1.446887e-01 1.185664e+00 4.443309e-01 -1.340985e-01 -2.305872e+00 -7.435914e-01 8.530059e-02 9.768143e-01 -3.711078e-01 -6.961933e-01 0.000000e+00 
2.632215e+00 3.689149e+00 -4.016343e+00 3.140964e+00 2.023840e+00 -1.477618e+00 -8.608780e-01 -6.921804e+00 -9.376801e+00 -3.931288e-01 -4.930420e+00 -1.337596e+00 -1.512927e-01 3.398104e-01 9.472206e-01 1.263783e+00 1.524934e+00 1.803196e-01 7.183486e-01 -9.046867e-01 8.302792e-01 -4.465014e-01 -2.126763e-01 -2.988643e-01 3.434906e-02 0.000000e+00 
2.262197e+00 3.486955e+00 -4.785350e+00 5.512868e+00 -1.464615e-01 5.614533e+00 2.058631e+00 -3.013521e+00 -3.151422e+00 7.369034e+00 -2.461280e+00 -2.035600e-01 -1.512927e-01 -3.679355e-01 1.143841e+00 1.726219e+00 1.090480e+00 -5.003961e-01 2.036186e+00 1.946882e+00 1.601428e+00 -7.466793e-03 4.419903e-01 1.953518e-02 1.303278e+00 0.000000e+00 
1.721346e+00 4.391714e+00 -1.550805e+00 4.495111e+00 -1.915791e+00 3.491929e+00 3.371761e+00 -3.705907e-01 -4.366287e+00 1.958889e-01 -3.156889e+00 -5.679646e-02 -1.512927e-01 -6.577894e-01 4.515336e-01 8.240832e-01 -9.479632e-01 -1.300518e+00 2.161764e-01 1.386893e+00 -9.157612e-02 1.152791e+00 2.224441e-01 1.517423e-01 4.645841e-01 0.000000e+00 
5.481081e-01 6.619851e+00 -5.410216e-01 2.142998e+00 -3.602401e+00 5.242730e+00 7.967186e+00 -3.286608e+00 -4.751570e+00 2.526400e+00 -5.797484e+00 1.631844e-01 -1.512927e-01 -1.869774e-01 9.928570e-02 -5.459380e-03 -1.580322e+00 -2.229251e-01 -1.352143e+00 1.426988e-01 -1.060062e+00 -4.936402e-02 -6.409436e-01 7.515116e-01 -3.169892e-01 0.000000e+00 
2.003117e-01 4.380369e+00 -2.018091e+00 8.608329e-02 -2.750779e+00 -2.108344e-01 3.119308e+00 -7.243141e+00 -2.812772e+00 3.140409e+00 -2.503606e+00 8.019522e-01 -1.512927e-01 -7.098541e-02 -8.377606e-01 -7.040583e-01 -8.665116e-01 4.612719e-01 -1.214395e+00 1.148376e-02 -1.543621e-01 -4.576404e-02 4.254899e-01 1.157796e+00 -3.998219e-01 0.000000e+00 
2.087827e+00 3.989056e+00 -4.579004e+00 -1.842272e-01 -8.435928e-01 7.052001e-01 2.898351e+00 -4.877554e+00 -4.174999e+00 2.692056e+00 9.696366e-01 -2.217880e+00 -1.512927e-01 7.016590e-01 -9.470995e-01 -9.014825e-01 -6.534561e-01 5.734161e-01 -1.065427e+00 -3.953401e-01 1.608398e+00 3.797351e-01 -3.212871e-01 3.299048e-01 -4.610454e-01 0.000000e+00 
5.965595e-01 1.518308e+00 -3.052105e+00 1.326166e+00 -9.888352e-01 -3.112785e-01 5.963597e+00 -3.469281e-01 -4.883393e+00 2.240510e+00 -7.514692e-01 -8.653734e-01 -1.512927e-01 9.571285e-01 -1.334160e-01 -4.393927e-01 -1.397154e-01 4.996719e-01 -2.036155e-01 4.783783e-02 8.964235e-01 -2.363428e-01 -5.851372e-01 -4.362136e-01 -3.138609e-02 0.000000e+00 
3.858279e+00 3.315384e+00 -4.531427e+00 -1.744324e+00 -1.616293e+00 -3.418148e-02 4.568341e+00 1.307277e+00 -1.817585e+00 1.369914e+00 -5.024029e+00 -1.308380e+00 -1.512927e-01 1.349280e-01 -9.026575e-03 2.262731e-02 -7.185017e-02 -4.157077e-01 -8.116104e-01 -9.037793e-02 1.367308e-01 -8.948663e-01 -1.015346e+00 -3.493550e-01 4.503818e-01 0.000000e+00 
4.100728e+00 4.050125e+00 -4.238842e+00 1.675549e-01 1.339303e-01 -8.592212e-01 2.523503e+00 -5.853439e+00 -5.173193e+00 8.757939e-01 -1.687841e+00 1.902714e-01 -1.512927e-01 -7.081280e-02 8.814783e-02 -6.754925e-01 1.370502e-01 -7.166073e-01 -9.969883e-01 -3.948839e-01 6.203682e-02 -1.576006e-01 -1.092427e+00 -7.255183e-01 -2.864845e-01 0.000000e+00 
1.010383e+00 2.678015e+00 -3.872499e+00 3.582746e-02 -3.483514e+00 -3.078881e+00 4.166509e+00 -1.440645e+00 -8.504431e+00 -1.702313e+00 -3.089528e-01 -4.937941e-01 -1.512927e-01 -8.040371e-01 -6.025987e-01 -2.148389e-01 -1.271107e-01 -6.133527e-01 -1.406171e+00 -6.050674e-01 1.432367e-01 8.734299e-01 -6.913773e-01 -8.055910e-01 -7.389995e-01 0.000000e+00 
1.666444e+00 2.277732e+00 -6.759032e+00 1.121341e+00 -3.638261e+00 -3.773871e+00 4.190094e+00 1.337217e+00 -2.327973e+00 -1.685514e+00 -6.736599e+00 -2.705089e+00 -1.512927e-01 -2.695800e+00 -2.295913e+00 2.491957e+00 -1.661464e+00 -1.090712e+00 1.139557e+00 -6.614766e-01 2.007992e+00 2.192888e+00 4.118069e-01 7.718734e-02 -1.437786e+00 5.996652e-02 
1.055236e+00 1.188587e+00 -4.345527e+00 -2.856771e+00 -2.796961e+00 -5.607712e+00 7.097082e-01 -1.571868e+00 1.126955e+00 -8.063184e-01 -6.527605e+00 -3.555697e+00 -1.512927e-01 -3.826831e+00 -2.960563e+00 4.726404e+00 -1.370237e+00 -3.658676e-01 2.534370e+00 -1.800450e+00 9.117562e-01 2.025693e+00 1.346776e+00 1.673803e+00 -1.247141e+00 1.277007e-01 
-9.400697e+00 -6.684728e+00 8.457457e+00 -6.693466e+00 -5.662906e+00 6.102982e+00 9.445200e-01 4.252131e+00 9.755512e-01 2.486831e+00 1.807422e+00 -5.467707e+00 1.485399e-01 -2.111810e+00 -1.616613e+00 3.956833e+00 -1.072026e+00 -1.174147e-01 2.755038e+00 -1.931275e+00 -3.886147e-01 -8.421545e-01 3.841663e-01 3.042935e+00 4.100484e-01 5.648933e-02 
-1.259020e+01 -7.643571e+00 1.215128e+01 -2.907954e+00 -4.300529e+00 4.654546e+00 -3.212954e+00 1.660679e+00 -2.772713e-02 2.945394e+00 3.788052e+00 -5.348190e+00 3.372948e-01 8.147514e-01 6.062716e-01 -5.050714e-01 1.219720e+00 2.518681e-01 2.032617e+00 5.953481e-01 1.392932e-01 -5.377324e-01 -1.661770e-01 9.872624e-01 5.106985e-01 -2.616796e-02 
-2.069888e+00 -1.389254e+00 4.776731e+00 -4.213196e+00 -3.473551e+00 4.870193e+00 -3.504951e+00 -2.222129e+00 -5.961404e+00 -1.640539e+00 3.320249e+00 2.413998e-01 -1.131397e-01 3.597558e+00 2.508669e+00 -5.026917e+00 1.670330e+00 9.009711e-01 -1.291738e+00 1.769189e+00 -1.163079e+00 -1.446077e-02 -4.736761e-01 -1.005075e+00 8.315221e-01 -1.088253e-01 
1.463589e+00 1.572208e+00 -5.030521e+00 2.001694e+00 -2.632298e+00 5.171766e+00 5.911184e+00 2.361728e+00 1.906771e+00 4.264817e-01 -2.347707e+00 -3.856758e+00 -1.512927e-01 3.478772e+00 2.243082e+00 -4.524752e+00 1.314097e+00 3.959041e-01 -2.135231e+00 2.568673e+00 -6.802512e-01 4.465899e-01 -6.553786e-01 -2.073715e+00 1.116989e+00 -1.015328e-01 
1.560201e+00 1.250728e+00 -8.086231e+00 -7.966405e-01 -1.992166e+00 -6.143199e-01 5.228397e+00 -1.913790e+00 -6.400144e-02 1.377907e+00 -1.500728e-01 -2.055812e+00 -1.512927e-01 9.909380e-01 6.043260e-01 -2.125382e+00 1.240664e+00 -3.480944e-01 -2.432199e+00 1.110723e+00 -7.782601e-01 9.387419e-01 1.039580e+00 -1.150573e+00 2.998392e-01 -7.630587e-03 
2.988613e+00 2.251845e+00 -4.041001e+00 1.954252e+00 -3.061701e+00 -3.279350e+00 5.263735e+00 -1.894747e+00 -7.434793e-01 -1.840721e+00 -4.845365e+00 1.385362e+00 -1.512927e-01 2.123175e-02 -5.021015e-01 2.362420e+00 -6.058160e-01 -7.450086e-01 3.857260e-02 -1.782762e+00 -1.743852e-01 -2.610192e-01 4.129075e-01 9.961160e-01 1.113920e+00 1.190686e-02 
2.122290e+00 1.292558e+00 -6.344938e+00 2.013847e+00 -4.999321e+00 -3.065243e+00 2.372388e+00 -3.985193e+00 5.742943e-02 4.690963e+00 -1.183789e+00 -8.804641e-01 -1.512927e-01 -4.107879e-01 -1.020702e+00 2.868942e+00 -4.451624e-01 -2.157896e+00 1.833747e+00 -7.633340e-01 1.362232e-01 -1.836078e+00 3.456778e-01 1.100257e+00 4.073703e-03 7.912827e-03 
1.288703e+00 -9.592144e-01 5.910934e+00 -2.432629e+00 -4.853764e+00 6.590091e+00 -1.574620e+00 2.525504e+00 5.409590e-01 8.344911e-01 3.149732e+00 1.125170e+00 -9.175837e-02 -1.060207e+00 -2.755329e+00 2.450643e+00 1.210363e+00 -1.746726e+00 2.294658e+00 -2.038757e+00 1.362648e+00 -1.899829e+00 -1.032757e+00 1.272587e+00 4.507986e-01 4.181302e-02 
3.562164e-01 -2.247253e+00 1.282513e+00 -8.290113e-01 -1.188561e+01 3.619696e+00 4.830905e+00 -3.442799e+00 -9.886614e+00 1.768689e+00 1.353666e+00 -1.905348e+00 -1.414957e-01 -1.162495e+00 -3.059210e+00 1.732518e+00 2.447209e+00 -1.056350e+00 1.022390e+00 -2.145038e+00 2.231901e+00 -1.162560e+00 -2.182875e+00 6.606846e-01 2.087870e+00 4.942043e-02 
-1.429385e+00 -9.754894e+00 4.398487e+00 9.427498e+00 -8.352184e+00 4.851470e+00 -6.159308e+00 4.647299e+00 -5.270603e+00 -5.543369e+00 2.488447e-01 4.151797e+00 5.287391e-02 -8.977652e-02 -8.376790e-01 -1.922129e+00 2.168216e+00 -5.062590e-01 -2.570822e+00 -1.854515e-01 1.622281e+00 9.701949e-01 -5.605747e-01 3.832313e-01 3.213074e+00 4.592043e-03 
-2.331141e+00 -9.605654e+00 3.073876e+00 8.319827e+00 -8.531859e+00 2.916020e+00 -6.060459e+00 6.113415e+00 -2.849591e+00 -3.034481e+00 3.570078e+00 8.045574e+00 2.349335e-02 6.545610e-01 1.486305e+00 -1.716123e+00 2.268003e-01 1.203331e+00 -2.544958e+00 -1.721554e-02 7.025521e-01 1.928981e+00 -1.841072e-01 4.079827e-01 9.168426e-01 -2.237605e-02 
2.183499e+00 -1.468409e+00 -4.595394e+00 3.834033e+00 -9.061934e+00 -5.912179e+00 2.943804e+00 5.858804e+00 1.873423e+00 4.332026e-01 3.957682e+00 1.221508e+01 -1.512927e-01 9.082823e-01 2.972486e+00 -2.858158e+00 -2.238059e+00 1.665861e+00 -1.861440e+00 2.639455e+00 -3.347732e+00 -6.361791e-02 1.569546e+00 -3.719297e-01 -1.520287e+00 -5.831192e-02 
1.822579e+00 1.041029e+00 -2.801162e+00 3.101722e+00 -5.514083e+00 -3.723268e+00 1.932702e-01 -5.357910e-01 -3.813722e+00 -2.140132e+00 1.539161e+00 -1.352774e+00 -1.512927e-01 9.800259e-01 2.458518e+00 -2.300320e+00 -2.138346e+00 2.290072e+00 3.948695e-01 1.607328e+00 -2.516211e+00 -6.069778e-01 1.285491e+00 -1.146382e+00 -2.687040e+00 -3.495721e-02 
1.035166e+00 -2.158045e-01 -6.954783e+00 8.462563e-01 -1.531769e+00 -1.136086e+00 3.911103e+00 -8.766758e+00 -5.106627e+00 1.857188e+00 -5.953451e-01 1.249539e+00 -1.512927e-01 2.654730e-01 1.016410e+00 -4.038199e-01 -9.438950e-01 1.715266e+00 1.860369e+00 -2.729849e-01 -1.427377e+00 -4.994502e-01 1.429393e+00 -1.540753e+00 -1.721484e+00 0.000000e+00 
3.143155e+00 2.060632e+00 -7.248032e+00 -8.780136e-01 -8.465803e-01 2.502321e+00 1.492530e+00 8.451395e-01 -2.394455e+00 2.680980e+00 1.146824e-01 9.314495e-02 -1.512927e-01 -1.564112e-01 8.126444e-01 3.214203e-01 -7.563873e-02 2.123146e-01 1.143927e+00 2.985659e-01 -8.984365e-02 8.912020e-01 1.476106e+00 -1.344584e+00 7.264609e-01 0.000000e+00 
2.850576e+00 3.103837e+00 -4.391059e+00 1.104426e+00 -2.819354e+00 2.768739e-01 9.292498e-01 -1.968545e+00 -1.333462e+00 5.169613e+00 -3.033846e+00 2.884696e+00 -1.512927e-01 -3.282670e-01 9.126328e-01 1.364197e+00 4.575338e-01 -9.978791e-01 -6.966423e-01 -8.253896e-01 1.291691e+00 1.566381e+00 1.320278e-01 -1.827777e-01 1.069303e+00 0.000000e+00 
1.328182e-01 3.444431e+00 -2.475923e+00 2.594444e+00 -3.808717e+00 1.289890e+00 3.177026e+00 -4.384116e+00 -1.244295e+00 3.584184e+00 -3.964509e+00 1.461953e+00 -1.512927e-01 -1.033774e+00 2.010027e-01 9.132543e-01 6.286294e-01 6.195612e-02 -3.285401e-01 6.110336e-01 -4.897002e-01 3.022858e-01 -1.297578e+00 -4.978365e-01 -4.502810e-01 0.000000e+00 
8.989992e-01 3.655460e+00 -2.519853e+00 1.397697e+00 -5.040096e+00 -4.013082e+00 -1.058093e+00 3.063259e-01 2.150197e+00 2.065725e+00 5.303620e-01 5.911650e+00 -1.512927e-01 -9.651262e-01 -3.961700e-01 -2.378668e-01 9.478801e-02 -4.229651e-02 3.740161e-01 1.605985e+00 9.172191e-02 1.635785e-01 -9.576601e-01 1.195632e+00 -1.382729e+00 0.000000e+00 
-1.049928e+00 2.789834e+00 -3.617364e+00 2.118498e+00 5.735714e-01 3.004598e+00 5.541370e+00 -2.740797e+00 -2.624856e+00 -2.254965e+00 -4.156604e+00 -3.671737e+00 -1.512927e-01 -4.072474e-01 -1.574264e+00 -2.292995e-01 8.253010e-01 5.503904e-01 4.291547e-01 1.880869e+00 6.877469e-01 -3.690368e-01 1.261021e+00 5.824074e-01 -1.996639e+00 0.000000e+00 
-1.383681e+00 1.450285e+00 -5.009673e+00 1.816339e+00 -5.221981e+00 1.289600e+00 7.777002e+00 -2.331595e+00 1.747113e-01 3.300887e+00 3.040362e+00 -1.462103e+00 -1.512927e-01 -1.598614e-01 -8.084122e-01 7.061884e-01 1.391004e+00 6.638727e-01 9.113380e-01 2.116877e+00 1.940406e-01 -1.493508e+00 2.182264e+00 -1.629292e+00 -1.889583e+00 0.000000e+00 
-7.620783e-01 -3.324300e+00 -2.377511e+00 6.511627e+00 -9.658229e-01 7.843223e-01 8.163821e+00 3.735789e-01 -2.101736e+00 9.271707e+00 -2.307472e+00 -4.834365e+00 -1.512927e-01 1.948967e-01 -6.315555e-02 9.087784e-01 4.127312e-01 2.738937e-01 -1.407518e+00 -5.901603e-01 6.215211e-01 -5.562434e-01 1.661851e+00 4.077245e-01 4.058849e-01 0.000000e+00 
-4.423237e-02 2.670466e+00 3.911629e-01 6.156154e+00 -9.510354e-01 1.653747e+00 8.215064e+00 -2.806590e-01 -5.578906e+00 7.213708e+00 -8.540666e+00 -2.954949e+00 -1.512927e-01 3.188127e-01 -9.962209e-01 2.437972e+00 9.660284e-01 1.592264e+00 -4.316472e-01 -3.266245e+00 1.589752e-01 -5.146638e-01 -7.239745e-01 -9.201491e-01 1.757764e+00 5.085825e-02 
-7.451687e-01 1.863966e+00 -1.773890e+00 2.012247e+00 -1.924329e-01 -4.215066e+00 2.371538e+00 -6.586592e-01 -2.529264e+00 4.097881e+00 3.672532e+00 -8.958892e-01 -1.512927e-01 3.186818e-01 -1.547620e+00 2.707144e+00 1.092124e+00 1.005701e+00 1.149607e-01 -4.005622e+00 -1.181727e-01 8.819119e-01 -2.375556e+00 -1.318636e-01 3.405881e+00 6.708611e-02 
2.019272e-01 -6.124952e+00 6.878375e+00 8.896172e+00 2.352644e+00 1.631058e+00 -5.658080e+00 -1.020600e+00 -2.184844e+00 2.267927e+00 -4.550385e+00 5.357481e+00 1.029986e-01 1.584102e-01 -5.680734e-01 6.334857e-01 -3.262364e-01 2.905455e-01 -2.049580e-02 -1.164177e+00 4.994751e-01 1.333136e+00 -2.237641e+00 5.947790e-02 2.044032e+00 2.082849e-02 
7.082510e-01 -6.664691e+00 7.914601e+00 1.060224e+01 2.410841e+00 1.370470e+00 -4.927716e+00 1.526860e-01 6.107925e-01 -1.331859e-01 -4.961930e+00 8.038822e+00 5.699223e-02 -2.486595e-01 8.703879e-01 -9.689136e-01 -1.280060e+00 -1.071702e+00 3.303010e-01 1.788543e+00 -8.697633e-02 6.323251e-01 -7.642736e-01 -8.521858e-01 5.877179e-01 -2.542912e-02 
2.110863e-02 4.094428e+00 -1.285654e+00 2.299767e-01 -7.999449e-01 -1.241500e+00 6.043806e+00 1.811044e+00 -4.832534e-01 -1.858962e+00 -3.926045e+00 2.797856e+00 -1.512927e-01 -6.810112e-02 2.539216e+00 -3.437845e+00 -2.748956e+00 -1.676564e+00 -9.448662e-01 3.244782e+00 -4.777688e-01 5.898492e-01 5.029268e-01 8.385275e-01 -1.784739e+00 -7.168674e-02 
-1.898057e+00 1.106215e+00 -2.536443e+00 -5.495709e-02 -3.974649e+00 -1.127282e+00 5.463310e+00 -2.509363e+00 -2.184337e-01 2.339957e+00 -9.005669e-01 3.322513e+00 -1.512927e-01 -1.622744e-01 1.500801e+00 -2.761961e+00 -1.691183e+00 -5.943291e-01 -3.788952e-01 2.048270e+00 -1.060419e+00 9.478834e-02 1.238404e+00 1.897681e+00 -7.031555e-01 -4.165698e-02 
1.164576e+00 2.685671e+00 -5.085327e+00 4.799882e-01 -2.837433e+00 -1.844397e+00 5.370318e+00 -2.078419e+00 1.179016e+00 3.545990e+00 -2.388429e+00 -1.208060e+00 -1.512927e-01 -1.893960e-01 -5.944077e-01 -1.014177e+00 -2.431990e-01 4.259062e-01 2.563754e-01 -2.699959e-01 -1.147765e+00 5.611254e-01 1.375827e+00 1.755529e+00 1.467142e-01 0.000000e+00 
-6.748543e-01 1.543691e+00 -3.995364e+00 2.021318e+00 4.579396e-01 -2.225575e-01 5.650379e+00 -3.204676e+00 2.535998e-01 3.356357e+00 3.757667e+00 6.526003e+00 -1.512927e-01 -3.614261e-01 -2.638962e-01 -1.836114e-01 -2.400045e-01 8.491315e-01 5.050929e-01 4.157560e-02 1.248245e+00 3.325727e-01 4.427537e-01 1.238264e+00 1.270187e+00 0.000000e+00 
-1.537473e+00 9.036515e-01 -5.627077e+00 -2.024156e+00 -8.867080e-01 -4.119847e-01 4.600292e+00 -3.580123e+00 2.086357e+00 4.511974e+00 2.522486e+00 1.929682e+00 -1.512927e-01 -1.035908e+00 -6.368387e-01 1.331868e-01 -6.066759e-01 -7.141501e-01 -4.681459e-01 -2.081421e-01 8.482421e-01 -2.166388e-01 1.410857e+00 1.838658e+00 1.240925e+00 0.000000e+00 
-2.354163e+00 6.777444e-01 -3.183626e+00 -2.907574e-03 -7.043539e-01 6.819767e-01 6.056201e+00 4.482714e+00 9.907590e-01 4.070734e+00 2.835296e+00 8.104579e+00 -1.512927e-01 -1.980612e-01 -6.975238e-02 -4.200621e-02 -2.375858e-01 -7.729462e-01 -1.571426e-01 8.005702e-02 7.593269e-01 -1.726051e+00 8.630646e-01 1.577625e-01 -7.579055e-01 0.000000e+00 
-3.175311e+00 -6.554925e-02 -4.825263e+00 -1.541278e+00 -5.827037e+00 -4.637394e+00 4.126696e+00 -1.680904e+00 -2.727580e-01 1.024309e+01 7.266047e+00 4.207278e+00 -1.512927e-01 7.830707e-01 6.873677e-01 1.677861e-01 6.205799e-02 -1.197645e+00 -7.543600e-01 2.668163e-01 -3.963455e-01 -1.684495e+00 1.347057e+00 -5.713705e-01 -8.532753e-01 0.000000e+00 
-8.462410e-01 1.679529e+00 -4.606302e+00 5.919504e-01 -9.366274e-01 1.104434e+00 6.287462e+00 -3.576509e-01 -7.197096e+00 4.806124e+00 2.174698e+00 1.597677e+00 -1.512927e-01 1.541766e+00 9.249570e-01 -3.878925e-01 -2.852163e-01 -1.968818e+00 -1.382710e+00 -1.631524e-01 -2.579961e-01 2.629189e-01 8.863677e-01 -5.772614e-01 -1.207761e+00 0.000000e+00 
1.623919e+00 3.839597e+00 -4.076808e+00 -2.011295e+00 -6.758795e+00 -4.395013e+00 5.818743e+00 -3.141668e+00 -2.242190e+00 1.087957e+01 -4.068375e-03 9.167567e-01 -1.512927e-01 2.003150e+00 2.064017e-01 -4.001465e-01 -8.793133e-01 -6.131061e-01 1.098846e-01 -1.491289e+00 4.637517e-01 2.049064e+00 -1.330734e+00 -1.686771e+00 -2.875180e-01 0.000000e+00 
2.955052e+00 3.349956e+00 -5.497316e+00 -1.193981e+00 -1.008256e+01 -6.352763e+00 4.394416e+00 3.923116e+00 3.290070e+00 8.184333e+00 3.584046e+00 3.711036e+00 -1.512927e-01 1.011574e+00 -1.568823e+00 -8.317100e-01 -1.989635e+00 -2.082453e-02 5.040379e-01 -2.639498e+00 1.383398e+00 2.866885e+00 -2.493088e+00 -1.062147e+00 7.100493e-01 9.500027e-03 
4.939793e+00 1.312463e-01 -6.380489e+00 -5.044879e+00 -4.319599e+00 -3.593719e-01 -2.383228e+00 -1.502529e+00 4.728981e+00 1.900312e+00 -1.872480e+00 1.713009e+00 -1.512927e-01 -1.377639e-01 -2.996460e+00 -6.239313e-01 -1.668705e+00 2.042811e+00 1.563728e+00 -2.112811e+00 9.049528e-01 8.031149e-01 -3.260510e+00 -2.855478e-01 -3.818425e-01 3.538405e-02 
2.553690e+00 -4.310411e+00 -7.613012e+00 -7.839435e+00 -2.260348e+00 1.606802e+00 -2.809043e+00 5.739768e+00 3.651744e+00 -3.169689e+00 -2.201833e+00 4.749797e+00 -1.037925e-01 -1.563283e+00 -2.514402e+00 9.996956e-01 -1.537327e+00 2.068198e+00 -1.435135e-01 -2.296903e+00 -3.990638e-01 -1.060905e+00 -2.302230e+00 -6.976627e-01 -1.066804e+00 8.658126e-02 
1.135781e+00 -7.312521e+00 -6.138617e+00 -7.032090e+00 -4.558471e-01 -5.561560e-01 -1.143581e+00 4.747704e-01 1.592547e+00 2.540269e-01 1.461132e+00 -1.511836e+00 1.877487e-03 -3.331190e+00 -1.917091e+00 1.282631e+00 -7.307437e-01 6.561910e-01 -2.481224e+00 -1.001730e+00 8.196936e-01 -1.237654e+00 -1.123312e+00 9.839913e-01 -1.886564e-01 1.405348e-01 
-2.959357e+00 -5.500169e+00 -6.197737e-01 -7.887011e+00 -1.673451e+00 -6.971939e+00 -7.709921e+00 9.391474e-01 -4.462394e-01 -2.503674e+00 -1.571073e+00 -1.056260e-02 2.050285e-01 -3.991753e+00 -3.804651e-01 1.815568e+00 -2.379458e-01 5.404930e-01 -1.594459e+00 2.732925e-01 8.760982e-01 -9.808117e-01 -1.361565e+00 2.850420e-01 -3.107608e-01 1.710750e-01 
-8.959632e+00 -8.859330e+00 -3.463952e+00 -8.674809e+00 -1.332093e+00 -8.476123e+00 -4.941442e+00 4.996249e+00 5.897036e-01 -4.049257e+00 2.732096e+00 3.149907e+00 3.969708e-01 -4.094288e+00 6.742991e-01 1.021259e+00 -1.255732e+00 6.543027e-01 7.435392e-01 8.665116e-01 1.702149e+00 6.041719e-01 -2.433836e+00 -1.124016e+00 -9.005854e-01 1.687700e-01 
-1.235737e+01 -5.439332e+00 1.274941e-01 -8.207804e+00 8.802400e-01 -2.405509e+00 4.563494e-01 7.859519e+00 -7.508928e-01 -7.825873e+00 -1.412105e+00 8.651215e-01 5.540360e-01 -2.988785e+00 1.401122e+00 3.274261e-01 -1.544510e+00 3.657724e-01 2.754197e+00 1.522741e+00 5.115954e-01 1.374443e+00 -7.881888e-01 3.010087e-01 -6.992340e-01 1.355256e-01 
-1.463665e+01 -3.971445e+00 -1.405957e+00 -1.315035e+01 1.538821e+00 8.783246e-01 -8.941584e-01 5.525331e+00 4.765733e+00 -9.254055e+00 -4.238433e+00 -6.452605e+00 6.712238e-01 -2.124124e+00 2.394547e+00 1.457733e+00 -1.391639e+00 4.626783e-01 3.015409e+00 -4.404325e-02 -6.340545e-01 1.106715e+00 1.015043e+00 2.477237e-01 -9.726411e-01 1.080336e-01 
-1.506477e+01 -9.385040e-01 -1.164079e-02 -1.337179e+01 -1.280046e+00 2.121822e+00 -2.119860e+00 3.232584e+00 4.337963e+00 -3.842218e+00 3.419235e+00 1.294524e+00 7.455298e-01 -1.821852e+00 1.737337e+00 8.611752e-01 -1.226706e+00 8.356152e-01 2.586128e+00 -1.837347e+00 -2.230450e+00 3.396834e-01 1.391708e+00 1.152687e+00 -1.049528e+00 8.790673e-02 
-1.822655e+01 8.629895e-01 3.894280e+00 -1.305101e+01 2.061442e+00 4.337258e+00 -3.873553e+00 4.139444e+00 3.578849e+00 -9.658698e-01 1.555045e+00 -1.928000e+00 8.413919e-01 -1.445411e+00 1.332781e+00 7.250868e-01 -6.417618e-02 6.940627e-01 1.063307e+00 -1.229824e+00 -5.466264e-01 -5.171722e-01 -1.392159e-02 8.376299e-01 5.070218e-01 6.827132e-02 
-1.967168e+01 8.301347e-01 1.783252e+00 -1.439100e+01 4.797005e+00 8.795664e+00 -7.240689e+00 -2.599786e+00 1.540966e+00 -5.011425e+00 1.454592e+00 -6.644823e+00 9.084856e-01 -1.066540e+00 7.132144e-01 -2.782145e-01 9.007969e-02 -1.859675e-01 -7.328558e-01 2.943455e-01 -2.396579e-01 -5.416615e-01 -1.547235e+00 -1.350048e+00 1.430141e-01 3.916338e-02 
-1.956025e+01 1.808143e+00 1.322030e+00 -1.296163e+01 1.970609e+00 2.857939e+00 -4.482863e+00 5.708384e+00 3.578371e+00 -8.739059e+00 9.320375e-01 5.217761e-02 9.311026e-01 -5.578926e-01 4.735117e-02 -9.740497e-01 6.990404e-02 -3.629885e-01 -5.868642e-01 1.317174e+00 -5.228196e-01 1.197851e-01 -3.782663e-01 -1.194125e+00 -1.591313e-01 1.599961e-02 
-1.973062e+01 2.154991e+00 -1.165885e-01 -1.296609e+01 -2.164467e+00 -8.027973e-01 -3.434772e-01 1.249824e+00 1.629895e+00 -7.691800e+00 -3.019503e+00 1.019506e+00 8.964914e-01 -1.684246e-01 -2.435259e-01 -9.774160e-01 1.645158e-01 -4.038861e-01 -1.360919e+00 9.531452e-01 4.058680e-01 8.677635e-01 1.336620e+00 -9.867023e-01 1.690509e-01 5.631947e-03 
-2.098654e+01 4.373171e-01 -2.604890e-02 -1.341395e+01 3.727235e+00 6.202168e+00 -7.362890e-01 -3.994587e-01 4.133310e+00 -1.517014e+00 -2.178533e+00 -6.555821e+00 9.273871e-01 -3.394688e-01 -8.488700e-01 -1.255755e+00 -1.052195e-01 -3.217607e-01 -4.091277e-01 5.662219e-01 -4.297084e-01 3.646479e-01 1.810282e+00 2.433777e-01 -4.225465e-01 5.464441e-03 
-1.980066e+01 2.979183e-01 -2.429789e+00 -1.334226e+01 1.899261e+00 3.189543e-01 -4.348250e+00 2.483475e+00 5.602314e+00 -1.939350e+00 -1.923635e+00 -2.495569e+00 9.385031e-01 -9.673882e-02 -6.876801e-01 -3.524772e-01 9.634210e-01 4.923089e-01 2.469611e-02 5.138637e-01 1.171720e+00 6.098184e-01 1.039020e+00 5.075053e-01 7.354250e-02 1.603798e-02 
-2.122258e+01 -1.507670e+00 -3.800147e+00 -1.329964e+01 -1.670059e+00 2.514244e-01 3.506327e-01 2.943016e+00 3.415400e+00 -2.563877e+00 1.600992e+00 -3.030172e-01 9.374189e-01 2.896885e-01 -5.142970e-02 3.059308e-01 1.730659e+00 -7.846547e-01 -1.431667e+00 8.709799e-01 1.072147e+00 -1.959643e-02 2.128376e-01 1.587687e-01 8.848856e-01 1.783882e-02 
-2.009629e+01 -3.109160e-01 8.074522e-03 -8.206139e+00 2.995725e+00 2.296055e+00 1.682380e+00 5.437187e+00 5.037942e+00 -1.973270e+00 -2.371738e+00 -1.739184e+00 9.716654e-01 1.394825e-01 -6.413116e-01 6.928433e-01 1.762336e+00 -4.508399e-01 -6.448290e-01 4.977788e-01 -1.069288e-01 -8.846502e-01 4.903936e-01 1.029545e+00 -1.107794e-01 1.703119e-02 
-1.939028e+01 4.845857e-01 2.846732e-01 -7.328718e+00 -7.442703e-01 -1.944716e+00 6.032948e-01 3.484421e+00 4.317514e+00 -4.358660e-01 -1.160637e+00 -2.509586e+00 1.000000e+00 1.092713e+00 -5.776289e-01 1.279361e+00 1.662537e+00 -2.303385e-01 -5.786108e-01 2.900905e-01 9.115089e-01 -7.371031e-01 6.836826e-01 1.428974e+00 -5.208690e-01 -3.660619e-04 
-2.001939e+01 -3.904768e+00 -1.007982e+00 -7.516042e+00 -8.178327e-01 -1.807121e+00 -1.985687e+00 1.678128e+00 7.280064e-01 -5.513870e-01 4.604905e+00 -1.946182e+00 9.923685e-01 4.422482e+00 4.658727e-01 1.874022e+00 1.712791e+00 -4.321222e-01 -1.720656e+00 -1.746746e+00 -1.053486e+00 -1.665514e+00 -1.824940e-01 1.470025e+00 -4.315631e-01 -4.601892e-02 
-1.579746e+01 -2.598889e+00 3.104689e+00 -5.332001e+00 -9.149725e-01 -5.900415e-01 3.635119e+00 9.380090e+00 1.884852e+00 1.435944e-01 5.257541e+00 -2.803863e+00 9.252371e-01 8.156772e+00 -6.736779e-02 2.023139e+00 2.004215e+00 8.242888e-01 -1.848766e+00 -3.196036e+00 -2.240736e+00 -1.892645e+00 -7.324905e-01 4.403316e-01 5.379822e-02 -6.891220e-02 
2.197018e-01 3.560185e+00 7.968177e+00 -6.405420e-01 9.204649e-01 -6.984561e+00 -8.567261e+00 -2.778080e+00 -2.073295e+00 -3.175470e+00 1.769297e+00 -3.749861e+00 7.789522e-01 9.549891e+00 -9.708824e-01 2.139413e+00 1.434648e+00 9.770530e-01 -2.544792e+00 -4.394197e+00 -2.777716e+00 -9.066556e-01 -2.745430e-01 -1.388856e+00 1.829381e+00 -4.536108e-02 
1.127403e+01 -3.584730e+00 5.912292e+00 -7.453926e-01 2.508025e+00 -8.599827e+00 -1.208610e+01 -5.491154e+00 -3.745062e+00 -2.786277e+00 2.458825e+00 -1.338756e+00 7.621471e-01 7.416689e+00 -2.754921e+00 1.038660e+00 -1.370399e-01 2.064925e-01 -3.012745e+00 -4.832185e+00 -2.032720e+00 -5.189990e-01 6.832145e-01 -1.450707e+00 3.499466e+00 1.988703e-03 
1.419432e+01 -8.266260e+00 8.285284e+00 -2.636108e+00 2.355934e+00 -1.052619e+01 -1.609606e+01 -4.774828e+00 -9.903144e-01 -4.591662e-01 -9.400185e-01 6.468172e+00 8.471081e-01 3.022989e+00 -3.667358e+00 3.303452e-01 -1.377514e+00 -7.535332e-01 -2.770112e+00 -1.374804e+00 1.054742e+00 1.209864e+00 7.892144e-01 4.126377e-01 2.825836e+00 3.768183e-02 
1.429867e+01 -1.046027e+01 8.139439e+00 -5.019418e+00 -6.002443e-01 -1.388296e+01 -1.676140e+01 2.148627e-01 -1.251634e+00 2.201515e+00 -6.413339e-01 9.584450e+00 9.011027e-01 6.711046e-01 -2.178165e+00 8.300675e-01 -1.878608e+00 -5.071765e-01 -2.883321e+00 1.324186e-01 1.561542e+00 1.811417e+00 4.040170e-01 7.838664e-01 1.365876e+00 2.893734e-02 
1.382232e+01 -1.133884e+01 8.506330e+00 -5.391099e+00 -1.293066e+00 -1.819355e+01 -1.310363e+01 -3.573774e-01 2.729311e+00 -1.723294e+00 5.382565e+00 4.917715e+00 8.978836e-01 2.564811e-01 -1.066129e+00 3.439861e-01 -1.411010e+00 -4.456849e-01 -1.547610e+00 -3.016941e-01 1.995574e+00 1.334345e+00 -1.020648e+00 1.963373e+00 -9.929861e-01 -1.088697e-03 
1.481555e+01 -1.293927e+01 9.952106e+00 -8.760937e+00 1.796643e+00 -1.918274e+01 -1.292022e+01 1.078304e-01 3.452211e+00 -1.341279e-01 3.216865e+00 6.265855e+00 8.814461e-01 2.024243e-01 -1.088872e+00 5.648130e-01 -5.945172e-01 3.537630e-01 -1.286277e+00 -4.552732e-01 2.035825e+00 9.639179e-01 -1.033810e+00 1.866755e+00 -1.510119e+00 -1.779220e-02 
1.521829e+01 -1.235741e+01 9.098881e+00 -7.820397e+00 -1.070935e+00 -1.561434e+01 -1.952512e+01 5.256559e+00 3.329488e+00 -4.394585e+00 6.947747e+00 3.162539e+00 8.514929e-01 1.273129e-01 -3.392423e-01 -2.080208e-01 -4.335346e-01 1.520796e+00 -2.189758e+00 -4.509607e-01 2.744137e+00 -9.848137e-02 -9.450462e-01 1.173179e+00 -5.853935e-01 -4.114236e-02 
1.461281e+01 -1.539535e+01 1.066723e+01 -6.777355e+00 1.057505e+00 -2.160394e+01 -1.582702e+01 7.587018e+00 3.267867e+00 -1.631891e+00 7.909850e+00 2.911445e+00 8.353370e-01 -7.202969e-02 1.417832e+00 -3.755791e-01 1.289016e+00 2.572262e-01 -5.625359e-01 7.529718e-01 1.921577e+00 -8.084646e-01 -2.382002e+00 2.916482e+00 -1.371039e+00 -8.024864e-02 
1.456026e+01 -1.180701e+01 7.108665e+00 -8.550563e+00 6.680483e+00 -2.793175e+01 -1.390503e+01 9.623714e+00 2.329076e+00 -5.699644e+00 8.901967e+00 3.667952e+00 7.152263e-01 -2.733290e-02 1.722084e+00 3.721771e-02 1.422117e+00 -4.096026e-01 -7.048996e-01 1.006277e+00 3.458103e-01 -7.729258e-01 -2.409424e+00 2.938595e+00 -3.777552e-01 -9.713423e-02 
1.478442e+01 -6.125308e+00 9.069319e+00 -1.950773e+00 -7.929356e-01 -1.583672e+01 -1.196541e+01 7.532136e+00 -8.990645e-02 -1.139161e+01 1.682217e+01 -8.420441e-01 5.483361e-01 -5.344198e-01 3.323998e+00 -2.449051e+00 2.349934e+00 -2.207349e+00 3.572046e-01 -1.249625e+00 -1.142242e+00 -1.178064e+00 -2.166261e+00 1.314293e+00 2.273752e+00 -1.623073e-01 
1.499582e+01 -8.382008e+00 1.008392e+01 -3.123104e+00 -2.193727e+00 -2.202245e+01 -1.642455e+01 7.013052e+00 1.143746e+00 -1.156184e+01 1.718456e+01 3.150507e+00 5.093222e-01 -1.412963e+00 1.843388e+00 -2.312454e+00 2.754665e+00 -1.061650e+00 2.361397e-01 -2.500856e+00 -7.126437e-01 -1.070871e-02 -3.066956e+00 -2.307725e+00 8.575271e-01 -1.339148e-01 
1.172293e+01 -4.878564e-01 -3.065656e+00 2.258583e+00 -5.542132e+00 -2.277257e+01 -2.081539e+01 3.181138e+00 -2.029788e+00 -9.532097e+00 1.034002e+01 1.453893e+01 1.267527e-01 -2.282353e+00 1.567887e+00 -2.167004e+00 3.253464e+00 1.501665e+00 -8.840481e-01 -3.134219e+00 -3.569929e-01 7.766250e-01 -2.285452e+00 -6.047249e+00 1.053417e+00 -1.286391e-01 
9.026184e+00 -5.408794e+00 1.613885e+00 3.118083e+00 3.746834e+00 -2.328312e+01 -2.198432e+01 8.235995e+00 3.245473e+00 -2.196418e+01 6.044179e-01 2.651012e-01 2.564440e-01 -2.586257e+00 3.147785e+00 -1.571680e+00 2.895193e+00 1.565559e+00 3.866667e+00 2.588497e+00 -2.287488e+00 -7.360376e-01 1.482516e+00 -5.547937e+00 -6.469533e-01 -1.416403e-01 
6.357472e+00 2.275206e-01 2.469316e+00 1.119596e+01 3.745111e+00 -1.962663e+01 -2.485661e+01 5.135700e+00 2.742355e+00 -1.761770e+01 -5.124004e+00 5.867743e+00 3.157955e-02 -2.520887e+00 2.289048e+00 -5.597138e-02 5.447811e-01 -1.162616e-01 5.202355e+00 6.292872e+00 -2.866812e+00 2.663315e-01 5.481583e+00 -2.445606e+00 -1.675973e+00 -9.638274e-02 
4.747266e+00 6.999228e+00 -5.419614e-01 6.884174e+00 9.904445e-01 -4.262087e+00 -1.461452e+00 -5.401672e+00 -4.922513e+00 -1.064605e-01 -2.823112e+00 4.251334e+00 -1.512927e-01 -2.469033e+00 2.239618e+00 -1.110811e+00 -9.158213e-01 -2.130559e+00 5.891448e+00 8.261607e+00 -1.983114e+00 -6.507412e-01 7.792592e+00 2.902925e-01 4.647514e-01 -9.983455e-02 
1.257956e+00 4.753372e+00 -2.267590e+00 3.099443e+00 -4.745245e+00 -6.271311e+00 3.875337e-01 -4.334090e+00 3.385863e+00 6.946960e+00 -1.742482e-01 4.165947e+00 -1.512927e-01 -8.676345e-01 -3.002510e+00 -2.591321e+00 -2.632594e+00 -8.901947e-01 5.488269e+00 4.941137e+00 -1.311938e+00 6.352671e-01 4.200552e+00 1.638559e+00 -9.686159e-01 -9.304369e-03 
-7.692223e-01 3.526369e+00 -1.571717e+00 2.587234e+00 -2.660782e+00 -5.035452e-01 6.701641e+00 3.055319e+00 -3.299872e-01 4.716452e+00 -4.189976e-01 3.439756e+00 -1.512927e-01 6.280657e-01 -6.502524e+00 -2.852304e+00 -1.947770e+00 6.160073e-01 3.449078e+00 -1.635398e+00 -1.184960e+00 1.700983e+00 -1.414641e+00 1.899935e+00 -1.957702e+00 1.298174e-01 
4.777544e+00 -1.304860e+01 -9.972416e+00 1.814598e-01 1.119751e+00 5.935446e+00 -4.232474e+00 -5.652486e+00 3.622427e+00 9.735998e-01 1.866732e+00 1.430452e+00 -1.494229e-02 1.754463e+00 -5.804391e+00 -2.858904e+00 -6.057023e-01 2.143968e+00 3.840483e+00 -2.837346e+00 -2.317037e+00 2.100236e-01 -1.478798e+00 3.002501e+00 -1.431104e+00 1.523829e-01 
6.127800e+00 -1.661241e+01 -1.095107e+01 -1.395681e+00 1.137983e+00 6.879922e+00 -7.328435e+00 -1.066728e+01 3.464120e+00 -4.192983e+00 5.656073e+00 -4.169426e+00 4.296193e-01 -6.935664e-02 -3.550277e+00 -5.351905e-01 -2.521718e-01 1.740897e+00 1.545347e+00 -3.551095e+00 -1.718628e+00 1.395048e+00 1.069312e+00 2.904275e+00 -1.240132e+00 1.388336e-01 
6.581759e+00 -1.419920e+01 -1.187243e+01 2.062389e+00 4.075214e+00 9.239370e+00 -6.784159e+00 -9.057979e+00 2.538928e+00 4.007688e+00 1.180072e+01 8.150190e-01 3.201659e-01 -3.620128e+00 4.879511e-01 2.275012e+00 -2.162549e-01 7.989688e-01 -1.240021e+00 -2.615630e+00 5.690719e-01 3.764894e-01 2.150781e+00 2.032657e+00 -5.548420e-02 1.276126e-01 
-2.018113e+00 -1.364972e+01 -3.297660e+00 3.859108e-01 4.565971e+00 5.571229e+00 -9.777994e+00 -3.835073e+00 7.187001e+00 8.545967e+00 9.135385e+00 -2.453186e+00 3.753214e-01 -5.395508e+00 9.060454e-01 2.213260e+00 -1.468178e+00 1.472737e-01 -2.975356e+00 -3.223030e+00 4.935418e-01 1.786320e+00 1.768344e+00 -1.336754e+00 2.979778e-01 9.060065e-02 
-9.250140e+00 -1.209019e+01 -2.424061e+00 -1.790611e+00 3.400601e+00 3.896863e-01 -1.608584e+01 -6.223228e+00 3.643434e+00 5.358028e+00 1.029036e+01 2.949108e-01 6.502697e-01 -4.868963e+00 1.024291e+00 1.876189e+00 -1.910667e+00 -8.251081e-02 -2.565973e+00 -2.618092e+00 -6.161022e-03 2.177247e+00 -7.041883e-01 -3.532061e+00 -1.500345e+00 1.294973e-01 
-1.293379e+01 -1.313668e+01 -4.608956e+00 -6.810071e+00 2.211658e+00 -3.572014e+00 -1.879274e+01 -9.616942e+00 1.184346e+01 3.973569e+00 -2.725149e-01 -2.419483e+00 7.175707e-01 -3.103274e+00 4.955873e-01 -2.026311e-02 -1.932270e+00 -9.190153e-01 -1.133989e+00 -5.323725e-01 3.535689e-01 1.629802e+00 -2.113319e+00 -3.120587e+00 -1.250034e+00 1.112630e-01 
-1.230522e+01 -9.334260e+00 -1.835841e+00 -3.892953e+00 4.839816e+00 9.811248e-01 -1.536724e+01 -6.197849e+00 1.109693e+01 2.772945e+00 -1.155633e+00 -6.703555e+00 7.965277e-01 -1.711308e+00 9.973627e-01 2.637421e-01 -9.340693e-01 2.517383e-01 7.891895e-01 1.356523e+00 1.588192e+00 9.866734e-01 -1.940854e+00 -2.193422e+00 -1.345580e+00 5.917919e-02 
-1.600695e+01 -1.254975e+01 -3.693086e+00 -8.224269e+00 -7.487133e-01 -3.944343e-01 -1.279916e+01 -2.079918e+00 1.160926e+01 -7.280883e-01 -7.445554e-01 -5.204123e+00 8.585073e-01 -1.056525e+00 1.582791e+00 4.224006e-01 3.553853e-01 1.642824e+00 2.324050e+00 1.519904e+00 1.689018e+00 -1.463682e+00 -4.549632e-01 -2.841359e-03 2.185751e-01 3.866946e-02 
-1.627010e+01 -7.396845e+00 -1.563285e+00 -5.753857e+00 6.139478e+00 2.746844e+00 -1.230002e+01 -2.050780e+00 8.693903e+00 -1.995413e+00 -4.407303e-01 -5.040668e+00 8.756973e-01 -1.174630e+00 1.643953e+00 1.075162e+00 4.472713e-01 9.972504e-01 1.713703e+00 1.511959e+00 6.510937e-01 -1.552026e+00 1.096420e-01 -8.026313e-01 4.967410e-01 1.850953e-02 
-1.623397e+01 -6.191438e+00 -2.633231e+00 -4.102692e+00 9.775949e+00 7.165379e+00 -1.272684e+01 -3.245388e+00 5.726568e+00 4.082932e+00 -6.441733e-01 -2.158051e+00 8.713331e-01 6.148121e-01 2.982843e+00 2.559536e+00 9.035805e-01 1.210615e+00 2.352209e+00 1.696006e+00 3.912955e-01 -9.819605e-01 -4.719651e-01 -1.009319e+00 -5.707125e-01 3.326863e-03 
-1.806485e+01 -4.293647e+00 3.010043e+00 -3.717386e+00 4.563737e+00 5.769732e+00 -7.843610e+00 -2.359646e+00 6.278147e+00 9.156456e-01 -5.218981e+00 -5.742886e+00 8.826624e-01 1.543080e+00 2.788630e+00 3.152524e+00 3.607854e-01 1.291797e-01 1.799855e+00 1.973294e+00 3.942632e-01 3.576143e-01 -9.040465e-02 -6.061462e-01 -1.143275e+00 -1.699205e-02 
-1.203551e+01 8.128704e-01 6.817928e+00 -4.724603e+00 6.092231e+00 9.855165e+00 -6.547335e+00 3.099233e-02 7.907335e+00 -4.543443e+00 -3.402025e+00 -7.706577e+00 8.716591e-01 1.469913e+00 1.337043e+00 2.057280e+00 -1.525864e+00 -1.407337e+00 1.154571e+00 2.755648e+00 1.696310e+00 1.428689e+00 -1.834007e+00 4.199621e-01 -1.128677e-01 -3.469967e-02 
-1.065393e+01 3.044148e+00 9.473759e+00 -3.638975e+00 8.627235e+00 1.040122e+01 -5.523303e+00 -1.717654e+00 9.391591e+00 1.865752e+00 -2.092535e+00 -7.982782e+00 7.905741e-01 2.070331e+00 -2.958376e-01 -1.016499e-01 -1.738418e+00 -1.302396e+00 1.108945e+00 1.668010e+00 1.527672e+00 1.002220e+00 -4.518928e-01 2.015351e+00 2.180988e+00 -6.603502e-02 
-1.258987e+01 -3.175123e+00 4.421314e+00 -1.177122e+01 7.075154e-01 1.062249e+01 -1.087503e-01 4.915166e+00 1.131329e+01 -5.562156e+00 -1.075852e-01 -1.602441e+00 7.438790e-01 1.912696e+00 -1.779757e+00 -9.143848e-01 -5.168153e-01 -1.089018e+00 3.949842e-01 1.237124e+00 5.995243e-01 -1.359891e+00 -7.275081e-01 1.850094e+00 2.025769e+00 -8.779434e-02 
-7.436023e+00 -3.778839e+00 3.700101e+00 -8.886166e+00 7.441158e-01 1.093080e+01 -2.722853e+00 2.836624e+00 9.586269e+00 -8.344620e-01 3.210554e+00 2.109983e+00 6.163774e-01 3.217572e+00 -1.521949e+00 -4.347707e-01 1.306955e+00 3.055609e-01 1.658758e+00 1.409936e+00 2.041881e-01 -2.536217e+00 -2.075813e+00 1.022615e+00 2.174055e+00 -1.111915e-01 
-4.080985e+00 -4.674422e+00 5.132832e+00 -4.685083e+00 4.588703e+00 1.156530e+01 -1.761940e+00 7.514743e-01 1.010540e+00 -6.830877e+00 3.196899e+00 -2.624112e+00 5.197858e-01 4.089782e+00 -1.518583e-01 2.581950e-01 3.572739e+00 1.553820e+00 2.034577e+00 8.093827e-01 -1.128344e+00 -3.479335e+00 -2.225575e+00 -2.772416e-01 1.748720e+00 -1.395400e-01 
1.179486e+00 -3.815948e+00 6.944146e+00 -6.472668e-01 8.214446e+00 1.822361e+01 2.352974e+00 1.385132e+00 1.861883e+00 -7.878951e+00 1.368299e+00 3.398330e+00 3.466632e-01 3.634553e+00 1.146710e+00 -8.231595e-01 3.842370e+00 6.905883e-01 1.105465e+00 2.507510e+00 -3.183956e-02 -4.290680e+00 -2.128897e+00 -1.640157e+00 1.719799e-02 -1.504742e-01 
3.551287e+00 -3.915860e+00 4.090266e+00 1.973026e+00 4.741448e+00 1.714897e+01 1.400250e+00 -8.082986e-04 -2.221190e+00 -1.316779e+01 -5.726657e-01 6.496985e+00 1.810359e-01 2.569303e+00 2.005735e+00 -2.239223e+00 3.193144e+00 -1.655126e+00 -2.417123e+00 3.260395e+00 8.785812e-01 -1.808044e+00 2.062762e+00 -8.294193e-01 -8.410568e-01 -1.350514e-01 
6.920608e+00 1.575430e+00 1.055863e-01 6.996628e+00 4.120684e+00 1.366629e+01 8.233601e+00 3.053568e+00 -1.025127e+01 -8.310493e+00 -3.105449e+00 -2.364576e+00 3.338128e-02 1.112270e+00 2.333321e+00 -2.062752e+00 1.865304e+00 -3.096807e+00 -5.431588e+00 1.627552e+00 -1.838074e-02 -9.369677e-01 3.909268e+00 -1.455322e-01 -2.835845e+00 -8.693554e-02 
5.894967e+00 2.658564e+00 -2.644002e+00 7.458691e+00 -1.640046e+00 1.758345e+00 1.159972e+01 4.310162e+00 -1.973107e+00 3.698705e+00 1.286677e+00 -3.947943e+00 1.169682e-03 5.727241e-01 2.531222e+00 -7.524065e-01 8.967684e-01 -1.332371e+00 -4.770440e+00 -4.522424e-02 -8.293527e-01 6.958814e-02 4.141942e+00 7.671015e-01 -1.858069e+00 -4.056888e-02 
5.568994e+00 4.563447e+00 -2.481699e-03 5.936421e+00 -4.078843e+00 -1.239025e+00 5.390996e+00 -8.622568e-01 -2.946997e+00 3.234145e+00 -2.890334e-01 -5.558430e+00 1.918614e-03 2.092510e-01 1.606615e+00 8.710221e-01 -1.632818e-01 -9.864348e-01 -3.119413e+00 -1.146549e+00 -1.438712e+00 1.335642e+00 1.360671e+00 2.933172e-01 -5.762240e-01 -1.671019e-02 
7.090714e+00 7.246241e+00 3.822677e-01 6.986971e+00 2.179359e+00 7.494196e-01 2.595431e+00 -2.189659e+00 -5.525384e+00 1.769605e+00 1.854634e+00 -1.196431e+00 -6.077170e-03 1.545970e-01 8.422545e-01 8.936132e-01 -3.605715e-01 5.424847e-02 1.442349e-01 -5.294303e-01 -1.118215e+00 4.479807e-01 -7.118170e-01 -2.153779e-01 6.814021e-01 -2.300449e-02 
7.368989e+00 7.314667e+00 2.947562e+00 6.416079e+00 -2.721192e+00 -1.426316e+00 7.003002e+00 -8.900803e-01 -1.796916e+00 -5.425888e-01 -1.922842e+00 -6.621451e+00 -4.654622e-02 8.739309e-02 7.340397e-01 9.312154e-01 2.853125e-01 1.388653e+00 1.328939e+00 1.568942e+00 2.313298e-01 1.102361e+00 -2.789394e-01 -1.721914e-01 6.181434e-01 -2.343395e-02 
5.767954e+00 5.494226e+00 3.490424e-01 5.416004e+00 -2.047629e+00 2.573165e+00 8.146568e+00 -1.267001e+00 -3.082438e-01 2.027987e+00 1.026692e+00 -9.421736e-03 -8.962035e-02 -1.221362e-01 2.583414e-01 6.396952e-01 -7.283058e-02 1.425658e+00 1.591228e+00 1.242522e+00 8.418702e-01 1.527292e+00 -6.276833e-01 -8.311179e-01 2.827070e-01 -2.910675e-02 
6.667339e+00 9.109653e+00 4.670208e+00 8.148467e+00 4.977915e+00 4.493800e+00 1.046014e+01 -1.669365e-01 -4.376221e-02 1.710257e+00 -7.360191e-01 -3.061218e+00 -7.347953e-02 -2.044053e-02 -3.636754e-01 -2.968630e-01 -2.233950e-01 1.017189e+00 1.629334e-01 -7.513267e-01 4.858788e-01 1.726499e-01 -1.920368e+00 -1.441542e+00 1.764872e+00 -2.580168e-02 
6.830859e+00 7.640455e+00 2.719421e+00 5.756624e+00 5.458098e+00 5.745503e+00 7.079473e+00 1.658120e+00 1.234500e+00 -2.495234e+00 -2.894367e+00 -1.563013e+00 -1.381443e-01 2.455167e-01 -2.132049e-01 -2.158096e-01 4.100569e-01 5.802567e-01 -3.362433e-01 -8.970547e-01 6.608562e-01 4.301820e-01 -1.153562e+00 -1.096602e+00 2.260842e-01 -1.938004e-02 
6.735334e+00 4.423176e+00 2.780581e-01 5.128794e+00 -1.388112e+00 -2.197818e+00 3.779916e+00 7.675302e-02 -1.705039e+00 -7.882817e+00 -7.170023e+00 2.979706e+00 -1.512927e-01 1.756218e-01 -6.035425e-01 -7.464527e-01 4.628182e-01 -5.951296e-01 1.345625e-01 -7.984276e-01 2.174381e-01 3.967308e-01 7.605702e-01 -1.818721e-01 -8.561196e-02 -1.650960e-02 
6.961540e+00 6.771440e+00 1.466069e+00 8.976126e+00 4.036668e+00 4.237758e+00 7.001405e+00 1.915435e+00 2.673305e+00 1.056713e+00 -1.239314e+00 -1.899462e+00 -1.476140e-01 3.032080e-01 4.631039e-01 1.089145e+00 1.643481e+00 4.341383e-02 -2.638226e-02 1.828113e-01 -1.504801e-01 -3.391177e-01 1.884735e+00 2.391478e-01 -1.410022e+00 -5.585671e-04 
7.480108e+00 6.526448e+00 1.564620e+00 8.852808e+00 2.712982e+00 5.920485e+00 6.507033e+00 7.915964e-01 1.220490e+00 3.737134e+00 -2.472906e+00 -3.321053e+00 -1.512927e-01 2.685949e-01 1.321343e+00 1.971070e+00 1.206910e+00 1.039871e+00 6.164578e-01 8.830493e-01 -1.461481e-01 -7.563330e-01 1.447152e+00 8.967174e-01 -9.217579e-01 5.907607e-03 
7.974512e+00 8.904338e+00 7.521865e+00 1.211202e+01 3.624620e+00 1.554440e+00 6.629972e+00 5.482976e-01 -1.923853e+00 1.118467e+00 -4.047187e+00 -5.462743e+00 -1.409371e-01 2.027662e-01 4.320884e-01 1.027499e+00 -2.703323e-02 4.394409e-01 -1.272795e-02 2.097973e-01 -8.907432e-03 -1.034905e+00 -2.642389e-01 -1.125195e+00 -3.549766e-01 1.884222e-03 
7.571823e+00 9.963443e+00 7.105511e+00 9.595394e+00 4.017265e+00 2.226130e+00 8.380879e+00 2.958089e-02 -3.188125e+00 -6.779331e-01 -1.282500e+00 1.525565e-01 -1.250931e-01 1.972581e-01 5.355669e-01 -1.350959e-01 -2.671137e-01 9.070066e-01 3.124149e-01 4.897181e-01 1.087760e+00 -4.593353e-01 -7.787759e-01 -6.545838e-01 3.378672e-01 -9.989620e-04 
7.929513e+00 7.213384e+00 3.833117e+00 8.469666e+00 5.581731e+00 6.021296e+00 7.113468e+00 2.251905e+00 -2.969108e-01 1.943052e+00 -7.460494e+00 -5.411150e+00 -1.512927e-01 -2.519649e-01 1.315778e-01 -6.963364e-01 -9.333090e-01 -1.470941e-01 8.599026e-01 3.214380e-01 6.734438e-01 -1.293149e-01 9.608730e-01 5.021960e-01 -2.062534e-01 -4.672778e-03 
8.488897e+00 1.004976e+01 2.733515e+00 9.338418e+00 6.269460e+00 5.249132e+00 8.713876e+00 5.378595e+00 -1.889657e+00 -5.690373e-01 -4.039172e+00 -1.657514e+00 -1.511097e-01 -3.744371e-01 -5.610619e-02 -2.946430e-01 -1.341243e-01 3.130140e-02 5.629405e-01 4.339271e-02 -1.030895e+00 -4.295770e-01 5.512131e-01 5.504483e-01 -1.261161e-01 -5.239916e-03 
6.256150e+00 9.519069e+00 6.226182e+00 7.573966e+00 1.763052e+00 4.342452e+00 8.070663e+00 1.241010e+00 -3.219661e+00 5.868384e+00 -1.578708e-01 -5.588975e+00 -1.512927e-01 -4.350776e-01 1.350424e-01 1.165463e-01 -6.958985e-01 -9.112005e-01 -8.212226e-01 -2.552560e-01 -1.595583e+00 -6.440228e-01 -5.721532e-01 1.527136e+00 1.361008e+00 -1.829863e-05 
6.536319e+00 8.530069e+00 4.435764e+00 9.372622e+00 6.083111e+00 5.880254e+00 8.119246e+00 -4.619444e+00 -3.874635e+00 1.154668e-01 -2.181570e+00 -3.891114e-01 -1.512927e-01 -4.012171e-01 -3.294905e-01 3.064290e-01 -4.492586e-01 -3.797323e-01 -5.876014e-01 -9.915981e-01 -1.725962e+00 8.444746e-02 -6.130786e-02 4.272903e-01 6.377601e-01 -3.659725e-05 
6.730415e+00 8.648440e+00 3.564724e+00 4.973071e+00 1.118903e+00 1.599622e+00 6.134503e+00 -7.269903e-01 -2.524536e+00 -1.259966e+00 -7.536161e-01 7.596887e-01 -1.512927e-01 -2.543143e-01 -1.105142e+00 -1.259998e+00 -2.719609e-01 7.678446e-01 -2.151649e-01 -1.542847e+00 -8.878722e-01 -2.912011e-02 -3.637900e-02 -1.006432e+00 1.144157e+00 0.000000e+00 
6.245680e+00 8.837621e+00 5.596388e+00 8.392572e+00 4.692873e+00 3.682540e+00 4.723965e+00 -2.267216e+00 -1.814983e+00 2.688598e+00 -1.604848e+00 -1.643045e+00 -1.512927e-01 1.304533e-01 -5.463521e-01 -3.576912e-01 -1.750011e-02 1.768862e-01 3.960208e-01 -3.423262e-03 1.181067e+00 9.092174e-01 4.957833e-01 -2.131594e-01 9.569027e-02 0.000000e+00 
5.129898e+00 3.839583e+00 -6.541213e-01 6.704186e+00 6.297394e+00 4.365484e+00 2.054068e+00 -4.374465e+00 -4.395088e+00 4.399923e+00 -5.478391e+00 7.587762e-01 -1.512927e-01 -4.020434e-02 -6.533327e-02 3.748778e-01 7.016611e-01 4.235609e-01 1.011102e+00 1.466585e+00 1.028135e+00 5.378908e-01 9.351710e-01 5.279510e-02 -2.526523e-01 0.000000e+00 
7.988844e+00 8.202738e+00 4.756731e+00 8.419564e+00 4.378297e+00 6.477427e+00 1.014235e+01 3.109629e+00 1.606728e+00 -2.355610e-01 -8.849794e-01 8.979619e-02 -1.512927e-01 3.447354e-01 7.795044e-01 5.425534e-01 -6.615090e-02 -1.295130e+00 -3.606098e-01 1.209548e+00 1.611555e+00 3.325465e-01 1.681293e-01 7.667443e-01 9.802518e-02 0.000000e+00 
5.657811e+00 8.639215e+00 5.858942e+00 8.467881e+00 3.393995e+00 5.257690e+00 1.075824e+01 1.725261e+00 -1.545937e+00 4.877969e+00 -8.495747e-01 -1.369993e+00 -1.512927e-01 1.449764e-01 1.152123e+00 1.029527e+00 1.567956e-01 -1.252369e+00 -1.134895e+00 4.193748e-01 1.070410e+00 3.323802e-01 1.501979e+00 8.895629e-01 2.382278e-01 0.000000e+00 
7.705400e+00 1.033533e+01 5.052624e+00 7.179970e+00 -3.310761e-01 1.433388e+00 6.419621e+00 2.740699e+00 -1.576826e+00 3.290222e+00 -8.553433e-02 -8.853450e-02 -1.512927e-01 -4.144021e-01 4.749336e-02 -6.996510e-01 -2.759070e-01 4.487158e-01 -7.444407e-01 -1.014011e+00 1.213716e-01 -9.263704e-02 1.785474e+00 6.928124e-01 1.241755e+00 0.000000e+00 
5.996502e+00 8.533901e+00 4.345567e+00 8.107962e+00 2.390235e+00 1.213028e+00 6.012305e+00 1.162047e+00 -1.141410e+00 1.014692e+01 -1.430299e+00 2.039080e+00 -1.512927e-01 4.776646e-01 6.509079e-01 -8.697182e-01 -1.036892e+00 2.015457e-01 -2.161938e-01 -4.333264e-01 2.506178e-01 2.255872e-01 -9.954945e-01 -3.971600e-01 -2.250032e-02 0.000000e+00 
5.747488e+00 8.492862e+00 2.015163e+00 7.219989e+00 7.123756e+00 4.777555e+00 7.445258e+00 3.998094e+00 9.412791e-01 6.057333e+00 2.869445e+00 4.594036e+00 -1.512927e-01 -1.480298e-01 4.706163e-01 2.036785e-01 -5.855443e-01 8.439065e-01 1.602855e+00 1.346679e+00 -9.073923e-02 -1.232011e-01 -1.691251e+00 -1.380561e+00 -1.373216e+00 0.000000e+00 
9.025091e+00 1.281499e+01 3.029081e+00 3.263411e+00 6.743076e-01 2.504638e+00 8.078790e+00 2.349652e+00 -1.677054e+00 -1.483060e+00 -4.312864e+00 -3.823780e+00 -1.512927e-01 -1.686639e-01 4.056649e-01 4.110794e-01 2.009194e-01 7.713096e-01 1.804930e+00 1.996210e+00 7.909498e-02 -1.186148e+00 -3.032443e+00 -9.911900e-01 -7.347762e-01 0.000000e+00 
5.450957e+00 1.054786e+01 6.729259e+00 6.674524e+00 4.746420e+00 8.801861e+00 1.211977e+01 1.693200e+00 -1.925010e+00 6.489561e-01 -5.547058e+00 -4.023186e+00 -1.512927e-01 -4.615723e-01 -1.196538e-01 5.072340e-01 1.045248e+00 7.384534e-01 1.261683e+00 1.799898e+00 -2.215933e-01 -1.712252e+00 -1.756492e+00 -7.960018e-01 2.657139e-01 0.000000e+00 
5.301448e+00 9.534724e+00 4.043916e+00 9.385291e+00 7.435451e+00 8.225524e+00 1.365610e+01 2.709969e+00 -5.639005e+00 -2.311104e+00 -2.177998e+00 2.673810e+00 -1.512927e-01 -7.596795e-01 -7.573667e-01 -6.556735e-02 1.495453e+00 1.621132e+00 1.086544e+00 1.269093e+00 1.737402e-01 -1.163790e+00 -4.616149e-01 7.638794e-01 1.969218e+00 0.000000e+00 
