1.540175e+01 -9.607954e+00 3.739345e+00 4.610278e+00 2.880839e+00 -2.246426e+01 -2.593904e+01 1.275245e+01 1.312096e+00 -1.634572e+01 -4.805359e-01 -9.465635e-02
1.345903e+01 -8.349117e+00 1.131308e+01 5.673069e+00 -7.900196e+00 -1.946593e+01 -1.639529e+01 1.287257e+01 -7.354697e+00 -1.596910e+01 7.018519e+00 5.919951e-01
1.763347e+01 -6.651814e+00 -4.878567e+00 2.289446e+00 1.161440e+01 -1.585783e+01 -3.000759e+01 5.457466e+00 3.967565e+00 -6.811997e+00 -1.533869e+00 -2.233254e+00
1.151546e+01 -7.242568e+00 1.671463e+01 2.277887e+00 -1.341973e+01 -1.316479e+01 -1.609957e+01 7.141820e+00 -9.985935e+00 -1.220510e+01 6.115793e+00 -3.403117e+00
8.202332e+00 -3.718647e+00 2.318454e+01 -1.928517e+00 -1.506473e+01 -4.634899e+00 -1.771279e+01 1.396969e+00 -1.104476e+01 -9.110741e+00 5.054422e+00 -4.710148e+00
9.680427e+00 -5.200994e+00 2.022935e+01 -1.566581e+00 -1.438033e+01 -6.497108e+00 -1.708767e+01 3.061585e+00 -1.121467e+01 -9.236357e+00 4.964332e+00 -5.941932e+00
5.786163e+00 -1.065418e+00 2.553463e+01 -4.177180e+00 -1.387473e+01 1.331653e+00 -2.131183e+01 -1.490470e+00 -1.207969e+01 -1.063337e+01 4.412644e+00 -4.519338e+00
6.957189e+00 -2.374407e+00 2.569903e+01 -5.545547e+00 -1.311975e+01 8.845109e-01 -2.032783e+01 3.833870e-01 -1.315267e+01 -9.309954e+00 2.928258e+00 -2.800306e+00
4.923148e+00 9.001389e-01 2.580678e+01 -3.442967e+00 -1.372898e+01 2.722545e+00 -1.964396e+01 -3.453774e+00 -1.183324e+01 -1.195735e+01 6.112213e+00 -3.438742e+00
7.810580e+00 -3.649595e+00 2.546694e+01 -4.116617e+00 -1.412021e+01 -2.631836e+00 -2.062487e+01 7.096866e-01 -1.238059e+01 -8.282043e+00 4.329009e+00 -4.910405e+00
1.404758e+01 -8.108383e+00 -1.855395e+00 -7.041535e+00 8.272796e+00 -8.710202e+00 -1.729771e+01 1.640386e+00 -7.160771e+00 5.133665e-01 7.589842e+00 -1.517753e+00
4.548313e+00 2.148709e+00 2.543346e+01 -3.621646e+00 -1.477022e+01 3.962709e+00 -2.078672e+01 -2.694967e+00 -1.179502e+01 -1.052635e+01 5.677184e+00 -4.857545e+00
1.863779e+01 -2.043283e+00 -1.141884e+01 -4.250841e+00 1.407597e+01 -5.518055e+00 -2.530304e+01 -2.151312e+00 -2.438655e+00 -5.219852e+00 4.499270e+00 -2.284370e+00
4.624013e+00 3.355350e+00 2.618265e+01 -3.084324e+00 -1.651044e+01 3.038881e+00 -1.940679e+01 -1.725452e+00 -1.068901e+01 -1.045557e+01 3.304695e+00 -4.249043e+00
1.466092e+01 -9.511076e+00 -3.959276e+00 -8.806975e+00 1.223074e+01 -5.272164e+00 -2.334299e+01 2.852248e+00 -5.088513e+00 -6.406338e+00 6.657946e+00 2.799547e+00
4.755344e+00 3.473330e+00 2.557621e+01 -4.457648e+00 -1.615038e+01 5.059799e+00 -1.888235e+01 -2.148030e+00 -1.257793e+01 -8.746256e+00 2.310939e+00 -2.764829e+00
5.293443e+00 4.880056e+00 2.577971e+01 -4.623145e+00 -1.910516e+01 5.275952e+00 -1.811962e+01 7.422275e-01 -1.211266e+01 -7.693861e+00 -9.372813e-02 -3.929428e+00
5.755568e+00 5.141771e+00 2.491783e+01 -6.520066e+00 -2.060116e+01 6.371648e+00 -1.664205e+01 1.039069e+00 -1.268222e+01 -6.180212e+00 -1.030817e+00 -4.332250e+00
6.857461e+00 4.770308e+00 2.159171e+01 -1.096125e+01 -2.008804e+01 8.803649e+00 -1.090407e+01 -7.909231e-01 -1.238647e+01 -6.208962e+00 -2.532252e+00 -4.428597e+00
1.947144e+01 -2.016678e-01 -1.259099e+01 -1.098050e+01 1.320857e+01 -2.444232e+00 -1.669381e+01 -1.569391e+00 -7.371807e+00 -9.222589e+00 3.040596e+00 1.479260e+00
7.948852e+00 5.765543e+00 2.305231e+01 -1.292349e+01 -2.629915e+01 8.072064e+00 -5.690883e+00 3.559407e+00 -1.459409e+01 -6.157033e+00 -2.659595e+00 -4.039994e+00
-8.869280e+00 -5.412598e-01 -1.374905e+01 -1.028859e+00 1.528831e+00 -6.183018e+00 8.402016e+00 -7.680063e+00 1.082618e+01 1.969125e+00 -4.547368e-01 -1.298058e+00
-4.830982e+00 -1.206476e+00 -7.437113e+00 -3.110190e+00 -5.175969e+00 -4.649595e+00 7.508566e+00 -6.341664e+00 1.032895e+01 4.099300e+00 -7.859333e+00 7.533575e-01
1.554946e+01 -6.164635e+00 -9.424767e+00 -1.019284e+01 1.665200e+01 6.771480e-01 -2.509309e+01 2.596957e+00 -4.507240e+00 -1.147882e+01 2.530607e+00 3.804980e-01
-4.047370e+00 -2.562413e+00 -1.484211e+01 6.613945e-01 -1.409487e+00 -1.940384e+00 2.711257e+00 -5.062037e+00 1.233792e+01 3.621445e+00 -2.262182e+00 2.840466e+00
9.141704e+00 7.160268e+00 1.989077e+01 -1.275895e+01 -2.552237e+01 7.544427e+00 -1.261940e+00 -1.767315e+00 -1.394935e+01 -1.493648e+00 -2.159968e+00 -6.065821e+00
-1.704342e+01 -9.538105e+00 -7.291506e+00 1.072608e+01 5.969277e+00 -8.099881e+00 5.590774e+00 1.438484e+00 1.215612e+01 -1.980002e+00 -2.233529e+00 1.684092e+00
1.870877e+01 3.121424e+00 -1.270874e+01 -9.156354e+00 1.078823e+01 -4.305963e+00 -1.046088e+01 1.096231e-01 -5.397906e+00 -9.882204e+00 -2.465608e+00 1.833406e+00
-3.549321e+00 -2.930667e+00 -5.061342e+00 -3.015360e-01 -4.615526e+00 -8.406631e-01 1.407520e+01 1.308717e+00 9.690838e+00 1.214349e+01 -4.302492e+00 -2.679500e+00
-1.738026e+01 -1.025655e+01 -1.041154e+01 9.617970e+00 1.002449e+01 -4.790102e+00 -1.547432e-01 3.825875e+00 2.002894e+01 -3.785651e-01 -6.842615e+00 6.228323e+00
1.026819e+01 7.170035e+00 1.352223e+01 -1.070078e+01 -1.972773e+01 5.982270e+00 -1.169720e+00 -2.198357e+00 -1.589241e+01 7.586398e-01 -1.112137e+00 -6.510362e+00
9.910401e+00 9.151730e+00 1.527347e+01 -1.165792e+01 -2.354833e+01 9.674379e+00 4.045371e+00 -2.754920e+00 -2.315607e+01 1.475673e+00 4.745289e-01 -5.375101e+00
8.484343e+00 9.220945e+00 1.351880e+01 -1.090867e+01 -2.005452e+01 7.623106e+00 3.482573e+00 -8.210348e-02 -2.482067e+01 2.395452e+00 -3.936111e-01 -7.817552e+00
1.595499e+01 -1.243265e+00 -1.112233e+01 -1.044255e+01 1.702401e+01 -6.716729e-01 -1.864236e+01 1.267948e+00 -4.581664e+00 -1.233089e+01 1.280619e+00 -2.313613e-01
-1.107959e+01 1.529293e-01 -7.470340e+00 1.707923e+00 2.587786e+00 -2.222624e-01 5.741317e+00 -3.363619e+00 6.154463e+00 3.820405e+00 4.640328e+00 5.287050e+00
8.282134e+00 5.960289e+00 1.099774e+01 -1.192940e+01 -1.592625e+01 4.605079e+00 8.064397e+00 -1.657763e-01 -2.650386e+01 -8.712864e-01 2.858899e+00 -7.413370e+00
9.807378e+00 -1.394028e+00 -6.401625e-01 -1.592303e+00 1.960678e+00 -5.544908e+00 -1.944763e+00 -4.492939e+00 -2.954590e+00 3.850986e+00 2.524866e+00 -7.930801e+00
1.650599e+01 2.218557e+00 -1.026162e+01 -8.441722e+00 1.142512e+01 -1.143530e+00 -1.288714e+01 -8.079910e-01 -9.309284e+00 -1.061460e+01 9.122572e-01 -1.188903e+00
1.816951e+01 4.736096e+00 -1.093530e+01 -8.998921e+00 9.913211e+00 -2.610454e+00 -8.854555e+00 -8.196247e-01 -2.905735e+00 -1.129977e+01 -5.109413e+00 -1.529400e+00
-1.768933e+01 -8.087767e+00 9.638161e+00 -1.028479e+00 3.152650e+00 7.735107e+00 -2.920556e+00 -1.300551e+00 9.080358e-01 -1.909266e+00 2.558491e+00 -1.390810e+00
1.695602e+01 4.757399e+00 -1.105360e+01 -6.845098e+00 9.748437e+00 -1.338863e+00 -8.906996e+00 -1.054281e+00 -5.996572e+00 -1.051337e+01 -2.841338e+00 -1.731215e+00
-1.355712e+01 -5.378520e+00 -1.028961e+01 6.110390e+00 5.300893e+00 1.181792e+00 7.093021e+00 3.746063e+00 1.434246e+01 1.117129e+00 -5.688062e+00 1.348876e+00
-5.546039e+00 -3.426040e+00 -1.043247e+01 2.282694e+00 1.771663e+00 1.514640e+00 3.444219e+00 -3.614178e-01 1.248754e+01 4.644278e+00 3.188672e+00 4.547298e+00
-1.314784e+01 -4.207805e+00 -6.586110e+00 2.314743e+00 6.435820e+00 4.049712e+00 4.321010e+00 -2.153781e+00 1.084091e+01 1.602362e+00 -3.956472e-01 2.107280e+00
-1.660556e+01 -1.197909e+01 6.818619e+00 -2.081633e+00 5.841680e+00 7.796092e+00 -8.163238e-01 -5.665703e+00 -3.434992e-01 -2.706254e+00 5.465508e+00 -5.288023e-01
7.248892e+00 9.342247e+00 1.084979e+01 -4.241803e+00 -3.518284e+00 1.249453e-01 9.887787e+00 -3.993289e-01 -2.108754e+01 -3.904024e+00 1.202293e+00 -8.556533e+00
6.413684e+00 9.344347e+00 8.642336e+00 1.018216e+00 -5.648828e-01 -3.328156e+00 1.094429e+01 5.047282e+00 -1.300909e+01 -2.009315e+00 -3.861300e+00 -2.729473e+00
-5.838136e+00 -1.643790e+00 -7.611616e+00 -2.671984e+00 -3.788487e+00 -6.839191e+00 3.817997e+00 7.817142e+00 -1.837720e+00 2.249508e+00 -6.746081e-01 5.366048e+00
-4.395634e+00 9.009421e-02 -1.206719e+01 5.965072e+00 3.127069e+00 -1.419677e+00 3.964291e+00 -2.765023e-01 8.403879e+00 3.077451e+00 1.557613e+00 2.916926e+00
4.922838e-01 -8.951146e+00 -2.651089e+00 -6.265755e+00 -4.060656e+00 -1.073774e+01 3.398530e+00 6.890528e+00 7.704973e-02 -9.453049e-01 4.561224e+00 7.265642e+00
6.011467e+00 4.881362e+00 5.237617e+00 6.730128e+00 3.165212e+00 -6.059258e+00 7.182641e+00 7.652162e-01 -8.827251e+00 -3.193492e+00 -5.379791e+00 2.936490e+00
-1.713646e+00 1.589531e+00 -6.731866e+00 5.694599e+00 3.781213e+00 5.994474e+00 1.041011e+01 2.290728e+00 6.455052e+00 -4.665923e-01 -3.509766e-01 2.832106e+00
4.144171e+00 9.395049e-01 -1.332712e-02 7.797149e+00 4.802570e+00 -8.753805e+00 6.371674e+00 4.014769e+00 -3.775572e+00 -4.372189e+00 -4.508413e+00 1.525938e-01
-6.482545e+00 4.884160e+00 -3.085970e+00 7.501958e+00 6.456743e+00 5.176368e+00 9.223639e+00 2.675956e+00 1.204039e+01 5.423265e+00 -1.451708e+00 4.696207e-01
-2.095688e+00 2.314997e+00 -6.359356e+00 4.477876e+00 3.266361e+00 6.633636e+00 1.145192e+01 2.558891e+00 9.913582e+00 2.514322e+00 1.550672e+00 3.307081e+00
6.470242e-01 -3.883604e+00 -5.845785e+00 5.969392e+00 4.099849e+00 -4.409755e+00 1.343925e+01 6.974862e+00 6.007328e-01 2.170864e+00 -8.917858e+00 -5.733474e+00
9.392414e-01 -4.612927e+00 -6.379609e+00 5.478569e+00 6.492865e+00 4.325287e+00 1.069613e+01 -3.012143e+00 6.802177e-01 5.730300e+00 -7.414314e+00 -1.106678e+01
1.894369e-01 -4.268550e+00 -1.096448e+01 -2.292094e+00 -1.507235e-02 1.366481e+00 5.088069e+00 -3.884066e+00 -4.221337e+00 6.619185e+00 -9.245953e-01 -5.261816e+00
-3.314271e+00 1.847511e+00 5.853638e+00 3.557967e+00 -3.099163e+00 4.163374e+00 2.396602e+00 -6.811171e-01 8.787026e+00 -9.929452e-01 -1.086210e+00 2.643595e+00
-3.316772e+00 2.487194e+00 -6.306931e+00 4.227311e+00 2.786556e+00 4.749214e+00 1.102117e+01 4.652338e+00 4.103973e+00 3.937158e+00 -4.996832e+00 -1.322222e+00
-2.508566e+00 3.823928e+00 -6.435363e+00 3.247641e+00 3.622525e+00 3.225800e+00 4.593929e+00 1.096233e+00 1.708761e+00 -1.728777e+00 -1.707179e+00 2.622578e+00
6.604481e-01 -1.383585e+00 -7.590237e+00 4.513758e+00 3.472208e+00 3.832883e+00 6.928968e+00 -8.494316e+00 6.920004e-02 3.667256e+00 -3.941498e+00 -2.537580e+00
-7.149534e-01 -2.663678e+00 -8.265764e+00 3.648582e+00 3.729950e+00 9.932719e+00 1.280035e+01 -2.624942e+00 -3.520945e+00 2.112626e+00 -2.143932e+00 -4.910529e+00
-2.233383e+00 -1.497917e+00 -5.173648e+00 1.446356e-01 -2.259507e+00 -1.126826e+01 -2.459306e+00 -1.260494e+00 5.716814e+00 5.089433e-01 3.262426e+00 1.015917e+01
-3.999470e+00 2.899621e+00 -4.149804e+00 5.440590e+00 2.555911e+00 -8.061332e-01 1.279685e+00 -5.121143e+00 1.553448e+00 -1.686841e+00 -1.929135e+00 -5.989928e-01
-6.169003e+00 -7.187120e+00 -8.436753e+00 2.663858e+00 8.403208e+00 -7.289070e-01 7.569627e+00 -2.439337e+00 6.825722e+00 6.225815e+00 1.122487e+00 2.823818e+00
-8.132586e+00 1.797295e-02 -7.866973e+00 1.346691e+00 7.022271e-01 6.657085e-01 3.004802e+00 6.156111e-02 8.243379e+00 7.028251e+00 1.206578e+00 3.357754e+00
-3.733012e+00 -5.575749e+00 -9.341331e+00 6.876230e+00 9.471687e+00 3.375759e+00 8.494386e+00 3.867864e+00 1.032800e+01 1.190146e+01 7.140604e+00 4.274205e+00
-1.281603e+00 -1.323072e+00 -7.011385e+00 5.864242e-01 1.115904e+00 1.681093e+00 9.259330e+00 -2.541935e+00 -6.977329e+00 -1.268197e+00 -8.265306e+00 -4.443069e+00
-3.487136e+00 3.398003e+00 -5.347208e+00 2.996498e+00 5.308011e+00 7.038761e+00 3.930339e+00 -1.416069e+00 5.348157e+00 -2.205186e+00 -6.874822e+00 -8.899661e-01
-3.118081e+00 1.456797e+00 2.391863e-02 1.070373e+00 2.600716e+00 6.598537e+00 9.659591e+00 7.507631e-01 8.162678e+00 -3.552134e-01 -1.621635e+00 3.992222e+00
-2.263960e+00 2.094609e+00 -5.164088e+00 2.448599e+00 2.189047e+00 6.490582e+00 1.437975e+01 2.803684e+00 1.692897e+00 1.617203e+00 -3.994522e+00 -2.364321e+00
-4.102936e-01 6.751151e-01 -4.151006e+00 2.673534e+00 2.173092e+00 1.608993e+00 9.954572e+00 -4.344535e+00 7.940078e-01 3.132144e+00 -6.990347e+00 -7.111539e+00
-3.061410e+00 2.331498e+00 -3.793012e+00 4.336257e+00 5.385446e+00 8.072054e+00 1.064946e+01 4.276322e+00 4.779516e+00 5.308070e+00 5.201337e-01 1.033052e+00
-6.175324e+00 -3.669415e+00 -1.851134e+00 3.464106e+00 -8.255811e-01 7.149271e+00 9.527344e+00 -3.493307e+00 1.041895e+01 1.128806e+01 2.933820e+00 4.339264e+00
-6.397135e+00 1.672208e+00 -5.098809e+00 2.561012e+00 2.460630e+00 -5.771623e-01 4.079329e+00 4.109191e+00 1.065982e+01 8.552867e+00 7.462368e-01 4.424884e+00
-4.042663e+00 1.648268e+00 -4.800208e+00 4.337132e+00 9.678531e-01 1.381416e-01 7.756102e+00 -2.752167e+00 -2.424164e-01 -1.587010e+00 -2.760440e+00 5.588943e-02
-7.190874e+00 8.095276e-01 -2.610170e+00 3.526555e+00 5.136178e+00 1.265931e-01 7.668874e+00 2.700961e+00 7.754966e+00 6.185482e+00 3.493716e+00 -1.247369e-01
-6.498831e+00 2.610737e+00 -3.672435e+00 1.516689e+00 4.208038e+00 -2.975667e+00 7.301896e+00 -1.123073e+00 -6.640100e-01 4.269418e+00 1.798982e+00 1.842971e-01
-7.428312e+00 1.952478e+00 -1.542162e+00 4.981466e+00 1.755805e+00 -3.897948e+00 3.983194e+00 1.254392e+00 7.497965e+00 2.957961e+00 -1.717216e-01 2.866300e-01
-3.530420e+00 1.882261e+00 -4.262796e+00 -7.663723e-01 3.266615e+00 -1.051203e+00 -1.752362e+00 -4.730729e+00 -1.189771e-01 -1.419393e+00 -3.791485e+00 -2.317433e-01
-6.817161e+00 2.881131e-01 -5.498331e+00 5.125547e+00 6.732247e+00 1.462220e+00 5.965041e+00 2.074063e+00 2.134815e+00 2.358167e+00 1.946420e+00 4.579579e+00
-2.988453e+00 2.028303e+00 -4.325931e+00 2.271514e-01 1.116679e+00 2.288747e+00 7.674918e+00 1.328241e+00 1.626514e+00 1.130667e+00 -5.082343e+00 2.496466e+00
-1.967962e+00 4.515057e+00 -2.242150e+00 4.993163e+00 6.171147e+00 4.097030e+00 9.277562e+00 -7.488449e-01 3.618521e+00 3.214316e+00 7.626333e-01 2.660470e+00
-4.510304e+00 1.871226e+00 -5.033105e+00 1.398258e+00 5.405863e+00 3.129989e+00 5.887661e+00 -2.486084e+00 1.709634e+00 3.041686e+00 -8.475140e-01 2.526903e+00
-1.227996e+00 4.144456e+00 -1.537982e+00 5.764490e+00 7.780970e+00 6.203612e+00 1.174520e+01 1.565671e+00 5.227841e+00 4.990384e+00 -3.532301e+00 -4.788945e+00
-6.683686e+00 1.288473e+00 -4.336928e+00 1.265959e+00 9.073391e-01 -4.046663e+00 5.638657e+00 1.767226e+00 3.889409e+00 3.350232e+00 1.267612e+00 4.412021e+00
-7.015220e+00 3.040633e+00 -6.348758e-01 3.459394e+00 3.562465e+00 -1.254222e-01 5.306775e+00 2.559206e+00 9.799864e+00 3.012246e+00 -1.341435e-01 2.152709e-01
-6.284573e+00 1.652748e+00 -3.976174e+00 1.097442e+00 1.477403e+00 4.752620e-01 5.445331e+00 -4.166203e+00 1.789561e+00 6.795804e+00 2.405390e+00 2.541094e+00
-6.065805e+00 2.401294e+00 -3.428977e+00 1.796405e-01 4.515130e+00 1.283745e+00 5.754458e+00 5.599446e+00 7.647557e+00 7.020186e+00 2.092243e-01 3.892298e+00
-2.209129e+00 5.775350e-01 -2.717716e+00 2.672038e+00 -7.388878e-02 1.477975e+00 7.882304e+00 -1.519799e+00 1.411510e-01 9.046242e-01 -4.025232e+00 -3.603447e+00
-2.601386e+00 -1.276564e+00 -6.382725e+00 2.144552e+00 3.642635e+00 6.775090e+00 9.425363e+00 -2.453015e+00 2.309337e+00 5.115420e+00 -2.287620e+00 -8.449816e-01
-6.598993e+00 2.707284e+00 -2.098634e+00 2.253681e+00 1.951180e+00 -1.508986e+00 6.723862e-01 -6.343424e+00 3.979530e+00 7.250251e+00 -1.629254e+00 3.523806e+00
-6.700313e+00 -2.047588e-01 -5.014628e+00 2.213804e+00 6.363955e+00 4.272339e+00 6.166154e+00 1.450422e+00 8.719143e+00 7.452535e+00 1.432840e+00 6.173537e+00
-7.721247e+00 -1.433769e+00 -5.857235e+00 6.277225e-01 7.451377e-01 3.422380e+00 6.506867e+00 2.387252e-01 7.948555e+00 4.707723e+00 1.687772e+00 7.095610e+00
-6.068794e+00 6.984329e-02 -4.733982e+00 4.977492e+00 3.984476e+00 -1.077163e-02 7.403080e+00 -2.371945e+00 2.162881e+00 1.565935e+00 -1.737015e+00 2.636544e+00
-6.603161e+00 7.677722e-01 -5.109792e+00 8.360405e-01 1.109375e+00 -8.740262e-01 4.352912e+00 1.241072e+00 5.896955e+00 6.080651e+00 7.615266e-01 5.877908e+00
-6.015577e+00 2.878231e+00 -2.016840e+00 5.495071e+00 8.393096e+00 2.496464e+00 1.039937e+01 -3.384733e-01 1.469118e+00 4.879928e+00 3.103550e+00 7.214811e-01
-7.160431e+00 1.185028e+00 -3.454861e+00 2.980115e+00 3.391989e+00 2.729756e-01 6.052774e+00 -2.569478e+00 5.689127e+00 8.568235e+00 7.946153e-01 3.009852e+00
-7.105738e+00 -9.404497e-01 -3.101924e+00 3.621763e-01 -1.807111e+00 8.859619e-01 2.608423e+00 -1.745958e+00 6.810459e+00 6.849763e+00 4.375731e+00 1.048234e+01
-5.513077e+00 8.563509e-01 -4.438134e+00 1.459753e+00 3.743814e+00 -1.502746e+00 5.309430e+00 -1.901770e+00 6.006107e+00 2.540525e+00 -4.473884e+00 2.931292e+00
-6.947570e+00 6.955552e-01 -6.386609e+00 8.871732e-01 1.373150e+00 -3.459792e+00 2.193948e+00 -1.901921e+00 7.238915e+00 2.823916e+00 -2.523249e+00 1.580085e+00
-5.747486e+00 9.212220e-02 -4.295293e+00 3.274886e+00 1.835344e+00 -3.166999e+00 3.680373e+00 -2.469764e+00 2.234547e+00 5.480748e+00 3.591742e+00 3.038906e+00
-6.628839e+00 -2.118889e+00 -4.494143e+00 7.968932e-01 7.681408e-01 6.907532e-01 9.342288e+00 1.489406e-01 8.790972e+00 1.156536e+01 2.169804e+00 5.479750e+00
-6.801236e+00 1.798819e+00 -7.555695e-01 3.416590e+00 2.062908e+00 -2.010643e+00 2.640704e+00 1.275755e+00 1.041361e+01 6.232942e+00 1.061318e+00 5.511206e+00
-6.005534e+00 1.959092e+00 -3.757771e+00 2.143486e+00 1.824978e+00 -1.499963e+00 2.755505e+00 -3.656304e+00 2.996816e+00 6.564598e+00 -8.806798e-01 3.951945e-01
-5.540707e+00 3.135868e+00 -3.080071e+00 2.476602e+00 5.944449e+00 4.819697e-01 4.537766e+00 -1.719339e+00 8.525626e+00 1.017581e+01 4.893619e+00 2.331176e+00
-4.045568e+00 2.243869e+00 -2.776660e+00 3.863194e+00 1.410581e+00 -6.032877e+00 4.324548e+00 -4.676396e+00 5.769642e+00 6.110003e+00 1.352312e+00 1.828812e+00
