-1.348793e+01 6.692833e-01 -7.650207e+00 4.845983e+00 -4.874061e+00 1.971811e+00 1.401761e+00 -4.234028e+00 -5.334716e+00 7.784133e+00 -1.371793e+00 -4.841089e-04
-1.518475e+01 -1.503120e+00 -1.057629e+01 2.773010e+00 -4.932961e+00 2.424603e+00 5.304712e+00 -8.572822e-01 -2.152358e-01 1.519759e+00 -3.259420e+00 1.388274e+00
-1.555856e+01 -1.969795e+00 -9.267811e+00 1.039582e+00 -3.854484e+00 3.145540e+00 9.119283e+00 -3.694105e-01 1.564178e+00 6.824676e+00 -4.264878e+00 -3.658367e+00
-1.209867e+01 2.824314e+00 -5.683459e+00 6.070094e+00 6.553454e-01 6.860702e+00 4.513576e+00 -4.645453e+00 3.703323e+00 3.285358e+00 -2.083368e+00 -1.657995e+00
-1.200270e+01 1.790023e+00 -5.691659e+00 4.200824e+00 -2.173630e+00 2.045269e+00 4.939713e+00 -7.055679e-02 8.253980e-01 5.331739e+00 -5.611680e-01 2.078855e-01
-1.382032e+01 1.345962e-01 -9.261219e+00 -1.026750e-02 -4.380569e+00 -1.349230e-01 2.974567e-01 -3.753777e+00 -1.808418e+00 -1.933899e+00 -1.708847e+00 2.984817e+00
-1.241327e+01 3.537573e+00 -1.012899e+01 -1.688685e-01 -2.093444e+00 1.471451e+00 -7.422562e-01 -2.146017e+00 -1.610074e-01 2.679651e+00 2.218872e+00 -7.508296e-02
-1.302384e+01 1.216437e+00 -6.420010e+00 3.997289e+00 -3.676530e+00 1.441039e+00 1.130559e+00 -2.954332e+00 -4.300198e+00 2.199320e+00 -4.258133e+00 -6.008346e-01
-1.001682e+01 7.492022e+00 -4.053718e+00 7.578048e+00 -4.433135e+00 1.048567e+00 4.020908e+00 -1.219555e+00 2.967554e+00 -7.259197e+00 8.409983e+00 -8.894023e+00
-1.149004e+01 3.463058e+00 -1.348127e+01 -1.586608e+00 -4.670618e+00 -9.065287e-01 -7.883625e-01 -3.456988e+00 -1.260602e+00 1.535332e+00 1.494864e+00 7.279180e-01
-1.219542e+01 4.901070e+00 -5.075976e+00 5.493205e+00 -3.183803e+00 1.403756e+00 -2.531407e+00 2.993848e+00 6.045028e-01 2.447371e+00 4.590306e+00 -3.162076e+00
-1.192861e+01 2.554687e+00 -6.486835e+00 4.877599e+00 -3.396702e-02 1.994859e+00 3.360735e+00 -5.843840e-01 1.868757e+00 1.926281e+00 3.487051e+00 1.905046e+00
1.301047e+01 -1.178195e+01 1.036833e+01 -1.026008e+01 -1.101210e+01 -1.610656e+01 -1.274924e+01 1.146924e+00 -1.369296e+01 -4.178542e+00 -1.264783e+00 -9.019139e+00
-1.356438e+01 2.091425e+00 -8.397259e+00 4.123826e+00 -4.039384e+00 9.790206e-02 3.084612e+00 2.351035e+00 -8.412563e-01 3.045244e+00 4.826615e-01 1.796821e+00
1.197239e+01 -1.248440e+01 9.308271e+00 -9.309433e+00 -1.411740e+01 -1.859219e+01 -1.225156e+01 -6.911017e-01 -1.638761e+01 -5.336846e+00 -2.574810e+00 -9.847034e+00
-1.185129e+01 8.080057e-01 -8.529801e+00 2.083256e+00 -1.715877e+00 1.575833e+00 -2.090838e-01 2.338599e+00 5.760231e+00 -8.785459e-01 -1.448208e+00 -6.459332e-01
1.349504e+01 -1.217481e+01 9.572441e+00 -1.183387e+01 -1.198651e+01 -1.668661e+01 -1.576018e+01 -4.672354e-01 -1.312812e+01 -5.913183e+00 -3.114967e+00 -9.484370e+00
-1.121663e+01 2.570736e+00 -1.009334e+01 4.864800e+00 -3.185805e+00 2.207678e+00 8.754826e-01 -1.845234e+00 2.614406e+00 3.660117e+00 2.406004e+00 5.059529e+00
1.328910e+01 -1.143203e+01 9.474171e+00 -1.219849e+01 -9.918560e+00 -1.816375e+01 -1.508838e+01 -1.726428e+00 -1.224039e+01 -5.060485e+00 -3.450985e+00 -8.316538e+00
1.243503e+01 -1.237076e+01 1.082132e+01 -8.128268e+00 -1.348092e+01 -1.929994e+01 -1.217221e+01 7.212633e-01 -1.734210e+01 -5.588729e+00 -1.018679e+00 -8.780684e+00
1.341976e+01 -1.106519e+01 9.659060e+00 -1.181804e+01 -9.911369e+00 -2.039741e+01 -1.396212e+01 -4.930542e+00 -1.200878e+01 -4.426261e+00 -4.095616e+00 -8.311669e+00
-1.167370e+01 -3.385057e+00 -4.765512e+00 7.443094e+00 -4.209619e+00 -3.558612e-01 1.793399e+00 1.655249e+00 3.376427e+00 1.448775e+00 -1.461203e+00 3.040797e-01
-1.295921e+01 4.850549e-01 -8.717847e+00 4.553178e+00 -4.542802e+00 2.013018e+00 2.998621e+00 8.294495e+00 3.125182e+00 6.107467e+00 4.001391e-01 -1.403363e+00
-8.487194e+00 7.683655e-01 -7.443104e+00 -2.510209e-01 -4.239338e+00 2.179985e-01 -3.821263e-01 -3.493180e+00 9.833549e-01 -2.838278e+00 4.359718e-01 -1.335633e+00
-4.782394e+00 6.918439e+00 -7.768261e+00 2.225937e+00 -2.417010e+00 -3.698134e+00 1.010245e+01 -1.432782e+01 6.800868e+00 -1.140734e+01 8.152321e-01 -7.426336e+00
1.287027e+01 -1.072189e+01 8.215849e+00 -9.042117e+00 -1.062091e+01 -2.113465e+01 -1.531743e+01 -7.073807e+00 -1.193818e+01 -5.168008e+00 -5.649409e+00 -9.655601e+00
-1.105218e+01 -5.316168e-01 -7.138637e+00 6.166424e+00 -9.915490e-01 -6.566164e-01 1.096072e+00 -2.117150e+00 2.386729e+00 -2.886129e+00 -1.387371e+00 1.717023e+00
-1.041353e+01 1.382446e+00 -8.621491e+00 4.744705e+00 -6.205192e-01 2.436523e+00 3.262980e+00 -1.091771e+00 2.663606e+00 -7.964398e-01 -6.587392e-01 1.207448e+00
1.333838e+01 -1.177759e+01 1.238014e+01 -5.577398e+00 -1.216654e+01 -1.927761e+01 -1.125210e+01 1.862513e+00 -1.929066e+01 -5.704652e+00 2.012915e+00 -7.768849e+00
-1.150627e+01 8.754650e-01 -8.479527e+00 -3.216804e+00 -7.523098e-01 5.554940e+00 2.119651e+00 -1.654718e+00 3.004110e+00 -3.913866e+00 1.714898e+00 2.404969e+00
-7.656813e+00 -2.823522e+00 -4.456997e+00 7.345212e+00 -1.589058e+00 2.464710e+00 6.000576e-01 -1.613464e+00 3.074763e+00 2.899412e+00 1.239903e+00 1.620067e+00
-8.897005e+00 1.942684e+00 -7.700218e+00 -9.727001e-02 -2.289029e+00 2.419090e-02 7.963803e+00 1.283090e+00 7.295142e+00 5.682479e+00 1.466126e+00 -1.353136e+00
-7.565578e+00 6.678632e+00 -3.725927e+00 -1.892498e+00 5.683118e+00 -8.377212e+00 1.064392e+01 -1.169564e+01 -2.936301e+00 -4.032291e+00 -6.122577e+00 -2.163654e+00
1.236052e+01 -5.991716e-01 2.118843e+00 -6.817502e+00 -1.054852e+01 -1.666011e+01 -1.139103e+01 -9.800802e+00 -6.881410e+00 -8.289186e+00 -4.274601e+00 -7.848909e+00
1.333670e+01 -7.242542e+00 9.581167e+00 7.355862e-01 -1.509751e+01 -2.107349e+01 -7.878609e+00 -3.108044e+00 -2.017896e+01 -8.611297e+00 2.721193e+00 -7.790254e+00
7.172012e-01 5.738477e+00 -1.314434e+00 4.667213e-01 -7.021789e+00 -7.172158e+00 -7.055979e+00 -1.511064e+01 -5.981477e+00 -7.612559e+00 -1.849663e-01 -3.456247e+00
-6.868895e+00 -3.893738e+00 -7.442512e+00 -1.354243e+00 -4.389944e+00 2.645905e+00 3.500074e+00 -9.471325e-01 3.543046e+00 -2.832191e+00 -1.266362e+00 3.439334e+00
-8.230227e+00 1.651550e+00 -3.398890e+00 -7.121372e+00 6.386173e+00 -7.480784e+00 5.335244e+00 -1.343583e+00 -5.122519e+00 5.531347e+00 7.384608e-01 6.734189e+00
-3.747646e+00 -4.576509e+00 -1.033325e+01 -1.932924e+00 -5.446954e-01 3.785890e+00 1.037863e+01 -3.862702e+00 2.717710e+00 3.318236e+00 6.961368e+00 1.072435e+01
1.212851e+00 -4.649123e+00 -9.956165e+00 5.422687e+00 2.242151e+00 3.330102e+00 -1.693115e+00 -5.565158e+00 3.942276e+00 2.378420e+00 2.309805e-02 -8.269089e-01
1.353033e+01 -3.916172e+00 -1.973405e+01 7.831219e+00 -9.090409e-01 9.163141e+00 -9.474202e+00 -5.300071e+00 -1.977315e-01 5.536273e+00 1.700644e+00 -2.412607e+00
-5.058920e+00 -2.004666e+00 -3.695578e+00 -1.079808e+01 -2.189724e+00 -3.082264e+00 4.029149e-01 -3.752353e+00 -1.060030e-01 -1.300632e+00 3.844559e+00 6.791145e-02
8.478058e+00 3.158342e+00 1.421595e+01 3.698436e+00 -8.847170e+00 -1.965557e+01 6.803393e-01 -5.204795e+00 -1.812370e+01 -9.293395e+00 -1.232753e+00 1.033222e+00
4.472160e-02 -4.228487e+00 -4.977506e+00 4.111959e+00 8.919439e-01 -2.626991e-02 4.705360e+00 -1.222883e+00 1.621601e+00 -2.688160e+00 -9.937536e-01 3.788193e+00
-5.961990e-01 -5.079945e+00 -1.679621e+00 -5.095054e+00 -3.182714e+00 7.027888e-02 1.251595e+01 -1.416745e+00 3.203369e+00 3.153590e+00 1.765944e+00 2.314450e-01
1.356189e+00 -1.940376e+00 -1.018239e+00 2.446957e-01 5.429846e+00 -1.103317e+00 8.709422e+00 6.294567e+00 1.206425e+00 -4.155616e+00 5.193517e+00 5.337518e-01
3.399083e+00 5.896353e+00 1.532936e+01 1.033957e+01 -3.453916e+00 -1.253426e+01 3.541722e+00 -9.582280e+00 -1.440395e+01 -4.980871e+00 -7.133513e+00 -2.742549e+00
9.960672e+00 -2.781698e+00 -1.603959e+01 7.430954e-01 4.975102e+00 2.157908e+00 -5.225271e+00 -3.573988e+00 -3.384534e+00 4.384190e+00 6.033970e-01 -3.267039e+00
4.184164e+00 -6.126274e+00 -4.927497e-01 -1.013441e-01 1.519227e-01 -3.661053e+00 5.215108e+00 2.951736e+00 5.433875e+00 4.155706e-01 -4.039605e+00 -2.052749e+00
8.844846e+00 -1.964216e+00 -8.028746e-02 3.727394e+00 5.399697e+00 3.440063e+00 1.618489e+00 -1.329732e+00 3.127443e-01 -8.087734e+00 -3.171016e+00 -6.055575e+00
2.960884e+00 3.764209e+00 2.974742e+00 3.022718e+00 4.011497e-01 6.672637e+00 -2.402920e+00 6.870252e+00 4.479207e+00 2.530569e+00 -3.608078e+00 1.170122e+00
3.690890e+00 5.945292e+00 4.132295e+00 2.347224e+00 -7.334652e-01 2.816105e+00 2.181397e+00 7.201593e+00 -4.894387e-01 1.814751e+00 -3.558274e+00 1.609592e+00
6.540980e+00 -2.129008e+00 -5.208441e+00 -2.515724e+00 3.621890e+00 2.563690e+00 1.961411e+00 2.788334e+00 1.754024e+00 -2.321884e+00 -3.388613e+00 4.713168e+00
3.490619e+00 3.503591e+00 3.506221e+00 2.362032e+00 1.330638e+00 7.010699e+00 1.298276e+00 4.706023e+00 4.048516e-01 4.690097e+00 2.277785e+00 2.172590e+00
3.756269e+00 3.169553e+00 3.725116e+00 2.799277e+00 6.265450e+00 7.125177e+00 1.088842e+00 4.395333e+00 1.157881e+00 -4.600086e-01 -3.416205e+00 -1.279282e+00
4.088792e+00 1.634859e+00 -5.803866e-01 2.942061e-01 2.073574e+00 7.847490e+00 -1.353781e+00 3.058265e+00 3.901564e+00 -3.080881e+00 -5.773280e+00 -3.060763e+00
1.689394e+00 3.496988e+00 2.923484e+00 1.718078e+00 2.475437e+00 3.275781e+00 3.433225e-01 8.959098e+00 8.905206e+00 8.500862e+00 8.816298e+00 1.537815e+00
4.197565e+00 3.884493e+00 9.560575e+00 5.210248e+00 2.022995e+00 -5.879322e+00 -3.430907e+00 -6.999465e+00 -9.582968e+00 -4.216829e+00 -3.089394e+00 2.561798e+00
2.080019e+00 2.315684e+00 4.170819e+00 2.598232e+00 3.424180e+00 8.285846e+00 -3.152210e+00 -5.767810e-01 -2.248483e+00 -4.850483e+00 -5.895425e+00 -3.459992e+00
2.729455e+00 2.036119e+00 -1.421200e+00 -1.631768e+00 4.160702e+00 -2.309892e-01 4.035877e+00 8.416662e+00 7.818355e+00 2.888582e+00 1.704970e+00 -3.985941e+00
2.835950e+00 2.945295e+00 5.431799e+00 4.231383e+00 2.007988e+00 3.965809e+00 3.121264e+00 4.457749e+00 4.095020e+00 -1.996410e+00 2.238155e+00 7.436770e-01
6.638663e+00 -5.722733e-01 2.034988e-01 -1.570933e+00 3.567011e+00 5.177378e+00 1.909541e+00 4.425008e+00 3.863225e+00 -7.706641e+00 -1.940494e+00 3.280190e+00
3.460746e+00 2.629226e+00 8.550138e-01 1.112536e+00 3.946729e+00 6.062440e+00 1.272843e+00 2.541777e-02 1.622126e+00 -3.131826e+00 -6.546609e+00 1.377938e+00
5.074143e+00 1.801397e+00 8.873866e-01 -9.414005e-01 4.673341e+00 5.017406e+00 8.241203e-01 -2.841853e-01 -3.053232e+00 -9.457043e+00 -2.830371e+00 9.368187e-01
1.093041e+00 2.066659e+00 -6.278181e-02 -7.509375e-01 9.209526e-01 6.828344e+00 2.859802e+00 3.749426e+00 4.854367e+00 8.427921e+00 6.044741e+00 5.621444e+00
3.720112e-01 1.693735e+00 3.108281e+00 2.780833e-01 7.406897e+00 8.986823e+00 3.443124e+00 4.147079e+00 4.293924e+00 6.100862e+00 1.341111e+00 8.774572e+00
7.233997e+00 -9.391437e-01 -1.700787e+00 -2.451809e+00 6.776585e+00 2.158780e+00 1.455022e+00 4.552701e+00 6.140804e-01 -3.755781e+00 -4.366560e+00 -1.149184e+00
4.500148e+00 -9.225951e-01 -2.972713e+00 -6.188825e+00 4.501122e+00 5.496222e+00 -3.388207e-01 4.411314e+00 3.402551e+00 -5.785701e+00 -4.011920e+00 -6.903688e+00
3.215153e+00 3.286312e+00 4.397227e+00 -7.759343e-01 2.611713e-01 2.999973e+00 -7.414761e-01 4.260861e+00 5.598166e-01 -3.877444e+00 -6.906043e-01 2.316373e+00
4.038847e+00 4.005988e+00 6.330603e+00 1.538685e+00 2.385890e+00 2.442133e+00 -2.453357e+00 2.204710e+00 4.472816e+00 2.440433e+00 9.432210e-01 2.638183e+00
3.972556e+00 2.476381e+00 1.244363e+00 1.306525e+00 2.784630e+00 2.781296e-02 -1.748253e+00 4.794901e+00 9.340340e+00 3.462224e-01 -2.160851e+00 4.332841e+00
3.824294e+00 -1.216851e-01 3.988634e+00 -3.775235e+00 3.117266e+00 3.156449e+00 3.515720e+00 4.686728e+00 4.362932e-01 -7.243348e+00 -3.878596e+00 -2.205646e+00
1.195988e+00 1.841122e+00 5.428886e-02 -1.545738e+00 5.181717e+00 3.422469e+00 -1.493528e+00 1.391811e+00 5.765920e+00 2.748139e+00 1.728748e+00 -2.617934e+00
2.077060e+00 1.115611e+00 3.879758e+00 4.068940e+00 4.800388e+00 8.679073e-01 8.332443e-02 2.742713e+00 9.892015e-01 2.964881e+00 5.472683e+00 7.667262e+00
5.628915e+00 2.765837e+00 2.538553e+00 -7.020587e-01 3.815786e+00 4.722347e+00 3.396188e+00 5.855619e+00 2.373507e+00 -4.797044e+00 -3.276530e+00 1.318134e+00
6.272926e-01 2.359638e+00 3.764943e+00 -5.239457e-01 2.815835e+00 6.923847e+00 3.921057e+00 5.921848e+00 3.064145e+00 4.995617e-01 2.904718e+00 3.842586e+00
1.569389e+00 2.317882e+00 3.260330e+00 -2.597126e+00 1.387162e+00 4.749397e+00 -1.159709e+00 -3.879322e+00 1.910904e+00 4.167742e+00 5.302075e+00 5.008275e+00
2.419280e+00 1.756962e+00 2.791427e+00 1.628295e+00 4.078216e+00 3.631892e+00 1.369358e+00 6.143450e+00 4.944736e+00 5.788871e+00 5.480684e+00 2.262864e+00
2.862016e+00 2.130641e+00 3.120662e+00 2.424883e+00 3.529544e+00 2.823794e+00 -2.970628e+00 -5.045201e-01 4.091440e+00 7.692886e+00 1.878526e+00 2.663364e-01
1.652776e+00 2.951954e+00 8.319173e+00 2.324052e+00 3.384591e+00 5.432436e+00 3.286075e+00 4.026239e+00 2.554241e+00 7.532207e+00 3.453050e+00 3.102337e+00
1.356669e+00 9.787301e-01 2.729741e+00 -1.355800e+00 4.967582e+00 7.446936e+00 1.323962e-02 -2.270185e+00 6.031635e-01 4.453559e+00 1.792163e+00 1.736989e+00
1.059381e+00 1.790718e+00 5.934329e+00 5.416269e-01 2.461058e+00 -8.423188e-01 -5.764885e-01 -1.783687e+00 3.688882e+00 -1.102411e+00 4.342276e-02 1.755057e+00
1.391010e+00 1.411619e+00 3.365861e+00 -1.931660e-01 3.275049e+00 9.825373e-02 -6.347007e+00 -1.488127e+00 -1.727966e+00 8.286111e-01 -7.829568e-01 4.114383e-01
1.025751e+00 4.972931e-01 2.583449e+00 -9.821320e-01 7.471547e+00 6.956568e+00 -6.155179e-01 3.996239e+00 2.069628e+00 3.347544e+00 -9.888542e-02 5.021963e-01
2.321392e+00 3.625447e+00 4.184332e+00 -3.839787e-01 7.792850e+00 5.116942e+00 1.292769e+00 1.827773e+00 -7.092515e-01 -6.072698e-01 -2.655799e+00 -1.733545e+00
1.942978e-01 -6.808949e-02 5.321424e+00 1.945587e+00 2.252795e+00 3.983970e-01 -1.000822e+00 1.628448e+00 4.167316e+00 3.593962e+00 -1.136154e+00 2.585451e+00
6.035233e-01 1.989492e+00 6.969851e+00 1.848286e+00 5.024582e+00 3.885344e+00 1.616224e+00 -1.766296e+00 1.769785e+00 6.347644e+00 1.854386e+00 6.155753e+00
1.429589e+00 8.870384e-01 3.658201e+00 8.022540e-01 8.555777e+00 4.195298e+00 1.998712e+00 1.594353e+00 3.218955e+00 -6.232724e-01 6.282719e+00 7.194016e+00
9.822903e-01 9.120687e-01 3.762326e+00 1.081272e+00 4.170980e+00 1.007813e+00 -6.396046e-01 -1.582448e-02 7.424659e+00 2.931174e+00 2.918649e+00 3.596144e+00
1.031850e+00 9.859241e-01 5.193751e+00 -1.085713e+00 4.302688e+00 1.045927e+00 -2.526087e+00 1.344898e+00 2.714817e+00 -4.991241e-01 -2.243541e+00 4.591516e-01
1.623355e+00 1.297042e+00 5.445200e+00 4.691758e-01 5.279205e+00 4.120983e+00 -1.531508e+00 9.003842e-01 3.040028e-02 8.027256e-03 3.419212e+00 4.856828e+00
9.780045e-01 5.542692e-01 3.053857e+00 -2.047391e+00 2.145626e+00 1.326275e+00 -1.927052e+00 -6.646745e-01 1.305477e+00 -7.021289e-01 9.375862e-01 2.372734e+00
1.090273e+00 1.140423e+00 2.492936e+00 -1.065471e+00 1.787666e+00 4.218130e+00 4.763710e-01 1.438102e+00 4.492758e+00 6.843367e+00 5.081161e+00 6.179691e+00
1.053566e+00 -1.085242e+00 -1.274729e+00 -3.117532e+00 2.344126e+00 2.964898e+00 2.736155e+00 3.416536e+00 1.654100e+00 2.577287e+00 3.665345e+00 4.966688e+00
2.177540e+00 1.855543e+00 3.021887e+00 9.067619e-01 4.236750e+00 3.561287e+00 8.817593e-01 -2.087938e+00 1.568919e+00 3.082508e+00 -4.818933e-01 6.422949e-01
5.714569e-01 4.758929e-01 3.841548e+00 -1.424247e+00 4.801241e+00 4.471085e+00 2.938673e+00 2.030214e+00 4.364464e+00 4.766200e+00 3.584526e+00 4.603381e+00
1.072536e+00 5.402271e-01 1.979102e+00 -2.315288e+00 4.339719e+00 4.661371e+00 2.060096e+00 2.144159e-01 3.527794e+00 3.357455e+00 4.526933e+00 1.588452e+00
1.178217e+00 2.224361e-01 1.491558e+00 -2.267657e+00 3.936245e+00 4.138930e+00 2.780556e+00 3.840209e-01 6.153975e+00 4.010776e+00 1.602390e+00 1.094064e+00
1.635414e+00 4.759041e-01 2.421726e+00 7.559462e-01 2.757947e+00 -7.726386e-01 -1.149863e+00 3.298750e+00 3.136310e+00 7.402809e-01 -7.575798e-02 1.301035e+00
2.573059e+00 2.149239e+00 6.012892e+00 -1.786239e+00 3.284240e+00 4.663211e+00 2.108955e+00 7.253305e-01 3.892209e+00 -3.909026e+00 -5.259487e+00 3.196341e+00
1.603177e+00 -5.115678e-01 8.226285e-01 -4.409153e+00 2.638413e+00 2.408195e+00 1.943631e+00 2.597150e+00 2.209094e+00 2.136236e+00 1.272349e+00 -9.114727e-01
1.623783e+00 1.404805e-01 2.498555e+00 -2.346978e+00 2.272073e+00 1.791955e+00 -3.962521e+00 -1.021285e+00 8.161224e-01 4.044928e+00 1.923093e+00 -3.007806e+00
