-4.236668e+00 8.146147e-01 1.247554e-01 -3.747488e+00 -1.541048e+00 -8.673445e-01 -1.431298e+00 1.808862e-01 -8.786402e-01 1.053817e+00 3.011789e+00 6.295186e-01
-2.179024e+00 -2.203696e+00 -3.271193e-01 -4.011417e+00 -3.956552e+00 -7.791644e-01 -2.150176e+00 -2.840352e-03 -1.124598e+00 -4.869336e-01 2.143233e+00 1.499691e+00
-4.513440e+00 4.390870e+00 8.522552e-01 -1.076439e+00 2.289360e+00 -9.968355e-01 8.573815e-01 1.338351e+00 -1.142555e+00 -1.112256e-01 1.053682e+00 -1.810246e-01
-4.058573e-01 -3.021703e+00 -4.301652e-02 -2.945608e+00 -2.785909e+00 4.553842e-03 -2.269586e+00 -1.233753e+00 -1.192856e+00 -2.280915e-02 6.628187e-01 8.267886e-01
-3.458998e+00 2.592132e+00 1.740583e+00 -2.709309e-01 1.996065e+00 -1.335847e+00 2.011740e+00 1.731619e+00 -3.718920e-01 -4.293265e-01 4.419049e-01 -2.104492e-01
9.100951e-01 -2.258207e+00 5.825936e-01 -2.601525e+00 -2.110432e+00 4.139737e-01 -5.393223e-01 -1.460202e+00 -9.905909e-01 2.843874e-02 -8.955051e-01 -9.873317e-01
6.462401e-01 -2.407398e+00 -9.327650e-01 6.589653e-01 -1.614315e+00 1.006734e+00 -2.005756e+00 1.492630e+00 1.822078e+00 -8.921355e-01 2.370570e+00 3.424297e-01
3.934742e-01 -2.448142e+00 2.408271e-02 4.024088e-01 -7.502348e-01 7.614092e-01 -1.220586e+00 6.505190e-01 2.827823e-01 -2.386145e-01 4.250996e-01 -5.240784e-02
-1.812520e+00 4.512197e-01 2.808571e+00 6.537896e-01 1.142033e+00 3.390045e-02 3.134002e+00 1.110471e+00 1.310980e+00 5.191879e-01 3.336253e-01 -2.679114e-02
-1.180712e+00 -2.984921e-01 -3.403495e-02 -3.193410e-01 -2.283032e-01 1.216299e+00 5.115557e-01 8.489973e-01 -1.520721e-01 7.943452e-01 -3.845929e-01 1.504624e+00
1.341956e-01 -1.722891e+00 -2.174308e-01 3.652796e-01 -1.412750e+00 1.737960e-01 -8.686543e-01 6.552460e-01 -1.234841e+00 -7.296423e-01 -5.685123e-01 -1.543537e+00
2.447484e+00 -2.457645e+00 -3.060558e+00 6.656466e-01 -3.178586e+00 7.553746e-01 -3.971227e+00 2.282710e+00 8.719105e-01 -1.009947e+00 2.679409e+00 -4.137034e-01
-1.010990e-02 4.355157e-01 -4.806590e-01 -7.538153e-01 -8.510118e-01 -1.721344e+00 -1.721539e+00 -3.640824e-01 -6.632646e-01 -2.714694e-01 -1.848291e+00 -1.689505e+00
-4.740229e-01 -3.016223e-01 -9.224107e-01 -3.469636e-01 -1.362898e+00 9.038427e-01 1.338037e+00 1.926288e+00 8.250765e-01 2.376082e-01 4.407396e-01 2.546253e+00
-1.224752e-01 -2.325533e-01 -6.061561e-01 2.568946e-01 -1.324054e+00 1.255606e-01 -1.705973e+00 5.134438e-01 7.907336e-01 -9.584423e-01 -3.395931e-01 -1.630217e+00
-4.979868e-01 -4.625014e-01 6.009662e-01 1.375776e+00 -1.364903e+00 1.373404e+00 2.535392e+00 1.906209e+00 9.291294e-01 -1.274502e+00 1.125787e+00 1.119153e+00
-8.226463e-01 -3.544109e-01 -2.278976e-01 2.147144e-01 -1.161796e+00 -2.465277e-02 -2.093733e-01 2.991959e-01 -1.151534e+00 -1.153991e+00 -2.192292e+00 6.203041e-02
-4.669767e-01 1.507388e-01 4.185216e-01 -9.732428e-01 -2.538348e-01 1.731182e+00 1.247082e+00 -1.595947e+00 -5.935100e-01 1.616853e-01 3.649825e-01 1.187327e+00
1.011229e-02 5.903338e-01 6.233327e-01 -2.048096e-01 -9.938038e-01 1.240370e+00 9.334461e-01 -4.435646e-01 9.999840e-01 6.920869e-01 1.735463e-01 6.592398e-01
3.023376e-01 4.726942e-01 3.977522e-01 -1.632633e-01 -5.805138e-01 1.383813e+00 2.159401e+00 8.893026e-01 2.081967e+00 1.431688e+00 -1.600693e-01 -3.184556e-01
2.743667e-01 -2.705983e-02 1.973246e-01 6.099845e-01 -3.334284e-01 4.117616e-01 9.265906e-01 1.825168e+00 1.155714e+00 1.016309e-01 -5.287214e-01 -1.911223e+00
1.243883e-01 4.175130e-01 -5.360343e-01 9.245022e-02 1.498176e+00 6.752281e-02 9.829170e-01 2.013568e+00 4.628162e-01 -3.980787e-01 7.371173e-02 -1.677797e-01
-2.576818e-01 2.214098e-01 5.854015e-02 3.045309e-01 5.594311e-01 -6.553327e-01 5.221536e-01 1.977298e-01 -1.234780e+00 -8.882521e-01 9.272501e-01 4.669159e-01
-4.873946e-01 4.771245e-01 1.294538e+00 1.271705e+00 3.700263e-01 -6.703904e-01 -5.781230e-01 -7.675238e-01 -1.451365e+00 -5.428587e-01 1.416113e+00 1.049071e+00
-7.202134e-01 -4.648604e-01 1.279597e+00 1.212272e+00 6.817080e-01 9.275423e-01 6.596978e-02 -1.838517e+00 -6.587514e-01 6.257924e-01 7.296838e-01 1.010135e+00
-9.850296e-01 -1.118657e+00 9.102379e-01 9.041766e-01 -9.946140e-01 1.297984e+00 -1.191011e+00 -1.758212e+00 -1.139827e+00 3.598397e-02 -6.981412e-01 4.636967e-01
3.194422e-01 5.844812e-01 -1.320103e-01 -1.606787e-01 1.374552e+00 2.002817e-01 -1.224658e+00 3.056219e-01 1.611472e+00 1.774694e-01 1.230861e-01 -2.968848e-01
1.142199e+00 8.942869e-01 -2.953779e-01 -1.259851e+00 -3.927795e-01 -1.094046e-01 -6.361060e-01 4.210685e-01 -6.597131e-01 -1.299928e+00 -7.627686e-01 -1.421220e+00
-3.249658e-01 4.855098e-01 8.617225e-02 2.890206e-01 -1.454458e+00 1.916536e-01 1.118392e+00 1.221416e+00 5.968520e-01 -2.642141e-01 -9.738558e-01 -4.357826e-01
-1.258598e+00 1.804766e-01 1.590827e+00 7.735405e-01 5.642934e-01 -1.814391e+00 -3.571049e-01 1.956536e-01 -1.225754e-01 4.779076e-01 1.807288e+00 2.405152e+00
-1.151434e+00 1.454318e-02 1.207446e+00 7.191604e-01 4.690050e-01 -2.174033e+00 -1.389907e+00 -1.083358e+00 -9.385813e-01 6.149497e-02 4.145372e-02 2.064231e+00
-3.546981e-01 3.108243e-01 9.026691e-01 5.296585e-01 -9.887879e-02 -2.658709e+00 -4.219058e-01 -7.563936e-01 -2.096791e-01 9.143488e-01 -1.101270e+00 -5.672714e-01
-2.656240e-01 2.929340e-01 3.354570e-01 -5.332319e-01 -1.450413e-01 -8.174692e-01 -2.840084e-01 -6.726772e-01 1.622377e+00 1.100765e+00 -5.421973e-01 -1.152493e+00
1.111888e-01 5.015587e-01 -9.195111e-02 -3.517523e-01 -1.102710e+00 -9.399469e-02 2.389401e-01 1.245840e+00 8.366235e-01 -5.722134e-01 -6.055527e-01 -1.643468e+00
2.401731e-01 6.855842e-01 -1.602812e-01 -2.513246e-01 -1.623997e+00 -9.355672e-02 9.604458e-01 1.702893e+00 8.076181e-01 3.398778e-01 -2.329836e-02 -1.454560e+00
-5.887327e-02 6.554263e-01 -2.461125e-01 -3.962618e-01 -1.855091e+00 7.335210e-03 5.618706e-01 1.082420e+00 -8.001719e-01 -1.588291e-02 2.826939e-01 -4.648423e-01
-7.405218e-01 -3.880048e-03 3.679145e-01 -1.055949e-01 -1.074679e+00 4.300935e-01 7.892331e-01 1.142356e+00 1.520540e+00 2.407241e-03 1.832400e+00 1.058285e+00
-7.706064e-01 3.639106e-01 1.441941e+00 6.186982e-01 3.603846e-01 1.455867e-01 7.675803e-01 1.307317e+00 7.843889e-01 -8.704044e-01 2.385122e+00 2.165353e+00
-1.191151e+00 1.151433e-02 2.181776e-01 4.720727e-01 -4.059355e-01 -1.189000e-01 -3.392385e-01 -6.564191e-01 -2.884097e+00 2.631313e-01 -4.591556e-01 -1.853653e-01
2.298866e-01 -5.747154e-01 -1.735898e+00 7.014395e-01 -1.716564e+00 -4.961013e-01 -3.509857e-01 1.589164e-01 -1.518296e+00 -1.698937e+00 -8.109080e-01 -2.213920e+00
6.761363e-01 -2.503628e-01 2.943106e-01 4.443298e-01 5.080401e-01 -5.052043e-01 -2.610466e+00 -9.014516e-02 1.744061e-01 -1.577023e-01 5.732427e-01 8.055343e-02
-2.220533e-01 -1.934354e+00 2.210258e+00 -5.940344e-01 -2.076110e+00 -3.995065e-01 3.545988e+00 6.794372e-01 2.445210e+00 -1.823989e-01 1.440125e+00 -4.420968e-01
6.573523e-01 8.000904e-01 -8.885053e-01 2.210345e+00 5.373907e-01 5.187672e-01 1.610267e+00 1.890312e+00 8.254949e-01 -1.622438e-01 7.464282e-01 -1.806183e-01
6.054791e-01 3.991908e-01 -6.726407e-01 -8.375284e-01 8.296185e-01 -1.359591e+00 -4.124933e-01 -2.067462e+00 -1.433897e+00 1.317847e+00 -2.146437e+00 -9.139065e-01
7.452321e-01 4.149799e-02 4.211535e-01 5.938746e-01 3.863464e-01 3.368556e-01 -2.044538e+00 3.020663e-01 5.014715e-01 -3.512821e-02 1.146877e+00 -2.112234e-01
-2.322619e-01 -6.685452e-01 3.763471e-01 7.289978e-01 2.206069e-01 7.542924e-01 8.086786e-01 4.249974e-01 9.368429e-01 -1.249458e+00 8.503816e-01 -7.969044e-01
5.506731e-01 1.786357e-01 -3.862976e-01 -1.095896e-01 7.341234e-01 -5.942358e-01 -3.629344e+00 -9.051689e-01 5.135535e-01 -4.801552e-01 4.146797e-01 -2.715931e-01
5.836760e-01 5.579643e-01 -8.216338e-02 1.348449e+00 1.052706e+00 6.864406e-01 8.093942e-01 1.838177e+00 1.200771e+00 2.234566e-01 5.100455e-02 2.211328e-01
3.869731e-01 1.793462e-01 -2.145459e+00 1.598338e+00 -9.841909e-01 -6.819168e-01 8.996666e-01 2.472906e-01 -7.147468e-01 -1.359701e+00 -6.518236e-01 -1.213376e+00
-1.303193e+00 -3.121659e-01 -5.970447e-01 -3.344805e+00 4.344058e+00 -5.819030e-01 9.064973e-01 7.831267e-01 1.457328e+00 2.401896e+00 -2.442344e-01 9.585583e-01
1.119477e+00 2.228557e+00 -6.657244e-01 -7.116639e-01 2.421937e+00 2.761008e+00 1.555566e+00 -1.462604e+00 -8.202102e-01 3.711462e+00 2.594198e+00 1.725136e+00
6.050979e-01 2.206796e+00 -1.094868e+00 -1.434178e+00 1.081384e+00 1.769710e+00 2.527068e+00 -1.769855e+00 -2.080396e+00 1.541630e+00 1.895200e+00 1.378381e+00
-1.433530e+00 3.837971e-01 5.825683e-01 -2.935520e-01 1.512517e-01 -2.386576e-01 1.568718e-01 -1.840044e+00 -2.188365e+00 9.362320e-01 7.934557e-01 -1.453792e-01
5.048944e-01 5.501221e-01 -1.398009e+00 -9.489416e-01 1.889162e-01 -5.898511e-01 -4.290042e+00 -2.351012e+00 -4.834689e-01 -2.218002e-01 -6.189187e-01 -5.888046e-01
4.363150e-01 2.086862e+00 -7.915403e-01 -1.775054e+00 1.794252e-02 1.126595e+00 4.219760e+00 -8.573418e-01 -2.909604e+00 -4.394260e-01 1.665604e+00 1.905428e+00
1.218353e+00 1.989786e+00 -8.813936e-01 -6.490034e-01 2.084134e+00 2.636552e+00 -1.635033e-01 -1.342153e+00 -8.857268e-01 4.022116e+00 1.390080e+00 1.938729e+00
9.473161e-01 8.375008e-01 -1.015056e+00 -1.171296e+00 1.049741e+00 6.544828e-01 -3.067781e+00 -2.173966e+00 -7.524862e-01 2.178586e+00 -6.711540e-01 5.607246e-01
1.114538e+00 9.392732e-01 -1.249879e+00 -1.721692e+00 9.870018e-01 1.013565e+00 -2.953084e+00 -2.022372e+00 -2.038338e+00 2.538510e+00 -5.030085e-01 6.899828e-01
4.309522e-01 3.374150e-01 2.004420e-01 -1.739938e-02 6.268164e-01 1.658926e-01 -1.137241e+00 -5.953761e-01 9.941971e-01 3.057623e-01 -1.439893e-01 -1.707510e-01
7.584143e-01 -1.602014e-01 4.661570e-02 1.462434e+00 1.481696e+00 -9.851869e-01 -1.465885e-01 -1.779252e+00 -1.204242e+00 4.125447e-02 -1.061376e+00 -2.296404e-01
3.445565e-01 1.115716e+00 3.132916e-01 8.394817e-01 1.684866e+00 1.305121e+00 -1.043938e-01 1.880096e+00 2.131921e+00 4.771706e-01 5.861144e-01 1.131227e-01
3.338933e-01 1.876178e+00 -3.882548e-01 -2.299195e+00 -1.560006e+00 4.411815e-01 4.448650e+00 1.373800e-01 -3.878626e+00 -2.195451e+00 4.837976e-01 1.799786e+00
-8.392019e-01 -9.287659e-01 -6.686867e-01 -6.138113e-01 2.402341e+00 -4.190597e-01 -1.158718e+00 -4.904816e-01 1.518447e+00 1.557311e+00 -1.067695e+00 1.273422e+00
1.945742e-01 6.956197e-01 2.021139e-01 -1.386605e-01 7.568411e-01 4.679340e-01 -1.179237e+00 1.063796e-01 1.313953e+00 -1.819450e-01 9.711604e-02 -8.864382e-01
4.574424e-01 2.393141e+00 -4.875242e-01 -1.322861e+00 -1.846438e+00 9.196795e-01 5.487014e+00 4.935122e-01 -2.382585e+00 -2.216497e+00 2.255383e-02 1.758727e+00
5.125840e-01 2.435957e+00 -3.090702e-01 -1.297875e+00 -8.123465e-01 1.610094e+00 4.387425e+00 7.456571e-01 -5.476170e-02 -1.616584e+00 -1.044744e+00 7.052841e-01
-7.769226e-01 1.112064e-01 -7.012025e-01 -3.854493e+00 2.098774e+00 -1.360075e+00 2.294388e+00 3.731536e-01 -7.714939e-02 2.596193e+00 9.210396e-03 2.118240e-01
-8.352957e-01 -1.520998e+00 1.062732e-01 1.150537e+00 1.170604e+00 1.224448e+00 1.636245e+00 1.578206e+00 3.215803e-01 1.444607e+00 2.148789e-01 2.408280e+00
-1.528581e+00 1.453336e-01 1.804432e-01 -1.029172e+00 -6.513754e-01 -5.590174e-01 -5.148389e-01 -1.563812e+00 -8.628934e-01 1.140701e+00 6.162847e-01 -2.248481e-01
2.559001e-01 1.859569e+00 -1.665047e-01 -1.444973e+00 1.685020e-01 1.296241e+00 2.044046e+00 1.335982e+00 2.108674e+00 -2.843471e+00 -1.865481e+00 2.498304e-01
-2.511498e-01 -7.017726e-01 -1.401912e+00 -1.298757e-01 3.688223e-01 -4.699968e-01 -1.572666e+00 -1.208278e+00 2.060628e+00 -8.721561e-01 -1.181458e+00 -2.359134e-02
-1.200999e+00 -4.850301e-01 2.589671e-01 1.273224e+00 4.894738e-01 6.892076e-01 -3.731546e-01 1.534594e+00 -1.253650e+00 2.070893e+00 1.300525e+00 8.111219e-01
-1.515434e-01 6.924928e-01 2.209663e-03 -1.023430e+00 7.230393e-01 5.047413e-01 1.031151e+00 1.741933e+00 2.540813e+00 -2.656901e+00 -2.714633e+00 -6.592188e-02
7.974284e-01 -6.625537e-02 4.075426e-01 8.025135e-01 2.181646e+00 -5.472101e-01 -8.910275e-02 -1.331065e+00 5.744796e-02 -2.316370e-01 -6.865461e-02 -5.995637e-01
-3.442315e-01 -2.120133e+00 5.143740e-01 1.240118e+00 2.528624e+00 1.359863e+00 2.969593e+00 4.412733e-01 1.206939e+00 1.364926e+00 -5.238492e-01 1.293158e+00
-7.639438e-01 3.850880e-01 -3.465294e-01 -3.200723e-01 4.815814e-01 3.074911e-01 1.428757e-01 1.562621e+00 -6.332287e-01 1.473676e+00 2.397357e+00 -8.298822e-02
-3.998004e-01 5.475517e-01 -1.223359e+00 -1.413342e+00 -9.537073e-01 -6.517035e-01 2.198277e+00 1.397153e+00 -1.168145e+00 1.443845e+00 1.683509e+00 -5.659758e-01
-4.424886e-01 -6.354278e-01 7.289846e-01 1.690111e-01 1.559072e+00 -4.708381e-01 7.119092e-01 1.550073e+00 2.806854e+00 -1.327163e+00 -2.752169e+00 2.071197e-01
1.324868e+00 -2.376400e+00 1.181766e+00 -9.210548e-01 -2.695581e+00 -2.442038e-01 2.644934e+00 -1.199672e+00 1.451106e+00 -3.197148e-01 1.411269e+00 -2.172784e+00
4.978967e+00 -3.915082e-01 -2.086498e+00 1.260379e+00 -4.157072e+00 -9.403466e-01 -6.702373e+00 1.041506e+00 -2.494240e+00 -2.253574e+00 1.173203e+00 -2.266529e+00
-9.368949e-01 1.032076e+00 1.094288e+00 8.651296e-01 5.883095e-01 -5.596157e-01 -1.521003e+00 -9.119130e-01 8.450587e-01 1.333353e+00 -4.051274e-01 3.050979e-01
-1.016008e+00 1.186021e+00 8.110665e-01 6.956396e-02 3.297115e-01 -8.703097e-01 -2.337188e+00 -2.669060e-02 1.745506e+00 -1.314826e-01 -1.364561e+00 -2.709835e-01
2.932357e-01 -7.107551e-02 -1.176983e+00 2.301304e+00 -1.674037e+00 -5.980492e-01 -1.618750e+00 -1.472697e+00 2.045006e+00 -2.122111e+00 -4.761927e-01 -1.189221e+00
-4.285534e-01 -1.750562e+00 7.664722e-01 2.644665e+00 2.322740e+00 -9.973168e-01 2.191102e+00 1.475476e-01 2.304456e+00 7.653965e-01 -2.865346e+00 5.672857e-01
-3.230434e-01 -2.100995e+00 3.737089e-01 2.316963e+00 2.446152e+00 2.074965e+00 4.193757e+00 1.740634e-01 1.207074e+00 1.548323e+00 -5.487726e-01 5.549160e-01
-6.665806e-02 8.185471e-01 -1.160336e-02 1.466752e+00 -1.520700e+00 -1.481028e-01 -1.529507e+00 -6.964565e-01 1.754795e+00 -7.623410e-01 -4.510261e-01 -7.459841e-01
-7.220610e-01 -2.279850e+00 9.460305e-01 3.649683e+00 3.772453e+00 4.661023e-01 2.920601e+00 -1.056903e+00 2.012088e+00 2.740090e+00 -1.587729e+00 -9.321455e-01
-5.270934e-01 -2.363754e+00 5.722169e-01 2.972251e+00 4.031972e+00 1.623927e+00 2.904318e+00 -8.508368e-01 2.991528e+00 1.835165e+00 -1.705596e-01 -2.733351e-01
3.101021e+00 -3.835302e-01 2.293576e+00 1.214469e+00 -1.323205e+00 -1.769270e+00 -8.138517e-01 -3.503989e+00 -9.838827e-01 -2.425942e+00 -1.468618e+00 -2.964134e+00
6.147284e+00 4.041943e-01 -5.230637e-02 2.061234e+00 -3.393415e+00 -2.559417e+00 -7.157838e+00 -1.411073e+00 -5.183375e+00 -3.076710e+00 -2.336020e+00 -3.805269e+00
5.244646e+00 3.341454e-01 9.044164e-01 1.709645e+00 -1.829589e+00 -3.295921e+00 -4.812772e+00 -3.301076e+00 -4.508748e+00 -3.752148e+00 -3.024002e+00 -3.802788e+00
