-8.688240e-01 -7.615452e-01 -8.552706e-01 6.971065e-01 -1.671452e+00 1.815339e+00 5.000374e-01 9.447252e-01 -1.166772e+00 -1.852778e+00 -2.853848e+00 -2.849167e+00
-2.253728e+00 -2.281080e-01 1.296894e+00 2.425250e+00 4.701255e-01 8.564860e-01 -1.471326e+00 -1.260383e+00 5.369160e-01 -1.540384e+00 -2.189961e+00 -1.869514e+00
7.707701e-02 -1.323148e+00 -2.422327e+00 -9.008873e-02 -2.573136e+00 1.561942e+00 2.306612e+00 1.255094e+00 -1.248035e+00 1.664383e-01 -1.490831e+00 -1.125863e+00
-1.992230e+00 -4.318021e-01 1.616252e+00 1.201857e+00 2.565345e-01 -1.470601e+00 -2.457015e+00 -3.277449e+00 3.032912e-01 -8.920106e-01 -8.397290e-01 -1.517742e+00
2.088488e+00 -6.405224e-01 -2.285671e+00 -2.621967e+00 -5.161332e+00 3.075648e-01 -7.065632e-01 1.367685e+00 8.822101e-01 -3.701906e+00 2.447423e+00 -2.277732e+00
5.077027e+00 1.210026e+00 -2.902889e+00 -4.016130e+00 -6.735442e+00 6.027564e-01 -1.204195e+00 5.454543e-01 -6.751897e-01 -5.867162e+00 1.898423e+00 -2.888982e+00
-1.719532e+00 -1.585024e+00 -1.838921e+00 -7.637277e-01 -1.268508e+00 -1.728427e+00 -6.445788e-01 -4.834886e-01 1.601288e+00 3.247901e+00 3.846426e+00 3.533764e+00
-1.613698e+00 -1.186449e+00 -2.318136e-01 -7.510319e-02 -3.264117e-01 -1.895625e+00 -2.162052e+00 -2.673584e+00 1.276271e+00 9.045030e-01 2.599569e+00 1.372023e+00
-1.238621e+00 -7.463699e-01 -1.249563e+00 -1.953637e+00 -1.691067e+00 -1.355665e+00 -7.608820e-01 1.430528e+00 2.415818e+00 2.144408e+00 3.041049e+00 1.789636e+00
1.539934e+00 -3.236048e-01 -1.440038e+00 -1.006868e-01 -1.937296e+00 9.124300e-01 2.018891e+00 9.334496e-01 -2.218423e+00 -1.205560e+00 6.373234e-02 1.047600e-01
-5.681208e-01 6.700864e-02 -4.078284e-01 -9.098597e-01 -9.728446e-01 -1.296056e+00 -2.900071e-01 1.834576e+00 1.917968e+00 1.333750e-01 1.191645e+00 1.064983e+00
6.569439e-01 -1.279916e+00 2.315872e-01 -1.292848e+00 -2.137117e+00 -1.627023e+00 -5.857300e-01 -4.943569e-02 1.476484e+00 -1.221927e+00 -1.891386e-01 -7.927490e-01
6.475488e+00 2.966851e+00 -2.108996e+00 -4.371680e+00 -6.083169e+00 4.665600e-01 -1.294479e+00 -1.324967e+00 -2.192065e+00 -6.289746e+00 4.601575e-01 -4.261646e+00
3.066495e-01 6.397420e-01 -6.324592e-01 -1.168314e+00 -1.150007e+00 7.416416e-01 -1.495164e+00 2.355601e-01 1.125594e+00 5.703632e-01 -4.781212e-01 2.772388e-01
-3.171242e-01 -9.469477e-01 -1.674214e+00 -8.929337e-01 2.181539e+00 2.740810e-02 1.584157e+00 9.870033e-01 -4.805479e-01 -2.038659e+00 -5.275001e-02 -9.071493e-02
8.689400e-01 6.241502e-01 -1.113413e+00 -1.339304e+00 -1.356486e+00 -1.080559e+00 -5.784790e-01 9.708411e-01 -5.581890e-01 5.430584e-02 -1.235851e-01 1.334135e+00
6.435781e-01 1.479876e-01 2.009880e+00 -9.863390e-01 9.438629e-01 -2.165698e+00 1.176249e+00 7.288576e-01 1.604197e+00 1.085587e+00 -2.121994e-01 6.117586e-01
-1.538241e-01 -1.285693e+00 -1.749278e+00 -1.185940e+00 1.501663e+00 -4.218630e-01 4.647106e-01 1.292214e+00 -1.435785e+00 -1.454892e+00 -4.766544e-01 -8.929626e-01
-6.579488e-01 -5.386108e-01 -1.712794e+00 -1.372673e-01 1.376806e+00 3.107695e-01 1.623876e+00 1.170644e+00 -8.613448e-01 -2.592539e+00 -2.335465e-01 1.073782e+00
1.573764e-01 7.575099e-01 -6.730825e-01 -1.474040e+00 -4.695560e-01 1.010532e+00 -9.997429e-01 -3.218844e-01 -2.842485e-01 3.265034e-01 -9.504213e-02 1.169643e-01
3.766618e-02 -1.882830e-01 -1.403131e+00 3.191376e-02 1.267479e+00 1.148413e-01 1.507902e+00 1.304785e+00 -3.322058e-01 -8.547840e-02 5.578925e-01 -1.402936e-01
2.921341e-01 -2.196381e-01 -5.088535e-01 -4.967706e-01 -1.512980e-01 -4.330352e-01 6.257466e-01 1.033868e+00 2.080458e-01 -3.099588e-01 -2.941299e-03 -2.888870e-01
3.363153e-01 6.997336e-01 1.026445e-01 -7.478495e-01 -7.845512e-01 -7.759872e-01 -2.347218e-01 -1.512298e-01 -6.491768e-01 2.024041e-02 5.704882e-01 1.854753e+00
3.089384e-01 1.479603e-01 -1.032112e+00 6.691872e-01 1.042976e+00 -2.540752e-01 1.323164e+00 1.397780e+00 -5.277627e-01 9.537047e-01 6.009344e-01 6.132460e-01
-6.564002e-01 -1.989248e-01 -1.806163e+00 1.190282e+00 1.513882e+00 -5.478679e-02 1.368055e+00 1.190411e+00 -3.500401e-01 -2.094834e+00 -6.111149e-01 2.270644e+00
9.894066e-02 4.505934e-01 -3.951581e-01 -8.277073e-01 -2.011822e-01 -5.297357e-03 -9.309148e-01 -1.189543e+00 -1.640155e+00 6.810166e-01 3.013032e-01 -6.319001e-02
4.676377e-01 8.048512e-01 1.982440e+00 -1.202993e+00 1.255349e+00 -1.475182e+00 9.632837e-01 7.220787e-01 1.066657e+00 1.045834e+00 6.234092e-01 4.918492e-01
4.070489e-01 3.676248e-01 -1.653055e-01 8.855131e-01 3.668259e-01 3.415816e-01 1.032577e+00 8.805477e-01 1.712404e-01 1.074534e+00 9.183363e-01 1.579209e+00
9.084669e-01 4.022066e-01 -4.135658e-01 6.096687e-02 -7.749540e-01 8.418336e-02 -7.019224e-01 8.580484e-01 2.245392e-01 1.341988e-01 1.285534e+00 1.989669e+00
4.313416e-01 3.730130e-01 -5.392456e-01 -2.822973e-01 -8.476071e-01 -1.508280e+00 -3.531864e-01 7.584450e-01 2.199200e+00 -4.121834e-01 3.330837e-01 2.513417e-01
-1.529618e-01 5.714726e-01 8.059727e-01 2.799773e-01 -1.241653e+00 5.479749e-01 1.232931e+00 1.026085e+00 9.105136e-01 1.685500e+00 5.932969e-01 9.639512e-01
4.799457e-01 -5.975976e-02 6.723266e-01 2.619484e-01 -4.842750e-01 1.111189e-01 1.734094e-01 -4.638650e-01 6.038866e-01 6.869223e-01 3.243927e-01 1.190539e+00
-4.427288e-01 3.434994e-01 7.556970e-01 -1.825063e-01 -9.600423e-01 -6.577362e-01 -3.728914e-01 -1.070862e+00 -8.978411e-01 -1.510904e+00 -1.079278e-01 -1.319480e-02
7.698122e-01 8.033570e-01 -5.238557e-02 -3.064159e-01 2.433632e-01 8.925436e-01 3.109866e-01 -9.603348e-01 -3.596210e-01 -1.810540e-01 1.336921e-02 1.194336e+00
4.409468e-01 -1.853512e+00 -6.481600e-01 -3.201385e-01 1.383062e+00 -2.036479e-01 -3.096004e+00 -2.280012e-01 -1.526439e+00 1.564319e+00 -8.320602e-01 -7.529045e-01
1.935456e+00 9.985579e-01 3.014405e-01 2.063549e-01 -1.670871e-01 2.717252e-01 4.292484e-01 -4.112212e-01 -1.679551e+00 -1.328895e+00 -1.122260e+00 3.691036e-01
3.721393e-01 -3.931976e-01 5.166882e-01 -2.612343e-01 -1.526858e+00 -6.759045e-02 -1.861359e+00 -1.111953e+00 2.776775e-01 -2.272608e-01 -5.781012e-01 9.493647e-02
9.419262e-01 3.088105e-01 -4.252822e-01 -3.099864e-01 -6.811463e-01 6.285328e-01 -4.272753e-01 8.566424e-01 -1.701716e-01 4.463316e-01 1.571937e+00 1.216622e+00
5.094892e-01 6.726388e-01 1.938931e+00 -8.065535e-01 6.239159e-01 -3.876129e-01 -4.247866e-01 7.649517e-01 7.686690e-01 1.164052e+00 5.259979e-01 1.553809e-01
6.598850e-01 2.752311e-01 -2.960503e-01 -4.253137e-01 -6.910527e-01 3.022996e-01 -8.803125e-02 5.855314e-01 -6.163692e-01 4.580687e-02 1.188268e-01 -2.308732e-01
7.008286e-02 -4.418526e-01 -4.425898e-01 4.735026e-01 1.080353e+00 -2.984443e-01 -3.844437e-01 1.447007e+00 -3.660526e-02 7.884469e-01 4.673178e-01 -3.087043e-01
1.842476e-01 9.729371e-02 8.109450e-03 -3.665943e-01 6.452795e-01 6.134794e-02 -5.333440e-01 -9.907867e-01 3.522115e-01 -5.047037e-01 1.054452e+00 4.187046e-01
9.501014e-01 1.055966e+00 1.228603e+00 7.208687e-01 1.138303e+00 1.572954e+00 -1.352660e-01 -1.246405e+00 7.469991e-01 1.982711e-01 -3.737330e-01 1.528075e+00
-1.238499e-01 -2.921918e-01 -4.719973e-03 -6.020250e-02 5.105267e-01 -3.935648e-01 -6.132078e-01 4.566481e-01 5.118069e-01 -5.426160e-01 1.738190e+00 3.660152e-01
1.758666e-01 2.601712e-01 6.420758e-01 -6.063536e-01 -1.485116e+00 -4.470066e-01 -1.653260e+00 -1.123628e+00 2.452116e-01 -7.704659e-01 1.003404e-01 -8.769711e-01
-1.292954e-01 -2.197832e-01 4.339708e-02 6.421331e-01 -8.446688e-02 3.019906e-01 -2.676337e-01 -4.746342e-02 4.773731e-01 6.041713e-01 1.372687e+00 2.238498e+00
-7.902774e-01 -3.319687e-01 8.689647e-01 9.451226e-01 2.987435e-01 1.433694e+00 2.018181e+00 1.320216e+00 8.472215e-01 2.371972e+00 2.055042e+00 7.783977e-01
-2.765173e-01 1.975897e-01 3.040015e-01 1.623027e-01 3.966267e-01 -4.837333e-01 1.495684e-01 -2.650369e-01 -1.423425e-01 5.225127e-01 5.385885e-01 -9.170772e-01
-1.411406e-01 -5.913049e-01 -1.209110e-01 7.153805e-01 8.997687e-01 -6.382525e-02 -5.665130e-01 9.949983e-01 3.920247e-01 1.052385e+00 -3.822360e-01 -1.144776e+00
1.470313e-01 -1.415614e+00 4.390202e-02 1.067668e+00 1.531461e+00 -1.993199e-01 -1.949343e+00 6.948647e-01 2.435969e-01 1.136594e+00 -4.268050e-01 4.726051e-01
-5.864755e-01 -1.923391e-01 -1.968108e+00 2.082662e+00 1.836429e+00 3.246296e-01 -3.270913e-02 9.550700e-02 9.499324e-01 -9.076996e-01 -7.995304e-01 2.464912e+00
-1.457931e-01 1.596448e-01 8.739115e-01 -3.584896e-01 -5.292096e-01 4.612160e-01 -1.390679e+00 -1.202123e+00 -8.658128e-01 -1.103930e-01 -3.803751e-01 4.079200e-01
2.704149e-01 -2.921039e-01 -2.463649e+00 1.750899e+00 2.669511e+00 7.666494e-01 -2.823462e+00 -5.275842e-01 7.781495e-01 1.747069e+00 -2.313302e-02 -1.992940e+00
-1.092873e-02 -2.722417e-01 -2.957491e-01 -5.657967e-01 1.301267e-01 3.794569e-01 6.373944e-01 3.315617e-01 5.527179e-02 4.227362e-01 -4.889077e-01 -4.806678e-01
-1.625944e-01 -6.442378e-01 -1.136160e-01 3.493743e-01 6.740822e-01 -1.377583e+00 -6.942473e-01 -1.690600e-01 1.908608e+00 -3.748732e-01 -2.258408e-01 -6.134718e-01
-1.068932e+00 2.200977e-01 1.286913e+00 1.219455e+00 1.156030e+00 8.987023e-01 1.472689e+00 -2.049223e-01 -2.262004e-01 1.174446e+00 1.731581e+00 3.142817e-01
1.560545e-01 -1.304465e-01 -1.598185e-01 -6.537473e-01 3.066573e-01 -8.832750e-02 -1.388625e+00 -1.424358e+00 -9.502659e-01 -1.197858e+00 -8.463551e-01 7.783654e-01
-1.159123e+00 -7.581248e-02 5.813087e-01 1.076252e+00 1.399250e+00 1.702786e+00 2.191353e+00 3.665770e-01 3.875509e-01 1.463238e+00 2.208539e+00 5.940795e-02
1.842875e-01 -1.271032e+00 -3.296951e+00 2.148691e+00 2.430253e+00 7.220110e-01 -4.167902e+00 -1.624836e+00 1.037766e+00 3.495787e-01 -6.614003e-01 -1.403978e+00
-6.469191e-01 -6.686996e-01 1.542897e-01 7.519586e-01 3.445473e-01 3.554349e-01 9.376301e-01 1.260708e+00 9.901655e-01 -6.338789e-02 -4.620550e-02 1.903224e-01
1.332889e-01 -4.728133e-01 -3.807357e-01 2.014871e-02 8.684748e-01 -6.917163e-01 -1.171822e+00 -1.641372e+00 -5.792448e-01 -1.351938e+00 -9.687818e-01 1.113988e-01
-4.567584e-01 -2.905880e-01 -2.077337e-01 -2.069987e-01 -8.213299e-02 -1.201334e-01 1.451332e+00 8.399683e-01 3.187749e-01 -1.545290e-01 -9.890073e-01 -5.126110e-01
5.776620e-02 -1.458827e+00 -2.982859e+00 2.187407e+00 2.844408e+00 8.797671e-01 -3.834940e+00 -2.070820e+00 1.840825e+00 2.451145e-01 -1.026825e+00 -2.296782e-01
-1.639148e+00 1.458839e+00 9.464809e-01 -2.904315e+00 -5.008166e-02 -3.482066e+00 3.886244e+00 1.139150e+00 1.355871e+00 1.707201e+00 5.389110e-01 4.532418e-01
-3.040296e-01 -1.212306e+00 -2.205956e+00 1.372936e+00 2.396295e+00 3.772020e-01 -2.844607e+00 -1.197278e+00 6.129063e-01 8.814926e-02 -1.807558e+00 1.183738e+00
7.959493e-02 -1.160496e+00 -8.969463e-01 -1.590251e+00 -1.864955e-01 3.208191e-01 -3.940658e+00 -1.324764e+00 -2.182359e+00 6.823145e-01 -1.483217e+00 -1.247584e+00
-3.899309e-01 2.653746e-01 6.493189e-01 8.033969e-02 -1.229033e-02 -3.636724e-01 4.335012e-01 -6.233844e-01 -6.707252e-01 -1.152901e+00 -6.281191e-01 -1.260100e+00
-9.369691e-02 -4.614506e-02 -1.541271e+00 1.007815e+00 1.333439e+00 7.951403e-03 -3.004019e+00 3.380657e-01 1.895108e-01 1.585638e+00 -5.137084e-01 -3.211532e+00
-5.474052e-01 -4.649610e-01 6.055990e-01 6.428591e-01 1.035038e+00 5.666677e-01 3.581801e-01 -4.714051e-01 -1.432054e-01 5.607859e-01 -1.352338e+00 -2.609201e+00
-9.887474e-01 6.333210e-01 1.447416e+00 -2.004261e-01 1.498287e-01 1.936121e-01 -2.832934e-01 -2.298256e+00 -2.716212e+00 -1.271541e+00 3.036973e-01 6.269922e-02
-1.145816e+00 -1.434337e+00 -5.097656e-02 -2.471540e-01 6.146772e-01 1.569892e+00 2.420229e+00 2.581240e+00 3.755857e+00 8.018602e-01 2.769194e+00 1.641386e+00
-1.066515e+00 1.278793e+00 1.775352e+00 -1.936639e+00 -1.498646e+00 -7.614025e-01 -1.423607e+00 -2.431520e+00 -1.534044e+00 7.912250e-02 1.137810e-01 2.019101e-01
-2.375772e-01 5.130795e-01 1.712103e-01 7.941222e-01 1.219562e+00 -6.833563e-01 -1.804666e+00 1.805829e+00 3.164358e-01 2.588832e+00 -5.913681e-01 -3.242136e+00
-4.165382e-01 1.399044e-01 -1.178038e-01 -1.427799e+00 -6.920957e-01 -1.576631e-01 -2.923172e+00 -2.304390e-01 -1.828853e+00 5.426281e-01 -1.439539e+00 -1.548106e+00
-6.030510e-01 1.687087e+00 8.922343e-01 -9.185470e-01 -6.934564e-01 -3.604751e+00 3.016572e+00 4.252388e-01 -1.182134e+00 -3.107628e-01 3.776581e-01 1.421584e+00
5.391437e-01 1.035678e+00 9.058985e-01 3.688992e-01 -4.364595e-01 -2.907344e+00 9.341007e-01 -1.078519e+00 -1.875606e+00 -1.205652e+00 -5.990194e-01 8.251885e-01
-4.676312e-01 2.129873e-01 3.883958e-01 -3.112612e-01 6.460065e-01 8.466678e-01 5.791236e-01 -3.882556e-01 -1.860462e-01 1.312262e+00 1.056883e+00 1.304381e+00
-6.671179e-01 6.360384e-01 9.089554e-01 1.265761e+00 -6.631104e-01 -1.055848e+00 -1.437473e+00 2.270721e+00 4.973971e-01 1.651808e+00 -1.206200e+00 -2.616103e+00
-5.615715e-01 5.166114e-01 8.137308e-01 3.231931e-01 -1.026558e+00 -6.054965e-01 -2.289931e+00 2.194077e+00 -6.799959e-01 3.797733e-01 -9.796566e-01 -1.643095e+00
-1.162643e+00 1.568106e+00 1.460340e+00 -8.984084e-01 -5.771812e-01 -1.861967e+00 1.426078e+00 4.262391e-01 1.271882e+00 2.943810e+00 9.483423e-01 -7.821230e-01
5.929439e+00 3.180907e+00 -1.050136e+00 -2.993804e+00 -2.770987e+00 -1.949883e-01 -7.312216e-01 -2.364960e+00 -3.570064e+00 -4.895111e+00 -1.845373e+00 -3.713612e+00
-1.560970e+00 -1.836932e+00 4.576052e-01 4.367866e-02 4.181118e-02 3.405261e+00 4.691558e+00 3.874124e+00 3.326007e+00 -3.745899e-01 2.783222e+00 1.520115e+00
-1.779297e-01 -2.009314e-01 1.488937e+00 7.232872e-01 1.014556e+00 5.428519e-02 -3.723846e-01 4.672315e-01 7.296620e-01 9.433679e-02 -4.520213e-01 1.858834e+00
-8.821257e-01 1.952587e+00 7.843289e-01 -1.678891e+00 -9.548280e-01 1.554032e+00 -2.633794e-01 -1.417907e+00 -7.327644e-01 1.311019e+00 -1.841980e-01 1.127655e-01
1.306409e+00 -2.373097e-02 -3.928800e-01 -3.842109e-01 1.038634e+00 1.091676e+00 3.157083e-01 -2.510574e-01 -5.650826e-01 -9.353584e-01 -1.158969e+00 -1.736108e+00
2.987364e-01 9.268370e-01 7.502663e-01 -1.809983e-01 2.679942e-01 -5.242457e-01 9.590007e-01 -2.818779e+00 -3.311710e+00 1.576770e-01 -6.607533e-01 7.052423e-01
-7.375520e-01 -9.224464e-01 2.766818e+00 3.519635e+00 1.649016e+00 -2.287823e+00 6.677200e-01 1.769166e-01 -1.085999e+00 -1.640003e-01 -1.170297e+00 2.906971e+00
-2.698779e-01 -1.857978e-01 2.818759e+00 2.710503e+00 9.483330e-01 -1.786327e+00 1.154559e+00 -5.410125e-02 -7.812505e-01 -2.502064e-01 -2.690874e+00 3.547307e+00
-1.926227e+00 -1.982874e+00 1.940298e+00 4.207450e-01 9.379986e-01 3.354612e+00 4.579488e+00 3.065758e+00 3.027000e+00 1.597925e+00 2.823407e+00 1.641403e+00
-4.778125e-01 5.531269e-01 1.885749e+00 -1.343324e-01 4.753369e-01 8.269106e-02 3.412643e-01 -7.940552e-01 5.992820e-01 -8.568988e-01 -1.681439e+00 2.367614e+00
-1.297833e+00 -1.345139e+00 2.918896e+00 2.291134e+00 1.081365e+00 -7.451771e-01 2.553038e+00 4.798617e-01 -1.155044e+00 5.989962e-01 -3.625976e-01 2.387484e+00
-1.580652e+00 -1.855021e+00 2.657145e+00 1.470362e+00 1.022425e+00 1.749838e+00 4.133602e+00 1.446147e+00 2.595910e-01 9.825370e-01 1.360588e+00 2.104080e+00
-4.033213e-01 6.764962e-01 2.268583e+00 7.510364e-01 4.018695e-01 -9.174533e-01 6.973400e-01 -1.394728e+00 1.943409e-01 -4.602961e-01 -2.394660e+00 2.786446e+00
3.230200e-02 1.826077e+00 -7.388717e-01 5.836074e-01 -1.726383e+00 1.765323e+00 -1.000918e+00 -1.452846e+00 4.209092e-01 1.768472e+00 2.573426e-01 -1.170383e+00
5.420318e-01 1.596098e+00 -4.513539e-01 2.531953e+00 -1.591342e+00 2.076252e+00 5.456042e-02 -8.783631e-01 1.451448e+00 1.648888e+00 -5.015475e-01 -3.152757e+00
-2.890788e-01 1.772358e+00 -1.554060e-02 1.033239e+00 -4.048095e-01 2.088192e+00 2.207482e+00 -9.346689e-01 1.154626e-01 2.451505e+00 -6.321200e-01 -2.586277e+00
3.615770e+00 1.384068e+00 -3.577647e-02 -4.563611e-01 2.992463e-01 2.034294e-01 -9.326399e-01 -3.162437e+00 -3.132816e+00 -3.186511e+00 -2.997909e+00 -2.721068e+00
