1.113494e+00 8.780813e-01 -9.954494e-01 -2.569490e+00 -1.619429e+00 -3.548040e+00 -7.159984e-01 -7.855735e-01 4.221415e-01 -1.069730e+00 -1.465487e+00 -1.165043e+00
2.309193e+00 1.779735e+00 -9.802453e-02 -2.301882e+00 -2.564281e+00 -4.688697e+00 -2.069947e+00 -9.952601e-01 -6.437733e-01 -2.270669e+00 -2.828837e+00 -2.716954e+00
1.154515e+00 -7.670178e-01 -8.410182e-01 -1.961202e+00 -1.595135e-01 -2.574907e+00 -6.751375e-01 -3.281874e-01 6.760044e-02 1.230444e-01 -4.521521e-01 -1.096093e+00
2.659446e+00 1.902918e+00 9.022053e-01 -1.108249e+00 -3.014167e+00 -3.070741e+00 -1.853514e+00 -1.921782e+00 -7.935911e-01 -1.942062e+00 -1.304862e+00 -2.679515e+00
1.168368e+00 -2.585278e+00 -1.210493e+00 -1.961753e+00 1.906321e+00 9.984398e-03 -1.789389e+00 -7.335993e-01 1.011249e+00 -3.383811e-01 3.620365e-01 -7.326156e-01
-5.635965e-01 -2.287471e+00 -1.010251e+00 -2.244472e+00 2.700124e+00 3.880634e+00 -3.080714e+00 2.454150e+00 1.627502e+00 1.181267e+00 -2.269314e+00 2.630177e-01
1.474392e+00 -3.056335e+00 -8.919758e-01 -1.203420e+00 2.399689e+00 2.614487e+00 -3.106904e+00 1.483389e+00 1.249579e+00 9.226365e-01 -5.997025e-01 2.816378e-01
-5.980867e-01 -2.182916e+00 -1.315402e+00 -5.282149e-02 1.667607e+00 3.906170e+00 -2.854183e-01 7.209171e-01 1.877847e+00 1.918149e+00 -1.820771e+00 -1.111146e-01
7.858101e-01 8.927496e-01 4.898578e-01 -4.457540e-01 -1.750064e+00 -2.363465e+00 -1.335709e+00 -1.320000e+00 -2.735165e-01 -1.349226e+00 -4.061765e-01 -1.702341e+00
1.423911e+00 -3.027115e-01 1.575351e-01 2.258482e+00 -8.608958e-01 4.773735e-01 1.873809e-01 -3.880953e-01 -3.612939e+00 -1.959853e+00 -1.218664e+00 -1.792688e-01
2.139374e+00 -6.838866e-02 2.871637e-01 2.259520e+00 -1.176916e+00 5.261750e-01 1.102430e+00 -1.684010e+00 -4.287356e+00 -3.043649e+00 -2.190006e+00 -1.281546e+00
5.964727e-01 -2.517380e-01 -1.281009e-02 1.652230e+00 -6.345654e-02 7.349111e-01 -2.523217e-02 -2.147088e-01 -1.439535e+00 -6.831079e-01 -3.824202e-01 -4.618816e-01
1.741155e+00 -2.391367e-02 8.338094e-03 8.053455e-01 -1.596127e+00 -1.328089e+00 7.486869e-01 -8.743898e-01 -3.271379e+00 -2.534695e+00 -2.551782e+00 -4.460248e-01
1.560120e+00 -1.852203e+00 -1.590672e+00 3.403272e+00 4.746772e-01 2.675827e+00 2.405227e+00 -1.320551e+00 1.425928e+00 1.342392e+00 -1.629957e-01 -1.006029e+00
-2.062322e-01 1.876079e-01 -7.885188e-01 -6.989398e-01 4.253963e-02 4.201593e-01 -3.226676e-01 -4.499265e-01 1.538338e+00 1.209962e+00 2.224301e-01 -8.105086e-01
1.094679e-01 6.018012e-02 1.338888e-01 3.030487e-01 -1.213782e+00 -1.516397e+00 -1.216707e+00 -6.395785e-01 -6.436052e-01 -4.869819e-02 6.901481e-01 -1.024342e+00
-4.879406e-01 -3.288046e-01 -7.097491e-01 -1.477823e-01 -6.835075e-02 -9.371735e-01 -1.962838e+00 -2.575850e+00 9.747310e-01 -4.052611e-01 -3.872839e-01 -7.824431e-01
-5.196490e-01 -3.410049e-01 -9.228824e-01 -8.073525e-01 -4.236037e-01 -8.518523e-01 -9.002411e-01 -3.060373e-01 1.278777e+00 2.668637e-01 -2.183552e-01 -1.080450e-01
-9.919348e-02 2.040401e-01 -7.938673e-01 -6.389689e-01 7.704915e-02 3.950296e-01 -4.106403e-01 -3.932901e-01 1.383325e+00 7.632969e-01 -7.512711e-01 -2.136172e+00
-2.882791e-01 -2.288628e-01 6.381885e-01 8.187920e-01 -1.154213e+00 -9.761766e-01 -2.543682e-01 1.384748e+00 1.233573e+00 -5.547376e-01 -1.530116e+00 -4.542071e-01
-3.865362e-01 -8.514198e-01 1.238679e+00 1.220694e+00 -1.772436e+00 -1.085302e+00 5.150510e-01 1.226173e+00 8.011200e-02 -3.322613e-01 -1.050998e+00 -2.005899e-01
5.187788e-02 -8.464088e-01 4.021991e-01 6.794812e-01 -3.150886e-01 -2.057796e-02 -6.308788e-01 -2.661876e-01 1.042946e+00 -1.183431e-01 4.352345e-01 -4.773270e-01
-2.419443e-01 -2.699855e-01 4.956732e-01 6.667492e-01 -6.299318e-01 -9.114588e-01 -5.050473e-01 9.390570e-01 1.847294e+00 -1.479865e+00 -1.069171e+00 2.590389e-01
-1.022297e-01 -4.671375e-01 5.232129e-01 5.329244e-01 -5.064825e-01 -3.319592e-01 -7.194990e-01 4.242117e-01 1.654943e+00 -1.041050e+00 2.318134e-02 -4.925189e-01
-4.221115e-01 3.259217e-02 -6.164506e-01 -7.618582e-01 3.221763e-01 1.942188e-01 -1.017486e+00 -8.562372e-01 3.548794e-01 -1.082384e+00 -9.544147e-01 -1.685686e+00
1.020327e+00 1.200513e-01 9.280121e-02 2.291179e-03 -4.759109e-02 -6.807450e-01 5.639025e-01 2.410496e-01 -1.483526e+00 -7.352418e-01 -1.346413e-01 5.540397e-01
6.513634e-02 -6.829575e-01 3.694540e-01 5.757933e-01 -1.181435e-01 8.909806e-02 -8.288708e-02 -5.495921e-01 1.342030e-02 1.161627e+00 -9.123440e-02 -4.780025e-01
-3.324133e-01 -8.348234e-01 1.710975e+00 1.109899e+00 -2.489220e+00 -6.336116e-01 5.105506e-01 1.556708e+00 4.870922e-02 -6.662706e-01 -9.617368e-01 9.091192e-01
-3.709014e-01 -1.336736e-01 -4.790685e-01 -9.525424e-01 -6.538395e-01 -6.510438e-01 -5.786436e-01 -2.054608e-01 6.018262e-01 -2.285309e-01 -1.001084e+00 2.802484e-01
1.893361e-01 7.651472e-02 -6.611952e-01 2.258060e-01 2.544608e-01 -2.030366e-01 3.833461e-02 -6.457309e-02 -4.085751e-01 6.661597e-01 -2.233717e-01 -3.285199e-01
4.529467e-01 4.022694e-01 5.110850e-01 4.796041e-01 8.423299e-01 5.962822e-01 -1.747794e-02 1.339646e-01 2.490255e-01 9.121630e-02 -7.153257e-01 -1.064455e+00
-2.442913e-02 1.092591e-01 5.772892e-01 -2.527212e-01 -4.377602e-01 5.706755e-01 -2.475150e-01 1.267637e-01 1.641978e+00 8.907454e-02 3.190324e-01 -5.982054e-01
4.901295e-02 1.619676e-01 -8.140832e-01 -6.151295e-02 4.965751e-01 -8.029655e-01 6.254708e-01 -7.594204e-02 -5.761324e-01 -2.401746e-01 -2.298070e-01 8.617856e-01
-9.855957e-02 -3.734021e-01 5.369776e-02 1.842778e-02 -7.836152e-01 -9.910650e-01 -5.005824e-01 -3.294465e-01 4.536229e-01 -8.933126e-01 -9.681617e-01 -1.130271e+00
-1.177755e-01 -1.935967e-01 1.698774e-01 2.183362e-01 -4.679850e-01 -9.518751e-01 -6.874624e-01 -5.469736e-01 -1.319602e-01 -1.161965e+00 -1.561226e+00 -1.154217e+00
-2.067557e-01 -6.297606e-01 2.008216e+00 7.156137e-01 -3.084586e+00 6.880975e-02 6.253081e-01 2.021413e+00 -5.389808e-01 -1.387344e+00 -4.301995e-01 2.102272e+00
9.972801e-02 3.762633e-01 7.235841e-01 2.760596e-01 8.977337e-02 3.635524e-01 -2.282330e-01 5.522729e-01 1.729489e+00 3.137338e-01 -1.347581e-01 4.257275e-01
-1.534563e-01 7.890189e-03 6.193267e-01 -6.289441e-01 -9.269028e-01 -1.345491e+00 -7.179335e-01 3.445565e-01 1.689571e-01 -1.438010e-01 -1.087544e+00 6.199437e-01
-9.470467e-02 5.670388e-01 2.523534e-01 -4.168547e-01 -5.636589e-01 -2.866578e-01 -7.047412e-01 -2.687422e+00 -1.735957e+00 -4.594517e-03 -2.050932e-01 -9.031043e-01
-4.210730e-01 2.408321e-01 5.139538e-01 -1.285992e-02 -5.765958e-01 -1.011142e+00 -2.004236e+00 -8.047821e-01 7.948588e-01 -1.736586e+00 -1.379163e+00 -1.663402e+00
3.910198e-02 3.139711e-01 -7.052280e-01 1.000133e-02 2.736921e-01 -1.285553e+00 1.123158e+00 8.313350e-02 -5.394071e-01 -5.636631e-01 -2.680826e-01 7.316597e-01
1.577559e-01 6.036469e-01 -1.737287e-01 -7.779514e-01 1.055510e+00 1.380486e+00 -1.035492e+00 4.155526e-01 -5.885522e-01 1.259752e+00 7.732798e-01 3.360437e-01
3.331306e+00 -1.979749e+00 -2.197804e+00 4.167426e+00 -6.843461e-01 1.003418e+00 3.126063e+00 -4.180755e+00 1.767849e+00 -6.599582e-01 2.136027e+00 -2.108271e+00
-3.147980e-01 -1.506667e-02 -3.074101e-01 -7.765296e-01 -1.020513e+00 -1.164792e+00 -6.331404e-01 2.552119e-01 -6.809386e-01 -1.692565e-01 7.414767e-01 3.047286e-01
1.159930e-01 4.930537e-01 6.940433e-01 -6.766553e-01 -3.892410e-01 5.790181e-01 -1.531893e-01 -1.893763e+00 -9.074378e-01 1.074691e+00 -4.182719e-01 -3.040459e-01
-1.469765e-02 -4.945205e-01 -1.589322e-01 -8.288304e-01 4.335928e-01 -6.902001e-01 9.066126e-01 1.233853e+00 -1.476027e+00 -2.514434e-01 -2.599076e-01 1.407678e+00
2.758161e-01 -2.919502e-01 1.941948e-02 2.379843e-01 -2.351001e-01 -8.094453e-01 6.086247e-01 8.069082e-01 -6.124307e-01 3.749742e-01 -1.009337e+00 -6.592139e-01
-3.509542e-01 9.130424e-01 1.165981e+00 -1.515312e+00 6.001765e-01 1.299746e-01 -5.603485e-01 4.279153e-01 -1.927929e+00 -7.527235e-01 1.112220e+00 6.170784e-01
1.136893e-01 -5.814939e-02 -2.194171e-01 -1.171533e+00 -3.730734e-01 6.488713e-01 6.306898e-01 1.369614e-01 3.742011e-01 5.048264e-01 -8.030072e-01 5.475914e-02
-6.061382e-02 5.914108e-01 2.196455e-01 1.353171e+00 1.933571e+00 1.566604e+00 1.366066e+00 -1.062870e-01 7.273144e-01 9.896704e-01 -9.981570e-01 9.517567e-01
1.806912e-02 1.033969e+00 1.124237e+00 1.933192e+00 1.325256e+00 5.943091e-01 2.067793e+00 1.223073e+00 -1.260404e+00 -1.571913e+00 -2.400238e+00 -5.940306e-01
9.945974e-02 6.791542e-01 -1.148252e-01 -7.261703e-01 8.660029e-01 7.130626e-01 -6.543339e-01 3.164006e-01 -3.934484e-01 2.861723e-01 1.334405e+00 -4.439614e-01
7.877044e-02 2.624515e-01 -2.783640e-01 -2.196328e-01 2.077408e-02 -5.867864e-01 1.103584e+00 -7.420951e-01 9.837256e-02 -9.325866e-01 2.985164e-01 1.148848e+00
3.226933e-01 1.897797e-01 -4.515495e-02 -3.836847e-01 8.128101e-01 1.284712e+00 -4.192017e-01 8.901481e-02 -7.504726e-01 1.670585e+00 -1.829258e-01 5.876548e-01
-2.692210e-01 3.631875e-01 -1.640287e-01 1.734638e+00 3.229251e+00 2.693836e+00 -1.239378e-01 -1.587212e-01 -1.545477e-01 -3.618177e-01 -5.264192e-01 4.112945e-02
-2.959209e-01 2.814305e-01 1.874031e+00 3.414499e-01 -3.191991e+00 5.626760e-01 1.682493e-01 1.988232e+00 -2.450361e-01 -1.551078e+00 -8.378652e-01 2.885106e+00
-4.465621e-01 7.369498e-01 3.403892e-01 1.393074e+00 9.843432e-01 9.657564e-01 2.171607e+00 1.760287e+00 -5.208640e-02 -9.794608e-01 -1.043502e+00 -1.506017e+00
-8.447647e-02 1.067183e+00 8.834381e-01 -1.289895e-01 8.989817e-01 -1.191992e+00 2.261231e-01 -3.385085e-01 -1.124563e+00 -5.175279e-01 -9.464240e-02 3.634785e-01
-8.518200e-01 4.711471e-01 -6.514271e-01 -2.096052e-02 6.828329e-01 1.548381e+00 8.202718e-01 -3.387633e-01 -7.379222e-03 2.755321e-01 9.078426e-01 5.123944e-01
-4.722754e-01 1.362633e+00 7.020255e-01 -1.717952e+00 1.382709e-01 1.977323e-01 -6.253988e-01 5.097154e-01 -1.431079e+00 -1.505981e+00 1.957389e+00 5.097855e-01
-6.347476e-01 2.804974e-01 -2.371375e-01 5.692712e-01 1.576988e+00 -7.308380e-01 -1.755221e+00 -1.421516e+00 -1.822150e+00 4.265741e-01 -9.338992e-01 -1.976710e+00
5.730160e-01 1.415666e+00 6.148599e-01 7.023927e-01 -3.191688e-02 -1.611064e+00 -1.007724e+00 1.016323e-01 -2.095953e+00 -2.097697e+00 1.799836e-02 4.168865e-01
-8.102506e-01 6.552256e-01 -4.321438e-01 -4.053065e-01 1.518460e-01 1.249001e+00 -7.213309e-01 -2.260894e+00 8.671141e-01 1.318950e+00 6.895491e-01 6.795407e-01
-3.287586e-01 1.042592e+00 1.192648e+00 2.320010e-01 -2.891557e+00 3.374365e-01 4.693840e-01 1.067877e+00 1.392015e-01 -1.397961e+00 2.714193e-01 1.399521e+00
-1.188450e-01 3.973708e-01 3.151651e-01 -4.269967e-01 -1.344984e-01 3.219461e-01 3.392834e-01 -4.516916e-01 1.739462e-01 -3.636658e-01 5.353960e-01 4.217640e-01
-3.210176e-01 2.052576e-01 -6.808860e-01 -7.738343e-01 -1.022709e-01 8.389663e-01 -1.266700e+00 -1.606131e+00 1.816913e+00 2.589692e+00 1.433210e+00 1.715224e+00
-5.068063e-01 2.017354e+00 2.702447e-01 5.771670e-01 2.181627e+00 -1.579274e+00 -1.916028e+00 -8.142990e-01 -1.734810e+00 4.843374e-01 -1.185017e+00 -2.093668e+00
1.202261e+00 -2.931390e-01 -9.509853e-01 1.060591e+00 3.313382e-01 1.092827e+00 7.119276e-01 -2.014122e+00 2.765988e-01 3.300947e-01 3.810522e-01 4.024816e-01
-1.153093e-01 2.411650e+00 3.396470e-01 1.126530e+00 1.918988e+00 -2.205499e+00 -6.007237e-02 -1.508455e-01 -2.016493e+00 2.807218e-01 -7.285537e-01 -2.014772e+00
-4.843061e-01 1.376557e+00 1.129980e+00 -4.077430e-01 -2.180205e+00 4.698969e-01 2.592317e-01 9.053249e-01 -9.273762e-01 -1.241651e+00 1.766739e+00 4.155587e-01
-2.644755e-01 1.711774e-02 -1.402602e-02 -2.814292e-01 -1.250157e+00 -1.349875e+00 -6.649657e-02 9.084640e-01 -1.204084e-01 -4.862558e-01 -8.002001e-01 6.416301e-02
-1.412070e-01 1.862714e+00 7.016131e-01 5.435892e-01 1.430622e+00 -1.936384e+00 3.042397e-01 -2.461289e-01 -2.065691e+00 3.398727e-01 -7.618607e-01 -1.133297e+00
-4.827590e-02 4.208798e-01 1.661449e-01 1.601774e-01 1.727275e+00 2.130802e+00 -3.672256e-01 -7.856261e-01 2.122661e-01 2.494719e-01 -5.457128e-01 -1.101866e+00
-3.387303e-01 -2.032920e-01 -9.183387e-01 -6.568604e-01 -8.531605e-02 4.694441e-01 7.638742e-01 2.972799e-01 1.227390e+00 1.445005e+00 -1.613926e-01 1.293459e+00
2.939102e-01 7.286801e-01 -1.241663e+00 -1.057646e+00 -1.367280e-01 -2.889025e-01 9.717709e-01 3.453785e-01 1.546770e+00 2.598222e+00 8.577569e-01 9.461630e-01
-4.899464e-01 1.798382e+00 7.711084e-01 -1.072152e+00 -1.052682e+00 4.162763e-01 -2.044435e-01 9.225351e-01 -8.716157e-01 -1.437062e+00 2.214513e+00 2.376605e-01
3.502398e-01 8.352329e-01 -1.050106e+00 -1.600449e+00 -1.059990e+00 -1.824105e+00 -9.916150e-01 -6.445704e-01 1.219791e-01 1.088891e+00 1.104564e+00 1.041763e+00
6.708742e-01 1.463716e+00 3.496383e-01 -1.257086e+00 -1.651587e+00 -2.895385e+00 -2.337037e+00 -1.623411e+00 -7.051493e-01 -1.259073e+00 -3.817082e-01 4.031459e-01
3.326595e+00 -1.765129e+00 -2.031925e+00 3.875809e+00 -1.302649e+00 6.331479e-01 2.788200e+00 -4.265002e+00 1.358514e+00 -7.958504e-01 1.695540e+00 -1.488101e+00
-7.944119e-01 -1.193745e+00 -3.616395e-01 1.289881e+00 1.371619e+00 6.475406e-01 -1.979031e-01 -1.376109e+00 -4.737225e-01 -3.366242e-02 -1.071464e+00 -1.091114e+00
-2.963171e-01 1.526953e-01 1.184223e-01 2.658142e-01 1.444382e+00 7.722850e-01 2.208677e+00 6.133534e-01 -1.841131e-01 1.469969e+00 2.762899e+00 1.447033e+00
3.496002e-01 8.040066e-01 -5.181987e-02 -1.052083e+00 1.546261e+00 9.713074e-01 -1.917878e-01 -9.521077e-02 4.653057e-01 2.104497e+00 2.262278e+00 -6.785261e-01
-1.122397e-01 5.024055e-01 -1.130381e-01 -1.014500e+00 1.450208e+00 8.407944e-01 -1.771177e+00 -4.668076e-01 3.837400e-01 2.107553e+00 2.458102e+00 -2.170892e-01
-1.010085e+00 -1.748976e+00 -1.298288e-01 1.302455e+00 9.878212e-01 1.069618e+00 7.779791e-01 -7.782094e-01 -4.425148e-01 -5.542238e-01 -5.412682e-01 -1.858002e-01
-1.281409e+00 -8.243542e-01 -1.159334e+00 -2.351163e-01 1.941373e+00 2.247143e+00 2.920056e+00 2.801692e+00 2.189924e+00 1.850392e+00 1.807032e+00 1.502390e+00
-1.361614e+00 -1.174350e+00 6.652195e-01 5.282321e-01 4.558030e-01 3.067675e-01 1.329934e+00 5.248418e-02 -5.394430e-01 -3.445894e-01 6.442199e-01 1.380104e+00
-2.211632e+00 -1.286752e+00 -1.368858e+00 -1.534752e+00 8.098227e-01 1.647377e+00 3.013701e+00 3.695436e+00 3.396671e+00 2.300076e+00 9.878168e-01 1.730112e+00
-2.019990e+00 -5.814676e-01 6.448630e-01 -1.761482e+00 1.948350e-01 4.726913e-01 2.250376e-01 1.753822e+00 1.687145e+00 7.403177e-01 8.213465e-01 1.521754e+00
-2.482320e+00 -9.591408e-01 -5.166807e-01 -3.046517e+00 -6.760730e-01 2.217245e-03 6.155757e-01 2.811523e+00 2.940071e+00 2.628808e+00 2.176352e+00 3.074150e+00
