3.603387e+00 -7.175575e+00 -3.931324e-01 1.737411e-01 -3.460608e+00 1.304816e+00 -2.039549e+00 4.865983e-01 8.672421e-02 -3.746043e+00 -1.490625e+00 -5.021364e+00
4.013762e+00 -4.674043e+00 3.897345e-01 7.210438e-01 -2.638086e+00 -5.509800e-01 -2.244143e+00 -8.091255e-01 -2.634905e-01 -4.937574e+00 -3.161582e+00 -6.018873e+00
3.349301e+00 -2.799678e+00 3.550856e-02 1.650453e-03 -2.120321e+00 -1.482539e+00 -1.787618e+00 -1.712808e+00 -4.681068e-01 -5.396332e+00 -3.588150e+00 -5.118754e+00
2.486028e+00 -4.709553e+00 3.679306e-01 -4.352435e-01 -2.669625e+00 1.986363e+00 -1.171459e+00 4.676091e-01 -7.208761e-01 -2.173160e+00 -6.102740e-01 -3.174642e+00
-3.890944e+00 1.862947e+00 1.661264e+00 2.836108e+00 -1.414996e+00 2.169577e-01 -4.879638e-01 2.341699e+00 3.308643e-01 -1.380647e+00 5.759245e-01 -7.445284e-01
-4.597894e+00 2.504499e+00 2.978355e+00 1.476379e+00 -1.750494e+00 8.551474e-01 -1.184150e+00 2.830364e+00 -1.074395e+00 -2.399120e+00 -3.394918e-01 5.476320e-02
1.939511e+00 -1.103379e+00 -4.721779e-02 -1.180955e+00 -1.309728e+00 -1.067032e+00 -1.493707e+00 -6.983175e-01 -1.653717e+00 -1.263381e+00 -3.701185e-01 -1.768685e+00
1.068915e+00 8.490181e-03 4.286585e-01 -5.046990e-01 -1.393552e+00 -1.998591e+00 -1.334937e+00 -2.240997e+00 -1.338480e+00 -2.875905e+00 -1.374832e+00 -3.355544e+00
2.120186e+00 -1.535850e+00 -1.066095e+00 -1.329323e+00 -7.105996e-01 3.667014e-01 -1.100827e+00 6.430954e-01 -7.135838e-01 1.789699e-01 -4.785457e-01 2.801722e-01
-5.557653e-01 1.375856e+00 6.181097e-01 1.541488e+00 9.820352e-02 -1.434154e+00 -3.596568e-01 8.816150e-01 9.435301e-01 9.272450e-01 8.564075e-01 -2.117723e-01
-1.997717e+00 7.619318e-01 1.240944e-01 7.900152e-02 -1.135645e+00 7.589623e-01 3.865916e-01 1.161377e+00 -1.001892e+00 -4.380636e-01 -5.502725e-01 -5.282955e-02
1.297482e+00 -2.430990e+00 -2.876733e+00 -3.350830e-02 6.158612e-01 -1.014347e+00 -9.333364e-01 -1.041439e+00 1.830328e+00 2.045894e+00 -7.270477e-01 -1.384245e+00
1.527463e+00 -1.749743e+00 -2.960781e+00 -3.069515e-01 -5.829939e-01 -1.422072e+00 -1.169768e+00 -1.207487e+00 9.200821e-01 8.308758e-01 -9.964496e-01 -1.486002e+00
-2.817169e-01 8.209656e-01 1.151247e-01 -3.635437e-01 6.650366e-01 -1.534159e-01 1.481472e-01 1.751836e-01 1.076946e+00 1.109358e+00 7.536569e-01 8.979723e-01
2.928621e-01 -7.725245e-01 -1.329885e+00 4.179369e-01 5.460417e-01 2.148117e-01 3.019649e-01 -5.497154e-01 -9.135728e-02 -2.369059e-01 -6.764725e-01 -7.082694e-01
-5.849190e-01 -2.587688e-01 9.321022e-03 1.486828e-01 -3.341233e-01 1.030406e-01 -4.536524e-01 -4.857599e-01 -8.673043e-01 -6.890467e-01 -5.406770e-01 1.053054e-01
-4.893460e-01 3.091365e-01 -4.684515e-02 1.389245e-01 2.162220e-01 -1.142298e-01 6.853715e-01 7.412655e-01 7.081929e-01 1.381662e+00 8.394892e-01 7.003747e-01
-1.713364e-01 4.009020e-01 8.698404e-02 9.929625e-01 2.595202e-01 1.845476e+00 2.698422e+00 5.896801e-01 1.130780e+00 1.965665e+00 6.103985e-01 -2.173373e-01
-3.917831e-01 -5.886306e-01 -4.341415e-01 1.525766e-01 -5.193077e-01 -1.093792e+00 -6.215236e-01 1.072654e-01 -4.146163e-01 6.696329e-01 2.384231e+00 1.605607e+00
-6.065989e-02 -3.571212e-01 7.328148e-02 7.459985e-01 -8.713531e-01 -1.154860e+00 -2.301500e+00 -1.027476e+00 -3.492589e-02 -1.845446e-02 1.209158e-01 6.440836e-01
4.385571e-01 3.575498e-01 2.252080e-01 -4.733438e-02 7.261448e-02 1.285777e-01 -1.894143e+00 1.023172e+00 6.736082e-01 5.656912e-01 1.016880e+00 1.121705e+00
1.423635e-01 1.659846e-01 2.818378e-01 -7.190323e-03 -3.362369e-03 4.485736e-01 -2.225625e+00 4.224730e-01 1.052970e+00 3.741997e-01 9.502245e-01 1.051970e+00
-6.154709e-02 3.501702e-01 -8.768036e-02 -6.374500e-01 5.022065e-01 9.225180e-01 1.189357e+00 -5.587372e-01 -2.249945e+00 -4.295254e-01 1.134939e+00 3.944603e-01
2.008457e-01 -1.377932e-01 -5.623096e-01 -8.111100e-01 6.662341e-01 -9.179168e-01 -2.404185e-01 -6.596692e-01 -9.017818e-02 -4.791040e-01 2.900887e-01 5.372135e-01
4.489541e-01 1.758165e-01 -7.577492e-01 -9.809963e-01 -2.232985e-01 -2.217900e-01 -7.667921e-01 -9.653261e-01 -4.310360e-01 -1.469255e+00 -2.260960e+00 -8.956436e-01
-1.026510e-01 -5.539416e-01 -8.503528e-01 -1.335343e+00 -7.397978e-01 -5.330149e-01 8.649338e-01 8.030884e-01 -5.593501e-01 -6.977569e-01 2.716123e-01 5.310000e-01
-6.919531e-01 -7.735459e-01 -4.638517e-01 -1.123871e+00 -7.423233e-01 -8.310078e-01 -9.051235e-02 -1.515059e-01 -1.573287e+00 -8.486912e-01 1.153324e+00 1.217024e+00
-1.675863e-01 6.471120e-01 -4.539168e-01 -2.003852e-01 1.347718e+00 -8.421754e-01 -6.276536e-02 -1.262105e+00 -1.925087e+00 2.025557e+00 2.187471e+00 9.072350e-01
5.378663e-01 7.056319e-01 -1.884511e-01 2.763192e-01 1.969222e-01 -3.988283e-01 -1.613059e+00 1.813579e+00 -5.428609e-01 1.199507e+00 9.128590e-01 9.562081e-01
-1.031318e+00 -4.866316e-01 1.125316e-01 8.745106e-02 -1.181676e+00 -3.724638e-02 1.044070e+00 -7.200197e-01 -1.498355e-01 6.671967e-02 8.179831e-03 -1.191516e-01
1.360500e-01 4.759415e-01 4.052428e-01 -7.809812e-01 -7.170046e-01 1.514667e+00 1.491311e+00 -5.570927e-01 -2.254916e+00 -6.099131e-01 1.508892e+00 -4.095483e-01
-2.149999e-01 -1.831992e-01 -2.157569e-01 2.383457e-01 3.300826e-01 -5.624510e-01 -4.641246e-01 -1.155596e+00 -6.336468e-01 -4.631535e-01 -2.640380e-01 -3.978541e-01
6.547205e-01 9.738994e-03 -4.147704e-01 3.814382e-01 3.293095e-01 8.145478e-01 1.522076e+00 2.462912e-01 -7.355462e-01 -6.731128e-01 -7.891524e-01 -2.238312e+00
5.386618e-01 -4.200347e-01 -9.051851e-01 -4.928921e-01 9.698658e-01 4.431024e-01 1.173889e+00 -2.957188e-01 -7.038199e-01 -6.855305e-01 -2.548800e-01 -1.132152e+00
-8.171700e-01 4.886417e-02 -3.074872e-01 -9.160696e-01 -1.748002e+00 -1.682936e+00 -1.819399e+00 -1.607465e+00 -1.715103e+00 -1.204505e-01 -1.569942e+00 -1.991494e+00
1.226245e-01 9.343951e-01 -5.300232e-01 -6.118274e-02 -8.825330e-02 -1.268097e+00 2.117958e-01 -6.675456e-02 -3.223870e-01 1.125775e+00 -4.154529e-02 4.008819e-01
5.164436e-01 -1.349985e-01 -8.859768e-01 -1.026263e+00 2.462917e-01 -3.848580e-01 -9.474272e-02 -1.050022e-01 -7.632654e-01 -3.817084e-01 -1.108698e+00 -2.507990e-01
-3.378877e-01 7.007406e-01 8.617705e-01 2.367494e-01 7.186334e-01 1.245075e+00 1.012573e+00 1.371700e+00 4.483674e-01 2.041478e+00 2.221728e+00 1.146141e+00
-1.102931e-01 -1.883373e-01 7.568011e-01 5.870415e-01 2.880817e-02 7.854176e-03 -9.478090e-01 5.375984e-01 1.812317e+00 -5.634093e-01 -9.696244e-01 3.826364e-01
-2.688218e-01 8.337305e-01 8.055582e-01 6.485834e-01 7.988316e-01 1.609313e-01 -1.710816e-01 -2.329436e-01 -1.154106e+00 -1.838379e-02 1.691056e-01 -7.034954e-01
2.570401e-01 2.301017e-01 -1.721203e-01 -1.874163e-01 7.519573e-01 3.996873e-01 -3.410955e-01 1.839796e-01 -3.831029e-02 4.479801e-01 1.165253e+00 1.384894e-01
3.543607e-01 3.857791e-01 -6.243564e-01 2.584993e-02 8.812895e-02 -1.010860e+00 -5.836775e-01 -1.796129e-01 9.145097e-01 1.318856e-01 -4.192105e-01 -1.999733e-01
-1.594539e-01 -3.544685e-01 -2.627510e-01 1.933082e-01 7.652318e-01 2.668896e+00 3.103695e+00 4.070858e-01 9.350416e-01 1.266910e+00 7.215244e-01 9.495167e-02
-6.643613e-01 2.961806e-01 1.975041e-01 -4.292488e-03 4.638245e-02 -3.078343e-01 -1.241681e+00 -6.850423e-01 -1.433187e+00 -3.728161e-02 -1.077499e+00 -1.506696e+00
-9.745789e-03 3.687416e-01 2.743340e-01 1.149139e-01 2.088267e-01 8.513508e-01 -1.700463e+00 -5.161381e-01 8.340131e-01 4.726160e-01 1.425205e+00 1.570444e-01
3.116437e-01 2.411581e-01 -1.868897e-01 -5.392455e-01 -2.183864e-01 7.289524e-02 -6.829736e-01 2.382079e-01 3.466160e-01 5.360047e-01 3.414930e-01 -2.883283e-01
-1.036709e-01 2.776069e-01 3.253188e-01 -2.531510e-01 4.563753e-02 1.414500e+00 1.151618e+00 1.407247e+00 1.034767e+00 6.345907e-01 1.355971e+00 1.385981e-01
1.158518e-01 1.364802e-01 1.007706e+00 1.170416e+00 2.025344e-02 -9.421726e-01 -2.807455e+00 -3.696398e-01 9.046334e-01 -1.427222e-01 4.781058e-02 -1.296301e-01
-4.664288e-02 2.354965e-02 3.045059e-01 -5.018078e-01 -1.293980e-01 1.691395e-01 2.281220e-01 -5.812522e-01 6.272374e-01 1.029913e+00 1.134662e+00 -6.595592e-01
2.455174e-01 -3.795605e-02 3.210165e-01 -6.103639e-01 -5.099916e-02 3.888838e-01 -3.775889e-01 1.802006e-01 1.730563e-01 1.137568e+00 1.031263e+00 -4.193192e-01
2.946661e-01 7.883407e-01 -3.823198e-01 4.305301e-02 7.201080e-01 -1.303186e+00 1.192583e-01 6.102619e-01 4.708164e-01 1.692672e-01 3.132982e-02 8.526383e-02
1.964350e-02 8.194612e-01 -4.688560e-01 -7.935653e-02 -4.687662e-02 -1.186012e+00 8.760422e-01 -1.050161e+00 3.514836e-01 9.235643e-01 5.197324e-01 -4.269951e-01
1.018796e-01 2.194059e-01 -8.482349e-02 -9.849766e-01 1.261038e-01 9.296177e-01 6.076713e-01 7.941333e-01 7.298197e-01 9.959551e-01 1.693177e+00 -1.051519e-01
-8.008334e-01 3.170653e-01 -8.522694e-01 -8.733390e-01 -8.800193e-02 1.278322e+00 7.870808e-01 1.824186e+00 1.593164e+00 1.943475e+00 8.760076e-01 1.153445e+00
3.442720e-01 1.174672e+00 -7.458611e-01 1.656763e-01 1.055897e+00 -1.304219e+00 3.608372e-01 1.924186e-01 8.597664e-01 4.190208e-01 -7.078384e-01 5.504818e-01
-1.369223e-01 6.010753e-01 -3.609123e-02 -4.473101e-01 -1.611214e-01 -5.257978e-01 8.085230e-01 -3.906631e-01 7.702341e-02 6.835143e-01 1.100652e+00 -2.207483e-01
-9.568736e-01 1.759817e+00 4.825081e-01 1.497693e+00 -2.863574e-01 -1.951870e-01 -1.225847e+00 -8.919792e-01 -1.248477e+00 -1.485746e+00 1.365810e-01 6.134934e-01
-6.719130e-01 3.246601e-01 -8.960684e-01 -9.682658e-01 -6.031140e-01 -7.483929e-01 -4.528601e-01 -3.491444e-01 1.461097e+00 1.230423e+00 -3.739430e-01 -2.561336e-01
3.467332e-01 4.660957e-01 3.800058e-01 3.808179e-01 9.029487e-01 -7.731693e-01 -2.339669e+00 -4.659491e-01 5.177609e-01 -6.455337e-01 -1.481783e+00 4.674923e-01
-6.128495e-01 2.248212e+00 -1.111476e-02 7.394934e-01 -5.656107e-01 4.177274e-01 -1.542019e+00 -9.315561e-01 1.492273e-01 -1.246370e+00 -6.724095e-01 6.426687e-01
2.065706e+00 1.153210e+00 -1.181172e+00 -4.984998e-01 2.919904e-01 9.471272e-01 1.950724e-01 8.276595e-01 -1.334700e-01 7.473658e-01 -5.700662e-01 9.513922e-01
2.234793e-01 7.511449e-01 1.094295e-01 -5.860367e-01 7.872315e-02 1.800635e-02 -5.992206e-01 -1.066790e+00 -3.547416e-01 -2.454324e-01 -3.496317e-01 -6.583954e-01
9.891939e-02 1.143508e+00 6.575586e-01 -6.249348e-01 -1.463194e-01 5.264578e-02 1.062056e+00 4.239117e-01 1.188958e+00 5.439032e-01 8.397355e-01 4.609901e-01
-1.415312e-01 -2.463815e-01 6.367790e-01 6.471771e-01 1.224710e+00 3.511628e-01 -2.330993e-01 1.889634e+00 2.923315e+00 1.150401e+00 6.159546e-01 1.561894e+00
-6.449456e-01 2.345285e-02 4.473469e-01 -5.549258e-01 -1.283169e-03 7.790107e-01 1.748833e+00 2.401441e-01 1.664432e+00 1.917470e+00 1.984616e+00 1.475428e+00
4.778533e-02 1.461400e+00 1.211655e+00 7.840315e-01 4.564247e-01 -7.386372e-01 1.321446e+00 1.551538e+00 5.637474e-01 1.041117e+00 4.793770e-01 -9.028646e-01
-1.590204e-01 -6.434132e-01 1.926387e-01 -3.816655e-01 -2.049679e-01 1.855659e-01 -1.906786e-02 -6.485621e-01 6.258028e-01 -8.371676e-01 -4.586512e-01 7.237540e-01
-3.373588e-01 2.467028e+00 -5.139101e-02 1.689200e-01 -3.040615e-01 1.658132e+00 -1.498464e+00 -5.025099e-01 2.583272e-01 -1.263381e+00 -4.090126e-01 1.032501e+00
-4.684973e-03 1.303562e+00 6.443907e-01 7.073416e-01 4.713399e-01 -1.228614e+00 -5.461764e-01 -1.059735e-01 -2.997703e-01 3.103971e-02 2.065141e-01 8.775274e-01
-5.099329e-01 6.975995e-01 -4.856758e-01 3.112112e-01 9.424914e-01 1.254022e+00 1.626278e+00 9.124056e-01 -3.059980e-01 -4.844871e-01 5.129285e-01 7.645002e-01
-1.035254e-01 2.882701e-01 1.692912e-01 5.785141e-02 -1.860821e-01 3.520973e-01 -1.090953e+00 -9.391576e-01 -8.097922e-01 6.930345e-01 2.216500e-01 1.066984e-01
1.810865e+00 9.690676e-02 4.042335e-01 -1.961548e+00 1.628895e+00 -3.285903e+00 1.939064e+00 -2.704536e+00 -1.553513e+00 2.103183e-01 -9.104776e-01 7.957194e-01
-1.251965e+00 -4.439557e-01 1.231456e+00 2.338878e+00 2.771244e-01 -8.675076e-01 1.299853e+00 -1.488010e+00 -1.456965e+00 -1.131588e+00 -4.460698e-01 -5.197058e-02
1.809655e-01 6.064676e-01 5.086050e-01 1.104203e+00 1.136037e+00 -7.597381e-01 -1.116956e+00 3.974248e-01 -1.058444e+00 -1.355117e+00 -1.162972e+00 9.938380e-01
-2.206948e-01 2.021250e+00 2.321712e-01 1.981071e-02 -2.548288e-01 1.783747e+00 -5.746323e-01 -1.141813e+00 -8.337978e-01 -5.468835e-01 4.802737e-02 1.000826e+00
-7.316146e-02 5.833977e-01 -2.963329e-01 -1.100221e-01 2.120753e-01 -2.255743e-01 -1.354271e+00 -1.012577e+00 -2.213161e-01 -5.196819e-02 -1.282246e+00 -6.051250e-01
-1.779669e-01 1.114372e+00 -4.071561e-01 8.155208e-01 3.494340e-01 -9.834847e-01 -1.090679e+00 -1.928203e+00 -5.643839e-01 -4.551879e-01 -1.412077e+00 -1.375058e+00
-1.371990e-01 1.061435e+00 3.702870e-01 1.252714e-01 -1.892969e-01 6.789692e-01 -2.199364e-03 -1.190604e+00 -2.040398e+00 -3.345556e-01 -8.700500e-02 1.204225e+00
2.002459e-01 5.994080e-01 -6.953611e-02 8.335376e-01 -2.667707e-01 1.478241e-01 -6.128763e-01 -2.066690e-01 -2.150343e+00 3.372114e-01 4.970673e-01 1.124744e-01
9.338379e-02 -1.769071e+00 5.087990e-01 9.671733e-01 6.589574e-01 3.041463e+00 -3.900576e-01 3.031086e+00 4.682853e+00 -9.345844e-01 2.414588e-01 -1.102643e+00
-1.386089e-02 9.187400e-01 3.422963e-01 3.553105e-01 -1.841640e-03 2.427970e-01 -1.103661e-01 -3.137260e-01 -2.453041e+00 -2.752327e-01 6.199390e-01 4.226742e-01
-5.793687e-01 8.505213e-01 1.316788e-01 9.260076e-01 7.897722e-01 -4.065997e-01 -1.683418e-01 -7.576795e-01 -1.372761e+00 -9.432645e-02 -6.966940e-01 -1.237629e+00
-7.617263e-01 5.236165e-01 -8.767522e-01 -9.776516e-02 5.571142e-01 1.025542e+00 1.498779e+00 3.791738e-01 1.058999e-01 8.372207e-02 2.206481e-01 4.696808e-01
-1.034238e+00 -1.171249e+00 1.780508e+00 2.526613e+00 1.478881e+00 -4.233359e-02 3.902182e+00 -2.064090e+00 -2.670102e+00 -3.098912e-01 -8.713003e-01 2.251384e-01
1.528793e+00 2.255954e+00 -1.202909e+00 -1.190137e-01 1.005880e+00 -3.245886e-01 1.439008e+00 3.269670e-01 5.799037e-01 6.935741e-01 -1.163948e+00 1.648975e+00
-1.121705e+00 -1.193397e+00 6.510147e-01 6.044844e-01 7.117628e-01 1.155868e+00 2.630289e+00 4.978189e+00 4.576360e+00 3.146933e+00 1.898437e+00 1.969991e+00
3.638105e-01 9.396009e-01 -1.430567e+00 -1.848230e-01 6.714470e-01 -1.517473e+00 -3.248672e-01 -2.513694e+00 -2.745878e+00 2.403391e+00 1.401709e+00 8.568152e-01
-6.690730e-01 -1.561787e+00 8.666533e-01 2.094871e+00 2.208591e+00 6.777915e-01 3.971553e+00 -7.216705e-01 -2.382708e+00 -8.580399e-01 -1.106150e+00 1.420108e-01
2.215394e+00 -1.506414e+00 -9.319387e-02 -1.847285e+00 6.739765e-01 -4.470045e-01 -9.848021e-01 5.647426e-01 1.407888e+00 -4.960236e-01 -1.361373e+00 -1.833802e-01
2.543678e-02 9.092018e-01 5.579917e-01 -5.211826e-01 1.925449e-02 -3.147652e-01 5.201849e-01 -2.523763e+00 -1.171026e+00 2.287301e+00 1.416972e-01 6.055282e-01
-1.304731e-01 4.467123e-01 6.443942e-01 -7.016800e-02 -5.159687e-01 1.992358e+00 1.105929e+00 7.107220e-02 3.141461e-02 1.038342e-02 2.234768e-01 7.634997e-02
2.944915e+00 -4.845434e-01 5.312694e-01 -3.419708e+00 1.253386e+00 -2.890839e+00 2.025230e+00 -2.793610e+00 -2.298005e-01 5.959594e-01 -1.231337e+00 8.498175e-01
-1.058533e+00 -7.293150e-01 2.367832e-01 1.264621e-01 2.047143e+00 6.229376e-01 3.621847e+00 -2.128463e-01 -3.254151e-01 -6.627868e-01 -1.745850e+00 7.410394e-01
1.586873e-01 -2.736981e-02 9.541689e-01 1.832475e+00 1.674241e-02 4.780014e+00 -1.964635e-01 3.015421e+00 2.961553e+00 -1.763603e+00 2.649727e-02 -7.027841e-01
-2.454049e+00 -1.104857e+00 3.046137e-01 -1.006201e+00 3.089224e-01 1.063143e+00 3.747559e+00 4.745117e+00 5.128290e+00 3.644478e+00 2.518135e+00 3.596415e+00
-1.945619e+00 -6.961337e-02 -3.853113e-01 -1.137875e+00 1.239728e+00 8.175142e-01 2.818838e+00 1.637748e+00 8.835923e-01 -1.890703e-01 -9.552487e-01 2.047781e+00
-2.568273e+00 -1.186878e+00 -4.496983e-01 -1.381646e+00 3.879350e-01 8.735679e-01 3.684639e+00 4.546363e+00 3.349230e+00 1.544299e+00 1.099670e+00 2.897779e+00
