1.759117e+01 8.256583e-01 -4.387661e-01 -1.171294e+01 -1.678717e+01 -7.577863e+00 1.153671e+01 -1.259767e+00 1.234299e+00 -8.613446e+00 -8.887022e+00 8.839511e+00
1.753584e+01 1.395296e+00 3.706461e+00 -1.216566e+01 -1.856506e+01 -9.862037e+00 1.054895e+01 -2.819921e+00 3.432127e+00 -5.405730e+00 -8.008314e+00 5.508533e+00
1.757405e+01 -5.141340e-01 -2.608922e+00 -1.065653e+01 -1.376656e+01 -9.131268e+00 1.175402e+01 -8.089662e-01 3.807347e+00 -1.105980e+01 -8.468004e+00 7.632177e+00
1.843015e+01 1.758727e+00 6.823381e+00 -1.207701e+01 -2.213021e+01 -8.157757e+00 1.016130e+01 -1.211684e+00 2.773243e+00 -6.392962e+00 -4.493183e+00 4.230629e+00
1.754440e+01 -4.475585e+00 -5.314594e+00 -1.385317e+01 -2.762956e+00 -2.384882e+00 -2.284551e+00 6.742795e+00 -4.401959e+00 -1.747197e+00 -9.722590e+00 7.567635e+00
1.628990e+01 3.507286e+00 7.725974e+00 -1.019812e+01 -2.199827e+01 -9.748884e+00 1.247835e+01 -8.912687e+00 6.855650e+00 -4.798116e+00 -6.108530e+00 7.494166e+00
1.718398e+01 -2.879819e+00 -4.085906e+00 -1.236351e+01 -7.089132e+00 -6.625326e+00 6.610059e+00 2.743947e+00 -2.577675e+00 -4.525076e+00 -9.797101e+00 9.240605e+00
1.658747e+01 3.554313e+00 8.460208e+00 -9.370267e+00 -2.310794e+01 -1.034350e+01 1.168599e+01 -7.765785e+00 5.737988e+00 -2.526933e+00 -7.339367e+00 8.201094e+00
1.635465e+01 3.503396e+00 6.731083e+00 -1.007029e+01 -2.181620e+01 -7.433443e+00 1.062035e+01 -7.261779e+00 6.757210e+00 -6.490674e+00 -5.714428e+00 6.558744e+00
1.609588e+01 -4.690974e+00 -5.891641e+00 -1.744078e+01 3.332829e+00 -2.988105e+00 -2.628289e+00 1.531085e+00 3.427069e-01 -3.588514e+00 -3.718846e+00 4.316860e+00
1.876895e+01 2.221991e+00 9.368309e+00 -1.306514e+01 -2.128295e+01 -1.037334e+01 1.180655e+01 -5.625426e+00 3.698346e+00 -4.302228e+00 -2.660742e+00 4.430269e+00
1.610692e+01 4.587287e+00 9.861636e+00 -1.085932e+01 -2.291120e+01 -1.145656e+01 1.328575e+01 -8.210719e+00 4.357337e+00 -2.289249e+00 -6.870686e+00 7.623212e+00
1.624945e+01 4.712790e+00 9.788944e+00 -1.083700e+01 -2.254580e+01 -9.992037e+00 1.071060e+01 -6.348980e+00 1.988090e+00 -1.745469e+00 -4.848983e+00 6.148089e+00
1.694194e+01 2.865686e+00 6.688117e+00 -1.281684e+01 -1.955662e+01 -5.082735e+00 1.078236e+01 -6.739072e+00 4.818576e+00 -9.929369e+00 -3.710422e+00 6.853583e+00
1.673496e+01 -5.182714e+00 -7.597620e+00 -1.921767e+01 7.702477e+00 1.209315e+00 -7.798639e+00 -6.050274e-01 3.614353e+00 -4.347714e+00 5.807614e-01 2.188879e-01
1.705490e+01 4.800925e+00 9.561404e+00 -9.784622e+00 -2.291081e+01 -9.277940e+00 7.164137e+00 -4.145654e+00 1.072958e+00 -7.566661e-01 -4.684666e+00 5.825074e+00
1.819152e+01 3.170226e+00 1.086106e+01 -1.214437e+01 -2.299342e+01 -9.687215e+00 8.812967e+00 -6.269174e+00 3.086136e+00 -2.243011e+00 -2.488364e+00 2.551584e+00
1.751606e+01 4.805256e+00 9.391390e+00 -9.445919e+00 -2.339198e+01 -9.056928e+00 7.303264e+00 -6.885895e+00 4.550734e+00 -2.685909e+00 -3.311042e+00 4.947135e+00
1.740008e+01 4.779930e+00 9.514416e+00 -9.126230e+00 -2.385858e+01 -9.904261e+00 8.425564e+00 -7.303633e+00 4.800021e+00 -3.169940e+00 -1.749203e+00 2.271082e+00
1.911186e+01 -6.098191e+00 -8.507589e+00 -2.055330e+01 1.205194e+01 5.245684e+00 -1.466176e+01 -1.318448e+00 6.138460e+00 -4.931309e+00 2.923197e+00 -1.315117e-01
1.815068e+01 -2.843716e+00 -8.511648e+00 -1.955610e+01 1.306684e+01 8.055693e+00 -1.796321e+01 -6.367786e-01 4.572108e+00 -1.448316e+00 1.361185e+00 -9.297203e-01
1.313809e+01 6.896732e+00 2.085242e+00 -7.076487e+00 -1.736401e+01 -2.394959e+00 4.937498e+00 2.782267e+00 7.771871e-01 -8.569801e+00 -5.971836e+00 2.633392e+00
1.853608e+01 -1.170250e+00 -8.557714e+00 -1.801708e+01 1.549571e+01 1.022265e+01 -2.105305e+01 2.238677e-01 6.831088e+00 -3.123982e+00 2.203151e+00 -4.634757e+00
-8.830622e+00 -4.580839e+00 -9.460570e+00 -4.080488e+00 -2.169878e+00 -1.453331e+00 4.185402e-01 -5.109286e+00 -3.834341e+00 -6.431227e+00 6.985861e-02 -1.570320e+00
-1.325529e+01 -1.903216e+00 -7.343082e+00 2.702328e+00 2.394913e+00 -1.606886e+00 1.327182e+00 -8.391928e+00 2.649410e-01 -3.626036e+00 -1.371681e+00 -1.679956e+00
1.786986e+01 1.303214e+00 -1.056425e+01 -1.063363e+01 1.813865e+01 1.111699e+01 -1.937329e+01 -4.895091e-02 7.463835e+00 -1.008652e+00 2.305965e+00 -7.796772e+00
-7.664557e-01 5.199848e-01 -3.836427e+00 3.114054e-01 -8.351741e-01 7.193889e-01 5.246265e+00 2.891651e+00 -4.994397e+00 -6.759123e+00 -2.764820e+00 -7.324711e-01
1.595945e+01 3.164018e-01 -8.833802e+00 -4.948292e+00 2.036821e+01 1.138233e+01 -1.361820e+01 2.799551e+00 8.167654e+00 -1.810883e+00 2.207690e+00 -8.968166e+00
5.435988e+00 -1.247652e+01 -6.287536e+00 4.258661e+00 1.777847e+01 1.770914e+01 -1.704366e+01 9.456553e+00 1.475652e+01 -5.571463e+00 -5.020514e+00 -7.255129e+00
-7.882917e+00 -8.377043e+00 -4.779284e+00 5.148509e+00 -6.996830e+00 -2.934870e+00 4.529791e-01 -8.964437e+00 -1.417361e+00 -4.917098e+00 -1.579426e+00 -2.160270e+00
-1.364211e+01 -6.552657e+00 -3.702685e+00 7.645804e+00 -9.155169e-01 -1.580534e+00 1.214938e-01 -8.372741e-01 -3.776543e+00 1.057431e+00 -1.714131e+00 -1.679584e+00
-5.199697e+00 -7.869231e+00 -6.529515e+00 1.635703e+00 7.568324e-01 -8.916433e+00 1.099784e+00 -3.085628e+00 -5.864835e+00 -2.123559e+00 6.303177e-01 -3.690268e+00
2.609050e+00 -1.468674e+01 -8.535389e+00 4.993441e-01 1.093060e+01 1.208221e+01 -1.359100e+01 5.658468e+00 1.563172e+01 2.949612e-01 -2.668184e+00 -3.586783e+00
-6.648270e+00 -9.788895e+00 -3.236592e+00 3.383048e+00 -4.613557e+00 -3.515611e+00 3.237071e+00 -8.580889e+00 3.473542e-01 -4.909657e+00 -1.205040e-02 -1.495072e+00
6.477645e+00 -6.591912e+00 -1.897756e+00 7.478718e+00 1.957380e+01 1.484197e+01 -1.460774e+01 1.043648e+01 1.817266e+01 -5.136476e+00 -4.936204e+00 -7.388130e+00
1.128376e+00 -1.428599e+01 -6.204993e+00 -4.801004e-01 3.907696e+00 5.025990e+00 -1.729087e+01 1.394976e+00 1.798483e+01 -2.761697e+00 -7.118221e+00 -9.790837e+00
2.522003e+00 -1.706395e+01 -1.130572e+01 -1.928468e+00 2.628404e+00 3.335274e+00 -1.688727e+01 2.074544e+00 1.996127e+01 -7.203991e-01 -4.566629e+00 -3.397934e+00
-9.017305e-01 -1.354447e+01 4.267070e+00 -2.459658e+00 -5.585761e-01 -3.294250e+00 -1.582461e+00 -1.508602e+00 -4.597280e+00 -1.914986e-01 -2.445485e+00 -7.873250e-01
1.130827e+01 -2.624576e+00 -5.380532e+00 1.130202e+00 1.741473e+01 1.358223e+01 -1.194658e+01 4.551152e+00 1.309433e+01 -2.192236e+00 3.454526e+00 -6.331660e+00
-1.903203e+01 -1.952734e+00 1.093111e+01 -3.315927e+00 2.517773e+00 6.500843e-01 4.824133e-01 -5.483289e+00 -4.952671e+00 -1.387774e-01 2.830612e+00 -5.122384e+00
-4.088611e+00 -8.077191e+00 -4.543060e-01 1.951845e+00 -1.104824e+00 -4.381490e+00 3.766408e-01 -3.289251e+00 -2.109647e+00 -2.246284e+00 -2.134083e-02 -2.250335e+00
5.048805e+00 -1.270044e+01 -1.121008e+01 -1.909383e+00 3.518296e+00 5.189923e+00 -1.525168e+01 2.354610e-02 8.919806e+00 -4.309532e+00 -4.667793e+00 -4.021510e+00
5.742141e+00 -9.079934e+00 -4.987219e+00 7.832196e+00 -2.732840e+00 5.758089e+00 -5.543899e+00 -8.006148e-01 -4.608304e+00 6.918867e+00 -1.330405e+00 -4.473802e+00
5.038797e+00 -9.596153e+00 -9.908891e+00 3.217059e+00 9.180349e+00 3.658362e+00 -1.440406e+01 1.156590e+00 3.291530e+00 -5.965953e+00 -1.239913e+00 6.977333e-01
-8.496838e+00 9.607416e+00 -3.958019e+00 1.001698e+01 9.230654e-01 -1.101617e+00 2.259524e+00 2.934747e+00 -2.003684e+00 -1.247696e-01 2.264230e-01 -8.399427e+00
-1.384019e+01 -6.626287e-01 9.334754e+00 9.512040e+00 -5.204739e+00 1.382073e+00 7.235750e+00 -7.608375e+00 -9.065710e+00 -1.104994e+00 5.056877e+00 -3.579602e+00
-7.826290e+00 -1.498621e-01 2.190512e+00 7.069182e+00 -1.284500e+00 -5.670094e+00 -1.067994e+01 1.309346e+01 1.276874e+00 -1.550364e+00 2.993206e+00 1.097587e+01
-1.065756e+01 2.669775e+00 9.927763e+00 -3.570811e+00 3.133196e+00 1.701929e+00 3.522483e+00 6.472082e-01 -4.568300e-01 6.017849e-01 2.498875e+00 -3.829191e+00
3.731988e+00 -7.947815e+00 -8.272673e+00 4.387278e+00 6.856298e+00 1.501399e+00 -9.738928e+00 3.049226e+00 1.001473e+01 3.499245e+00 3.771443e-01 3.075889e+00
2.740309e+00 -3.215130e+00 -4.413111e+00 8.742637e+00 1.709466e+00 3.168568e+00 -4.073209e+00 -3.782622e+00 -8.427434e-01 8.560552e+00 1.375179e+00 -5.361889e+00
-9.205870e+00 -3.169754e+00 6.704048e+00 3.131165e+00 -2.520287e+00 -2.856168e+00 -8.014776e+00 4.284761e+00 -3.077982e+00 -1.770828e+00 -2.469548e+00 5.918988e+00
-2.263278e+00 -9.040837e+00 -2.428689e-01 1.132716e+00 -1.138771e+00 -2.616961e+00 2.132349e+00 2.175328e-01 -2.806033e+00 -2.146078e+00 -2.558609e+00 2.158791e-01
3.842021e+00 -2.551471e+00 -3.666494e+00 7.292276e+00 4.746869e+00 8.882473e-01 -1.007532e+01 -4.026703e+00 4.595968e+00 6.640809e+00 -1.707769e+00 -4.226447e+00
-2.170481e+00 -3.318414e+00 -2.165874e+00 -7.936058e-01 6.099022e+00 5.838104e-01 -1.696789e+00 -1.205553e+00 -2.112407e+00 1.013252e+00 2.430160e+00 -5.920031e+00
-7.220877e+00 -4.755915e+00 7.702500e+00 1.117394e+00 1.353628e+00 3.974531e+00 -4.108536e+00 2.721014e+00 -6.723573e-01 -3.622816e+00 -7.201231e+00 3.582814e+00
-9.983309e+00 -4.053807e+00 2.834904e+00 -1.019025e+00 -5.130835e+00 2.528037e+00 3.755404e+00 -4.143144e+00 -8.467531e+00 2.946495e+00 3.887523e-01 -3.940320e+00
-6.684711e+00 5.114524e+00 -2.025241e+00 4.544209e+00 -2.678459e+00 -5.010615e+00 -4.561908e+00 -6.207981e-01 -1.809228e+00 3.497260e-01 3.372469e+00 -2.213013e+00
-6.102086e+00 2.638667e+00 4.020229e+00 -1.192364e+00 -2.898571e+00 5.751137e+00 2.418178e+00 -1.697891e+00 -4.068684e+00 4.101990e+00 -6.151437e-02 -1.443944e+00
-3.966770e+00 -6.312195e+00 -3.684112e+00 2.543326e+00 2.579669e+00 -1.748749e+00 -3.573266e+00 3.154804e+00 5.950360e+00 8.300637e-01 1.719424e+00 -5.689030e+00
-8.711199e+00 6.396984e-01 2.065046e+00 5.908024e+00 -1.389450e+00 9.507506e-01 5.769645e+00 -3.318542e+00 -6.509876e+00 2.134140e+00 7.963706e+00 4.905069e-02
-3.980474e+00 1.609323e+00 1.288903e+00 4.358961e+00 6.562649e+00 5.203717e+00 8.731384e-01 1.742387e-01 -6.591588e+00 1.093969e-01 1.841288e-01 -3.084079e+00
2.840954e+00 -1.492674e+00 -3.917431e+00 4.156758e+00 5.563881e+00 2.551413e+00 -5.571564e+00 5.457270e-02 8.139198e-01 1.542058e+00 -7.968931e+00 -2.997695e+00
-4.852554e+00 2.381070e+00 2.534198e+00 2.474791e+00 3.597214e+00 4.040699e+00 4.145634e-01 6.718807e-01 -2.829946e+00 1.900231e+00 1.354449e+00 5.861886e-01
-4.106713e+00 7.373938e+00 3.980105e+00 5.671892e+00 6.024437e+00 8.029948e+00 2.896280e+00 4.140149e+00 -2.025917e+00 -4.414728e-01 3.635810e-01 5.222374e-01
-5.414815e+00 -2.369742e-01 3.782426e-01 6.729075e+00 2.487421e+00 2.860276e-01 -4.270750e+00 7.417522e+00 1.693746e+00 -3.795605e+00 3.736907e+00 9.871809e+00
2.581243e+00 2.849914e-01 -5.988235e+00 3.926492e+00 5.728350e+00 -1.820848e+00 -4.021167e+00 -5.330738e+00 -4.295406e+00 2.863438e+00 -1.209951e+01 -7.910567e+00
-4.153664e+00 5.984785e+00 3.669345e-01 4.335177e+00 1.388432e+00 -3.425421e-01 1.817517e+00 -4.989047e-01 -1.771486e-01 6.103893e+00 1.205150e+00 -1.033306e+00
-5.113686e+00 1.401107e+00 1.063625e+00 4.409695e+00 7.375355e-01 1.740493e+00 3.073758e+00 5.020109e+00 -2.683540e+00 4.681790e+00 3.001693e-01 7.774652e-01
-1.623399e+00 3.238157e+00 -3.191777e+00 3.846088e+00 3.570914e+00 2.582120e-01 9.134746e-01 -8.301725e-01 -4.543922e+00 -1.542166e+00 -6.130795e+00 -1.132565e+01
-4.465345e+00 4.912722e+00 1.022713e-01 7.234391e+00 3.858429e+00 -7.320969e-01 2.952782e+00 5.815667e+00 2.587404e+00 6.652552e+00 6.970099e+00 3.775676e+00
-3.803808e+00 5.038176e+00 -3.698043e-01 4.862080e+00 6.950984e-01 -8.563433e-01 -3.329714e+00 -4.871750e-01 -3.091455e+00 3.558284e+00 2.781101e+00 -1.668139e+00
-5.819216e+00 3.971878e+00 2.012001e+00 5.389013e+00 1.143293e+00 1.696519e+00 2.837289e+00 3.205419e+00 -3.644253e+00 5.537329e+00 4.184015e+00 4.776005e-01
-3.148615e+00 5.333780e+00 7.503684e-01 5.509666e+00 2.150837e+00 1.490201e+00 2.011424e+00 3.885010e+00 -5.064740e+00 -7.238289e-01 -9.355694e-01 -2.583755e+00
-3.474596e+00 4.145161e+00 4.084821e+00 8.744261e+00 8.328039e+00 5.952998e+00 1.061978e-01 1.152135e+00 -1.825680e+00 5.189467e+00 2.287049e+00 3.566730e+00
-7.333187e+00 1.239502e+00 7.772977e-01 3.870875e+00 -8.089867e-01 1.153801e+00 3.933747e+00 1.556827e+00 -3.081734e+00 -4.668968e-01 4.414734e+00 1.935546e+00
-4.776643e+00 5.846523e+00 3.438186e+00 4.709528e+00 3.923340e-01 6.523024e-01 1.033854e+00 2.052629e+00 -6.563457e+00 8.838786e-01 4.660108e+00 1.490584e+00
-3.990315e+00 4.010324e+00 1.526807e+00 5.758711e+00 4.287996e+00 1.573024e+00 -2.457349e+00 5.799270e-01 -3.618407e-01 2.315742e+00 -7.846680e-01 3.312951e+00
-2.815704e+00 6.375651e+00 3.953650e+00 7.548621e+00 1.082646e+01 6.427079e+00 1.686085e+00 -2.316153e+00 1.560149e+00 5.957749e+00 5.012628e+00 -6.854099e-01
4.711628e-02 3.932271e+00 -3.676918e+00 2.680932e+00 5.235233e+00 2.720921e-01 -3.684853e+00 -4.970114e+00 1.134140e-01 5.878539e+00 -5.022825e+00 -6.792719e+00
-5.918244e+00 2.797855e+00 4.714799e-01 4.234377e+00 4.319128e+00 5.780730e-01 9.955635e-01 2.854453e+00 3.090857e+00 4.221604e+00 2.904922e+00 4.201748e+00
-5.413402e+00 1.661943e+00 -8.574773e-01 4.730795e+00 3.028796e+00 -7.928648e-01 1.619189e+00 9.287211e-01 -3.565743e+00 2.625070e+00 4.981151e+00 2.746981e+00
-4.103684e+00 3.062845e+00 1.307074e+00 5.234145e+00 2.928572e+00 -6.794667e-01 2.573776e-02 -2.970753e+00 -2.800769e+00 2.789362e+00 9.962048e-02 -3.883865e-01
-3.652565e+00 4.727558e+00 3.486372e+00 7.456034e+00 3.415084e+00 4.392683e+00 7.954693e-01 -2.498149e-01 -2.825395e+00 -7.017868e-01 1.225510e+00 -1.202488e+00
-3.769961e+00 2.250800e+00 -2.467228e+00 2.469819e+00 6.430340e+00 2.477042e+00 2.036556e+00 2.233179e+00 -3.234967e+00 2.833311e+00 -1.115028e+00 -8.261466e+00
-3.962166e+00 5.143686e+00 3.938488e+00 6.393231e+00 4.504573e+00 2.207006e+00 4.333189e+00 2.156176e+00 -3.068651e+00 1.698429e+00 3.489511e+00 3.921837e+00
-5.147419e+00 7.189906e-01 -3.730166e-02 6.375382e+00 8.829557e+00 6.846441e+00 1.902233e+00 2.403107e+00 -6.170111e-01 7.251804e+00 -2.823267e+00 -7.527307e+00
-6.271626e+00 1.331224e+00 -3.111053e-01 1.718913e+00 -3.360865e+00 -2.542893e+00 4.282763e+00 4.838281e+00 3.712434e+00 5.493541e+00 7.575266e+00 7.860709e-01
-6.040834e+00 2.880656e+00 -1.774713e+00 1.097032e+00 8.944759e-01 2.231909e+00 4.576793e-01 4.758489e-01 -3.401475e+00 7.035150e+00 3.777284e+00 6.927441e-01
-7.428679e+00 1.529405e+00 1.127975e-01 9.817114e-01 1.019926e+00 -1.202370e-01 8.496566e-01 -1.538263e+00 -8.779326e+00 -2.049081e+00 2.088343e+00 2.950744e+00
-3.741857e+00 5.216443e+00 5.707465e+00 4.064039e+00 5.006077e+00 3.798281e+00 4.437031e+00 2.419548e+00 2.064022e+00 3.028005e+00 3.756074e+00 3.695161e-01
-3.736277e+00 3.047916e+00 8.794519e-01 1.912223e+00 5.279035e+00 -2.254661e+00 -1.198059e+00 1.380977e+00 -7.643668e+00 -1.000728e+00 1.069764e+00 1.093256e+00
-5.144804e+00 2.482240e+00 -2.905484e-01 4.097658e+00 2.330484e-01 -9.413340e-01 1.391340e+00 -3.298414e+00 -5.507289e+00 -1.137557e-01 1.254654e-01 -4.419897e+00
-7.123995e+00 1.429537e+00 -6.979879e-01 -5.598967e-01 1.738068e+00 -1.795586e+00 6.091268e-01 7.456238e-01 -1.705263e+00 1.578188e+00 1.651711e+00 5.886271e-01
-6.683876e+00 -2.490427e+00 -2.627481e+00 6.420323e-01 -1.755723e+00 -5.615872e+00 4.028051e-01 -8.647339e-01 -7.443954e+00 3.887632e+00 1.151124e+00 -7.798074e-01
-3.430132e+00 4.697972e+00 5.269634e+00 9.568152e+00 8.471743e+00 5.436797e+00 5.291380e+00 2.550050e+00 -7.693813e-01 9.337128e-01 1.231582e+00 -1.485812e+00
-6.859419e+00 1.054481e+00 1.810405e-01 1.768217e+00 -1.003150e+00 -1.422846e+00 1.011705e-02 1.866370e+00 3.515352e+00 1.756603e+00 3.450414e+00 2.505201e+00
-4.895017e+00 4.448488e+00 1.764603e+00 1.442335e+00 1.971493e-01 -1.279851e-01 1.222287e+00 4.160168e+00 -4.866234e+00 -1.800233e-01 5.852084e+00 5.767200e+00
-7.835073e+00 5.213937e-01 -1.464321e+00 1.231206e+00 8.458018e-01 -5.610616e-01 -6.761212e-01 -3.645706e+00 -7.999901e+00 5.987647e+00 6.806040e+00 8.666562e-01
-4.407000e+00 3.443913e+00 2.645916e+00 3.386360e+00 7.036980e+00 1.568183e+00 -1.587786e+00 3.570904e+00 4.109384e+00 8.891873e+00 4.917772e+00 1.568367e+00
-6.266571e+00 1.072610e+00 -1.003568e+00 6.342400e-01 3.526118e+00 3.675287e+00 3.878786e+00 1.825796e+00 -1.863379e+00 3.043008e-01 5.548882e+00 3.195507e+00
-4.056680e+00 2.412930e+00 1.228616e+00 4.338745e+00 1.924945e+00 -2.763970e+00 -3.723259e-01 2.154356e+00 -4.498446e+00 3.580623e+00 6.485646e-01 -7.963378e+00
-6.481958e+00 3.519447e+00 1.141817e+00 2.061574e+00 1.762730e+00 1.782727e+00 7.085217e+00 4.248353e+00 -4.045310e+00 6.276110e-01 6.094216e+00 2.521510e+00
-6.981453e+00 1.897092e+00 9.059331e-01 3.051586e+00 3.323618e+00 8.420222e-01 4.175215e+00 -1.501773e+00 -4.578846e+00 3.915035e+00 5.577755e+00 3.540004e-01
-6.105455e+00 2.428735e+00 7.624682e-01 1.518933e+00 2.442579e-01 2.451727e-01 9.038515e-01 3.479838e+00 -2.484610e+00 -2.037383e+00 1.280754e+00 3.755724e+00
-7.154083e+00 1.809538e+00 -5.251801e-02 1.184387e+00 5.726278e-01 -4.228544e-01 -2.277989e-01 4.459618e+00 1.806326e+00 2.198083e+00 1.929945e+00 1.162880e+00
-6.395781e+00 1.238141e+00 -2.987871e-01 1.679893e+00 6.978761e+00 4.490713e+00 2.118941e+00 2.075380e+00 -1.583280e+00 2.717529e+00 4.329247e+00 3.595553e+00
-6.147018e+00 3.484016e-01 5.876317e-01 2.175212e-02 1.685574e+00 1.634721e-01 4.097957e+00 2.565147e+00 1.655815e-01 4.478580e-02 2.587919e+00 1.739370e+00
-6.407625e+00 6.523114e-01 -5.945553e-01 -2.859709e+00 -3.666574e+00 -5.361256e+00 -5.605639e+00 -3.212907e+00 -8.496405e+00 -7.309131e+00 -1.454993e+00 7.901787e-01
-6.603708e+00 1.594162e+00 -6.558119e-01 4.930478e-01 5.010316e+00 1.855971e-01 3.506293e+00 -3.270273e+00 -5.470114e+00 5.423878e+00 4.985826e+00 1.024903e+00
-6.204915e+00 2.761736e+00 -1.481305e+00 1.074371e+00 2.660580e+00 1.445108e+00 2.170456e+00 -2.410872e+00 -6.533863e+00 -2.994841e+00 4.145196e+00 5.229189e+00
-5.639024e+00 3.606460e+00 5.438972e-02 3.826426e+00 2.602179e+00 -2.995761e+00 1.560863e+00 2.411141e+00 -4.255486e+00 -1.517695e-01 2.411283e+00 -6.508301e+00
-6.343495e+00 1.393827e+00 -3.407490e-02 1.095761e+00 2.625874e+00 2.054325e+00 4.514917e+00 2.257505e+00 -1.554365e-01 1.424752e+00 4.558472e+00 -1.449115e+00
-6.198051e+00 1.135984e+00 -4.340407e-01 3.578486e+00 1.917600e+00 2.631027e+00 4.406176e+00 -1.300071e+00 -2.619655e+00 3.598359e+00 4.870996e+00 -7.071169e-01
-6.961927e+00 2.434152e+00 2.366693e+00 4.876414e+00 4.629935e+00 8.973430e-01 2.481144e+00 7.915127e-02 -3.420931e+00 5.489978e+00 4.468489e+00 2.874454e+00
-7.090679e+00 -6.249394e-01 2.105949e-01 4.759228e+00 3.523731e+00 1.415136e+00 3.759706e+00 4.710466e+00 -3.319335e+00 3.354211e+00 3.616971e+00 4.564629e-01
-6.095017e+00 1.956603e+00 5.071529e-01 1.010780e-01 -1.708603e-01 -2.505816e-01 3.781367e+00 4.675113e+00 -1.425089e+00 -6.204466e-01 -2.351356e+00 -1.091152e+00
-5.220346e+00 1.057557e+00 -7.710892e-01 3.247879e+00 2.461615e-01 -5.789291e+00 5.825639e-01 3.268741e+00 -1.122962e+00 1.937837e+00 3.188105e+00 -5.775034e-01
-4.500615e+00 1.530110e+00 6.859088e-02 4.153581e+00 4.081167e+00 -1.243348e+00 -2.540164e+00 -2.123794e+00 6.598694e-01 7.850174e+00 -3.170226e-02 2.868053e-01
-3.910101e+00 5.212991e+00 3.306580e+00 2.411141e+00 1.357452e+00 1.198990e+00 3.076958e+00 -2.791461e-01 2.688861e+00 5.270070e+00 -6.306514e-01 -1.026378e+00
-6.761473e+00 5.189289e-01 -4.427167e-01 1.159129e+00 1.103647e+00 3.125332e+00 1.205567e+00 -1.003623e+00 -8.015944e+00 -4.704151e+00 5.195153e+00 8.743638e-01
-5.762547e+00 1.910360e+00 6.936514e-01 6.047132e+00 1.117255e+00 -4.580843e+00 8.635139e-01 3.296594e+00 -1.750348e+00 1.836975e+00 -6.452315e-01 -5.002581e-01
-4.908566e+00 3.416764e+00 3.440807e+00 3.232194e+00 1.966666e+00 -5.051809e+00 1.734351e+00 4.349654e+00 1.955517e+00 2.955074e+00 -1.168866e-02 -3.397855e+00
