8.869363e+00 -1.175971e+01 -3.229882e+00 -2.271744e+01 -3.482385e+00 7.845035e+00 1.029740e+01 -3.217300e+00 -6.522313e+00 -6.848921e+00 1.170619e+00 8.737082e+00
7.286998e+00 -1.444660e+01 -5.640380e-01 -2.221073e+01 1.587203e-01 6.425308e+00 5.473804e+00 -2.960415e+00 -2.627944e+00 -2.227247e+00 -1.159896e-01 5.060446e+00
9.206738e+00 -1.060634e+01 -1.478096e+00 -2.357134e+01 -6.334310e+00 4.282545e+00 1.185460e+01 -2.860200e+00 -4.799039e+00 -8.183045e+00 3.254388e+00 9.533975e+00
7.520592e+00 -1.314088e+01 8.152723e-02 -2.281040e+01 -1.063132e+00 8.053754e+00 6.767525e+00 -1.944841e+00 -2.200110e+00 -4.199629e+00 -2.719584e+00 5.771031e+00
7.723609e+00 -1.488747e+01 -4.084481e-01 -2.188586e+01 2.470823e+00 6.896552e+00 4.740251e+00 -3.342734e+00 -2.842202e+00 -4.689941e+00 3.112728e+00 4.994266e+00
8.259002e+00 -1.199685e+01 -1.933891e+00 -2.266853e+01 -2.762610e+00 8.480743e+00 1.077802e+01 -4.203041e+00 -5.429601e+00 -6.351158e+00 -7.641180e-01 7.803205e+00
7.607804e+00 -1.180635e+01 -1.007664e+00 -2.248474e+01 -3.647386e+00 9.381622e+00 8.301989e+00 -1.208181e+00 -5.084345e+00 -4.725231e+00 -2.198364e+00 6.385999e+00
1.035184e+01 -8.475145e+00 -1.243788e+00 -2.103160e+01 -7.464685e+00 1.053835e+00 1.277521e+01 -1.713541e+00 -3.831363e+00 -7.343424e+00 4.752559e+00 9.504700e+00
7.694759e+00 -1.148430e+01 -1.470319e+00 -2.261992e+01 -4.477801e+00 9.719168e+00 1.032430e+01 -3.175040e+00 -5.274914e+00 -7.226288e+00 -5.533897e-01 5.597770e+00
8.148355e+00 -1.543098e+01 1.738127e-01 -2.231929e+01 4.366718e+00 4.476236e+00 6.063250e+00 -4.883733e+00 -3.097098e+00 -3.480416e+00 8.679045e-01 5.458786e+00
1.136601e+01 -9.084200e+00 -9.054261e-01 -2.086243e+01 -6.731559e+00 -1.371008e+00 1.427620e+01 -2.901747e+00 -3.069803e+00 -9.743700e+00 6.012998e+00 7.486543e+00
8.023236e+00 -1.506416e+01 -1.543775e-01 -2.095511e+01 4.920650e+00 2.322613e+00 5.450063e+00 -3.726048e+00 -2.242921e+00 -3.979347e+00 2.916859e-01 4.861175e+00
7.548974e+00 -1.549801e+01 4.080506e-01 -1.980089e+01 6.330346e+00 5.568483e-01 3.709471e+00 -2.288532e+00 -1.111390e+00 -4.281505e+00 -7.853717e-03 3.182989e+00
6.875052e+00 -1.383483e+01 -7.424686e-01 -1.622570e+01 3.461649e+00 1.833933e+00 -4.246745e-01 2.034502e+00 7.131262e-01 -5.205919e+00 1.482196e+00 -2.395615e+00
6.022622e+00 -1.298702e+01 -1.140320e+00 -1.514980e+01 3.317606e+00 3.815799e-01 -3.531110e+00 6.221128e+00 1.477344e-01 -6.287816e-01 -3.217663e+00 -1.207798e+00
6.035745e+00 -1.358004e+01 -4.085236e-01 -1.389804e+01 4.033573e+00 -3.457385e+00 -5.601026e+00 8.572437e+00 7.746756e-01 2.264497e+00 -5.464670e+00 -8.226073e-01
6.095510e+00 -1.289499e+01 -4.307795e-02 -1.193318e+01 2.597907e+00 -6.022631e+00 -5.212522e+00 7.803328e+00 2.341939e+00 6.797426e-01 -2.957572e+00 -3.512880e+00
1.424959e+01 -6.355728e+00 -1.198561e+00 -1.941887e+01 -5.231536e+00 3.250566e-01 7.519162e+00 -2.093857e+00 -5.175886e+00 -9.867406e+00 4.488041e+00 7.724905e+00
5.960269e+00 -1.089186e+01 8.442225e-01 -1.161285e+01 2.082119e+00 -8.211991e+00 -5.258623e+00 9.567424e+00 1.343558e+00 2.132133e+00 -3.990424e+00 -2.676428e+00
5.445908e+00 -9.626558e+00 1.022437e+00 -7.732299e+00 -2.614022e-01 -1.068626e+01 -5.534616e+00 1.103554e+01 -2.580760e-01 2.678341e+00 -3.045891e+00 -1.278578e+00
5.604787e+00 -9.013740e+00 1.620933e+00 -6.424950e+00 -2.024725e-01 -1.092205e+01 -8.515465e+00 1.116807e+01 -2.937443e-01 3.105213e+00 -2.967676e+00 -1.189893e+00
6.279376e+00 -8.587790e+00 3.560001e+00 -5.954436e+00 1.836944e+00 -1.399925e+01 -7.987988e+00 8.016568e+00 2.420096e+00 7.408667e-01 -1.361551e+00 -6.048818e-01
7.992804e+00 -7.586644e+00 4.156137e+00 -4.355226e+00 1.772555e+00 -1.428114e+01 -8.456352e+00 8.669984e+00 4.896650e-01 1.086414e+00 -2.073706e+00 -1.815164e-01
8.779559e+00 -4.404643e+00 1.460373e+00 2.906765e-01 2.346607e+00 -1.607164e+01 -6.480482e+00 8.024048e+00 -1.404472e+00 1.562127e+00 -4.217328e+00 1.275174e+00
1.166873e+01 4.998724e+00 -3.841247e+00 -1.080832e+01 -6.756530e+00 2.535521e+00 4.097251e+00 5.587401e-01 -5.115413e+00 -8.700002e+00 4.467793e+00 -1.370747e+00
9.907274e+00 -4.218754e+00 4.203058e+00 2.524069e+00 1.089978e-02 -1.502610e+01 -3.982804e+00 4.038359e+00 1.727564e+00 -3.282589e+00 4.936990e-01 -9.953973e-01
1.150067e+01 -5.298767e+00 4.963531e+00 5.808260e+00 -1.163167e+00 -1.141471e+01 -9.792730e+00 7.537225e+00 -2.013356e+00 -1.024778e+00 -1.691560e-01 -1.104198e+00
1.065831e+01 -2.904741e+00 4.268191e+00 7.825831e+00 2.699886e+00 -1.257849e+01 -6.374419e+00 2.390619e+00 -2.017891e+00 4.646180e-01 -1.073069e+00 -1.466241e+00
-1.098197e+01 2.586471e+00 6.102323e+00 6.967268e+00 3.375380e+00 -2.660880e+00 1.891398e+00 -3.906188e+00 -2.613271e+00 4.052744e+00 -3.759624e+00 -4.675474e+00
-7.740547e+00 2.138426e+00 3.959952e+00 2.909691e+00 -1.952971e-01 -9.175701e-01 -1.911326e+00 -9.239780e+00 -7.547477e+00 -3.830108e+00 8.272428e+00 4.333547e+00
-7.667664e+00 4.621365e-01 7.472195e+00 5.287874e+00 1.913453e-01 -1.267004e+00 -6.503944e-01 -5.745242e+00 4.354018e+00 -5.248904e-01 -1.417530e+00 -8.809733e+00
-8.141644e+00 5.194529e-01 6.062647e+00 6.286488e+00 1.235647e+00 -1.392469e+00 -3.788188e+00 -2.014539e+00 2.189214e+00 6.403182e-01 8.996082e-01 -8.486683e+00
1.160241e+01 1.433300e+00 4.015629e+00 7.710370e+00 5.654724e+00 -8.201339e+00 -6.929181e+00 1.659231e+00 9.699657e-01 -1.398717e+00 1.161806e+00 -3.664572e+00
-9.108590e+00 -1.441186e+00 3.248718e+00 6.447266e+00 9.212454e-01 1.719610e+00 -4.330373e-02 -2.906829e+00 2.141248e+00 4.036440e+00 1.955044e+00 -4.688076e+00
-1.172271e+01 2.868465e+00 5.629508e+00 1.148203e+01 5.610545e+00 3.072344e+00 4.171707e+00 -7.677344e-01 3.170591e+00 1.525451e+00 -2.547209e+00 -3.138863e+00
-8.373120e+00 -2.068481e+00 5.868414e+00 9.342512e+00 -2.960972e+00 -1.896616e+00 4.043360e-01 -1.143479e-01 1.646894e+00 3.979280e+00 1.612667e+00 -1.754244e+00
-9.755805e+00 -1.533533e+00 3.394758e+00 4.908834e+00 -9.811120e-01 9.733901e-01 3.845506e+00 -2.189209e+00 1.396762e+00 6.549628e+00 1.296848e+00 -2.986451e+00
-6.849575e+00 -3.477733e+00 6.065994e+00 1.066831e+01 4.960815e-01 1.341216e+00 -1.016021e-02 -1.173746e+00 8.364134e-01 2.611287e+00 8.199089e-01 -5.048254e+00
-4.105842e+00 -7.329812e-01 8.135788e+00 4.757824e+00 -5.504251e+00 -8.405612e-01 -1.674324e+00 -2.323686e+00 1.920291e+00 1.856740e+00 2.530105e+00 -6.598634e+00
-7.044182e+00 -4.183501e+00 1.613805e+00 1.069542e+01 -3.582863e+00 6.880919e-01 1.726856e+00 -2.256918e-01 1.689110e-01 3.397288e+00 -1.284875e+00 -6.542929e+00
-3.900161e+00 -1.658154e+00 1.223871e+00 1.110520e+01 -4.907235e+00 -1.920487e+00 4.017111e+00 3.781647e+00 5.544329e-01 3.998948e+00 3.102921e+00 6.076244e-01
8.945289e+00 5.580295e+00 2.883719e+00 1.464627e+01 1.008408e+01 -2.616544e+00 -2.223027e+00 4.401783e+00 -5.317426e-01 -2.661127e+00 6.210009e-01 -5.208870e+00
-6.377889e+00 6.790565e+00 4.491796e+00 7.208181e+00 4.821476e-01 2.353235e+00 1.199094e+00 6.693044e-01 3.027618e+00 -1.077155e+00 -2.574810e+00 -2.693097e+00
7.913413e-01 2.443671e+00 3.864379e+00 1.839187e+01 8.930898e-02 8.110635e-01 1.997835e+00 7.484631e+00 2.957845e+00 5.211970e+00 6.765092e-01 -2.567545e+00
-1.471689e+00 -2.120082e+00 5.173934e+00 6.592691e+00 4.528301e+00 3.844623e+00 -6.612322e-01 -8.635616e-02 4.079664e+00 1.620543e+00 2.715730e+00 -3.871536e+00
-7.329372e+00 8.781427e+00 3.104742e+00 1.017871e+01 -6.781246e-01 1.768686e+00 -2.334735e-01 -1.857268e+00 -4.413711e+00 -1.787472e+00 -2.509947e+00 -3.317386e+00
-7.720808e+00 8.965926e+00 -8.246123e-01 5.836308e+00 -6.409183e+00 -1.734596e+00 4.287582e+00 -6.376255e-01 -2.801239e-01 -9.803144e-01 6.225863e-01 -9.470505e-02
-6.881433e+00 1.209496e+01 -7.666039e-01 9.128180e+00 -2.111987e+00 1.146487e+00 1.659132e+00 -2.307945e+00 -2.293901e+00 -8.312681e-02 1.223200e+00 -2.326602e-01
-6.195254e+00 5.445297e+00 -7.761580e+00 1.287323e+01 -1.181152e+00 -4.180822e-01 8.376005e+00 -8.035169e-01 7.101704e+00 -5.480997e+00 7.535255e+00 -2.766752e+00
-1.004606e+01 6.643290e+00 -2.247648e+00 1.036402e+01 -2.501837e+00 5.039061e+00 7.301198e+00 8.405080e-01 4.755266e+00 1.106110e+00 1.084482e+00 1.699203e+00
-5.044603e-01 3.659540e+00 -5.863998e+00 -9.928441e-02 -4.951739e+00 -9.775662e-01 -2.204579e+00 7.341914e-01 2.991831e+00 1.931755e+00 -8.679868e+00 -1.353894e+00
-1.160652e+00 3.529387e+00 -4.683261e+00 4.511416e+00 -3.744493e-01 -4.781874e+00 -9.527193e+00 -5.095031e+00 -2.434840e+00 1.356758e+00 -1.319207e+00 8.144554e-01
-1.235415e+00 2.200638e+00 -4.986178e+00 3.548882e+00 -6.942709e-01 -2.987809e+00 -7.204482e+00 -2.652799e+00 1.633717e+00 -6.493139e-02 -5.170494e-01 1.345147e+00
2.532611e-01 4.431480e+00 -2.753637e+00 3.670689e+00 -1.293958e+00 -6.451390e+00 -7.657723e+00 -3.357387e+00 -3.104852e+00 -8.212479e-01 -7.860678e+00 3.373992e-01
-2.890973e+00 3.427105e+00 -5.416054e+00 5.837893e+00 -3.735385e+00 -9.535654e+00 -1.034271e+01 -1.783733e+00 -1.290614e+00 -3.606579e+00 -6.324935e+00 -2.609701e-01
-3.570055e+00 3.630114e+00 -4.029118e+00 4.128471e+00 -1.370794e+00 -2.694392e+00 -4.958290e+00 -2.306308e+00 8.691571e-01 -4.448950e-02 -1.861166e+00 4.237507e+00
-2.658470e+00 4.576976e+00 -2.439738e+00 3.664303e+00 -3.074382e+00 -2.374236e+00 2.685382e-01 -2.726972e-01 1.079950e+00 -1.309330e+00 -5.760834e+00 -5.495649e-01
-5.382988e+00 5.147874e+00 -6.010051e-01 4.811540e+00 5.922213e-01 -3.240582e+00 -4.899682e+00 -9.763643e-01 2.456474e+00 -5.329503e+00 -4.527253e+00 1.126191e+00
-6.687487e+00 3.331188e+00 -1.569926e+00 2.001642e+00 -4.948375e+00 -4.546896e+00 -3.972493e+00 -1.946622e+00 1.943758e+00 -2.467717e-01 -1.453861e+00 2.588150e+00
-7.788177e+00 7.680415e-01 -4.015014e+00 2.210792e+00 -3.798590e+00 -1.334875e+00 7.597201e-01 -7.592700e-01 2.878175e+00 7.674297e+00 5.219194e+00 7.734829e+00
-7.894388e+00 2.392829e+00 -2.681444e+00 1.835435e+00 -1.444216e+00 5.420722e-01 -7.816594e-01 -3.909300e+00 -3.108219e+00 4.387833e+00 4.282105e+00 4.607996e+00
-7.779082e+00 6.262858e+00 1.342772e+00 4.480468e+00 -1.939574e+00 8.703276e-01 -3.620384e+00 -1.965015e-01 5.416771e+00 4.938510e+00 2.937187e+00 7.945323e+00
-7.737884e+00 5.653569e+00 -1.155545e-01 9.241241e+00 -1.103935e+00 2.697556e+00 5.053652e+00 1.322639e+00 3.200254e+00 1.711793e+00 -8.754326e-01 7.547438e-02
-5.301153e+00 6.504354e+00 -2.513383e+00 4.158607e+00 -1.959225e+00 1.601568e+00 6.277799e+00 1.390394e+00 2.922750e+00 1.543227e+00 -1.548525e+00 -1.879416e+00
-5.113505e+00 1.683110e+00 -4.618235e+00 7.273589e+00 -1.370437e+00 -4.542275e+00 7.624668e+00 3.757498e-01 -1.291319e+00 -6.250154e+00 1.440268e-01 1.594108e+00
3.126965e+00 -1.178441e+00 3.068935e+00 8.378183e+00 3.770830e+00 3.498710e+00 -3.987070e+00 -3.567034e+00 -8.325582e-01 5.382867e-01 1.468187e+00 -3.339977e+00
2.335760e+00 -1.101717e+00 -4.603251e+00 4.568217e+00 1.347651e+00 6.864722e-01 -4.527758e+00 2.761110e+00 3.008890e+00 1.410878e+00 1.012099e+00 -4.553605e-01
1.402555e+00 -3.115577e+00 -9.066630e+00 4.548582e+00 5.078680e+00 1.570434e+00 -8.154578e+00 1.065101e+00 5.194591e+00 3.307928e+00 1.603740e+00 3.360482e+00
1.596252e+00 -1.379305e+00 -8.909499e+00 3.630281e+00 3.248571e+00 -1.805344e+00 -3.160995e+00 7.600178e+00 2.983884e+00 -2.179095e+00 -4.386239e+00 -1.855934e+00
3.151191e+00 3.068586e+00 -7.709676e+00 3.736163e+00 4.634099e+00 1.076548e+00 -2.749447e+00 1.482121e+00 5.569412e+00 -1.304097e+00 -5.919146e+00 -3.499010e+00
3.580473e+00 3.762241e+00 -5.983604e+00 6.277607e+00 5.089806e+00 1.265095e+00 -4.581687e-01 2.322777e+00 5.349549e+00 6.646371e+00 4.537071e+00 -4.281914e+00
2.836846e+00 4.363851e+00 -7.944111e+00 4.031733e+00 3.073694e+00 1.823213e+00 -5.232709e+00 -1.675174e+00 1.879069e+00 9.989416e+00 -5.469522e-01 -2.827276e+00
2.693381e+00 5.995669e+00 -7.776443e+00 3.814292e+00 3.594253e+00 -1.557188e+00 -6.840444e+00 -1.109646e+00 1.836989e-01 2.318749e+00 -5.598323e-01 -2.308174e+00
2.113021e+00 9.784926e+00 -1.455011e+00 7.024836e+00 4.642138e+00 4.636241e+00 4.719269e-01 3.241180e+00 4.759223e+00 3.050913e-01 -9.410219e-01 -1.176204e+00
2.193686e+00 9.236535e+00 -9.910781e-01 4.962271e+00 4.274509e+00 2.738550e+00 8.104305e-01 -1.791946e+00 -2.327635e+00 1.635566e+00 -3.359948e-01 -1.647045e+00
2.656765e+00 1.044784e+01 -8.371974e-01 4.613437e+00 1.516388e+00 4.766299e+00 2.343604e+00 -3.475294e+00 -2.650597e-01 2.620923e+00 1.661659e+00 -2.310499e+00
-3.666029e-01 8.806335e+00 -4.389404e-01 5.098154e+00 1.877707e+00 5.307967e+00 1.217712e+00 2.075623e+00 -2.342866e+00 -3.409695e+00 -1.602589e+00 -4.115885e+00
-1.566855e+00 5.924129e+00 -9.424227e-01 3.765364e+00 -9.633709e-01 5.165648e+00 -9.605906e-01 -1.280038e+00 3.493208e+00 -3.216738e-01 -2.468571e+00 -2.702143e+00
-3.192626e+00 9.633776e-01 -2.023055e+00 5.717592e+00 2.025191e+00 3.418697e-01 -6.502307e+00 -4.040462e+00 1.063440e+00 3.349504e+00 7.164798e+00 -4.376079e+00
-1.504392e+00 9.020854e+00 1.291935e+00 4.066271e+00 2.731613e+00 5.258297e+00 -7.672229e-01 -4.090875e+00 -2.343703e+00 3.649396e+00 -3.584155e-01 -6.582246e+00
-3.581582e+00 9.146735e+00 2.348215e+00 4.439688e+00 1.312780e+00 4.015817e+00 6.767728e-01 -1.021887e+00 -1.824627e-01 2.280136e+00 -9.797220e-01 -2.543377e+00
-2.516043e+00 1.143346e+01 7.724504e+00 7.418916e+00 1.754307e+00 5.530066e+00 1.865197e+00 -6.095746e+00 -1.803221e+00 1.928723e+00 3.512762e+00 4.281199e+00
-3.423011e+00 1.062052e+01 3.052583e+00 6.555327e+00 2.330141e+00 4.806703e+00 -2.843410e+00 -1.617528e+00 3.225861e+00 -2.733461e+00 -3.468202e-01 1.770726e+00
-4.437101e+00 1.002446e+01 2.081622e+00 8.030512e+00 9.824643e-01 5.673833e+00 1.272335e+00 -1.307992e+00 -6.677936e-01 6.610282e+00 2.861814e+00 -1.542405e+00
-5.672572e+00 1.045741e+01 -2.014041e-03 2.120661e+00 -1.146591e+00 5.650357e+00 3.389683e-01 -1.642716e+00 -5.242434e+00 4.201658e-01 -1.968931e+00 -7.005052e+00
-5.256680e+00 8.375557e+00 -1.292699e+00 -8.545971e-02 -5.144627e+00 1.078743e+00 -1.452896e+00 2.772655e-01 1.321950e+00 1.295846e+00 5.699244e-01 -3.457983e+00
-5.630825e+00 7.024543e+00 2.589706e-01 5.207924e+00 -1.617608e+00 4.602944e+00 4.896374e-01 -9.344381e-01 1.582346e-01 4.737114e+00 1.303284e+00 5.845047e+00
-6.517307e+00 8.884381e+00 1.007703e+00 6.985402e+00 -9.202471e-01 6.185677e+00 -1.444386e+00 4.068656e-01 -2.554685e+00 7.637807e+00 1.505419e+00 2.248942e+00
-6.289087e+00 6.672711e+00 2.129010e+00 6.706123e+00 -3.175045e+00 1.920500e+00 -5.249882e-01 -1.617265e+00 5.918841e-01 4.234348e+00 1.181604e-01 -2.134657e+00
-5.352951e+00 6.970055e+00 -2.313029e+00 4.294829e+00 -2.037276e+00 2.909329e+00 4.490686e+00 7.632959e-01 -9.824387e-01 2.728473e+00 -7.210628e-01 6.699661e-01
-6.617078e+00 6.324497e+00 1.998686e+00 5.412718e+00 1.701107e+00 5.196307e+00 4.034414e+00 -1.802079e+00 3.798462e+00 1.299942e+00 2.980852e+00 3.324008e+00
-6.550566e+00 7.060110e+00 2.239456e+00 4.245961e+00 -1.266253e+00 4.249877e+00 -2.249336e-01 -1.727573e+00 -9.832257e-01 -6.759109e-01 1.959274e+00 1.500212e+00
-6.368432e+00 6.537527e+00 2.326949e+00 2.373295e+00 -1.730624e+00 1.743704e+00 -1.023789e+00 -1.420951e+00 -5.353345e+00 3.203505e-01 1.489831e+00 2.732729e+00
