9.240186e+00 -1.566369e+01 -2.353992e+00 -1.227199e+01 1.788764e+00 1.154451e+01 -7.677394e+00 -5.705539e+00 4.142775e+00 -1.885088e+00 -1.606957e-01 -1.911092e+00
1.121327e+01 -1.511672e+01 -3.773190e+00 -1.366895e+01 1.551211e+00 1.414359e+01 -8.836207e+00 -5.943404e+00 4.394187e+00 -2.033622e+00 -4.348836e-02 -2.318443e+00
9.834782e+00 -1.568514e+01 -2.135437e+00 -1.119628e+01 1.651158e+00 8.952362e+00 -7.901983e+00 -4.647531e+00 5.849719e+00 -3.431870e+00 3.009062e+00 -6.442272e+00
1.172613e+01 -1.440634e+01 -3.184381e+00 -1.706307e+01 5.495504e+00 1.145440e+01 -6.631971e+00 -8.915267e+00 5.967101e+00 -3.110445e+00 1.611141e+00 -5.064061e+00
8.745311e+00 -1.405904e+01 -2.107929e+00 -8.384802e+00 -2.287964e+00 9.717040e+00 -1.186216e+01 -2.543970e-01 5.525183e+00 -3.170844e+00 3.405436e+00 -7.533919e+00
1.157612e+01 -1.402075e+01 -2.630814e+00 -1.809668e+01 6.262413e+00 1.162424e+01 -7.459711e+00 -7.950743e+00 3.150518e+00 -1.193017e+00 2.177597e+00 -4.489912e+00
1.197270e+01 -1.371670e+01 -2.970084e+00 -1.721269e+01 5.214224e+00 1.288889e+01 -8.345836e+00 -9.308246e+00 5.097554e+00 -1.237743e+00 -3.003836e-01 -2.509052e+00
8.172448e+00 -1.230106e+01 -3.443805e+00 -3.949038e+00 -4.635089e+00 4.001994e+00 -1.061031e+01 3.028287e+00 1.239357e+00 2.816342e+00 -2.179650e+00 -1.210391e+00
1.202819e+01 -1.366671e+01 -2.894022e+00 -1.530509e+01 3.510747e+00 1.267649e+01 -8.189719e+00 -9.807293e+00 5.041696e+00 -9.901634e-01 -1.161220e+00 -1.332664e+00
1.199632e+01 -1.358946e+01 -2.012604e+00 -1.502720e+01 3.455879e+00 1.211278e+01 -9.645898e+00 -7.892883e+00 4.082124e+00 -1.405172e+00 -3.102775e-01 -2.054087e+00
9.584689e+00 -1.157905e+01 -2.845465e+00 -1.296716e+00 -5.531512e+00 4.365742e+00 -1.594960e+01 1.477814e+00 7.295000e+00 -7.008734e+00 4.018967e+00 -1.665144e+00
1.009914e+01 -1.079795e+01 -4.831130e+00 -1.094705e+01 2.822168e+00 9.337437e+00 -7.778478e+00 -1.020942e+01 5.701027e+00 -5.571216e-01 -2.471810e+00 -2.202815e-01
1.010799e+01 -1.175044e+01 -3.069219e+00 -8.395900e+00 1.808492e+00 6.528220e+00 -1.267654e+01 -2.183126e+00 3.629970e+00 -4.119879e-01 -9.861588e-01 -3.198346e+00
1.128661e+01 -1.209196e+01 -4.305634e+00 -6.524707e+00 -6.033565e-01 6.806434e+00 -8.104363e+00 -5.438450e+00 2.697075e+00 -2.678515e-01 -3.939357e-01 -3.315208e+00
8.707481e+00 -1.031251e+01 -2.878233e+00 -6.731232e+00 2.724895e+00 9.659855e-01 -1.037605e+01 3.345740e-02 3.214811e+00 6.430616e-01 -4.140863e+00 -8.278775e-02
7.957783e+00 -1.104702e+01 5.130742e-01 -6.942451e+00 2.072690e+00 -3.045768e+00 -8.673938e+00 4.116273e-01 4.792491e+00 -1.465386e+00 -2.757842e+00 -2.346230e+00
6.948210e+00 -1.107271e+01 3.373990e+00 -7.574001e+00 9.203820e-01 -4.892884e+00 -9.940301e+00 4.817989e+00 1.904202e+00 4.013730e-01 -3.016487e+00 8.996594e-02
6.480369e+00 -1.114009e+01 6.781384e+00 -8.728336e+00 -6.369286e-01 -6.244230e+00 -9.995080e+00 8.262753e+00 -2.308960e+00 3.351407e-01 -1.754047e+00 1.300954e+00
5.860340e+00 -1.041357e+01 7.708155e+00 -8.385587e+00 -1.454565e+00 -7.282683e+00 -8.551025e+00 1.071702e+01 -5.098663e+00 -1.546165e+00 1.677432e+00 2.221817e-01
4.924308e+00 -8.798616e+00 9.077921e+00 -8.418004e+00 -3.145749e+00 -7.292995e+00 -6.785746e+00 9.623926e+00 -6.780492e+00 -3.526138e+00 5.298187e+00 1.014261e-01
3.293243e+00 -5.824314e+00 9.362083e+00 -6.965054e+00 -5.494521e+00 -7.258497e+00 -5.418023e+00 9.864571e+00 -1.021206e+01 -2.511774e+00 5.463648e+00 1.495834e+00
8.369488e+00 -5.441613e+00 -7.358110e-01 3.111085e+00 -3.628803e+00 3.255560e+00 -1.572303e+01 -2.296585e+00 2.770152e+00 -9.468735e+00 5.456463e+00 -3.538179e+00
4.329392e+00 -4.805357e+00 9.936413e+00 -6.963925e+00 -3.197488e+00 -8.936433e+00 -4.320041e+00 9.637424e+00 -1.105406e+01 -3.868140e+00 6.420856e+00 4.146574e-01
1.130739e+01 -2.795264e+00 7.046059e+00 6.339375e+00 -2.262114e+00 -8.559372e+00 -8.713384e-01 -3.965497e+00 -4.083563e+00 -8.161569e+00 9.089676e-01 1.891134e+00
4.146509e+00 -1.827401e+00 7.182928e+00 -3.572501e+00 -1.861017e+00 -8.525334e+00 -6.303523e+00 9.811304e+00 -1.074321e+01 -5.679311e+00 4.599071e+00 4.062462e+00
1.169121e+01 -2.675557e+00 8.233702e+00 6.239944e+00 -4.704182e+00 -8.362670e+00 8.337102e-01 -3.760580e+00 -5.809056e+00 -8.306948e+00 1.113087e+00 4.858257e+00
1.092885e+01 -2.648325e+00 9.325664e+00 5.079345e+00 -3.996539e+00 -1.242256e+01 6.708818e+00 -6.737228e+00 -5.281877e+00 -6.794346e+00 -1.035551e+00 8.615296e+00
6.563609e+00 -1.453165e+00 4.259404e+00 1.403095e+00 8.320889e+00 -1.459304e+01 5.344391e-02 5.487033e+00 -1.013199e+01 -3.628230e+00 -5.125965e-01 2.077690e+00
6.793362e+00 -1.166968e+00 6.620705e+00 3.221893e+00 7.763083e+00 -1.731994e+01 8.382502e+00 -1.880026e+00 -1.107630e+01 -1.975656e+00 -9.820076e-01 -5.478311e-01
7.074095e+00 9.077336e-01 6.646719e+00 1.950321e+00 7.159011e+00 -1.515658e+01 8.519909e+00 -1.015225e+00 -1.188983e+01 -1.306513e+00 -9.940288e-01 -1.775344e+00
1.281284e+01 -6.934286e-01 6.846523e+00 7.564375e+00 -5.454496e+00 -9.835280e+00 8.609532e+00 -5.018464e+00 -4.567778e+00 -3.969228e+00 1.047081e-01 9.128804e+00
8.200456e+00 5.476922e-01 7.574724e+00 3.487114e+00 6.664421e+00 -1.485938e+01 8.718097e+00 -1.492940e+00 -1.128621e+01 -8.477339e-01 -2.346712e+00 -2.328127e+00
8.823074e+00 1.346276e+00 6.681666e+00 5.065053e+00 6.660154e+00 -1.362579e+01 8.856445e+00 -9.798822e-01 -1.168337e+01 -1.912123e+00 -1.109934e+00 -3.396091e+00
1.010372e+01 3.062971e+00 3.621929e+00 8.572577e+00 4.698040e+00 -1.114286e+01 9.495718e+00 -3.697282e-01 -1.265665e+01 4.350665e-01 -1.238609e+00 -5.969482e+00
8.588618e+00 2.604215e+00 5.492914e+00 1.080134e+01 9.059889e+00 -1.604096e+01 1.478039e+01 -4.102203e-01 -1.293795e+01 2.104107e+00 -2.767383e+00 -6.142091e+00
7.851694e+00 5.907100e+00 6.057154e+00 1.324701e+01 2.741592e+00 -6.084277e+00 1.052589e+01 -2.146538e+00 -6.965534e+00 5.241244e+00 2.421312e-01 -9.381477e+00
-3.699263e+00 -1.984703e+00 3.991028e+00 4.306585e+00 -1.152648e+00 1.840967e+01 -3.416172e+00 -2.834343e-01 6.923002e+00 2.805322e+00 -5.961808e+00 1.281257e+00
5.418806e+00 9.036842e+00 8.114523e+00 1.565169e+01 -1.701658e+00 -3.418641e+00 1.216050e+01 1.064687e+00 -6.680179e+00 -6.128271e+00 2.799864e+00 3.320883e+00
5.263580e+00 6.167306e+00 5.147503e+00 1.474628e+01 5.652873e+00 1.564726e+00 1.467778e+01 -1.312636e+00 -6.506677e+00 -1.005434e+00 -4.140329e+00 -3.576498e+00
-4.955318e+00 5.236233e-01 1.704809e+00 6.086169e+00 -2.382137e+00 -2.844807e+00 -2.865413e+00 3.771857e+00 8.217519e+00 -1.620308e+00 -5.661824e+00 -7.404660e+00
5.606818e-01 4.315327e+00 8.334067e+00 1.603923e+01 2.151271e+00 1.078203e+00 1.545785e+01 3.422384e+00 -5.202135e+00 -1.342066e+00 -6.495554e+00 -7.233730e+00
-4.733405e+00 -4.817439e-01 -1.408975e+00 5.216166e+00 -1.009801e+00 -1.993601e+00 -2.285591e+00 9.635324e+00 1.441872e+01 5.064001e+00 -1.979454e+00 -4.079777e+00
-3.284299e+00 4.590068e+00 6.384773e+00 5.632582e+00 1.320501e+00 1.251976e+01 3.926819e+00 -2.534874e+00 6.399102e+00 1.073030e+00 -2.642553e+00 8.274292e-01
9.274092e-01 7.317336e-01 -3.321667e-01 3.993206e+00 4.967951e-01 3.090185e+00 -4.179567e+00 -1.734203e+00 1.020674e+01 -1.331157e+00 -4.238208e+00 -6.041443e-01
-3.225488e+00 5.970218e+00 6.629673e+00 1.117783e+01 2.312179e+00 2.802880e+00 1.077104e+01 2.062963e+00 -1.840648e+00 -6.459070e-01 5.008995e+00 2.056527e-01
-2.605797e+00 8.287673e+00 4.545322e+00 9.657869e+00 3.466491e+00 4.785322e+00 5.588687e+00 7.083951e+00 1.749566e-01 -1.913503e+00 -1.163224e+00 -5.108509e+00
-3.189433e+00 6.254349e+00 3.203117e+00 7.595202e+00 5.669258e-01 5.012936e+00 8.056710e+00 -3.255962e+00 3.116746e+00 2.759405e-01 1.149357e+00 -2.004036e+00
-2.755777e+00 4.340403e+00 3.621064e+00 1.056166e+01 -2.693661e-01 1.176394e+00 1.436536e+01 6.592789e+00 -2.691846e+00 -1.737895e+00 2.697383e+00 1.049899e-01
-2.457781e-01 -6.212937e-01 -5.406754e+00 6.900108e+00 3.871550e+00 -3.563635e+00 -5.196996e+00 5.261238e+00 1.106500e+01 2.998481e+00 -9.635198e-02 2.470753e+00
-5.142474e+00 3.377786e+00 7.426302e+00 -1.334112e+00 -3.499451e+00 3.471367e+00 2.498190e+00 2.027512e+00 -5.857030e+00 -3.788987e+00 3.697892e+00 -2.467882e+00
-4.123744e+00 4.021220e+00 6.673386e-01 3.634571e+00 -3.129515e+00 -2.092531e+00 6.604579e+00 -1.276569e-01 -4.518811e-01 -2.145216e+00 5.252621e-01 -3.531319e+00
-8.244848e-01 1.674227e+00 -4.247715e+00 2.203013e+00 -2.627392e-01 -6.324405e+00 -9.176533e+00 7.319888e+00 9.431785e+00 5.877511e+00 -2.252048e+00 -3.998993e+00
1.676569e+00 4.076072e+00 -3.406479e+00 4.382220e+00 4.561749e+00 -1.309068e+00 -5.954804e+00 7.799935e-01 4.433291e+00 1.064603e+00 -4.519430e+00 1.000777e+00
-3.028633e+00 8.834581e+00 3.284100e+00 5.336762e+00 3.253496e+00 4.436740e+00 6.370801e+00 3.807176e+00 -1.134793e+00 -1.938968e+00 1.125373e+00 -4.052604e+00
-1.105338e+00 8.580261e+00 6.825061e+00 1.214795e+01 -1.434642e+00 -4.316276e+00 9.150171e+00 6.899515e+00 -8.594939e-01 -3.466048e+00 2.296734e+00 3.811908e+00
-1.294311e+01 4.924846e+00 1.915346e+00 1.030892e+00 -6.064307e+00 1.195777e+01 6.850021e+00 -2.211596e+00 1.810037e+00 3.935298e-01 1.225570e+00 6.942593e+00
-1.887500e+00 1.249404e+00 -8.248100e+00 2.695780e+00 1.581925e+00 -3.262347e+00 -6.750861e+00 5.946678e+00 1.676820e-01 -1.679706e+00 -1.714339e+00 -1.149224e+00
-6.307091e+00 1.852292e-01 1.954065e+00 2.067158e+00 -2.843602e+00 1.677547e+00 4.341050e+00 7.865828e+00 -2.109474e+00 -4.405385e+00 -2.385313e+00 -8.141519e+00
-1.694212e+00 -6.167899e-01 -1.243797e+01 -2.026811e+00 -7.555308e-01 -2.221644e+00 -5.927274e+00 4.660079e+00 7.965790e+00 -1.004570e+00 -7.101370e+00 -4.958247e+00
-9.611169e+00 3.428926e+00 -4.886841e+00 -3.211254e+00 -1.382262e+00 6.468902e-01 3.708549e+00 1.539515e+00 4.502154e+00 3.621147e+00 5.992201e+00 6.052059e+00
-1.093950e+01 4.218846e+00 -3.773815e+00 -1.081116e+00 -2.151225e+00 1.163340e+00 6.190744e+00 5.939901e-02 1.127566e+00 3.478012e+00 9.647611e+00 7.928324e+00
-9.781084e+00 3.843403e+00 -3.386174e+00 -1.499073e+00 -1.138012e+00 3.115964e+00 6.984052e+00 -2.197053e+00 1.475852e+00 3.542853e+00 5.201709e+00 4.813143e+00
-9.224056e+00 6.424920e+00 2.638051e+00 1.966938e+00 -1.561975e+00 3.953933e+00 8.004161e+00 9.311202e-01 1.570695e+00 6.356912e+00 5.800277e+00 5.837971e+00
-1.090439e+01 4.903537e+00 -1.710332e+00 -2.856072e+00 -3.445362e-01 2.501841e+00 1.291387e+00 -1.809055e-01 1.250001e+00 5.295618e+00 4.721597e+00 5.554953e+00
-1.181167e+01 3.762799e+00 -2.701409e+00 -5.166911e-01 -7.331035e-02 2.426163e+00 -1.001481e+00 -4.148683e+00 9.132057e-01 7.697562e+00 7.966257e+00 7.541521e+00
-1.204786e+01 1.555721e+00 -3.954093e+00 -1.681456e+00 -4.296407e-01 4.091413e-01 -1.910371e+00 -5.873687e+00 1.651761e+00 7.041417e+00 6.715706e+00 8.698284e+00
-1.185205e+01 2.451034e+00 -2.254768e+00 -2.077738e+00 -2.662436e+00 -1.992011e-02 2.540699e+00 -2.244908e+00 -1.730905e+00 9.524941e-01 4.136683e+00 5.306093e+00
-1.187689e+01 6.614244e-02 -5.734273e+00 -2.168875e+00 -3.852358e+00 -4.537125e+00 3.068746e+00 -4.725593e+00 1.155944e+00 1.650880e+00 8.589431e-01 3.498858e+00
-1.043644e+01 3.442150e+00 -4.954494e+00 -2.431806e+00 4.024488e-01 -1.538448e-01 3.463219e+00 -5.837948e+00 -2.476945e-01 6.739218e+00 5.065394e+00 2.589062e+00
-1.030491e+01 3.345503e+00 -4.135736e+00 -5.181669e-01 -2.065269e+00 -9.041946e-01 3.740530e+00 3.945765e-01 -7.881694e-01 3.789943e+00 4.387107e+00 3.427289e+00
-1.161270e+01 3.784886e+00 -5.980730e+00 -5.815046e+00 -7.180701e+00 2.012229e+00 9.772687e-01 -3.863031e+00 -1.331858e+00 4.010405e+00 5.441439e+00 3.363602e+00
-1.073702e+01 3.004710e+00 -5.038994e+00 -3.444302e+00 -2.342837e+00 6.329389e-01 2.171927e+00 -1.100737e+00 -2.534003e-01 3.517458e+00 3.031876e+00 1.865809e+00
-9.241185e+00 4.931826e+00 -1.012831e+00 -4.908566e-01 -3.783445e+00 5.932007e-01 6.371536e-01 -4.824119e+00 -2.071829e+00 -9.180592e-01 -2.295607e+00 -3.097722e+00
-5.223521e+00 7.967115e+00 -1.304510e+00 4.424479e+00 -3.918859e+00 -2.037837e+00 3.550682e+00 1.262091e+00 -7.094017e+00 -4.476449e+00 -3.585914e+00 -1.844186e+00
-4.494952e+00 4.443077e+00 -4.764405e+00 2.681483e+00 -3.932613e+00 2.906985e-01 4.367724e+00 1.347752e+00 -1.214126e+00 -1.802931e+00 -3.866637e+00 -4.523603e+00
-1.394664e+00 2.517360e+00 -5.695228e+00 -1.781126e+00 -3.906687e-01 -1.745829e+00 -1.471060e+00 4.841223e+00 2.320678e+00 -4.078485e+00 -6.968500e+00 9.289554e-01
-3.299946e+00 3.379350e+00 -5.763255e+00 -4.609419e-01 -4.647337e+00 -5.904126e+00 -6.482034e-01 8.516415e+00 9.626431e+00 5.991134e+00 3.094238e+00 5.337074e+00
-3.357853e+00 5.814544e+00 -2.399288e+00 1.111423e+00 -1.721816e+00 -2.818430e+00 1.707530e+00 3.367178e+00 -4.745715e-01 -2.043243e+00 -4.294697e+00 2.141747e+00
-3.454854e+00 4.451853e+00 -6.995588e+00 7.955470e-01 -1.187828e+00 -1.428557e+00 -2.602932e+00 3.672504e+00 -1.103689e-01 -1.981237e+00 -6.575848e+00 3.888937e+00
-1.855024e+00 4.401497e+00 -5.811922e+00 -2.279830e-01 1.823799e-01 -5.972435e+00 -5.716270e+00 1.055792e+00 6.244684e+00 1.379920e+00 -5.301029e+00 -2.273204e+00
-3.436603e+00 4.963388e+00 -7.328908e+00 -2.353616e+00 -3.474843e+00 -1.103199e+00 -3.049083e+00 2.017979e+00 6.292505e+00 9.729715e-01 -5.889550e+00 -2.202181e+00
-4.589548e+00 6.373264e+00 -3.467811e+00 2.856871e+00 -2.052275e+00 5.932713e-01 -2.342192e+00 -8.338162e-01 3.426581e+00 9.418795e-01 -7.932637e+00 -5.239877e+00
-3.567674e+00 6.994719e+00 -3.569316e+00 2.278279e+00 -8.197138e-02 3.737432e+00 2.353332e+00 3.220829e+00 2.607643e+00 3.770418e+00 -7.479346e+00 -7.685273e+00
-5.308749e+00 6.881326e+00 -4.882048e+00 1.193163e+00 1.323717e+00 1.498814e-01 1.752735e+00 -1.546373e+00 2.844440e+00 -7.519668e-01 -5.448234e+00 -8.035506e-01
-6.904164e+00 4.825627e+00 -4.547610e+00 -1.258659e+00 -4.536652e+00 -2.058973e+00 -1.777386e+00 -3.969758e+00 3.818345e+00 3.478293e+00 -3.741944e+00 1.651931e+00
-6.408325e+00 5.903139e+00 -2.097567e+00 -2.060197e+00 -4.565092e+00 -1.972608e+00 -7.960520e-01 -2.882569e+00 1.012517e+00 5.836982e+00 -2.716663e+00 -2.976338e+00
-7.590375e+00 5.782648e+00 -2.339886e+00 -5.834694e-01 -2.621118e+00 6.180260e+00 3.791910e+00 -4.606122e+00 -1.802778e+00 1.248456e+00 -1.092697e+00 1.414588e+00
-6.895359e+00 8.629508e+00 -1.170118e+00 -5.296428e-01 6.821833e-01 4.900746e+00 1.713619e-01 -4.483082e+00 -1.278865e+00 -3.135196e-01 -2.122050e+00 2.876918e+00
-7.577129e+00 6.003557e+00 -3.408055e+00 2.649196e+00 4.234361e+00 3.266957e+00 2.064836e+00 -2.068912e+00 3.536274e-01 3.070246e+00 1.052639e+00 3.645973e+00
-5.496775e+00 8.655280e+00 -8.769544e-01 2.806875e+00 2.151285e+00 4.507503e+00 4.542357e+00 -2.156176e+00 -6.417335e-01 1.679722e+00 9.300256e-01 6.928341e+00
-7.483231e+00 7.294317e+00 -2.153580e+00 3.875490e+00 -2.340132e+00 -4.019095e+00 1.267213e+00 -6.231132e+00 -2.178831e+00 6.375858e+00 1.457438e+00 4.672773e+00
-6.889769e+00 7.759815e+00 -2.596197e+00 5.647329e+00 2.534197e+00 3.283446e+00 1.638091e+00 2.105963e+00 9.374803e-01 6.496132e+00 5.358157e+00 6.487855e+00
-7.782723e+00 6.053808e+00 -4.854731e+00 9.701972e-01 -1.658767e+00 1.487791e+00 4.116502e+00 -1.081814e+00 -2.546491e+00 4.382794e+00 2.337353e+00 3.841764e+00
-6.718099e+00 7.386919e+00 -3.584392e-01 1.332966e+00 1.599047e+00 3.580936e+00 2.822038e+00 -5.582416e-02 -3.074072e+00 2.662423e+00 2.688585e-01 1.142778e+00
-7.325541e+00 7.101758e+00 -1.159446e+00 2.294607e+00 4.806717e+00 5.710915e+00 2.467736e+00 -1.005594e+00 7.839861e-01 4.681064e+00 8.281403e-01 2.068082e+00
