1.310496e+00 -5.776443e+00 -1.697183e-03 2.992696e+00 1.465993e+00 5.797695e-01 1.653060e-01 -4.578971e+00 3.336240e+00 7.001113e-01 -2.364862e+00 -1.632819e+00
2.203064e+00 -3.956692e+00 -3.711768e-01 -8.311373e-01 -9.951431e-02 5.018507e-01 4.540863e-01 -6.450265e+00 4.015749e+00 6.909468e-01 -1.661485e+00 1.022048e+00
2.667690e+00 6.612730e-02 -2.431641e+00 -2.515264e-01 -1.381392e+00 -1.754719e+00 3.696526e-01 -1.264214e-01 6.382626e-01 -1.065533e+00 5.857738e-01 -1.954824e-01
-3.227918e+00 -1.554145e+00 2.891353e-01 -1.085230e+00 5.689223e-01 1.042577e+00 3.835950e-01 -9.449477e-01 -1.273905e+00 4.218178e-02 1.397392e+00 1.006433e+00
3.157188e-01 -1.680693e+00 -1.929631e+00 2.036174e-01 -1.549425e+00 -2.821827e-03 -1.882329e+00 8.611797e-01 3.816750e-01 -2.535028e-02 1.973406e-01 3.004958e-01
3.305069e+00 -3.620647e-01 1.686534e+00 -1.256216e+00 -7.024436e+00 -5.617846e-01 1.634001e+00 -1.845402e+00 1.688023e+00 1.273537e+00 1.958308e-01 -1.219061e+00
5.981737e-01 3.442280e-01 -4.966575e-01 1.095426e-01 -2.825604e-01 -1.141472e+00 1.362037e+00 -1.546999e+00 -3.908417e-01 -1.365641e+00 1.895924e+00 2.948993e-01
1.560604e+00 -6.607470e-01 -2.561122e+00 1.974223e-01 -1.471478e+00 -1.410305e+00 -1.183340e+00 -4.405304e-01 1.438035e+00 -3.322919e-01 5.699994e-01 1.005630e+00
5.947481e+00 1.439781e+00 2.985851e+00 -2.190139e+00 -5.888501e+00 -6.563184e-01 2.965824e+00 -1.465209e+00 1.407753e+00 1.244240e+00 6.623441e-01 -2.504268e+00
-5.176306e-02 -2.707427e+00 2.998462e-01 4.887342e+00 1.939874e+00 -2.374886e+00 -1.710016e+00 -3.441484e+00 -3.425044e-01 9.128824e-01 -2.447011e+00 -3.921684e+00
1.409744e+00 -2.764513e+00 -1.876555e+00 -2.056399e+00 4.378649e-01 1.357488e+00 -1.484695e-01 -4.679108e+00 2.370283e+00 1.051895e+00 -9.349702e-01 2.122760e+00
-4.948381e+00 -1.198394e+00 5.306270e-01 -8.061646e-01 -3.760828e-01 6.204169e-01 -2.865397e-01 -1.920996e+00 -1.742518e-01 -5.371257e-01 4.231962e-01 8.854210e-01
-2.336163e+00 -5.034580e-01 -7.344756e-01 1.360120e+00 7.027658e-01 2.119453e-01 -1.344278e+00 6.990137e-02 1.184883e+00 2.020233e-01 -1.499207e+00 -1.671378e+00
7.950877e+00 2.716448e+00 3.037141e+00 -3.487066e+00 -3.564372e+00 -5.381405e-01 2.842175e+00 -3.132354e-01 -9.474770e-01 -1.002174e+00 5.487841e-01 -2.330524e+00
-4.875566e+00 -6.172025e-01 2.386158e-01 1.173534e+00 2.654539e-01 -4.396733e-01 -1.405680e+00 -1.770421e+00 1.002410e+00 1.191715e+00 -1.948856e-01 -8.513826e-01
1.786282e-01 8.872846e-01 2.948954e-01 6.488625e-01 2.314655e-01 7.905132e-01 -2.259131e-01 -6.824600e-01 -9.654778e-01 -7.774891e-01 -1.625879e+00 -1.650224e+00
-9.148487e-01 -2.032743e-01 8.086193e-01 1.161026e+00 6.352413e-01 7.670228e-01 -3.362425e-01 2.064434e+00 8.465346e-01 -6.271003e-01 -1.215536e+00 -9.994246e-01
-2.754706e-01 -9.416866e-02 -4.434683e-01 -1.410816e+00 -1.547496e+00 3.517123e+00 -5.148031e-01 5.928376e+00 -6.980302e-01 -8.063567e-01 7.848523e-01 1.689036e+00
6.950815e-01 4.523932e-01 -4.403995e-01 -1.059586e+00 -2.534994e-01 -1.600761e+00 -1.119374e+00 -1.048828e-01 -1.242606e+00 9.454036e-01 2.300759e-01 -9.789949e-02
1.167624e+00 -1.950012e-01 -6.708218e-01 -7.537919e-01 -1.124021e+00 -9.516360e-01 -7.761201e-01 6.048229e-01 2.290205e+00 1.374034e+00 1.478591e+00 9.386863e-01
1.134783e-01 5.730223e-01 6.808804e-01 9.848974e-01 4.125085e-01 8.379421e-01 1.948504e-01 -1.859678e+00 -1.374038e+00 -5.995353e-01 -2.208453e+00 -1.651894e+00
8.236750e-01 4.792667e-03 -9.652567e-01 -1.247119e+00 -3.815689e-02 -1.916267e+00 -1.196861e+00 -3.567271e-01 -2.387118e-01 1.371110e+00 1.184823e+00 7.153386e-01
1.307710e+00 -7.917060e-01 1.080806e+00 9.683072e-01 -3.962600e+00 6.854827e-01 8.949645e-02 -1.943977e+00 6.654495e-01 1.506177e+00 5.862601e-01 2.947016e-02
4.963438e-01 -3.044023e+00 -1.910439e+00 -7.832994e-01 5.440353e+00 -8.206374e-01 -3.901234e-02 3.868685e-01 -4.934084e-01 -1.730780e+00 5.959701e-01 2.242207e+00
-2.898323e-01 -3.785318e-01 -1.085958e-01 7.971016e-01 6.375463e-02 8.804951e-01 2.182558e-02 -7.296056e-01 -6.443371e-01 -7.535044e-01 -9.967753e-01 1.771084e-01
-2.074173e-01 -1.539129e-01 -5.503154e-01 -2.235517e-02 -9.391993e-01 -1.992216e-01 8.158600e-01 -1.269077e-01 -9.036889e-01 2.355388e-01 6.641960e-01 1.260818e+00
4.804343e-01 -3.115045e+00 -1.509198e+00 -6.520122e-01 4.079500e+00 -8.249285e-01 6.985559e-01 1.288939e+00 -1.767907e+00 -1.578444e+00 2.412941e-01 3.013768e+00
2.752989e+00 3.468137e-01 -6.536765e-01 -1.118614e+00 -1.996669e+00 2.850667e-01 2.946577e-01 4.637546e-01 8.634006e-01 4.327776e-01 7.419644e-02 1.216010e+00
-3.579510e-01 4.079161e-01 -2.734938e-01 -8.154009e-01 -1.230651e+00 -1.240005e+00 8.770064e-01 3.631813e-01 -1.140077e+00 1.687004e+00 9.749315e-01 1.588446e+00
6.645802e-01 -2.679211e+00 -1.530119e+00 -2.754099e-01 2.343304e+00 -2.944533e-01 1.382579e+00 1.978904e+00 -2.086564e+00 -1.329845e+00 -4.227304e-01 2.976016e+00
5.350417e-01 -2.312541e+00 -2.135993e+00 -6.733350e-01 6.049429e+00 1.863904e-01 -2.440890e+00 4.707528e-01 5.870551e-01 -7.095777e-01 5.835105e-01 4.418403e-01
4.558994e-01 -1.797753e+00 -1.682215e+00 2.015328e-01 3.545673e-01 5.893030e-01 1.849635e+00 2.169775e+00 -1.399987e+00 -1.335601e+00 -7.670901e-01 2.376870e+00
3.649297e-01 -6.745591e-01 -1.096652e+00 6.508411e-01 -2.382955e+00 1.718355e+00 1.210292e+00 6.297500e-01 -4.214277e-01 -2.534313e-01 -4.510246e-01 -1.408511e-01
3.615481e-01 -8.834959e-01 -1.529329e+00 8.392580e-01 -2.543988e+00 1.658130e+00 1.497734e+00 1.751981e+00 -2.885269e-01 -1.231988e+00 -2.494908e-01 2.297864e-01
7.835127e+00 2.911052e+00 1.955638e+00 -2.501146e+00 -1.419046e+00 1.235692e-01 2.269530e+00 7.709377e-01 -3.500800e-01 -2.166711e+00 1.942379e-01 -1.127032e+00
3.320202e-01 -1.188349e+00 -1.413947e+00 2.899293e-01 -1.107891e+00 1.084698e+00 1.806458e+00 2.191026e+00 -8.544667e-01 -9.443447e-01 -4.863898e-01 1.253877e+00
3.103808e-01 -5.795914e-01 -6.477532e-01 4.383821e-01 -1.237543e+00 9.637725e-01 6.048447e-01 3.413672e-01 -5.269428e-01 8.703467e-01 -7.363103e-01 -5.886205e-01
-8.910910e-01 -3.641082e-01 1.418509e+00 2.296071e-01 1.051650e+00 5.191131e-01 1.841843e-01 1.992688e+00 -5.192882e-02 -7.874601e-01 -1.129248e+00 -3.501437e-01
-7.818927e-01 -3.939093e-01 -4.361671e-02 1.974530e+00 -2.854344e-01 -8.721868e-01 -2.107073e+00 -1.388947e+00 -1.638746e+00 -1.206658e+00 4.313847e-01 1.332659e-01
4.503702e-01 -1.315679e+00 -2.305451e+00 -4.453499e-01 6.751874e+00 6.056733e-01 -4.153567e+00 -2.165523e-01 1.882088e+00 3.736059e-01 3.625054e-01 -1.457304e+00
-1.238584e+00 1.591473e-01 6.113163e-01 2.589828e+00 1.133106e+00 -8.696393e-01 -2.564991e+00 -4.727407e-01 9.064349e-01 1.265245e+00 1.286754e+00 2.918840e-01
4.235172e-02 -2.771123e-01 -3.199404e-01 -1.253472e-01 -3.621292e-03 -2.609257e-01 5.052029e-01 4.064694e-01 -7.156953e-01 1.205160e+00 -4.108206e-01 -6.636319e-01
4.186544e-01 3.176090e-01 1.605729e-01 5.241095e-01 -2.833556e-01 -5.499472e-02 -1.110325e+00 -2.249590e+00 -2.396543e+00 -5.988873e-01 -1.030504e+00 -1.447268e+00
8.535879e-01 3.432525e-01 8.062011e-01 8.313606e-02 -1.574144e+00 5.338894e-01 -1.509470e+00 -4.447259e-01 1.354530e-01 1.201445e+00 -6.600301e-01 5.598105e-01
-2.934678e-01 -3.570634e-01 9.241474e-03 8.172205e-01 2.905602e-01 -5.513096e-01 7.165071e-01 4.536606e+00 2.247583e+00 3.630505e-01 1.809208e+00 1.899850e+00
5.538978e-02 1.639398e-01 5.659249e-01 1.431725e+00 3.801797e-01 -5.421923e-01 4.325867e-02 4.260575e+00 2.490258e+00 1.193284e+00 1.323545e+00 1.374102e+00
5.937843e-02 3.462320e-01 3.784215e-01 3.327472e-01 1.174302e+00 -3.192833e-01 -1.375013e+00 -2.362294e+00 -1.773901e-01 -4.205263e-02 -6.785275e-01 -4.467971e-01
1.156319e-01 4.245242e-01 9.105439e-01 6.118933e-01 1.376826e+00 1.554441e-01 -1.265874e+00 -2.411979e+00 2.882148e-01 5.000311e-01 -2.907661e-01 -9.420550e-02
-1.561565e-02 4.572168e-01 9.950902e-01 3.891017e-01 2.464060e-01 -3.854074e-01 -8.127007e-01 -8.046858e-01 6.909255e-01 1.432247e+00 9.792484e-01 6.933552e-01
1.821545e-01 4.075741e-01 1.301481e+00 5.773152e-01 -5.037802e-01 -1.139410e+00 7.078459e-01 1.516339e+00 8.549629e-01 2.126207e+00 6.800421e-01 -2.582651e-01
3.321390e-01 3.560556e-02 8.871835e-01 2.912523e-01 1.958975e-01 -2.011938e-01 -1.218974e-01 1.573726e+00 6.514933e-01 1.375269e+00 1.016200e+00 -8.217702e-02
2.705395e-01 -1.437173e-01 2.872145e-01 9.168625e-01 1.389365e+00 -2.299012e-01 5.153360e-02 1.200167e+00 3.559605e-01 -2.746416e-01 -2.562661e-02 -3.880325e-01
2.276478e-02 -3.737864e-01 -7.976897e-02 2.936071e-01 1.734747e+00 1.349041e+00 3.658016e-01 -1.276271e+00 -1.045657e+00 -1.155755e+00 4.602846e-01 6.359318e-01
-2.710438e-01 -6.206831e-01 -1.240204e+00 -5.052180e-01 7.546836e-02 5.532989e-01 -7.037926e-01 -1.596104e+00 -9.682806e-01 -1.356004e+00 1.509831e+00 2.681693e+00
-1.185795e-01 5.398437e-02 -9.897324e-01 -8.422953e-01 -1.323524e+00 -1.757512e-01 -7.849133e-02 -7.636363e-01 -8.956876e-01 -8.655249e-01 2.001800e-01 1.419722e+00
-1.060123e-02 3.790040e-01 -6.115288e-01 -5.606130e-01 -1.484125e+00 -3.942422e-01 -3.715852e-01 -5.804434e-01 -1.018581e+00 -7.594562e-02 -8.023834e-01 4.333536e-01
-6.841660e-04 5.041164e-01 -2.143950e-01 7.470444e-02 7.006582e-02 -9.668849e-01 -4.245803e-01 1.277467e+00 1.255606e+00 7.498280e-01 -1.134363e+00 -5.944473e-01
7.717133e-03 5.587578e-01 1.113063e-01 -3.540771e-01 1.135556e+00 -3.346748e-01 4.177796e-01 5.472449e-01 6.237536e-02 3.170743e-01 -1.255848e+00 -2.055151e+00
-5.141258e-03 -2.746256e-01 1.056316e-01 -4.126276e-01 5.826215e-01 -1.793446e+00 -5.887725e-01 2.956479e-01 -1.771861e-01 -6.967732e-01 -8.443424e-01 -1.108724e+00
1.509070e-01 1.116951e-01 2.141891e-01 1.919963e-02 -7.479529e-02 -4.647950e-01 8.153518e-01 5.238637e-01 -3.865780e-01 -1.716666e+00 -6.229855e-01 -9.493880e-01
2.007963e-01 -1.594685e-01 4.427475e-01 9.103395e-01 -1.068990e+00 3.651762e-01 9.374379e-01 -3.554109e-01 -7.385215e-01 -9.660448e-01 -5.227483e-01 -1.262414e+00
1.404471e-01 -6.107816e-01 -3.981978e-01 7.310148e-01 -5.027280e-01 1.410422e+00 -8.153520e-02 -1.847741e-01 -5.208372e-02 5.885146e-01 1.389201e+00 6.715354e-01
9.061603e-02 -3.193452e-01 -8.799915e-01 -1.908556e-01 4.578626e-01 1.503992e+00 -4.922234e-01 -1.220160e+00 -7.347428e-01 1.230446e+00 1.444213e+00 7.748855e-01
1.453636e-01 -6.888322e-01 -1.287303e+00 -1.482927e+00 4.718343e-01 1.062568e+00 -5.291089e-01 -1.156044e+00 -6.229407e-01 6.126979e-01 9.364454e-01 2.081895e+00
-5.675556e-01 1.042509e-01 1.800193e+00 1.005313e+00 1.063793e+00 -1.164803e+00 -2.287840e+00 3.344784e-02 2.247051e+00 1.377396e+00 -1.354541e-01 -1.409552e+00
-9.727424e-01 1.384760e-01 1.180770e+00 2.251831e+00 1.624123e+00 -3.322155e-01 -1.941664e+00 1.509728e+00 3.238554e+00 2.606431e+00 1.598703e+00 6.705746e-01
-2.240314e-01 -6.765928e-02 2.376710e-01 -7.633078e-01 9.839985e-01 -1.295464e+00 -1.226044e-01 1.156928e+00 -9.565421e-01 1.258501e+00 8.693142e-02 -7.973104e-01
4.742605e-01 -2.920813e-01 -6.893895e-02 -1.940069e+00 -9.963979e-01 -2.669966e-01 -1.204637e+00 -2.504368e+00 -2.256534e+00 -1.688327e+00 -1.390611e+00 -1.597121e+00
-9.573607e-01 7.388232e-01 2.724958e+00 8.065410e-01 -3.577677e-01 -2.073852e-01 2.018617e+00 4.965985e-01 -5.711232e-01 -1.698483e+00 -1.105297e-02 1.994143e+00
-6.427059e-02 8.261323e-02 2.796238e-01 -7.679868e-02 1.098828e+00 8.100198e-01 1.300433e+00 2.887614e+00 2.305310e+00 -3.291889e-01 7.742661e-01 1.095475e+00
-1.552514e-01 -1.650871e-01 -9.982090e-02 -4.640131e-02 8.523159e-01 -1.830605e+00 -1.349894e-01 7.551792e-01 -1.788314e-01 6.471099e-01 -2.108073e-01 -6.522659e-01
-1.661933e-01 9.328486e-01 2.548059e+00 5.291463e-01 6.750506e-01 -1.140553e+00 5.083548e-01 -3.951124e-01 2.013727e-01 1.285416e-01 -5.729316e-01 -6.937638e-02
2.727631e-01 -1.572663e-01 -2.557959e-01 -1.842187e+00 9.970079e-02 1.294314e+00 4.667611e-01 -1.607083e-01 4.038382e-01 -1.271454e+00 -4.018013e-01 -6.734861e-01
-1.104732e-01 9.228144e-02 -1.403326e-01 4.013770e-01 -1.300358e-01 -1.136818e+00 7.333908e-01 -1.316715e-01 -3.546160e-01 2.135254e-01 -6.083671e-01 5.377003e-01
-1.784985e+00 8.828442e-01 2.073542e+00 3.679499e-01 -1.109212e+00 1.068171e+00 1.466447e+00 4.666371e-02 -1.047192e+00 3.051162e-02 1.141572e+00 1.576566e+00
2.204673e-01 1.054199e+00 1.067055e+00 -5.693019e-01 -7.998611e-01 5.054948e-01 -1.946636e+00 5.681280e-01 -7.953359e-01 8.072450e-01 -7.177583e-01 1.004306e+00
-8.944674e-02 2.973409e-01 -4.945268e-02 5.096859e-01 -4.217321e-01 -7.327563e-01 8.865898e-01 -1.277271e+00 7.992949e-02 5.851520e-01 -1.252206e+00 1.177507e+00
-4.933920e-01 5.441241e-01 1.520220e+00 -9.894928e-01 -8.787196e-01 -1.872655e+00 4.917350e-01 1.065655e+00 1.890031e-01 1.032129e+00 8.860871e-01 5.787792e-01
5.195897e+00 1.658027e+00 4.344412e-01 2.054439e-01 -7.499174e-01 2.301578e+00 1.291984e+00 8.854841e-01 -2.983954e-01 -1.551289e+00 -2.102415e-01 7.387449e-01
6.647024e-02 -1.738120e-01 -2.382518e+00 -1.042616e-01 6.470234e+00 7.676438e-01 -4.794255e+00 -1.131423e+00 2.763880e+00 1.385539e+00 2.216064e-01 -2.368742e+00
-1.315864e-01 1.218608e+00 6.807274e-01 -3.413386e-01 -8.679466e-02 5.554157e-01 -2.048907e+00 3.220359e-01 -8.194995e-02 5.499982e-01 -8.677715e-01 1.290745e+00
-2.969695e-01 7.473739e-01 7.159095e-02 1.264535e-01 -1.101772e-01 -4.050972e-01 8.098803e-01 -1.705296e+00 3.886400e-01 2.575977e-01 -8.992594e-01 1.233504e+00
-5.221633e-01 1.127309e+00 5.490445e-01 -2.945459e-01 1.163960e-02 1.745120e-02 -1.380210e-01 -1.341964e+00 7.473954e-01 -3.118009e-01 2.557214e-01 3.987133e-01
-3.673479e-01 1.235268e+00 4.578560e-01 -2.486391e-01 2.556061e-01 3.269896e-01 -1.522668e+00 -7.152621e-01 1.019606e+00 2.355748e-01 -6.269366e-01 7.051215e-01
-1.460871e+00 1.912223e+00 1.344132e+00 4.494188e-02 -1.549558e+00 1.449969e+00 1.645729e+00 1.486735e+00 -1.448521e+00 2.751827e-01 1.245958e+00 1.306408e+00
-2.003410e+00 -1.445597e+00 3.534736e-02 -1.831248e-01 -1.472150e+00 -2.723612e-01 -6.358232e-02 -1.199453e+00 -1.743101e+00 -2.299877e+00 3.179956e-01 -3.130572e-01
-8.741835e-01 -6.255873e-01 7.209025e-02 -5.869056e-01 -1.032471e+00 -3.572547e-01 -7.894769e-01 -1.783817e+00 -2.196002e+00 -3.346818e+00 -1.495594e+00 -1.135735e+00
-2.227154e-01 8.940587e-02 1.840868e+00 -1.082296e+00 -2.405379e-01 -5.616035e-01 8.751038e-01 1.541163e+00 1.344753e-01 -1.720774e+00 -6.865439e-01 6.590038e-01
-9.127164e-01 2.217748e+00 9.289529e-01 2.174091e-03 -1.355948e+00 8.328535e-01 3.615291e-01 -3.410621e-01 -2.110651e+00 1.382955e+00 8.310394e-01 -2.235367e-02
-1.274629e-01 6.818666e-01 -2.703398e+00 9.175291e-01 5.129349e+00 8.784661e-02 -3.300813e+00 -1.816133e+00 3.030729e+00 2.012314e+00 -2.617599e-01 -2.653930e+00
-3.602055e-01 3.265871e-01 -1.517214e+00 2.454541e-01 1.131711e+00 1.963613e+00 1.936238e+00 9.020572e-01 1.016934e+00 5.358945e-01 -1.401943e+00 -8.031855e-01
-2.152015e+00 -1.898650e+00 -5.297047e-01 7.421318e-01 -1.620649e+00 -1.032532e+00 5.700956e-02 -1.109694e+00 -1.163398e+00 -1.546870e+00 1.318211e+00 1.528739e+00
-1.732860e-01 4.530710e-01 -1.686898e+00 -8.048248e-02 6.778247e-01 -3.907221e-01 5.502778e-01 -4.618593e-01 1.636545e+00 2.355779e+00 -9.400671e-01 -3.647930e-01
-5.592564e-01 -1.142748e-01 -1.125948e+00 -1.768076e+00 -5.251492e-01 2.320837e+00 1.635147e+00 2.860265e+00 1.045412e+00 -1.621767e+00 -8.553768e-01 -4.456828e-01
-1.791660e-01 8.685684e-01 -2.111688e+00 9.682152e-01 4.327783e+00 -7.347420e-01 -1.543422e+00 -1.870775e+00 2.339948e+00 2.632068e+00 -4.782479e-01 -2.778095e+00
-2.499274e-01 2.502717e+00 1.578149e+00 2.022029e-02 -3.084990e-01 -1.523970e-01 -1.108091e-01 -1.258419e+00 -3.359206e+00 -2.057790e-01 -1.531037e-01 4.538226e-01
-1.720748e-01 4.041429e-01 -1.125167e+00 1.507227e-01 1.250170e+00 -6.855531e-01 4.595826e-01 -1.384325e+00 1.912284e+00 3.503942e+00 -4.996474e-01 -2.025339e-01
-3.406261e-01 3.262861e-01 -3.827410e-02 -4.084151e-01 -4.764291e-01 -6.589220e-01 3.774253e-01 -1.857508e+00 8.649333e-02 -7.749913e-01 -6.741384e-01 -2.731727e-01
-1.217470e-02 8.024870e-01 -1.321687e+00 4.245698e-01 3.168029e+00 -6.535562e-01 -1.191905e+00 -4.819561e-01 5.006905e-01 3.290318e+00 -1.138686e+00 -2.111785e+00
1.531742e-01 4.267041e-01 -4.496140e-01 5.291426e-02 2.444735e+00 -2.107641e-01 -1.460399e+00 1.005210e-01 -1.547236e-01 2.544267e+00 -6.090384e-01 -2.200596e+00
-1.551923e+00 -2.149426e+00 -4.266986e-01 2.464682e+00 -6.803336e-01 8.701967e-01 1.317787e+00 -1.633601e-01 7.678671e-01 2.675575e-01 2.301716e-01 1.008978e+00
-5.371488e-01 1.674331e+00 1.977235e+00 -1.033818e+00 -1.253311e+00 -1.224379e+00 2.004528e-01 9.026264e-01 -1.745466e+00 -7.038947e-01 8.565041e-01 2.282275e+00
-7.754009e-01 2.652995e-01 5.512587e-01 -1.582033e+00 -1.330041e+00 1.341567e+00 8.636589e-01 3.434301e+00 8.146755e-01 -3.265397e+00 6.373062e-01 1.458778e+00
-1.293405e+00 4.979073e-01 1.679454e+00 -1.188745e+00 -6.018490e-01 2.007850e-01 5.188802e-01 1.848029e+00 5.594678e-02 -5.365922e-01 1.833989e+00 2.727592e+00
-6.598217e-01 1.051468e+00 8.587481e-01 -5.908078e-01 1.498910e+00 7.163035e-01 -2.068400e+00 7.310467e-01 -8.269291e-02 6.854752e-01 1.190435e-01 -1.415757e+00
-1.262200e+00 3.596463e+00 9.040934e-01 3.525702e+00 8.090962e-01 -1.360490e+00 -1.764944e-01 3.527328e+00 -3.229994e+00 -8.054470e-01 -6.591660e-01 -2.546297e+00
-1.648441e+00 -1.614025e+00 7.047678e-01 2.941746e+00 -7.936656e-01 1.188067e+00 3.195220e+00 3.486324e-01 2.357323e+00 1.907117e-01 3.705319e-01 1.032894e+00
-1.136075e+00 1.980458e+00 1.247767e+00 -6.732819e-01 8.173724e-01 5.035733e-01 -9.275470e-01 8.198695e-01 2.336508e-01 -6.733826e-01 1.069424e+00 -1.488888e+00
3.272249e-01 5.166628e+00 -2.290883e-02 -1.605253e+00 -2.375908e+00 1.270018e+00 -1.280193e-02 5.062765e+00 -2.446685e+00 -2.214887e+00 1.272180e+00 9.090832e-01
-1.506696e+00 -9.290991e-02 1.913815e+00 2.667234e+00 -1.461071e-01 5.056216e-01 2.939361e+00 2.988203e-01 1.090943e+00 -6.097809e-01 7.197400e-01 -1.011290e+00
-1.769125e+00 2.204330e+00 2.203401e+00 -2.118857e-01 2.879298e-01 -9.375419e-02 8.448917e-01 8.241569e-01 2.848094e-01 -1.035650e+00 2.532876e+00 -1.637368e+00
-1.952310e+00 1.338110e+00 2.618004e+00 8.472242e-01 1.402869e-01 2.104278e-02 2.106456e+00 1.101131e+00 5.421389e-01 -3.797372e-01 1.791028e+00 -2.087183e+00
-6.615813e-01 5.635749e+00 -2.982041e-01 8.986416e-01 -1.197598e+00 1.277904e-01 6.339020e-01 6.030906e+00 -3.796507e+00 -1.579932e+00 -8.199511e-01 -1.772772e+00
