-1.945118e+01 7.528755e+00 -6.827468e+00 9.756641e-01 8.949322e+00 -7.537203e-01 5.690656e+00 1.403304e+00 1.122556e+01 -5.964104e+00 7.685908e+00 1.981346e+00 -2.136293e-01 3.595645e-01 -7.060154e-01 1.277086e+00 9.901371e-02 1.814216e-01 -6.748314e-02 -1.672421e+00 -7.401041e-01 1.029471e+00 4.733995e-01 -9.128575e-02
8.044820e+00 -6.351887e+00 -3.276337e+00 -4.223993e+00 -1.357536e+01 -1.316829e+01 -1.062229e+01 5.501840e-02 -7.035217e+00 3.932420e+00 -4.557104e+00 -3.511055e-01 3.495960e+00 -4.528273e+00 -3.644801e-01 -6.009189e-01 -5.516078e+00 -1.385803e-01 -1.040385e+00 1.653461e+00 -1.853605e+00 1.472629e+00 -4.442867e+00 6.934309e-03
8.289868e+00 -9.951475e+00 -1.371020e+00 -8.014946e+00 -1.122038e+01 -5.491006e+00 -4.061821e+00 9.453567e+00 -5.660838e+00 1.399883e+00 -1.122587e+01 -1.273227e+00 3.310697e-01 3.600178e-01 -6.576911e-01 9.986577e-02 1.102867e-01 1.810372e+00 1.231616e+00 7.097448e-01 1.257566e+00 -6.842963e-01 -1.066889e+00 3.252206e-01
7.313879e+00 -9.463551e+00 -3.233364e+00 -6.842113e+00 -1.368133e+01 -1.094543e+01 -1.282239e+01 3.062061e+00 -1.124440e+01 2.669666e+00 -7.690400e+00 -4.283563e+00 1.041598e+00 -3.348001e+00 9.531377e-02 -1.432076e-02 -1.645144e+00 2.231859e+00 3.711014e-01 1.858010e+00 -1.213317e+00 2.391537e-01 -3.076174e+00 2.388379e-01
8.699471e+00 -8.742991e+00 -2.830841e+00 -6.231347e+00 -1.227514e+01 -6.774292e-01 -4.219577e+00 1.021885e+01 -3.889619e+00 5.378382e-01 -1.167389e+01 -5.145333e-01 -5.487458e-02 3.058496e-01 -9.453979e-01 2.043786e-01 -3.205231e-01 1.256576e+00 5.844315e-01 -3.930474e-01 5.022774e-01 -1.237252e+00 -3.993965e-01 -5.526260e-01
8.963594e+00 -1.079666e+01 -2.300740e+00 -6.013334e+00 -1.356293e+01 7.441263e-01 -9.412971e-01 7.552328e+00 -5.214785e+00 1.851664e-01 -1.056571e+01 -2.185417e+00 4.686555e-01 -7.198982e-01 -1.902402e-01 -5.710231e-01 2.777611e-01 -1.141786e+00 -3.619676e-01 7.241294e-01 -2.289514e+00 9.991428e-01 -5.775269e-01 -4.005840e-01
8.222586e+00 -9.291966e+00 -2.152971e+00 -6.117391e+00 -1.192698e+01 -6.216669e+00 -5.989973e+00 9.072790e+00 -6.433117e+00 9.262860e-01 -8.544965e+00 -1.242296e+00 3.601927e-01 1.569101e-01 1.463613e-01 -1.250610e-01 4.752380e-01 2.345925e+00 2.210296e+00 1.780603e+00 1.773056e+00 -4.461033e-01 -1.088287e+00 8.730183e-01
-1.877952e+01 4.788451e+00 -9.655748e+00 -9.985055e-01 1.054773e+01 -2.054238e+00 5.974966e+00 -3.958990e-01 9.679314e+00 -4.304554e+00 1.066577e+01 1.625170e+00 -2.631798e-02 1.150826e+00 -8.380743e-01 2.449088e+00 1.279392e+00 1.454525e+00 7.413150e-02 -1.317731e+00 -1.451515e+00 2.670882e-01 9.789737e-01 1.326622e+00
-1.905101e+01 4.483975e+00 -4.776227e+00 -4.865261e+00 4.261039e+00 -1.722886e+00 7.379993e+00 8.206142e-01 1.288698e+01 -7.570007e+00 9.013269e+00 3.094566e+00 -2.816049e-01 1.390285e+00 1.177368e-02 1.800260e+00 4.362038e-01 -1.560230e-02 2.030742e-01 3.434564e-01 -6.039196e-01 -1.943834e+00 -6.241423e-01 -1.871737e-01
8.876031e+00 -8.553857e+00 -4.979106e+00 -4.986498e+00 -1.243487e+01 -2.132021e+00 -3.686280e+00 8.936815e+00 -3.665761e+00 -1.629998e+00 -1.207996e+01 -1.203130e+00 -1.233572e-01 4.993553e-01 -7.167872e-01 4.051980e-01 -1.405340e-01 9.221771e-01 6.332471e-01 -3.274342e-01 3.054848e-01 -1.019542e+00 5.561212e-01 -3.336067e-01
7.459124e+00 -1.007946e+01 -2.029586e+00 -5.542805e+00 -1.316039e+01 -8.414261e+00 -8.959164e+00 5.961124e+00 -8.681843e+00 1.597260e+00 -8.309983e+00 -2.465352e+00 1.398805e-01 -7.027593e-01 4.891028e-01 -6.857184e-01 6.464311e-01 2.008333e+00 1.995334e+00 2.480783e+00 7.560040e-01 -6.808456e-01 -1.419209e+00 1.197022e-01
8.195251e+00 -7.595430e+00 -3.832418e+00 -5.799768e+00 -1.159945e+01 -4.121933e-01 -1.377581e+00 9.242859e+00 -3.618589e+00 -1.556390e+00 -9.224757e+00 -1.178290e+00 2.333427e-01 -9.317072e-01 2.154259e-01 -9.401170e-01 -2.520697e-01 -1.881097e-01 -4.306031e-01 -6.133890e-02 -1.853518e+00 5.632529e-02 -4.934425e-02 -8.082445e-01
7.655132e+00 -8.461528e+00 -5.075917e+00 -6.609723e+00 -1.292234e+01 -1.613283e+00 -3.255585e+00 7.365929e+00 -4.919269e+00 -3.745032e+00 -1.011490e+01 -4.040475e+00 -1.525301e-02 -3.148912e-01 2.206890e-01 -3.772440e-02 -1.740143e-01 4.562939e-01 8.865259e-01 -5.027012e-01 -2.603160e-01 -6.317353e-02 5.071571e-01 -3.316928e-01
9.401779e+00 -9.836321e+00 -5.298544e+00 -7.372084e+00 -1.064580e+01 -5.402672e+00 -2.255994e+00 1.133954e+01 -1.178334e+01 2.129222e+00 -1.156427e+01 -3.546599e+00 3.419309e-01 2.159987e-01 -2.209401e-01 -4.454512e-01 1.064812e+00 -1.527021e+00 -6.064852e-01 1.101112e+00 -4.024284e-01 -6.767555e-02 4.622009e-01 -1.825394e-01
9.388513e+00 -1.204483e+01 -5.289565e+00 -9.985277e+00 -1.337493e+01 -4.251274e+00 -6.996439e+00 8.536922e+00 -1.278559e+01 -3.313471e+00 -1.210128e+01 -6.171882e+00 2.937937e-01 -5.309361e-01 -6.146968e-01 -7.637001e-01 3.361662e-01 -1.805701e+00 -8.574728e-01 6.342076e-01 -2.357872e+00 2.525621e-01 -4.132872e-01 -1.069253e+00
9.445128e+00 -1.073028e+01 -5.407000e+00 -8.938894e+00 -1.137718e+01 -6.367298e+00 -5.007596e+00 1.052029e+01 -1.212367e+01 -1.265607e+00 -1.079191e+01 -5.843964e+00 4.503070e-01 7.592300e-01 1.080054e+00 7.310572e-01 9.954130e-01 2.873184e-01 2.856103e-01 6.670934e-01 2.419331e+00 1.058398e+00 9.459106e-01 1.118031e+00
-1.969799e+01 6.724669e+00 -9.530492e+00 2.421246e+00 8.153277e+00 3.309458e+00 9.309653e+00 -7.335298e+00 8.927840e+00 -4.050852e+00 1.140676e+01 5.886749e+00 8.829972e-01 -7.715351e-01 6.515680e-01 -9.377602e-01 -1.994074e+00 3.413940e-01 4.160800e-01 -2.015467e-02 -1.316911e+00 1.821729e+00 3.814180e-01 -4.228209e-01
-1.976648e+01 2.492928e+00 -6.365741e+00 -6.903731e+00 4.100459e+00 -3.478583e+00 8.094327e+00 -4.552973e-01 1.535471e+01 -4.583342e+00 5.848207e+00 -1.302970e+00 -6.349632e-01 6.532208e-01 5.302272e-02 6.959256e-01 -2.233633e-01 -4.467979e-01 -2.128869e-01 1.150358e+00 -6.539451e-01 -3.720009e+00 -4.944728e-01 -1.263695e+00
1.064494e+01 -1.037394e+01 -3.346723e+00 -8.763781e+00 -9.237741e+00 -5.832966e+00 -4.968145e+00 1.206620e+01 -7.557886e+00 -1.177143e+00 -8.909389e+00 -3.262073e+00 7.683811e-01 9.806856e-01 9.296306e-01 8.167598e-01 1.016451e+00 3.277401e-01 -2.956626e-01 -1.407878e+00 2.766371e+00 7.218794e-01 3.039360e-01 5.085582e-01
-1.754967e+01 1.725093e+00 -8.531341e+00 -5.073023e+00 9.991940e+00 3.646374e-02 3.615604e+00 -2.842793e-01 1.140746e+01 3.894460e+00 1.321540e+01 4.381285e+00 -9.858826e-01 3.248639e-01 3.876030e-01 -5.431212e-01 -1.103038e+00 2.418886e-01 -7.953404e-01 2.198168e+00 -5.252218e-02 -4.179467e+00 -6.042275e-01 -2.174901e+00
2.721747e+00 5.584255e+00 -2.006164e+00 -6.705193e+00 -3.493773e+00 -1.499895e+01 -7.013918e+00 2.735793e+00 -1.189846e+00 -1.437063e+00 4.959467e+00 -3.493609e+00 5.891751e+00 -3.439361e+00 2.332073e-01 -5.092310e-01 -5.441495e+00 -3.141392e+00 -4.603174e+00 3.840441e-01 -3.293581e+00 6.790692e-01 -4.933917e+00 -6.519359e-01
-1.965993e+01 5.313688e+00 -8.368933e+00 -1.897088e-01 5.953335e+00 -3.497626e+00 5.375234e+00 -4.071788e+00 9.562197e+00 -2.549501e+00 1.100977e+01 5.073481e-01 2.889097e+00 -9.667863e-01 1.591668e+00 -1.469054e+00 -5.324116e-01 -1.216653e+00 -2.580083e+00 2.483470e-01 -3.633472e+00 1.165081e+00 -7.088128e-02 -1.539138e+00
-1.635537e+01 2.901789e+00 -8.043305e+00 -4.374252e+00 8.799098e+00 -6.999235e-01 8.921595e+00 -5.595243e+00 1.368880e+01 8.563257e+00 1.103707e+01 7.300283e+00 -2.255732e+00 -7.753156e-01 -8.968930e-01 -1.346962e+00 -4.493513e-01 -1.090235e+00 -1.988338e+00 1.096811e+00 1.060387e+00 -2.895158e+00 -7.263280e-01 -1.339180e+00
9.942369e+00 -6.052859e+00 -3.606489e+00 -5.064093e+00 -1.080591e+01 -2.315071e+00 -1.002633e+01 3.298489e+00 -5.852534e+00 -5.876548e+00 -1.324512e+01 -3.069271e+00 -2.165452e-01 -5.095051e-01 -1.750437e+00 -3.979234e-01 -1.116448e-01 -6.538913e-01 1.830559e-01 -5.283874e-01 -1.106079e-01 -1.343283e+00 -3.461527e-01 5.332307e-01
-1.582715e+01 2.655225e+00 -5.875460e+00 -3.414394e+00 7.426911e+00 -4.321659e+00 1.094306e+01 -7.600254e+00 1.398255e+01 6.754029e+00 9.439978e+00 9.667442e+00 -4.035834e+00 -8.045799e-01 -2.045029e-01 -8.399829e-01 1.061033e+00 -1.151684e+00 -2.017693e+00 -2.762426e-01 -2.043796e-01 -4.257746e-01 5.666314e-01 3.223076e-01
1.165611e+01 -6.023291e+00 3.355521e-02 -5.963896e+00 -6.467676e+00 -2.261857e+00 -1.124714e+01 7.614126e+00 -8.197296e+00 9.521480e-01 -1.390593e+01 -2.604405e+00 2.243296e-01 -2.298978e+00 -2.482640e+00 -2.072637e+00 -1.358155e+00 -8.687293e-01 2.267040e-01 1.824700e+00 -5.947292e-01 -3.362074e-02 -2.301053e+00 7.063258e-01
1.034391e+01 -7.723461e+00 -4.354706e+00 -7.433518e+00 -8.380225e+00 -5.650898e+00 -9.632059e+00 2.164016e-01 -1.029254e+01 -4.755202e+00 -1.603638e+01 -3.047823e+00 -2.645975e-01 8.828039e-02 -9.464439e-01 8.998752e-02 9.158651e-01 -8.400594e-01 1.113398e-01 -8.981743e-01 -3.940581e-01 -1.611704e+00 4.594662e-01 8.240470e-01
1.057470e+01 -5.685043e+00 -4.926306e+00 -4.386021e+00 -6.776265e+00 -2.868289e+00 -1.080122e+01 4.647939e+00 -8.744722e+00 -6.086320e+00 -1.181576e+01 -5.058305e-01 3.386887e-02 5.527460e-01 -1.319105e-01 1.826911e-01 2.033313e+00 -6.577891e-01 -4.626560e-01 8.217310e-01 -6.638975e-01 -1.743785e-01 1.019575e+00 7.337123e-01
-9.349079e+00 5.904440e+00 -3.209216e+00 -9.982352e-01 7.629730e+00 4.151651e+00 1.437229e+01 -2.281364e+00 8.765233e+00 8.462662e+00 1.136756e+01 2.749849e+00 -4.209121e+00 1.069129e-01 1.439473e-01 1.206341e-01 1.220433e+00 -2.476717e+00 1.414148e+00 -3.257392e+00 7.921910e-01 5.355953e-01 -3.112240e-01 1.366592e+00
1.101847e+01 -7.979867e+00 -8.652079e-01 -5.634142e+00 -9.101892e+00 -2.599535e+00 -4.212312e+00 1.150906e+01 -2.801665e+00 3.631704e+00 -8.699168e+00 -7.239883e-01 1.577512e-01 1.998999e+00 1.969842e+00 2.346968e+00 1.962880e+00 1.205346e+00 1.006974e-01 -2.815910e+00 2.036007e+00 9.118059e-01 1.607273e+00 1.750832e-01
1.001695e+01 -5.765797e+00 -4.038756e+00 -5.852994e+00 -3.903175e+00 -6.185545e+00 -1.030300e+01 2.448529e+00 -8.721493e+00 -7.001483e+00 -1.232328e+01 2.341101e-01 4.412194e-02 7.723839e-01 5.022340e-01 7.126004e-01 1.520145e+00 3.361022e-01 -2.713413e-01 1.377017e+00 2.240312e-01 2.091954e-01 1.877151e+00 6.334053e-01
1.027519e+01 -4.267962e+00 -4.424017e+00 -4.940899e+00 -2.877873e+00 -5.336693e+00 -1.200414e+01 6.291080e+00 -9.957544e+00 -5.625300e+00 -1.000379e+01 -1.041676e+00 -6.293760e-02 1.113190e+00 -1.496347e-01 5.072778e-01 8.085746e-01 -4.047159e-01 -6.140079e-02 9.663866e-01 -5.668849e-01 4.938540e-01 8.432593e-01 3.196471e-01
1.071427e+01 -4.570083e+00 -2.094681e+00 -3.593077e+00 -2.728696e+00 -2.736185e+00 -1.038731e+01 6.279915e+00 -8.565973e+00 -3.939735e+00 -7.556606e+00 3.871267e-01 1.482897e-01 1.658783e+00 -2.167971e-01 8.865673e-01 7.264137e-03 -3.847361e-01 1.701483e-01 1.137992e+00 -6.446695e-01 2.976566e-01 1.387888e+00 -4.349699e-02
1.100133e+01 -3.987603e+00 1.631750e+00 -3.131215e+00 -7.174315e+00 -1.293353e+00 -1.090896e+01 3.591014e+00 -9.239304e+00 -2.223578e+00 -1.115022e+01 -3.393693e+00 8.608738e-01 -3.044019e+00 -2.685628e+00 -3.143795e+00 -2.510209e+00 1.350685e-01 8.178983e-01 4.489202e+00 -3.303553e-01 1.677030e+00 -2.571500e+00 1.473624e+00
-8.736496e-01 4.246667e+00 -9.925871e+00 -2.561117e+00 5.271458e+00 3.369097e+00 1.097872e+01 -5.600059e-01 1.489115e+01 6.073631e+00 1.021700e+01 5.044964e+00 -2.909571e+00 7.519458e-01 -1.328672e+00 2.473721e-01 1.025634e+00 -2.862383e+00 1.877248e+00 -3.440160e+00 1.897128e+00 1.405344e+00 3.697105e-01 2.592307e+00
9.911353e+00 -7.169483e-01 -6.646517e+00 -2.979590e+00 -3.320632e+00 -6.616549e+00 -1.106607e+01 7.564179e+00 -1.165691e+01 -5.147925e+00 -9.982799e+00 1.015897e+00 4.397504e-01 1.749347e+00 1.708842e-01 1.672032e+00 -6.502767e-01 -8.325516e-01 1.062867e+00 2.536626e-01 -5.737309e-01 3.760343e-01 1.350377e+00 7.049508e-02
-7.724607e+00 5.038003e+00 -8.207856e-01 -2.606670e+00 9.326225e+00 -5.694598e+00 -6.661471e+00 -2.143047e+00 -4.441096e+00 -3.712521e+00 7.579417e+00 -2.895001e+00 7.239140e+00 -1.978520e+00 1.380620e+00 -9.669143e-01 -4.462651e+00 -3.536497e+00 -4.722203e+00 8.748533e-01 -3.831112e+00 8.429989e-01 -3.708521e+00 -5.458580e-01
1.111286e+01 2.404320e+00 1.208548e+01 4.007222e+00 -1.092599e+01 -1.040114e+01 -7.866921e-01 -1.231470e+01 -1.252112e+01 -1.719615e+00 -9.034085e+00 -8.419480e+00 -3.644993e-01 -3.551878e-02 1.531068e+00 8.394980e-01 1.977523e+00 2.227238e-01 1.591038e+00 -1.959981e+00 4.617958e-01 -2.077976e+00 -1.014358e+00 1.512847e-01
1.249491e+01 2.891423e+00 1.123252e+01 4.764721e+00 -1.179573e+01 -7.601332e+00 -1.857420e+00 -9.422310e+00 -1.016455e+01 -2.789724e+00 -4.601760e+00 -8.887789e+00 -2.106253e-01 9.812551e-03 3.683190e+00 5.092264e-01 -1.381718e-01 -4.518192e-01 2.728066e+00 -3.937195e+00 2.408562e-01 -6.842084e-01 -1.487383e+00 -1.632340e+00
1.094032e+01 7.526135e-01 -4.011491e+00 -2.400813e+00 -3.645475e+00 -7.469297e+00 -9.921289e+00 7.501940e+00 -1.109516e+01 -5.751888e+00 -5.394337e+00 -1.012161e+00 3.623109e-01 1.657648e+00 2.020431e+00 2.286631e+00 -1.840111e+00 -9.081352e-01 1.367743e+00 -1.603142e+00 -1.525913e+00 1.162964e+00 6.052459e-01 -1.247746e+00
1.236092e+01 1.817427e+00 -2.611191e+00 2.823129e+00 -5.670867e+00 -7.132895e+00 -6.922818e+00 6.948380e+00 -1.156161e+01 -2.839052e+00 -4.333039e+00 1.044345e-02 5.527830e-01 8.915101e-01 4.575937e+00 2.282815e+00 -2.405885e+00 -1.518957e-01 2.271838e+00 -4.290281e+00 -2.163303e-01 1.118894e+00 8.801158e-01 -2.414408e+00
1.140188e+01 1.889816e+00 1.275692e+01 5.835011e+00 -6.275798e+00 -7.700764e+00 4.300752e+00 -7.294189e+00 -1.221836e+01 -5.039961e+00 -1.093054e+01 -6.615956e+00 -8.014727e-01 2.870225e-01 5.335433e-01 1.582178e+00 2.353381e+00 1.668769e+00 5.630245e-02 -1.266033e+00 -1.720058e-01 -1.704722e+00 -8.222958e-01 6.028469e-01
-1.426016e+01 2.038309e+00 -5.627176e+00 -5.104620e+00 2.075355e+00 1.024685e+00 8.213077e+00 2.240874e+00 3.926445e+00 3.096791e+00 1.091092e+01 2.480648e-01 5.677478e+00 -2.556514e-01 2.259680e+00 -2.066984e+00 -1.992121e+00 -3.881378e+00 -4.468385e+00 2.207092e+00 -3.423866e+00 4.064559e-01 -1.632493e+00 -2.216306e+00
1.130104e+01 2.450972e+00 5.989810e+00 4.938720e+00 -1.075413e+01 -7.018688e+00 -5.620216e+00 -1.427897e+00 -1.624319e+01 7.206492e-01 -7.355256e+00 -5.348877e+00 4.790714e-02 4.377410e-01 4.603766e+00 1.475766e+00 -2.068589e+00 -6.332127e-01 2.333459e+00 -5.600398e+00 -1.454868e-01 8.113872e-01 -7.548218e-01 -2.371287e+00
1.002506e+01 2.774182e+00 1.288295e+01 8.601066e+00 -3.626487e+00 -5.855353e+00 -7.441125e-01 -1.229186e+01 -1.290730e+01 -8.544111e+00 -9.262658e+00 -5.728370e+00 -9.883442e-01 1.277710e-01 5.041046e-01 2.245425e+00 2.111664e+00 1.894393e+00 -5.495677e-01 -1.094021e+00 5.374769e-01 -2.033282e+00 -6.171665e-02 3.809471e-02
8.692780e+00 2.738799e+00 5.439372e+00 1.963227e+00 -3.405250e+00 -1.818110e+00 -1.032426e+01 -9.053360e+00 -5.625509e+00 -6.413583e+00 -5.578564e+00 -6.417241e+00 1.427882e+00 -3.244115e+00 -2.634939e+00 -3.128570e+00 -2.510404e+00 2.582828e-01 5.025064e-01 4.248844e+00 -2.447309e-01 3.049112e+00 -3.645030e+00 1.492024e+00
1.245702e+01 -6.308100e+00 -2.921287e+00 -4.940660e+00 -6.701186e+00 -5.647853e+00 -4.131949e+00 3.805768e+00 -2.612490e+00 3.289963e+00 -1.109096e+01 -3.563796e+00 -1.040601e+00 2.770653e+00 2.179144e+00 3.419931e+00 2.727801e+00 1.089422e+00 -7.260291e-01 -4.314019e+00 3.895702e-02 -1.676811e+00 2.906313e+00 -1.718402e+00
9.031445e+00 4.141604e+00 1.350150e+01 1.037869e+01 -3.678577e+00 -1.530379e+00 -1.597198e+00 -1.576390e+01 -1.083149e+01 -7.901084e+00 -8.598952e+00 -7.219110e+00 -1.278720e+00 -1.991088e-02 1.368604e-01 1.711849e+00 1.859176e+00 1.522407e+00 -2.050382e-01 -9.166726e-01 3.954693e-01 -1.831803e+00 -1.153331e+00 -7.661102e-01
7.356358e+00 1.917281e+00 1.423372e+01 1.296251e+01 -1.666280e+00 -4.014368e+00 -5.855560e-01 -1.354996e+01 -1.052717e+01 -1.045546e+01 -1.050846e+01 -7.927430e+00 -1.019559e+00 -2.799876e-01 -3.478905e-01 5.131952e-01 1.766382e+00 1.489134e+00 1.694748e+00 8.105130e-01 -1.058102e-01 -1.689510e+00 -1.100038e+00 -1.439642e+00
7.119663e+00 4.786192e+00 7.118742e+00 6.691320e+00 2.139139e-01 -3.212287e+00 -1.457726e+01 -1.081378e+01 -5.486651e+00 -1.057883e+01 -4.551301e+00 -8.530974e+00 1.166342e+00 -1.279378e+00 -1.176517e+00 -1.922010e+00 -2.267581e+00 1.127108e-01 -3.729978e-01 1.262604e+00 -2.142621e-01 1.580560e+00 -3.310870e+00 1.390573e+00
6.342631e+00 2.218712e+00 1.276584e+01 1.221354e+01 2.039979e+00 -1.009221e+00 3.196282e+00 -1.124851e+01 -1.143107e+01 -1.324330e+01 -1.607429e+01 -9.346977e+00 -8.106334e-01 -5.486429e-01 -1.012249e+00 -3.989077e-01 1.868962e+00 3.500156e-01 2.111191e+00 1.464149e+00 -1.482981e-01 -9.749462e-01 -6.033583e-01 -8.347014e-01
6.457524e+00 5.810385e+00 1.046475e+01 4.767686e+00 2.390229e+00 -2.593804e+00 -1.192552e+01 -6.427698e+00 -8.849968e+00 -1.011578e+01 1.019761e+00 -7.495884e+00 -4.377174e-02 1.492671e+00 4.536852e-01 3.772396e-01 -2.200317e-01 -4.513197e-01 -1.713803e+00 -2.602757e+00 -1.349228e-01 -1.725046e+00 -1.448388e+00 -1.922849e-01
9.327847e+00 -2.768208e+00 4.229494e+00 8.843856e-01 -2.831059e+00 -4.331255e-01 -4.922207e+00 5.709543e-01 -4.416338e+00 1.059869e+00 -1.664760e+00 -4.817686e+00 -1.529166e+00 3.476210e+00 3.058285e+00 3.082093e+00 3.095128e+00 4.190254e-01 -1.953781e+00 -4.371412e+00 -1.603988e+00 -3.906022e+00 3.263380e+00 -1.978723e+00
6.271671e+00 2.335690e+00 1.151133e+01 1.024962e+01 2.346144e+00 1.329740e+00 5.332888e+00 -1.049699e+01 -1.313656e+01 -1.432055e+01 -1.102518e+01 -1.186265e+01 -7.525262e-01 -5.826486e-01 -1.082744e+00 -5.774819e-01 7.155120e-01 -7.346374e-01 1.571988e+00 4.202990e-01 9.520313e-01 5.779187e-01 -2.011839e-01 -3.463082e-01
6.287245e+00 8.734943e-01 5.001644e+00 5.076608e+00 1.265849e+00 -1.469060e+00 -8.243343e+00 -4.034838e+00 -6.555764e+00 -8.275278e+00 2.104972e+00 -9.807236e+00 -1.354503e+00 3.076718e+00 2.631532e+00 2.714726e+00 1.905149e+00 2.710453e-01 -2.789394e+00 -3.623774e+00 -1.018195e+00 -3.891325e+00 1.576385e+00 -1.261256e+00
-2.786518e+00 1.571503e+00 -6.737836e+00 -5.404062e+00 3.774662e+00 7.838285e+00 1.833025e+00 7.171592e+00 9.273542e+00 6.225480e+00 1.220468e+01 2.778564e+00 -7.893156e-01 8.904068e-01 -1.087004e+00 2.318596e-01 1.059445e+00 -1.461214e+00 1.048633e+00 -2.660455e+00 1.468825e+00 1.155532e+00 3.684419e-01 1.134051e+00
5.520621e+00 1.189185e+00 9.801455e+00 9.740596e+00 3.660022e+00 -2.452355e+00 5.999537e+00 -9.969636e+00 -1.026828e+01 -1.084327e+01 -1.135738e+01 -9.425008e+00 -1.030955e+00 -7.208104e-01 -4.080269e-01 2.880152e-01 6.071038e-02 -1.404837e+00 3.313491e-01 -1.071096e+00 1.266123e+00 1.303053e+00 4.700106e-01 5.156919e-01
4.004732e+00 -4.811988e-01 1.030219e+01 1.131157e+01 1.101259e+00 -6.965988e+00 5.872759e+00 -1.208790e+01 -6.348412e+00 -8.765884e+00 -1.387283e+01 -9.619956e+00 -1.287385e+00 -9.272450e-01 -5.324097e-01 2.708701e-01 -5.207987e-01 -4.637990e-01 -3.594356e-01 -5.301166e-01 1.178393e+00 8.147871e-01 2.430921e-01 1.425252e+00
2.321326e+00 2.310443e-02 1.133027e+01 1.312264e+01 2.965974e+00 -3.885542e+00 4.583092e+00 -1.580853e+01 -8.494530e+00 -9.505373e+00 -1.230041e+01 -7.889864e+00 -1.591122e+00 -8.849308e-01 -1.002867e+00 -6.241323e-01 -1.226298e+00 8.683028e-01 -1.410950e-01 -1.180023e-01 9.272388e-01 2.564587e-01 1.238807e+00 1.646405e+00
1.434396e+00 -1.717494e+00 8.084869e+00 9.912949e+00 8.917427e-02 -2.726622e-01 4.243932e+00 -1.022813e+01 -8.131474e+00 -1.091557e+01 -9.338206e+00 -5.503960e+00 -1.434172e+00 -9.091854e-01 -2.184615e+00 -1.173920e+00 1.212339e-02 2.140733e+00 -1.557926e-01 1.255206e+00 1.820724e+00 1.872587e+00 3.418336e+00 2.635313e+00
-1.149819e+00 -2.617321e+00 5.895778e+00 7.319243e+00 -1.965424e+00 -1.457504e+00 6.108476e+00 -1.148953e+01 -4.740559e+00 -8.486137e+00 -7.430665e+00 -3.250979e+00 -1.355257e+00 -1.205491e+00 -2.083757e+00 -1.105275e+00 6.576079e-01 1.715661e+00 -6.648802e-01 2.029509e+00 2.205375e+00 2.066485e+00 2.998583e+00 2.682106e+00
-4.560579e+00 1.061965e+00 2.532212e+00 -2.448342e+00 4.226276e+00 8.146938e+00 7.826453e+00 4.874067e+00 4.242752e+00 8.458989e-01 7.172865e+00 -3.308449e+00 1.341829e+00 9.905731e-03 -2.301787e+00 -4.486745e-01 2.118234e-01 -7.763411e-01 2.225776e-01 -7.794048e-01 1.012929e+00 -5.927305e-01 1.970815e-01 1.369262e-01
-1.430553e+00 -3.706913e+00 2.096361e+00 8.343665e+00 3.627574e+00 2.523658e+00 4.331104e+00 -7.971365e+00 8.782225e-01 8.743477e-02 7.839751e-01 1.237164e+00 -1.332914e+00 -1.012758e+00 -1.574471e+00 -5.817965e-01 6.847284e-01 4.777443e-01 -9.126366e-01 2.656702e+00 3.392093e+00 2.897400e+00 2.315992e+00 2.377138e+00
-4.293844e+00 -5.585122e+00 1.207531e+00 6.473137e+00 2.876978e-01 -2.599945e-01 2.127434e+00 7.053037e-01 7.444963e+00 1.665588e+00 -2.892876e-01 3.681188e+00 -5.131220e-01 5.657583e-01 -1.050474e+00 -7.498397e-01 -6.773772e-01 -8.063946e-01 1.564687e-01 2.804298e+00 2.607647e+00 1.563962e+00 7.122835e-01 1.908627e-01
-3.022484e+00 -5.009640e+00 3.905745e+00 8.380901e+00 4.484814e+00 3.294603e+00 1.215105e+00 -6.789370e+00 -1.972502e+00 -4.674446e+00 -2.368587e+00 2.150103e+00 -8.980865e-01 -4.536523e-01 -1.602066e+00 -1.478797e-01 3.007208e-01 5.929589e-02 -7.149413e-01 3.328206e+00 3.606970e+00 3.237647e+00 2.014202e+00 1.622284e+00
-4.208607e+00 -3.946478e+00 -1.670137e+00 7.515109e+00 1.208119e+00 2.308016e-01 3.635604e+00 8.131634e-01 1.001092e+01 6.913024e+00 3.176975e+00 3.638431e+00 1.486082e-02 1.048277e+00 -9.232965e-01 -3.577652e-01 -2.966872e-01 -1.042146e+00 4.616966e-01 1.861843e+00 2.021537e+00 9.368044e-01 6.508681e-01 -1.754673e+00
-3.393551e+00 -1.855964e+00 7.706290e-02 7.314962e+00 2.205709e+00 -2.057918e+00 2.635706e+00 1.748066e+00 7.895292e+00 -2.143850e-01 -4.519558e-02 -5.506325e+00 1.092340e-01 8.461912e-01 9.483970e-01 -5.195760e-01 8.048971e-01 -2.416293e-01 -7.216230e-01 -5.031853e-01 -2.109311e+00 -9.353490e-01 5.503889e-01 -1.634465e+00
-3.559036e+00 3.044757e+00 -4.003238e+00 -2.213921e+00 2.855098e+00 9.068800e+00 1.070526e+01 8.303872e+00 6.745306e+00 5.298868e+00 1.104741e+01 1.256301e+00 8.357561e-01 -9.598166e-01 -1.233626e+00 -1.331981e+00 -9.653460e-01 1.394514e-01 -1.072452e+00 6.868356e-01 -5.488272e-02 -1.622422e+00 2.607409e-01 -2.029498e+00
-3.403102e+00 -1.409703e+00 -3.680694e-01 5.027363e+00 1.879035e+00 2.358627e-02 3.903198e+00 2.248857e+00 7.924744e+00 2.113511e+00 1.572612e+00 1.447314e+00 2.582094e-01 1.187603e+00 5.589373e-01 -1.074756e-01 1.089961e+00 -1.501446e-02 5.165411e-02 6.413881e-01 4.532245e-01 -7.706766e-02 -3.360724e-01 -1.817866e+00
-3.410325e+00 -6.923645e-01 3.128618e+00 6.035832e+00 5.238707e+00 8.092928e-01 2.885653e+00 3.444793e+00 1.076890e+01 4.843954e+00 -3.585644e-01 -8.357656e-01 -9.222984e-02 3.185188e-01 -1.058024e-01 -5.953549e-01 3.802384e-01 2.071518e-01 -5.260294e-01 -8.107712e-01 -2.057798e+00 -4.348560e-01 1.616120e+00 5.443799e-01
-3.658825e+00 -7.419086e-02 1.323505e+00 4.412994e+00 3.552769e+00 -1.370198e+00 5.362611e-01 -2.300731e+00 -1.957709e+00 8.710577e-01 6.894508e+00 -3.392357e+00 -2.389135e-01 1.763895e-01 -6.189283e-01 -6.606053e-01 3.646597e-01 9.939486e-01 -1.019017e-01 5.186281e-02 -1.219409e+00 1.446846e-01 1.960127e+00 2.572412e+00
-3.731614e+00 -7.079952e-01 -1.520303e+00 3.501573e+00 3.106697e+00 7.154856e-01 2.322773e+00 2.193993e-01 2.562257e+00 -6.034904e-01 6.183362e+00 3.112229e+00 -4.127330e-01 2.093947e-01 -5.955094e-01 1.822136e-01 -1.147192e-01 6.844862e-01 -1.484544e-01 3.723219e-01 -5.235457e-01 -2.437352e-01 1.236421e+00 1.385882e+00
-4.427474e+00 -9.662011e-01 -6.931182e-01 5.279066e+00 5.095012e+00 2.958729e+00 2.407638e+00 3.620077e+00 5.901566e+00 3.232760e+00 6.484473e+00 5.381736e+00 -5.276769e-01 4.582482e-01 5.085085e-01 8.078395e-01 4.095110e-01 7.689873e-01 -4.336526e-01 7.594453e-01 2.024580e+00 5.554551e-01 -9.876423e-01 1.305153e+00
-5.089665e+00 8.006144e-01 1.159382e+00 6.513865e+00 3.893990e+00 2.067260e+00 1.207693e+00 2.345998e+00 4.221534e+00 2.444427e+00 6.028558e+00 1.706598e+00 -4.096437e-01 5.378110e-01 1.211918e-01 -4.481368e-01 3.495338e-01 5.101094e-02 -1.984789e+00 -1.324048e+00 1.525516e+00 7.323185e-01 -2.154513e+00 -7.867001e-01
-7.196535e+00 3.460512e+00 2.157671e-01 -1.912815e+00 4.672123e+00 6.635544e+00 5.429719e+00 2.770878e+00 1.109062e+01 9.500589e+00 9.810221e+00 5.121464e+00 3.830787e-01 -7.496018e-01 8.507157e-03 -4.028853e-01 -3.842433e-01 -1.231138e-01 -2.362833e-01 7.497347e-01 -1.262385e+00 -2.288415e+00 -7.024029e-01 -2.656134e+00
-5.508302e+00 4.787178e+00 -7.469026e-01 3.663399e-01 9.698781e+00 8.135442e+00 -9.758892e-01 -2.177804e+00 1.123166e+01 5.122710e+00 1.003508e+01 7.811887e+00 -3.141409e-01 -5.679194e-01 -6.218209e-01 -8.104075e-01 -1.045118e+00 5.419706e-01 -1.481194e+00 -1.198057e+00 -1.450405e+00 -2.203807e+00 6.488863e-01 -7.958568e-01
-5.552798e+00 5.648300e+00 4.270029e-01 2.080432e+00 9.853168e+00 9.330310e+00 2.121113e+00 4.195710e+00 6.714499e+00 9.552076e-01 9.172971e+00 5.575939e+00 -3.905259e-01 2.518425e-01 1.989472e-01 -2.383364e-01 2.818119e-01 1.123772e+00 9.409534e-01 1.025293e+00 9.061894e-01 7.520091e-01 7.306423e-01 1.614118e-01
-5.421175e+00 6.254066e+00 1.695650e-01 -1.152104e+00 9.432619e+00 1.104161e+01 6.738010e+00 7.089850e-01 1.015636e+01 9.465607e+00 1.015194e+01 7.842560e+00 -4.651282e-01 -3.525905e-01 -5.405601e-01 -5.645031e-01 -4.966530e-01 1.184646e+00 -1.743258e+00 -8.154505e-01 8.636510e-01 -2.021107e+00 9.079289e-02 -8.285222e-02
-6.207776e+00 4.765205e+00 1.762350e+00 1.411082e-01 8.047419e+00 1.265970e+01 2.690842e+00 5.701729e-01 9.430130e+00 7.057234e+00 6.881796e+00 5.763988e+00 -1.109875e-01 1.238174e-01 -2.020203e-01 -3.987048e-01 -1.143195e+00 1.930908e-01 -2.344625e-01 -7.275963e-03 -2.659782e-01 -1.253513e+00 -8.299923e-02 -6.061660e-01
-6.932568e+00 4.532045e+00 1.650207e+00 -5.191898e-02 5.629503e+00 8.108421e+00 3.936879e+00 1.687135e+00 9.830702e+00 8.434194e+00 1.165191e+01 8.545089e+00 1.399994e-03 -6.606503e-02 3.269024e-02 -1.396521e-01 3.434298e-01 -6.693341e-01 9.102237e-01 3.028443e-01 -4.800677e-01 8.075962e-01 1.224425e-01 9.941255e-01
-5.618184e+00 1.462746e+00 2.526205e+00 6.946046e+00 5.206677e+00 1.798851e+00 -1.074462e+00 4.331962e-01 7.335550e+00 2.124375e+00 2.033699e+00 3.836222e+00 -9.392719e-02 9.952938e-01 -3.508288e-01 -1.799011e+00 7.771878e-02 -3.068903e-01 -1.451643e+00 -2.156686e+00 1.851800e-01 -3.990455e-01 -1.398472e+00 -2.036480e-01
-5.932863e+00 4.861909e+00 -1.472130e+00 1.303334e-01 7.791059e+00 5.560854e+00 9.540091e-01 -2.815513e+00 7.974911e+00 8.907257e+00 9.567827e+00 4.776704e+00 2.048748e-01 8.646375e-02 -2.977613e-01 1.217107e-01 1.274727e+00 5.048636e-01 4.477258e-01 3.431095e-01 2.340635e-01 -3.472643e-01 8.050871e-01 1.934537e+00
-6.041751e+00 4.624931e+00 -2.837682e-01 -2.067814e+00 5.232342e+00 7.693312e+00 3.062630e+00 1.657435e+00 7.983639e+00 2.420399e+00 5.249742e+00 5.296151e+00 -4.916658e-02 -2.831419e-01 -2.749172e-01 -1.014388e+00 -1.147017e+00 -1.738612e-01 3.020267e-01 -2.653882e-01 6.254050e-01 -2.467694e-01 -1.571123e+00 -1.018368e-01
-6.527990e+00 5.409614e+00 1.043861e+00 -2.204264e-01 7.460857e+00 6.157929e+00 1.925396e+00 -7.652327e-01 4.267868e+00 7.818478e+00 1.311452e+01 5.754944e+00 -2.558804e-01 5.351901e-03 -6.742878e-02 -7.029508e-01 -4.245652e-01 -1.333742e-02 4.517852e-01 1.836559e-01 1.169715e+00 -1.357985e-01 -1.128570e+00 1.810465e-01
-6.969139e+00 3.590134e+00 -1.553917e+00 -1.116066e+00 6.066675e+00 8.460784e+00 3.641209e+00 3.722031e+00 9.457914e+00 9.275088e+00 1.316989e+01 7.979804e+00 -6.258184e-01 -3.066821e-02 2.015211e-01 -1.111484e-01 -8.633988e-01 -3.420980e-01 -2.777683e-01 -9.050120e-02 -4.181604e-01 3.488901e-01 -2.828411e-01 -8.929008e-01
-5.900928e+00 4.505095e+00 -1.510868e+00 -4.492764e-01 4.172088e+00 1.067133e+01 2.746399e+00 1.868085e+00 8.723701e+00 3.254742e+00 1.041631e+01 4.204706e+00 1.624966e-02 -4.786017e-02 -1.865756e-01 1.958125e-01 2.719959e-01 -6.207652e-01 -2.920182e-02 -2.207339e-02 2.955238e-01 4.827365e-01 1.250504e+00 9.903695e-01
-4.387896e+00 5.089625e+00 6.643095e-01 -1.174832e+00 7.132898e+00 5.462088e+00 7.479600e+00 -1.293117e+00 5.338655e+00 1.086340e+01 1.111668e+01 8.501657e+00 -3.274092e-01 5.595465e-02 -3.317169e-01 3.105072e-01 7.431485e-01 1.092623e+00 -1.765257e+00 2.327273e-02 1.660372e+00 -1.287917e+00 -3.127926e-01 -2.038640e-01
-6.004749e+00 5.293035e+00 -2.900004e+00 -1.803971e+00 5.880197e+00 6.471713e+00 5.381490e+00 1.445167e+00 6.437634e+00 2.507764e+00 1.001064e+01 7.937701e+00 2.076648e-01 -2.803265e-01 1.048172e-01 -4.458962e-01 -7.595340e-01 6.336188e-01 1.956622e+00 1.096151e+00 3.042110e-01 4.108329e-01 2.854438e-01 1.985982e-01
-7.544943e+00 4.874191e+00 1.693395e-01 -2.213846e+00 2.352686e-01 2.665942e+00 3.738101e+00 -3.608560e-01 5.820817e+00 6.833812e+00 6.603004e+00 4.352093e-01 2.379399e-01 2.283440e-01 -3.109644e-01 1.902415e-01 -4.265632e-02 -7.788235e-01 -5.318843e-01 -1.177718e+00 -3.672437e-01 -4.538155e-01 -3.669615e-01 -7.965482e-01
-5.006825e+00 4.086488e+00 -3.020098e-01 -6.271831e-01 5.044755e+00 6.941501e+00 1.274462e+00 -5.299819e-01 2.769632e+00 3.831988e+00 8.930975e+00 4.251025e+00 -3.390120e-01 1.090707e+00 8.168305e-01 1.457535e-01 1.014648e+00 1.686254e+00 1.900882e+00 1.586670e+00 -7.897269e-01 8.713974e-01 3.644133e+00 1.194180e+00
-6.153334e+00 3.477896e+00 -1.332885e+00 -4.767934e+00 3.366692e+00 1.004864e+01 2.991053e+00 -4.928025e+00 6.710407e+00 3.628208e+00 1.211144e+01 8.432282e+00 1.240873e-01 -1.122440e-01 -1.921990e-01 -2.002228e-01 -1.440662e+00 -1.495117e-01 2.607289e-01 -2.548200e-01 -2.249508e+00 -1.557145e+00 3.117540e-02 -4.672070e-01
-5.647321e+00 5.171312e+00 5.885156e-01 9.880784e-01 8.378469e+00 7.896726e+00 8.393654e+00 4.789009e+00 6.124023e+00 1.001025e+01 9.582294e+00 8.711100e+00 2.833194e-01 -2.115083e-01 -6.717548e-01 -3.944973e-01 -6.692823e-01 1.686144e-01 6.509010e-01 1.399186e+00 -4.680870e-02 -1.081890e+00 -1.126627e-01 -1.380042e+00
-5.592521e+00 3.638113e+00 -1.693570e+00 -3.418954e+00 4.940273e+00 8.668426e+00 1.947110e+00 -4.464897e+00 -1.903925e-01 2.763065e+00 1.338136e+01 4.227513e+00 3.005724e-01 3.507361e-01 2.233550e-01 -3.957758e-02 -7.976105e-01 -1.687848e-01 1.451845e+00 1.075252e+00 -7.535564e-01 -2.079636e-01 -8.178576e-01 -4.657168e-01
-4.758629e+00 6.267378e+00 -3.180963e-01 -2.605710e-01 4.608562e+00 1.002756e+01 6.580155e+00 5.784318e-01 4.619843e+00 2.859704e+00 8.634676e+00 7.298712e+00 1.928610e-01 3.608285e-01 4.943542e-01 1.286031e+00 7.360853e-01 -7.846748e-01 4.493884e-01 1.449222e+00 1.174883e+00 1.105100e+00 -1.482433e+00 -8.115512e-01
-5.633893e+00 4.528036e+00 3.608617e-01 9.953578e-01 6.972358e+00 6.808454e+00 3.967158e+00 -1.369785e-01 8.235043e+00 8.301667e+00 7.547864e+00 3.463239e+00 -5.164641e-01 -4.560329e-01 2.744497e-01 1.772521e-01 7.854595e-01 6.423007e-01 -8.626202e-01 3.260287e-01 1.056933e+00 1.320300e+00 1.979959e-01 -1.139730e-01
-4.849704e+00 4.027282e+00 -6.055686e-01 -6.727542e-01 5.031334e+00 1.682668e+00 -1.316670e+00 -3.586655e+00 4.201809e+00 6.535988e-01 3.688301e+00 5.241052e+00 3.084240e-02 1.169101e+00 -1.976409e-01 -1.078581e+00 9.539202e-01 2.045394e+00 1.352573e+00 1.180244e+00 -7.945317e-01 -2.118642e-01 2.557333e+00 7.778974e-01
-5.184478e+00 7.665868e-01 -2.524005e+00 4.273987e-01 4.798533e+00 1.550479e+00 -5.860121e+00 -4.807399e+00 9.472847e+00 3.612295e+00 -2.363815e+00 -4.851413e-02 9.341602e-02 9.136284e-01 -6.054557e-01 -2.190089e+00 2.126186e-01 9.632298e-01 -1.086702e-02 -9.771811e-01 -6.037544e-01 1.304345e-01 7.459434e-01 6.493683e-01
-5.857985e+00 3.959207e+00 -6.334798e-01 -1.803845e-01 6.844667e+00 6.869228e+00 5.083777e+00 1.251966e+00 7.092000e+00 1.049247e+01 1.080712e+01 7.594835e+00 3.143412e-01 -2.678062e-02 9.704216e-02 1.849051e-01 3.003541e-01 2.453440e-01 1.369573e+00 7.641407e-01 -2.985674e-01 1.057663e+00 -2.732424e-01 -1.360858e-01
-4.702792e+00 5.146117e+00 -1.375216e-01 -2.085229e+00 5.089793e+00 7.302057e+00 4.488784e+00 4.452257e-01 8.509163e+00 4.467144e+00 7.684175e+00 6.050088e+00 -3.628501e-01 -1.835300e-01 9.582648e-02 5.861705e-01 4.616600e-01 -3.634395e-01 7.752004e-02 1.565845e+00 2.291181e+00 1.846601e+00 -1.509739e-01 3.669110e-01
-5.431830e+00 3.746696e+00 1.937994e-01 -2.034915e+00 3.385807e+00 9.348545e+00 1.016367e+01 2.882826e+00 1.086532e+01 9.932283e+00 1.141744e+01 6.244822e+00 -2.172907e-01 -2.452941e-01 7.453538e-01 9.507752e-02 -8.823470e-02 1.355160e-01 3.406336e-01 6.188465e-01 8.337992e-01 1.350343e+00 -1.625667e-01 -4.516210e-01
