-4.096748e-01 1.807207e+00 1.684059e+00 -1.785143e+00 1.611257e-01 -3.424974e+00 -1.647627e+00 -5.545254e-01 -2.804304e+00 -1.980191e+00 1.301830e+00 6.887379e-01
-5.889529e-01 1.740397e+00 2.619606e+00 -3.831088e-01 1.401204e-01 -3.324026e+00 -1.596276e+00 -1.318242e+00 -6.934040e-01 -3.478104e-01 2.358383e+00 9.646046e-01
-2.491456e-01 4.963999e-01 -7.786430e-01 -3.837062e+00 -7.374880e-02 -1.838787e+00 -8.854316e-01 2.854674e-01 -1.843409e+00 -1.627974e+00 2.434594e+00 1.098479e-01
-4.293508e+00 -1.969915e-01 -9.450769e-01 2.563868e+00 1.176996e+00 2.837700e+00 1.835812e+00 1.174298e+00 6.877195e-01 -1.432676e-01 -9.474837e-01 -6.113648e-01
-3.627004e+00 5.981081e-01 -1.376385e+00 2.822694e+00 3.391953e-01 3.355869e+00 1.783245e+00 1.128630e+00 1.220060e-01 3.434706e-01 -7.972444e-01 -8.880423e-01
-2.027614e-01 -1.357497e+00 -1.634650e+00 -3.794224e+00 -3.598228e-01 -7.760643e-01 2.544078e-01 9.057721e-01 2.278245e-01 5.705733e-01 2.455053e+00 3.866405e-01
1.125324e+00 -2.032197e+00 -1.388645e+00 -1.875712e+00 -3.880447e+00 -3.177035e+00 -2.817317e+00 9.413289e-01 1.961627e+00 -1.582983e+00 1.695815e+00 -2.272187e+00
-1.170901e+00 1.463358e+00 2.154576e+00 9.942421e-01 -7.539780e-01 -7.932408e-01 -8.009576e-01 -3.789515e-01 1.825916e+00 1.314504e+00 1.471319e+00 4.646582e-01
-1.804025e+00 2.620437e-02 5.721020e-02 1.227958e+00 1.096937e+00 5.451742e-01 -5.975580e-02 5.054876e-01 -7.247448e-02 3.575688e-01 5.919442e-02 8.978616e-01
3.555098e+00 -1.815771e+00 -5.012797e-01 -3.493712e-01 -6.243077e+00 -5.769115e+00 -4.715669e+00 -5.295978e-01 -3.031974e-02 -2.388858e+00 -1.151510e+00 -4.010942e+00
9.916367e-02 -1.017212e+00 -3.300175e-01 -1.725019e+00 -2.651932e-01 -1.517975e-01 -1.388120e+00 1.494921e+00 2.012511e+00 -7.269868e-01 3.707787e+00 8.692255e-01
-2.307131e-01 -9.341487e-01 1.853245e-01 8.984811e-01 -1.869750e-01 8.599537e-01 -3.238722e-01 -1.553354e+00 -1.510576e+00 3.391941e-01 1.788967e+00 -5.385398e-01
2.709717e-01 -9.905356e-01 -5.664065e-01 -1.488536e+00 1.630009e+00 -1.101444e-01 -2.362313e+00 -5.859121e-02 -7.300298e-01 -7.024161e-01 2.829916e+00 1.849543e+00
1.658913e+00 -4.253455e-01 -2.742027e-01 -5.461077e-02 -1.964145e+00 -1.236703e-01 5.369066e-01 -9.032806e-01 -1.480134e+00 -1.161860e+00 6.140646e-01 5.384126e-01
1.268560e+00 2.185408e-01 6.578371e-01 1.068881e+00 -8.254109e-02 1.345109e+00 1.496073e+00 4.094248e-01 -1.960707e+00 -1.223769e+00 -7.113265e-01 -1.334333e+00
5.129448e+00 -1.800147e+00 5.741655e-01 9.683145e-01 -6.567011e+00 -6.164999e+00 -4.275236e+00 -1.507918e+00 -1.501095e+00 -2.901392e+00 -3.215593e+00 -3.895557e+00
3.858016e-01 -5.231010e-01 -7.125355e-01 -1.413581e-01 2.133368e+00 7.750950e-02 -7.195400e-01 -2.732627e-01 -1.206675e+00 -2.757041e-01 2.243248e+00 2.591911e+00
-2.431343e-01 2.766971e-01 3.584240e-01 -1.886215e-01 1.090350e+00 8.865635e-01 5.959700e-01 2.977400e-01 1.004076e-01 -1.365923e-01 -8.139915e-01 -1.397661e+00
2.592696e-01 4.342818e-01 -8.944034e-04 6.286646e-01 2.586496e-01 1.543350e-01 1.011214e+00 1.932234e+00 8.569978e-01 1.271199e-01 -7.226535e-01 -2.288438e-01
1.224591e+00 -8.178872e-01 -6.311584e-01 -1.328006e+00 -2.403073e+00 -1.562299e+00 7.968704e-02 -1.238609e+00 -9.945191e-01 -3.034596e-01 2.741458e-01 2.155941e-01
-8.316714e-01 -1.471825e-01 -6.530473e-01 6.807863e-01 4.207362e-01 1.160892e+00 1.314423e+00 1.158381e+00 1.088891e+00 1.148145e+00 -8.365264e-01 -6.968412e-01
1.057104e-01 8.243560e-01 7.051636e-01 2.160843e-01 -6.871306e-01 5.471876e-01 8.469806e-01 2.613010e-01 5.354127e-01 -5.860187e-01 -5.911189e-01 2.908049e-02
6.999441e-01 1.364960e+00 1.291293e+00 1.543889e+00 1.254876e+00 1.776481e+00 2.418057e+00 1.739292e+00 -8.564879e-01 -1.287694e+00 -5.754963e-01 -7.129081e-01
8.460438e-01 3.338773e-01 -3.745525e-02 -5.508354e-02 -2.596425e-01 -9.283309e-01 -1.788678e+00 -1.354722e-01 7.833222e-01 -4.602287e-01 -9.648935e-01 -2.045697e-01
-2.496669e-01 5.658879e-02 1.522693e-01 -3.697593e-01 -9.769756e-01 3.312261e-01 8.191740e-01 1.731467e-01 3.975894e-01 1.854159e+00 -3.205892e-01 -1.346145e+00
-9.847327e-02 1.494656e-02 2.254963e-02 4.048505e-01 1.250911e+00 2.099178e+00 -3.450277e-01 2.867244e-01 5.476048e-02 -2.107342e-01 -5.644275e-01 3.357578e-01
5.830975e-01 9.915932e-01 4.011226e-01 6.416745e-02 -8.277473e-01 -8.871059e-01 -1.185480e+00 -6.320441e-01 -1.353546e+00 -4.896881e-01 -1.266413e-01 -6.659870e-02
-9.184132e-02 3.367821e-01 1.324494e+00 9.297720e-01 2.009114e+00 3.771943e-01 2.626218e-01 7.014810e-01 6.378642e-01 1.311344e-01 -3.021266e-02 -1.209277e+00
7.070827e-03 2.420312e-01 -3.328518e-01 -2.073964e-01 -8.044078e-01 -1.189539e+00 -8.813783e-01 1.145579e+00 1.062723e+00 1.740677e-01 1.002057e+00 2.023281e+00
1.287823e-02 -5.051435e-01 -8.926767e-01 -2.796084e-01 1.510363e-01 -1.589375e+00 -1.002039e+00 5.314289e-01 1.199190e+00 6.384659e-01 3.878065e-01 2.863052e-01
-2.501135e-02 -3.656375e-01 -1.281588e+00 -3.732835e-01 2.567895e-01 7.567493e-01 1.109030e+00 -4.251060e-01 1.064262e-02 1.054136e+00 1.271427e+00 2.025950e+00
-1.383906e-01 -1.147700e-01 4.398364e-01 3.227352e-01 -3.495326e-01 -2.013535e-01 -8.302196e-01 -8.922052e-02 1.558877e-02 -6.916431e-01 -1.019064e+00 -2.928719e-01
3.856956e-01 5.749314e-01 1.198944e+00 4.273531e-01 -3.482057e-01 1.017767e+00 -8.262072e-02 -1.313274e+00 -1.093452e+00 -1.028013e+00 -1.003440e+00 -8.658662e-02
-6.615225e-01 8.445817e-01 1.993611e-01 -3.047028e-01 -1.328647e+00 -9.170233e-01 3.545046e-01 -6.385725e-01 -5.577976e-01 1.864718e+00 1.053335e+00 4.698758e-01
-2.159719e-01 -4.779628e-01 -5.271411e-02 -3.104567e-01 1.049626e+00 8.452432e-01 1.775650e-01 6.550956e-01 1.097365e+00 7.077695e-01 9.943571e-01 9.761604e-01
1.112428e-01 5.814134e-01 -1.195440e-01 -6.682823e-02 -8.375213e-01 -1.299979e-01 -3.213396e-01 -7.545496e-01 -1.714244e+00 -1.223808e+00 1.404292e+00 1.432659e+00
1.790276e-01 5.276155e-01 5.097287e-01 -1.901124e-01 -1.128486e+00 -8.329870e-01 -5.796961e-01 4.944930e-01 5.526667e-02 -8.081266e-01 -8.448442e-01 -4.121975e-01
-5.935383e-02 9.864277e-02 -9.773462e-01 -5.747235e-01 -6.308711e-01 -3.774072e-01 -1.922307e-01 -1.016353e+00 -9.142499e-01 6.194161e-01 9.371164e-01 1.980258e+00
-5.317926e-02 4.012704e-01 6.457791e-02 6.065657e-01 2.742087e+00 1.485410e+00 -3.668987e-01 -1.979134e-01 1.597139e+00 -1.476085e+00 -1.519836e+00 5.120240e-01
6.208211e-01 5.824702e-02 4.694832e-01 -5.168106e-01 -3.508837e-01 -1.180419e-01 -9.269331e-01 -1.020731e+00 7.151103e-01 5.568017e-01 2.785754e-01 -6.571311e-01
1.399593e-02 -4.663113e-01 -2.907832e-01 -4.076768e-01 6.087548e-01 7.294387e-01 5.901595e-01 -1.081993e+00 9.259528e-01 1.091324e+00 5.877266e-01 -6.376942e-01
-2.762133e-01 8.529584e-01 1.412000e+00 1.322829e+00 1.910292e+00 1.973129e+00 7.863766e-01 1.369611e+00 -1.212239e-01 4.951081e-02 6.099876e-01 1.575694e-01
-3.804401e-01 -7.282051e-01 -4.128088e-01 -7.539819e-01 1.172682e-01 -5.721020e-01 8.960339e-01 1.256261e+00 -1.803165e-01 -4.270600e-01 1.621377e+00 2.428885e+00
-3.788719e-01 9.242600e-01 6.320955e-01 3.493516e-01 9.036819e-01 1.480068e-01 3.408734e-01 8.751203e-01 -1.155953e-01 9.400519e-01 5.810208e-01 -6.138903e-01
-6.008234e-01 8.405995e-01 7.477537e-01 3.824923e-01 -1.749500e+00 -1.706459e+00 -2.205069e+00 -2.263962e+00 -8.739231e-01 -3.062093e-01 5.607713e-01 9.804193e-01
1.707077e-01 -5.133361e-01 -7.398022e-01 1.704353e-01 1.404096e+00 8.761788e-03 7.434363e-01 9.672854e-02 -1.633010e+00 1.719310e-01 2.894809e-01 1.462541e+00
1.299862e-01 3.201001e-01 6.016032e-01 -4.502678e-01 -7.152667e-01 -3.358650e-01 6.330132e-01 1.484639e-01 3.980220e-02 -8.435284e-01 -1.494417e+00 -1.867838e+00
-5.792227e-02 -5.977116e-02 1.670810e-01 2.077740e-01 3.797789e-02 2.357067e-01 -4.931796e-01 -1.246227e+00 -1.880093e+00 -1.198030e+00 1.150350e+00 4.843289e-01
-1.391142e-01 -6.125355e-01 3.851136e-02 -1.093114e+00 4.101880e-01 -1.898265e+00 -1.849432e+00 -1.195338e+00 6.793975e-01 8.461507e-01 4.569215e-01 1.028244e-01
1.450348e-02 -2.431022e-01 6.964706e-01 -9.472746e-01 -1.252952e+00 -6.478898e-01 -8.223267e-01 -1.311589e+00 -1.248697e+00 -6.427929e-01 -1.508341e+00 -1.182730e+00
-2.777080e-01 1.744565e+00 1.213423e+00 1.334905e+00 2.010298e+00 2.781359e-01 -1.079057e+00 5.339512e-01 -3.298006e-01 -1.855899e+00 -2.099664e+00 -1.470591e+00
2.105692e-01 1.825946e-01 3.564447e-01 -3.930649e-01 -4.794293e-01 -2.030987e-01 7.643995e-01 4.648533e-02 -8.823240e-01 -5.633758e-01 -1.712392e+00 -1.367769e+00
-5.094191e-01 -3.808933e-01 -1.358430e+00 -7.229422e-01 -1.445618e+00 -1.028927e+00 -8.716848e-01 -1.872554e+00 -5.325006e-01 -4.408121e-01 7.338317e-01 1.160926e+00
9.841850e-01 -4.138091e+00 9.803155e-01 6.819777e-01 -1.280918e+00 5.443321e-01 6.524205e-01 -3.371929e+00 -2.355768e+00 1.201130e-01 3.002312e+00 -1.374125e+00
-2.360973e-01 -3.066081e-01 -8.829144e-01 4.711737e-02 -8.176583e-01 -6.156676e-01 -8.746876e-01 -2.341566e+00 -2.342817e-01 -6.228272e-01 -6.533419e-01 -4.916579e-01
-8.258940e-01 3.931809e-01 5.431599e-01 -1.338911e-01 -1.299098e+00 -1.077103e+00 -1.722934e+00 -2.052170e+00 -6.914338e-01 -1.041227e+00 1.159777e-01 1.054953e+00
-6.911946e-03 -6.165408e-01 -1.799457e-01 -8.586823e-01 -9.555407e-01 -8.025910e-01 -4.507678e-01 -2.596025e-01 -7.667885e-01 1.434035e-01 1.669185e+00 -8.905213e-02
2.035495e-01 -2.065768e-01 -1.497822e-01 -9.652023e-02 4.099340e-01 -6.929613e-01 3.023790e-01 1.743601e-01 5.888758e-02 -3.219717e-01 -1.644968e-01 -8.990768e-01
-1.620571e+00 -2.104388e+00 -2.377717e+00 -2.010957e+00 -6.693230e-02 4.838815e-01 -5.772828e-01 1.204022e+00 3.089859e+00 3.203622e+00 8.515309e-01 -2.838050e-01
-5.724576e-01 -9.119532e-01 -1.138564e+00 -9.165037e-01 -1.683080e+00 -1.434663e+00 4.671364e-02 -5.779825e-01 1.290956e-01 4.567393e-01 1.112894e+00 1.644397e+00
2.715577e-01 -6.569071e-02 4.701191e-01 5.051391e-01 7.037995e-01 2.386276e-01 1.274363e+00 7.195641e-01 6.738327e-01 5.645994e-01 4.075693e-01 -6.153520e-01
-2.489281e-01 1.026606e+00 6.943018e-01 -4.332571e-02 1.702205e+00 1.049722e+00 -1.685618e-01 6.980796e-01 1.170611e+00 -6.702288e-01 -1.004587e+00 4.939043e-01
-1.914634e+00 -9.563792e-01 -9.330732e-01 -1.156021e+00 7.091253e-01 -1.008737e+00 -2.309397e+00 -9.223126e-01 3.006343e+00 2.863317e+00 2.496578e-01 -7.941890e-02
4.001210e-01 -1.687884e-01 4.171430e-01 8.611124e-01 9.912642e-01 5.900742e-01 9.898649e-01 9.796528e-01 5.791990e-01 9.703172e-01 1.269301e-01 -4.363166e-01
4.093996e-01 -1.792338e-02 -1.005088e+00 -1.459378e+00 -8.031105e-01 6.224034e-02 1.730899e+00 1.142573e+00 1.086392e+00 4.491793e-01 1.108452e-01 -8.829234e-02
-2.831016e-01 1.563919e+00 -2.097255e-01 1.776844e-01 1.320052e+00 -4.042231e-01 -9.157866e-01 1.211624e+00 2.134146e-01 8.364012e-01 7.008400e-01 1.091973e+00
-1.556944e+00 4.852439e-01 5.650425e-01 -2.759600e-03 1.651267e+00 -1.312466e+00 -2.462871e+00 5.438095e-01 2.182316e+00 3.543743e-01 -2.150896e+00 -1.156948e+00
3.692780e-02 -3.837811e-01 -8.876626e-01 3.009987e-01 7.069348e-01 -1.629839e-01 9.091099e-01 1.145097e-01 -1.018435e+00 1.754923e-01 -1.518842e+00 2.061143e-01
1.128126e-01 -3.166826e-01 -4.927877e-01 -5.813218e-01 -2.125664e-01 -2.639280e-01 -6.407872e-01 -2.824537e-01 -4.757466e-02 -9.821871e-01 -1.075714e+00 -1.452097e+00
1.434881e+00 -4.195812e-01 -9.927597e-01 -1.980016e+00 -1.270958e+00 -7.137288e-01 2.583326e-01 -8.878716e-01 7.548452e-04 -4.100129e-01 -1.102896e-01 -9.034941e-02
2.436946e-01 -1.738079e-01 -2.293392e-01 5.639306e-01 6.062803e-01 1.011396e-01 1.101832e+00 2.756836e-01 9.156538e-01 -1.958975e-01 -6.863343e-01 -8.308685e-01
6.216815e-01 3.219743e-01 4.386890e-02 3.229743e-01 8.230239e-01 -1.001303e-01 6.351777e-01 -7.840046e-01 2.658362e+00 -7.484605e-01 -4.792437e-01 2.270621e+00
-1.104380e+00 4.690559e-01 9.684607e-01 -1.035604e+00 -1.589900e+00 6.963586e-01 8.984499e-01 -2.172204e-01 -4.467065e-01 -6.483340e-01 1.819261e-01 1.421086e+00
4.256537e-01 -3.070955e-01 4.845836e-02 8.210872e-01 1.205666e+00 5.570437e-01 9.364136e-01 3.830699e-01 1.079490e+00 4.386179e-01 2.763216e-01 -8.587760e-01
-8.252236e-01 7.455421e-01 8.950936e-01 -8.626989e-01 1.832339e-01 -4.422047e-01 8.343622e-01 8.870722e-01 1.310274e+00 1.684503e-01 -7.238347e-01 5.909160e-01
2.329734e-01 -1.255918e-01 -4.931994e-01 8.542604e-01 8.058169e-01 8.883905e-01 3.337884e-01 -7.327905e-02 8.314927e-01 4.760596e-01 -1.774353e-01 -8.939012e-01
2.415794e-01 -7.969437e-02 -6.586380e-01 5.181103e-01 6.797565e-01 4.858627e-01 -1.535589e-01 -6.936269e-02 1.731584e-01 6.125802e-01 -7.135161e-01 -2.467242e-01
-1.202200e+00 6.496498e-01 8.772237e-01 -1.351723e+00 -1.092864e+00 -2.363611e-01 6.226528e-01 1.121256e+00 7.038881e-01 2.861272e-01 1.034021e+00 4.356758e-01
-2.128876e-01 -3.058911e-01 -1.190490e+00 -6.512090e-01 -8.605384e-01 -8.772900e-01 1.960816e-01 2.777833e-01 2.848953e+00 1.060483e+00 1.677579e+00 2.014052e+00
6.913756e-01 8.382501e-02 -1.111616e-01 6.691618e-01 6.941498e-01 1.228088e+00 -5.956086e-01 3.023611e-01 3.531073e-01 1.220790e+00 -3.890695e-01 7.798347e-01
1.066813e+00 3.806537e-01 -1.688879e-02 1.411102e-01 4.767562e-01 9.576022e-01 -1.361128e+00 -3.539839e-02 3.711736e-01 1.664159e+00 -5.747776e-01 1.108983e+00
-7.413281e-01 2.013576e+00 4.802324e-01 2.128671e+00 3.515458e+00 2.676006e+00 5.426567e+00 -2.082340e+00 -4.567988e-01 -6.208304e-01 -4.986539e-01 6.583560e-01
1.282380e+00 5.547961e-01 -3.953012e-01 5.687190e-01 1.212880e-01 5.560525e-01 -1.746012e+00 -6.211990e-01 -4.425609e-01 1.530160e+00 -1.092554e+00 8.501807e-01
-1.288080e+00 6.981772e-01 4.258055e-01 2.578592e+00 3.387082e+00 2.388181e+00 3.183802e+00 -5.405325e-01 -2.079988e+00 -1.924694e+00 -1.756879e+00 -7.576580e-01
9.300550e-01 8.356861e-01 -6.546626e-01 1.175886e+00 1.247170e-01 6.376611e-01 -1.814041e+00 -5.762817e-01 -1.732938e+00 1.588493e+00 -1.726732e+00 -1.696630e-01
-3.361754e-01 2.488728e+00 1.289617e-01 1.301591e+00 2.212411e+00 3.002321e+00 6.281547e+00 -2.494211e+00 1.111165e-01 7.720942e-01 5.262393e-01 2.262182e-01
4.384587e-01 2.131390e+00 -8.608732e-01 2.079323e+00 1.713857e+00 2.532547e+00 2.426359e-01 -4.388722e-01 -1.317784e+00 1.538214e+00 -9.374768e-01 -7.470145e-01
6.578667e-01 1.416592e+00 -8.274099e-01 1.840195e+00 2.152471e-01 1.468299e+00 -1.153672e+00 -5.365277e-01 -2.039047e+00 1.722712e+00 -1.774821e+00 -8.155376e-01
-2.320362e-01 2.401857e+00 -2.837357e-01 1.140358e+00 1.966463e+00 3.447194e+00 4.257308e+00 -1.291200e+00 -1.466560e-01 1.683141e+00 -2.412500e-01 -3.089527e-01
4.916930e+00 -2.432018e+00 1.956542e+00 2.045804e+00 -3.983334e+00 -3.226169e+00 -1.732265e+00 -1.638401e+00 -2.858007e+00 -2.857160e+00 -3.690199e+00 -2.162837e+00
-8.171320e-01 -2.453619e-01 -1.306650e+00 -1.495267e+00 -1.908740e+00 -1.479905e+00 -8.469592e-01 9.473267e-01 2.302752e+00 1.995853e+00 2.309405e+00 2.424957e+00
-4.853643e-01 -1.387154e-01 2.128025e+00 8.028135e-01 -5.937012e-01 1.683657e+00 5.668978e-01 -1.729176e-01 1.566644e+00 6.745877e-02 8.407308e-01 4.343231e-02
-1.581028e+00 -1.137585e-01 -3.751354e-01 2.493275e+00 3.636806e+00 1.637448e+00 9.098049e-01 1.305584e+00 -1.902200e+00 -2.251704e+00 -2.248157e+00 -1.056631e+00
-1.276524e-01 2.171693e+00 -4.520718e-01 -1.100206e+00 1.455889e+00 -5.046962e-01 2.642989e-01 2.815822e+00 1.592578e+00 1.927298e-01 -1.896460e+00 4.974465e-01
-1.481784e+00 -1.205993e-01 -1.301618e+00 -1.735445e+00 -1.856591e+00 -1.129739e+00 -1.359070e+00 1.734592e+00 1.497387e+00 1.980358e+00 1.701751e+00 1.810017e+00
-2.642875e+00 -1.035781e+00 -1.464400e+00 -1.612345e+00 -8.801594e-01 6.731157e-01 -7.072730e-01 2.776007e+00 -7.753282e-01 6.661422e-01 8.306332e-02 -1.334871e-01
-2.251211e+00 -8.606498e-01 -5.973179e-01 6.285051e-01 1.297160e+00 8.820865e-01 2.613816e-01 2.100056e+00 -1.285345e+00 -1.804926e+00 -2.046818e+00 -1.816955e-01
8.956337e-02 3.460347e+00 -1.957830e-01 -4.187829e-01 2.441223e+00 -3.836611e-01 -2.779620e-01 3.579245e+00 2.024691e+00 -5.785913e-01 -2.494294e+00 1.774315e+00
3.172308e-01 -1.407814e+00 1.134276e+00 -1.953505e-01 -7.784290e-01 3.436724e+00 2.971826e+00 1.009886e+00 6.881269e-01 -1.235484e+00 -4.217958e-02 -9.138316e-02
2.232920e+00 -1.691461e+00 2.362474e+00 1.458494e+00 -1.788724e+00 1.588555e+00 1.913768e+00 -7.103769e-01 -2.479704e+00 -2.878929e+00 -3.401041e+00 -5.619701e-01
3.016223e+00 -2.815233e+00 1.514263e+00 -3.868086e-01 -7.685843e-01 -4.163156e-01 7.914038e-01 -2.095984e+00 -1.185529e+00 4.605858e-01 2.321653e+00 4.388397e-02
2.667288e+00 -7.109917e-01 4.985808e-01 -1.114271e+00 3.968596e-01 -1.167477e+00 1.163261e+00 1.523861e-01 9.084095e-01 9.793922e-01 -8.453874e-02 1.725267e-01
