1.467556e+01 -2.047229e+00 4.103146e-01 -1.872013e+01 -1.318562e+01 8.850700e+00 -1.858503e+00 -1.052128e+00 -6.651219e+00 -6.771186e+00 5.092015e+00 -8.504335e+00
1.570112e+01 -2.244427e+00 -4.040173e+00 -1.521088e+01 -1.261825e+01 8.438892e+00 -3.691350e+00 -2.857437e-01 -1.273825e+01 -1.031108e+00 3.395580e+00 -4.597405e+00
1.405384e+01 8.545611e-01 7.674723e-01 -1.963636e+01 -1.479480e+01 9.199663e+00 -3.285979e+00 6.319513e-01 -5.294380e+00 -9.052402e+00 4.689435e+00 -9.872189e+00
1.632467e+01 -3.072826e+00 -3.394059e+00 -1.323501e+01 -1.256720e+01 8.600386e+00 -3.402859e+00 -2.811260e+00 -1.163404e+01 -8.119667e-01 5.854878e+00 -5.699209e+00
1.542083e+01 3.071835e+00 2.993340e-01 -1.706450e+01 -1.693206e+01 9.040275e+00 -4.668627e+00 1.809540e+00 -4.156747e+00 -8.401485e+00 3.351787e+00 -9.143835e+00
1.627031e+01 4.408011e+00 1.279795e+00 -1.726341e+01 -1.687621e+01 7.914952e+00 -6.405292e+00 2.156600e+00 -4.054812e+00 -6.545866e+00 4.420967e-01 -7.319845e+00
1.528540e+01 -5.803491e-01 -4.319539e+00 -1.084782e+01 -1.059260e+01 6.139535e+00 -5.447037e+00 -5.228804e+00 -1.262849e+01 -4.777784e+00 6.404214e+00 -1.047712e+01
1.709895e+01 6.356326e+00 1.850853e+00 -1.687343e+01 -1.770965e+01 7.437942e+00 -7.528846e+00 -9.139681e-02 3.275555e-01 -7.017493e+00 5.780714e-01 -8.480896e+00
1.682342e+01 3.600942e+00 -7.999918e+00 -1.282661e+01 -8.419771e+00 5.658475e+00 1.159309e+00 4.625525e-01 -8.020835e+00 -8.706924e+00 7.231375e+00 -7.960428e+00
1.660457e+01 8.834846e-01 -1.026327e+01 -7.784181e+00 -3.648704e+00 4.132391e+00 9.043708e-01 -1.842810e+00 -7.047846e+00 -1.119841e+01 1.381245e+01 -6.744771e+00
1.558953e+01 -1.082634e-01 -1.406102e+01 -3.836087e+00 1.575921e+00 3.048211e+00 -3.411159e+00 -3.319069e+00 -2.829378e+00 -1.244820e+01 1.734503e+01 -8.282368e+00
1.751338e+01 7.671426e+00 1.667635e+00 -1.494783e+01 -1.724334e+01 4.161076e+00 -6.797254e+00 -1.344909e+00 2.174867e+00 -5.314704e+00 8.901401e-01 -8.243345e+00
1.719958e+01 6.051479e+00 -6.641309e+00 -1.256517e+01 -1.598001e+01 3.305131e+00 1.727369e+00 -4.246195e+00 -1.270001e+00 -9.612431e+00 2.155188e+00 -9.072863e+00
-1.248438e+00 -1.397120e+01 -1.618645e+00 2.273840e+00 -7.406389e+00 -5.068796e+00 -5.395949e+00 -4.263360e+00 -2.802375e+00 7.813373e-01 -2.324453e+00 6.132126e-01
1.508540e+01 -1.089072e+00 -1.360728e+01 -2.218223e+00 5.582926e+00 1.364889e-01 -1.073319e+01 1.621979e+00 2.162764e+00 -1.123379e+01 1.367249e+01 -1.085449e+01
1.808175e+01 9.314774e+00 -1.410520e+00 -1.443108e+01 -1.482399e+01 -6.983642e-01 -5.709339e+00 3.138330e-01 1.813229e+00 -5.593182e+00 1.094613e-01 -8.155182e+00
1.732841e+01 8.199436e+00 -3.501201e+00 -1.436498e+01 -1.596295e+01 1.033709e+00 -1.276509e+00 -4.285081e+00 1.954542e+00 -5.632850e+00 -2.596871e+00 -7.289708e+00
1.414488e+01 -1.762284e+00 -1.330216e+01 3.167028e+00 3.595636e+00 -3.071726e+00 -1.305241e+01 5.500162e+00 4.306780e+00 -8.263503e+00 5.651039e+00 -1.278227e+01
1.723791e+01 8.695314e+00 -2.485183e+00 -1.491675e+01 -1.354690e+01 -2.004466e-01 -6.188541e+00 -6.450849e-01 2.420935e+00 -5.881966e+00 -1.644978e+00 -5.345512e+00
1.229836e+01 4.319539e-01 -1.221692e+01 1.445707e+00 8.365403e+00 -7.410311e+00 -1.652954e+01 1.048243e+01 2.868110e+00 -4.974564e+00 -4.443698e-01 -1.286327e+01
1.181441e+01 3.838876e-01 -1.287174e+01 3.706885e+00 9.432250e+00 -6.729836e+00 -1.907134e+01 1.372098e+01 4.739595e+00 -1.002855e+01 -1.388206e+00 -1.339018e+01
-1.539984e-01 -1.243704e+01 -3.956436e+00 2.743654e+00 -2.418025e+00 -2.172179e+00 -5.547127e+00 -3.959924e+00 -1.418245e+00 4.814074e+00 1.782131e-02 -2.537346e-01
1.289558e+01 -5.612409e-01 -9.775064e+00 1.197960e+01 1.076627e+01 -9.284785e+00 -1.670645e+01 1.612500e+01 -3.554338e+00 -1.012575e+01 -4.654160e+00 -9.084003e+00
-4.900484e-01 -1.308885e+01 8.095775e-01 2.037930e+00 -3.448860e+00 -3.072456e+00 -4.083571e+00 -3.262194e+00 -3.027306e+00 1.078417e+00 -4.286413e+00 4.237535e+00
-4.531431e-01 1.952830e+00 -1.040661e+01 -6.025408e+00 -1.775940e+01 -2.842961e+00 7.078199e+00 2.323833e+00 -5.916228e+00 4.815910e-01 -1.037198e+00 3.975619e+00
4.430955e+00 -2.304018e+00 -2.891761e+00 2.358712e+00 9.157381e-01 -2.483981e+00 -9.954306e+00 -6.746358e+00 -8.367329e+00 -2.442198e+00 -7.970644e+00 -7.197228e+00
-6.080188e+00 5.655137e+00 -8.544338e+00 5.333536e-01 -7.325704e+00 8.234947e-01 2.298236e-02 -4.835195e+00 -6.674208e+00 2.386996e+00 2.556155e+00 5.794338e+00
9.628196e+00 -3.209596e+00 -3.429927e+00 1.869262e+01 1.174374e+01 -5.785849e+00 -1.005710e+01 1.226562e+01 -3.320798e+00 -8.482380e+00 -3.874375e+00 -5.932486e+00
6.971828e+00 -4.948867e+00 -3.799574e-01 1.851818e+01 1.253028e+01 -4.391635e+00 -7.443106e+00 5.832780e+00 2.458551e+00 -8.143643e+00 -7.835029e+00 6.594014e-02
5.969993e+00 -5.214352e+00 -1.489284e+00 1.211085e+01 7.385647e+00 -7.549726e+00 -9.329166e+00 6.220624e+00 -4.896370e+00 -1.360498e+01 -6.259001e+00 4.553809e+00
4.727657e+00 -7.316608e+00 -4.630816e+00 -1.418778e+01 -1.093186e+01 -9.067525e+00 3.943833e+00 2.159976e+00 -7.958929e+00 -3.443209e+00 2.954835e-01 8.306352e-01
2.249453e+00 -9.991612e+00 3.095971e+00 5.530649e+00 -8.090908e+00 2.312987e+00 3.635772e+00 -7.646608e+00 -3.267424e+00 6.486038e+00 2.483491e+00 -4.515927e-01
2.424232e+00 -3.960345e+00 -2.342571e+00 6.713466e+00 8.610782e+00 -8.381328e+00 -2.258937e+00 4.152252e+00 1.476886e+00 -5.997025e+00 -1.422344e+01 -3.249322e+00
-7.853613e-01 -3.636445e+00 1.528051e+00 9.173862e+00 2.044589e+00 3.455857e+00 5.542515e+00 2.830196e+00 -1.772719e+00 -3.085166e+00 6.238267e-01 -3.471564e+00
2.973518e-01 -1.706815e+00 -5.943077e-01 2.163021e+00 -2.890266e+00 -1.034527e+00 3.619101e+00 -2.718802e+00 -3.484363e+00 6.568341e+00 -2.015676e+00 -2.177555e+00
-3.364913e+00 -6.438660e+00 -8.083756e-01 2.750041e+00 2.648604e-01 -1.683224e+00 1.404004e+00 -5.093932e+00 1.820096e+00 8.468920e-01 -3.354100e-01 2.176408e+00
-8.546098e+00 6.573429e-01 9.114637e-01 6.251980e+00 6.489973e+00 3.445755e+00 3.859285e+00 -2.311575e-01 4.893106e+00 5.773081e+00 -2.123400e+00 2.375905e+00
-1.857518e+00 -2.209665e+00 -5.318134e+00 1.502939e-01 4.831713e+00 2.612964e+00 8.071346e-01 1.666212e+00 6.223042e+00 2.101690e+00 -6.941886e+00 -5.431969e+00
-2.564726e-01 -4.123298e+00 -6.928258e+00 9.919564e-01 6.772367e+00 -5.972044e+00 -1.405345e+00 5.303759e+00 4.762721e+00 -5.570310e+00 -1.538589e+01 -5.853498e+00
-1.850685e+00 1.473648e+00 8.505751e+00 6.430581e+00 -2.604275e+00 -7.031203e+00 2.201067e+00 -7.579213e+00 -8.370692e+00 -3.065111e+00 -4.215502e+00 -4.261446e-01
-4.526738e+00 6.195887e+00 5.177611e+00 2.173098e+00 6.246609e+00 1.121364e+00 1.252241e+00 9.541378e-01 4.076736e+00 2.578114e+00 -7.623996e+00 3.198582e+00
-9.181712e+00 6.565826e-01 3.761489e+00 1.319630e+00 3.198854e+00 -6.348916e-01 1.927556e+00 3.024030e+00 8.461050e+00 9.347546e+00 3.127777e+00 8.575144e+00
-6.707311e+00 1.293966e+00 3.341780e-01 4.308403e+00 9.746327e-01 -3.388676e+00 1.809463e+00 1.042844e+00 4.831889e+00 8.258596e+00 1.112652e+00 3.041407e+00
-5.684279e+00 2.435627e+00 4.548036e+00 6.695522e+00 4.006814e+00 -2.734897e+00 6.798880e-01 -6.112499e-01 -2.027154e+00 -6.336197e-01 -3.783347e+00 -2.191648e+00
-8.895499e+00 1.611136e+00 2.917171e+00 4.326354e+00 4.576589e+00 5.580728e+00 3.548149e+00 4.359317e-02 3.403265e+00 1.231286e+00 -1.803690e-01 7.784209e+00
-6.751666e+00 2.269696e+00 5.082021e+00 6.643293e+00 8.770930e+00 4.166353e+00 5.704798e+00 2.129647e+00 3.677769e-01 5.303540e+00 3.418441e+00 5.617837e+00
-8.807164e+00 3.243186e-01 3.477934e+00 2.130966e+00 2.771032e+00 -2.552076e+00 3.491546e+00 -1.628611e-01 -2.355333e+00 3.665958e+00 -1.990436e-01 4.581511e+00
-8.146260e+00 -7.686988e-01 2.960134e+00 6.608089e+00 4.704462e+00 -1.236633e+00 5.443053e+00 4.407334e-01 3.199444e+00 2.986797e+00 -3.640823e+00 3.570759e+00
-8.167542e+00 9.147840e-01 5.740992e+00 5.322586e+00 7.847397e+00 5.037494e+00 4.701319e+00 -1.486667e+00 -2.105242e+00 7.214721e+00 -1.567636e-01 4.885720e+00
-8.684026e+00 5.076027e-02 1.952760e+00 -1.717833e+00 1.458625e+00 -1.602898e+00 9.994199e-01 -3.641137e+00 -4.913735e+00 1.327517e+00 -5.570662e-01 8.320612e+00
-6.788486e+00 3.469236e-01 9.933131e-01 1.207117e+00 -1.389814e+00 -1.317861e-01 4.481753e+00 4.257185e-01 1.243000e+00 2.023429e+00 -2.034996e+00 -7.605128e-01
-6.678706e+00 -2.269305e-01 3.345754e+00 5.107812e+00 5.902905e+00 -1.116213e+00 6.064137e+00 -3.214345e+00 -2.262147e+00 2.152479e+00 -1.684248e-02 7.290898e+00
-5.679731e+00 5.137541e+00 7.725140e+00 4.006498e+00 6.271173e+00 6.484840e+00 4.952769e+00 2.513102e+00 5.660385e+00 3.172339e+00 4.111251e+00 4.936208e+00
-8.630549e+00 -6.800455e-01 4.150375e+00 3.913586e+00 5.010386e+00 -2.745271e-01 4.175570e+00 -3.761061e+00 3.301322e+00 7.547007e+00 1.819555e+00 6.207546e+00
-8.895963e+00 3.041838e+00 6.543025e+00 1.315458e+00 1.207741e+00 -1.425339e+00 6.271564e+00 -5.014141e-01 2.347111e+00 6.628037e+00 1.388751e-01 2.971135e+00
-8.025500e+00 1.831505e-01 2.562822e+00 3.171392e+00 6.279789e+00 1.604265e+00 4.658604e+00 -1.263463e+00 -6.071344e-01 2.697669e+00 1.768690e+00 5.457635e+00
-4.285805e+00 -1.584612e+00 -2.514663e+00 -2.435691e+00 -9.489548e-01 -1.993428e+00 1.764721e+00 -6.724198e-01 2.940081e-01 3.839569e+00 -2.168648e+00 -2.145439e+00
-6.871222e+00 2.052608e+00 4.040484e+00 4.291898e+00 3.555183e+00 -2.665137e+00 7.155499e+00 -2.030673e-01 -1.501476e+00 4.786670e+00 1.972341e+00 1.974687e+00
-8.248569e+00 1.269356e+00 2.722829e+00 3.368290e+00 4.456736e+00 -5.629754e-02 3.791293e+00 2.637258e-01 -1.368428e+00 3.788780e+00 3.436413e+00 5.486275e+00
-8.205079e+00 1.258812e+00 4.684020e+00 1.876599e+00 -6.895092e-01 -1.622256e+00 1.823693e+00 -1.452778e+00 3.663677e+00 5.779859e+00 -1.376291e+00 5.140989e+00
-8.350070e+00 5.209935e-01 3.632210e+00 4.787285e-01 4.670106e+00 5.425498e-01 5.466177e+00 3.699773e+00 5.610424e+00 4.134493e+00 6.435552e-01 6.659202e+00
-7.850915e+00 1.268613e+00 4.986788e+00 4.568480e+00 5.625005e+00 1.956854e+00 3.272526e-01 -3.148003e-01 4.225514e+00 -2.631010e-01 -1.525627e+00 9.205459e-01
-9.246215e+00 -6.153443e-01 3.259840e+00 -1.585420e+00 1.911987e+00 -4.550788e-01 8.927045e-01 -7.312454e+00 3.406423e+00 4.068257e+00 -2.477835e+00 6.472789e+00
-8.171571e+00 7.979741e-01 3.920566e+00 1.152650e+00 -9.032273e-02 -9.381298e-01 1.616236e+00 6.380079e-01 7.396916e+00 3.855253e+00 4.712507e+00 3.953631e+00
-8.558160e+00 -9.924614e-02 4.517165e+00 4.672669e+00 4.598477e+00 -2.222048e+00 3.979146e+00 2.745064e+00 -1.190916e+00 -8.909426e-01 -2.004803e+00 -1.219013e+00
-8.341390e+00 2.514653e+00 5.822136e+00 5.419498e+00 7.517498e+00 -4.297506e-01 3.173138e+00 8.472364e-01 6.487550e+00 8.274876e+00 -1.106584e+00 5.328800e+00
-8.313695e+00 -9.752401e-01 2.744467e+00 5.163736e+00 3.067097e+00 -2.796120e+00 -1.092379e+00 -2.732671e+00 5.376389e-01 4.387053e+00 3.004902e+00 5.292446e+00
-7.261407e+00 1.076020e+00 4.334468e+00 3.965675e+00 3.332778e+00 -3.616191e+00 4.080729e+00 2.073904e+00 5.708124e+00 2.812698e+00 -3.473469e+00 3.054560e+00
-7.131341e+00 1.998211e+00 5.562538e+00 6.747013e+00 8.904326e+00 2.342617e+00 3.669256e+00 -4.674651e+00 1.259905e+00 3.402887e+00 -3.603541e-01 3.234144e+00
-7.248055e+00 3.790476e-01 2.608516e+00 1.796095e+00 1.293750e+00 -2.550454e+00 9.485946e-01 -5.134312e+00 -1.826218e+00 1.702748e+00 -2.358419e+00 3.420309e+00
-9.523366e+00 -2.103486e+00 5.895860e-01 2.111281e+00 4.693359e+00 -3.628024e-01 3.071798e+00 -4.876440e-01 2.639570e+00 3.072145e+00 -6.813381e-01 5.821823e+00
-7.292695e+00 1.001206e+00 2.502759e+00 5.026538e+00 4.050656e+00 2.517938e+00 6.018970e+00 -1.182583e+00 5.510558e+00 6.223701e+00 1.226446e+00 1.522536e+00
-8.950133e+00 -1.794044e-01 2.904451e+00 2.421481e+00 5.280406e+00 1.053950e+00 2.374251e+00 1.153998e+00 5.342319e+00 1.028717e+01 1.054185e+00 3.602821e+00
-8.966891e+00 -9.820800e-01 3.836994e+00 3.630927e+00 -9.580224e-01 -1.572425e+00 2.387811e+00 1.840916e-01 3.358447e-01 8.661192e-01 -1.281246e+00 2.074408e+00
-7.642217e+00 -1.017605e+00 2.298835e+00 4.958491e-01 4.185106e+00 -1.724696e+00 3.135110e+00 -1.881570e+00 6.592227e-01 5.047617e-01 -3.856185e+00 1.238911e+01
-6.141752e+00 2.753143e+00 4.562253e+00 2.288101e+00 3.569246e+00 6.646721e-01 6.641611e-01 -4.794748e+00 1.938505e-01 -1.175233e+00 1.046885e+00 3.738894e+00
-7.088815e+00 1.244078e+00 9.795520e-01 1.625257e+00 4.022016e+00 1.661628e+00 6.740471e+00 1.049627e+00 -1.182390e-01 2.055727e+00 3.737822e-01 4.123661e+00
-8.890567e+00 -1.698271e+00 5.754366e-01 3.695526e-01 1.572077e+00 -6.942749e-03 1.866647e+00 -3.395004e+00 3.127880e+00 4.570896e+00 1.512618e+00 4.023915e+00
-8.431109e+00 -4.959214e-02 2.852816e+00 -1.500428e-01 -1.017013e+00 -1.356781e+00 3.805323e+00 2.247081e+00 6.117077e+00 2.611458e+00 5.484598e-01 6.479581e+00
-8.092826e+00 1.342529e+00 5.790679e+00 6.619610e+00 5.259651e+00 2.750043e+00 5.384662e+00 1.229212e+00 5.011336e+00 7.242469e+00 -1.767957e-02 4.232819e+00
-7.298865e+00 2.013655e+00 3.729448e+00 1.335994e+00 2.370332e+00 -7.780916e-01 5.129066e+00 -1.358049e+00 6.288445e+00 9.611892e+00 -2.192056e+00 7.803805e+00
-7.782739e+00 2.159999e+00 3.340251e+00 1.547673e+00 7.968776e+00 -1.637717e-01 7.777592e+00 5.731735e+00 4.224256e+00 4.834087e+00 -4.393241e-01 7.139818e+00
-7.634086e+00 4.664403e-01 4.467776e+00 6.169744e-01 3.681558e+00 -4.113964e+00 2.406502e+00 -2.030200e+00 1.712244e+00 2.426451e+00 -1.472449e-02 8.057626e+00
-6.990001e+00 -1.238311e+00 2.077589e+00 3.280052e+00 7.149227e+00 1.221028e+00 6.813644e+00 -4.259167e+00 3.858077e-01 7.627513e+00 1.403382e+00 1.913122e+00
