7.838513e+00 -1.268904e+01 -5.928773e+00 -3.019368e+00 -4.474379e+00 7.738696e+00 -2.196500e+00 -9.662789e+00 4.068235e+00 -8.666404e+00 1.469333e-01 -1.239727e+01
7.695554e+00 -1.380052e+01 -4.542563e+00 -3.272238e+00 -2.906540e+00 6.250186e+00 -1.482220e+00 -9.657944e+00 3.675133e+00 -1.019932e+01 -9.094214e-01 -1.022950e+01
9.613297e+00 -1.165292e+01 -7.365823e+00 -4.490014e+00 -7.065865e+00 7.688028e+00 -6.571530e-01 -1.015904e+01 5.340584e+00 -7.072209e+00 9.095325e-01 -1.386784e+01
7.944642e+00 -1.341957e+01 -4.095590e+00 -2.439033e+00 -2.023320e+00 5.784614e+00 -1.894492e+00 -9.310925e+00 3.288201e+00 -1.036841e+01 -9.928408e-01 -8.470245e+00
8.301905e+00 -1.335760e+01 -4.545123e+00 -1.307045e+00 -2.661789e+00 5.932857e+00 -3.083457e+00 -7.306913e+00 1.021874e+00 -8.596025e+00 -1.705064e+00 -7.915170e+00
8.484319e+00 -1.236565e+01 -5.089335e+00 -6.850959e-01 -1.518399e+00 4.974392e+00 -3.169004e+00 -8.269357e+00 2.271730e+00 -8.412444e+00 -2.025903e+00 -6.806068e+00
1.196785e+01 -1.013685e+01 -7.101398e+00 -4.437893e+00 -7.250781e+00 6.972802e+00 1.564777e-02 -1.065884e+01 5.679240e+00 -4.091683e+00 2.304536e+00 -1.320187e+01
8.814062e+00 -1.268419e+01 -4.798686e+00 9.209567e-02 -2.159047e+00 5.216897e+00 -3.433345e+00 -7.004135e+00 1.262507e+00 -8.321462e+00 -2.096760e+00 -6.538338e+00
9.713390e+00 -1.310211e+01 -3.933812e+00 -3.328547e-01 -1.062186e+00 4.905853e+00 -3.126079e+00 -5.713984e+00 -1.243412e+00 -6.637281e+00 -1.891911e+00 -6.810512e+00
8.362918e+00 -1.272253e+01 -2.339917e+00 -2.995516e-01 -7.225752e-02 5.138950e+00 -3.858407e+00 -2.506166e+00 -3.491313e+00 -5.720984e+00 -1.097418e+00 -5.857959e+00
6.966218e+00 -1.235396e+01 -1.629054e+00 -1.913123e+00 1.917028e+00 4.083884e+00 -3.034340e+00 -4.264738e+00 -2.869673e+00 -7.086346e+00 -9.104574e-01 -4.931966e+00
7.054618e+00 -1.165192e+01 -1.271449e+00 -1.866849e+00 1.923177e+00 4.320334e+00 -1.939857e+00 -3.776296e+00 -3.762474e+00 -5.630609e+00 -3.254676e+00 -2.125731e+00
7.295661e+00 -1.177035e+01 -6.186996e-01 -2.660760e+00 1.170896e+00 3.763758e+00 7.212075e-01 -3.447225e+00 -4.580817e+00 -5.985569e+00 -2.822776e+00 -3.270695e+00
7.766087e+00 -1.168513e+01 1.107070e+00 -2.787484e+00 1.350445e+00 2.193230e+00 2.214882e+00 -1.798098e+00 -6.447407e+00 -5.034425e+00 -5.368950e+00 9.489691e-01
7.601177e+00 -1.012534e+01 1.250241e+00 -2.973025e+00 5.749332e-01 2.928699e+00 9.403512e-01 -1.291494e-01 -7.297174e+00 -4.586051e+00 -5.916781e+00 -2.819779e-01
8.719263e+00 -9.071058e+00 1.212075e+00 -3.628124e+00 1.034539e+00 2.950647e-01 3.076327e+00 9.008052e-01 -5.707306e+00 -6.385774e+00 -4.516886e+00 -1.612750e+00
8.360552e+00 -8.376201e+00 1.707572e+00 -4.175673e+00 -3.712935e-01 -3.000979e-01 3.625878e+00 5.640855e-01 -4.745438e+00 -5.682588e+00 -8.286561e+00 -7.704039e-01
9.248644e+00 -7.318694e+00 2.065930e+00 -4.411346e+00 -2.014254e+00 6.099627e-01 1.739545e+00 3.285545e+00 -3.835217e+00 -5.375655e+00 -6.166540e+00 -3.351880e+00
-3.230311e+00 -6.295436e+00 -3.111875e+00 -2.895425e+00 -4.562078e+00 -4.279864e+00 -4.312076e+00 -1.285535e+00 2.346992e-02 4.069141e+00 4.553187e+00 7.486175e+00
1.278611e+01 -3.699839e+00 -7.252111e+00 -1.803585e+00 -5.826819e+00 5.014688e+00 -9.259608e-01 -8.960354e+00 1.164074e+00 -2.977069e+00 -2.530529e-01 -9.326640e+00
9.304831e+00 -5.662992e+00 2.747407e+00 -3.448046e+00 -4.919891e+00 6.998374e-01 3.695069e-01 6.199058e+00 -4.987306e+00 -3.521780e+00 -8.108756e+00 -4.163433e+00
1.142391e+01 -3.310879e+00 3.749553e+00 -3.385516e+00 -5.965322e+00 1.871640e+00 -2.635094e+00 6.309131e+00 -2.182000e+00 -3.330795e+00 -5.158577e+00 -6.452141e+00
-6.393803e+00 -7.810034e+00 -4.029955e+00 -4.919367e+00 -6.590182e+00 -7.390208e+00 -4.734482e+00 -2.942554e+00 2.415325e+00 5.788917e+00 5.693777e+00 4.554414e+00
1.265027e+01 -4.367659e-01 6.426844e+00 6.980260e-01 -7.028806e+00 -1.319480e+00 -2.292225e+00 1.002948e+01 1.621429e-01 -4.663732e+00 -8.320109e+00 -6.891456e+00
-7.432219e+00 5.007938e+00 1.905017e-01 3.759128e+00 -6.201880e+00 -1.065863e-01 -1.902205e+00 5.357637e+00 -4.759306e-01 -4.371197e+00 -3.064851e+00 4.135632e+00
-2.089273e+00 -3.421165e+00 -2.673843e-01 -8.863066e-01 -4.152646e+00 -4.357563e+00 1.394319e+00 1.085657e+00 -2.795706e+00 -4.652947e-01 -3.800562e+00 -1.608363e+00
-3.859336e+00 -5.559981e-01 -1.402864e+00 -1.533682e-01 -5.072546e+00 -1.264717e+00 -3.072572e+00 3.735393e+00 3.043519e+00 1.514918e+00 1.918163e+00 6.595167e-01
-8.087170e+00 6.121894e+00 -4.071577e-01 3.418435e+00 -4.730686e+00 -1.322755e+00 -1.336977e+00 5.751106e-01 -3.685716e+00 -1.311142e+00 3.175160e-01 1.342080e+00
-5.039633e+00 2.257921e+00 -3.179807e+00 7.427630e-01 -3.309027e+00 -2.621734e-01 -4.009857e-01 3.533952e+00 -4.841286e-01 -2.974877e+00 -6.774426e-03 4.415641e+00
-3.551066e+00 -2.607569e+00 2.339175e+00 -2.637455e+00 -5.198922e-01 -5.358197e+00 1.129897e+00 2.548141e+00 -2.550711e+00 -5.034186e+00 -4.188868e+00 -1.947854e+00
8.613814e+00 7.836028e+00 8.189484e+00 1.005943e+01 1.841606e+00 -1.593130e-01 -1.256448e+00 -1.087691e+00 -2.563923e+00 1.368982e+00 -1.749459e+00 -8.473400e+00
2.014032e+00 3.209105e+00 -3.262320e+00 -3.533177e+00 -4.530659e-01 -7.711443e-01 -8.865831e-01 6.854851e+00 -3.296394e+00 -3.154774e+00 -6.544993e+00 -4.113022e+00
6.480026e-02 7.030862e+00 3.378535e+00 6.539598e+00 7.477181e+00 2.953273e+00 -2.008971e+00 1.393104e-02 1.581718e+00 2.205631e+00 -4.442850e+00 -4.237915e+00
-1.456241e+00 4.266215e+00 1.067992e+00 4.153010e+00 -4.143816e+00 -5.240242e+00 1.630291e+00 -1.439173e+00 -7.367619e+00 -3.814316e+00 4.017690e+00 -1.346619e+00
3.024446e+00 4.401672e+00 -3.643237e+00 9.453167e-01 4.199291e+00 2.900025e+00 4.922252e+00 3.518583e+00 -4.489383e+00 -5.005717e+00 -1.420086e+00 3.344197e-01
-1.927598e+00 3.228130e+00 -7.747698e-01 3.751905e+00 2.931218e-01 -1.431383e+00 -2.679178e+00 -1.481238e+00 -1.048295e+01 -7.286857e+00 -2.011473e+00 -1.452136e+00
-2.744100e+00 9.224557e+00 5.969939e+00 7.836158e+00 3.934602e+00 -8.518931e-01 2.010797e+00 3.455940e+00 -2.881388e+00 3.256207e+00 1.468716e+00 -6.613617e-01
-5.051651e-01 4.460412e+00 -2.604857e+00 -1.479616e+00 4.864005e-01 -7.496728e-01 5.574574e+00 3.963494e+00 1.096441e+00 1.379854e+00 -3.903907e+00 1.948734e+00
-6.334665e+00 7.198618e+00 2.656973e+00 2.629530e+00 5.660903e+00 -1.526814e+00 -2.291985e+00 -1.821635e+00 3.199110e-01 6.090481e+00 8.602795e+00 1.127345e+01
7.474737e-01 3.449808e+00 -1.954221e+00 5.610027e-01 -2.435179e-01 -3.323321e+00 5.116631e+00 5.205853e+00 1.642426e+00 -3.857016e+00 -1.010363e+01 -2.182709e+00
-4.987949e+00 6.401953e+00 4.415054e-01 -5.787107e-01 2.775790e+00 -3.730412e+00 -6.498061e+00 -5.876919e+00 2.384854e+00 5.329178e+00 4.836165e+00 4.840772e+00
-1.553399e+00 4.054537e+00 -2.673175e+00 -1.001771e+00 1.281668e+00 -1.873746e+00 -6.517416e+00 -8.010548e-01 3.648809e-01 -1.581305e+00 -1.006700e+01 -1.202308e+00
-4.025635e+00 8.195446e+00 4.054990e+00 3.559214e+00 -1.216434e+00 -3.870149e+00 1.265935e-01 5.405782e-01 -1.897598e+00 5.885292e+00 2.038456e+00 6.015258e+00
-5.333340e+00 5.272459e+00 1.424252e+00 3.019246e-01 4.089798e-01 -4.568690e+00 -2.048057e+00 1.109822e+00 -1.916609e+00 -1.279556e+00 -3.513881e-01 -1.507058e-01
-5.218006e+00 7.216296e+00 7.379638e-01 -7.663524e-01 1.717140e+00 -2.759206e+00 5.711787e+00 3.569410e+00 6.096005e+00 8.017740e+00 8.478862e+00 5.546871e+00
-6.619686e+00 4.625329e+00 2.313390e+00 1.710470e+00 1.541438e-01 -8.428026e-01 -3.111519e+00 -3.182425e+00 -1.473142e+00 4.993301e+00 9.550052e+00 1.238135e+01
-3.145374e+00 7.737166e+00 1.926850e+00 1.521864e+00 2.216935e+00 -1.202303e+00 4.690660e+00 -5.595217e-01 1.475353e+00 8.486357e+00 -3.032342e-01 2.535916e+00
-5.938511e+00 6.496244e+00 1.455534e+00 1.223835e+00 3.586490e+00 -2.744866e+00 -3.827912e-02 -9.796858e-03 9.416205e-02 7.113995e+00 2.643599e+00 5.954005e+00
-4.271104e+00 6.009418e+00 3.647824e+00 3.865711e+00 5.694309e+00 5.750067e-01 3.607148e+00 2.360928e+00 2.988612e+00 4.006226e-01 -8.264747e-01 6.769708e+00
-6.504148e+00 5.091596e+00 5.113118e+00 4.314141e+00 4.584034e+00 -9.158472e-01 1.073542e+00 2.062770e+00 4.853386e+00 5.517084e+00 4.264266e+00 7.573454e+00
-5.953739e+00 4.681162e+00 -3.095496e+00 -3.297032e+00 -1.059185e+00 -1.539547e+00 1.148772e+00 2.552171e-01 3.657079e+00 3.974943e+00 3.204251e+00 5.418406e+00
-1.947527e+00 5.525594e+00 -9.598830e-01 4.458420e-01 1.462953e+00 -6.307276e+00 -3.102393e+00 4.462047e+00 4.718519e+00 4.299234e+00 -3.522757e+00 -9.696033e-01
-4.006254e+00 5.006148e+00 -2.840755e-01 1.711075e+00 2.797251e+00 -4.802921e+00 -3.372587e+00 -2.089170e+00 -1.902189e+00 3.192800e+00 1.568622e+00 -4.110575e-03
-4.657106e+00 6.797262e+00 1.213228e+00 1.019395e+00 4.853333e+00 -3.574022e+00 1.131717e+00 1.213988e+00 9.459264e-01 2.803332e+00 2.785462e+00 2.907546e+00
-3.531394e+00 3.787059e+00 -1.037025e+00 -1.209248e+00 1.563954e+00 -2.189337e+00 -3.411628e+00 8.936794e-01 3.312094e+00 5.469782e+00 -1.530042e+00 9.734704e-01
-6.072973e+00 4.876386e+00 1.158836e+00 -3.562579e-01 1.403382e+00 3.564658e-01 1.654150e+00 3.512999e+00 4.041665e+00 3.082008e+00 1.736647e+00 1.677595e+00
-1.642811e+00 4.352186e+00 -3.977683e+00 -3.370180e+00 -6.919026e-02 -1.024922e+00 5.063296e+00 5.827054e+00 3.716896e+00 -6.935257e-01 -4.269015e+00 -2.131785e+00
-6.336620e+00 5.073101e+00 1.608230e+00 -4.449154e-01 4.061915e-01 1.512642e+00 4.855147e+00 1.259265e+00 -6.291003e-01 5.454094e+00 5.471395e+00 5.616584e+00
-6.168890e+00 6.536583e+00 3.802558e+00 2.753618e+00 1.684203e+00 1.776401e+00 -8.258593e-02 -2.354159e+00 -1.304112e+00 2.298860e+00 9.368896e-01 2.059293e+00
-6.352924e+00 4.488999e+00 2.979128e+00 1.647349e+00 3.320250e+00 -6.226060e-01 2.368929e+00 6.428596e+00 4.154819e+00 6.359078e+00 8.608074e+00 4.519111e+00
-5.112883e+00 6.517551e+00 2.221113e+00 2.412160e+00 1.003761e+00 -1.961401e+00 4.706690e+00 5.293043e+00 4.844398e+00 8.799341e+00 4.296841e+00 1.316691e+00
-6.137270e+00 5.735808e+00 2.392259e+00 1.212223e+00 3.656950e+00 -1.199896e+00 8.187717e-02 -6.818749e-01 2.355689e+00 6.982450e+00 8.990593e+00 5.948096e+00
-6.481155e+00 4.350467e+00 2.431063e+00 3.241248e+00 6.967915e+00 -3.207179e-01 -4.028999e+00 8.858442e-04 2.464945e+00 7.047330e+00 5.810806e+00 4.707219e+00
-6.093157e+00 5.736168e+00 1.823862e+00 -1.085260e+00 -7.259130e-02 -3.630877e+00 2.048815e+00 3.467674e+00 1.560111e+00 3.640702e+00 5.343159e+00 5.989873e+00
-6.421883e+00 4.939252e+00 5.429447e+00 3.580003e+00 3.492779e+00 2.517079e+00 3.684366e+00 1.885456e+00 2.228953e+00 9.241221e+00 4.718900e+00 7.804860e+00
-6.172552e+00 4.430186e+00 3.199031e+00 2.309002e+00 1.883788e+00 -9.075854e-01 2.483562e+00 3.636252e+00 5.559974e+00 8.041024e+00 2.328459e+00 5.432581e+00
-5.284676e+00 2.888773e+00 -3.450781e+00 -5.523477e-01 2.741363e+00 -2.376192e+00 -1.834248e+00 1.299922e+00 -1.172236e+00 1.094475e+00 8.550936e-01 3.364197e+00
-3.100955e+00 5.810827e+00 -1.056206e-01 1.101880e-01 4.028457e+00 -1.543368e+00 7.539251e-01 3.485327e+00 9.217019e-01 1.572669e+00 -4.416240e+00 -2.259091e+00
-5.753288e+00 4.001155e+00 -1.744158e-01 6.034107e-01 1.093230e+00 3.552384e-01 2.857415e+00 2.620554e+00 3.053584e+00 6.294909e+00 8.633061e+00 8.584032e+00
-6.000914e+00 5.977867e+00 3.060834e+00 2.391097e+00 1.122952e+00 -1.856595e+00 2.374615e+00 3.664141e+00 4.060603e+00 7.388581e+00 4.245639e+00 6.378776e+00
-5.701723e+00 6.638435e+00 4.387906e+00 1.298458e+00 2.140423e+00 -5.849357e-01 7.365026e+00 1.340903e+00 -2.094852e+00 6.578542e+00 3.171183e+00 5.357957e+00
-3.199920e+00 5.139733e+00 2.671933e-02 -3.915209e+00 -1.890595e-01 -2.364862e+00 3.862304e-01 9.115441e-01 -3.297522e+00 4.143310e+00 1.877728e+00 1.242185e+00
