5.972349e+00 -1.877479e+00 1.496212e+00 -3.530979e+00 -3.627750e+00 -1.150979e+00 -2.958165e+00 2.317216e+00 -3.735804e+00 2.010766e-01 1.851424e+00 -2.072678e+00
3.546779e+00 -3.221904e+00 9.766234e-01 -4.721314e+00 -3.275302e+00 3.757602e-01 -2.065678e+00 4.177164e+00 -3.048751e+00 6.484483e-01 2.191736e+00 -1.498947e+00
5.836781e+00 2.331463e-01 1.716823e+00 -1.457107e+00 -3.280258e+00 -3.555993e+00 -3.599880e+00 -1.809104e-01 -4.702332e+00 -1.483483e+00 1.711124e-01 -3.330005e+00
7.036115e-01 -2.103675e+00 1.229266e+00 -3.218559e+00 -7.303625e-01 1.278850e+00 -1.395021e+00 3.462422e+00 -1.849782e+00 1.514418e+00 1.386577e+00 -4.909860e-01
-1.088394e+00 -2.883625e-01 -2.839780e+00 -2.522036e+00 2.212674e+00 8.277451e-01 -3.989071e-01 -3.639207e+00 -2.346434e+00 -4.722947e-01 -1.131138e+00 2.491722e+00
3.662506e+00 1.969337e+00 1.000633e+00 3.312131e-01 -2.048622e+00 -3.040943e+00 -2.387605e+00 -1.389157e+00 -2.373358e+00 -7.798921e-01 -1.099944e+00 -2.206425e+00
7.923084e-01 -1.488581e+00 -2.335854e+00 -4.086246e+00 3.690799e-01 1.542131e+00 -1.353701e+00 -1.753753e+00 -1.410728e+00 -3.644837e+00 1.116768e+00 6.906058e-01
7.338256e-01 -5.676366e-01 -1.982456e+00 -1.805464e+00 6.478721e-01 2.095119e+00 -1.150042e+00 -4.685888e-02 2.617687e+00 -5.234525e-01 -3.035980e-01 1.030312e+00
-8.322915e-01 -2.911020e-01 -1.566546e+00 -1.106974e+00 2.067164e+00 1.331061e+00 9.598002e-01 -2.307997e+00 -2.008744e+00 1.833147e-01 -7.254268e-01 1.198557e+00
1.206363e+00 2.180747e-01 -2.029392e+00 -2.178205e+00 1.291120e+00 1.333776e-01 -4.192925e-01 -3.601868e-01 2.051072e+00 -1.080128e+00 -4.549455e-01 8.862159e-01
8.010340e-02 -1.290205e+00 -1.645157e+00 -1.463812e+00 5.805129e-01 3.498230e+00 -1.553622e+00 -5.006533e-01 1.935080e+00 3.185131e-01 -5.735272e-01 1.185230e+00
1.131333e+00 1.163852e+00 -1.320783e+00 -2.472296e+00 1.365329e+00 -3.916908e-01 -2.778400e-01 4.276997e-01 8.642425e-02 -1.311349e+00 -3.453369e-01 5.911525e-01
5.552854e-01 5.899253e-01 -3.448291e-01 -2.181616e+00 7.102148e-01 2.153523e-01 -3.918363e-01 2.034124e+00 -9.040741e-01 2.007658e-01 8.976154e-02 6.320118e-01
2.026310e+00 -8.890154e-01 -1.904443e+00 -3.323572e+00 -1.753491e+00 9.177084e-01 -1.121165e+00 8.044624e-02 -1.345122e+00 -5.194250e+00 8.264934e-01 -1.856232e+00
-3.703597e-01 -1.465343e+00 -1.248577e+00 -5.363604e-01 9.585162e-01 4.272909e+00 -9.231451e-01 -1.261426e+00 7.681727e-01 7.826427e-01 -5.872473e-01 1.837073e+00
-6.832132e-01 -1.172737e+00 -1.119794e+00 3.211054e-01 1.403818e+00 3.903283e+00 1.558066e-01 -2.430847e+00 -5.426912e-02 -8.720088e-02 -5.615814e-01 2.242033e+00
1.119919e-02 4.771843e-02 -1.217598e+00 -5.928345e-01 -1.152827e+00 -5.633022e-01 -2.228899e+00 -1.340255e+00 -9.124994e-01 -1.062594e+00 -3.907405e-01 1.254346e-01
-6.011223e-01 4.890365e-01 6.120921e-01 9.706227e-01 5.579673e-01 5.101828e-01 -8.412863e-01 -1.204962e+00 -2.453701e-01 -2.151747e-02 -5.438896e-01 -2.443742e-01
-5.936812e-01 -1.197848e+00 -9.131010e-01 9.805492e-01 1.651989e+00 3.034822e+00 4.964531e-01 -3.062534e+00 1.116587e-01 -3.940047e-01 -1.355250e+00 2.314536e+00
-2.206984e-01 -1.564701e+00 -5.618811e-01 1.595834e+00 1.443356e+00 2.370024e+00 8.878317e-02 -2.665918e+00 9.444053e-01 -4.055119e-01 -9.759400e-01 1.796404e+00
-6.114213e-01 -5.869590e-01 -8.061939e-01 2.463569e+00 1.499226e+00 4.172192e-02 -2.385644e+00 -2.586956e+00 1.960455e+00 2.153589e+00 8.078251e-01 1.390235e-01
-2.476612e-01 -1.534268e+00 -7.825246e-01 1.937927e+00 1.238351e+00 1.520461e+00 -8.786062e-01 -2.638505e+00 1.715984e+00 1.892477e-01 -5.373791e-01 1.457934e+00
3.913198e-01 -2.150957e-01 -3.999313e-01 3.248032e-01 -4.432309e-01 8.596261e-01 4.802955e-01 1.353297e-01 -1.176567e+00 -3.056693e-01 1.114036e+00 -1.371751e-01
6.044047e-01 2.324493e-01 -1.485224e+00 -7.075592e-01 -1.352138e+00 -6.443208e-01 -1.583937e+00 -1.637860e+00 -9.649466e-01 9.349521e-01 5.865988e-01 3.917922e-01
-2.816928e-01 -2.892834e-01 -4.341173e-02 1.920511e-01 1.162122e+00 -6.924914e-01 -4.858990e-01 -1.305871e+00 7.381980e-01 2.601954e-01 -5.366293e-01 -7.766041e-01
-2.751934e-01 -1.272035e+00 -7.162800e-01 2.281984e+00 1.175859e+00 1.034264e+00 -2.359766e+00 -2.288768e+00 1.859888e+00 1.468946e+00 3.842345e-01 6.587334e-01
7.780351e-02 4.231229e-01 6.570680e-02 9.776981e-01 -3.629825e-01 -7.805333e-01 6.730089e-01 1.080634e+00 1.039576e+00 8.179571e-01 -5.214030e-01 2.568073e-01
2.786531e-01 2.751792e-01 -9.780347e-01 -5.902993e-03 1.929046e-01 -7.456483e-01 -7.995273e-01 -1.608755e+00 -1.868175e-01 1.036378e-01 -1.111609e-01 -3.826343e-01
-1.713041e-01 -4.272901e-01 -4.073034e-01 4.102470e-02 5.465426e-02 7.395599e-01 -8.348449e-02 4.705551e-01 8.121278e-02 4.501557e-01 6.408074e-01 -1.167228e+00
-9.405689e-02 -4.719283e-01 4.097956e-01 1.229248e+00 -2.869773e-01 9.842535e-01 1.332842e-01 3.950411e-01 1.948841e-02 6.122077e-01 -1.378045e-01 -2.023211e+00
1.477690e-02 4.629677e-01 2.320495e-01 1.605082e-01 -1.357088e+00 5.436738e-01 4.154542e-01 -3.412479e-01 -3.320194e-01 1.615992e+00 3.299078e-01 6.408740e-01
7.140017e-02 -1.206876e-01 -7.100413e-01 -3.071693e-01 5.518497e-01 1.582010e+00 5.134048e-01 4.945054e-01 -8.673840e-02 1.777183e+00 1.861249e+00 9.484631e-01
9.681924e-01 1.458151e+00 1.490411e+00 1.256907e+00 -9.529771e-01 -7.240462e-01 -7.059361e-01 -5.113111e-01 2.656173e-01 -7.042081e-01 -1.733289e+00 -3.325648e+00
-6.945569e-01 1.316048e-01 -2.906961e-02 -4.239439e-01 7.718040e-01 9.546234e-02 -1.712125e+00 -1.698556e+00 -1.556997e-01 2.594575e-01 -1.238096e-01 -3.558691e-01
-5.832580e-01 8.240140e-01 1.086035e+00 2.021849e-01 -2.953320e-01 4.844684e-01 -2.621033e-01 -9.055060e-01 -4.412460e-01 -7.830696e-02 -1.824508e-01 3.729159e-01
-3.101163e-01 -2.855578e-01 1.309654e-01 1.101291e+00 6.852810e-01 -3.484685e-01 6.248439e-01 7.518219e-01 -5.925690e-01 1.257224e+00 1.194781e+00 -1.684709e-01
4.894018e-01 6.319873e-02 -3.907758e-01 -1.664227e-01 1.051191e+00 1.675497e+00 -3.483777e-01 5.702732e-01 7.469227e-01 1.629911e+00 1.661737e+00 2.230999e+00
-6.731087e-01 -1.283044e-01 -5.574843e-01 2.584323e+00 3.036891e-01 2.157820e-01 -2.809304e+00 -1.164068e+00 1.368675e+00 2.070027e+00 2.136560e-01 -6.817483e-01
-9.210515e-01 -4.917705e-01 9.063803e-01 5.325834e-01 -3.822456e-01 -8.825020e-01 -8.256147e-02 -9.659616e-01 -1.460622e-01 -4.006255e-01 -1.201092e+00 -2.224585e+00
-5.849552e-01 -1.051452e-01 -8.530554e-01 -1.067195e+00 -2.770135e-01 -9.249597e-01 -1.906134e+00 -8.785741e-01 -6.498226e-01 -9.196526e-01 -3.366033e-01 7.856159e-01
2.812255e-01 1.842771e-01 1.430596e-01 -1.842949e-01 -2.633860e-01 6.914357e-01 1.136676e+00 1.820207e-01 -4.548793e-01 6.714932e-01 2.214234e+00 3.304281e-01
-3.739219e-01 -4.459364e-01 -3.473846e-01 -4.757646e-01 8.118361e-01 -9.904343e-01 -3.024208e-01 -1.406557e+00 1.114088e+00 -6.785561e-01 -5.176425e-03 -4.959505e-01
-2.708054e-02 1.125122e-01 1.290205e-01 -3.113884e-01 2.137046e-01 -9.996792e-01 -5.130176e-01 2.336567e-01 1.022168e+00 -5.594667e-01 1.578174e-01 3.680640e-02
-8.043385e-02 8.986972e-01 2.726739e-01 -2.771130e-01 1.713634e+00 1.169618e-01 -8.986988e-01 -8.475397e-01 2.212693e-01 1.570548e+00 -5.367860e-01 -5.808209e-01
-5.797375e-01 7.222387e-01 7.726233e-01 -9.383230e-01 -2.089333e+00 2.899078e-02 8.393301e-01 -5.735029e-01 2.975001e-01 7.123336e-01 6.703726e-01 1.686353e+00
6.061810e-01 2.855026e-01 9.047748e-02 1.138365e-02 2.827430e-03 1.367707e+00 4.155555e-01 1.231959e+00 1.333341e+00 7.709678e-01 5.554135e-01 2.085332e+00
-3.938825e-01 -1.284428e-02 1.204215e+00 -3.100810e-02 -3.335701e-01 -1.145178e-01 7.070420e-02 5.183917e-01 -1.289373e-01 -6.895189e-01 -1.874751e+00 -1.505531e+00
-4.538497e-01 1.036339e+00 -3.270887e-01 -9.213102e-01 7.784709e-01 4.546155e-01 -1.184623e+00 -1.146002e+00 8.261203e-01 3.396244e+00 1.693679e+00 5.281662e-01
1.108955e-01 -6.875826e-01 6.996034e-01 8.036162e-01 -9.201815e-01 5.726000e-01 4.849567e-01 2.128303e-01 5.054297e-02 8.389163e-01 -4.188718e-01 -2.262106e+00
-4.130089e-01 -1.854505e-01 1.277669e+00 5.671417e-01 -7.840586e-01 4.784851e-02 1.539608e+00 2.129242e+00 2.087124e+00 -9.535613e-02 -2.056588e+00 -2.556785e+00
1.084147e-01 1.089181e-01 -1.615943e-01 -4.416620e-01 1.435930e-01 -1.068739e+00 -3.033416e-01 4.904314e-01 -3.681223e-01 1.686242e-01 -1.557430e-01 6.531240e-01
-9.141092e-02 1.929584e-01 6.487433e-01 -5.667455e-02 6.103384e-01 -5.878873e-01 -5.347480e-01 5.409243e-01 -2.331670e-01 -6.510878e-01 -1.271885e+00 1.459046e-01
1.157841e-01 1.099391e+00 6.839548e-01 1.242467e+00 2.170570e+00 6.901285e-01 -7.476994e-01 4.339291e-01 8.705921e-02 2.995923e-01 -8.527523e-01 -1.570142e+00
-4.055919e-02 2.317846e-01 2.811915e-01 -8.852606e-02 5.972187e-01 -2.497396e-02 9.820222e-01 9.102262e-01 1.174114e+00 1.748388e+00 1.997656e+00 1.499049e+00
-1.917826e-01 -6.039637e-01 5.380918e-01 -1.719590e-01 -1.492270e+00 -7.924482e-01 -1.658603e-01 -1.448654e-01 6.792264e-01 1.739006e+00 -4.740914e-01 -1.050845e+00
-1.379324e-01 -1.883405e-01 -1.376520e-01 -7.524594e-01 -1.053447e+00 -2.327136e+00 -1.608224e+00 -8.213378e-01 9.647232e-01 1.344862e+00 -1.242866e+00 1.955241e-01
-9.052432e-01 -3.104265e-01 9.938920e-02 4.566770e-02 1.367158e+00 6.975596e-02 5.810578e-02 -6.784394e-02 7.497237e-01 2.001575e+00 1.839878e+00 7.623818e-02
-1.218229e+00 -1.245738e-01 1.581867e+00 9.451450e-01 -9.138846e-01 -2.441936e+00 -4.735893e-01 2.821786e+00 1.487430e-01 -1.213443e-01 -1.706659e+00 -1.404159e+00
6.782722e-02 5.947410e-01 6.863324e-02 1.076795e+00 1.996560e+00 1.111461e+00 1.292329e-01 -3.274373e-01 6.002742e-01 -1.619070e-01 -6.825954e-01 -7.507427e-01
-1.793289e+00 7.228208e-01 1.809958e+00 -2.322084e-02 1.254462e-01 -4.069357e+00 1.642064e+00 2.096584e+00 -1.675327e-01 -8.796687e-01 -1.458469e+00 5.902074e-01
-7.935008e-01 1.128408e-01 -9.553509e-01 -1.274020e+00 7.203889e-02 1.491822e+00 -8.080428e-01 -1.108225e+00 1.275791e+00 2.354712e+00 7.176329e-01 1.480813e+00
-8.980061e-01 4.088441e-01 3.961600e-01 -1.019392e+00 -1.926690e+00 -1.998030e-01 6.747112e-01 -8.380712e-01 1.246769e+00 1.973116e+00 1.327861e+00 1.371571e+00
1.178207e-01 1.085400e+00 -1.705092e-01 -1.056664e+00 5.369986e-01 1.194663e+00 1.624996e+00 2.073963e-01 -1.764044e+00 -1.568163e+00 1.131453e+00 -2.305140e-01
5.010853e-02 7.084400e-01 3.879737e-01 -1.964942e+00 5.625941e-01 1.244500e+00 2.013379e+00 3.612328e-02 -1.339608e+00 -1.805669e+00 2.402746e+00 2.410575e-01
-6.028154e-01 -2.138788e-01 1.722589e-01 2.356563e+00 -8.817633e-01 1.632423e-02 -2.515876e+00 4.753998e-01 1.060927e+00 1.485117e+00 -6.151166e-01 -1.741755e+00
-1.325536e-02 1.969860e+00 -2.446800e-01 -2.566209e-01 4.678288e-01 8.545559e-01 1.912876e+00 -2.609877e-01 -1.767645e+00 -1.324400e+00 -6.391703e-01 -7.886937e-02
-5.741832e-01 1.194511e-01 3.138841e-01 -3.859070e-01 8.985505e-01 2.038435e+00 5.487623e-01 -8.974246e-01 1.084827e+00 1.217963e+00 4.961500e-02 1.870525e-01
-6.979674e-01 2.910278e+00 4.536409e-01 1.710475e+00 1.135936e+00 -4.486796e-01 2.060787e+00 -1.181834e+00 -1.620403e+00 -8.970348e-01 -1.513571e+00 -1.773191e+00
-1.362466e+00 6.378981e-01 2.226949e+00 -2.830958e-01 -6.207988e-01 -3.398427e+00 1.750856e+00 2.523471e+00 -1.031172e+00 -1.843073e+00 -2.388665e-01 1.616935e+00
-4.686449e-01 3.001106e+00 1.664113e-01 3.378905e-01 1.165806e+00 6.945816e-01 2.576910e+00 -4.925298e-01 -1.665428e+00 -1.333124e+00 -1.358473e+00 -1.104268e+00
-7.965671e-01 -4.645619e-01 1.197888e+00 2.093854e+00 -2.203642e+00 -5.635113e-01 -1.977182e+00 2.892651e+00 6.615211e-01 2.937971e-01 -1.582324e+00 -2.480296e+00
-4.328095e-01 -4.167115e-01 9.001176e-01 -4.200475e-01 -6.010487e-01 1.131649e+00 2.066939e+00 5.531875e-01 3.992571e-01 -9.016638e-02 2.812345e-01 5.690177e-01
-6.311017e-01 -5.536776e-01 9.470509e-01 2.092220e+00 -1.659167e+00 -1.876253e-01 -2.194256e+00 1.772285e+00 9.750239e-01 1.121996e+00 -1.569085e+00 -2.118346e+00
-4.330817e-01 2.327608e-01 2.732728e+00 -1.071036e-03 -2.035681e+00 -9.551318e-01 -4.976845e-01 3.340248e+00 -1.731012e+00 -1.470943e+00 5.537882e-01 1.598670e+00
-1.147803e+00 2.012367e+00 5.481344e-01 2.770844e+00 1.669377e+00 -8.752783e-01 3.045522e+00 -8.531058e-01 -1.813762e+00 -1.354866e+00 -1.424722e+00 -1.773126e+00
-6.344533e-01 -7.543445e-02 1.384329e+00 2.004578e+00 8.951356e-02 4.755583e-01 3.352792e+00 2.731770e+00 2.494398e+00 1.828154e+00 -2.252549e+00 -3.785907e-01
-6.865847e-01 -7.777332e-01 1.778426e+00 1.464951e-01 7.473060e-01 1.045879e+00 2.966197e+00 9.246424e-01 6.588062e-01 -8.706264e-01 -7.419125e-01 3.146712e-02
-4.056272e-01 -5.605281e-01 1.458252e+00 2.060095e-01 9.108872e-01 1.149159e+00 2.923656e+00 6.728557e-01 6.947886e-01 -1.810575e+00 -9.327515e-01 -5.712661e-01
6.543602e-01 1.308986e+00 6.981784e-01 -3.925933e-01 3.755980e-02 -1.839689e+00 4.982602e+00 -1.611482e+00 -5.754061e-01 -2.635026e+00 2.427223e+00 -3.449508e-01
-1.292087e+00 -1.277855e+00 -1.893781e+00 -1.405822e+00 -1.190800e-01 7.251535e-01 1.040096e-01 7.426558e-02 1.144550e+00 1.694934e+00 1.121773e+00 1.458131e+00
5.505149e-01 4.076123e-01 2.404842e+00 8.485326e-01 -2.370870e+00 5.480294e-01 -2.510499e+00 3.817868e+00 -1.283720e+00 -1.336012e+00 8.219179e-01 7.533685e-01
-1.394839e+00 5.127203e-01 -1.612462e-01 3.157100e+00 1.990374e+00 -3.408979e-01 2.418570e+00 -1.527266e-01 -8.049326e-02 2.957401e-01 -5.840548e-01 -6.904257e-01
1.153626e+00 1.991763e+00 9.126705e-01 1.176432e+00 2.056384e-01 -4.636245e+00 6.009847e+00 -2.201383e+00 6.828405e-01 -3.134559e+00 1.579081e+00 -6.759552e-01
-1.187428e+00 3.084759e-01 1.146313e+00 3.598698e+00 -2.292611e-01 -9.532989e-01 3.017260e+00 1.496700e+00 -1.465895e-01 1.403131e+00 -2.759676e+00 6.316816e-01
2.192307e+00 -6.410971e-01 -3.325841e-01 -4.755479e-01 -2.764445e+00 -1.455270e-01 1.444403e-01 1.646735e+00 -1.512566e+00 -3.405058e+00 2.878031e+00 -2.236980e+00
1.644165e+00 1.251003e+00 2.021462e+00 2.386440e+00 -2.225314e+00 -1.897990e+00 -4.539528e-02 1.947416e+00 -6.754658e-01 -2.193501e+00 4.964096e-01 -9.513520e-01
-1.494237e+00 -1.680166e+00 -2.122132e+00 -1.528759e+00 -1.585012e+00 -1.119784e+00 -4.904234e-01 7.414896e-01 1.135648e+00 1.651559e+00 4.979181e-01 -3.525235e-01
1.376330e+00 2.297167e+00 1.346890e+00 2.167972e+00 -5.298601e-01 -4.760808e+00 4.096659e+00 -9.741266e-01 5.519663e-01 -2.524179e+00 2.305429e-01 -6.844646e-01
-1.725112e+00 -4.962057e-01 -9.209490e-01 2.437946e+00 2.355474e+00 3.944776e-01 9.406767e-01 -2.572509e-01 9.666032e-01 8.814837e-01 -5.965545e-01 1.550974e+00
5.880080e-01 -7.615600e-01 5.073118e-01 1.873021e+00 -1.659071e+00 -3.992797e-01 1.693542e+00 1.304068e+00 -1.284248e+00 -7.657605e-01 4.624327e-01 -2.250323e-01
-1.912314e+00 -1.911476e+00 -2.397046e+00 -1.883919e+00 -7.195038e-01 -2.345443e+00 -1.333619e+00 -2.469242e-01 1.420595e+00 1.074980e+00 -1.064968e+00 4.124550e-01
-1.893396e+00 -7.526593e-01 -1.522414e+00 2.558823e-01 1.687453e+00 2.708356e-01 -2.156716e-01 7.412033e-02 1.925756e+00 1.467448e+00 -7.639225e-01 1.935763e+00
-1.975110e+00 -1.455453e+00 -2.042529e+00 -9.618837e-01 1.228866e+00 -5.630358e-01 -1.723384e+00 -4.522865e-01 2.600090e+00 2.938980e+00 2.518525e-01 9.448879e-01
