-1.999273e+00 7.365068e-01 1.090048e-01 -2.962067e+00 -1.358576e-01 -3.023932e+00 2.301189e+00 9.140761e-02 -6.852942e-01 -8.853771e-01 -3.224366e-01 4.649371e-01
-3.886867e-01 1.199947e+00 -5.830391e-01 -4.376479e+00 -6.711271e-01 -3.227168e+00 2.886363e+00 4.296019e-01 -2.608809e+00 -2.047362e+00 -2.966750e-01 -1.190950e+00
5.023652e+00 -4.395229e+00 3.520192e+00 -3.930309e+00 -6.787351e+00 1.007630e+00 -2.615149e+00 3.491700e+00 -4.553731e+00 7.885199e-01 -7.218355e-01 -4.042682e+00
3.397584e+00 -3.779619e+00 4.444489e+00 -3.067127e+00 -5.175842e+00 1.734988e+00 -2.364932e+00 2.005247e+00 -5.179259e+00 7.433435e-01 -9.368044e-01 -3.713681e+00
-2.879830e+00 4.165053e-01 1.252085e+00 -1.193387e+00 7.706442e-01 -1.846546e+00 3.745953e+00 -3.530949e-01 2.271735e-01 6.184628e-01 -3.652395e-01 3.473869e+00
4.671821e+00 -3.433458e+00 1.929655e+00 -3.078156e+00 -6.180507e+00 9.886789e-01 -2.709140e+00 3.031405e+00 -2.778800e+00 -3.434559e-01 3.919448e-01 -3.536315e+00
-9.309368e-02 7.711490e-01 1.362657e-01 -2.020104e+00 -6.658948e-01 -1.939903e+00 2.535982e+00 8.055989e-01 -1.485921e+00 -1.219375e+00 -2.998628e-01 -1.090094e+00
1.663642e+00 -2.737211e+00 2.707018e+00 -2.422307e+00 -3.137174e+00 1.601547e+00 -1.251680e+00 1.336476e+00 -3.592689e+00 2.162196e-01 -4.518570e-01 -3.320019e+00
-2.959940e+00 6.501996e-03 -8.524886e-02 1.292741e+00 -1.279994e+00 1.230742e+00 4.697527e-01 1.646535e+00 1.450184e+00 9.595777e-01 1.563202e+00 -6.696758e-01
-2.177160e+00 -2.074699e+00 1.840083e+00 -1.439713e+00 -4.002199e+00 -5.324932e+00 6.131821e-02 -1.155164e+00 -5.544545e-01 -1.158239e+00 6.660081e-01 5.383335e-01
-1.037229e+00 -1.840216e+00 1.066242e+00 -3.439205e+00 -3.664162e+00 -2.177903e+00 -1.033712e+00 -1.242425e+00 -6.619419e-01 -1.428493e+00 1.392381e-02 5.034056e-02
-1.574615e+00 5.816533e-01 -4.565044e-01 2.100603e+00 -8.259792e-01 6.351724e-01 -5.063918e-01 1.445403e+00 1.688914e+00 8.036663e-01 2.770911e-01 -1.155205e+00
-1.735426e+00 -2.593770e-02 -1.669244e-02 8.394653e-01 -6.981400e-01 1.657876e+00 1.028933e+00 2.259367e+00 2.059750e+00 2.015908e+00 1.940754e+00 5.926184e-01
2.730694e+00 -1.162300e-01 -1.479827e+00 -5.203657e-01 -2.189763e+00 -4.289773e-01 -1.997742e+00 4.967676e-01 -3.202057e-01 -7.361988e-01 1.191907e-01 -2.258507e+00
3.166997e-01 -1.152134e+00 -9.856987e-02 3.218198e-01 -6.832363e-01 2.074773e-01 -8.705691e-01 3.509640e-01 5.089550e-01 6.754608e-01 2.009758e-01 3.108536e-01
-9.018011e-01 -5.214621e-01 6.938189e-01 2.839149e-01 -2.329390e-01 4.959269e-01 -2.322666e-01 -5.121676e-01 -5.381950e-01 1.136619e+00 -8.488716e-01 1.284603e+00
-7.828347e-01 3.875052e-01 1.080273e-01 1.522500e-01 7.684155e-02 -1.641736e-02 -1.786264e-01 -1.028513e+00 -9.213229e-01 9.656361e-01 -1.285639e+00 1.139655e+00
-5.109025e-01 7.538993e-01 5.293331e-01 9.245672e-02 -5.508919e-01 2.458887e-02 2.430395e-01 -1.528848e+00 -6.943960e-02 -6.851840e-02 -6.169362e-01 3.512677e-01
-1.648204e-01 -8.413612e-01 -9.616398e-01 1.560686e+00 1.453470e+00 -1.250753e+00 -2.848476e-01 -1.047672e+00 1.239667e-01 2.702268e+00 1.118868e+00 3.904555e-01
6.797715e-02 -6.320864e-01 3.417832e-01 -6.169357e-02 -1.388855e+00 3.563173e-02 3.973702e-01 5.280832e-01 1.073222e+00 -7.310881e-02 -1.612077e+00 8.023620e-02
1.960199e-01 8.420933e-01 7.034267e-01 4.181847e-01 -1.723791e+00 -1.590950e+00 -1.582539e+00 4.190234e-01 5.100181e-02 -2.187026e+00 -6.041921e-01 2.644009e-01
-9.054332e-01 -4.650118e-01 3.388561e-01 9.022353e-01 5.946728e-01 4.018694e-01 5.187280e-01 5.903758e-01 1.693130e-01 1.678663e+00 -4.756868e-01 6.136226e-02
4.432140e-01 1.067830e+00 -4.296448e-01 -6.687003e-01 -8.500949e-01 2.549491e-01 2.786335e-01 -1.508461e+00 -9.513855e-01 -2.107573e+00 -2.004276e+00 -2.241913e+00
8.494127e-03 6.947638e-01 4.884178e-01 1.882086e-02 -6.083040e-01 -3.781711e-01 4.563920e-01 -1.312689e+00 3.041746e-01 4.908166e-02 8.692312e-02 -8.136921e-02
3.136774e-01 4.855633e-03 -1.143090e-01 -5.748159e-01 -1.241562e+00 4.832655e-01 9.948268e-01 1.993132e-01 1.784820e-01 -1.983829e+00 -1.317899e+00 -9.292429e-01
-2.208767e-01 -1.024689e-01 3.529857e-01 9.194520e-01 9.663038e-02 9.857883e-02 -6.030967e-01 2.457426e-01 1.740161e+00 1.018002e+00 -3.431084e-01 4.509859e-01
4.030746e-01 5.201382e-01 -4.138265e-01 2.022145e-01 6.107394e-01 5.668960e-01 6.661404e-01 1.254058e+00 3.021912e-01 -1.334128e-01 2.018872e-01 6.243442e-01
-5.849317e-01 -1.392805e-01 -3.575020e-01 -5.069284e-01 -1.234583e+00 -1.610241e+00 -1.632466e+00 -9.155739e-01 -3.021164e-01 1.253616e+00 3.376666e-01 6.490712e-01
-6.831492e-01 7.279370e-01 7.280679e-01 -1.829992e+00 -1.110173e+00 -3.541929e-01 -1.242329e+00 8.060344e-01 6.343153e-01 1.937655e-01 -1.179319e+00 3.091519e-01
-7.815906e-01 9.033984e-01 -6.318241e-01 -2.220444e-01 -1.077705e+00 -1.379928e+00 9.506331e-02 3.397121e-01 2.449920e-01 2.528602e+00 1.103765e+00 -1.926400e-01
-2.105272e-01 4.292730e-01 9.201960e-02 1.848137e-01 -1.268646e+00 6.687796e-02 2.498984e-02 5.634545e-01 2.254755e-01 -1.207441e+00 -7.233891e-01 -6.544466e-01
-5.053921e-02 -1.906840e-01 -2.541957e-01 2.947868e-01 -8.901929e-03 -1.374848e+00 -3.677366e-02 8.641900e-01 -7.341281e-01 7.189430e-01 -1.969610e-01 4.801665e-01
-2.998564e-01 8.424219e-01 -1.720837e+00 -9.306480e-01 -8.845339e-02 -3.230633e-01 8.958775e-01 1.475035e+00 1.804914e+00 1.459435e+00 -3.713510e-01 -1.205343e+00
-5.954304e-02 1.016449e-01 -1.020711e+00 -7.828194e-01 -8.191091e-01 1.532401e+00 1.545378e+00 1.360290e+00 3.643255e-02 -1.046787e+00 -3.394755e-01 2.446654e+00
8.607884e-02 3.137495e-01 2.146015e-01 -4.452858e-01 1.141752e-01 -3.174551e-01 -6.967983e-01 -5.141599e-01 1.118266e+00 9.547580e-01 -7.744132e-01 -5.918012e-01
-2.556817e-01 -3.338755e-01 -3.121727e-01 3.093856e-01 3.551064e-02 2.441027e-01 -4.900457e-01 -1.505618e+00 -1.411488e+00 9.041722e-02 4.615603e-01 1.117473e+00
-4.211807e-03 2.654923e-01 -6.945617e-01 -1.272884e+00 -8.585724e-01 5.978157e-01 6.708071e-01 1.588468e+00 7.378657e-01 -8.443317e-01 -1.601298e+00 1.348159e+00
1.097939e-01 5.879241e-01 1.053495e+00 1.366287e-01 8.983288e-02 -5.972242e-01 7.668979e-01 -1.586152e+00 6.747302e-01 4.894810e-01 1.272432e-01 7.343545e-01
-6.347056e-02 2.261528e-01 1.106599e-01 9.627254e-02 1.050386e+00 -2.692294e-02 -1.857804e+00 -2.335649e+00 -1.164999e-01 7.249728e-01 6.560819e-01 -2.987555e-01
6.815057e-01 7.416129e-01 -1.580476e-01 6.227757e-01 9.381489e-01 1.011674e+00 1.357228e+00 1.310087e+00 4.064168e-01 -3.647393e-01 4.418327e-01 2.423888e-01
-3.525651e-01 8.066796e-01 1.599393e+00 -1.230247e+00 4.385993e-01 9.272385e-01 -1.159990e+00 -7.859538e-01 -1.462326e+00 -1.234378e+00 -7.168275e-01 -4.483019e-01
-5.133658e-02 -4.826085e-01 -3.480672e-01 1.891818e-01 -4.402437e-02 1.188939e+00 3.926397e-01 1.446135e-02 -5.683883e-01 -9.371627e-01 6.357152e-01 1.379574e+00
-3.293611e-01 -8.868214e-01 -2.611119e-01 5.997759e-01 8.285357e-01 1.888621e-01 3.390761e-01 3.331199e-01 -1.107002e+00 2.822426e-01 1.422354e+00 7.866927e-01
-4.388726e-01 1.918888e-02 7.246265e-01 -2.989840e-01 -8.325927e-01 -1.051401e+00 3.334442e-01 6.126495e-02 5.342491e-01 9.401537e-01 -5.509661e-01 -6.171488e-01
-3.237122e-01 1.511432e-01 2.253037e-01 -2.736865e-01 -7.414882e-01 9.457447e-02 -8.343350e-01 -1.172820e+00 5.689994e-01 1.318470e+00 5.935111e-02 7.675689e-01
1.991717e-01 6.236166e-01 -3.154973e-02 2.610142e-01 -3.350290e-01 -5.057445e-01 5.448294e-01 5.177216e-01 -6.551186e-01 -1.465138e+00 -4.930016e-01 -7.462930e-01
-8.374864e-01 -6.855688e-01 8.192188e-01 1.530923e-01 1.439160e+00 4.476488e-01 -1.074983e-01 -6.437250e-02 1.917830e-01 7.541218e-01 -7.553635e-01 2.104683e-01
-1.077346e-01 2.892166e-01 -6.453333e-02 -1.183586e+00 -1.103528e+00 -1.066855e+00 -1.090947e-01 1.022452e+00 1.349711e+00 -4.104659e-01 -1.675089e+00 6.774470e-01
-2.645984e-01 1.378336e-02 6.227915e-01 -3.333013e-01 -4.162823e-01 -6.687430e-01 -3.157071e-01 -1.129034e+00 -1.657476e-01 -1.759113e+00 -1.459064e+00 -1.144541e+00
1.469518e+00 -7.568610e-01 4.863676e-01 -3.503585e+00 -4.480503e-01 3.426994e-01 -1.200412e+00 1.743975e-01 2.301332e-01 -4.829449e-01 -5.654664e-02 -1.437451e-01
2.965422e-02 7.155466e-02 5.474522e-02 2.924508e-01 8.310690e-02 6.551668e-01 -2.465666e-01 -4.633523e-01 -8.163122e-01 -1.571151e-01 6.974840e-01 -2.966870e-01
2.426124e-01 -5.575824e-01 -4.196933e-01 1.500709e+00 2.238012e+00 4.281673e-01 1.151094e+00 -8.765208e-01 2.689819e-01 2.606235e+00 1.605192e+00 6.615204e-01
2.167292e-01 5.115204e-01 1.515329e+00 -2.777987e-01 4.176424e-01 -5.227078e-01 1.912152e-01 -9.537426e-01 3.464684e-01 1.083455e+00 1.385502e-01 9.289842e-01
1.688517e-01 1.192367e-03 -3.505962e-01 6.203787e-01 6.476892e-01 3.169084e-03 4.717962e-01 9.699150e-01 6.924621e-01 1.585457e+00 1.533846e+00 1.276339e+00
4.449593e-01 1.381201e+00 9.880533e-01 5.656495e-02 -3.020183e+00 -8.356897e-01 -7.284555e-01 5.062603e-01 1.021711e-01 -3.224580e+00 -1.024975e+00 9.115084e-01
-1.921883e+00 -2.672498e-01 2.544018e+00 1.713412e+00 -1.434076e-01 1.537628e-02 2.325691e+00 -8.160021e-01 -8.890343e-02 -1.423774e+00 -2.095085e+00 2.240547e+00
4.508782e-01 2.570383e-01 8.944477e-01 1.754854e+00 1.067135e+00 1.067734e+00 1.945926e+00 5.869862e-01 6.402280e-01 1.367413e+00 1.234575e+00 9.762786e-01
-9.016210e-01 3.675096e-01 6.056282e-01 -4.433898e-01 -1.539403e+00 -1.494353e+00 -9.267797e-01 -2.268952e+00 -3.107585e+00 1.601301e+00 1.391425e+00 -4.533221e-01
1.385050e-02 -2.254732e-01 5.099378e-01 4.475974e-01 7.948152e-01 8.310536e-01 -6.005887e-01 -1.348795e+00 -1.947483e-01 -1.486212e+00 -1.492550e-01 1.895054e-01
4.673962e-01 1.007244e+00 1.570756e+00 6.925632e-01 -1.872634e+00 -4.853569e-01 5.713220e-01 1.780188e+00 1.298938e+00 -1.493026e+00 -8.352496e-01 1.453444e+00
4.415512e-04 6.773076e-01 -1.326052e-01 2.751068e-01 1.360746e+00 1.045860e+00 1.131668e+00 1.129789e+00 1.680340e+00 -3.161176e-01 1.307958e-01 -7.782633e-01
2.829030e-01 5.476096e-01 1.478356e+00 -4.286645e-01 5.759621e-01 -7.279014e-01 -3.652799e-01 -1.089839e+00 -1.316297e-01 1.448896e+00 -1.719582e-01 1.189604e+00
5.113966e-01 1.768971e-01 -1.982775e-01 8.863322e-01 1.257438e+00 4.787820e-01 1.457842e-01 -3.585399e-01 7.676913e-01 1.767863e-01 1.840304e-01 -5.870563e-01
-5.766264e-01 -3.381735e-01 6.789607e-01 4.713281e-01 1.969350e+00 1.040718e+00 2.728367e-01 6.338989e-01 1.381689e+00 1.406989e+00 3.420892e-01 5.617897e-01
2.573929e-02 7.292184e-01 4.036409e-01 6.105823e-01 2.101642e+00 2.174876e+00 6.912740e-01 4.405775e-02 -1.123698e-01 -1.957517e+00 -3.815821e-01 -1.292632e+00
-2.821662e-01 4.186474e-01 8.832893e-01 4.014205e-01 3.397695e-01 2.689793e-01 -5.406700e-01 -3.857342e+00 -4.162934e+00 -1.323027e+00 -4.090405e-01 -1.373431e+00
-2.572178e-02 1.137321e+00 9.022298e-01 2.319867e-01 1.877310e-01 -6.224314e-01 -3.992305e-01 -1.836097e+00 4.330065e-01 9.783065e-01 2.297113e-02 7.990448e-01
-3.806087e-01 1.497155e+00 8.144280e-01 6.535915e-01 -1.918989e-01 -2.451161e-01 -8.059980e-01 -1.688116e+00 4.446301e-01 6.437624e-01 2.248377e-01 3.404427e-01
-6.203848e-01 1.773471e+00 4.089373e-01 1.147186e+00 -2.236114e-01 1.418077e-01 -4.823679e-01 -2.193718e+00 8.740836e-01 -1.300726e-02 2.975659e-02 -6.515975e-02
6.283207e-01 3.503749e-01 5.503092e-01 5.815229e-02 7.987992e-01 9.952513e-01 2.422076e-01 1.078564e+00 3.096222e-01 1.906827e+00 2.583488e+00 2.873450e+00
-6.945608e-01 1.744301e+00 4.486292e-01 8.869926e-01 -3.119068e-02 6.575173e-01 -4.648371e-01 -2.259486e+00 5.865697e-01 -7.519101e-01 -8.102328e-01 -3.086914e-01
-2.663298e-02 6.894947e-01 1.764203e+00 -4.531630e-01 1.739361e+00 1.471433e+00 -8.899981e-01 -3.008220e+00 -2.792655e+00 -1.443063e+00 -3.796449e-02 -9.235605e-01
-6.601169e-01 1.544344e+00 6.428003e-01 4.831521e-01 4.959740e-01 9.018214e-01 -3.080942e-01 -2.283986e+00 2.768010e-01 -1.555386e+00 -1.366263e+00 -3.734075e-01
-6.321481e-01 6.195573e-01 6.605865e-01 4.733955e-01 1.985866e+00 1.511845e+00 -6.483307e-01 4.322576e-01 1.271065e-01 7.566690e-04 -4.007878e-01 -6.709277e-01
-3.414551e-01 3.415837e-01 1.286249e+00 4.141122e-01 1.034025e+00 -1.256521e-02 -2.236415e+00 -2.836651e-01 -1.693395e+00 -8.196095e-01 -1.043451e+00 8.484217e-01
-1.796001e-01 4.868624e-01 9.796158e-01 -1.580628e-01 1.449179e-01 5.997464e-01 -1.859026e+00 -1.197361e-01 -1.768535e+00 -7.327323e-02 -4.154634e-01 -1.696374e-01
-5.701653e-01 1.425466e+00 5.941818e-01 5.387945e-01 9.821874e-01 8.180236e-01 -4.114891e-01 -2.337934e+00 3.248861e-01 -2.049181e+00 -1.459957e+00 -8.299723e-02
-9.060492e-02 9.020472e-01 -1.085081e+00 4.722418e-01 1.436729e+00 -1.545227e+00 -1.130645e+00 2.121449e+00 3.394105e+00 2.496309e+00 -9.609930e-01 1.345740e+00
-3.555008e-01 8.360382e-01 1.731480e-01 1.447608e+00 2.112631e+00 -2.540183e-01 -2.150591e+00 1.207963e+00 1.727934e+00 1.327418e+00 -6.930324e-01 5.695421e-01
-5.119489e-01 4.089605e-01 1.179761e+00 1.015891e+00 1.795453e+00 -7.570390e-01 -1.734022e+00 -4.154480e-01 -8.740411e-01 -1.759731e+00 -1.653168e+00 9.681352e-01
-6.524211e-01 1.166976e+00 8.628677e-01 8.137974e-01 1.465230e+00 6.095574e-02 -1.127992e+00 -1.638740e+00 5.040579e-02 -2.106689e+00 -1.496767e+00 4.012979e-01
-4.480084e-01 -1.082425e+00 1.154505e-01 1.984915e+00 -1.899083e+00 -4.504565e+00 3.269329e+00 -2.156205e+00 6.224002e-01 -6.040433e-01 2.849977e+00 1.077866e+00
2.219626e-01 1.139397e+00 -1.217520e+00 -4.498969e-01 5.390452e-01 -1.570177e+00 -9.814274e-02 7.297048e-01 1.432719e+00 1.743201e+00 -1.193335e+00 1.698203e+00
3.256670e-01 6.904061e-01 4.299015e-01 -7.988933e-01 -3.590679e-01 9.864553e-01 -1.011504e+00 -1.633521e-01 -1.215208e+00 5.535876e-01 -1.898820e-01 -1.055106e+00
5.997225e-01 -4.844677e-01 7.383329e-01 4.355164e-01 1.625317e-01 2.611920e+00 3.080810e-01 1.680305e+00 7.345115e-01 -9.396467e-01 1.075841e+00 -6.721149e-02
2.863868e-01 1.363182e+00 -1.315729e+00 -1.032631e+00 4.458599e-01 -8.964707e-01 -3.840300e-01 -1.685566e+00 -3.413499e-01 9.062071e-02 -7.094656e-01 1.801142e+00
5.915046e-02 2.578031e-01 -1.982667e-01 1.565690e+00 7.583188e-01 1.481951e+00 -3.500258e-01 1.695744e+00 4.268543e+00 -1.025981e+00 1.468000e-01 -2.225495e-01
6.280410e-01 7.707340e-01 -1.608738e-01 -6.055953e-01 -3.927391e-01 8.666114e-01 -1.468908e-01 -9.702053e-02 -4.816477e-01 1.083733e+00 -1.063438e+00 -1.212912e+00
-1.612453e+00 -9.952400e-01 -2.387185e+00 -1.498322e+00 1.483702e+00 2.370680e+00 2.712075e+00 8.645037e-01 2.558861e+00 3.212013e+00 2.533329e+00 1.464785e+00
1.576008e-01 -3.845125e-01 2.901397e-02 -3.960752e-02 -1.443417e+00 1.355251e+00 -1.287922e+00 5.852944e-01 -2.461996e-02 -1.345508e+00 -9.136125e-01 -1.417541e+00
1.468027e-01 1.125119e+00 -1.117658e+00 -4.684631e-01 3.825691e-01 1.742150e-02 2.211901e-01 -8.419294e-01 1.103988e+00 -2.928763e-01 -7.814704e-01 1.372195e+00
4.338881e-01 1.095744e+00 -9.822031e-01 3.121784e-02 4.490488e-01 4.736138e-01 -1.205612e+00 -5.251228e-01 2.259681e+00 -1.505160e-01 -7.855171e-03 -1.746075e-02
9.286965e-01 8.259194e-02 -2.260296e-01 4.272060e-01 1.030216e-01 -7.613144e-01 1.425168e+00 5.586905e-01 -9.486858e-01 1.075312e+00 -1.772444e+00 -8.443917e-01
-3.269812e+00 -5.772398e+00 -2.284077e+00 -3.903360e-02 6.017019e-01 6.230918e-01 2.278378e+00 4.751746e+00 2.764820e+00 2.629717e+00 2.544970e+00 3.041670e+00
6.368641e-01 6.560877e-01 -4.092353e-01 -9.283367e-01 1.733936e+00 1.397711e+00 -2.173613e-01 2.268196e+00 -7.252674e-01 1.503522e+00 6.949013e-01 1.745672e+00
-3.400267e+00 -8.140470e+00 -2.602527e+00 2.622221e+00 1.331180e+00 -2.109114e-01 1.342594e+00 4.519332e+00 1.897957e+00 2.067979e+00 1.674685e+00 3.285675e+00
5.477136e-01 7.480868e-01 -1.091721e+00 1.234232e+00 1.500677e+00 -2.477673e+00 3.477264e+00 6.000614e-03 -1.307089e+00 -7.402839e-01 8.515733e-01 -1.041365e+00
1.866364e+00 -1.232441e-01 1.746329e+00 -2.110335e+00 1.753143e+00 5.443828e-01 -1.364642e+00 1.512288e-02 -2.723598e-01 -9.859608e-01 -1.188138e+00 -4.255400e-02
-4.754753e-02 2.241683e+00 -1.667195e+00 -2.185248e+00 -1.006463e-01 7.472495e-01 -1.428620e+00 -3.077480e+00 2.113615e+00 2.615701e+00 7.753520e-01 -3.698725e-01
4.464294e-01 -1.696476e+00 2.391643e+00 1.433751e+00 -7.358742e-02 -1.317121e+00 1.736391e-01 7.050050e-01 -1.683547e-01 1.029943e-01 -1.395345e+00 -1.063530e+00
-5.074541e-01 2.684919e+00 -2.928324e+00 -3.279317e+00 5.506476e-01 2.106685e+00 4.585311e-01 -2.508546e+00 2.261153e+00 2.339196e+00 1.155401e+00 1.499886e-01
7.384365e-01 -8.677802e-01 -3.480343e-01 1.765117e+00 -1.499515e+00 3.256704e+00 8.212687e-01 1.555774e+00 -1.276314e+00 -2.098564e+00 -1.694169e+00 -8.021881e-01
-3.986403e-01 2.974672e+00 -1.552968e+00 2.270002e+00 4.272571e+00 -4.007876e+00 3.666943e+00 2.776213e-01 2.589504e-01 -3.671406e+00 2.833703e+00 -4.989654e-01
3.730169e+00 -1.712230e+00 9.113972e-01 -7.604285e-01 -1.370172e+00 -1.835240e+00 -2.377775e+00 6.907274e-01 -6.786028e-01 4.139016e-01 6.003765e-01 -3.136389e+00
-6.810697e-01 4.294057e+00 -3.193083e+00 3.247852e+00 6.958126e+00 -3.136172e+00 3.062308e+00 -9.694732e-01 1.523621e+00 -5.320339e+00 2.881692e+00 -7.035298e-01
2.279412e+00 -9.741439e-01 -7.526898e-01 1.962356e+00 -2.137551e+00 2.899220e+00 1.721604e-01 1.406117e-01 -1.567494e+00 -1.998143e+00 -9.610525e-01 -1.767594e-01
8.759479e-02 1.174750e-01 -6.164756e-01 1.893030e+00 5.441772e-01 -1.750381e+00 2.254827e+00 -5.534937e-01 6.472921e-03 -4.727399e-01 -4.509741e-01 -9.147608e-01
-2.631949e+00 -3.248710e+00 -3.749494e+00 3.024714e+00 3.211414e+00 -7.119464e-01 -2.021811e-01 2.467545e+00 2.563993e+00 -3.209202e-01 7.730877e-01 3.033464e+00
1.742923e+00 1.439857e+00 -2.511395e+00 -2.670885e-01 2.082781e+00 2.879927e+00 -7.241131e-01 1.057763e+00 -9.315562e-01 1.341896e+00 -5.554518e-01 1.724713e-01
3.308159e+00 -1.481180e+00 -1.498249e+00 2.449046e+00 -1.263669e+00 2.107139e+00 -9.995508e-01 1.071141e+00 8.018599e-01 1.583805e-01 7.004477e-01 -1.073788e+00
4.661919e+00 -2.209862e+00 6.453590e-02 1.036164e+00 -1.460852e+00 1.227033e+00 -2.241112e+00 9.231207e-01 -1.575239e+00 -2.214413e-01 1.827332e+00 -1.513829e+00
-1.560077e+00 2.789342e+00 -4.775394e+00 2.518247e+00 5.820052e+00 -1.642052e+00 1.086407e+00 7.056999e-03 2.505365e+00 -4.036851e+00 1.926055e+00 1.275459e+00
1.234996e+00 1.408190e+00 -2.459328e+00 1.136927e+00 2.515954e+00 2.061800e+00 -6.133614e-01 2.640959e-01 -1.591723e-01 8.600938e-01 -9.729438e-01 -1.647563e+00
