5.466100e+00 1.588207e+00 6.317765e-01 -7.074064e-01 -2.450260e+00 -1.397492e+00 8.556983e-01 -2.017323e+00 -2.136588e+00 -2.277975e+00 -1.687119e+00 -1.236608e+00
4.785069e+00 -1.410461e+00 2.480528e-01 -1.238574e+00 -3.572833e+00 -1.092068e+00 8.973736e-01 9.236273e-01 -2.657343e-01 -1.869522e+00 -6.524661e-01 -2.340213e-01
4.751094e+00 3.475500e+00 1.439003e+00 -3.449218e-02 -1.383823e+00 -1.324510e+00 -4.067076e-02 -2.428254e+00 -2.470810e+00 -2.456915e+00 -1.433742e+00 -7.422956e-01
2.465316e+00 -3.874476e+00 8.177563e-01 -2.410662e-01 -3.238344e+00 -4.806855e-01 7.693565e-01 2.314119e+00 3.689322e-01 -5.936403e-01 -1.335734e+00 4.063380e-01
-2.245252e+00 -2.485291e+00 -8.270238e-01 -3.675816e+00 1.532721e+00 4.790146e+00 -5.922138e+00 1.488899e+00 -7.961770e-01 3.654890e+00 1.334562e+00 1.209663e-01
-1.824051e+00 -2.065629e+00 -1.397187e+00 -2.148583e+00 1.708341e+00 3.110011e+00 -2.179163e+00 -9.881895e-01 -3.486264e-01 2.400996e+00 5.231022e-01 9.802048e-01
1.724241e+00 -3.184986e+00 -1.633937e+00 1.868351e+00 8.276480e-01 -2.085697e+00 -2.217465e+00 -9.285016e-01 1.795133e+00 -1.689153e+00 -8.144806e-01 -6.149937e-01
-1.838723e+00 -2.560164e+00 -3.364170e-01 -3.243545e+00 1.047235e+00 4.750082e+00 -7.450681e+00 3.114084e+00 9.348531e-02 3.826828e+00 8.391111e-01 -5.515227e-01
1.306344e+00 -1.682124e+00 -8.272188e-01 1.715412e+00 7.014674e-01 -2.845021e+00 -3.516983e+00 5.498227e-01 4.756245e-01 -2.240349e+00 -8.144954e-01 -9.989201e-01
-8.501035e-01 -1.243391e+00 -1.383138e+00 -5.475730e-01 2.034992e+00 1.357301e+00 4.269218e-01 -2.763138e+00 2.960536e-01 -2.299057e-01 5.545314e-01 4.945874e-01
3.340589e-01 -4.245943e+00 1.262268e+00 1.821097e+00 -1.265428e+00 3.174086e-02 -1.234688e-01 2.530275e+00 5.879871e-01 1.135766e+00 -1.789856e+00 4.978222e-01
-1.032034e+00 -2.187140e+00 3.722963e-01 -1.103745e+00 5.333786e-01 2.613440e+00 -6.385222e+00 2.986968e+00 7.128164e-01 2.666327e+00 -4.521874e-01 -7.726477e-01
1.992143e+00 1.709802e+00 1.877215e+00 1.087784e+00 3.427203e-01 -1.252495e+00 -6.520023e-01 -1.569061e+00 -2.619577e+00 -2.113340e+00 -1.538659e+00 1.217880e-02
-1.577031e-01 -8.865937e-01 -1.399162e+00 -4.170295e-01 2.603389e+00 1.103644e+00 -4.382164e-01 -2.818183e+00 1.257545e+00 -6.801022e-01 4.152518e-01 1.357060e-01
-1.348094e+00 -2.369528e+00 -8.559614e-01 -3.896185e-01 2.085907e+00 1.032160e+00 -3.334239e+00 -3.415964e+00 3.961252e+00 2.173145e+00 1.028818e+00 7.179224e-01
7.953953e-01 1.499824e+00 4.654308e-01 1.135188e+00 -1.989282e-01 -3.620083e-01 -1.699653e+00 2.760620e-02 -1.343162e+00 7.287792e-01 -1.945833e-01 -1.830774e-01
2.804377e-01 -7.092565e-01 -1.477534e+00 -5.071189e-01 1.813195e+00 1.707671e+00 -1.309938e+00 -1.636827e+00 1.214963e+00 -3.347401e-01 7.677459e-01 -4.549375e-01
-6.269602e-02 -2.654321e+00 1.050142e+00 1.358486e+00 -7.007755e-01 5.490960e-01 -2.254112e+00 2.941925e+00 4.581389e-01 1.044626e+00 -1.084667e+00 -4.634316e-02
-1.108153e-01 7.330920e-01 8.231600e-01 2.390098e-01 -7.144960e-01 -9.460829e-01 -2.188181e+00 -2.030224e+00 2.755386e-01 3.110523e-02 -6.967933e-01 8.963696e-01
4.145321e-01 -4.101620e-01 -1.276019e+00 -2.556764e-01 1.330877e+00 1.782876e+00 -1.493467e+00 -1.356508e+00 1.288106e+00 1.580300e-01 1.114265e+00 -9.768375e-01
-8.488660e-02 3.684247e-01 7.871237e-01 1.502191e-02 -6.920179e-01 -7.391430e-01 -1.781108e+00 -1.855152e+00 2.859329e-01 -5.185844e-01 -8.547046e-01 1.937439e-01
-1.227009e+00 -1.777024e+00 1.942450e-01 8.382238e-01 3.109779e+00 1.817176e+00 -2.478655e+00 -2.479947e+00 3.408824e+00 2.703278e+00 2.176422e+00 1.746906e+00
-5.313317e-01 3.460656e-01 6.618310e-01 -2.780485e-01 8.164121e-01 -7.777485e-01 -3.142196e+00 -9.495610e-01 -4.368464e-01 1.391149e+00 -2.114876e+00 1.692004e+00
-1.365799e+00 -1.072324e+00 9.078485e-01 -9.231639e-01 4.750300e-01 5.589682e-01 -3.718105e+00 2.342400e-01 -8.333079e-01 2.618108e+00 -3.385649e+00 6.639367e-01
6.802160e-01 -1.680404e+00 -5.055566e-01 6.625978e-01 1.165035e+00 -9.312227e-01 -1.272971e+00 -1.029029e+00 8.710394e-02 -1.324546e+00 -1.230017e+00 -8.365250e-01
3.692644e-01 3.855512e-01 1.592463e-01 1.724293e+00 1.756451e-01 2.099789e+00 -7.061990e-01 -7.974939e-02 -1.866409e-01 1.960155e-01 -2.989332e-01 -7.934705e-01
-9.890547e-02 -6.641154e-02 2.427771e-01 1.041151e-01 -1.544044e-01 -9.079912e-01 -1.062419e+00 -1.254300e+00 -6.066391e-01 -9.739563e-01 1.378226e-01 -1.135286e+00
-9.995696e-01 -1.269832e+00 -3.298637e-01 -6.267286e-01 2.889218e-01 2.998699e-01 -7.134553e-01 -1.753257e+00 3.310173e-01 3.743049e-01 6.717088e-01 7.316500e-01
-1.975050e+00 -2.915098e+00 8.291111e-01 -1.233543e+00 -4.061097e-01 2.395387e+00 -3.139460e+00 -5.260400e-01 -1.531735e+00 1.796376e+00 -3.942178e+00 -7.080635e-01
1.471140e+00 7.984940e-01 1.138477e+00 8.274168e-01 -4.871284e-01 -8.745285e-01 2.507473e-01 1.892231e-01 -1.963855e+00 -2.286814e+00 -1.621243e+00 2.619513e-01
4.403960e-01 -8.603487e-02 -1.145078e+00 1.081075e-01 8.362138e-01 1.666707e+00 -1.686502e+00 -9.229185e-01 1.129668e+00 8.126436e-01 9.772021e-01 -8.724108e-01
2.468207e-01 6.749001e-01 -1.230140e-01 5.409279e-01 -9.527151e-02 1.148370e+00 -8.520897e-01 -1.476642e-01 -1.230292e-01 5.619819e-01 2.281616e-01 5.944397e-02
-1.811944e+00 -3.172575e+00 4.513265e-01 -1.043697e+00 -1.988529e+00 3.282642e+00 -1.414173e+00 -1.701465e+00 -1.554954e+00 -1.675522e-01 -3.283343e+00 -1.025331e+00
1.066042e+00 -6.070265e-01 -7.786412e-01 -4.729188e-01 -1.623555e+00 -1.355889e+00 5.555751e-01 1.959387e+00 -1.226654e+00 -2.322059e+00 -1.170308e+00 -6.586909e-01
2.373486e-02 4.118843e-01 4.959420e-01 1.171817e-01 2.163800e-01 -8.217782e-02 2.096936e-01 7.886285e-01 1.181137e+00 1.486363e+00 1.383480e-01 2.266815e-01
-2.620018e-01 -1.205755e-01 -5.896313e-02 1.787533e-01 -1.635803e-01 -3.126296e-01 -1.010595e+00 -9.473099e-01 -8.695367e-01 1.125657e+00 1.604380e+00 -6.558430e-02
-7.185240e-02 5.076556e-02 -6.309851e-02 1.700370e-01 2.516884e-01 -7.987858e-01 -6.603421e-01 3.661451e-02 -1.054836e+00 -8.293003e-01 -3.162126e-01 -1.308846e+00
-8.693314e-02 2.165864e-01 3.234132e-01 -2.089280e-01 -6.057077e-02 2.714937e-01 2.694752e-01 4.535290e-01 -5.658402e-02 1.131482e-02 8.956090e-01 5.902025e-01
-1.534081e-02 5.957307e-01 -7.931488e-01 -1.376520e+00 -6.723402e-01 -7.127390e-01 -4.103869e-01 -1.634512e-01 -5.220538e-01 -1.786200e-01 -3.590125e-01 -8.475412e-01
-1.604319e-01 -3.582999e-01 4.508149e-01 -5.605333e-01 9.988428e-04 -4.605650e-02 1.708736e+00 1.106816e+00 -3.621650e-01 -4.383268e-01 -4.009914e-01 6.070472e-01
-2.185144e-01 -8.011593e-01 4.716989e-01 -1.275683e-01 -3.303512e-01 -8.385185e-01 4.934290e-01 3.957467e-02 -9.183823e-01 -1.990850e-01 -4.908141e-01 4.550015e-01
2.589508e-01 1.053648e+00 7.708132e-01 -1.872903e-01 2.245950e-01 1.091933e+00 6.897189e-01 5.725128e-01 -4.711638e-02 -4.048181e-01 -4.963621e-01 -4.009705e-01
-3.986134e-02 4.042947e-01 -3.936122e-01 -6.117238e-01 7.635003e-01 -8.583952e-01 7.864394e-02 7.489683e-01 -2.014475e+00 -2.591042e-01 -1.277666e+00 -5.643172e-01
3.343012e-01 1.793864e-01 -9.855611e-01 3.546140e-01 1.812422e-01 1.577920e+00 -1.828520e+00 -7.949961e-01 1.016910e+00 8.290188e-01 9.680851e-01 -9.650675e-01
-2.198000e-01 -9.411817e-01 3.157579e-01 1.452490e-01 -4.371861e-01 -6.624314e-01 -1.985548e-01 -2.536715e-01 -1.038254e+00 -8.449897e-01 -9.658473e-01 -1.398257e+00
-2.182268e-01 -6.080030e-01 -7.288778e-01 1.505809e-01 2.656354e-01 3.816097e-02 -7.001876e-01 -1.219913e+00 -2.295700e-01 -6.794878e-01 -1.477580e-01 -4.982194e-01
1.579754e-01 5.063120e-01 4.391209e-01 -3.052090e-01 -7.845081e-01 -1.689160e-01 5.372995e-01 1.660255e+00 5.884995e-01 -1.802035e-01 4.738344e-01 1.024890e+00
9.459420e-02 1.112029e-01 -2.510923e-01 7.588684e-01 4.231915e-01 1.196804e+00 1.402082e-02 -2.546864e-01 1.825862e-02 5.029297e-02 -8.955779e-01 4.456297e-01
-3.377914e-02 3.868935e-01 9.567426e-01 -9.159367e-02 4.955522e-01 8.452492e-01 1.852311e+00 4.476174e-01 3.182017e-01 1.568153e-01 1.947525e-01 1.491665e+00
4.188709e-02 9.901740e-02 -2.892257e-01 8.498833e-01 6.869651e-01 6.153775e-01 9.223346e-02 -2.812197e-01 3.402029e-01 3.126747e-01 1.566944e+00 1.549385e+00
1.649589e-02 7.153403e-01 -8.577822e-01 4.417599e-02 8.381431e-01 -1.416372e+00 2.947924e-01 1.471884e+00 -1.786277e+00 -5.016636e-01 -5.075300e-01 -1.059367e+00
4.829748e-01 5.785385e-01 8.676214e-01 1.072345e+00 5.046902e-01 1.212047e+00 4.181437e-01 1.646409e-01 1.249467e+00 6.816362e-01 1.191619e+00 9.599724e-01
-1.118981e+00 -2.041457e+00 -3.590391e-01 5.498911e-01 -2.290305e+00 3.098591e+00 1.580437e+00 -3.042746e+00 4.332584e-01 -2.506325e+00 2.661022e-01 -3.043615e-01
4.304926e-01 5.079452e-01 2.860866e-01 1.733498e-01 2.053540e-01 1.430696e+00 7.140189e-01 1.178883e+00 1.323520e+00 -3.706499e-01 -1.044871e+00 8.561499e-01
-6.480414e-01 -2.283707e-02 -5.586635e-01 -1.286877e+00 -3.932552e-01 -1.768495e+00 -7.764404e-01 -1.837851e+00 1.291883e+00 -8.383892e-01 1.843147e-02 -2.195756e-01
1.896839e-02 1.869620e-01 5.099741e-01 -2.001674e-01 -7.299179e-02 6.582162e-01 6.787196e-01 2.515554e-01 1.351392e-01 -1.382437e+00 -6.098402e-01 3.652717e-01
-2.470386e-01 -6.999204e-01 1.382759e+00 2.052001e-01 -8.065026e-01 -1.798327e+00 1.492979e+00 9.833744e-01 -1.708980e-01 -7.536370e-01 -3.346063e-01 7.614832e-02
-2.811623e-03 -1.598376e-01 1.689277e-01 -7.886568e-02 1.538127e-01 6.644701e-01 1.156603e+00 5.763713e-01 6.762170e-01 -9.916042e-01 -8.082082e-01 4.671350e-01
3.191720e-01 3.233789e-01 -7.406891e-01 2.482375e-01 2.333890e-01 7.870514e-01 -1.114867e+00 -1.072419e+00 1.045017e+00 6.788290e-01 4.892464e-01 -1.609432e-01
-1.366497e-01 1.380735e-01 -7.902291e-02 2.712352e-02 -7.952061e-01 -1.314528e+00 9.460070e-02 9.415518e-01 -3.195548e-01 -1.152572e-01 -3.388746e-01 3.905510e-01
-1.460907e-01 -1.329911e+00 -5.220767e-01 1.114806e+00 3.654116e-01 2.988617e-01 1.100886e-01 8.744822e-01 4.435937e-01 -5.140208e-01 9.285277e-01 6.708059e-01
-4.418193e-01 4.890014e-01 -2.067422e-01 -2.024012e+00 -1.039284e+00 -1.977488e+00 1.642747e-01 -1.719588e+00 -7.040963e-01 -4.957419e-01 -3.657896e-01 -8.572571e-01
-2.086538e-01 -3.838969e-01 1.255447e+00 4.243002e-01 -1.175622e+00 -1.899879e+00 1.535673e+00 1.634306e+00 -9.165330e-01 -8.007187e-01 -4.070612e-01 6.010937e-01
-1.424131e-01 -8.733419e-01 1.347566e+00 3.533707e-02 -7.139777e-01 -1.456140e+00 9.348437e-01 9.001967e-01 -4.462860e-01 -1.216293e-01 -8.112632e-01 -8.896546e-02
-1.266672e-01 -2.801228e-02 3.484767e-01 2.136625e-01 -2.909599e-01 -3.595333e-01 1.693209e-01 2.274548e-01 -1.379443e-01 5.038385e-01 -5.133042e-01 -5.330215e-02
2.483937e-01 3.405060e-01 -5.919205e-01 2.154572e-01 2.083414e-02 5.738255e-01 -1.113258e+00 -7.727455e-01 6.445907e-01 2.981682e-01 4.009387e-01 1.935270e-01
-1.046726e-01 -3.895873e-01 7.282072e-01 1.239523e-01 -3.746966e-01 -7.058033e-01 3.911707e-01 3.638860e-01 -1.568718e-01 3.802726e-01 -4.970209e-01 -3.069909e-01
-1.214116e-01 -6.194654e-01 1.015304e+00 8.425927e-02 -4.005665e-01 -1.388674e+00 9.215757e-01 5.527931e-01 -6.021526e-02 -1.440444e-01 -6.220067e-01 -2.017573e-01
-1.032427e-01 2.768222e-01 -1.146736e-01 6.324177e-01 -7.956550e-01 4.566128e-01 -3.997196e-01 4.849867e-01 -1.097062e-01 2.411405e-01 1.250746e-02 -3.861185e-01
8.122293e-01 1.872297e+00 -3.194452e+00 9.968309e-01 3.519423e+00 -2.737880e+00 -5.794938e-02 1.250901e+00 4.598407e-01 -3.216209e+00 -6.523727e-01 -5.190321e-01
1.186932e-01 -9.413856e-01 -1.691642e-01 7.473494e-01 4.230820e-01 -1.348430e-01 6.638337e-01 1.530891e+00 6.336282e-01 7.334713e-01 4.335844e-01 7.525420e-02
2.866371e-01 1.384334e-01 -3.683794e-02 -1.921982e-01 4.519635e-01 1.519897e-01 -4.379105e-01 -8.635914e-01 9.014999e-01 -1.972058e-01 6.098791e-01 3.961420e-01
2.980291e-01 -2.758106e-01 8.891856e-01 5.365142e-01 3.026041e-01 -7.472318e-01 3.095388e-01 1.606891e-01 -5.580332e-01 1.582012e+00 3.664661e-01 -7.066574e-01
-6.408114e-01 6.099088e-01 6.432059e-01 -1.638651e+00 -1.428885e+00 1.231075e+00 1.860966e+00 1.200233e+00 1.508139e-01 2.293252e-01 1.389169e+00 1.118885e+00
-6.334655e-02 5.393264e-01 -5.682032e-01 8.343085e-01 -9.363445e-01 5.156536e-01 -3.450390e-01 1.437614e-01 1.116158e-01 -8.085596e-02 7.852097e-02 -3.492806e-01
-1.026744e+00 9.018945e-01 2.197337e-01 -1.866338e+00 -1.984783e+00 6.352043e-01 1.453318e+00 9.058887e-01 -3.949476e-01 4.842348e-01 -5.574139e-01 8.568004e-01
-1.231015e+00 2.204814e+00 1.587945e+00 -1.018185e+00 -2.270351e-01 -2.702579e+00 4.028452e+00 -2.236011e+00 -4.758140e-01 6.316727e-01 1.467011e+00 -2.771963e-01
2.517179e-01 3.028612e-02 2.112116e-01 -3.676457e-01 6.875928e-01 -3.347309e-01 2.248085e-01 -1.015937e+00 1.144290e+00 -4.549297e-01 4.807353e-01 5.036237e-01
-8.317285e-01 1.894185e+00 1.881663e+00 -8.114336e-01 -8.245363e-01 -1.353871e+00 1.976746e+00 -1.356851e+00 -3.301064e-01 1.320853e+00 1.342943e+00 -1.372165e+00
1.239206e-01 1.866824e-01 -6.510935e-02 1.164392e-01 -1.140836e-01 1.847248e-01 -1.503427e-01 -4.716143e-01 8.318983e-01 -7.303841e-01 7.744102e-01 -1.678753e-01
-6.924075e-02 4.303990e-02 1.179810e+00 7.133766e-01 -2.004113e+00 -1.220647e+00 1.374337e+00 2.535046e+00 -2.009847e+00 -7.613257e-01 5.960808e-02 8.944616e-01
2.217574e-02 4.977996e-01 -4.622652e-01 5.162865e-01 -4.523456e-01 1.818767e-01 1.698971e-02 -2.184721e-01 7.155051e-01 -7.010192e-01 5.382817e-01 -2.073321e-01
-7.937800e-01 1.680609e+00 1.679095e+00 -7.154378e-01 -1.674753e+00 -1.361206e+00 3.784364e+00 -1.222140e+00 -1.726751e+00 -2.149917e-01 1.599261e+00 5.130689e-01
-8.992510e-02 -1.580293e+00 -1.222682e+00 -1.041244e+00 -8.502384e-01 -9.930784e-01 1.093544e+00 1.721324e+00 -7.533827e-01 -2.460958e+00 -1.410252e+00 -2.201753e+00
-1.022143e+00 -3.987553e-01 7.844051e-01 6.504048e-01 1.248941e+00 4.948868e-01 -4.368726e-01 -9.657010e-01 2.396599e-01 2.118140e+00 2.478402e+00 1.557308e+00
-5.007721e-01 -1.167726e-01 -3.076280e-01 -3.910010e-01 -1.119069e+00 -1.608502e+00 1.370606e+00 5.901906e-01 -1.749134e+00 -2.812773e-01 1.437983e+00 7.234226e-01
-2.228567e-01 1.441989e+00 2.108516e+00 -6.394073e-01 -1.540161e+00 -1.701777e-01 1.174283e-01 -1.065840e-01 -6.238769e-01 1.924118e+00 7.368221e-01 -1.749129e+00
-2.550261e-01 6.402580e-01 1.234867e+00 6.978804e-01 -2.731430e+00 -6.988586e-01 1.796394e+00 2.608236e+00 -2.888245e+00 -8.561145e-01 3.720834e-01 1.247264e+00
-6.968533e-01 -2.670553e-01 1.185182e-01 -4.505990e-01 3.079790e-01 1.788352e+00 1.510754e+00 2.968498e-01 4.144765e-01 8.516337e-01 3.025817e+00 1.428785e+00
-3.274719e-01 1.220538e+00 1.692872e+00 -8.011594e-02 -3.153508e+00 1.390469e-01 2.556567e+00 9.889675e-01 -3.185930e+00 -3.851021e-01 1.418875e+00 8.958583e-01
7.858734e-01 5.439325e-01 2.587005e+00 -8.768203e-01 -2.164611e+00 1.186865e+00 -1.302426e+00 1.128196e+00 -9.455858e-01 1.747866e+00 6.708556e-01 -1.958907e+00
-1.799025e-01 8.482336e-01 3.665004e-01 -5.284166e-01 -1.734897e+00 -2.486249e+00 2.591083e+00 2.072850e+00 -3.001453e+00 -1.556171e+00 -8.468525e-01 -2.470025e-01
-3.191824e-01 9.270136e-01 1.464171e+00 3.333207e-01 -3.293265e+00 -3.185930e-02 1.971537e+00 2.251719e+00 -3.680897e+00 -4.172612e-01 5.954767e-01 1.361814e+00
1.168197e+00 2.289021e-01 2.313247e+00 -8.491945e-01 -2.040702e+00 8.828102e-01 -6.343836e-01 7.468190e-01 -4.583006e-01 6.890016e-01 3.241760e-01 -9.896480e-01
-3.902899e-01 3.053970e-01 -4.034235e-01 -9.574286e-01 -1.055619e+00 1.592053e+00 2.782400e+00 2.866469e-01 -2.576150e-01 -1.909263e-01 -7.451844e-02 -1.654397e+00
-5.801480e-01 -1.963837e-01 -4.919823e-01 1.592067e+00 6.785520e-01 1.385681e+00 1.875584e+00 -2.565463e+00 2.176939e+00 -1.980830e+00 6.985542e-01 -3.939851e-01
1.685257e+00 2.499016e+00 -4.704261e+00 1.868897e+00 5.076219e+00 -3.396540e+00 5.468634e-01 5.245231e-01 2.026159e+00 -5.786072e+00 -4.393418e-01 -2.946223e-01
-9.610019e-01 2.203711e+00 1.440855e+00 -5.266302e-01 -1.142788e+00 1.503512e+00 1.044003e+00 -7.587522e-01 -6.663596e-01 1.830595e+00 -5.287647e-03 3.765311e-01
8.453782e-01 8.118029e-01 1.380388e+00 -5.623707e-01 -6.562866e-01 -9.636918e-01 1.410909e+00 -3.993592e-01 5.247701e-01 8.017889e-02 -4.055887e-01 2.132243e-01
-4.967161e-01 2.951829e-01 -3.312205e+00 -1.096626e+00 1.086622e+00 -1.369811e+00 2.223570e-01 1.987198e+00 3.838816e+00 4.407270e+00 1.806803e+00 1.055152e-01
-2.252665e-01 1.221279e+00 4.202579e-01 -8.944231e-01 -2.939077e+00 -3.816962e+00 2.234884e+00 1.268874e+00 -4.497371e+00 -4.143475e-01 -4.433584e-01 -1.257229e+00
-5.197428e-01 3.612288e+00 1.891356e+00 2.616111e-01 -3.707173e-01 2.006542e+00 1.014109e+00 3.340176e-01 -1.963109e+00 2.335917e+00 9.324324e-01 7.645200e-01
8.644252e-02 1.188747e+00 -1.563539e+00 9.793035e-01 2.004321e+00 -1.229470e+00 1.685069e+00 9.116768e-01 -1.014594e-01 3.222175e+00 1.468503e-01 -1.147056e+00
-1.404366e+00 -1.304335e+00 -3.617887e+00 -1.999380e+00 -4.499828e-01 -1.324145e+00 -3.539787e-01 2.857217e+00 5.822572e+00 3.877616e+00 1.498793e+00 1.863704e+00
-1.053893e+00 2.796159e+00 2.208806e+00 2.021798e-01 -1.022731e+00 5.201763e-01 3.756120e-01 -1.722016e+00 -1.739126e+00 1.501850e+00 8.197288e-02 -2.719496e-01
2.104301e+00 2.656626e+00 -4.657705e+00 2.347149e+00 4.924428e+00 -3.077114e+00 8.841090e-01 -2.501103e-01 2.777034e+00 -5.858298e+00 -9.293979e-01 5.185204e-02
1.194362e+00 1.110696e+00 6.180134e-02 4.904675e-01 -7.586975e-02 -1.239502e+00 2.306854e+00 -7.771937e-01 1.005704e+00 -1.513869e+00 -6.638118e-01 3.314231e-01
1.861147e+00 2.222189e+00 -2.823865e+00 1.684234e+00 2.753156e+00 -2.085069e+00 1.588770e+00 -9.014245e-01 2.167235e+00 -3.975985e+00 -1.930981e+00 7.555048e-01
3.835626e-01 1.855112e+00 -6.496701e-02 2.187312e+00 2.107705e+00 -7.602367e-01 2.257294e+00 6.289725e-02 -4.259969e+00 9.344425e-01 -4.039048e-01 -1.664812e+00
-5.742953e-01 9.825077e-02 -4.689122e-01 2.217161e+00 2.769211e+00 -1.842856e-01 1.117156e+00 -1.972620e+00 3.398555e+00 -9.137758e-01 1.624100e-01 1.179313e-01
3.986379e-01 2.367670e+00 1.162550e+00 1.131341e+00 4.543777e-01 1.771626e-01 3.228750e+00 -7.375125e-01 -4.663658e+00 -4.379193e-01 1.663446e-01 -1.499202e+00
-3.750392e-01 2.576910e+00 2.073925e+00 1.100056e+00 -1.569810e-01 1.223708e+00 2.788379e+00 -1.129862e+00 -3.268998e+00 -1.733726e-01 2.185322e-01 -7.344415e-01
-1.496465e+00 -2.309371e+00 -3.674445e+00 -2.252051e+00 -1.150940e-01 5.381565e-01 7.237196e-02 2.575906e+00 5.038976e+00 2.202358e+00 2.678430e+00 3.180265e+00
-1.757777e+00 2.263249e+00 1.404438e+00 -1.170611e+00 -5.478722e-01 1.969984e+00 1.911530e+00 7.091486e-01 -1.552649e+00 1.930084e+00 2.586068e-01 -2.392197e-01
-6.883829e-01 -5.733485e-01 -4.683573e-01 2.218093e+00 4.337013e+00 6.095423e-01 4.441727e-01 -9.148172e-01 4.161535e+00 -5.267721e-01 5.704037e-01 6.964536e-01
-1.383243e+00 -2.398757e+00 -2.408084e+00 3.797366e-01 1.191332e+00 1.071512e+00 -7.600994e-02 5.278684e-01 3.694279e+00 1.285374e-01 2.511709e+00 2.609624e+00
-1.169264e+00 -1.635013e+00 -8.167700e-01 1.493650e+00 3.262167e+00 2.492411e-01 -4.203431e-01 6.997776e-03 4.251658e+00 -1.094099e-01 3.146873e-01 8.974042e-01
