6.534719e+00 -5.989172e+00 -1.425518e+00 -7.077226e+00 5.834450e-01 6.979197e-01 -1.760772e+00 1.844609e+00 -4.317412e+00 1.412175e-01 -1.005275e+00 -5.727733e+00
4.770365e+00 -3.893200e+00 -1.686839e+00 -5.737869e+00 -7.230009e-01 1.575652e+00 -1.405129e+00 -1.009302e+00 -3.590982e+00 -1.028657e-01 -6.779116e-01 -3.780640e+00
7.271704e+00 -5.161769e+00 -1.410642e+00 -6.418990e+00 2.591206e+00 -1.292859e+00 -3.884194e-02 2.840308e+00 -4.915316e+00 4.001716e-01 -8.797176e-01 -4.061559e+00
-2.383044e+00 2.616740e+00 -4.420739e-01 -1.509273e-01 -2.170232e+00 6.912161e-01 -2.416381e+00 -1.481593e+00 -1.406635e+00 2.561722e-01 -1.965551e+00 -1.789109e+00
-2.754028e+00 2.328926e+00 -7.281362e-01 1.357503e+00 -6.242168e-01 -1.524593e+00 -9.943900e-01 -1.192152e+00 5.333585e-01 1.028614e+00 -8.995706e-01 -1.992967e+00
-1.393213e+00 1.908105e+00 -8.608583e-01 -7.280086e-01 -1.149204e+00 2.779207e+00 -6.858774e-01 -5.077631e-01 -4.966880e-01 -1.774548e+00 -1.460427e+00 -1.843484e-01
4.201655e+00 -3.395115e+00 -4.706388e-01 -4.274184e+00 2.115592e+00 -1.415834e+00 1.770978e-02 1.680387e+00 -1.690868e+00 7.849617e-02 -1.152910e+00 -1.758753e+00
-3.268273e+00 4.769506e-01 -4.526181e-02 7.052806e-01 1.128621e+00 -4.861413e+00 1.666295e+00 -1.445929e-01 2.495151e+00 2.085483e+00 2.074466e+00 3.249113e-01
1.023318e+00 5.477496e-01 -1.945934e+00 -1.346375e+00 -1.266977e+00 -5.578502e-01 -1.026232e+00 -2.330577e+00 -1.571668e+00 -5.661590e-01 -1.985314e+00 -1.467728e+00
-1.123800e+00 -6.954041e-01 2.054211e-01 -7.221214e-02 -1.187370e+00 2.259331e+00 -1.441342e+00 -4.285637e-01 8.709998e-01 -2.227084e-01 5.233699e-01 -1.273064e+00
-6.802454e-01 7.008775e-02 3.253997e-01 -3.996365e-02 -1.059782e+00 2.470624e+00 -1.130117e+00 -5.541629e-01 3.031346e-01 8.568743e-01 6.550702e-01 -5.088798e-01
-5.894562e-01 -6.816290e-02 -7.089055e-01 -4.430466e-02 -4.266955e-01 7.881960e-01 -5.124442e-01 -2.528557e+00 -7.144848e-01 -9.313284e-01 -7.377806e-01 9.965709e-01
-2.621934e+00 -2.924767e+00 1.750897e+00 -1.630958e+00 1.886909e+00 -2.959769e+00 2.289154e+00 3.010196e+00 3.954660e+00 6.115375e-02 2.665679e+00 2.122916e+00
2.190055e-01 5.569916e-01 -9.559439e-01 -5.184721e-01 2.859217e-01 2.057479e+00 4.801222e-01 9.971156e-01 1.947490e+00 -1.320389e+00 -7.683995e-01 1.058209e+00
-5.722567e-01 5.079595e-01 -3.787849e-01 -4.128624e-01 -8.105475e-01 1.117875e+00 -1.301914e+00 -1.507802e+00 -1.372078e+00 3.742734e-01 2.473691e-01 1.358743e+00
-1.745510e+00 -3.967612e+00 3.291787e+00 -2.378607e+00 4.850818e-01 -3.285438e-01 5.406047e-01 4.000182e+00 2.491633e+00 -5.192991e-01 2.003767e+00 1.332935e+00
1.016738e-01 1.897180e+00 -1.311574e+00 -5.486286e-01 1.706457e-03 -1.539402e+00 7.164842e-01 -2.578098e+00 2.242708e-02 5.896697e-02 -1.738008e+00 4.834667e-01
-6.416343e-01 -9.755108e-01 -1.465856e+00 -5.922926e-01 3.784529e-01 8.523947e-01 -9.864665e-01 1.872547e+00 -1.369620e-01 1.988043e-01 1.293944e+00 2.337467e-01
-2.938595e-02 -3.112900e-01 1.302895e-01 -1.083136e-03 7.807052e-02 6.396064e-01 -1.286999e+00 2.410064e-01 6.342037e-02 -9.978771e-02 -8.835675e-01 -5.029016e-01
-8.532341e-01 -4.838875e-01 -7.688087e-01 -6.436178e-01 1.412272e+00 4.631915e-01 -1.277093e+00 -1.596916e-01 -1.299234e+00 8.232813e-02 5.959688e-01 -1.544219e-01
-4.059171e-01 5.937491e-02 2.290954e-01 9.752167e-01 4.794931e-02 -9.561642e-01 -1.996463e+00 -3.148144e-01 6.945385e-01 2.797381e-01 4.458524e-01 6.814985e-01
-6.327040e-01 3.400964e-01 1.867792e+00 -2.163916e-01 -5.637963e-01 7.907922e-01 -3.784668e-01 9.000414e-01 7.082926e-01 4.913474e-01 3.934979e-01 1.538261e+00
-4.325508e-01 -1.141934e+00 -1.432567e+00 1.521889e-01 -1.538242e-01 7.991982e-01 1.518753e+00 8.090276e-01 5.172430e-01 2.122108e-01 1.569294e+00 7.492756e-01
-1.651461e-01 3.753734e-02 -3.582010e-01 -3.215567e-01 -8.290917e-01 -6.947660e-02 5.564346e-02 3.659261e-01 -1.121389e+00 -4.699509e-01 -8.320028e-01 -7.893203e-01
8.440495e-03 1.829356e-01 -7.405557e-02 3.968672e-01 5.791888e-02 2.574955e-01 8.529719e-01 9.749700e-01 1.999139e-01 -1.973406e-01 -1.417180e-01 -8.160496e-02
-6.274640e-01 1.182160e+00 6.450855e-01 1.478086e-01 -7.369790e-01 -6.474554e-01 5.410772e-01 -3.079146e-01 5.666307e-01 2.145383e-01 -3.555600e-01 1.330005e+00
6.220117e-01 1.812258e-01 -7.023355e-01 9.420370e-01 5.204364e-01 -1.040033e-01 -7.833162e-01 -3.929474e-01 6.346251e-01 -7.721945e-01 1.433813e-01 -9.150462e-02
-2.489755e-01 3.034619e-01 7.022312e-01 1.520734e+00 3.437386e-01 -1.180357e+00 -1.810436e+00 -2.103049e-01 4.228176e-01 2.770065e-01 2.624162e-01 8.973560e-01
-7.008104e-02 5.455446e-03 2.612652e-01 -3.623760e-01 -9.919142e-01 1.954790e-01 -1.111235e-01 -1.075921e+00 -1.327591e+00 6.028549e-01 1.298215e+00 8.961390e-01
8.244238e-02 2.940333e-01 -9.347527e-02 3.495710e-01 7.460237e-01 9.931097e-01 1.206222e+00 1.124516e+00 1.138910e+00 -5.798069e-01 -3.845309e-01 1.320984e+00
5.619240e-02 -2.442697e-01 1.670680e-01 3.969120e-01 1.132173e+00 2.096288e-01 -1.032583e+00 -5.691103e-01 6.084951e-01 1.860859e+00 1.314256e+00 6.348948e-01
8.314370e-01 2.378289e-01 -9.056641e-01 -3.233418e-01 -1.102440e+00 -1.094691e+00 -1.310093e+00 -2.192421e+00 -6.221001e-01 -6.897886e-01 5.235630e-01 2.417611e-01
1.387101e-01 2.195760e-01 4.594395e-01 -3.320245e-01 -1.664184e-01 -5.149285e-01 -3.235025e-01 -3.355319e-01 -5.720317e-01 -9.550231e-01 -1.669983e+00 -1.524906e+00
5.408956e-01 3.979634e-01 1.661382e-01 -6.353474e-01 -3.204788e-01 -1.478581e+00 -1.522519e+00 -1.162137e+00 -1.181886e+00 -1.100558e+00 -1.070123e+00 -1.623992e+00
7.211908e-01 4.063543e-01 -4.368113e-01 -9.127247e-01 -1.016151e+00 -2.142036e+00 -2.348374e+00 -1.642805e+00 -1.736663e+00 -1.604395e+00 -1.134597e+00 -1.346372e+00
-3.965604e-01 -2.449013e-01 -3.503644e-01 -3.448065e-01 8.288714e-01 1.058376e+00 -7.787592e-01 9.970856e-03 3.894153e-01 -3.452747e-01 -1.934766e+00 -6.698757e-01
-1.343918e-03 -3.578343e-02 5.586609e-01 2.086195e-01 5.259120e-01 4.634266e-02 -1.843276e-01 -7.682086e-01 -6.130632e-01 1.491490e+00 2.433624e+00 4.852299e-01
1.919861e-02 3.214337e-01 7.169629e-01 1.124478e+00 5.164005e-01 -5.445549e-01 9.877252e-03 -1.617189e-01 -5.217509e-01 3.736655e-01 -4.516736e-01 9.896032e-01
-1.049669e+00 8.901814e-01 1.841196e+00 1.770348e+00 -9.377821e-01 -8.778513e-01 -2.290949e-01 8.317593e-01 -7.087531e-02 -8.626820e-01 -9.781834e-01 -3.771988e-01
2.323806e-02 8.947086e-02 1.366278e+00 -4.051003e-01 1.436671e-01 4.326906e-01 -1.124396e+00 1.326285e+00 6.876734e-01 -6.430554e-02 6.241296e-01 7.427839e-01
-3.993801e-01 -4.492385e-01 5.575904e-01 7.457760e-01 4.643495e-01 4.369112e-01 8.690257e-02 -9.345832e-01 1.018773e+00 3.807034e-01 -2.685009e+00 -1.751133e+00
1.550302e-01 2.075159e-01 -1.567244e-01 1.125309e-01 -2.421679e-01 -6.160425e-01 6.463617e-01 -1.641441e-01 -7.767743e-01 1.195725e-01 -4.678035e-01 2.191261e-01
-1.189730e-01 -2.711730e-01 -1.366754e-01 1.340953e+00 8.925341e-01 7.534946e-01 2.553569e+00 -2.203823e-01 4.277406e-01 4.627270e-02 9.954160e-01 1.023033e+00
-1.184955e-01 -1.779452e-01 4.473233e-01 -6.274379e-01 -5.881040e-01 3.423619e-01 9.252387e-01 -1.241844e+00 1.936079e-01 6.909475e-01 -9.920881e-01 -7.205441e-01
-3.768020e-01 8.880830e-02 -7.631975e-01 -6.198460e-02 -6.016176e-01 7.875321e-02 1.673839e+00 1.772483e+00 -1.178440e+00 3.138600e-01 -4.503086e-01 -4.315706e-01
-1.222929e-01 -5.142319e-01 5.891863e-01 7.448812e-02 -3.032110e-01 -6.051032e-01 4.238949e-01 -2.371480e-01 1.631711e+00 1.136542e+00 -1.811447e-01 -1.185643e-01
1.597392e-01 -1.548863e-01 1.055919e-01 -9.699272e-02 -5.729812e-01 -3.485672e-01 -5.791731e-02 -1.698441e+00 2.147388e-01 5.660998e-01 4.411506e-03 -9.892260e-01
-6.191910e-01 5.381411e-01 8.051127e-01 2.216705e+00 8.150241e-01 3.063696e-01 1.011530e+00 1.265935e+00 -3.458905e-01 -2.279125e-01 -2.608446e-01 -2.668374e-01
-1.401910e-01 6.517567e-02 6.966591e-04 -9.117254e-01 -5.145618e-01 1.531888e-01 3.203163e-01 -7.358117e-01 -3.883513e-01 3.905624e-01 -4.741243e-01 -4.568098e-01
-1.214123e-02 -2.446465e-01 6.559402e-01 -1.966875e-01 5.970500e-01 3.703447e-01 5.804128e-01 1.237971e+00 1.985068e+00 1.282621e+00 1.556979e+00 2.021579e+00
-1.637613e-01 1.929587e+00 -6.308792e-01 1.250948e-01 -2.276868e-01 -1.519070e+00 1.348751e+00 -1.776374e+00 1.486948e-01 2.671690e-02 -1.670703e+00 1.696645e+00
4.649977e-01 3.338342e-01 -8.076519e-01 7.523002e-02 -6.011072e-01 9.305775e-01 -1.343290e-01 -1.067690e+00 7.700987e-01 -3.296036e-01 -6.237942e-01 2.333363e-01
5.231682e-01 2.690000e-01 7.576663e-01 -6.463054e-01 2.273147e-01 6.970894e-01 -1.460521e+00 1.523951e+00 -4.325724e-02 9.414434e-03 1.811963e-01 6.360722e-01
-4.285709e-01 -1.747326e-01 -1.088823e+00 -1.163640e+00 -9.419751e-01 3.729229e-02 6.614492e-01 -3.745929e-01 -1.859591e+00 -4.601879e-01 -1.371529e+00 -4.633743e-01
-6.316799e-01 1.384017e+00 2.197296e+00 1.600496e+00 -6.154335e-01 -1.606988e+00 -4.229969e-01 -3.035828e-01 2.497309e-01 8.336467e-01 -5.518366e-01 8.344057e-01
1.328169e-01 4.109955e-01 -6.776332e-01 2.956950e-01 -4.181758e-01 -6.418405e-02 1.103707e-01 -7.225350e-01 1.175982e+00 5.337327e-01 -5.317945e-02 -2.855982e-01
-7.427163e-01 2.631669e-02 3.523318e-01 -1.374143e+00 -5.381004e-01 -2.786267e+00 -2.583029e+00 5.428095e-01 3.563229e+00 1.504267e+00 1.673120e+00 8.213226e-02
2.951824e-01 1.661722e+00 -3.158869e-01 -1.263391e+00 -1.362927e-01 1.555541e+00 -9.827957e-01 8.731988e-01 -2.499247e+00 -3.963156e-01 2.403608e-01 1.263712e-01
6.906746e-01 6.221871e-01 -2.179763e-01 -1.536640e-01 -6.168052e-01 8.476941e-01 -6.746197e-01 6.167242e-01 -4.516543e-01 -2.250866e-01 -3.836640e-01 1.055291e+00
-3.759370e-02 9.143049e-01 1.149096e+00 -6.009611e-01 -1.391055e+00 -2.286913e+00 -1.429945e+00 -6.367704e-01 1.962119e+00 -2.010196e-01 1.387738e+00 4.382299e-01
3.621258e-01 -5.315498e-01 1.199386e-01 -3.321159e-01 -1.001271e-01 1.277541e-01 1.393476e-01 1.776967e-01 3.070416e-01 -6.989459e-01 5.086109e-01 -1.309976e+00
-1.548673e+00 -1.523512e+00 -5.747505e-01 -1.204051e+00 3.671771e-01 -2.073707e+00 -4.059413e+00 4.787717e-01 1.770052e+00 2.639070e+00 2.402275e+00 -4.483920e-01
-3.297004e-01 1.735904e-01 -1.032927e+00 -4.385203e-01 -2.264947e+00 3.754597e-01 7.223932e-01 -1.074077e+00 -5.900470e-01 -8.978351e-01 1.485523e-01 2.720128e-01
5.525127e-01 1.195632e+00 -9.217003e-01 3.707562e-02 -8.829125e-01 1.138531e+00 4.535964e-01 -1.487283e-01 -2.988322e-01 -8.785664e-01 -2.072777e-01 1.287883e+00
-5.947895e-02 -3.654662e-01 -1.854887e-01 -5.461130e-01 -8.487401e-02 2.551205e-01 -3.857527e-01 -1.333533e-01 1.359972e-02 -1.122619e+00 -3.497325e-02 7.128919e-01
4.993945e-01 1.277604e+00 -1.030992e+00 3.860943e-01 -1.128802e+00 1.259805e+00 1.178417e+00 -4.685704e-01 -2.675405e-01 -1.002036e+00 -3.599864e-01 1.959833e+00
4.054283e-01 1.564633e+00 -9.018791e-01 7.732792e-02 -1.562529e-01 -1.286982e-01 2.221984e+00 -8.663138e-01 -2.190599e-02 -1.071772e+00 1.638812e-01 2.205397e+00
-6.882646e-01 -1.658134e-01 -5.954732e-01 9.050983e-01 -1.682816e+00 -4.139396e-01 8.150102e-01 -1.031279e+00 -1.270533e+00 -1.171747e-01 -8.298861e-01 -5.631378e-01
3.095480e-01 1.888243e+00 -7.529662e-01 -6.433090e-01 4.215693e-01 -4.931880e-01 1.784017e+00 -6.139395e-01 -8.734132e-01 -4.859837e-01 1.622417e-01 2.144965e+00
-1.150589e-01 1.580268e+00 1.079420e+00 5.828861e-01 -6.599662e-01 -1.065893e+00 7.353239e-01 -1.567689e+00 -1.107447e+00 7.329842e-01 -1.338407e+00 3.187272e-01
4.058666e-01 1.985026e+00 -7.482210e-01 -4.182324e-01 1.040516e-01 -3.249850e-01 1.102005e+00 -2.543690e-01 -1.504079e+00 -1.356369e-01 5.350121e-01 1.784048e+00
2.903427e-01 1.892272e+00 -1.318040e-01 -6.983455e-01 3.557160e-01 -2.510696e-01 6.189445e-01 -2.378511e-01 -9.532738e-01 -3.912186e-01 1.011327e+00 1.115849e+00
-1.704645e-02 7.941006e-01 3.005528e-01 -8.320285e-01 -2.381005e+00 -9.627836e-01 5.433639e-01 -1.066860e+00 1.795353e-01 -9.618710e-01 1.992015e-01 4.676550e-01
-2.393832e-01 -2.220201e-01 4.562154e-01 1.517137e+00 1.062449e+00 2.007907e-01 -6.016417e-01 1.389694e+00 2.704377e+00 -1.550643e+00 -5.045098e-01 -1.115760e+00
6.714988e-01 1.938625e+00 5.833005e-01 6.708702e-01 -9.103443e-01 -9.686288e-01 -3.577352e-01 8.590233e-01 3.520965e-01 -5.242509e-01 -3.662259e-01 -4.813876e-01
-4.681381e-01 6.017535e-01 -2.556221e-01 8.698078e-01 -9.959985e-01 -3.456065e-01 1.754052e+00 4.693904e-01 -6.552250e-01 2.977350e-01 -1.613891e+00 -1.652892e+00
3.864465e-01 2.246308e+00 2.038209e-01 7.180923e-01 -8.901755e-01 -4.980351e-01 1.618690e-01 1.017295e+00 9.868976e-01 -1.542599e+00 -2.807875e-01 -5.295798e-01
8.044138e-02 2.014165e-01 -9.506678e-03 1.742245e+00 6.012670e-01 2.060920e-01 -9.659302e-01 2.101826e+00 2.469729e+00 -2.345706e+00 -3.912563e-01 -8.369763e-01
2.615126e-01 1.607767e+00 2.356629e-01 1.637665e-01 -9.513733e-01 9.111223e-02 -6.480806e-02 -2.146200e-01 2.826351e-01 -4.144976e-01 1.598265e-01 7.964692e-01
1.147352e-01 1.211320e+00 5.278774e-01 7.996302e-01 3.025627e-01 -6.641445e-01 -7.140272e-01 2.021817e+00 1.542798e+00 -2.387851e+00 -4.035413e-01 -8.384918e-01
-7.610513e-01 2.203918e-01 1.221885e+00 1.205447e+00 9.622883e-01 2.335882e-01 5.479907e-01 1.157173e+00 2.650606e+00 -1.371758e+00 -9.200882e-01 -8.576425e-01
6.874819e-01 1.678691e+00 1.033135e+00 8.514358e-01 -1.908936e+00 -7.105446e-01 -1.091251e+00 9.898888e-01 4.454905e-01 2.182148e-01 -3.186639e-01 -9.889280e-01
2.396318e-01 7.850023e-01 -8.724165e-02 -7.346207e-01 1.622779e+00 1.126918e+00 4.983420e-01 -2.694263e+00 -6.144922e-01 1.151888e+00 1.186105e+00 -7.161662e-01
4.537569e-01 1.390526e+00 1.299142e+00 3.961946e-01 -1.679095e+00 -9.673896e-02 -1.359679e+00 1.081230e+00 5.251572e-01 3.979183e-01 -3.157187e-01 -7.902536e-01
4.074453e-01 1.243983e+00 9.217022e-01 2.419058e-01 -1.130388e+00 -6.161614e-01 -3.693871e-01 4.141994e-01 5.394198e-01 -8.868134e-02 -3.399637e-01 1.877246e-02
-1.151787e+00 6.797279e-01 1.927916e+00 1.570811e+00 7.065073e-01 9.563187e-01 1.559647e+00 -3.759244e-01 1.831677e+00 -1.938545e+00 -5.659307e-01 -1.244841e+00
9.397209e-01 2.907893e+00 5.742958e-01 -1.919556e+00 3.906817e-02 1.470981e+00 4.728941e-01 1.020652e+00 -1.702415e+00 1.288221e-01 8.737644e-01 -1.401824e+00
-2.190868e+00 -2.336111e+00 -1.144262e+00 -1.287348e+00 8.523369e-01 -1.612063e-01 -4.013654e+00 6.174558e-01 1.782002e+00 2.653487e+00 3.034248e+00 -1.032809e-01
-1.020205e-01 1.192932e+00 6.217669e-01 2.084407e+00 8.084868e-01 -5.225666e-01 3.311075e+00 1.399331e+00 1.715833e-01 1.134077e+00 -1.329438e+00 -1.225034e+00
-1.431833e+00 1.701697e-01 2.437963e+00 2.457580e+00 2.185445e+00 1.133648e+00 1.969261e+00 -1.286428e+00 1.983671e-01 -1.918910e+00 -7.161078e-01 -1.330434e+00
2.694259e-02 1.653126e+00 8.949254e-01 5.575846e-01 -1.596744e+00 -1.915631e+00 3.003888e+00 -1.197822e-01 -1.282972e+00 6.561891e-01 -1.568863e+00 -9.521089e-01
9.036289e-01 -9.134185e-01 1.967391e-01 -9.446760e-01 -7.479295e-01 -7.090589e-01 6.779028e-01 2.797039e-01 6.270938e-01 -1.224411e+00 3.320661e-01 -2.061069e-01
5.940361e-01 6.642358e-01 2.106493e+00 -1.350994e+00 3.002683e-01 1.414300e+00 8.821952e-01 -2.330880e-01 5.917580e-01 2.406764e+00 2.178028e+00 -1.199243e+00
-1.381087e+00 -1.150239e+00 4.038171e-01 4.441568e+00 4.107152e+00 2.437473e+00 2.611104e+00 -1.869879e+00 -1.351238e+00 -2.293978e+00 -7.460318e-01 3.164810e-01
5.252315e-01 1.327546e+00 -2.859979e+00 4.987194e-01 2.361084e+00 1.334071e+00 -1.220051e+00 -1.954060e+00 -8.424081e-01 7.405791e-01 -3.205216e-01 9.099073e-01
6.526091e-01 -4.132667e+00 4.966502e+00 6.636850e-01 -1.566401e+00 -2.339119e-01 1.327797e+00 3.266007e+00 8.961881e-01 6.050023e-01 -3.401761e-01 -2.196871e-01
-1.211723e+00 -2.364698e+00 -1.611346e+00 4.221324e+00 4.944260e+00 2.555662e+00 1.864789e+00 -1.779975e+00 -2.718551e+00 -1.291032e+00 2.491265e-01 1.347058e+00
-2.013776e+00 -2.815167e+00 -1.333506e+00 -9.606444e-01 1.074642e+00 -9.632893e-02 -3.645213e+00 2.068511e-01 1.032265e+00 2.053572e+00 2.901907e+00 8.196510e-01
-1.518167e+00 -2.621586e+00 -2.205256e+00 2.189499e+00 3.925925e+00 1.845366e+00 4.441089e-01 -1.079125e+00 -1.618468e+00 -1.015294e+00 1.855556e+00 2.344558e+00
-1.733708e+00 -2.792593e+00 -1.827379e+00 4.328368e-01 2.072574e+00 1.108306e+00 -2.902960e+00 -1.457124e+00 -6.358598e-01 1.794180e-01 3.128546e+00 2.312069e+00
1.948169e+00 -5.574789e-02 -3.452174e+00 3.724076e+00 1.384971e+00 -5.297663e-01 7.745208e-01 -1.198747e+00 -8.342441e-01 5.840680e-01 -2.220493e+00 9.052936e-01
2.845428e+00 -2.675828e+00 3.161034e+00 3.959553e+00 -1.600262e+00 -5.937445e-01 1.125664e+00 2.208835e+00 1.095865e-01 1.279677e+00 -1.805182e+00 -4.352841e-01
3.082084e+00 7.333502e-01 -1.632495e+00 4.362595e+00 -5.400540e-01 -1.815773e+00 1.575279e-02 -2.756183e-01 -1.338764e+00 1.429955e+00 -2.660624e+00 8.174181e-01
