-1.619862e+00 -1.859453e-01 -2.031069e+00 -3.224401e+00 -1.086892e+00 -4.930633e-01 -2.186704e+00 1.665749e+00 -1.435623e+00 -1.893187e+00 2.298942e+00 6.262881e-01
-3.203811e+00 1.686142e+00 8.144585e-01 -1.256593e+00 -1.016917e+00 3.641950e-01 2.587437e-01 2.609629e+00 -2.716696e+00 -1.130683e+00 -8.411813e-02 -3.183367e-01
-1.466807e-01 -2.258895e+00 -2.548366e+00 -2.095958e+00 -7.397138e-01 -1.195193e+00 -2.708424e+00 1.097816e+00 8.459172e-01 -1.746344e+00 9.714783e-01 -4.293591e-01
-1.688204e-01 -2.765300e+00 7.637304e-01 -3.817098e-01 -1.855824e+00 -1.104767e+00 -2.536530e+00 -1.595368e-01 2.226007e+00 -7.294143e-01 -3.273333e-01 1.256680e+00
-2.643038e+00 5.325242e+00 2.735411e+00 1.845786e+00 2.492904e+00 -8.441509e-01 1.269862e+00 4.400136e+00 -2.076792e+00 3.635156e-01 4.245602e-01 -1.021131e+00
1.670337e+00 -1.630285e+00 -4.623999e-01 -1.112757e+00 -2.803164e+00 9.165674e-01 -2.244367e+00 -1.449219e+00 -1.318128e-01 -6.615165e-01 9.671214e-01 -6.647863e-01
3.169371e+00 8.002325e-01 -1.151154e+00 -4.133019e-01 -4.314891e+00 -1.329611e+00 -4.371552e+00 -1.712795e+00 -1.449172e+00 -6.458928e-01 1.053297e+00 -2.098308e+00
3.563018e-01 -2.879290e+00 8.573856e-01 -3.934252e-01 -1.211335e+00 8.307583e-01 -6.542380e-01 -1.469274e+00 9.081732e-01 -5.472456e-01 1.611795e+00 -9.611424e-01
-6.783168e-02 -1.973507e+00 1.675466e+00 -4.780224e-01 -2.534529e-01 -2.501563e-01 -1.704538e+00 1.468238e-01 8.539091e-01 1.366519e-01 6.776901e-01 -6.591615e-01
-2.751094e-01 -1.646299e+00 1.836943e+00 -1.068918e+00 6.838049e-01 -1.516738e+00 -1.786635e+00 1.326811e+00 6.290334e-01 -2.711630e-01 1.465089e-01 -2.712972e-01
-9.102802e-01 -7.248990e-01 1.979267e+00 -1.624198e+00 1.079103e+00 -1.529333e+00 -1.136332e+00 1.235962e+00 -6.640100e-02 -3.691406e-02 1.685405e-01 3.053880e-01
-7.909364e-01 -4.395995e-01 1.483601e+00 -1.660352e+00 1.317903e+00 -1.165413e+00 -1.179149e+00 9.081566e-01 -5.758964e-01 -2.578902e-02 2.611869e-01 4.728106e-01
4.694985e-01 -1.153642e+00 1.736354e+00 2.431146e+00 -1.593643e+00 -1.404397e+00 -3.517363e-02 -3.283179e-01 -1.419210e+00 -1.035717e+00 -7.160569e-01 -7.725111e-01
2.921295e-03 -1.897136e+00 8.924845e-01 1.556460e+00 -1.144796e+00 -8.981817e-01 -4.594626e-01 -6.751075e-01 -1.320963e+00 -4.275005e-01 -1.292626e+00 -1.691912e+00
-3.449614e-01 -4.532785e-01 1.024669e+00 -7.755555e-01 8.320163e-01 -1.102878e+00 -3.434889e-01 2.328937e-01 -4.994098e-01 -1.046076e-01 5.446645e-01 3.359320e-01
-1.390862e+00 -1.953832e+00 2.189715e+00 -1.454026e-01 -1.456506e+00 1.688538e+00 -4.365271e-01 -3.288888e+00 -6.650069e-01 -4.365893e-02 -2.709681e+00 8.454894e-02
-3.383357e-01 2.117019e-01 -3.890360e-01 -1.041234e+00 2.922328e-01 7.876254e-01 6.363292e-01 1.093856e+00 -1.262515e+00 -1.904341e+00 5.222050e-01 3.132577e-01
4.627887e+00 8.067724e-01 -8.857095e-01 1.002719e+00 -3.501013e+00 -2.699386e+00 -5.275224e+00 -8.086300e-02 -2.926210e+00 -1.291030e+00 1.789208e-01 -2.847851e+00
1.315263e+00 3.570234e-01 6.612433e-01 1.644606e+00 -1.776004e+00 -6.094975e-01 1.181165e+00 5.046980e-01 -7.734134e-01 -5.666299e-01 8.746111e-01 -6.100002e-01
-5.802279e-02 1.828735e-01 -9.287459e-01 -8.854288e-01 3.612012e-01 2.287722e-02 -2.153229e-01 3.904692e-01 -1.477875e+00 -9.566194e-01 4.415754e-01 -9.457578e-02
-3.919705e-01 -6.120539e-01 -9.836524e-01 -1.964883e+00 1.882381e-01 2.754095e+00 4.497050e-02 -2.136031e+00 -8.150910e-01 -1.178633e-01 -6.606422e-01 1.120583e+00
1.808489e-01 -4.587468e-01 5.922009e-01 -2.389239e-01 3.747238e-01 -9.044854e-01 7.569619e-02 -4.783354e-02 -2.467018e-01 -2.343129e-01 5.259571e-01 1.737599e-01
-6.414617e-01 -3.095565e-01 -6.021061e-01 -3.689213e-01 -1.904892e+00 -7.103919e-01 -7.822425e-01 2.965851e-01 1.909848e+00 1.486322e+00 9.390426e-01 4.907134e-01
3.536386e-02 1.579213e-01 1.373413e-01 4.563480e-01 1.181283e+00 -2.402885e-01 -9.688627e-01 4.398027e-01 1.769641e-01 1.160740e+00 -3.224699e-01 -7.685835e-01
1.508194e+00 1.300978e+00 -1.320266e+00 -6.698202e-01 -6.515826e-01 4.653164e-01 1.318528e+00 1.536011e+00 1.430479e-01 -3.849049e-01 1.179837e+00 9.024089e-01
-1.044567e-01 1.363777e+00 6.571106e-01 -1.085706e+00 7.947558e-01 1.116655e-01 6.406530e-01 -5.122708e-01 -5.778906e-02 2.071211e+00 5.323989e-01 2.054964e-01
-3.981676e-01 -5.865374e-01 -4.041497e-01 3.723986e-01 -1.308463e+00 -1.076931e+00 -1.055828e+00 8.487967e-01 1.927327e+00 1.528835e+00 8.325097e-01 -6.122577e-01
-5.531079e-01 8.007423e-01 7.426193e-01 5.233123e-01 -7.039762e-02 1.406139e-01 -4.435770e-01 -6.034998e-01 -1.016571e+00 -1.095057e-01 -8.241072e-02 -9.665955e-01
4.367018e-01 -5.134664e-01 4.140801e-01 -4.604978e-02 6.148825e-02 -9.518083e-01 5.421406e-01 -1.887660e-01 1.365333e-01 -5.047776e-01 3.428296e-01 2.698247e-01
-2.348295e-01 -7.116208e-02 5.033396e-01 8.167225e-01 2.267426e-01 5.552067e-01 1.138285e+00 1.506740e+00 1.836319e+00 1.249401e+00 1.418542e+00 7.831852e-01
-4.165789e-01 6.613266e-01 8.542450e-01 8.494385e-01 3.525493e-01 6.337043e-01 2.635139e-01 9.529551e-01 1.520344e+00 9.615847e-01 1.575262e+00 8.300148e-01
-9.401981e-01 -3.891167e-01 -6.817283e-01 -1.697480e+00 -2.265038e+00 -4.665968e-01 -8.028938e-01 7.759245e-01 1.377755e+00 1.301078e+00 1.114611e+00 1.162853e+00
-9.391336e-02 -4.019102e-01 -5.266520e-01 -4.033865e-01 2.004300e-01 -8.180825e-01 -1.998455e+00 -1.241364e+00 1.198621e-01 -1.303720e-01 1.847487e+00 6.377093e-01
2.789337e-01 -4.839516e-02 5.266099e-01 -3.547788e-03 4.587879e-01 -2.122695e-01 -1.358604e+00 -4.031920e-01 1.528993e+00 3.726083e-01 8.397382e-01 9.160033e-01
5.048190e-01 -6.803910e-01 4.919115e-01 -1.011450e-01 9.956074e-02 -4.908369e-01 4.032846e-01 9.559026e-02 -1.333512e-01 -2.575219e-01 1.670850e-01 1.874415e-01
-4.135306e-01 -6.517349e-01 -5.761722e-01 8.280423e-02 1.082489e-01 -9.231170e-01 -2.327715e+00 -1.153043e+00 2.732930e-01 9.287481e-01 1.736184e+00 -5.222372e-01
1.578801e-01 3.652027e-01 6.575298e-01 -7.653649e-01 -6.102206e-01 6.895370e-01 2.000232e+00 -5.579875e-02 -1.222508e+00 -2.139705e+00 -9.586020e-02 -1.851778e-02
-6.434031e-02 -1.004392e+00 -1.314056e+00 -1.167487e-01 4.936814e-01 -6.775681e-01 -1.564817e+00 7.795717e-01 1.762009e+00 1.674194e+00 3.159245e-01 -3.421264e-01
2.264538e-02 -3.287469e-01 3.347596e-01 -9.471035e-03 2.077954e-01 1.148255e+00 7.453341e-01 6.682655e-01 4.575108e-01 -2.678051e-02 -1.219436e+00 8.371951e-02
4.289871e-01 -5.233762e-01 2.405171e-01 1.427293e-01 -8.304577e-02 6.860733e-04 -9.527244e-02 5.616369e-01 -7.579568e-01 2.439777e-01 -3.493044e-01 5.074797e-01
7.451585e-01 2.614570e-01 1.023607e+00 7.556727e-02 1.402338e+00 1.090758e+00 7.608603e-01 5.540330e-01 2.019196e+00 8.945505e-01 -8.499340e-01 8.214461e-01
-1.413389e-01 -9.072859e-01 8.274451e-04 -9.381089e-01 -6.924713e-03 1.326193e-01 -5.737724e-01 -1.165876e+00 2.195358e-02 3.671758e-01 -1.784774e+00 -7.625370e-01
-7.598993e-01 -1.543226e-01 7.279410e-01 5.186028e-02 -1.797287e-01 2.843046e-01 -1.221688e+00 -2.324043e+00 -4.918910e-01 7.855636e-01 1.343469e+00 -1.068426e+00
9.210933e-01 4.076808e-01 1.077163e+00 1.187395e+00 2.142512e+00 2.673222e-01 4.186606e-01 2.996441e-01 1.155746e+00 1.415038e+00 -1.371517e+00 7.585579e-01
3.382524e-01 -3.636214e-01 1.951038e-01 2.885904e-01 -4.651623e-02 3.357690e-01 -3.933367e-01 7.343528e-01 -1.091849e+00 4.381912e-01 -1.811762e-01 3.404445e-01
8.429610e-01 6.251296e-01 2.102237e-01 -1.006212e-02 -3.667828e-01 1.564312e-01 2.454945e+00 -7.465574e-01 -1.497849e+00 -1.262728e+00 -1.646044e+00 -1.582558e-01
-3.770823e-01 7.226499e-01 7.547315e-01 -5.915884e-01 9.457211e-01 6.556035e-01 6.102858e-01 -7.043887e-01 1.500061e+00 3.499291e+00 2.938424e+00 5.768848e-01
4.049250e-01 1.973890e+00 -1.053084e+00 -8.880960e-01 -2.329393e+00 3.752467e-01 3.626406e+00 -1.626817e+00 -2.713017e-01 6.593578e-01 -2.261969e+00 -1.143840e+00
9.366557e-01 1.526390e+00 -3.363486e+00 -2.869103e+00 1.589415e+00 1.927783e+00 9.598697e-01 5.193034e-01 -7.576871e-02 -4.328323e-01 1.178117e-01 3.627049e-01
4.332538e-01 1.960566e-01 -2.855224e-01 -5.184047e-01 -3.761478e-01 -1.114330e+00 -3.177232e-01 -1.717143e+00 -1.736874e+00 -2.999671e-01 -8.337324e-01 -6.456026e-01
4.752035e-01 -3.813372e-01 -8.427480e-01 -1.867552e-01 2.425928e-02 -8.682320e-01 -7.715111e-01 -1.281114e+00 -5.914781e-01 9.677297e-01 -1.629412e-02 -4.070804e-01
-1.153664e+00 -2.393744e-01 2.565593e+00 9.826264e-01 4.048910e-02 -3.174907e-01 -1.536163e+00 -1.695498e+00 5.812796e-01 5.266808e-01 -1.868642e+00 -7.823219e-01
2.837697e-02 8.274136e-02 9.414063e-02 2.890278e-01 9.896421e-02 1.331462e+00 -1.432349e+00 1.084104e+00 -4.745600e-01 -2.264924e-01 -8.237051e-01 3.417702e-01
-1.011224e+00 -5.667943e-01 -4.702044e-03 -1.362762e+00 -1.410780e+00 2.338345e-01 1.190415e+00 1.008703e+00 9.287049e-01 1.147230e-01 9.218758e-01 1.615543e+00
-4.971661e-01 7.114442e-02 4.271928e-01 -3.275626e-01 6.449818e-01 8.055376e-01 3.321145e-01 -1.529824e+00 1.473088e+00 2.677539e+00 2.651772e+00 7.035586e-01
2.803174e-01 8.288583e-01 -1.127939e+00 3.250708e-01 -1.229100e+00 8.002107e-01 4.572768e+00 -1.584458e+00 -1.200900e+00 1.119226e+00 -7.324113e-01 -5.921288e-01
-1.980382e-02 1.926575e-01 -8.535252e-02 5.033331e-01 2.509068e-01 1.261277e+00 -1.271843e+00 7.751914e-01 -3.904366e-01 -6.520247e-02 -1.062450e+00 7.927950e-02
3.172193e-01 -7.606621e-02 1.581081e-01 6.226759e-02 2.782286e-01 9.425455e-01 -8.224024e-01 7.734720e-01 -4.030271e-01 -1.340381e-01 -8.103988e-01 6.425403e-01
1.541713e-01 2.324915e+00 -2.351265e-01 8.212773e-01 -2.120926e+00 -9.877415e-01 2.147659e+00 -7.215115e-01 5.389205e-01 1.345015e+00 -3.179763e+00 -6.003410e-01
4.127885e-01 -3.725395e-02 -1.094713e-01 3.475091e-01 -7.755041e-02 5.130326e-01 -5.239334e-02 -3.426494e-02 -4.929338e-01 -8.251820e-02 -1.141787e-02 -8.069587e-02
-1.515167e+00 -8.927569e-01 -2.159469e-01 1.156446e+00 2.094636e+00 1.101969e+00 6.785398e-01 9.271617e-01 1.594129e-02 -2.336645e-02 9.416340e-01 3.873921e-01
-4.730972e-01 -3.084200e-01 2.619202e-01 2.017354e-02 -4.587084e-01 1.278827e+00 -3.510651e-01 -2.283257e+00 -2.458086e-02 5.363955e-01 1.260658e+00 -2.577433e-01
4.240910e-01 -1.128428e-01 1.771582e-01 7.982405e-02 3.226992e-01 4.611948e-01 -3.944668e-01 6.581827e-01 -6.096978e-01 1.684957e-01 -9.109221e-01 7.239566e-01
-6.480421e-02 5.669184e-01 -4.748856e-01 8.328313e-01 4.511200e-01 6.166325e-01 -6.191969e-01 2.126609e-01 9.730549e-02 -1.430771e-01 -9.962581e-01 -6.786348e-01
-5.571243e-01 1.856234e+00 1.190262e+00 -2.081692e-01 -1.702272e+00 -1.395659e+00 2.398640e-01 1.178208e+00 2.853185e-01 -2.012053e+00 -1.616204e+00 1.748041e+00
-1.546214e+00 -1.585059e-01 2.309842e-01 1.743401e+00 2.114878e+00 9.479577e-01 -6.611463e-01 -1.273831e+00 -1.178267e+00 -6.871594e-01 6.546542e-01 -6.017443e-01
3.706501e-01 4.048775e-01 -2.649923e-01 4.942608e-01 -3.451937e-01 7.548342e-01 1.003132e-01 -4.602340e-01 2.053627e-01 -6.295539e-01 1.681345e-01 -3.164780e-01
-1.030153e+00 -1.344086e+00 -7.669773e-01 -5.166877e-01 5.409264e-01 4.590105e-01 5.217854e-01 1.444240e+00 7.559588e-01 -3.821130e-01 3.745201e-01 1.521210e+00
-3.870318e-02 -4.042152e-01 -6.521710e-01 -2.348799e-01 3.035062e-01 5.774350e-01 3.294302e+00 -9.613051e-01 -1.021120e+00 1.071174e+00 2.361517e-01 -6.591301e-01
-1.048520e+00 6.808712e-01 4.837509e-01 6.298986e-01 -1.532016e-02 -5.915069e-01 -7.050818e-01 -6.481935e-01 -1.695733e+00 -1.018959e+00 8.578467e-02 1.202916e+00
4.637232e-01 1.863296e-01 7.777538e-02 1.084260e-01 9.507122e-02 4.567425e-01 1.228167e-01 -4.012256e-02 -7.785644e-02 -2.051813e-01 -6.892059e-01 3.137575e-01
-2.018052e-01 -8.816383e-01 -1.015023e+00 -1.410467e+00 2.908818e+00 1.485825e+00 -4.111843e-01 -3.768739e-01 -5.542469e-02 1.396928e+00 8.711201e-01 1.964188e-02
-3.535265e-01 -1.204582e+00 -8.017381e-01 -4.729216e-01 1.606670e+00 5.315518e-01 1.308043e+00 -3.697090e-01 -3.359038e-01 9.988506e-01 9.864109e-01 -5.637153e-01
4.639459e-01 4.060899e-01 -1.167475e-01 1.542758e-01 1.097984e-02 7.839270e-01 7.246838e-02 -6.244644e-01 4.650787e-01 -6.961910e-01 -1.620436e-02 -2.668620e-01
2.607681e-01 6.877297e-01 -9.075989e-01 9.487845e-01 4.483206e-01 6.353651e-01 -5.360615e-01 -1.067845e-01 2.461712e-01 8.363275e-02 -1.090075e+00 -1.200366e+00
2.723285e-01 2.177761e-01 -2.007663e+00 -1.369798e+00 2.721382e+00 1.767025e+00 -3.560732e-01 -1.528771e+00 5.275410e-01 1.083717e+00 8.443111e-01 -5.117749e-01
-5.922233e-01 1.636521e+00 3.529507e-01 2.328635e+00 -1.037284e+00 1.136225e-01 2.055626e+00 -1.567536e-01 -1.246160e-01 1.112066e-01 -3.295422e+00 5.131022e-01
8.461292e-01 1.697537e+00 -3.246333e+00 -3.241115e-01 1.933616e+00 1.468576e+00 7.312317e-02 -2.406807e+00 1.023436e+00 1.101913e+00 3.745181e-01 -1.437377e+00
1.495462e-01 2.127945e+00 3.521067e+00 3.201800e+00 1.518548e+00 -4.216908e-01 2.930309e+00 2.722207e+00 -4.051068e-02 8.257532e-01 8.442391e-01 2.180537e-01
5.345701e-01 1.253406e+00 -1.659976e+00 1.241923e+00 3.018008e-01 8.402166e-01 -6.304083e-01 -1.022578e+00 1.043540e+00 2.208205e-01 -8.550096e-01 -2.149337e+00
1.112971e+00 2.330327e+00 -3.173500e+00 4.595953e-01 9.255019e-01 1.073169e+00 2.498798e-01 -2.722058e+00 1.538051e+00 6.846436e-01 -2.149652e-01 -2.200180e+00
8.603914e-01 2.005072e+00 -2.688413e+00 1.609871e+00 1.197800e-01 6.842917e-01 -9.942951e-02 -2.164494e+00 1.983878e+00 2.670190e-01 -2.909072e-01 -2.857136e+00
-5.843706e-01 1.108942e+00 5.174242e-01 -3.190752e-01 -1.293132e+00 -1.765088e+00 -2.843824e-01 2.169807e+00 1.450163e+00 3.863444e-02 -7.346689e-01 3.108262e+00
4.927132e+00 1.666586e-02 4.095241e-01 1.667473e+00 -2.538190e+00 -3.028665e+00 -2.710645e+00 1.576366e-01 -3.171083e+00 -3.516301e-01 -3.720193e-01 -2.108594e+00
-1.309011e+00 6.961116e-01 1.159791e+00 2.715953e+00 2.034366e+00 1.151358e+00 2.818252e+00 -6.133579e-01 -2.424061e-01 -1.649284e+00 -2.557513e+00 7.063414e-01
-1.107925e+00 9.578531e-01 2.512511e-01 -6.436619e-01 1.177636e+00 -3.884195e-01 2.489776e-01 2.833548e+00 3.498012e+00 2.465147e+00 1.486655e+00 3.523635e+00
-1.979353e+00 4.760099e-01 7.761806e-01 1.548985e+00 4.426787e+00 2.547063e+00 4.204522e+00 -7.487429e-01 8.887515e-01 -2.215132e+00 -7.360176e-01 1.584750e+00
2.780467e+00 -1.205844e+00 2.810264e+00 3.054817e+00 1.250349e+00 -5.063092e-01 3.364438e+00 1.220082e+00 -2.837558e-01 -1.069149e-01 -1.162065e-01 5.255406e-01
4.512321e+00 -1.556159e+00 1.607666e+00 2.062892e+00 -4.691710e-01 -2.011689e+00 8.521927e-01 6.917248e-02 -1.328449e+00 -4.165181e-01 1.211699e+00 -5.999733e-01
-1.906332e+00 5.406703e-01 1.157354e-01 -1.011906e+00 4.256618e+00 7.860665e-01 8.927088e-01 1.236976e+00 4.439465e+00 2.339099e+00 2.390398e+00 1.376978e+00
-2.201455e+00 1.492481e-01 1.056239e-01 -1.072380e+00 4.900378e+00 2.253901e+00 3.069920e+00 -5.352203e-01 2.133130e+00 -2.005551e-01 1.727150e+00 1.933687e+00
