1.251589e+01 -8.481018e+00 -1.684435e+01 -1.514417e+01 -2.143180e+01 1.899619e+01 -5.875969e+00 -7.450975e+00 -2.523921e-01 -7.307660e+00 6.328773e+00 -6.653795e+00
1.164229e+01 -8.281823e+00 -1.457856e+01 -1.419492e+01 -1.406557e+01 1.960294e+01 -5.377180e+00 -1.858949e+00 -1.461545e+00 4.008664e-01 7.702682e+00 -8.138096e+00
1.068039e+01 -1.114079e+01 -1.298781e+01 -1.637890e+01 -9.179509e+00 1.437397e+01 -6.073615e+00 -4.679128e+00 -3.641076e+00 4.834073e+00 4.374764e+00 -9.245507e+00
1.199310e+01 -1.618393e+01 -8.817693e+00 -1.660178e+01 -4.493073e+00 9.916435e+00 -6.493456e+00 -7.485559e+00 -9.145732e-01 7.566331e+00 7.381189e-01 -9.920190e+00
1.061321e+01 -1.981361e+01 -5.116456e+00 -1.494779e+01 1.036967e+00 4.125597e+00 -1.019936e+01 -5.917493e+00 8.084004e-01 2.691985e+00 -1.142155e+01 -1.146533e+01
1.195887e+01 -1.891057e+01 -6.908799e+00 -1.701294e+01 -3.270460e+00 3.821720e+00 -8.635163e+00 -8.754202e+00 2.460731e+00 4.837945e+00 -3.767184e+00 -1.324211e+01
1.323440e+01 -4.549702e+00 -1.204271e+01 -1.736864e+01 -2.212001e+01 1.935518e+01 -3.142148e+00 -3.628975e+00 4.024457e+00 -1.001930e+01 5.596466e+00 -2.942530e+00
1.328738e+01 -4.589641e+00 -1.201486e+01 -1.929556e+01 -2.653233e+01 1.824773e+01 -4.440500e+00 -3.410362e+00 4.434566e+00 -1.462966e+01 -5.916626e-01 -5.599913e+00
9.607042e+00 -1.872997e+01 -5.988607e+00 -1.289050e+01 4.049921e-01 6.082752e+00 -1.501709e+01 -2.266460e+00 -1.253337e+00 1.011902e+00 -1.499834e+01 -6.446944e+00
1.294816e+01 -1.639496e+00 -1.069286e+01 -1.975001e+01 -2.697874e+01 1.483319e+01 -5.160892e+00 -4.609470e+00 6.531520e+00 -1.522833e+01 -1.250449e+00 -7.930391e+00
8.277222e+00 -1.780556e+01 -5.284839e+00 -8.679864e+00 -1.790188e+00 5.373823e+00 -1.784602e+01 3.406909e+00 -4.127171e+00 3.261424e+00 -1.754210e+01 -5.138440e+00
7.525353e+00 -1.705606e+01 -1.957878e+00 -1.168444e+01 1.279573e-01 1.982016e+00 -1.616028e+01 5.754081e+00 -4.583859e+00 1.301003e+00 -1.886878e+01 -2.538611e+00
1.455644e+01 8.923198e-01 -6.817014e+00 -1.939471e+01 -3.076489e+01 1.016435e+01 -8.429021e+00 -4.650237e+00 6.124578e+00 -1.182274e+01 -3.436601e+00 -6.003372e+00
6.921230e+00 -1.510100e+01 -6.126411e-01 -1.209725e+01 2.028726e+00 -2.631313e-01 -1.456873e+01 9.042397e+00 -4.601072e+00 -4.662530e-01 -1.614905e+01 -1.809355e+00
1.622254e+01 2.888710e+00 -4.195045e+00 -1.903125e+01 -3.042094e+01 6.193780e+00 -1.339565e+01 -8.283205e+00 3.762324e+00 -6.134302e+00 -3.237911e+00 -4.370791e+00
6.665416e+00 -1.494281e+01 7.600832e-01 -1.281979e+01 -1.018636e+00 -3.257056e+00 -1.517841e+01 7.785623e+00 -3.823714e+00 -1.546382e+00 -1.566623e+01 -3.746145e+00
6.937675e+00 -1.329970e+01 2.257082e+00 -1.207598e+01 -1.005966e+00 -3.327311e+00 -1.408144e+01 9.630880e+00 -3.026105e+00 -1.372372e+00 -1.394378e+01 -4.945775e+00
5.819468e+00 -1.066168e+01 2.926958e-01 -9.219421e+00 -4.038322e+00 -5.194411e+00 -1.609170e+01 1.118580e+01 -3.214947e+00 -1.371942e+00 -1.443349e+01 -5.502311e+00
7.776471e+00 -1.002159e+01 1.550345e+00 -2.355206e+00 -1.141338e+01 -5.131038e+00 -1.844756e+01 6.451295e+00 -2.864588e+00 -1.902333e+00 -1.516091e+01 -1.510873e+00
6.564035e+00 -9.458385e+00 4.628747e-01 -7.242825e+00 -6.427566e+00 -5.920923e+00 -1.567591e+01 9.394572e+00 -3.123922e+00 -2.001290e+00 -1.229974e+01 -3.759749e+00
1.481968e+01 7.200076e+00 -1.708723e+00 -1.581932e+01 -2.852461e+01 -1.374379e-01 -1.003310e+01 -9.524277e+00 3.462497e+00 -7.912003e+00 -4.637377e+00 -2.670975e+00
1.437326e+01 6.314785e+00 2.231717e-01 -1.202091e+01 -1.773864e+01 -5.018007e+00 -9.620037e+00 -1.364715e+00 -6.852456e+00 -1.239069e+01 -1.116573e+00 4.033754e-01
1.582789e+01 4.997665e+00 -2.745115e+00 -1.204698e+01 -1.646038e+01 -6.915506e-01 -1.118442e+01 -7.763545e+00 -3.599989e+00 -9.893226e+00 -9.358931e-01 -2.852813e+00
1.038118e+01 -5.160239e+00 6.203480e+00 -4.392417e-01 -1.106242e+01 -8.546959e+00 -2.062679e+01 1.226036e+00 -1.295800e+00 -4.815564e+00 -1.096368e+01 -2.967489e+00
1.417091e+01 8.962040e+00 1.520314e+00 -1.448141e+01 -2.392006e+01 5.359364e-02 -6.380404e+00 -7.668962e+00 3.428566e+00 -8.823439e+00 -3.700998e+00 -1.716880e+00
1.464371e+01 3.918157e+00 6.283306e-01 -1.307164e+01 -1.795971e+01 -4.253596e-01 -1.144911e+01 -9.346759e+00 2.546648e+00 -8.418416e+00 -4.205075e+00 -4.837601e+00
1.231219e+01 4.889764e+00 2.506687e+00 2.585047e+00 -1.377792e+01 -1.650085e+01 -9.741486e+00 5.465670e-01 -9.477464e+00 8.278244e-01 -1.594157e+00 -5.491834e+00
1.213161e+01 6.797136e+00 2.824387e+00 2.751510e+00 -1.566509e+01 -1.153517e+01 -9.868185e+00 9.306898e-01 -1.377402e+01 3.130047e-01 9.171381e-01 -4.231090e+00
1.128873e+01 9.047222e+00 6.295748e+00 2.764412e+00 -1.721498e+01 -9.168041e+00 -8.938313e+00 -9.047823e-01 -1.510430e+01 1.746672e+00 1.234984e-02 -2.277730e+00
1.385081e+01 5.753464e+00 1.334009e+00 -1.061093e+01 -1.156388e+01 -4.088810e+00 -8.861053e+00 4.702049e+00 -5.063857e+00 -1.407059e+01 -6.021309e-02 9.230996e-01
7.235015e+00 1.318646e+01 9.380348e+00 1.824999e-01 -7.746657e+00 -1.080264e+01 -6.431426e+00 -6.392210e+00 -9.573585e+00 -1.822942e+00 -2.807063e+00 6.079788e-01
-7.673186e+00 -2.065603e+01 2.677816e+00 7.698665e+00 6.650372e-01 9.313654e+00 1.798540e+01 -1.237300e+01 -4.248325e+00 5.346755e+00 2.399789e+00 6.358170e+00
1.323257e+01 2.984734e+00 2.898817e+00 -1.391306e+01 -1.085667e+01 -3.415676e+00 -9.039570e+00 5.735633e+00 -9.441327e+00 -1.550383e+01 -1.417415e+00 -2.054942e+00
7.610210e+00 1.196131e+01 8.544740e+00 1.367310e+00 -3.427299e+00 -6.159824e+00 -2.469355e+00 -4.233868e+00 -1.033378e+01 -6.864426e+00 -9.199150e+00 2.403519e+00
-1.853476e+01 -1.054729e+01 5.532395e-01 1.481497e+01 -5.680096e+00 3.288520e+00 3.678268e+00 -5.499744e+00 2.496550e+00 2.952008e+00 5.136828e+00 -3.162253e-02
9.503636e+00 1.265220e+01 8.171609e+00 9.884222e+00 -4.512449e+00 -4.311063e+00 -3.717847e+00 -7.348628e+00 -1.532385e+01 -1.064648e+01 -2.517376e+00 5.848862e+00
7.987207e+00 9.609242e+00 9.053385e+00 1.026389e+01 -1.990209e+00 -4.565461e+00 5.142139e+00 -3.252161e+00 -1.027456e+01 -6.980148e+00 -3.182708e+00 -1.707782e+00
-1.465007e+01 -1.909938e+01 4.936265e+00 8.456471e+00 -5.758473e+00 2.328518e+00 -1.885125e+00 -3.769202e+00 -6.154435e-01 2.354063e+00 5.292657e+00 -1.361288e+00
-8.111415e+00 -1.933468e+01 1.200836e+00 6.123833e+00 -1.481107e+00 6.091588e+00 1.591286e+01 -9.961219e+00 -2.308665e+00 4.880942e+00 2.801118e+00 5.442475e+00
-1.004580e+01 -1.294888e+01 -5.781379e+00 3.110701e+00 1.003213e+01 2.303624e+00 -1.151393e+01 -3.527468e+00 3.459700e+00 5.432144e-01 4.585161e+00 3.567873e+00
-1.984689e+01 -1.597953e+00 1.018338e+01 2.918611e-01 2.686023e+00 -2.031974e+00 9.620770e+00 -5.470440e+00 7.138498e+00 7.652625e+00 2.524572e+00 3.805660e+00
5.983264e+00 1.009578e+01 6.856949e+00 1.026939e+01 -8.185349e-01 -2.684359e+00 8.995240e+00 -5.735901e+00 -1.832415e+01 -5.653500e+00 -3.238986e+00 1.134346e+00
-1.240242e+01 -8.318608e+00 -1.704242e+00 3.228716e+00 1.704955e+01 -6.010559e-01 -4.564206e+00 -9.430811e+00 6.469785e+00 5.103507e+00 3.150380e+00 7.346848e+00
4.658796e+00 8.876651e+00 6.234338e+00 5.448591e+00 -8.498697e-01 1.095961e+00 9.793749e+00 -5.073923e+00 -1.805668e+01 -1.281558e+01 -4.485912e+00 1.892790e+00
-1.012672e+01 -1.875455e+00 -5.074226e+00 -1.851231e+00 5.960029e+00 1.883852e+01 -6.452394e-01 1.042724e+00 -3.529726e+00 3.680920e+00 7.044293e+00 4.168554e+00
8.578910e+00 1.114810e+01 -4.935139e+00 -6.216844e+00 2.500712e+00 -4.810603e+00 -4.435554e+00 -2.619147e+00 -3.196323e+00 -3.305309e+00 -4.492314e+00 -4.662241e+00
-4.150556e+00 -9.580043e+00 -1.958865e-01 5.663503e+00 -3.418751e+00 7.173989e+00 9.403576e+00 -5.852249e+00 -3.611120e+00 8.462031e+00 5.846656e+00 6.786318e+00
3.371025e+00 7.099304e+00 3.822410e+00 8.169405e+00 3.513150e+00 -3.694293e+00 7.342209e+00 -5.897442e+00 -7.489961e+00 -2.074750e+00 -2.743603e+00 -1.637328e+00
-1.024526e+01 -2.237150e+00 -5.797192e+00 -1.642285e+00 6.565361e+00 1.823241e+01 1.178072e+00 -2.819474e-01 -5.245666e+00 2.773943e+00 6.388254e+00 5.681931e+00
3.153330e+00 5.915156e+00 3.579706e+00 8.526805e+00 3.767279e+00 -2.131503e+00 1.032291e+01 -4.044637e+00 -4.688844e+00 4.709908e+00 6.058850e+00 4.758723e+00
-1.148715e+01 4.309932e+00 -5.900749e+00 2.648961e+00 -8.077660e-01 5.539272e+00 1.106112e+00 2.450356e+00 -2.108314e-01 4.849237e+00 9.221375e+00 4.615157e+00
1.494639e+00 6.487509e+00 7.793426e+00 7.937925e+00 4.433195e+00 1.322660e+00 1.365972e+01 -3.793621e+00 -3.688538e+00 1.051223e+00 2.280021e-02 2.609350e+00
7.446661e-01 3.910416e+00 6.119035e+00 1.064139e+01 5.633788e+00 -3.100503e+00 9.408308e+00 1.502836e+00 -6.742736e+00 -2.705854e+00 1.364453e+00 -1.518539e+00
-8.223439e+00 -2.916909e+00 -1.171588e+00 -5.721075e+00 -4.024392e+00 -7.588131e+00 7.051623e+00 -6.309386e+00 8.619947e+00 1.288334e+01 5.487228e+00 2.120632e+00
1.928679e+00 2.534402e+00 4.811833e+00 1.021099e+01 5.674249e+00 -4.935493e+00 6.859411e+00 9.400313e-01 -7.625336e+00 -3.297019e-02 2.271864e+00 1.060457e+00
2.281273e+00 3.902714e+00 4.800982e+00 1.029882e+01 8.459957e+00 -3.729647e+00 9.853625e+00 1.220803e+00 -5.049957e+00 3.439637e+00 4.339432e+00 3.221841e+00
7.831421e-01 3.221480e+00 2.989361e+00 1.012940e+01 5.751113e+00 -2.628637e+00 1.052464e+01 2.229014e+00 -3.231526e+00 1.593746e+00 5.252073e+00 4.759562e+00
-8.797064e-01 2.571299e+00 6.450336e+00 9.711498e+00 4.715159e+00 -4.844950e+00 9.092825e+00 6.490412e+00 3.826416e+00 2.110645e+00 2.021571e+00 5.246778e+00
9.264374e-02 2.213412e+00 3.576819e+00 1.041318e+01 1.149215e+01 2.115840e+00 9.551713e+00 3.722709e+00 4.983012e+00 2.477613e+00 -2.016798e+00 -2.756583e+00
4.879603e-01 5.819202e+00 7.813408e+00 1.398526e+01 1.036845e+01 -3.176329e+00 5.690825e+00 3.597368e+00 5.666299e-01 -4.353686e+00 -6.939311e+00 -4.931797e-01
2.195482e-01 2.977155e+00 2.900973e+00 1.027525e+01 1.024343e+01 -4.976726e+00 1.303781e+00 2.795163e+00 5.553953e+00 2.465686e+00 -1.779299e+00 9.278033e-01
8.947492e-01 2.243851e+00 3.988285e+00 8.674892e+00 8.298259e+00 -5.936198e-01 9.720695e+00 1.332569e+00 2.369818e+00 -5.878639e-01 -2.943558e+00 5.278301e+00
1.960926e-01 3.128593e+00 3.823316e+00 6.199143e+00 3.240395e+00 -5.164786e+00 7.852510e+00 -2.616477e+00 -1.517704e+00 -4.780631e+00 2.072289e+00 5.055358e+00
-9.599002e+00 1.325274e+00 -7.097116e-01 -1.383340e-02 -1.104349e+00 1.246015e+01 9.651155e+00 2.601152e+00 7.421220e+00 -2.065700e+00 5.945856e+00 2.318440e+00
-2.612576e-01 4.296882e+00 4.653880e+00 1.355386e+01 1.412036e+01 -8.002710e-02 1.037751e+01 5.135199e+00 1.680777e+00 -3.637366e+00 -2.311869e+00 1.751809e+00
-1.271086e-01 3.808975e+00 3.814582e+00 1.131811e+01 9.241467e+00 2.964125e-01 8.723750e+00 1.610335e+00 -7.784390e-01 -1.285128e+00 3.893096e-01 4.338250e+00
-1.280336e-01 3.005069e+00 1.409247e+00 1.113033e+01 1.052771e+01 1.602857e-01 6.226601e+00 2.324419e+00 9.751157e-01 -5.289044e+00 -7.575725e+00 -2.829123e+00
-1.714795e+00 1.972366e+00 2.861982e+00 9.417738e+00 7.568620e+00 -3.139117e+00 3.945408e+00 1.032523e+00 -6.705132e-01 -4.060106e-01 2.575049e+00 5.892911e+00
-2.060435e+00 2.825829e-01 1.269728e-01 8.538849e+00 1.022602e+01 -6.344889e+00 3.734919e+00 3.208229e+00 4.409696e+00 -1.148345e+00 -8.012448e+00 -2.864599e+00
1.185417e-02 2.232642e+00 2.274064e+00 1.113565e+01 1.193397e+01 -4.405754e+00 1.696636e+00 2.419523e+00 7.549250e-01 -1.650245e+00 2.106950e-01 -1.772002e+00
-3.692832e-01 2.780565e+00 4.139063e+00 9.735403e+00 1.254273e+01 -1.390098e+00 6.866933e+00 4.257321e+00 3.407467e+00 -6.706357e-02 -3.827859e+00 -1.370456e+00
-1.164692e+00 3.288537e+00 3.574192e+00 9.693429e+00 7.898757e+00 -5.169327e+00 7.279650e+00 2.709550e+00 1.029323e+00 2.880965e+00 1.022077e-02 3.338523e+00
-6.088438e-01 3.219729e+00 3.948693e+00 1.363172e+01 1.356548e+01 -1.014122e+00 2.381416e+00 -1.222461e+00 1.383659e+00 -1.573890e+00 -5.145283e+00 -2.785820e+00
-6.452971e-01 3.762049e+00 4.800057e+00 1.206509e+01 1.333976e+01 -2.625362e+00 4.793160e+00 5.415565e+00 4.577864e+00 -6.539273e+00 -8.397287e+00 -2.125414e+00
-1.045885e+01 8.786104e-01 -3.529988e+00 -1.454597e+00 -6.929512e-01 3.549683e+00 2.966942e+00 -1.394020e+00 7.939054e+00 2.944366e-01 3.507701e+00 3.801645e+00
-5.988326e-01 2.038069e+00 3.078373e+00 1.093508e+01 1.265659e+01 -1.866185e+00 5.918476e+00 5.987591e+00 8.281032e+00 9.748826e-01 -1.670968e+00 2.871141e+00
-1.465360e+00 1.415307e+00 1.199874e+00 8.174339e+00 8.554995e+00 -3.688078e+00 4.588651e+00 -8.054883e-01 1.413509e+00 2.003196e+00 1.711230e+00 6.792471e-01
-7.171974e-01 4.131337e+00 3.281111e+00 1.206489e+01 5.797144e+00 -7.469774e+00 4.078218e+00 1.367595e+00 5.801021e+00 1.073196e+00 -2.693189e+00 -1.529938e-01
-5.615161e+00 -1.458007e+00 -5.000219e+00 -2.939312e+00 -4.590593e+00 -6.597898e+00 2.942070e+00 -3.972209e+00 5.539583e+00 1.305416e+01 6.362302e+00 7.796288e-02
-9.516885e+00 -1.318621e+00 7.437696e-01 2.351002e-01 1.731488e+00 -3.271784e+00 4.454993e+00 4.929726e+00 4.649009e+00 1.546746e+00 4.272282e+00 3.622307e+00
-8.327041e+00 4.283181e+00 -6.515501e-01 1.490484e+00 5.656059e+00 -2.981379e+00 8.372769e-01 2.304830e+00 7.762202e+00 5.415166e+00 7.070419e+00 3.441235e+00
-8.600789e+00 4.189198e+00 -4.022391e+00 -3.090843e+00 3.804599e+00 -6.952311e+00 2.672582e+00 4.495383e+00 2.093771e+00 4.722066e+00 4.142649e+00 5.613368e-01
-9.598609e+00 4.217187e+00 -2.800405e+00 -1.410222e+00 7.199579e+00 1.805984e+00 7.412498e-01 1.700679e+00 3.159760e+00 2.501040e+00 5.434871e+00 1.873349e+00
-6.014207e+00 6.213459e+00 -5.669783e-01 -3.220866e-01 6.417985e+00 1.139780e+00 -1.495059e+00 -1.719165e+00 -5.144354e+00 2.693439e-02 1.516534e+00 -5.361390e+00
-9.069570e+00 5.320534e+00 -7.622480e-01 -5.718749e-01 7.645384e+00 1.114031e+00 8.349831e+00 7.269743e+00 4.764849e+00 5.929409e+00 5.756981e-01 -8.162317e-01
-8.257093e+00 5.567967e+00 8.125110e-01 2.739704e+00 8.058447e+00 1.709392e+00 2.857506e+00 6.670810e+00 2.544325e+00 3.657981e-01 9.435879e+00 4.921371e+00
-8.388345e+00 5.157022e+00 8.860149e-01 4.759168e+00 6.086037e+00 -1.040614e+00 1.353291e+00 4.966439e+00 5.863482e+00 4.574795e+00 8.065456e+00 5.049205e+00
-7.603250e+00 4.359959e+00 -6.283259e-02 4.117547e+00 8.819546e+00 3.740407e+00 3.759545e+00 7.055826e-01 1.299437e+00 3.214257e+00 8.374640e+00 4.195885e+00
-7.341981e+00 6.666524e+00 3.910190e+00 6.037931e+00 8.772567e+00 -1.369655e+00 1.387535e+00 5.368970e+00 5.008404e+00 4.088594e+00 7.736491e+00 -4.337646e-01
-8.677785e+00 3.535192e+00 1.488572e+00 3.937304e+00 6.819287e+00 -3.302818e+00 4.869886e+00 4.512604e+00 9.665071e+00 7.362687e+00 7.503736e+00 5.445355e+00
-7.500187e+00 4.477976e+00 -4.861653e-01 4.870462e+00 8.133658e+00 5.429983e-03 3.086877e+00 3.336343e+00 5.143725e+00 8.724772e+00 3.554728e+00 -1.548085e+00
-8.785083e+00 3.275717e+00 -2.393230e+00 2.518418e+00 7.293544e+00 1.438477e-01 -1.843061e-01 5.174992e+00 7.617407e+00 7.829117e+00 4.678361e+00 -6.572202e-01
-8.729880e+00 3.805250e+00 -2.052277e+00 2.619735e-01 8.980887e+00 2.203195e+00 3.761116e+00 -1.779509e-02 7.157685e+00 3.111361e+00 4.173262e+00 -1.592447e-01
-9.419232e+00 2.374579e+00 1.300446e+00 6.292645e-01 6.057384e+00 8.249209e-01 5.386523e+00 2.021750e+00 4.652974e+00 3.820566e+00 6.824028e+00 5.456208e+00
-9.967462e+00 3.165441e+00 -2.700152e-01 -9.371321e-01 5.725402e+00 -3.856908e-01 7.700716e+00 4.069774e+00 4.360975e+00 5.693992e+00 5.133314e+00 -1.190363e+00
-8.847520e+00 2.921380e+00 -3.054448e+00 -2.270522e+00 4.779557e+00 -1.046806e+00 2.084611e+00 4.288713e+00 4.020735e+00 3.069354e+00 4.103935e+00 1.813491e+00
-8.407138e+00 3.304001e+00 -2.762983e+00 -8.587426e-01 7.663302e+00 -2.448686e+00 2.561806e+00 3.701623e+00 4.659833e-01 3.510136e+00 4.766876e+00 3.035365e+00
-9.166741e+00 4.560720e+00 -6.871587e-01 -2.295650e+00 8.067709e+00 -2.649370e+00 1.867588e+00 -1.187989e+00 3.252803e+00 2.687135e+00 1.662348e+00 2.598577e+00
-9.435737e+00 2.426977e+00 -2.214379e+00 1.493477e-01 4.214681e+00 -8.814987e+00 5.001078e-01 -1.896440e+00 4.261485e+00 1.626171e+00 2.779897e+00 1.719248e+00
-8.931643e+00 2.747183e+00 -5.022020e+00 -9.522898e-01 5.336109e+00 -4.554645e+00 9.424734e-02 -5.863931e-01 -8.242147e-01 4.136570e+00 7.357393e+00 1.746022e+00
-8.713309e+00 3.867491e+00 -1.936705e+00 -1.949586e+00 7.162236e+00 4.868672e-01 3.665332e+00 6.068882e-01 4.928898e+00 5.229778e+00 1.374286e+00 2.515341e+00
-1.037825e+01 2.531004e+00 -1.101859e+00 -1.776692e-01 3.821828e+00 -6.006775e+00 1.002568e+00 2.507754e+00 3.504058e+00 5.554433e+00 9.732550e+00 5.889071e+00
-9.490947e+00 3.478054e+00 -1.929208e+00 9.204030e-02 8.352239e+00 6.768050e-01 1.479910e+00 1.482742e+00 3.628123e+00 3.692215e+00 5.790625e+00 4.542991e+00
-9.944493e+00 -5.878597e-02 2.045174e-01 5.752545e+00 6.971514e+00 1.190110e+00 3.963197e+00 6.485609e+00 3.935732e+00 9.919792e-01 2.892870e+00 5.821034e+00
-1.048921e+01 1.164382e+00 6.912470e-02 1.583232e+00 3.973859e+00 -4.046094e+00 8.788467e+00 6.546301e+00 4.814835e+00 5.889894e+00 9.400574e+00 3.018017e-01
-9.410565e+00 3.258068e+00 -2.462784e+00 2.525200e+00 2.303145e+00 -1.403463e+00 5.559322e+00 -7.956710e-01 7.062401e+00 5.189970e+00 4.291131e+00 2.914492e+00
-9.071273e+00 3.958664e+00 -4.244124e+00 -5.575042e-01 4.129586e+00 -3.056080e+00 3.366033e+00 2.316406e+00 5.013667e-01 3.006660e+00 5.070745e+00 -3.125252e-01
