4.857915e+00 -1.125028e+01 1.286551e+01 -8.817016e+00 -1.865979e+01 -4.615019e+00 -1.599648e+01 2.634588e+00 -1.343777e+01 -4.616184e+00 1.958400e+00 -6.780679e+00
4.194829e+00 -7.999279e+00 1.490405e+01 -7.922714e+00 -1.857972e+01 -2.702899e+00 -1.575112e+01 4.529063e+00 -1.705573e+01 6.544125e-01 2.670178e-01 -4.390678e+00
8.208318e+00 -1.477477e+01 6.717062e+00 -1.130628e+00 -1.824257e+01 -4.716799e+00 -1.638012e+01 9.732760e+00 -8.593097e+00 -7.088124e+00 4.766391e+00 -5.679059e+00
6.725436e+00 -1.269837e+01 1.024399e+01 -4.792724e+00 -1.787188e+01 -4.578052e+00 -1.433211e+01 8.098118e+00 -1.170105e+01 -3.421174e+00 1.986466e+00 -5.342435e+00
1.041687e+01 -1.740344e+01 2.274917e+00 -1.499199e+00 -1.605554e+01 -9.757675e+00 -2.065726e+01 1.023843e+01 -7.618272e+00 -1.109105e+01 1.564023e+00 -7.511259e+00
3.758026e+00 -6.197186e+00 1.645553e+01 -4.888033e+00 -1.775408e+01 -4.563060e+00 -1.605391e+01 1.647905e+00 -1.570092e+01 2.852692e+00 3.947052e+00 -4.168710e+00
1.291724e+01 -1.642236e+01 -1.452615e+00 1.569253e-02 -9.649718e+00 -8.489789e+00 -2.386608e+01 1.357705e+01 -3.160674e+00 -9.714768e+00 1.471901e+00 -6.136662e+00
1.356520e+01 -1.559054e+01 -7.219305e+00 -2.038417e+00 -5.914080e+00 -7.970165e+00 -3.009748e+01 1.073305e+01 -8.743477e-01 -1.054503e+01 -1.062788e+00 -8.759663e+00
3.229163e+00 -6.036202e+00 1.693632e+01 -5.991601e+00 -2.053014e+01 -6.840741e+00 -1.788597e+01 -5.126476e+00 -1.811660e+01 9.481089e-01 3.360149e+00 -5.175513e+00
1.513733e+01 -1.432420e+01 -1.036345e+01 -3.896531e+00 -1.892331e+00 -5.483627e+00 -3.506459e+01 1.039976e+01 -5.572667e-01 -8.121137e+00 -1.494784e+00 -9.730336e+00
3.976471e+00 -5.570163e+00 1.883738e+01 -5.833192e+00 -2.028315e+01 -4.533009e+00 -1.657478e+01 -5.225862e+00 -1.635115e+01 4.145235e+00 3.540079e+00 -2.505297e+00
1.644454e+01 -1.156238e+01 -1.385771e+01 -6.153388e+00 1.243940e+00 -1.902880e+00 -3.670412e+01 6.707803e+00 -1.531139e+00 -5.948969e+00 -1.668856e+00 -7.065476e+00
1.873685e+01 -1.024721e+01 -1.430801e+01 -8.742048e+00 2.272329e+00 4.664376e-01 -3.626592e+01 3.507799e+00 -5.422780e+00 -2.750340e+00 -2.284052e+00 -3.345516e+00
3.808944e+00 -5.343228e+00 1.852178e+01 -8.224909e+00 -2.053537e+01 -5.257627e+00 -1.695114e+01 -8.393436e+00 -1.554689e+01 -7.177451e-01 4.144593e+00 -6.496649e+00
4.238098e+00 -4.399793e+00 2.008406e+01 -7.311665e+00 -1.797934e+01 -1.853580e+00 -1.482578e+01 -6.452748e+00 -1.420565e+01 3.376719e+00 3.923070e+00 -2.914104e+00
1.913148e+01 -7.230223e+00 -1.380344e+01 -9.330815e+00 3.155883e+00 2.724687e+00 -3.319282e+01 -2.120230e+00 -4.100780e+00 -2.494297e+00 -8.947325e-01 -7.876894e-01
1.914284e+01 -6.922531e+00 -1.456461e+01 -8.697771e+00 1.493308e+00 2.010921e+00 -3.659673e+01 -4.111791e+00 -9.189920e+00 -2.988534e+00 -5.517316e+00 -4.275320e-01
4.279751e+00 -3.518959e+00 1.751764e+01 -6.881897e+00 -1.915953e+01 -1.448554e+00 -1.586228e+01 -8.003737e+00 -1.476586e+01 1.635415e+00 1.020096e+00 -4.855151e+00
1.914284e+01 -5.794020e+00 -1.499236e+01 -8.094388e+00 1.720714e+00 -7.328070e-01 -3.549206e+01 -8.031156e+00 -1.023601e+01 -3.896855e+00 -1.073290e+01 3.882456e-01
5.192373e+00 -2.936264e+00 1.665480e+01 -6.382296e+00 -1.736643e+01 -3.957335e+00 -1.418138e+01 -6.712823e+00 -1.764873e+01 3.992677e+00 -2.341366e+00 -3.872609e+00
2.026592e+01 -5.596544e+00 -1.558285e+01 -1.581081e+00 2.617098e+00 -1.253910e+00 -3.005911e+01 -1.161426e+01 -9.610704e+00 -7.442636e+00 -8.399405e+00 3.040631e+00
7.332108e+00 2.697214e-01 1.463116e+01 -2.787291e+00 -1.549338e+01 -5.685128e+00 -1.090018e+01 -5.572825e+00 -1.961344e+01 6.583832e+00 -1.692089e+00 -4.085093e+00
1.925791e+01 -6.443847e+00 -1.088816e+01 6.245751e+00 4.848218e-01 -5.992822e+00 -1.947969e+01 -1.178437e+01 -8.136709e+00 -6.135591e+00 -6.950869e+00 1.564766e+00
6.404131e+00 2.657292e+00 1.620085e+01 -6.070179e+00 -1.528288e+01 -4.091422e+00 -1.056769e+01 -8.749179e+00 -1.816280e+01 5.502445e+00 -6.036880e+00 -2.550427e+00
5.412190e+00 2.773551e+00 2.194057e+01 -5.955705e+00 -1.384641e+01 -5.739560e+00 -9.317562e+00 -1.162004e+01 -1.506129e+01 5.789802e+00 -9.693613e+00 -7.478659e-01
-6.896587e+00 -4.230917e+00 1.930621e+00 -7.660413e-01 -4.087712e+00 4.882532e+00 6.379294e+00 -8.519039e+00 1.181445e+01 5.632613e+00 -1.850841e-01 -8.640096e-01
-7.063700e+00 -3.506446e+00 -4.254555e+00 -4.199119e+00 1.713949e+00 -3.503457e-01 4.292350e+00 -1.458715e+00 1.112594e+01 2.816375e+00 2.332790e+00 -1.009883e+00
1.251677e+01 -4.884746e+00 -2.437616e+00 4.090741e+00 -8.006206e-01 -1.133245e+01 -1.028638e+01 -1.005404e+01 -5.649624e+00 -9.798860e+00 -5.760092e+00 -1.549125e+00
4.236859e+00 6.055410e+00 2.433429e+01 -2.385678e+00 -7.112628e+00 -5.665658e+00 -7.025099e+00 -1.343782e+01 -1.263021e+01 4.675814e+00 -1.014510e+01 8.150389e-01
-2.869959e-01 -5.042048e+00 4.425467e+00 7.795571e+00 -2.563901e-01 -7.043593e+00 -2.368117e+00 -3.101390e+00 -4.126406e-02 -9.952270e+00 -1.118603e+01 -5.662943e+00
2.293134e+00 6.394516e+00 1.808881e+01 1.629003e+00 1.456925e+00 -2.455261e+00 4.072211e+00 -1.634517e+01 -4.399763e+00 -2.946548e+00 -8.751177e+00 -3.061980e+00
-4.628325e+00 -9.930598e-01 9.471778e+00 -3.039035e+00 -5.989976e-01 -2.390893e+00 1.628647e+01 -2.014895e+00 9.244746e+00 -7.335472e-01 -5.689845e+00 -3.485377e-01
-1.679705e+00 3.615761e+00 1.656534e+01 1.817039e+00 7.210504e+00 -3.582932e-01 9.394490e+00 -1.051489e+01 1.053093e+00 -4.704469e+00 -1.029185e+01 -2.885030e+00
-2.910491e+00 2.547786e+00 1.385440e+01 -2.003441e+00 1.626436e+00 -6.569993e-02 9.635654e+00 -6.480716e+00 2.569441e+00 -6.843668e+00 -9.384066e+00 -8.195643e-01
-2.633688e+00 -5.648497e-02 8.104932e+00 -2.857142e+00 -2.823162e-01 -3.254714e+00 1.158916e+01 -4.911976e+00 1.629309e+00 6.150452e+00 -6.250893e+00 -4.275999e+00
-3.125612e+00 4.141904e+00 9.041857e+00 -2.960706e+00 -3.845714e+00 3.021539e+00 1.301493e+01 -1.089986e+01 -9.863244e+00 3.906270e+00 -6.039909e+00 -5.878554e+00
-2.173465e+00 3.749854e+00 1.166998e+01 -5.543455e+00 -8.354424e+00 -1.448064e+00 9.665819e+00 -1.321914e+01 -1.356031e+01 1.271550e+00 -9.475252e+00 -2.891990e+00
-1.072639e+00 3.829938e+00 1.176199e+01 -2.664293e+00 -7.825944e+00 -9.825994e-01 1.394395e+01 -1.332152e+01 -2.153939e+01 -2.301109e+00 -2.785982e+00 1.401811e+00
-1.154187e+00 3.200685e-01 8.353569e+00 -3.645814e-01 -6.431247e+00 1.253808e+00 1.708092e+01 -5.625277e+00 -1.582899e+01 -7.437306e+00 -8.494148e+00 -3.607979e+00
-8.417740e-01 1.716366e+00 8.619984e+00 -1.887784e+00 -5.907793e+00 2.383924e+00 1.588682e+01 -1.122358e+01 -1.749097e+01 -5.911280e+00 -5.497701e+00 -4.031117e+00
-6.930101e+00 -3.398945e-01 -7.663233e+00 -3.717931e+00 4.269583e+00 -3.112462e+00 3.173665e+00 -2.652544e+00 1.084624e+01 -5.245743e+00 1.754146e+00 -9.273888e-01
-7.974407e+00 3.641624e+00 -1.095473e+01 6.372452e+00 1.353712e+01 5.932780e+00 -1.063802e+00 5.911653e-01 1.137135e+01 6.264234e-02 6.355174e+00 -9.119062e-01
-4.076765e+00 -8.178709e-01 3.922237e+00 -2.041945e+00 -3.953838e+00 -1.609829e+00 1.641847e+01 -4.419860e+00 -1.125077e+01 -1.479186e+00 -6.654418e+00 -8.725977e-01
-7.257849e+00 -1.009810e+01 -5.543174e+00 2.714857e+00 1.243551e+01 1.009853e+01 -1.622978e+00 4.853221e+00 9.375269e+00 8.701249e+00 4.305560e+00 5.905404e+00
-1.562675e+00 1.031822e+00 2.561029e+00 -2.480976e+00 -1.387897e+00 -1.507723e-02 1.643049e+01 -5.608533e+00 -1.103893e+01 -1.322402e+00 -4.499890e+00 2.401763e+00
4.812210e+00 1.110056e+00 -7.209024e-01 3.824070e+00 -1.644987e+00 2.958904e+00 4.875368e+00 -3.843099e+00 -2.017450e-02 1.602581e+00 3.437840e+00 -2.059956e+00
-2.860089e+00 -1.975328e+00 2.619703e-01 -3.265501e+00 -4.111481e-02 1.647615e+00 1.419870e+01 1.157566e+00 -7.261182e+00 -7.449500e+00 -2.778967e+00 5.602671e+00
-2.538671e+00 -1.663526e+00 2.422065e+00 -4.517208e+00 -2.800122e+00 1.135696e+00 1.110394e+01 1.458445e+00 -3.290506e+00 -6.434183e+00 -2.113429e+00 2.119680e+00
-1.489584e+00 -1.053015e+00 9.979353e-01 -2.024477e+00 -1.113992e+00 1.117452e+00 1.380896e+01 -2.919430e+00 -8.276527e+00 -4.276719e+00 -5.487404e+00 -3.695626e-01
-1.075721e+00 -6.074659e-01 -2.569055e+00 -5.568339e-01 6.327996e-01 -2.718414e-01 1.143045e+01 6.661608e+00 -3.227068e+00 -7.450842e-01 4.196157e+00 6.520592e+00
4.989935e+00 2.837018e+00 -1.067990e+00 5.456538e-01 -3.234588e+00 1.818706e+00 1.152195e+01 3.126088e+00 5.058973e+00 8.359690e-01 5.593857e+00 -7.873738e-01
-4.354690e+00 -2.942947e+00 -2.981188e+00 7.849665e+00 1.664721e+01 1.233914e+01 -1.026917e+00 4.174770e-01 7.140879e+00 3.209365e+00 2.946044e+00 -3.466942e-01
-5.812084e+00 4.266630e+00 -7.353069e+00 5.252786e+00 7.451981e+00 6.686251e+00 2.139978e+00 2.131201e+00 1.334541e+01 5.306712e+00 2.048482e+00 -8.355442e+00
3.785911e+00 3.293744e+00 -4.100105e+00 3.566526e+00 -3.423010e+00 -3.592881e+00 6.456530e+00 7.167220e-02 5.474030e+00 9.056922e+00 1.194706e+01 8.506554e+00
1.144251e+00 6.453345e-01 -1.792395e+00 2.482246e+00 2.299416e+00 -3.697755e+00 9.048583e+00 4.360883e+00 -4.246992e+00 -4.991628e+00 5.354366e+00 5.001144e+00
-8.544611e+00 3.384296e+00 -6.955487e+00 7.840520e-01 5.009250e+00 1.271300e+00 9.702687e+00 -3.725767e+00 9.227738e+00 -2.734164e+00 3.342933e+00 -1.034574e+00
1.751728e+00 3.298910e+00 -6.461007e+00 2.934439e+00 6.269975e+00 3.814797e+00 1.111669e+01 4.204535e+00 9.363628e+00 7.348230e+00 5.869181e-01 -6.553221e+00
6.826210e-01 2.088468e+00 -3.122516e+00 1.739250e+00 5.703101e-01 -4.561661e-01 9.233543e+00 4.538251e+00 -4.127541e+00 -6.436087e+00 5.579311e+00 4.270079e+00
-7.934284e-02 1.761125e+00 -2.243824e+00 2.602069e+00 5.129652e-01 -2.857614e+00 1.171609e+01 8.906944e+00 -1.014650e+00 -5.717412e+00 1.580947e+00 5.886912e+00
1.109456e+00 4.143254e+00 -4.452462e+00 1.613903e+00 -1.971244e+00 -9.571748e+00 -4.365616e+00 -7.604586e+00 -8.532825e-01 2.082197e+00 4.944346e+00 2.745372e+00
-5.270443e-01 4.130636e+00 -2.869642e+00 4.621514e+00 8.560939e-01 -2.078541e+00 4.723656e+00 -3.029175e+00 -3.977795e-01 2.444823e+00 8.581390e+00 4.206719e+00
-2.158890e-01 2.883055e+00 -4.054449e+00 8.853364e+00 9.195314e+00 -9.212149e-01 -3.677412e+00 -4.734705e+00 7.486390e+00 8.294508e+00 1.670492e+00 -4.124928e+00
-2.118416e-01 2.738482e+00 -7.274035e+00 5.283109e+00 4.938076e+00 3.984587e-01 3.032332e+00 -4.910517e-01 3.820925e+00 5.260754e-02 -1.366507e+00 -7.336327e-01
-1.826748e+00 5.382918e+00 -3.644569e+00 1.888490e+00 -2.913614e+00 -5.144883e+00 -3.665902e+00 -6.919750e-01 3.813269e+00 3.374800e+00 5.347784e+00 1.058921e+01
-2.981983e+00 5.372949e+00 -5.301857e+00 3.417730e+00 4.961536e+00 3.709029e+00 2.081234e+00 3.436160e-02 2.001646e+00 -1.081946e+00 1.499665e-01 4.000368e+00
5.311899e-01 3.671001e+00 -5.157681e-01 3.160130e+00 2.003970e+00 1.649125e+00 1.635575e+01 1.401912e+01 -3.773527e-01 -2.754765e+00 5.099085e+00 5.850108e+00
-3.529081e+00 5.414157e+00 -1.422946e+00 5.526969e+00 6.405202e+00 4.171175e+00 8.110347e+00 5.607435e+00 8.284796e+00 1.272107e+00 1.334102e+00 2.291066e+00
-2.375182e+00 5.779688e+00 -7.237734e+00 2.642811e+00 6.571681e+00 4.250624e+00 3.358749e+00 1.573963e+00 7.803207e+00 9.052966e-01 2.492840e+00 4.730209e+00
-2.734282e+00 4.341620e+00 -5.867589e+00 -2.538663e-01 2.412199e+00 -3.840255e-01 5.453387e+00 2.993668e+00 4.668696e+00 -9.450041e-01 1.558132e+00 5.098880e+00
-1.659092e+00 2.311731e+00 -3.764508e+00 5.350723e+00 5.370249e+00 2.552956e+00 8.695194e+00 6.733686e+00 -3.315723e+00 -3.358375e+00 3.354341e+00 6.534534e+00
-3.555538e+00 2.294662e+00 -6.357564e+00 3.059952e+00 6.480316e+00 1.651632e+00 4.441437e+00 2.735036e+00 -8.551712e-01 -4.367591e+00 -1.412374e+00 2.430193e+00
-5.310651e+00 2.939307e+00 -2.374747e+00 1.146029e+00 2.022195e+00 4.222970e+00 5.743486e+00 3.024532e+00 6.659500e+00 4.763055e+00 1.586147e+00 4.506380e+00
-2.222741e+00 4.258466e+00 -4.785450e+00 2.155022e+00 3.545401e+00 -6.768683e-01 7.025998e+00 3.877150e+00 -2.604089e-01 -2.642504e+00 3.013928e+00 7.853730e+00
-8.100666e+00 7.826596e-01 -5.388702e+00 8.069452e-01 7.342542e+00 2.915460e+00 4.363825e+00 -4.959525e+00 8.797319e+00 2.763088e+00 4.360472e+00 -8.392313e-01
-4.350743e+00 3.184149e-01 -7.544055e+00 1.698115e+00 4.628956e+00 6.084578e+00 1.051636e+01 5.733484e+00 6.362265e+00 1.661541e-01 4.306054e+00 6.265235e+00
-2.761284e+00 6.718053e+00 -2.139321e+00 3.349796e+00 5.006434e+00 4.342935e+00 5.946149e+00 1.018086e+01 1.576705e+01 5.500252e+00 -1.316559e+00 1.892150e+00
-1.455703e+00 4.751503e+00 -1.178205e+00 8.185528e+00 7.724141e+00 4.656443e+00 6.183673e+00 5.197433e+00 4.833813e+00 1.327900e+00 -8.167382e-01 4.728651e-01
-1.993282e+00 3.263952e+00 -4.884613e+00 2.220675e+00 7.196448e+00 5.873161e+00 3.548043e+00 3.083218e+00 7.937271e+00 8.049458e+00 5.618260e+00 2.564232e+00
-1.325283e+00 2.790024e+00 -4.403954e+00 5.454031e+00 9.888901e+00 2.340200e+00 3.849509e+00 1.227284e+00 1.310210e+00 -2.658535e+00 -8.087378e-01 3.955162e+00
-3.366335e+00 4.831468e+00 -4.685685e+00 2.452793e+00 2.660069e+00 2.517168e+00 4.802021e+00 3.715423e+00 8.078785e+00 3.096889e+00 4.627478e-01 1.546293e+00
-5.007919e+00 2.089542e+00 -6.058212e+00 5.600607e-02 2.474457e+00 7.734382e-02 9.055328e+00 4.315651e+00 -6.383624e-01 -3.834967e+00 9.966307e-01 1.190624e-01
-7.801085e+00 2.992631e+00 -3.523525e+00 -1.021225e+00 3.737753e+00 1.659769e+00 8.086306e+00 1.776835e+00 8.623447e+00 -1.844726e+00 -7.007948e-01 -9.401822e-02
-5.508369e+00 3.720880e+00 -3.546268e+00 2.852461e+00 4.063268e+00 6.740882e-01 5.612917e+00 5.649501e+00 7.985334e+00 3.931317e+00 4.917315e+00 2.935039e+00
-3.837865e+00 3.898544e+00 -1.869207e+00 1.083691e+00 5.211939e+00 3.387006e+00 6.995085e+00 7.769488e+00 8.511617e+00 6.796630e+00 -8.987631e-01 1.331414e+00
-3.546729e+00 3.481613e+00 -7.527813e+00 -2.606167e+00 3.373762e+00 9.991327e-01 7.574496e+00 3.039387e+00 2.294917e-01 -4.499072e+00 -9.341971e-01 3.440819e-01
-4.188686e+00 3.321662e+00 -1.615200e+00 6.716966e+00 9.160980e+00 5.534286e+00 1.479674e+00 -3.622935e-01 2.897357e+00 -2.163613e-01 2.145274e+00 -9.562254e-02
-4.131595e+00 4.300854e+00 -4.152150e+00 3.424786e+00 4.930135e+00 3.283004e+00 7.156267e+00 2.486327e+00 4.953583e+00 5.846709e+00 2.531186e+00 1.745483e+00
-3.567348e+00 3.329743e+00 -4.150758e+00 2.494225e+00 6.218931e+00 2.725809e+00 3.643302e+00 3.863755e-01 8.816166e+00 1.406893e+00 3.288049e+00 4.685106e+00
-2.742140e+00 5.248296e+00 -3.675879e+00 9.526860e-01 5.050514e+00 6.647553e-01 5.414226e+00 1.597640e+00 2.786560e+00 1.642171e+00 1.102338e+00 6.391945e-01
-6.545069e+00 2.953275e+00 -3.214790e+00 2.600373e+00 4.444901e+00 2.456231e+00 3.471930e+00 1.702433e+00 8.974337e+00 2.175139e+00 5.338941e-01 3.445019e+00
-5.957237e+00 2.965888e+00 -3.231196e+00 1.942811e+00 1.086304e+01 3.470803e+00 4.954300e+00 2.027449e+00 1.108077e+01 5.712336e+00 1.557526e+00 -1.813805e+00
-5.665136e+00 1.152238e+00 -5.864556e+00 -1.970506e+00 4.096570e-01 -3.371408e+00 3.139310e+00 3.651042e+00 1.912808e+00 -2.097653e+00 1.350704e+00 -3.673923e-01
-2.385328e+00 3.315051e+00 -1.349769e+00 2.643996e+00 6.741724e+00 2.396138e+00 5.699800e+00 2.126016e+00 6.485112e+00 2.979246e+00 4.135396e+00 1.643042e+00
-7.215315e+00 8.243429e-01 -3.550391e+00 1.247555e+00 3.016128e+00 -2.654215e+00 6.577575e+00 3.699640e+00 7.009101e+00 5.757186e+00 2.375559e+00 1.415329e+00
-4.813331e+00 2.291409e+00 -3.373339e+00 2.237516e+00 9.727073e-01 -1.959513e-01 5.562735e-02 1.858322e+00 1.060870e+01 -9.983400e-01 2.408787e+00 -1.565242e-02
-2.021570e+00 5.764899e+00 5.980828e-01 4.823146e+00 6.427055e+00 4.266196e+00 9.639330e+00 8.269279e+00 1.324415e+01 1.024565e+01 -1.137299e+00 -2.050635e+00
-4.384299e+00 3.117239e+00 -3.405319e+00 7.607236e-01 3.687106e+00 -1.690005e+00 5.074854e+00 5.824966e+00 6.696224e-02 -4.854511e+00 3.109742e+00 5.439981e+00
-3.959409e+00 4.648860e+00 -2.449824e+00 3.569192e+00 6.300794e+00 4.664577e+00 5.180115e+00 6.364963e-01 5.520987e+00 1.190832e+00 1.616109e+00 1.110603e+00
-6.070974e+00 3.755595e+00 1.968708e-01 -7.545314e-01 5.860589e+00 3.341526e+00 2.320890e+00 -3.823647e+00 7.939354e+00 4.599587e+00 1.018496e+00 3.089356e+00
-6.310633e+00 2.906721e+00 -3.450063e+00 3.962297e+00 6.179481e+00 1.335562e+00 7.859622e+00 3.824334e+00 1.393751e+01 7.702209e+00 2.808788e+00 -2.107696e+00
-6.043623e+00 2.614792e+00 -1.752005e+00 1.485676e+00 3.371453e+00 4.565694e-01 6.356329e+00 5.226824e+00 9.202530e+00 6.080574e+00 1.348875e+00 4.114167e+00
-6.399412e+00 3.043344e+00 -2.808857e+00 1.742936e+00 7.295991e+00 1.752145e+00 3.986868e+00 1.820270e+00 6.925693e+00 2.268488e+00 1.714493e+00 -3.459284e-01
-2.711977e+00 4.503413e+00 -3.875356e+00 2.966532e+00 6.921699e+00 3.679481e+00 5.591238e+00 1.029040e+00 7.712232e+00 3.578400e+00 6.547057e+00 5.382143e+00
-6.993664e+00 1.592808e+00 -2.518493e+00 2.799901e+00 3.372276e+00 -1.591728e+00 7.363159e+00 3.692585e+00 8.475004e+00 4.874209e+00 9.867349e-01 2.075653e-01
-3.665572e+00 4.652420e+00 -2.323276e+00 2.856421e+00 4.940197e+00 1.303900e+00 4.102343e+00 3.843204e+00 1.391438e+01 2.870334e+00 -6.716513e+00 -1.646644e+00
-5.226213e+00 1.840139e+00 -3.386875e+00 -3.862038e-02 6.062372e+00 1.551899e+00 4.651554e+00 2.063290e+00 6.003301e+00 -2.782269e+00 -2.280102e-01 1.079968e+00
-4.138613e+00 2.966913e+00 -1.523755e+00 1.665659e+00 4.059175e+00 3.635667e+00 5.060121e+00 3.926053e+00 1.146411e+01 4.982738e+00 -3.962833e-01 9.748979e-01
-6.401081e+00 -1.956668e-02 -8.383557e+00 -2.975476e+00 5.304737e+00 2.130448e+00 5.627115e+00 1.193824e-01 6.399753e+00 -6.330422e+00 -6.306185e+00 -2.978230e-02
-6.071487e+00 1.369420e+00 -3.164732e+00 -7.278818e-01 3.011647e+00 1.899357e+00 6.200213e+00 5.331623e-01 6.081348e+00 1.245043e+00 1.339738e+00 1.407007e+00
-5.614233e+00 2.688705e+00 -2.528457e+00 2.484753e-01 9.070119e+00 5.992174e+00 8.552435e+00 1.247968e+00 9.077512e+00 5.419829e+00 2.716963e+00 8.827314e-01
-5.177750e+00 5.927754e-01 -6.293981e+00 3.643811e-01 6.708210e+00 1.169447e+00 9.826937e+00 5.348171e+00 4.750937e+00 -1.756089e+00 5.539267e+00 3.749601e+00
