-1.096181e+00 1.587838e+00 3.026352e-01 -2.249028e+00 1.640244e+00 -2.802900e+00 -3.122151e+00 3.728180e-02 -2.648994e+00 -3.132045e+00 -2.114378e+00 -2.015142e+00
-1.866403e+00 2.273102e+00 1.547756e+00 -3.576503e+00 3.572871e+00 -6.930123e-02 -2.255452e+00 -4.722100e-01 -2.588746e+00 -4.153343e+00 -1.359839e+00 -2.571094e+00
-1.017595e+00 2.429400e-01 -1.216436e+00 -1.222086e+00 -1.937287e+00 -2.910700e+00 -1.335496e+00 -2.876439e-01 -1.555062e+00 2.202075e-01 -9.949282e-01 -2.768649e-01
-2.092376e+00 1.103197e+00 1.258256e+00 -4.261704e+00 2.974141e+00 9.917482e-01 1.825285e-03 5.238650e-01 -4.185459e-01 -3.231154e+00 7.221970e-01 -1.893966e+00
3.869736e+00 -3.566727e+00 -1.682699e+00 -2.494625e-01 -3.197358e+00 -9.187286e-01 -4.748861e-01 2.141930e+00 -9.550332e-01 4.346138e+00 -3.054551e+00 2.122065e+00
7.079659e+00 -3.736234e+00 -1.038276e-01 1.547335e+00 -4.356191e+00 -5.221003e-01 -1.850125e+00 2.576479e+00 -1.113947e+00 5.250173e+00 -2.694184e+00 1.385614e+00
-1.496544e+00 -1.552070e+00 -2.410473e+00 -1.004676e+00 -2.006441e+00 -1.999508e+00 -5.960207e-01 -1.366584e-01 -9.527209e-01 1.029692e+00 -3.678723e-01 4.429328e-02
-1.201644e+00 -2.213589e-02 1.706192e+00 -2.842884e+00 1.419501e+00 7.241510e-01 -1.977032e+00 -4.186527e-01 -4.592308e-01 -2.624853e+00 -5.570610e-01 -2.522851e+00
2.613687e-01 -1.899446e+00 -1.570020e+00 -5.614834e-01 -7.486959e-01 4.806643e-01 2.570800e+00 3.356950e+00 -4.462771e-01 1.961056e+00 -2.632887e+00 1.945488e-01
-1.436185e+00 -2.387960e+00 -3.203179e+00 -1.038219e+00 -2.672914e+00 -2.223013e+00 1.211499e+00 8.455443e-01 1.259597e+00 2.073589e+00 1.912445e+00 1.433226e+00
8.116348e+00 -3.559919e+00 1.243813e+00 3.250376e+00 -3.516813e+00 -1.136109e+00 -1.505251e+00 1.255676e+00 4.252365e-01 4.413605e+00 -1.905409e+00 9.344425e-02
5.887321e-01 8.208176e-01 1.650343e+00 1.549234e-01 -9.405582e-02 1.908672e+00 1.829065e-01 -3.778350e-01 -9.010791e-01 -2.025754e-01 9.530054e-01 -3.503267e-01
2.602001e-01 -6.505516e-01 2.451650e-01 5.470458e-01 -7.208456e-01 1.974758e+00 1.557435e-01 4.625806e-01 1.325134e+00 -1.364030e-01 5.401864e-01 2.266368e-01
-3.739792e-01 -1.858968e+00 -1.927729e+00 3.812844e-01 -2.659829e+00 -8.754322e-01 1.227617e-03 7.980226e-01 2.286850e+00 1.471099e+00 1.063249e+00 1.202709e+00
-3.738505e-01 -1.190739e+00 -1.214374e+00 -8.781821e-01 1.101665e-01 5.394125e-02 3.402901e+00 2.202915e+00 -1.229084e-01 5.181503e-02 -1.862060e+00 -8.027272e-01
1.208607e+00 8.771654e-01 2.416522e+00 1.365653e+00 8.991016e-01 1.035940e+00 -4.506451e-01 -9.811093e-01 -1.099535e+00 5.809242e-01 7.309490e-02 -4.980583e-01
-1.791091e-01 -4.641825e-01 -4.819918e-01 -1.181133e+00 1.824709e-01 1.464401e-01 2.178216e+00 1.645309e+00 -4.456447e-01 -8.357946e-01 -9.492794e-01 -7.432739e-01
-2.589533e-01 -1.828759e-01 5.819710e-01 1.501957e-01 8.915460e-01 2.522132e+00 2.572458e+00 4.912910e-01 7.486646e-01 2.420491e+00 1.084305e-01 -2.624782e-01
-3.534859e-01 -2.651804e-01 2.813878e-01 3.986988e-01 5.414313e-01 2.681653e+00 2.322730e+00 -1.840115e-01 -2.350077e-01 2.213826e+00 -2.084352e-01 -7.832329e-01
-3.397636e-01 -4.855048e-01 -2.578983e-01 -3.345228e-01 -1.629995e-01 2.346738e+00 2.048033e+00 1.358134e+00 -4.087680e-01 2.102674e+00 -2.803155e-01 -5.865721e-01
-7.970600e-02 1.112496e-01 -1.050090e+00 -1.154862e+00 -1.225421e+00 2.463694e-01 4.553068e-01 1.499366e+00 -5.187864e-01 -1.273386e-01 -1.168518e+00 -7.172262e-01
-1.345926e-01 1.188220e-01 -8.639799e-01 -3.086327e-01 -1.142369e-01 -5.454874e-01 1.026458e+00 1.609687e+00 1.720439e-01 -5.895789e-02 -1.094057e+00 -6.957577e-01
-4.051350e-01 -5.531371e-02 3.096383e-02 1.834936e-02 5.673513e-01 -8.364267e-01 -5.038296e-01 4.048651e-01 1.899660e+00 6.359252e-01 -3.733799e-01 -9.854370e-01
-5.809721e-01 -3.206385e-01 1.912103e-01 1.370045e+00 1.228572e+00 -6.354638e-01 -1.680591e+00 -1.760489e+00 4.962729e-01 6.151862e-01 1.267078e+00 -7.517038e-02
-1.776047e-01 -6.413057e-01 2.567629e-02 1.151958e+00 9.563593e-01 -3.126307e-01 -1.233383e+00 -1.592085e+00 -3.734031e-01 5.048307e-01 1.921997e+00 1.383800e+00
2.914574e-01 1.319291e-01 -4.706903e-01 1.526609e-01 -4.919862e-01 -9.507484e-01 -1.000789e+00 -1.525487e+00 -8.636931e-01 -4.172111e-01 5.141190e-01 1.241431e+00
-1.298485e-02 1.034228e-01 -4.377589e-01 -8.853914e-01 -1.000205e+00 -6.506751e-01 -1.853378e-01 -7.660120e-01 -5.584577e-01 1.188398e-01 -6.166468e-02 7.095988e-01
-1.854229e-01 3.746437e-01 7.668306e-02 -8.351251e-01 -9.205654e-01 1.335276e+00 2.233076e-03 -1.197783e+00 2.264760e-01 7.295908e-01 -3.657426e-01 -1.250178e+00
-2.705223e-01 2.357765e-01 1.725900e-01 -2.810472e-01 -1.395433e-01 1.915541e+00 8.857698e-01 7.485962e-03 -3.658285e-01 1.895307e-01 1.016741e+00 -2.755117e-01
-7.235680e-02 -3.706826e-01 1.365876e-01 1.037528e+00 7.213439e-01 1.362959e+00 1.669687e+00 1.623789e+00 -2.636015e-01 -2.695949e-01 1.753025e+00 6.594014e-01
4.088429e-01 -3.921936e-01 1.559583e-01 1.253568e+00 -6.280124e-03 -4.785495e-01 4.005726e-01 9.081146e-01 -2.772433e-01 -5.492828e-01 8.769891e-01 6.271008e-01
3.255343e-01 -8.330569e-01 -4.327823e-01 3.216639e-01 -7.724129e-01 -1.998628e+00 6.010255e-01 1.825069e+00 1.999952e-01 3.543413e-01 1.778033e-01 8.512169e-01
5.826763e-01 -2.985836e-01 2.332120e-01 -9.450641e-02 -1.802391e+00 -2.682806e+00 -1.927340e+00 4.914064e-01 -1.525811e-01 1.461222e+00 -2.332475e-01 -5.246799e-02
1.155359e+00 -3.379100e-01 4.577436e-01 4.343016e-02 -2.433428e+00 -3.892860e+00 -3.148785e+00 5.294536e-01 6.673781e-01 7.738269e-01 -6.550585e-01 -3.462045e-02
2.851669e-01 -3.824691e-01 1.347693e+00 -2.379729e-01 -1.471639e+00 -1.142771e+00 -1.523899e+00 9.086706e-01 1.238515e+00 2.319443e-01 -2.636957e-01 -3.653308e-01
-1.629750e+00 -1.169010e+00 -9.849458e-01 -1.472560e+00 -9.812979e-02 1.207361e+00 1.994590e+00 -5.074400e-01 -6.472223e-01 5.252219e-02 -1.787093e-02 1.254458e+00
-1.030808e+00 -1.048967e+00 -7.607752e-01 -5.795107e-02 2.768900e-01 9.172667e-01 3.989963e-01 -4.343468e-01 1.815137e-01 2.320198e+00 2.402697e+00 2.341756e+00
-8.015482e-01 -7.179670e-01 -3.165055e-01 3.240472e-01 8.384250e-01 1.012812e+00 4.962547e-01 6.247386e-01 6.302925e-01 9.475706e-01 2.618390e+00 1.832359e+00
-3.669385e-01 -2.245388e-01 -2.788597e-01 -1.435142e-02 -3.336110e-02 1.384670e+00 6.259139e-01 -3.835132e-01 4.021745e-01 4.396808e-01 1.505704e+00 1.301750e-01
-5.511533e-01 4.003350e-01 2.322390e-01 -2.258678e-01 -1.061746e-01 2.358316e-01 1.480356e+00 1.320670e+00 6.693426e-01 -2.047627e-01 3.103687e-01 -6.787556e-01
-4.582329e-01 8.203907e-01 3.009001e-01 -4.018093e-01 -4.303616e-01 1.660457e-02 2.649526e+00 1.404859e+00 5.202843e-01 -1.374033e+00 -1.469691e+00 1.281573e-01
7.415962e-02 1.306507e+00 1.660316e+00 8.724667e-01 1.820619e-01 -7.682085e-04 1.859112e+00 5.815316e-01 -1.769972e-02 3.387762e-02 -4.189484e-01 1.056523e+00
6.486166e-01 1.002358e+00 1.051890e+00 7.990505e-01 1.290269e+00 1.749581e+00 7.031668e-01 -2.479671e-02 -1.435581e-01 9.766746e-02 3.599887e-01 1.016585e+00
9.409921e-01 6.619604e-01 -2.095592e-01 7.935263e-01 1.121208e+00 1.722483e+00 -5.748188e-01 -4.667250e-01 -3.881498e-01 -5.095069e-01 1.121331e+00 1.622450e+00
2.939579e-01 -3.628238e-01 -4.591666e-01 4.497092e-01 1.755154e-01 4.602589e-01 -6.072441e-01 -6.502385e-02 2.810171e-01 6.060818e-01 8.149014e-02 -1.954103e-01
-4.938609e-01 -1.099524e+00 -9.253181e-01 -1.005994e+00 -5.450243e-01 -9.260748e-01 -5.328485e-01 2.388560e-01 4.433094e-01 1.143233e-01 -8.609878e-01 -7.186701e-01
-9.095548e-01 -1.440089e+00 -2.053527e-02 -2.084607e+00 -1.098088e+00 -1.639264e+00 -5.158615e-01 4.933548e-01 2.026796e-01 -8.124750e-01 -1.621314e+00 -1.010499e+00
-5.988607e-01 -6.586741e-01 -3.797596e-01 -2.509808e+00 -1.662578e-01 -1.485739e-01 -1.500925e+00 -1.196516e+00 5.916395e-02 -1.072284e-01 3.187363e-02 -1.394059e+00
-5.497494e-02 2.799703e-01 -1.010249e+00 -1.422687e+00 -6.347172e-01 2.565472e-01 -1.617618e+00 -9.802452e-01 8.682653e-01 3.300575e-01 2.344035e+00 2.439499e-03
3.000959e-01 6.854410e-01 -6.030028e-01 6.053466e-01 -1.991515e-01 5.845805e-01 -4.625256e-01 1.912913e-01 3.009683e-01 1.626357e+00 1.488424e+00 8.010917e-01
3.252054e-01 3.246742e-01 -6.093333e-02 1.771919e+00 2.077363e-01 1.110493e-01 9.843943e-01 1.465191e+00 -2.334885e-01 1.391698e+00 1.150956e+00 8.787249e-01
2.821196e-01 -7.232127e-02 5.803500e-01 8.324211e-01 1.775146e-01 -2.046970e-01 2.065197e+00 2.279686e+00 -7.749957e-01 -1.562279e+00 -1.478469e+00 1.336750e+00
1.816886e-01 4.134679e-01 1.126117e+00 1.193696e+00 7.666873e-01 -5.797526e-01 7.379522e-01 7.839693e-01 -7.285534e-01 -1.243706e+00 -1.330765e+00 -1.314142e-01
-5.673790e-02 5.960196e-01 1.186184e+00 6.571254e-01 -3.463337e-01 -1.040158e+00 2.673029e-01 -1.829147e-01 8.400618e-02 -6.626350e-01 1.351534e-01 -1.492418e+00
-1.774089e-01 4.047729e-01 6.081963e-01 7.333714e-01 -3.172607e-01 -1.160261e+00 -4.190422e-01 -5.821221e-01 -7.445123e-02 4.260553e-01 4.640977e-01 -1.457751e+00
6.396188e+00 -1.838727e+00 2.100459e+00 3.851377e+00 -1.588176e+00 -2.027014e+00 -2.855206e-02 4.357777e-02 3.114730e-01 2.983988e+00 -9.383006e-01 -1.013219e+00
3.835051e-01 2.640430e-01 -5.946344e-01 -1.007960e+00 9.005119e-01 1.343901e-01 1.908005e-01 1.180009e+00 -8.812095e-01 7.803148e-01 -5.260367e-01 -1.806945e-01
2.511645e+00 3.951135e-01 2.883775e+00 3.177753e+00 2.074280e+00 2.111583e-01 9.935090e-01 1.437909e-01 -9.464224e-01 1.509071e+00 -2.395192e-01 -2.474424e+00
-1.934005e+00 -2.722573e-01 -1.207006e+00 -2.869345e+00 -8.192697e-01 2.389886e+00 2.348626e-01 -1.921214e-01 -1.172037e+00 -1.751230e+00 -4.678296e-01 1.917268e-01
6.252622e-01 4.297670e-01 -8.009489e-01 -5.078980e-01 1.588150e+00 -7.614718e-02 -2.555154e-01 -1.157008e+00 -4.529002e-01 8.442148e-01 8.685063e-01 1.111096e+00
1.197904e+00 2.079086e-01 -8.966147e-01 3.224561e-01 5.890757e-01 4.626564e-01 -2.039777e-01 -2.934846e+00 -2.862934e-01 -4.998817e-02 2.189250e+00 1.993083e+00
-8.921045e-01 1.675177e-01 8.595442e-01 1.171263e+00 2.690268e-01 -2.231449e+00 1.618673e+00 1.462321e+00 1.217028e+00 -8.733523e-01 -1.657569e-01 -1.029757e+00
-1.076925e+00 7.528273e-01 -8.248836e-01 -3.561239e-01 1.241360e+00 -2.088968e+00 1.249940e+00 9.647568e-01 6.798726e-01 9.402157e-01 -1.672937e+00 7.339413e-01
1.419024e+00 3.940074e-01 -7.794223e-01 5.827339e-01 3.133202e-02 8.454617e-01 -8.204924e-01 -3.261298e+00 -7.707449e-01 -5.322630e-01 3.197431e+00 1.857768e+00
-1.051756e+00 3.926604e-01 1.212325e-01 1.542568e+00 1.035487e+00 -2.302052e+00 1.735966e+00 -4.772612e-01 4.637145e+00 -4.649133e-01 -2.780780e+00 3.973863e-02
-1.238533e+00 4.731094e-01 6.845599e-02 1.411606e+00 1.595036e+00 -1.492072e+00 2.034090e+00 -9.874386e-01 3.779110e+00 3.527741e-01 -3.437083e+00 1.353540e+00
-1.531305e+00 -9.768572e-02 -1.815248e+00 -2.601245e+00 -1.591070e+00 3.635190e+00 -2.404312e+00 -2.554702e+00 -1.187127e+00 -2.487254e+00 -1.949214e+00 -1.667985e+00
-8.152837e-01 5.694984e-01 1.381241e+00 2.830606e-01 -8.656775e-01 2.693003e-01 1.422425e+00 7.040039e-01 5.225880e-01 -1.772356e+00 1.971018e-01 -1.574510e+00
-1.846353e+00 1.578538e+00 1.025089e+00 1.679230e+00 2.886366e+00 -2.053739e+00 1.073137e+00 1.858701e-01 -3.867962e-01 1.213410e+00 4.325656e-01 5.916480e-01
-8.253679e-01 3.696116e-01 -2.301826e+00 -1.481939e+00 -8.983440e-01 -9.074436e-01 -4.698885e-01 1.299582e-01 3.170726e-01 -5.522243e-01 -1.687645e+00 5.322117e-01
-1.083937e+00 3.850673e-01 3.904591e-01 2.814085e-01 1.301785e+00 1.845795e-01 1.604838e+00 -5.467147e-01 2.761874e+00 1.698898e-01 -3.086320e+00 1.806334e+00
-1.462126e+00 6.036311e-01 -2.302943e+00 -1.915266e+00 -1.087890e+00 8.100742e-01 -1.368037e+00 -1.694245e+00 4.557431e-02 -2.587872e+00 -2.300288e+00 -1.024062e+00
1.274191e+00 1.628064e+00 -5.294548e-01 8.937641e-02 5.203214e-01 7.531415e-01 -1.617302e+00 -2.052408e+00 -1.588621e+00 -1.830177e+00 4.239428e+00 1.725080e+00
-3.907100e-01 1.781972e+00 1.001363e+00 -7.837752e-01 -9.910627e-02 1.258293e+00 3.267420e-01 -5.695161e-01 5.889902e-02 -1.933794e+00 1.212364e+00 -1.526135e+00
-1.931309e+00 1.948652e+00 2.545787e+00 3.593653e+00 2.560763e+00 4.375051e-01 -1.294937e+00 -1.977045e+00 -1.542872e+00 -6.374355e-02 2.351609e+00 -1.916562e+00
-8.412408e-01 6.937944e-01 7.698058e-01 4.358116e-01 1.379770e-01 2.037525e+00 1.691809e-01 4.874707e-01 9.966739e-01 -1.390059e+00 -7.289926e-01 5.752603e-01
-9.606733e-01 1.428366e+00 1.719662e+00 2.856529e+00 5.825993e-01 1.321811e+00 -1.212894e+00 -9.428876e-01 -1.206008e+00 -1.079697e+00 2.517228e+00 -1.480739e+00
8.996428e-01 2.874476e+00 -5.256290e-01 -3.115098e-01 1.384419e+00 8.837325e-01 -2.039267e+00 -1.717246e+00 -9.137908e-01 -2.312378e+00 3.510093e+00 5.983916e-01
-1.645841e+00 2.392767e+00 2.410052e+00 4.196969e+00 1.943828e+00 1.456543e+00 -1.943249e+00 -2.914964e+00 -3.100661e-01 -1.061761e+00 2.239196e+00 -3.164230e+00
1.704742e-01 2.955333e+00 -3.933205e-02 -7.074000e-01 1.089293e+00 1.558179e+00 -1.564775e+00 -1.261364e+00 -4.616856e-01 -2.142785e+00 2.140369e+00 -5.261653e-01
