2.252071e+00 -2.067867e+00 5.751182e-01 -1.290468e+00 -1.392662e+00 1.913920e+00 6.473829e-01 1.107838e+00 -3.152902e+00 1.967292e+00 -2.647628e+00 1.739774e+00
1.346923e-01 -3.060695e+00 1.233835e-01 -2.208583e+00 -7.046329e-01 1.202772e+00 -8.707150e-01 4.882364e-01 -1.822670e+00 7.918626e-01 -1.703143e+00 6.250101e-01
2.095042e+00 -2.881081e+00 -3.703320e+00 -3.960322e+00 -2.228521e+00 -1.435772e+00 -3.370884e+00 -1.742760e+00 -4.596886e-01 -8.078030e-02 -8.510730e-01 -1.235679e+00
3.989777e+00 -2.112077e+00 -2.339324e+00 -3.409936e+00 -1.712717e+00 -1.623205e+00 -2.457775e+00 -2.440425e+00 -1.471456e+00 4.373296e-01 3.232163e-01 -2.191359e+00
4.113293e+00 3.179729e-02 9.148977e-01 7.647110e-01 -1.231824e+00 1.951380e+00 2.994988e+00 1.491016e+00 -3.381489e+00 3.290813e+00 -1.773902e+00 2.201613e+00
-2.410141e-01 -5.007080e+00 7.038406e-01 5.333714e+00 2.382545e-01 -2.987250e+00 -9.701414e-01 2.326572e+00 1.346282e+00 6.738219e-02 -1.306171e+00 -1.835542e+00
4.913077e+00 7.942243e-02 1.657962e+00 9.535359e-01 5.446243e-03 1.121915e+00 3.286388e+00 1.158854e+00 -2.535301e+00 3.520438e+00 -2.739570e-01 9.120499e-01
-3.379471e-01 -3.773574e+00 7.982826e-03 4.213336e+00 1.234573e-01 -1.471427e+00 -5.749220e-01 5.797476e-01 1.374698e+00 2.671176e-01 1.050896e-01 -1.622231e+00
-3.933014e-01 -9.762473e-01 1.063236e+00 -1.549252e+00 -4.108989e-01 6.768263e-01 -1.861516e+00 -1.923668e+00 -1.970720e-01 -6.313452e-01 5.393556e-01 -8.266008e-01
-1.228335e+00 -2.232045e+00 8.648513e-01 -1.041602e+00 6.806290e-01 9.464098e-01 2.891251e-01 1.762488e-01 1.300096e-01 3.337312e-01 -4.513094e-01 -8.474481e-01
-2.504066e-01 -2.160915e+00 -2.729624e+00 -2.239496e+00 -1.132545e+00 1.984245e-01 -1.431337e+00 8.956292e-02 -2.913086e-01 2.432606e-02 -4.642838e-01 5.620478e-01
4.817403e+00 -1.069734e+00 2.080223e-01 -6.934357e-01 -5.732096e-01 -5.360100e-02 1.180111e+00 -1.072973e+00 -1.606078e+00 2.195723e+00 2.972734e-01 -1.266924e+00
-7.910196e-01 3.124011e-01 3.364509e-01 2.550236e-01 -1.756206e+00 -4.055086e-01 -1.852111e-01 -1.211231e+00 -4.378039e-01 2.468762e-02 4.634643e-02 -1.298820e+00
-3.549526e-01 -7.654451e-01 7.061952e-01 -1.094717e+00 -8.487209e-01 9.880487e-01 -1.134790e+00 -2.413954e+00 -1.234568e+00 -6.017013e-01 8.560880e-01 6.186118e-01
-5.982030e-01 -4.859630e-01 8.708853e-01 7.880509e-01 -1.601769e+00 -6.371921e-01 9.245180e-01 1.470659e+00 3.749128e-01 -2.096828e+00 1.079693e+00 -1.151515e-01
-1.058915e+00 8.254509e-01 3.753960e-01 6.515827e-01 -3.491192e-01 1.048831e-01 -4.766687e-01 -2.413713e+00 -1.346837e+00 1.191803e+00 -3.452351e-01 -7.696695e-01
-1.421712e+00 -5.598701e-01 -5.640829e-01 -5.304669e-01 3.047137e-01 4.127448e-01 1.292665e-01 1.319517e-01 -1.015083e+00 1.256311e+00 5.210620e-01 1.352340e+00
-1.742197e+00 -8.481660e-02 2.196121e-01 2.409682e-01 -4.158561e-01 4.357550e-01 1.349785e-01 -1.041082e+00 -9.245239e-01 1.541087e+00 2.368345e-02 5.558025e-01
8.572965e-01 2.323038e-01 9.847387e-01 1.517396e+00 -5.209975e-01 -1.997417e-01 1.229921e+00 1.616978e+00 3.801319e-01 -1.788666e+00 1.506102e+00 6.825186e-01
-7.053680e-01 -1.216939e+00 5.455519e-01 -1.105058e-01 1.046454e+00 7.542121e-01 -2.226105e-02 6.490248e-02 5.403347e-01 -2.412843e-01 -3.518551e-01 -1.030635e+00
-3.121715e-01 -1.454266e+00 1.241941e+00 1.962663e+00 4.506900e-01 -7.012788e-01 8.092110e-01 2.077563e+00 -5.846223e-01 -6.355090e-01 -1.021542e+00 -3.769774e-01
-2.741554e-01 -6.436304e-01 5.203078e-01 -3.343462e-01 1.025030e+00 -1.287155e+00 -5.814061e-01 1.811010e-01 -2.206597e-02 -1.382332e-01 4.119201e-01 -8.801131e-02
1.513930e-01 8.798097e-01 8.866158e-01 5.704001e-01 1.355754e+00 -9.049681e-01 -1.686917e+00 -8.775101e-01 4.759441e-01 -2.286854e-02 -1.408024e+00 4.845667e-03
3.411265e-01 -7.167419e-01 -8.004628e-01 -1.601217e+00 -1.573359e-01 -1.789176e+00 5.392822e-01 -1.389694e+00 -3.320013e-01 -2.536791e-01 1.361883e-01 5.553553e-01
-1.821966e-01 -6.578776e-01 5.889274e-01 -5.534701e-01 1.671256e+00 -1.816899e+00 -3.601394e-01 3.870220e-01 -5.120802e-02 1.980719e-01 -1.032311e+00 6.954366e-01
1.375792e-01 9.255918e-01 8.738054e-01 5.948402e-01 5.695492e-01 -8.393761e-01 -1.825318e+00 -2.732339e-02 -6.754702e-01 1.863947e+00 1.737628e+00 7.723635e-01
1.618719e-01 1.515957e+00 8.289621e-01 4.529774e-01 1.895156e+00 -6.747246e-01 -6.581920e-01 -4.561038e-01 3.139791e-01 -1.108374e+00 -1.831433e+00 3.327698e-01
1.347306e+00 6.121573e-01 7.266222e-01 1.953309e+00 4.912653e-01 7.303356e-01 2.752212e+00 1.817318e+00 1.830529e+00 3.634877e-02 1.068643e+00 5.563000e-01
-4.205163e-01 4.352341e-02 5.600406e-02 -1.461953e-01 9.986030e-01 -1.374092e+00 -4.673223e-01 1.526213e-01 1.215096e-01 7.346592e-02 3.419723e-01 1.387075e-01
1.229895e+00 5.095970e-01 2.396674e-01 4.157246e-01 1.422853e-01 -2.033728e+00 -9.738965e-01 -2.410841e+00 -1.732575e+00 -1.664438e+00 2.101077e-01 -8.054856e-01
-4.345470e-01 -9.984617e-02 -1.162461e-01 -7.342500e-01 -1.550622e+00 1.580389e-01 3.557382e-02 -6.747378e-01 -1.358032e+00 -3.658529e-01 4.060091e-01 9.974988e-01
1.745574e-01 -5.278298e-01 5.885918e-02 5.171940e-01 9.032739e-01 -1.091874e+00 -1.120117e+00 8.445822e-01 5.783640e-01 -2.624177e-01 -1.338309e+00 3.277619e-01
2.026939e-03 -3.070897e-01 2.336525e-01 8.380779e-01 1.186771e-01 -3.621995e-02 -2.067589e-01 9.437394e-02 1.119651e+00 5.933995e-01 -8.872529e-01 -8.975878e-01
1.183056e-01 -5.089102e-02 -6.691281e-01 1.280454e+00 -4.647836e-01 7.492481e-01 -3.811034e-01 -4.913025e-01 9.959565e-01 -8.475364e-01 4.971629e-01 -1.462089e+00
-1.010009e-01 -1.815793e-01 4.059977e-01 -3.186991e-01 8.683538e-01 -2.217270e-01 -1.780295e+00 1.691088e-01 5.526489e-01 9.737323e-02 -1.058081e+00 -1.088808e+00
4.195667e-01 8.726646e-01 2.170301e-01 -3.508242e-01 -8.371832e-01 2.426104e-01 2.670337e-01 1.525155e-01 5.805240e-01 -1.582270e+00 -9.209286e-01 -7.773005e-01
1.260787e+00 1.050439e+00 -7.673937e-01 1.793910e+00 2.214056e+00 1.204174e+00 1.860617e+00 1.358283e+00 2.156288e+00 9.223547e-01 -1.013674e+00 -3.319966e-01
4.414220e-01 4.222569e-01 1.079325e+00 6.977150e-01 -6.131382e-01 -2.037263e+00 -2.204904e+00 -1.257240e+00 -9.079543e-01 -1.593380e-01 1.082699e+00 8.881847e-01
8.373423e-02 3.164777e-01 -3.370632e-01 -1.104691e+00 -3.080099e-01 1.781988e+00 3.412398e+00 1.489257e+00 6.649750e-01 -6.103402e-01 -2.819216e-01 -8.522853e-01
-6.402159e-02 3.052417e-01 8.663853e-01 -5.564038e-01 -2.820150e-01 -1.057600e+00 -9.176701e-01 -1.208488e-01 -4.929365e-01 8.496420e-01 5.833465e-01 1.984109e+00
-7.412940e-01 -6.835143e-01 -1.209180e+00 -7.044773e-02 1.092591e+00 1.654646e+00 2.001389e+00 2.163110e+00 1.402377e+00 2.562461e+00 1.236431e+00 4.825975e-01
6.778965e-02 4.306587e-01 8.534921e-01 1.033611e-01 9.553967e-01 -8.631134e-03 -1.800785e-02 7.983000e-01 -1.082898e+00 1.062388e+00 1.930890e+00 1.481134e+00
-9.885182e-02 8.594704e-02 -3.105169e-01 1.801514e-01 5.092570e-01 9.194857e-01 -2.017160e-01 1.152740e-01 7.749423e-01 -5.164831e-01 -6.993751e-01 -3.615211e-01
5.403305e-01 7.741579e-01 1.438784e-01 -7.137988e-01 -8.086513e-01 8.977124e-01 1.855205e+00 3.893598e-01 5.960099e-01 -1.972807e+00 -1.253640e+00 -9.238756e-01
-8.912621e-02 -4.090123e-02 7.745877e-01 5.885805e-01 1.164621e-01 -4.610300e-02 -4.243820e-02 3.698953e-01 1.298731e-01 -1.410998e+00 -1.122853e+00 -3.331657e-01
2.540509e-01 3.141987e-01 9.800043e-01 3.549324e-01 7.437516e-01 -7.247912e-01 -1.010963e+00 1.372006e+00 6.729855e-02 -7.067979e-01 -1.987295e+00 -4.677420e-01
1.546768e-01 1.079929e+00 6.816312e-01 -1.386362e-01 2.812509e-01 7.188885e-01 7.608928e-01 6.236262e-02 1.005733e-01 -9.022579e-01 -2.591976e-01 1.107224e+00
-1.105570e-01 6.120518e-01 4.028863e-01 -7.979359e-02 2.448160e-01 -7.364138e-01 -9.028928e-01 -4.311311e-01 3.074867e-01 1.481151e+00 6.390919e-02 1.508205e+00
-3.917875e-02 2.642742e-01 -1.022259e+00 -2.256072e-01 2.995363e-01 -1.002530e-01 -4.755197e-01 -5.547128e-02 5.594141e-01 1.393835e+00 6.884888e-01 -9.354836e-01
2.613794e-01 4.219189e-02 3.382180e-01 -1.560818e-01 3.403412e-01 1.474613e+00 1.513930e+00 8.136579e-01 -1.320705e+00 2.574558e-01 6.829624e-01 -6.384749e-01
7.912149e-02 3.306971e-01 5.526698e-03 2.732050e-03 3.362001e-01 7.047485e-01 4.794110e-01 4.238482e-01 4.522901e-01 -5.179106e-01 -5.064106e-03 -9.459649e-01
3.967752e-01 -6.893339e-02 -8.243276e-01 -6.663827e-01 3.200538e-01 4.681873e-01 -2.828019e-02 -3.485677e-01 -7.087790e-01 -2.983733e-01 1.556819e+00 1.429893e+00
-1.404586e-01 1.106706e-01 3.448423e-01 2.901481e-01 5.520562e-01 -1.008349e+00 -7.791414e-01 -2.386468e-01 1.163263e+00 -1.738486e-01 4.428541e-01 -1.938695e-01
9.409628e-02 2.886229e-02 1.644171e+00 4.541852e-01 9.232879e-03 -2.076925e-01 2.112021e-01 1.529852e+00 7.530334e-01 -9.784297e-01 -1.124039e+00 5.976264e-01
5.784321e-01 -2.686740e-01 -2.652926e-01 1.276024e+00 1.307904e-01 -6.387167e-02 -1.310001e+00 3.865242e-01 1.480423e+00 -6.060506e-01 -8.280327e-01 -6.444694e-01
1.734656e-01 -3.561938e-01 -9.338987e-01 1.215675e-01 2.695755e-01 1.479221e+00 2.832700e-01 -2.300501e-01 9.997533e-01 5.262221e-01 1.555903e+00 4.521948e-01
1.799531e-02 -8.394095e-01 2.099460e-01 6.089400e-01 -8.072274e-01 -1.624452e-01 -9.390017e-01 -5.621718e-01 8.381799e-01 3.141349e-01 1.372470e+00 1.269627e-01
1.026666e-01 4.807200e-01 -4.160719e-02 -3.732567e-01 4.941854e-01 3.441056e-01 -6.345061e-01 -1.099323e-01 1.044885e+00 1.072519e+00 -2.623495e-01 1.156568e+00
2.248532e-01 7.152605e-02 7.178299e-01 -2.961587e-01 -1.007090e+00 5.653253e-01 2.446253e-01 4.557559e-01 -2.534748e+00 -6.129830e-01 -9.686719e-01 -1.765581e+00
3.260121e-02 -5.853235e-01 1.618076e-01 3.698654e-02 -1.508658e+00 -3.153789e-01 -2.018023e-01 -8.489439e-01 -1.569420e-01 -2.832896e-01 2.106378e+00 6.286749e-01
5.860639e-02 2.741450e-01 1.320411e-01 8.499158e-01 8.222203e-02 -9.941108e-01 -9.695953e-01 -1.715609e-01 1.177750e+00 3.199925e-01 -4.538099e-01 6.023535e-01
-5.255507e-01 1.683927e+00 6.557072e-01 6.901726e-01 1.741594e+00 7.229174e-01 6.023293e-01 6.210810e-01 7.062378e-01 -4.246931e-02 3.288138e-01 1.883593e+00
3.383620e-01 2.999285e-01 -6.144784e-01 -3.552976e-01 4.588299e-01 -2.852723e-01 -1.719266e-01 -3.249828e-01 5.203217e-01 -6.802285e-03 -9.030506e-01 8.652372e-01
5.094169e-01 1.098374e-01 -6.944143e-01 1.613644e+00 -9.234791e-02 4.204189e-01 -8.951341e-01 1.925125e-01 1.097173e+00 -8.220187e-01 -4.387837e-01 -8.412973e-01
-4.478709e-01 -8.657726e-01 -1.182423e+00 -7.535408e-01 8.969545e-03 1.445133e+00 1.938800e+00 1.398238e+00 1.403208e+00 1.122902e+00 4.087516e-01 2.612835e-02
-2.449469e-01 3.530914e-01 7.337118e-01 -4.238264e-01 -4.692714e-01 1.161059e-01 3.392287e-01 -3.010112e-01 -1.308389e+00 -1.162122e+00 -7.955149e-01 -5.403607e-01
4.070645e-01 3.187994e-01 5.895789e-02 1.336504e+00 -3.078420e-01 -1.446515e+00 -5.982004e-01 -6.887082e-01 1.701405e+00 1.991384e-01 -6.514279e-01 9.338608e-01
-1.217332e+00 -2.163090e+00 -1.958832e+00 -4.128762e+00 -2.357807e+00 -1.561249e+00 7.326137e-01 -6.853776e-01 -1.700960e-01 1.701756e-01 1.775725e-01 1.230663e+00
5.706189e-01 4.140400e-01 -3.022075e-03 1.566111e+00 -4.929522e-01 -1.637743e+00 -4.477604e-01 -4.643382e-01 1.548729e+00 -1.375364e-01 -3.319201e-01 7.941888e-01
-1.241442e-01 1.430603e+00 -8.452120e-02 -1.714341e+00 -7.831128e-02 1.231676e+00 1.167845e+00 -8.386053e-01 -1.329338e+00 -7.452825e-01 -1.120618e-01 7.205251e-01
2.841503e-01 6.757300e-01 -1.267623e+00 -3.595512e-02 -2.734540e-01 3.422417e-01 1.172651e+00 1.444533e+00 -6.290113e-01 -7.556025e-02 -1.050156e+00 9.308110e-02
4.061784e-01 7.715141e-01 -1.282567e-01 1.424237e+00 -2.790373e-01 -1.798313e+00 -6.224849e-01 1.781008e-01 7.850162e-01 -2.060273e-01 9.943247e-02 4.808238e-01
1.107949e+00 1.332088e+00 3.809504e-01 6.913372e-01 -2.149696e-01 -8.303818e-01 -1.157183e-01 -1.217225e+00 -7.989538e-01 -5.032572e-01 3.139847e-01 -1.574664e+00
4.788277e-01 4.747305e-01 4.005415e-02 1.069520e+00 1.016931e+00 -2.007115e+00 -5.075353e-01 4.149662e-01 -3.920012e-01 -3.216036e-01 7.503778e-01 6.578122e-02
-4.383369e-01 2.854190e+00 1.830110e+00 1.647615e+00 2.432569e+00 1.694521e+00 1.223144e+00 1.258854e+00 2.676620e+00 2.477822e+00 1.265176e+00 4.002606e+00
-9.695101e-02 3.087255e+00 -1.256061e+00 -3.070572e+00 1.013872e-01 1.547628e+00 8.926687e-01 -2.361611e+00 -9.768813e-01 9.917719e-01 7.108706e-01 5.175033e-01
2.657259e-01 9.408585e-01 -7.303834e-04 1.441984e+00 1.166445e+00 -1.298252e+00 -1.342246e-01 -1.132129e+00 -2.779079e-01 -2.434026e-01 8.689876e-01 4.074177e-01
9.601983e-01 1.328460e+00 -2.219465e+00 1.127159e+00 1.685645e+00 1.668303e+00 2.027370e+00 1.210244e+00 1.303968e+00 1.511234e+00 -1.771723e+00 -8.818521e-01
-2.427072e+00 -1.887510e+00 -2.194458e+00 -4.650827e+00 -2.616681e+00 -6.685145e-01 -5.768820e-01 6.394682e-02 4.847217e-01 -1.439045e+00 -9.753591e-01 4.017345e-01
8.794409e-01 2.128304e+00 2.099541e-01 9.671741e-01 2.777600e-02 1.834046e-01 -3.600800e-02 -3.831329e-02 -2.217906e-01 1.262902e+00 3.870524e-01 8.596548e-01
-9.104824e-03 1.874673e+00 -1.332282e-01 1.913292e+00 1.194081e+00 -1.359474e+00 7.410073e-02 -1.993128e+00 3.207058e-01 -2.996781e-01 1.030358e+00 2.817147e-01
2.320781e-02 2.413066e+00 1.011176e+00 1.573594e+00 1.964747e+00 1.700033e+00 1.193394e+00 7.466129e-01 1.484681e+00 3.916241e+00 1.896441e+00 3.417335e+00
1.623094e-01 4.794184e+00 -1.091708e+00 -4.935441e+00 1.660373e-02 3.541888e+00 1.821206e+00 -2.245674e+00 -9.673967e-01 8.800467e-01 1.055470e+00 2.183942e+00
-3.667638e+00 -1.791638e+00 -4.928389e-01 -2.647476e+00 -1.404174e+00 2.221321e+00 -7.712905e-01 2.442440e+00 1.493768e+00 -2.498470e+00 -1.400165e+00 -2.007581e+00
-2.439177e-01 3.307764e+00 -2.534045e-01 1.590612e+00 2.002442e+00 -1.739788e+00 7.687625e-01 -1.902501e+00 1.080036e+00 -1.385696e+00 1.567314e+00 6.499213e-01
-3.886740e+00 -5.779780e-01 1.811726e+00 8.149697e-01 -2.798468e-01 4.803846e+00 -2.752757e-01 2.235922e+00 5.758955e-01 -2.854686e+00 -7.281407e-01 -3.211922e+00
-1.938810e+00 2.779736e+00 1.576307e+00 1.962280e+00 2.288649e+00 2.558849e+00 1.890130e+00 1.839188e+00 -2.908214e-02 -2.129627e+00 1.943639e+00 -2.088341e+00
-1.028922e+00 4.034850e+00 2.560626e-01 1.846245e+00 1.499179e+00 -2.103027e-01 1.113845e+00 -8.595501e-01 6.667584e-01 -1.276541e+00 2.528491e+00 -5.678029e-02
-3.003775e+00 1.328923e+00 2.198900e+00 2.184829e+00 2.021510e+00 5.084245e+00 1.303163e+00 2.395160e+00 8.023177e-01 -2.743944e+00 5.019306e-01 -2.750413e+00
