3.534208e+00 4.213921e-01 2.639039e-01 -1.127712e+00 -2.662627e+00 -2.884814e-01 -2.178123e+00 1.340513e-02 -2.238867e+00 -5.133956e-01 7.658398e-01 7.446625e-01
2.400250e+00 -3.548383e-01 7.985313e-02 -1.695349e+00 -2.692685e+00 -1.606850e+00 -1.060321e+00 -2.450768e+00 -2.641608e+00 -2.381979e+00 1.057416e+00 7.789761e-01
4.337510e+00 8.560616e-01 6.923283e-01 2.986333e-01 -1.162360e+00 1.535395e+00 -1.556763e+00 2.886375e+00 -2.189344e+00 1.915167e+00 3.085876e-01 1.045035e+00
-1.121379e+00 -2.936164e+00 -7.852045e-01 -8.526027e-01 -5.776845e-01 -1.723268e+00 4.114867e-01 -2.389063e+00 -6.974958e-01 1.039262e+00 -1.038274e+00 -1.654003e+00
4.068834e-01 -1.310191e+00 -3.690791e-01 -8.523872e-02 -1.796553e+00 -2.041363e-01 3.621626e-02 -9.673934e-01 -1.192820e+00 -9.823543e-01 1.187846e+00 5.180765e-01
3.465496e+00 1.788594e+00 1.121534e+00 7.808985e-01 -9.784579e-01 6.798133e-01 -4.780503e-01 2.930920e+00 4.920894e-01 2.491959e+00 -7.238814e-01 8.780899e-01
7.114813e-01 -1.782195e+00 -2.094814e+00 -3.286638e+00 -3.858607e-01 -1.312597e+00 1.032737e+00 -1.742020e+00 -7.582558e-01 5.381041e-01 -2.258966e+00 -2.134495e+00
-3.256554e-01 1.792104e+00 4.846792e-01 1.521340e+00 7.634689e-01 9.747463e-01 5.399175e-01 -3.149962e-01 -3.377935e-01 -7.668716e-01 -1.384874e-01 -9.291470e-04
-1.431228e+00 -2.795557e+00 -1.242040e+00 6.763841e-01 -1.904498e-01 -3.148587e-01 -4.725057e-01 -1.481827e+00 -3.993543e-01 1.525645e+00 1.778522e+00 -6.255006e-01
1.676995e+00 5.431597e-02 9.734154e-04 2.759458e+00 -2.832531e-01 1.066405e+00 2.166377e+00 1.935208e+00 4.312906e-01 2.297857e+00 4.829979e-02 7.651112e-01
-1.363836e-01 -1.257467e+00 -1.542141e+00 1.983273e+00 2.221673e-01 -2.159145e+00 -1.761953e-01 -3.637155e-01 2.262156e+00 -2.236764e+00 4.946194e-02 1.204346e+00
-6.693404e-01 -1.475577e+00 -1.300167e+00 1.293369e+00 -6.049490e-01 6.382861e-01 -1.340555e+00 1.906489e-01 -3.628166e-01 3.139134e-01 1.899498e+00 -6.162999e-01
1.850190e+00 -1.029280e+00 -2.393840e+00 -1.625437e+00 -3.092073e-01 1.038283e+00 1.614452e+00 -5.733627e-01 -3.609519e+00 -1.232654e+00 -1.790024e+00 -2.182382e+00
3.351443e-01 1.968609e+00 1.450008e+00 1.373988e+00 1.192044e+00 1.360826e+00 1.776699e+00 1.437901e-01 -1.571588e+00 -1.108201e+00 -2.307969e-01 -6.435257e-01
-2.698517e-01 -1.182088e+00 -9.596548e-01 1.218457e+00 -3.777286e-01 -1.459785e+00 8.685310e-01 7.825340e-01 1.724512e+00 -1.728764e+00 2.005276e-01 2.199807e-01
-6.958140e-01 -7.722416e-01 -7.152302e-01 8.646994e-01 -5.337997e-01 -8.488961e-02 -1.354794e+00 4.485215e-01 5.116031e-01 5.747489e-01 1.793618e+00 -1.809451e-01
1.108439e-01 9.358525e-03 2.335946e-01 -2.052549e-01 -1.218435e+00 4.208865e-02 -3.887410e-01 -6.646675e-02 -2.928608e-01 -7.877025e-01 6.011588e-01 7.030379e-01
2.621485e+00 -2.423282e-02 -2.185627e+00 -3.980374e-02 -9.501756e-01 1.385931e+00 2.409721e+00 -6.997222e-01 -3.477277e+00 -1.770215e+00 -8.455287e-01 -5.089070e-01
3.335983e-01 1.124485e+00 1.265645e+00 9.127515e-01 -1.160695e-01 -3.818556e-01 -1.215182e-01 -1.450494e+00 -3.923653e-01 8.157427e-01 -2.705727e-01 8.964974e-01
5.603818e-01 1.648720e+00 1.545845e+00 6.679815e-01 -6.727171e-03 -1.355564e+00 -6.454940e-01 1.007869e+00 -2.220932e-01 -4.610667e-01 2.224153e+00 6.727064e-01
4.637428e-01 -6.231213e-03 -5.781027e-01 -3.347581e-01 -6.873928e-01 -4.237768e-01 -8.849646e-01 -1.668263e+00 -1.375590e+00 -1.453439e+00 2.415206e-01 -7.948726e-01
3.937649e-01 7.312379e-01 8.172723e-01 8.146175e-01 -2.578707e-02 7.994955e-01 1.732769e+00 7.459335e-02 3.822145e-01 6.397685e-01 -9.058942e-01 -4.941035e-01
2.313024e+00 9.909292e-02 -1.276901e+00 1.554929e+00 -3.216808e-01 9.103211e-01 3.242605e+00 -1.936566e-01 -1.897313e+00 -4.111342e-01 2.780526e-01 1.407472e+00
1.174344e-01 4.104017e-01 1.222610e-01 -5.262987e-01 -1.143521e-01 -4.342266e-01 -3.631246e-01 9.123609e-02 -5.090429e-01 -6.740584e-01 5.038390e-02 8.027722e-01
-9.885941e-02 -3.398928e-01 1.955998e-01 -3.294301e-02 -5.541446e-01 4.807242e-01 7.511900e-02 5.190263e-01 2.373801e+00 3.111200e+00 1.453809e+00 9.574461e-01
2.289326e-01 -2.375020e-01 -8.440892e-01 2.392924e-01 6.700015e-01 -3.636190e-01 -3.121220e-01 -9.105210e-01 1.265705e+00 -2.840689e+00 -3.057644e-01 5.305064e-01
7.388865e-01 1.397873e+00 9.963940e-01 -2.323828e-02 -1.654431e+00 -2.400918e+00 -1.204890e+00 -1.319169e+00 -1.925812e+00 -1.230976e+00 1.047851e+00 5.125613e-01
4.345828e-01 -7.058497e-02 -5.856048e-01 -8.243667e-01 -2.341857e-02 7.224014e-02 -6.194434e-01 5.090691e-01 -2.578374e-01 -1.296480e+00 -2.578992e-01 -5.463627e-01
-4.382647e-01 -2.612801e-01 4.336382e-01 1.322068e-01 -1.257764e+00 -1.003026e+00 7.915208e-01 2.785451e-01 -7.222352e-01 9.098957e-02 -1.884233e+00 -6.767328e-01
-5.140564e-01 -1.836746e-01 3.480542e-01 4.438305e-01 -1.206410e+00 -1.274556e+00 5.159546e-01 1.000980e+00 1.278976e-01 1.402701e+00 -7.483757e-01 -5.703090e-01
4.167958e-01 5.372081e-01 5.840583e-02 2.655549e-02 -1.787186e+00 -8.367223e-01 1.577882e+00 -7.669887e-01 -9.383543e-01 -6.116562e-01 -1.787639e+00 5.219636e-03
-2.280012e-01 -2.886551e-01 8.521263e-02 1.064690e-01 -8.458596e-01 -1.690684e-01 1.258069e-01 -6.031326e-01 -8.784367e-01 2.426126e-01 -1.356525e+00 2.438838e-01
3.783127e-01 3.901386e-01 -1.564200e-01 6.586886e-03 -1.397430e+00 -8.844780e-01 4.909559e-01 -2.451458e-01 -1.017941e-01 3.473826e-01 -2.954586e+00 4.224213e-01
-4.571743e-02 -5.876914e-01 7.652234e-01 1.567107e-01 -2.597789e-01 1.353534e+00 3.533052e-01 1.380077e+00 2.514224e+00 2.013141e+00 2.945240e-01 1.595319e+00
3.024723e-01 2.449240e-01 3.380504e-02 -1.862105e-01 -1.651872e+00 -8.925326e-01 5.691534e-01 -1.647436e+00 -2.193875e+00 -1.248932e+00 1.074723e+00 1.567205e-01
-1.291060e-01 1.056695e+00 9.713592e-02 -4.352846e-01 -1.934438e-01 -9.005524e-01 -7.521535e-02 3.002739e-01 1.471670e-01 -1.378104e+00 -1.795042e-01 5.377724e-01
-2.674227e-01 -2.422765e-01 2.718416e-01 2.917434e-01 -1.012493e+00 -1.294164e+00 2.216589e-01 1.542796e+00 9.444391e-01 8.476080e-01 3.532512e-01 1.143014e-01
3.042944e-01 -8.687238e-02 -4.911784e-01 -1.108308e+00 -1.742563e-01 3.200527e-01 -7.503899e-01 7.552928e-01 4.740493e-02 -1.578061e+00 -1.555690e+00 -6.254635e-01
2.438237e-01 1.603974e+00 9.644859e-01 -9.852179e-01 1.425067e-01 2.194713e+00 1.653563e-01 -1.365153e+00 -1.430128e+00 1.144241e+00 -5.888150e-02 -9.176852e-01
1.093272e-01 3.508428e-01 -9.679718e-02 -5.322875e-01 8.690090e-02 7.298881e-01 2.766677e-01 9.048106e-01 4.208597e-01 7.743039e-01 -1.705170e+00 7.357809e-01
7.653205e-01 4.711111e-01 2.361253e-01 1.831198e-01 -1.327965e+00 -1.428072e+00 8.671154e-01 -8.674948e-01 -1.484817e+00 -6.870410e-01 -9.829313e-01 1.150466e-01
2.143008e-01 -5.763616e-02 -7.389569e-02 -5.889265e-01 -3.430463e-02 6.810441e-01 8.094780e-01 1.833861e+00 6.510804e-01 -6.857711e-01 -1.809916e+00 -4.983214e-01
5.274892e-03 -2.359877e-01 9.165764e-03 -4.325841e-01 1.458739e+00 1.345021e+00 1.517557e+00 1.205285e+00 9.105535e-01 -5.587228e-01 -1.524846e+00 -9.147337e-01
-7.903449e-02 3.629672e-01 2.659137e-01 1.511093e-01 8.901167e-03 1.441767e-01 -9.569550e-03 -2.005084e-01 -2.495871e-02 8.488296e-01 1.222604e+00 7.579260e-01
-6.982331e-02 1.271022e+00 5.807132e-01 -6.351584e-01 -6.869673e-01 -1.352770e+00 1.234973e+00 -1.822298e-02 1.484722e-01 -1.515096e+00 -3.466260e-01 4.361523e-01
2.059640e-01 1.184824e+00 6.554914e-02 -4.825301e-01 -1.111998e+00 -7.978441e-01 1.714092e+00 2.948698e-01 -9.133889e-01 -1.291535e+00 -1.757975e-01 9.190197e-01
7.044900e-01 7.780142e-01 6.066520e-01 7.329167e-01 1.094991e+00 7.932206e-01 4.124665e-01 7.552563e-01 -1.265211e+00 -9.959051e-01 -7.584882e-01 -1.463899e+00
-1.460925e-01 7.990874e-01 4.299765e-01 4.904438e-01 -6.697437e-01 -2.157916e+00 -1.830086e+00 -1.264042e+00 -1.118128e+00 1.196420e+00 8.184450e-01 3.888459e-01
4.873981e-01 1.423926e+00 -4.374600e-01 -1.142793e+00 -2.166805e-02 -3.136805e-01 1.338960e+00 5.869714e-01 -1.498205e+00 -1.175814e+00 -1.709742e-01 7.548765e-01
5.736061e-01 1.470031e+00 -2.847129e-01 -2.111207e+00 5.633067e-01 1.240022e+00 7.978767e-01 -4.263504e-01 -1.159084e+00 -1.021930e+00 1.542184e-01 3.854377e-01
3.084491e-01 1.117008e-01 -1.071367e+00 -1.036114e+00 -8.949503e-01 -5.314339e-01 3.168917e-01 1.270162e+00 9.886223e-01 6.326213e-01 -2.971844e+00 7.077621e-01
-7.062675e-01 9.456877e-01 2.054338e+00 4.967986e-01 2.061265e+00 -1.554147e+00 -3.067888e+00 1.785228e+00 1.488959e+00 4.246770e-01 3.161866e+00 1.426903e+00
3.876089e-01 4.493753e-01 -5.217379e-01 -6.367854e-01 6.868502e-01 8.582584e-01 -2.006708e+00 -1.812391e+00 -6.125009e-02 5.249869e-01 8.912144e-02 -5.066572e-01
-3.480371e-01 3.463459e-01 2.309159e-01 3.095150e-03 5.442870e-01 -6.478512e-03 -4.958684e-01 -1.488514e+00 -9.338873e-01 -2.370318e-01 2.159667e+00 1.399643e+00
-4.384390e-01 -2.742915e-01 -6.958961e-02 -2.187404e-01 7.474520e-01 -3.411942e-01 -7.783586e-01 -6.861827e-01 -1.235164e-01 8.387989e-01 1.832997e+00 -1.967931e-01
-3.373830e-01 3.910293e-02 -3.709971e-01 9.157669e-01 1.812023e-01 -2.345736e-01 -1.270346e+00 -9.236071e-02 -6.522163e-01 1.014708e+00 4.644563e-01 3.118280e-01
2.153141e-01 -4.865769e-01 -3.307416e-01 8.123547e-01 -2.126038e-01 -3.429461e-02 8.582816e-01 -5.182586e-01 -9.908401e-01 -9.390045e-01 -2.239422e+00 1.688519e-01
2.436295e-01 1.397809e+00 4.938641e-01 -1.161120e+00 5.414907e-01 1.050012e+00 6.100549e-01 -1.347075e+00 3.660643e-01 -6.760036e-01 -7.092978e-01 -5.523999e-02
-2.718498e-01 -7.774236e-01 -1.037414e+00 -9.072987e-01 7.536116e-01 4.298356e-01 1.764554e-01 9.165342e-02 5.900780e-01 -2.709530e-01 -1.920300e-01 -1.098995e+00
-6.744894e-01 -7.299203e-01 -4.049533e-01 8.379785e-01 1.089956e+00 8.172454e-01 -9.524452e-01 1.263992e+00 5.811728e-01 1.678576e-01 -1.044263e+00 6.964590e-01
6.155075e-01 1.350079e+00 9.201824e-01 -2.150548e+00 -2.623294e-01 2.099390e+00 -2.344928e+00 -2.273713e+00 -2.415448e+00 1.690446e+00 2.276764e-02 -3.166540e-01
-1.293120e-01 1.627405e+00 1.457330e+00 -1.337019e-01 -1.500255e-01 -5.357571e-02 1.931535e+00 -2.359670e+00 2.568759e+00 -7.881140e-01 -1.669310e+00 -1.454234e+00
1.196019e+00 3.264184e-02 1.050425e+00 -5.921196e-01 1.672043e-01 5.884740e-01 -9.789882e-02 6.593443e-01 -1.193897e+00 -4.939482e-01 -1.704419e+00 -1.540999e+00
8.276529e-01 -5.968070e-01 1.070479e+00 -7.171353e-01 -9.015068e-02 1.145784e+00 4.659011e-01 4.933017e-01 1.826610e-01 2.222021e+00 -6.065343e-01 -5.775253e-01
-1.811551e+00 1.307200e-01 1.961065e+00 5.786957e-01 2.658765e+00 -1.417468e+00 -3.482535e+00 5.114393e-01 1.838483e+00 2.785453e-01 2.322214e+00 7.478884e-01
-5.785878e-01 1.784834e+00 1.660727e+00 7.943574e-01 3.196426e-01 -1.162696e+00 2.716141e+00 -2.178358e+00 3.708991e+00 -1.080737e+00 -2.376342e+00 -2.076751e+00
-1.102634e+00 -1.573646e+00 -2.571852e-01 1.194447e+00 4.784566e+00 1.818119e+00 -1.118876e+00 3.360919e+00 3.020435e+00 -7.696974e-01 -2.161328e+00 -1.254423e+00
-1.115801e+00 -3.515746e-01 6.850742e-01 1.135105e+00 4.473254e+00 1.458481e-01 7.224790e-01 1.394471e+00 4.185966e+00 -9.148194e-01 -1.836574e+00 -2.439659e+00
-1.468966e+00 -2.000935e+00 -8.621967e-01 1.196663e+00 2.480458e+00 3.201801e+00 -1.981507e+00 3.326845e+00 1.996468e+00 -9.815246e-01 -7.830824e-01 -6.630187e-01
-9.817473e-01 1.009798e+00 1.230379e+00 1.767538e+00 2.342773e+00 -2.117310e+00 1.820831e+00 -6.817572e-01 4.251921e+00 -9.559224e-02 -2.367684e+00 -2.311161e+00
-2.137079e+00 -4.599004e-01 4.221089e-01 6.074861e-01 1.655057e+00 -1.183329e+00 -3.023370e+00 8.655044e-01 9.263985e-01 6.769580e-01 2.081048e+00 9.086602e-01
-2.040910e+00 -1.160751e+00 -5.806459e-01 2.031878e-01 1.514827e+00 1.492044e+00 -3.675838e+00 1.367043e+00 7.660349e-01 -1.018313e+00 7.124011e-01 2.318749e-01
