1.508288e+01 -1.590480e+00 -1.262460e+00 -1.978409e+01 -2.295172e+01 7.373994e+00 -1.001837e+01 -1.269494e+00 -1.394741e+01 5.637037e-01 -7.250505e+00 -9.635736e+00
1.475853e+01 6.010026e-01 -1.209880e+00 -2.030714e+01 -2.183247e+01 1.021464e+01 -9.009588e+00 -1.511033e+00 -1.108035e+01 -1.208843e+00 -3.088659e+00 -1.011996e+01
1.482057e+01 5.089241e-01 -1.056420e+00 -2.096556e+01 -2.238853e+01 1.013533e+01 -8.778357e+00 -1.199712e+00 -1.090118e+01 -2.919221e+00 -4.502691e+00 -8.710797e+00
1.517768e+01 -7.753757e-02 5.853682e-01 -1.734413e+01 -2.177019e+01 7.842029e+00 -1.130286e+01 2.368104e+00 -1.186992e+01 7.505017e-01 -3.836235e+00 -6.937581e+00
1.520452e+01 7.147217e-01 -8.098698e-01 -2.027658e+01 -2.272506e+01 1.007600e+01 -6.851195e+00 -4.219513e-01 -9.265565e+00 -4.073194e+00 -3.752237e+00 -1.089947e+01
1.467705e+01 1.966660e+00 -2.352066e-01 -2.068335e+01 -2.019148e+01 7.977400e+00 -2.024109e+00 -4.963303e-01 -7.935086e+00 -2.107557e+00 -5.113046e+00 -9.839205e+00
1.539306e+01 1.902288e+00 5.011179e-01 -2.021475e+01 -2.217990e+01 9.907959e+00 -3.856358e+00 3.054533e-01 -5.500366e+00 -3.405660e+00 -4.455319e+00 -9.726114e+00
1.439480e+01 5.963874e-01 3.646795e+00 -1.954659e+01 -2.228323e+01 6.283399e+00 -1.249853e+00 4.263856e+00 -6.442938e+00 6.322479e-01 3.371033e+00 -6.890868e+00
1.560402e+01 2.118343e+00 1.424464e+00 -2.050213e+01 -2.330522e+01 9.833975e+00 -6.316395e+00 -1.840804e-01 -4.266765e+00 -3.990963e+00 -2.448903e+00 -1.202645e+01
1.558109e+01 4.226954e+00 1.056207e+00 -1.995473e+01 -2.185423e+01 9.089780e+00 -5.142446e+00 -3.674951e-01 -3.111701e+00 -3.544030e+00 -1.690786e+00 -1.001086e+01
1.521207e+01 2.374681e+00 5.088197e+00 -2.062249e+01 -2.327337e+01 3.771672e+00 -1.479826e+00 2.601861e+00 -2.133531e+00 -1.628576e+00 3.089722e+00 -7.105763e+00
1.528276e+01 4.779365e+00 1.515160e+00 -1.994903e+01 -2.022455e+01 5.915559e+00 -4.239254e+00 3.561442e-01 -3.413602e+00 -2.615933e+00 -1.457356e+00 -9.477647e+00
1.328588e+01 -1.294622e+00 3.228079e+00 -2.098724e+01 -1.903445e+01 6.175743e+00 2.104872e+00 2.900400e+00 -7.756202e+00 -1.702092e+00 3.702595e+00 -4.538056e+00
1.536289e+01 3.838167e+00 4.154386e+00 -2.083553e+01 -2.019890e+01 1.393739e+00 -4.725833e-01 1.037788e+00 -8.389966e-01 -2.496064e+00 1.611593e+00 -6.439249e+00
1.565784e+01 4.989619e+00 2.541560e+00 -1.969094e+01 -2.202529e+01 7.038635e+00 -3.711192e+00 1.448183e-01 -1.909096e+00 -4.695382e+00 9.910894e-01 -9.498593e+00
1.288725e+01 -1.390330e+01 -1.293611e+01 -4.958306e+00 1.605253e+00 4.305430e+00 -2.001165e+01 8.846510e+00 4.839567e+00 -7.897832e+00 3.684874e+00 -7.618643e+00
1.569536e+01 4.312015e+00 3.013483e+00 -1.970056e+01 -2.218883e+01 6.783757e+00 -4.305275e+00 1.165721e+00 -2.040559e+00 -3.383174e+00 4.354175e-01 -9.133995e+00
1.552839e+01 4.319025e+00 2.995489e+00 -1.967661e+01 -2.138774e+01 3.402446e+00 -9.861259e-01 9.714975e-01 -1.965162e+00 -2.321905e+00 2.242000e-01 -7.852525e+00
1.320660e+01 -7.536003e+00 -1.950473e+00 -1.530658e+01 -1.214234e+01 9.154929e+00 4.238005e-01 4.896690e+00 -1.237936e+01 -2.287344e+00 1.253820e+01 -1.095855e+00
1.428562e+01 -3.660391e+00 3.373732e+00 -1.886667e+01 -1.821149e+01 9.210420e+00 4.515321e+00 3.533463e+00 -9.697803e+00 -1.822907e+00 4.758771e+00 -3.513783e+00
1.274483e+01 -5.528314e+00 1.267693e+00 -1.692560e+01 -1.563571e+01 1.028565e+01 2.139455e+00 3.090564e+00 -1.114640e+01 -1.638819e+00 8.967738e+00 -2.891459e+00
1.394852e+01 -8.785157e+00 -4.024221e+00 -1.240902e+01 -6.293199e+00 4.919915e+00 1.587928e+00 5.053397e+00 -1.068446e+01 -3.791440e+00 1.555064e+01 2.201271e-01
1.500344e+01 -1.252716e+01 -1.436876e+01 -4.247147e+00 4.792171e+00 3.638672e+00 -2.167810e+01 7.050606e+00 6.249610e+00 -4.055441e+00 -1.852041e+00 -6.524293e+00
1.492361e+01 5.297776e-01 1.736047e+00 -1.743511e+01 -1.709642e+01 3.624541e+00 -7.260565e+00 -1.672226e+00 -9.868429e+00 -4.830841e+00 -1.796847e+00 -7.391234e+00
1.383315e+01 -1.142931e+01 -9.372583e+00 -7.712741e+00 1.395228e+00 2.836294e+00 -7.464671e+00 7.121687e+00 7.420210e-01 -7.683327e+00 9.238013e+00 -4.064065e+00
1.468770e+01 -9.133085e+00 -7.886371e+00 -9.484489e+00 -2.464869e+00 3.135139e+00 -1.678927e+00 3.875194e+00 -5.228048e+00 -5.063824e+00 1.357200e+01 1.843579e+00
1.315794e+01 -9.230013e+00 -1.021710e+01 -3.530065e+00 4.395065e+00 6.153488e-02 -1.401958e+01 2.086332e+00 2.881544e+00 -7.461218e+00 1.702967e+00 -3.111279e+00
1.530137e+01 -4.514104e+00 -1.666465e+01 -1.429417e+00 8.559545e+00 -3.958632e+00 -1.709283e+01 7.710886e-01 4.434295e+00 -3.387670e+00 -4.477334e+00 -3.127403e+00
1.309036e+01 -7.444973e+00 -1.320392e+01 -2.629834e+00 8.340029e+00 -5.190060e-01 -1.402731e+01 2.703866e+00 5.969481e+00 -4.072446e+00 -3.555711e+00 -4.055397e+00
-1.404940e+01 -2.893535e+00 1.034019e+00 9.956272e+00 6.221972e+00 -3.909734e+00 7.691156e+00 -5.451389e+00 -5.047243e+00 -4.658398e+00 -4.619413e+00 -2.797003e+00
-1.471243e+01 -3.143646e+00 -8.781462e-01 6.540508e+00 6.671322e+00 -5.760461e+00 6.082036e+00 -1.341446e+00 -2.243827e+00 -5.669055e-01 3.043897e-01 3.951705e+00
8.635323e+00 -5.810137e+00 -1.683410e+01 -4.834547e+00 9.676138e+00 -3.619376e+00 -1.398135e+01 2.943804e+00 1.653176e+01 2.547892e+00 -6.998948e+00 -2.046468e+00
-1.143359e+01 -1.458451e+00 1.676655e+00 9.225665e+00 4.202819e+00 -7.091310e-01 1.220541e+01 -1.861662e+00 -6.820487e-01 -4.447101e+00 3.917056e+00 7.097922e+00
1.123696e+01 -2.628805e+00 -1.696453e+01 -2.375481e+00 1.094375e+01 -5.167503e+00 -1.409018e+01 1.534568e+00 1.209198e+01 1.834821e+00 -5.483934e+00 -2.384221e+00
-1.312983e+01 -1.065348e+00 4.299288e+00 1.089085e+01 6.839180e+00 -2.100365e-01 6.217258e+00 -9.793766e-01 -3.603913e+00 -2.699261e+00 6.110496e+00 5.438267e+00
-1.452427e+01 8.667856e-02 4.484900e+00 1.115071e+01 8.957629e+00 2.855718e+00 1.221883e+01 -1.886414e+00 1.974092e+00 1.890816e+00 1.102964e+00 -3.658237e-01
-1.337310e+01 -1.294200e+00 2.450449e+00 1.174563e+01 3.205708e+00 -1.270045e+00 1.236217e+01 -2.164543e+00 -6.023277e-01 2.115634e+00 1.988468e+00 2.405987e+00
-7.006690e+00 5.903573e-01 3.008976e+00 1.204449e+01 6.379302e+00 1.706155e+00 5.930661e+00 -4.587945e+00 -9.300911e-01 -6.393819e-01 3.988515e+00 2.895540e+00
-1.378029e+01 -2.042603e+00 4.673281e+00 6.246925e+00 2.256663e+00 -5.671641e+00 3.621622e+00 1.202715e+00 -2.388129e+00 -2.161148e+00 -6.464472e-01 2.965061e+00
-1.363445e+01 -2.301363e+00 2.055835e+00 6.681277e+00 -1.220546e-01 -2.328740e+00 5.588279e+00 -8.891677e+00 -6.775112e+00 -1.320296e+00 -3.475808e+00 4.270705e+00
-1.008985e+01 -3.770367e+00 4.487733e+00 1.164146e+01 3.674728e+00 -3.875832e+00 7.372935e+00 -7.611864e+00 1.325925e+00 2.572828e+00 1.119480e+01 3.147565e+00
-1.282858e+01 1.774998e+00 1.459215e+00 1.097078e+01 1.063573e+01 -2.245391e+00 5.442033e+00 -2.369071e+00 2.955306e+00 4.136670e+00 3.602424e+00 6.693838e+00
-9.178951e+00 -3.829044e+00 4.172980e+00 1.214361e+01 9.493374e+00 -3.660807e+00 4.310734e+00 -7.791489e+00 9.296581e-02 6.681030e+00 7.302075e+00 -1.132325e+00
-1.157531e+01 -2.472718e+00 1.964965e+00 7.929022e+00 5.443381e+00 -6.214510e-01 2.979243e+00 -1.109189e+01 1.508714e+00 -6.585431e-02 3.308416e+00 6.402461e+00
2.542699e+00 -6.230901e+00 -6.713965e+00 1.313530e+01 1.778004e+01 -8.565295e+00 -1.152765e+01 7.721756e-01 6.775927e+00 -9.008121e-01 -1.009524e+01 6.134881e-01
-1.091718e+01 -7.828847e-01 9.418302e-01 9.822165e+00 5.288324e+00 -7.499503e+00 1.110143e+00 -6.363827e+00 9.116360e-01 -8.708611e-01 7.890415e-01 7.975265e-01
1.154139e+00 -1.047706e+01 -1.209804e+01 1.334153e+01 1.656649e+01 -7.645124e+00 -9.367512e+00 4.568423e+00 6.864085e+00 -2.192244e+00 -1.249098e+01 4.175556e-01
1.860482e+00 5.306529e+00 -6.879959e-01 1.936025e+00 -2.300093e+00 -5.725764e+00 1.210682e+00 -4.632246e+00 -1.310092e+00 -3.232636e+00 -1.248679e-01 9.594369e-02
-7.096897e+00 -7.854906e-01 6.683300e+00 1.380125e+01 8.536798e+00 -1.355185e+00 4.350946e+00 -3.267063e+00 2.094970e+00 6.565677e+00 5.309816e+00 2.141056e-01
9.129701e-01 -8.468128e+00 -1.004908e+01 1.047623e+01 1.665165e+01 -2.039334e+00 -1.248247e+01 3.780896e+00 7.923103e+00 -2.410696e+00 -9.631922e+00 2.766261e+00
-5.543586e+00 1.586632e+00 5.105268e+00 1.072114e+01 7.087541e+00 5.913506e+00 8.978927e+00 -2.459340e+00 -7.070253e-01 2.567669e-01 2.509972e+00 3.311595e+00
1.610211e+00 -3.143583e+00 -1.007874e+01 4.712651e+00 1.144671e+01 -6.138043e+00 -1.298922e+01 4.025176e-01 9.163334e+00 2.430919e+00 -1.031927e+01 4.635963e+00
6.805069e+00 -6.240172e-01 -1.117918e+01 4.064548e+00 7.335709e+00 -5.637264e+00 -9.316612e+00 -5.758667e+00 2.308743e-01 -3.675273e+00 -1.075491e+01 -3.141294e-01
6.997833e-01 -3.958486e+00 -5.354127e+00 1.064519e+01 1.800178e+01 -7.305291e+00 -2.858859e+00 5.280393e+00 1.499253e+00 -5.388245e+00 -1.016010e+01 -2.987538e+00
-1.689889e+00 -2.893968e+00 5.531495e+00 1.104780e+01 7.383800e+00 4.933376e-01 7.417560e+00 -2.899144e+00 5.488483e+00 2.015129e+00 -2.475846e+00 5.550011e-01
-1.003551e+00 -4.029131e+00 -4.811457e+00 1.101037e+01 1.765621e+01 1.715291e-01 6.689460e+00 1.272239e+01 3.151941e+00 -1.088591e+01 -1.657634e+01 9.678203e-01
-2.429263e+00 -3.122688e+00 -3.384662e+00 1.209032e+01 1.695791e+01 -8.362821e+00 2.868267e+00 1.058035e+01 8.521209e+00 -2.748404e+00 -1.056612e+01 6.958388e+00
-2.626867e+00 -4.964157e+00 1.122828e+00 3.392965e+00 2.385333e+00 -1.017492e+01 -1.251212e+00 -5.795996e+00 -1.370699e+00 1.867658e+00 -1.025386e+00 1.186838e+00
-3.540136e+00 -1.645280e-01 -2.158513e+00 9.311699e+00 1.322379e+01 -4.122578e+00 6.477888e+00 6.960938e+00 4.467301e+00 -2.544754e+00 -3.160592e+00 5.399693e+00
-2.111531e+00 1.308312e+00 -1.650755e+00 1.765568e+00 7.809150e+00 4.205842e+00 6.906890e+00 2.296343e+00 9.112021e+00 9.643311e+00 1.131129e+01 8.615392e+00
-8.199112e+00 3.395086e+00 2.734517e+00 6.817634e+00 6.720730e+00 2.970898e-01 2.967226e+00 1.092189e+00 -2.195694e-01 6.869770e+00 3.349007e+00 2.216541e+00
-5.053012e+00 7.252305e-01 -2.664027e+00 6.282070e+00 8.489909e-01 -1.872704e+00 1.864233e+00 7.193505e+00 8.669836e+00 -3.201671e-01 -3.797050e+00 4.153309e+00
-6.185216e+00 8.770081e-01 3.148218e+00 9.622255e+00 4.464873e+00 -7.707872e+00 -4.534988e+00 -5.890667e+00 -1.328074e+00 -9.442766e-01 -1.634797e+00 3.813100e-01
-7.930898e+00 2.271241e+00 2.937531e+00 6.786938e+00 2.013322e+00 -1.685701e+00 2.459220e+00 1.590801e+00 8.633020e-01 1.587325e+00 -3.181563e+00 4.636484e+00
-5.964649e+00 4.738822e+00 7.478290e-01 2.982064e+00 1.447859e+00 -2.781071e+00 5.488299e+00 5.179330e+00 4.169400e+00 4.381130e-01 -6.225431e+00 -2.065608e+00
-6.825584e+00 1.624817e+00 -1.966083e+00 2.364874e+00 4.366539e+00 1.978871e+00 2.744616e+00 -6.057388e+00 2.159444e+00 3.111135e+00 -6.038877e+00 -2.110503e+00
-7.588975e+00 4.379966e+00 1.064636e+00 6.084058e+00 1.987692e+00 -1.823196e+00 1.193527e+00 -2.259767e+00 -1.158089e+00 1.028966e+00 1.644511e+00 5.886969e+00
-8.460720e+00 2.647386e+00 3.166690e+00 6.295032e+00 2.660920e+00 -4.916531e+00 1.438717e+00 5.335658e-01 2.733346e+00 -1.571749e+00 -2.823127e+00 5.885945e+00
-4.150285e+00 -7.000154e-02 -4.151257e+00 5.840039e+00 5.624098e+00 -1.341101e+00 2.066643e+00 2.714056e+00 4.748240e+00 -5.058825e+00 -1.051002e+01 -7.327766e-01
-5.361184e+00 7.279879e+00 5.584845e+00 8.205456e+00 7.702494e+00 7.646627e-01 4.562064e+00 1.936395e-01 3.064823e+00 3.240026e+00 4.209067e+00 2.185165e+00
-8.225773e+00 3.958851e+00 1.502363e+00 4.449858e+00 1.477865e+00 -4.967601e+00 -3.873954e-01 -7.104193e+00 1.124921e+00 5.789937e+00 1.297184e+00 1.262854e+00
-6.342429e+00 5.899861e+00 3.991043e+00 6.784607e+00 2.144558e+00 -3.513026e+00 5.016903e+00 -1.288704e+00 -2.656843e+00 -4.630392e-01 1.195552e+00 -4.295590e-01
-5.601302e+00 5.147735e+00 3.367085e+00 2.555411e+00 5.612044e+00 3.379852e+00 5.371738e+00 6.711810e-01 -3.416862e-01 1.710045e+00 -1.754363e+00 2.975452e+00
-6.414751e+00 -2.556993e-01 1.934175e+00 3.788428e+00 4.849672e-01 -6.908031e+00 2.032275e+00 -1.763050e+00 1.078686e+00 1.569623e+00 8.865573e-01 2.993829e+00
-8.625175e+00 7.050303e+00 3.643998e+00 2.272074e+00 1.234534e+00 -2.152032e+00 6.225470e+00 -2.911443e+00 -1.032083e+00 3.108244e+00 2.872560e+00 3.731867e+00
-8.966129e+00 2.601439e+00 2.258304e+00 6.337748e+00 5.125930e+00 -3.630071e+00 1.827865e-01 -1.922623e+00 2.291047e+00 4.099935e+00 4.864757e+00 6.510803e+00
-5.931234e+00 5.030460e+00 2.366002e+00 4.290164e+00 3.059579e+00 -1.200392e+00 7.043417e+00 5.119114e+00 3.319979e+00 3.467444e+00 1.975293e+00 4.520733e+00
-8.793840e+00 4.072846e+00 5.963629e+00 7.541350e+00 2.991635e+00 -1.113170e+00 2.684540e+00 1.820060e+00 -3.085322e+00 8.346626e-01 5.109707e+00 7.710886e+00
-6.527519e+00 7.310776e-01 -1.347313e+00 5.558190e+00 3.215400e+00 -5.823908e+00 4.090290e+00 5.564546e+00 7.305505e+00 7.746458e-02 -4.670113e+00 4.026666e+00
-4.921768e+00 3.395876e+00 3.046166e+00 5.267062e+00 5.413374e+00 1.522958e+00 2.845229e+00 -4.297697e+00 2.093373e+00 3.806985e+00 -6.319552e+00 -5.675624e+00
-5.909132e+00 4.871735e+00 4.166509e+00 8.366385e+00 5.661277e+00 -4.385876e+00 1.360555e+00 4.588463e-01 3.444433e+00 1.007904e+00 -1.517098e+00 3.800230e-01
-5.794650e+00 6.350568e+00 6.509653e+00 1.045214e+01 1.091901e+01 3.802414e+00 7.318948e+00 -1.054486e+00 -2.707098e+00 2.628662e+00 2.695327e+00 3.554543e+00
-8.818758e+00 4.278952e-01 2.016571e+00 2.429058e+00 5.402648e+00 -3.111490e+00 4.069754e+00 -1.727931e-01 3.067661e-01 2.596144e+00 -3.979379e+00 5.304387e+00
-6.598157e+00 5.895232e+00 5.736883e+00 7.580413e+00 6.511279e+00 2.085888e+00 4.147128e+00 -4.092091e+00 2.865078e+00 2.645144e+00 2.472162e+00 2.910692e+00
-7.473802e+00 5.543197e+00 5.772003e+00 8.071945e+00 4.875470e+00 -9.699296e-01 2.276114e+00 -2.225157e+00 3.777648e+00 4.872840e+00 2.636781e+00 3.490235e+00
-4.607010e+00 8.055932e+00 9.140618e+00 1.000420e+01 8.128014e+00 -1.066275e+00 3.018032e+00 5.681539e-01 2.711736e+00 1.569865e+00 1.290950e+00 4.490663e+00
-7.141765e+00 1.857280e-01 -3.473546e+00 4.204992e-01 6.348549e+00 4.646767e+00 6.230706e+00 -9.065019e-01 6.137021e+00 7.239448e+00 3.619634e+00 2.412349e+00
-8.541780e+00 1.660607e+00 9.671261e-01 1.920003e+00 1.439453e+00 -4.818461e+00 4.600392e+00 -1.881209e+00 2.180062e+00 4.071683e+00 2.406055e+00 4.989007e+00
-8.065233e+00 4.244135e+00 3.935326e+00 3.769351e+00 2.928772e+00 -1.884902e+00 5.183139e+00 -2.216962e+00 3.364968e+00 6.663100e+00 4.550088e+00 5.031030e+00
-6.680628e+00 5.676828e+00 5.090762e+00 5.832182e+00 6.192967e+00 -3.127875e+00 6.243248e-01 -6.065111e+00 -3.039039e+00 1.007273e+00 9.542669e-01 -3.263295e-01
-6.073794e+00 6.765171e+00 7.466833e+00 7.683794e+00 5.995106e+00 -1.491883e+00 7.740047e+00 2.994101e+00 4.993165e+00 1.108618e+00 -4.115896e+00 4.057438e+00
-6.469494e+00 4.978085e+00 6.270838e+00 5.579979e+00 3.034973e+00 4.475222e-01 6.654390e+00 -3.309536e-02 8.882577e-01 7.064434e+00 8.091519e+00 5.859190e+00
-6.213091e+00 3.561905e+00 1.399841e+00 7.535357e-01 2.906379e+00 -3.535382e+00 6.943264e+00 5.294177e+00 1.421061e+00 2.111651e+00 -3.626901e-01 3.463434e+00
-8.921850e+00 1.945547e+00 3.324118e+00 1.973866e+00 -1.184337e+00 2.753321e+00 8.127061e+00 -1.535766e+00 2.107281e+00 3.186259e+00 3.225298e+00 6.556944e+00
-1.016633e+01 2.240340e+00 4.726364e+00 4.112006e+00 4.240874e+00 -3.989928e+00 1.672280e+00 -1.799739e+00 -8.703572e-01 7.417199e+00 5.275127e+00 8.024814e+00
-9.883038e+00 1.387148e+00 2.670623e+00 4.482696e+00 1.681569e+00 -8.528608e+00 -3.632054e+00 -6.362391e+00 1.386111e+00 7.687601e+00 5.205649e+00 3.561491e+00
-9.543707e+00 1.286020e+00 3.711620e+00 1.187129e+00 2.601726e+00 -4.968078e+00 3.490868e-01 -3.009598e+00 -1.525300e+00 3.728829e+00 8.808118e+00 8.570797e+00
