8.945234e+00 -1.686771e+01 -4.294794e+00 -6.838140e+00 3.641235e+00 1.438527e+01 -1.425418e+01 4.261334e-01 4.800239e+00 3.883901e+00 -9.645648e+00 -8.753162e+00
8.225872e+00 -1.624819e+01 -5.151271e+00 -4.561543e+00 1.275239e+00 1.288358e+01 -1.347137e+01 1.163841e+00 7.447719e+00 3.968419e-01 -8.614992e+00 -9.691821e+00
7.488056e+00 -1.683881e+01 -2.957919e+00 -5.802223e+00 8.838453e-01 8.832685e+00 -1.241024e+01 3.701087e+00 7.106961e+00 -3.065975e+00 -9.373513e+00 -9.532240e+00
9.376509e+00 -1.622367e+01 -5.302621e+00 -8.312752e+00 4.736767e+00 1.600419e+01 -1.487309e+01 2.255162e-01 3.165454e+00 4.431396e+00 -1.032246e+01 -6.445954e+00
7.084417e+00 -1.637770e+01 -1.396961e+00 -4.564342e+00 -2.059119e+00 7.326882e+00 -1.137321e+01 7.911509e+00 5.060164e+00 -2.273148e+00 -1.361653e+01 -7.145644e+00
9.438251e+00 -1.494142e+01 -6.374534e+00 -8.308970e+00 5.353156e+00 1.700911e+01 -1.326977e+01 -1.450708e+00 3.749712e+00 2.983481e+00 -7.922335e+00 -3.943061e+00
7.208138e+00 -1.488749e+01 3.302715e-01 -3.722389e+00 -5.648531e+00 5.898252e+00 -8.814202e+00 1.075137e+01 1.361200e+00 -1.625693e+00 -1.350621e+01 -5.942730e+00
9.720539e+00 -1.424945e+01 -5.853894e+00 -1.005608e+01 5.216912e+00 1.972295e+01 -1.508684e+01 3.129345e-01 3.022114e+00 2.780792e+00 -8.238691e+00 -1.116126e+00
9.468467e+00 -1.280328e+01 -6.790769e+00 -9.863309e+00 5.355855e+00 1.974361e+01 -1.418426e+01 -6.395375e-01 4.502159e+00 9.296823e-02 -6.267973e+00 8.412004e-04
1.007893e+01 -1.295725e+01 -6.115477e+00 -1.030231e+01 5.838679e+00 2.069450e+01 -1.550850e+01 1.774401e+00 3.528596e+00 6.019282e-01 -6.724949e+00 2.866632e+00
7.239261e+00 -1.445639e+01 3.699691e+00 -3.488760e+00 -8.854361e+00 6.199663e+00 -8.438035e+00 1.158514e+01 -7.962704e-01 -5.775139e+00 -1.062563e+01 -8.388530e+00
1.081565e+01 -1.271112e+01 -6.341524e+00 -1.005722e+01 6.114992e+00 2.026073e+01 -1.557759e+01 1.981759e+00 4.583817e+00 -1.890103e+00 -4.700899e+00 2.549352e+00
1.150788e+01 -1.372191e+01 -6.070335e+00 -8.540723e+00 6.272469e+00 1.959091e+01 -1.267916e+01 -4.827980e+00 7.723783e+00 6.348610e-01 -3.455868e-01 6.515795e-01
1.141723e+01 -1.215190e+01 -6.640782e+00 -9.323283e+00 6.667933e+00 1.961522e+01 -1.455653e+01 1.545698e+00 6.048274e+00 -1.867960e+00 -4.211639e+00 4.352985e+00
1.158822e+01 -1.388239e+01 -5.401114e+00 -9.022016e+00 6.061552e+00 1.929693e+01 -1.350559e+01 -1.935336e+00 7.270056e+00 -6.541579e-01 -2.774096e+00 3.554611e+00
1.120255e+01 -1.401047e+01 -6.036909e+00 -8.174258e+00 5.321821e+00 1.919258e+01 -1.318712e+01 -4.427599e+00 7.743446e+00 1.934904e+00 -1.560590e+00 1.595113e+00
1.096405e+01 -1.242012e+01 -6.488916e+00 -8.367620e+00 5.865971e+00 1.953234e+01 -1.359686e+01 -5.066211e-01 7.747771e+00 -2.825725e+00 -1.742576e+00 2.493263e+00
1.142569e+01 -1.220960e+01 -6.691735e+00 -9.115312e+00 6.376412e+00 1.882158e+01 -1.383297e+01 9.636725e-01 6.751063e+00 -2.709178e+00 -2.821604e+00 3.186937e+00
8.265446e+00 -1.100104e+01 5.603243e+00 -1.787775e+00 -1.527855e+01 4.070349e+00 -1.457013e+01 1.279425e+01 -4.436166e+00 -7.418011e+00 -9.263365e+00 -4.026389e+00
1.077705e+01 -1.426192e+01 -5.827087e+00 -6.713796e+00 2.556422e+00 1.619252e+01 -1.117483e+01 -4.641336e+00 9.875842e+00 3.045733e-01 -2.612289e+00 -5.511839e-01
9.581082e+00 -1.357061e+01 -4.934126e+00 -6.570825e+00 2.706071e+00 1.336013e+01 -1.086902e+01 -5.054955e+00 1.037889e+01 2.247905e+00 -5.722633e+00 -2.023141e+00
7.875589e+00 -1.310393e+01 -4.798845e+00 -3.509112e+00 1.977459e+00 1.209208e+01 -1.227928e+01 -3.499123e+00 8.491570e+00 4.725603e+00 -9.110043e+00 -1.095795e+00
8.089309e+00 -1.299219e+01 -4.544562e+00 -6.064742e-01 2.035196e+00 9.823425e+00 -1.071500e+01 -4.409225e+00 1.018358e+01 4.330796e+00 -1.184717e+01 -1.407021e+00
1.043543e+01 -6.953896e+00 9.808516e+00 1.191930e-01 -8.621099e+00 -3.193974e+00 -1.224427e+01 5.061524e+00 -3.331865e+00 -1.114617e+01 -5.387441e+00 -1.324974e+00
5.732360e+00 -1.148585e+01 6.670989e+00 7.548932e-01 -1.553022e+01 -3.776600e+00 5.774666e+00 6.760263e+00 -8.387280e+00 -4.917923e+00 -8.409246e+00 -2.522331e-01
1.303791e+01 -2.725914e+00 8.802344e+00 8.431100e+00 -5.030382e+00 -8.532543e+00 7.378888e-01 -5.953647e+00 -8.732577e+00 -1.018441e+01 -7.201420e+00 2.712073e+00
1.390753e+01 -5.614667e-01 6.850477e+00 1.032281e+01 -6.863877e+00 -7.945358e+00 5.582941e+00 -1.002891e+01 -1.191072e+01 -7.089675e+00 -7.574223e+00 5.135395e+00
1.433199e+01 4.450004e-01 7.637378e+00 9.706501e+00 -7.860178e+00 -5.404603e+00 8.112122e+00 -1.480294e+01 -1.258277e+01 -4.803091e+00 -7.297779e+00 4.737103e+00
9.067389e+00 -1.083982e+01 -5.015462e+00 2.616807e+00 -6.638680e-01 5.975791e+00 -9.000776e+00 -1.369029e+00 1.152425e+01 1.406443e+00 -1.221186e+01 -1.063676e+00
1.437875e+01 1.116160e+00 8.072496e+00 9.159326e+00 -6.992733e+00 -5.150529e+00 8.533282e+00 -1.501725e+01 -1.247987e+01 -5.709843e+00 -6.215654e+00 5.310938e+00
1.391822e+01 2.364661e+00 7.229235e+00 1.106709e+01 -7.951694e+00 -5.102134e+00 9.937450e+00 -1.671319e+01 -1.286179e+01 -4.792262e+00 -5.344461e+00 4.155306e+00
7.649209e+00 -1.301359e+01 1.772927e+00 7.165032e-01 -5.347182e+00 3.412919e-01 -1.261443e+00 1.424569e+00 7.895909e+00 -7.290823e+00 -1.557267e+01 -2.994602e-01
8.189474e+00 -1.171703e+01 1.646328e+00 2.300449e+00 -4.347602e+00 2.071750e+00 -1.870026e+00 4.305502e-01 6.119944e+00 -6.029217e+00 -1.284532e+01 -7.158589e-01
5.749502e+00 -6.733780e+00 1.225151e+01 -3.203416e+00 -1.848340e+01 3.371205e-01 1.030496e+01 1.060461e+00 -1.862687e+01 -2.726317e+00 3.237422e+00 -5.872544e+00
1.456958e+01 2.981687e+00 6.811152e+00 1.199241e+01 -6.481701e+00 -7.265959e+00 9.551214e+00 -1.530013e+01 -1.419264e+01 -4.177341e+00 -4.174744e+00 1.963508e+00
1.440270e+01 3.606750e+00 6.312264e+00 1.108722e+01 -4.842700e+00 -6.827155e+00 7.448448e+00 -1.552932e+01 -1.574334e+01 -1.498055e+00 -5.688479e+00 4.672543e+00
1.499883e+01 6.689516e+00 6.374873e+00 9.270297e+00 -6.683754e+00 -5.882497e+00 6.982194e+00 -1.189876e+01 -1.617390e+01 -6.793365e+00 -3.648628e+00 2.566916e+00
7.729067e+00 -7.807425e+00 5.370677e+00 2.607671e+00 -1.181359e+01 -1.829953e+00 7.140124e+00 6.503844e+00 -3.691897e+00 -5.069555e+00 -7.714114e+00 -3.401758e+00
8.356783e+00 2.270617e+00 8.206875e+00 1.463686e+01 -4.817353e+00 -8.096598e+00 1.279434e+01 -1.037766e+01 -1.095301e+01 -9.987416e-01 -7.971962e+00 3.805745e+00
5.095354e+00 -4.147304e+00 4.703353e+00 9.082862e-01 -1.585338e+01 -1.046071e+01 1.003655e+01 1.169859e+00 -4.790087e+00 -8.246458e+00 -5.669114e+00 -3.445196e+00
5.318985e+00 -5.891032e-01 9.550131e+00 5.778037e-01 -1.824111e+01 -6.671183e+00 1.156153e+01 -6.686843e+00 -1.437326e+01 -2.028642e+00 8.987397e+00 -8.017009e+00
4.191167e+00 -6.050348e-01 1.031099e+01 -6.474732e-01 -1.781046e+01 -1.674570e+00 1.181635e+01 -1.584214e+00 -1.465996e+01 -5.576579e+00 2.764558e+00 -5.494326e+00
2.907746e+00 -4.236506e+00 2.030407e+00 7.483478e+00 -6.416811e+00 -7.860330e+00 1.207830e+01 -8.751109e+00 -9.405880e+00 1.863437e+00 -1.842667e+00 3.352939e+00
-5.884325e+00 3.944752e-01 -4.085973e+00 9.704283e-01 -3.929211e+00 -1.175044e+01 3.858972e-01 9.856856e-01 2.403166e+00 -4.457643e+00 1.006308e+00 1.462099e+00
-3.059850e+00 -2.428257e+00 -1.946838e+00 -5.279294e-01 -1.205117e+00 -1.708868e+01 2.795063e+00 -3.406516e-01 3.975398e+00 -4.248718e+00 -1.648119e+00 5.092103e+00
4.538429e+00 2.800913e+00 -2.480582e+00 7.436491e+00 6.000432e+00 -3.589800e+00 8.618823e+00 6.175756e+00 3.897300e+00 -3.539179e+00 -3.893429e+00 -5.097431e+00
-1.354389e+00 7.795266e+00 5.335334e+00 1.394717e+00 -1.129600e+01 -1.448607e+01 3.945100e+00 -4.761022e+00 -1.230211e+01 -5.127576e+00 -3.396111e+00 -1.016804e+01
-1.784706e-02 7.621630e-01 -2.496231e+00 7.930444e+00 9.113966e+00 -3.515129e+00 3.258497e+00 1.928687e+00 1.157592e+00 -5.025230e+00 -1.587158e+00 -2.210822e+00
-5.793121e+00 3.818827e-01 3.217762e+00 3.379093e+00 4.964474e+00 -1.021943e+00 1.376788e+00 8.414656e+00 3.034917e+00 -1.030879e+01 -3.778429e+00 -2.649154e+00
-1.052114e+00 7.170699e+00 3.810595e+00 5.049866e+00 -3.386862e+00 -1.138749e+01 -8.525110e+00 -1.100761e+01 -9.705780e+00 -6.538115e+00 -1.403339e+00 -1.325718e+00
-7.347317e-01 4.203402e+00 5.133733e-01 1.091180e+00 -4.275511e+00 -6.560966e+00 2.107081e+00 1.716882e+00 -1.972132e-01 -1.286155e+01 3.033149e+00 9.000566e+00
-5.029362e+00 9.323430e-01 -8.365947e-01 -2.658903e+00 2.061599e+00 1.727509e+00 6.112514e+00 9.385409e+00 1.975575e+00 -8.310472e+00 9.193563e-02 -1.035221e+00
-2.386768e+00 4.660798e+00 4.934464e+00 2.705350e+00 -1.484741e+00 -8.279568e+00 3.056394e+00 2.291851e+00 -8.780062e-01 -1.537497e+01 -1.691419e+00 7.937240e+00
-1.854815e+00 3.668897e+00 -2.873679e+00 4.333797e+00 4.308003e+00 -4.267390e+00 6.114360e+00 3.504500e+00 4.247811e+00 -2.701777e+00 1.186088e+00 -4.077920e+00
-4.334486e+00 2.879660e+00 2.687506e+00 3.217367e+00 -7.578626e-01 -9.962386e+00 5.767728e+00 1.025290e+01 6.182534e-01 -5.651258e+00 -6.596947e-01 4.404799e+00
-5.373213e+00 5.040744e+00 7.249894e-01 3.206799e+00 6.280860e+00 -6.912840e+00 -8.337975e-02 5.993988e-01 -3.691768e+00 -1.711206e+00 1.772141e+00 -3.290934e+00
7.856398e-01 9.257113e+00 -8.740413e-01 -3.319825e+00 2.363533e+00 -6.901581e+00 -5.837083e+00 -9.301023e+00 -7.999861e+00 -4.731414e+00 7.340476e+00 -1.249074e-01
-4.721199e+00 5.192087e+00 -4.473425e+00 1.301627e-01 -2.169275e+00 2.485415e+00 9.630493e+00 4.048536e+00 -3.517442e+00 3.458611e-01 4.126215e-02 5.756119e-01
-6.612906e+00 4.191340e+00 -5.616193e-01 1.095927e+00 5.816906e+00 -8.077430e+00 -8.289934e+00 -4.062746e+00 -3.873361e+00 4.172737e+00 8.258574e+00 7.079740e-01
-7.118119e+00 8.864687e+00 -1.361410e+00 4.259017e+00 6.906251e+00 -2.259905e+00 -1.596165e+00 -1.115431e+00 -1.251812e+00 5.386636e+00 1.012534e+01 2.746490e+00
-5.121588e+00 1.458709e-01 -1.740635e+00 7.042096e+00 4.761705e+00 -1.116572e+00 6.163819e+00 5.514880e+00 -4.058511e+00 -3.669276e-01 1.857427e+00 -6.555308e+00
-3.928538e+00 4.045452e+00 -4.906403e+00 -6.250535e-01 1.770179e+00 2.319026e+00 1.094658e+01 9.745855e+00 5.388629e+00 -4.625871e+00 -6.069007e+00 -5.060972e+00
-7.378040e+00 7.708336e+00 9.494978e-02 2.122615e+00 7.546706e-01 -3.552675e+00 4.232133e+00 5.231177e+00 5.071516e+00 3.902234e+00 1.438085e+00 -3.755723e+00
-5.821626e+00 4.838528e+00 4.339332e-01 1.840992e+00 -1.906301e+00 -1.123230e+01 1.182847e+00 4.151536e+00 -1.907879e+00 -4.670239e+00 -1.280788e+00 8.376813e-01
-8.617506e+00 7.148145e+00 -2.168898e+00 -5.506677e-01 -8.917017e-01 -4.218947e-01 5.216907e+00 1.143406e+00 -3.501623e-01 6.616968e+00 6.684342e+00 -2.995568e-01
-8.556632e+00 5.604244e+00 -1.725676e+00 -9.326770e-01 -1.325896e+00 -5.036407e+00 3.656235e-01 1.000926e+00 3.390997e+00 9.050508e+00 8.379410e+00 8.470583e+00
-3.791868e+00 6.303281e+00 -2.683964e+00 9.810588e-01 1.567762e+00 -2.297322e+00 8.814782e+00 5.831645e+00 1.561974e+00 -3.940847e+00 -4.820774e+00 -1.747567e+00
-4.475778e+00 9.780403e+00 1.375041e+00 3.933907e-01 -5.767379e-01 -7.272752e+00 -3.374212e+00 -1.973241e+00 -5.874126e+00 -1.217587e-01 2.169529e+00 -1.672350e+00
-6.853004e+00 6.167695e+00 -6.552634e-01 5.866936e-01 3.735183e+00 1.242430e-01 4.777246e+00 4.345929e+00 4.846752e+00 4.412305e+00 5.134832e+00 4.541411e-01
-4.011048e+00 9.014952e+00 4.559087e-01 1.022146e-01 2.606734e+00 -4.065022e+00 -1.165958e+00 -8.903702e+00 -3.289850e+00 1.039751e+00 7.208909e+00 3.919306e+00
-7.716676e+00 5.740836e+00 -5.114597e-02 2.355029e+00 3.744112e+00 2.561439e+00 1.193165e+00 -7.807053e-01 1.466749e+00 1.161485e+01 1.173051e+01 4.129626e+00
-4.755581e+00 9.624126e+00 -8.844928e-01 -1.966638e+00 2.921021e+00 -1.150232e+00 2.533396e+00 7.408025e+00 -5.917728e-01 -4.276884e-01 6.323614e+00 2.148418e+00
-7.992003e+00 8.397619e+00 1.860087e+00 2.774589e+00 2.614935e+00 -4.883107e+00 1.791572e+00 -1.016780e+00 4.808329e+00 5.318030e+00 4.875371e+00 3.058390e+00
-7.122844e+00 3.918398e+00 -2.862387e+00 2.260512e+00 3.655224e+00 -3.406875e+00 -1.719170e+00 -2.157592e+00 -1.211822e-01 5.540486e+00 7.909343e+00 5.598802e+00
-4.100764e+00 2.209596e+00 -3.802587e+00 -3.761573e+00 -7.853160e-01 8.354609e-01 9.067093e+00 6.013052e+00 -3.246329e+00 -5.655265e-01 6.365462e+00 -3.472052e-01
-4.851323e+00 7.664950e+00 -1.758241e-01 -9.149164e-01 4.551077e-02 -2.561240e+00 -2.348011e+00 -8.410855e+00 -1.206324e+01 -6.004214e+00 -5.859999e+00 -8.467975e+00
-8.073061e+00 5.985403e+00 -7.250482e-02 -2.755010e-01 1.891738e+00 -3.974834e+00 1.519489e+00 -1.810156e+00 1.667250e+00 3.200832e+00 6.724905e+00 2.268661e-01
-6.144058e+00 6.644804e+00 -2.197132e-01 3.063784e+00 4.367298e+00 -3.717681e+00 5.770674e-01 -7.711074e+00 -1.703763e-01 1.011588e+01 2.529049e+00 -3.525599e+00
-5.515093e+00 6.258073e+00 9.051412e-02 5.268792e+00 6.321437e+00 -1.477869e+00 8.613107e+00 1.138895e+01 4.448904e+00 8.542750e-01 1.763297e+00 -2.344320e+00
-7.185476e+00 8.301313e+00 1.470367e+00 3.496401e-01 4.191352e+00 6.497138e-01 4.646540e+00 3.830011e+00 2.549344e+00 3.751438e+00 5.633460e+00 4.034480e+00
-9.120035e+00 6.454767e+00 -9.886491e-01 3.395231e-01 3.124042e+00 -2.307275e+00 5.659962e-01 -4.373382e-01 1.375199e+00 5.216923e+00 4.642097e+00 -1.108185e+00
-7.153756e+00 8.082574e+00 -5.599808e-01 -3.425073e-01 3.994218e+00 -4.904860e+00 2.627311e+00 1.269607e+00 3.862711e-01 7.219712e+00 1.062715e+01 1.390690e+00
-6.983132e+00 7.892309e+00 2.152345e+00 -9.187294e-01 3.132702e+00 -5.698228e+00 -1.340773e+00 -2.694778e+00 -2.240240e+00 6.817416e-01 3.220134e+00 -1.477140e+00
-7.364244e+00 6.383729e+00 -3.762412e+00 -2.378226e+00 1.141919e+00 -2.708996e+00 8.329521e+00 4.638615e+00 1.407701e+00 5.742232e+00 7.995420e+00 4.896184e+00
-8.324483e+00 6.186709e+00 1.257007e+00 1.884974e+00 1.905725e+00 -1.939287e+00 2.912447e+00 3.342007e-01 4.124614e+00 5.617287e+00 6.248745e+00 6.520015e-02
-8.397088e+00 6.734885e+00 -8.906157e-01 2.463580e+00 5.627412e+00 -2.938449e+00 1.973057e+00 1.127892e+00 -1.808939e-01 4.580031e+00 8.071144e+00 1.614222e+00
-6.787205e+00 6.159433e+00 -8.244153e-01 3.996193e-01 2.752556e+00 -9.885495e-01 2.026347e+00 -2.725746e+00 -9.636135e-01 2.812397e+00 7.358392e+00 -3.516249e-01
-7.467967e+00 7.718684e+00 2.882533e+00 -3.347943e-01 -2.942306e+00 -2.062820e+00 4.242052e+00 6.540364e-01 5.125144e+00 7.482460e+00 5.446423e+00 -3.846684e+00
-5.166923e+00 8.049210e+00 -1.017917e+00 -1.059632e+00 4.443645e-03 -1.163428e+00 6.632932e+00 1.455665e-01 -9.118059e-01 -1.598064e+00 1.609275e+00 7.678622e-02
-7.639291e+00 7.304213e+00 5.564117e-01 5.847647e-01 3.815604e+00 -2.247872e+00 3.740636e+00 5.012050e+00 1.093935e+00 4.783038e+00 9.678024e+00 5.452510e-01
-5.242190e+00 4.158636e+00 -4.077391e+00 -1.447811e+00 2.381591e+00 -1.630320e+00 1.078702e+01 5.722153e+00 -2.498464e+00 -1.160651e+00 5.139473e+00 3.694411e+00
-8.510802e+00 6.769837e+00 -5.727541e-02 1.361818e+00 -1.388377e+00 -4.678886e+00 1.063820e+00 2.223430e+00 5.105267e+00 4.591648e+00 4.407888e+00 2.914829e+00
-9.077199e+00 5.432929e+00 -1.916294e+00 -6.742927e-01 2.792222e+00 -4.374057e+00 3.689053e+00 -2.600396e+00 -1.977024e+00 6.412942e+00 7.837902e+00 3.788107e+00
-9.239438e+00 6.554286e+00 4.776255e-01 -5.948625e-01 -2.379751e-02 -3.486534e+00 -2.525041e+00 -4.050401e+00 3.373423e+00 7.992437e+00 8.065357e+00 -1.530674e+00
-4.742228e+00 8.293959e+00 1.771628e+00 1.422140e+00 6.527031e+00 6.708561e+00 1.302151e+01 5.825576e+00 3.045240e+00 -2.182993e+00 -2.035517e+00 -9.480251e-01
-9.364169e+00 4.889406e+00 -3.576482e-01 -3.432381e+00 2.244416e+00 -3.661406e+00 -1.801760e+00 -2.770717e+00 4.568800e-01 1.098435e+01 5.764999e+00 -9.784610e-01
-8.998589e+00 5.711927e+00 2.968092e-01 -2.988436e+00 -1.510358e-01 -4.461723e+00 -1.377201e-01 7.887264e-01 5.493210e+00 6.674452e+00 3.617217e+00 6.969514e-01
-8.130566e+00 6.051491e+00 9.464194e-01 -5.322617e-02 3.611264e-01 -3.656876e+00 7.536230e-01 -4.234419e-01 1.327026e+00 8.146935e+00 1.167987e+01 5.505252e+00
-8.364044e+00 6.816571e+00 2.351836e+00 2.186199e+00 4.451087e+00 -7.558908e+00 4.394982e+00 4.465174e+00 3.781350e+00 4.916357e+00 4.922986e+00 -8.209910e-01
-5.424568e+00 4.848486e+00 -2.786033e+00 -1.812382e+00 1.325321e+00 -3.641141e+00 9.365313e+00 1.057096e+01 4.442613e+00 -5.872192e-01 2.657516e+00 8.152109e-02
-9.341451e+00 5.382373e+00 1.213026e+00 -9.217588e-01 1.642914e+00 -6.660753e+00 1.169794e+00 4.215760e+00 3.011819e+00 4.396856e+00 4.342271e+00 1.900481e+00
-8.127943e+00 5.594986e+00 -1.785314e+00 1.253563e-01 4.620743e+00 -4.575134e+00 1.191471e+00 2.931419e-01 -1.516087e+00 1.874345e+00 1.014616e+01 1.246573e+00
-8.679603e+00 5.522437e+00 -2.846918e+00 -2.630366e+00 2.505473e+00 -5.936059e+00 -4.434938e-01 1.463400e-01 4.041940e+00 1.077171e+00 9.709681e+00 1.051647e+01
-9.326243e+00 5.106409e+00 -9.588479e-01 -3.770701e+00 2.703791e-01 -2.764510e+00 2.445350e-01 -1.093315e+00 -3.846359e-01 1.004108e+00 7.272855e+00 -2.801599e+00
-8.558142e+00 4.759717e+00 9.270847e-02 -6.759627e-01 1.309447e-01 -3.331626e+00 3.381327e+00 -2.480093e+00 1.973315e+00 5.738212e+00 4.334880e+00 -4.603606e-01
-6.719887e+00 5.528723e+00 -7.326633e-01 -1.670554e+00 -2.011763e+00 -1.202074e-01 9.480698e+00 4.286545e+00 4.361786e+00 5.709936e+00 7.490694e+00 3.332148e+00
-7.648429e+00 6.766274e+00 -6.403655e-01 6.891900e-01 2.465307e+00 -3.287749e+00 2.411929e+00 2.310281e+00 4.326399e+00 7.442010e+00 9.766766e+00 2.279509e+00
-7.781526e+00 5.945914e+00 -9.004079e-01 9.817280e-01 3.442673e+00 -2.534605e+00 1.648843e+00 -9.797815e-01 -1.092613e+00 3.917357e+00 4.993566e+00 2.728642e+00
-8.855896e+00 5.405689e+00 2.485159e-01 -1.655692e+00 2.726844e+00 -4.339006e+00 -1.423259e+00 1.653831e-01 6.368284e+00 5.164333e+00 2.468838e+00 1.812224e+00
-4.956119e+00 7.870509e+00 1.050096e+00 1.223649e+00 9.717307e+00 3.115582e+00 7.154066e+00 4.761215e+00 1.808926e+00 3.002140e+00 2.572203e+00 3.190640e-01
-8.242539e+00 5.183587e+00 -2.752470e-01 1.592844e+00 2.874605e+00 -4.240048e+00 -2.795387e+00 -2.400684e+00 5.963009e+00 4.899433e+00 7.804883e+00 4.156832e+00
