8.899633e+00 -6.996080e+00 -7.171551e+00 -1.510173e+01 -7.050442e+00 1.466453e+01 -1.274297e+00 -7.482282e+00 7.243803e+00 -5.983611e+00 4.096242e+00 4.566216e+00
7.629587e+00 -6.457843e+00 -8.177417e+00 -1.311237e+01 -6.587224e+00 1.342086e+01 -1.720472e+00 -8.257868e+00 7.712723e+00 -3.808774e+00 4.589588e+00 1.700744e+00
8.536201e+00 -5.388931e+00 -6.584924e+00 -1.651379e+01 -8.172915e+00 1.239328e+01 -4.549441e-01 -5.832515e+00 7.561657e+00 -9.379308e+00 5.040648e+00 2.916640e+00
6.490654e+00 -7.137618e+00 -9.498064e+00 -8.970778e+00 -3.244407e+00 1.079430e+01 -6.488541e+00 -8.061353e+00 1.017850e+01 -2.989531e-01 5.449681e+00 -4.671016e+00
9.508486e+00 -2.675288e+00 -5.857715e+00 -1.744240e+01 -1.091699e+01 9.509043e+00 4.242475e+00 -2.434004e+00 4.947825e+00 -5.297029e+00 -2.023430e+00 1.605651e+00
1.031048e+01 -1.637195e+00 -4.109397e+00 -1.829218e+01 -1.360303e+01 7.746059e+00 6.918745e+00 -2.401440e+00 6.833753e+00 -5.427190e+00 -4.885007e+00 3.078473e+00
8.355385e+00 -3.634836e+00 -5.148157e+00 -1.732613e+01 -1.008248e+01 1.066415e+01 1.838729e+00 -3.757949e+00 6.533275e+00 -6.695355e+00 6.186695e-01 3.837490e+00
7.959021e+00 -7.492002e+00 -8.920708e+00 -1.018047e+01 -5.272053e+00 1.123970e+01 -5.268425e+00 -7.274849e+00 9.462242e+00 -1.466714e+00 3.272038e+00 -1.001380e+00
7.782616e+00 -6.911208e+00 -8.618485e+00 -1.103095e+01 -7.699027e+00 1.289339e+01 -5.673706e+00 -6.071611e+00 8.480429e+00 -2.934924e+00 3.667614e+00 -1.524022e+00
1.143734e+01 2.239604e+00 -2.137836e+00 -1.566307e+01 -1.891766e+01 2.274408e+00 3.876753e+00 4.045138e+00 9.879717e+00 -2.608426e+00 -6.024356e+00 -1.960704e+00
1.016128e+01 4.745991e-01 -1.777164e+00 -1.810760e+01 -1.534236e+01 4.772992e+00 5.256186e+00 1.698348e-01 1.017950e+01 -5.350066e+00 -3.559367e+00 -1.101286e-01
6.138587e+00 -7.507828e+00 -9.367105e+00 -7.202168e+00 -3.281536e+00 8.509296e+00 -8.504604e+00 -5.693138e+00 9.536104e+00 3.139831e+00 -1.194590e+00 -2.990272e+00
4.146096e+00 -7.136743e+00 -8.126948e+00 -5.482198e+00 -1.692697e+00 3.282964e+00 -8.768092e+00 -4.576504e+00 1.555879e+01 1.255874e+00 -7.108956e+00 -3.559724e+00
3.511667e+00 -8.057759e+00 -7.603339e+00 -3.683745e+00 -2.918541e+00 2.705647e+00 -1.019443e+01 -2.775607e+00 1.620221e+01 -1.423407e-02 -7.123717e+00 -3.941399e+00
4.429020e+00 -6.330341e+00 -8.197047e+00 -7.731900e+00 -2.251964e+00 6.115692e+00 -6.822856e+00 -6.957136e+00 1.424002e+01 4.561510e-01 -3.370755e+00 -2.875021e+00
4.549565e+00 -7.195493e+00 -7.843876e+00 -5.542192e+00 -2.773402e+00 5.216972e+00 -8.686657e+00 -5.980556e+00 1.715933e+01 -7.544127e-01 -4.129578e+00 -4.616246e+00
1.163287e+01 3.883073e+00 -2.768744e+00 -1.421890e+01 -2.013206e+01 -2.855274e-01 4.445874e+00 2.492904e+00 8.695105e+00 -2.939013e+00 -4.835272e+00 -4.556802e+00
3.145212e+00 -6.758765e+00 -6.422602e+00 -4.726929e+00 -1.838271e+00 7.669023e-01 -8.964890e+00 6.728220e-01 1.538567e+01 -2.078596e+00 -6.690220e+00 -2.596078e+00
3.214648e+00 -6.852696e+00 -6.493275e+00 -3.070880e+00 -3.653287e+00 -2.664804e+00 -7.227502e+00 -6.343539e-01 1.709992e+01 -4.241406e+00 -6.834557e+00 -4.829828e+00
2.586918e+00 -6.136144e+00 -5.992563e+00 -3.303774e+00 -3.499675e+00 -2.880125e+00 -9.424978e+00 2.203257e+00 1.686922e+01 -5.074661e+00 -8.484191e+00 -1.992621e+00
2.290448e+00 -5.814182e+00 -5.174883e+00 -3.122980e+00 -2.954288e+00 -5.744429e+00 -6.906773e+00 1.240589e+00 1.733794e+01 -3.577953e+00 -9.668450e+00 -1.647885e+00
2.492821e+00 -5.224523e+00 -4.686557e+00 -1.387052e+00 -5.178300e+00 -6.420575e+00 -7.502305e+00 3.088788e+00 1.646597e+01 -3.807654e+00 -8.931013e+00 -2.909148e+00
1.241465e+01 5.668211e+00 5.406553e-02 -1.229164e+01 -1.934404e+01 -5.431648e+00 2.760098e+00 5.402584e+00 3.680543e+00 -2.519317e+00 -3.232331e+00 -4.373441e+00
1.875201e+00 -3.845463e+00 -4.115986e+00 -8.978057e-01 -5.197204e+00 -8.226905e+00 -7.541398e+00 2.157624e+00 1.682584e+01 -5.283115e+00 -8.942088e+00 -2.598274e+00
1.282014e+01 6.737694e+00 1.215005e+00 -8.498757e+00 -1.667002e+01 -6.961597e+00 -7.362741e-01 2.100335e+00 3.656463e+00 -2.919242e+00 5.242290e-01 -5.129680e+00
1.187167e+01 8.674762e+00 3.050052e+00 -5.876925e+00 -1.749363e+01 -9.179306e+00 6.362852e-01 -1.557460e+00 -9.679461e-02 -4.325526e+00 -1.328414e+00 -3.608524e+00
4.190315e+00 -5.004326e+00 5.851637e-01 -1.144163e+00 -4.091640e+00 -1.005864e+01 -8.378036e+00 3.880795e+00 1.567860e+01 -5.007350e+00 -6.473423e+00 -5.097816e+00
1.209299e+01 8.886770e+00 3.346058e+00 -3.248750e+00 -1.656561e+01 -6.844232e+00 7.484868e-01 -3.310883e+00 -2.339830e+00 -6.466023e+00 -1.278541e+00 -1.138961e-01
1.126062e+01 8.280901e+00 4.222631e+00 -1.000586e+00 -1.507838e+01 -6.577549e+00 2.137929e+00 -6.936630e+00 -4.184389e+00 -5.068370e+00 -1.621618e+00 -1.101079e+00
1.066440e+01 8.667332e+00 6.237525e+00 -1.992163e+00 -1.634531e+01 -6.596109e+00 -1.278672e+00 -6.292064e+00 -2.158397e+00 -5.737280e+00 7.346976e-01 -3.673342e+00
8.031378e+00 -3.814965e+00 8.792247e+00 1.343834e+00 -9.118763e+00 -9.436817e+00 -3.671849e-02 2.685122e+00 -7.414715e+00 -9.444856e+00 -3.170535e+00 -9.777711e+00
6.510911e+00 -3.131047e+00 8.241288e+00 1.108053e+00 -1.019743e+01 -8.582424e+00 4.807091e+00 8.176067e-01 -1.044792e+01 -9.835671e+00 -1.679048e+00 -9.902040e+00
6.759076e+00 -3.341678e+00 4.745633e+00 3.726897e+00 -4.711374e+00 -1.503343e+01 7.726562e-02 -3.328390e+00 8.885881e+00 -1.080981e+01 -1.840898e+00 -9.432564e+00
6.484665e+00 -2.404611e+00 7.786051e+00 -7.990551e-02 -9.041442e+00 -8.900585e+00 5.898098e+00 1.362643e+00 -1.313661e+01 -1.209323e+01 1.540308e+00 -1.036329e+01
1.155577e+01 8.189120e+00 6.582688e+00 -3.865327e+00 -1.400726e+01 -6.615234e+00 -4.814514e+00 -5.151125e+00 -2.049595e+00 -2.523539e+00 1.934569e+00 -5.436482e+00
1.183002e+01 8.205851e+00 4.935231e+00 -3.665372e+00 -1.210567e+01 -8.611042e+00 -6.809492e+00 -6.481675e+00 -4.321619e+00 8.011270e-01 4.435782e+00 -6.079280e+00
6.331945e+00 -2.728406e+00 7.661747e+00 9.402246e-01 -1.044103e+01 -6.550084e+00 6.100186e+00 -4.703208e-01 -1.368245e+01 -1.172039e+01 1.506480e-01 -7.492217e+00
8.624239e+00 -1.210260e-02 5.344000e+00 2.480415e+00 -8.411342e+00 -8.428194e+00 -6.203294e-02 -1.807208e-01 -1.631349e+01 -1.130751e+01 2.019478e+00 -5.887883e+00
6.206404e+00 -2.985789e+00 9.023533e+00 -1.076546e+00 -8.747303e+00 -4.921533e+00 3.986766e+00 1.812386e+00 -1.757616e+01 -1.190995e+01 4.896789e-01 -6.922635e+00
7.210180e+00 -2.619057e+00 6.828458e+00 7.208416e-01 -7.015386e+00 -8.320870e+00 4.824280e+00 3.205875e-02 -1.844462e+01 -1.192004e+01 3.157997e+00 -7.161533e+00
7.242490e+00 -1.381558e+00 8.227758e+00 1.060178e+00 -1.214366e+01 -9.646370e+00 1.297086e-01 1.969034e+00 -1.730950e+01 -1.542942e+01 3.043752e-01 -5.205273e+00
1.288740e+01 9.740126e+00 5.675888e+00 -5.226776e+00 -1.352473e+01 -8.953510e+00 -4.710095e+00 -3.444027e+00 -5.539854e+00 7.139688e-01 3.528601e+00 -3.477461e+00
7.741473e+00 2.076902e+00 7.516137e+00 1.807105e-01 -4.601747e+00 -5.118715e+00 -1.303760e+00 -8.889229e-01 -2.147658e+01 -1.080907e+01 -9.952343e-02 -8.078886e+00
6.196047e+00 2.560086e+00 9.370600e+00 -4.452938e-01 -1.616079e+00 -6.467753e+00 -1.545099e+00 2.318661e-01 -2.271513e+01 -9.755191e+00 -6.765414e-01 -8.875075e+00
5.019929e+00 6.116831e-01 1.162653e+01 1.022447e+00 6.831651e-01 -4.237880e+00 -5.360445e+00 -5.493081e-01 -2.405064e+01 -9.780684e+00 -4.296516e-01 -7.851805e+00
3.490416e+00 -2.006118e-01 1.125282e+01 8.539218e-02 3.924017e+00 -2.958099e+00 -5.340163e+00 -1.430934e+00 -2.640701e+01 -1.357284e+01 -1.717755e-01 -5.482212e+00
3.713616e+00 -7.324076e-02 8.997786e+00 3.813446e+00 2.191866e+00 -2.449170e+00 2.555415e+00 -1.218218e+00 -2.379119e+01 -1.320875e+01 6.058230e-01 -7.362126e+00
9.560940e+00 1.538333e+01 3.379272e+00 -4.409380e+00 -1.073655e+01 -8.380054e+00 -3.149388e+00 -4.874662e+00 -6.389844e+00 -5.210455e+00 -2.417309e+00 -3.140657e+00
3.772394e+00 -1.482533e+00 7.940090e+00 8.768638e-01 6.059428e+00 4.810371e-01 3.351102e+00 2.603021e-01 -2.367744e+01 -1.423507e+01 -3.626336e+00 -3.883386e+00
2.634664e+00 -1.950708e+00 7.002459e+00 4.601924e+00 8.204660e+00 3.121856e+00 3.256437e+00 2.548656e+00 -2.072187e+01 -1.497094e+01 -1.857241e+00 -4.935661e+00
-8.497920e-01 -9.265114e+00 9.145829e-01 -1.123277e+00 1.215219e-01 8.327734e-01 -1.297186e+01 6.170402e+00 7.160202e+00 -1.694897e+00 2.772396e+00 4.634309e+00
-4.679178e+00 -9.780639e+00 1.873365e+00 4.953101e+00 9.261312e-01 -8.368078e+00 -5.481207e+00 4.734266e+00 3.271857e+00 2.966199e+00 8.616057e+00 4.915031e+00
1.304306e+00 -2.239890e+00 6.364707e+00 3.513710e+00 2.554065e+00 -5.257637e+00 1.361618e+00 4.826214e+00 -1.877455e+01 -1.859186e+01 -5.844543e+00 -8.557008e+00
-9.826600e+00 -1.070295e+01 -7.269061e+00 -1.086398e+00 1.029590e+01 -8.968530e+00 3.159819e+00 -2.517858e+00 4.381160e+00 1.056110e+01 -7.216230e+00 -1.420653e-01
-9.326058e+00 -1.101888e+01 -5.321196e+00 1.194109e+00 8.996256e+00 -5.954809e+00 2.409749e+00 -3.729964e+00 2.253824e+00 7.099686e+00 -6.368231e+00 -8.226619e-01
-1.002998e+01 -6.559459e+00 1.069548e+00 -1.363870e+00 6.228060e+00 2.641103e-01 -1.410355e+01 9.063050e+00 3.111450e+00 1.703790e+00 1.492808e+00 6.222396e+00
-8.111626e+00 -5.731720e+00 2.400401e+00 -3.593425e+00 6.521135e+00 -1.707372e+00 -1.618266e+01 7.532399e+00 1.363683e+00 -2.013315e+00 8.613002e-02 6.401237e+00
-5.802563e+00 -3.854940e+00 -1.128582e+01 -8.449234e+00 6.022672e+00 6.850543e+00 -3.023778e-01 3.818998e+00 -3.642058e+00 8.671524e+00 -8.106299e+00 -1.070302e+00
3.268790e-01 2.060535e-01 4.189259e+00 7.334883e+00 7.428588e+00 1.392295e+00 6.062087e+00 4.941082e+00 -1.257104e+01 -9.544568e+00 -2.158729e+00 -6.445806e-01
1.841609e+00 6.537472e+00 8.028020e+00 5.592369e+00 3.496321e+00 -1.131575e+00 5.575922e+00 7.168135e+00 -1.226582e+00 2.533679e+00 8.607702e+00 5.745990e+00
-2.614220e+00 -3.048721e+00 -1.258276e+01 -7.944607e+00 3.266887e+00 5.658599e+00 6.251418e+00 -4.728884e-01 -8.801552e+00 7.297707e+00 3.242931e+00 1.208141e-01
-1.467439e+00 9.031953e+00 2.311231e+00 4.971555e+00 4.080498e+00 -3.915925e+00 -2.189385e+00 -5.606579e+00 -7.335781e+00 -1.208352e+00 -7.688676e+00 -6.852649e+00
1.218166e+00 2.164901e+00 5.090994e+00 1.807778e+00 3.240559e+00 -2.384439e-01 3.663184e+00 9.484957e+00 -1.122803e+01 -5.744435e+00 7.522008e+00 2.994614e+00
-1.373517e+00 5.546479e-01 -1.216718e+01 -3.869851e+00 -5.430846e-01 7.357876e+00 8.674296e+00 -3.751001e+00 -1.282008e+01 -2.289285e+00 -7.344978e+00 -1.551071e+00
-1.464133e-01 3.330378e+00 5.132860e+00 3.636797e+00 6.941545e+00 2.686580e+00 4.551559e+00 9.794553e+00 -1.468307e+01 -5.670428e+00 1.700263e+00 -3.998371e+00
2.442741e-01 6.071434e-01 3.389579e+00 4.326770e+00 2.581750e+00 1.884901e+00 6.425539e+00 9.707439e+00 -6.234222e+00 -4.733833e+00 4.893361e+00 8.535721e+00
-1.974713e+00 1.787890e+00 3.082458e+00 7.476187e+00 9.445224e+00 2.475340e+00 9.828368e+00 1.170753e+01 2.758535e+00 4.755054e+00 5.783032e+00 3.550344e+00
-3.236964e+00 -6.286285e+00 -1.216577e+01 -2.428041e+00 2.407658e+00 3.273499e+00 -3.346029e+00 -5.170993e+00 -4.678082e-01 7.852812e+00 -5.497922e+00 -1.412006e+00
-3.316932e+00 -1.029478e+01 -9.323546e+00 3.043785e+00 4.299432e+00 -1.417864e+00 -8.632403e+00 -9.716398e+00 5.152147e+00 7.508246e+00 -5.103511e+00 2.545254e+00
-3.563622e+00 -9.219584e+00 -6.412564e+00 2.598329e+00 4.816771e+00 1.473321e-01 3.176755e-01 -2.950315e+00 3.635146e+00 1.183881e+01 -2.967684e+00 8.134735e-01
-6.088770e+00 -5.017944e+00 -6.876165e+00 -1.769829e-02 9.625105e+00 -3.685256e-01 -1.070060e+01 2.239660e+00 5.528564e-01 1.791507e+00 -4.471811e+00 5.521722e-01
-2.870393e-01 1.635410e+00 6.062326e+00 7.684583e+00 5.096653e+00 3.261747e+00 6.364645e+00 3.051004e+00 -5.116814e+00 -1.253898e+00 9.371748e+00 3.519550e+00
-3.291711e+00 -6.983706e+00 -6.574552e+00 2.181087e+00 3.402167e+00 3.232408e-01 -7.019500e+00 -5.094103e+00 8.526775e+00 4.093615e+00 -5.115033e+00 9.508423e+00
-3.246393e+00 9.325628e-01 -9.719480e+00 -2.233810e+00 4.628181e-01 9.351926e+00 3.533974e+00 -1.702064e+00 -6.854596e+00 -5.889006e-01 -2.458273e+00 3.563466e+00
-1.267032e+00 3.422787e+00 5.016817e+00 1.249516e+01 7.895653e+00 3.846059e+00 5.851255e+00 5.751834e+00 -4.416755e+00 -1.304043e+00 3.228783e+00 -5.158758e-01
-7.091769e+00 6.450235e+00 8.004184e-01 5.838596e+00 4.458483e+00 8.857703e+00 3.444600e+00 6.095998e+00 4.329787e+00 1.490700e+01 -1.431187e-01 4.114933e+00
-1.849958e+00 1.226587e+00 4.223433e+00 8.990170e+00 8.352903e+00 5.478971e+00 8.354820e+00 5.471266e+00 -2.099986e+00 1.517983e+00 5.377697e+00 5.541332e+00
-5.695600e+00 3.021271e-01 -5.107406e+00 1.093501e+00 2.035978e+00 8.547003e-01 -4.584150e+00 -1.599919e+00 6.389983e-01 5.238459e+00 5.140564e-01 3.845855e+00
-3.173762e+00 4.794204e+00 5.684802e+00 9.624989e+00 9.098148e+00 4.997278e+00 9.826924e+00 4.201142e+00 -1.243105e+00 2.671441e+00 5.294652e+00 -2.163861e+00
-1.710250e+00 5.546854e+00 4.035995e+00 8.902106e+00 9.176935e+00 5.000947e+00 4.502783e+00 4.773799e-01 1.874517e+00 7.150841e+00 6.364989e+00 8.389779e+00
-1.111840e+00 5.253975e+00 5.189510e+00 6.393348e+00 4.198788e+00 3.900202e+00 9.215079e+00 6.152743e+00 -2.831126e+00 -1.144841e+00 3.099240e+00 7.247024e-01
-2.762362e+00 4.629426e+00 4.977829e+00 1.324644e+01 1.488899e+01 7.828189e+00 6.753904e+00 -1.304114e+00 1.154099e+00 3.452145e+00 -2.959090e-01 -1.667719e-01
-1.555071e+00 3.935637e+00 6.497441e+00 8.042298e+00 5.240786e+00 2.990359e+00 8.094281e+00 4.132773e+00 -5.786761e+00 -4.189628e+00 7.947341e-01 3.144048e+00
-9.995764e+00 1.169554e+00 -1.128464e+00 3.949420e+00 1.425522e+00 2.392057e-01 2.983032e-01 3.714241e+00 5.706477e+00 1.415869e+01 5.075939e+00 8.107585e+00
-1.174596e+00 2.540053e+00 1.507652e+00 6.528876e+00 6.724928e+00 -1.500670e+00 6.667179e+00 3.549043e+00 -1.617721e+00 -8.412585e-01 4.314449e+00 4.542887e+00
-2.862685e+00 3.531788e+00 1.072063e+00 5.528146e+00 7.242534e+00 2.853444e+00 5.059196e+00 5.567059e+00 2.087574e+00 8.119062e+00 8.596433e+00 3.362790e+00
-2.565615e+00 4.906275e+00 3.203580e+00 9.979414e+00 1.225967e+01 6.711861e+00 6.393119e+00 -6.092587e-02 -5.686407e-01 2.353374e+00 3.809606e+00 5.012123e+00
-6.185415e+00 3.771194e+00 -2.000189e+00 5.601584e+00 5.457660e+00 5.617470e+00 -9.700775e-03 1.248117e+00 2.955267e-01 5.232583e+00 3.461859e+00 4.695072e+00
-2.907967e+00 4.168199e+00 2.571294e+00 9.603523e+00 8.579459e+00 3.549466e+00 8.760040e+00 6.548127e+00 -1.471791e-01 5.298793e+00 -2.107275e+00 3.363793e+00
-3.761784e+00 4.597672e+00 1.422619e+00 6.274426e+00 1.201519e+01 9.506184e+00 1.037623e+01 3.796534e+00 -2.566705e+00 1.032611e+00 4.049433e+00 6.414879e+00
-3.317339e+00 3.517392e+00 1.468232e+00 8.165303e+00 1.027058e+01 7.716642e+00 4.235868e+00 1.799518e+00 4.264227e+00 6.150856e+00 3.268590e+00 4.728116e+00
-6.723684e+00 1.637632e+00 -4.334620e+00 1.134019e+00 2.278881e-01 -3.215775e+00 -2.111513e+00 -2.910517e+00 -3.897003e+00 9.365395e+00 4.518612e+00 5.958967e+00
-3.015675e+00 3.691164e+00 -7.171296e-01 4.823755e+00 9.495614e+00 7.239295e+00 9.566638e+00 3.145501e+00 -2.047510e+00 4.062257e+00 6.255896e+00 8.457427e+00
-9.117829e+00 1.367806e+00 -3.625011e+00 2.836708e+00 4.294293e+00 1.153821e+00 1.873175e-01 -6.784758e-01 4.977722e+00 1.318315e+01 3.031123e+00 6.786573e-01
-2.567677e+00 4.947571e+00 3.286892e+00 7.154880e+00 1.171538e+01 7.668850e+00 8.676724e+00 4.475215e+00 1.438645e+00 6.251233e+00 -3.380899e+00 -5.333099e-01
-1.014164e+01 8.993211e-01 -1.514272e+00 4.439171e+00 1.317652e+00 -5.494390e+00 -5.473937e+00 -4.871253e+00 3.340789e+00 8.199153e+00 -3.504872e+00 1.813628e+00
-3.002089e+00 4.049161e+00 1.951768e+00 7.337913e+00 1.171286e+01 6.847475e+00 6.679812e+00 4.769399e+00 2.949455e+00 3.759779e+00 -1.110494e-02 3.843857e+00
-7.889222e+00 4.959626e+00 1.239450e+00 5.088525e+00 7.697001e+00 2.520198e+00 1.081202e-01 1.987989e+00 3.521236e+00 8.486855e+00 3.952298e+00 9.131484e-01
-2.434510e+00 5.156573e+00 2.280214e+00 6.845868e+00 7.315815e+00 5.853679e+00 1.924629e+00 -2.258656e+00 -2.902493e-01 3.499127e+00 2.216833e-01 2.655383e+00
-8.494844e+00 4.169904e+00 -2.115480e-01 3.700519e+00 2.081520e+00 -2.130723e+00 -2.693447e-01 -2.325279e+00 -6.710768e-02 4.996023e+00 -1.205387e+00 1.270300e+00
-6.403174e+00 5.514796e+00 3.173907e+00 5.839659e+00 5.705382e+00 -3.280606e+00 -6.609263e+00 -6.770876e+00 -2.857798e+00 3.062220e+00 -5.464495e+00 -1.669827e+00
-7.998242e+00 1.610542e+00 -4.184586e-01 1.702317e+00 2.003961e+00 -3.989481e+00 6.574017e-01 1.415071e+00 2.875042e+00 2.463965e+00 -4.651884e+00 5.033900e+00
-7.314430e+00 2.940881e+00 4.639803e-01 2.627932e+00 6.224921e+00 6.158550e+00 3.926740e+00 4.934384e+00 5.927743e+00 8.133982e+00 -9.600064e-01 -1.966507e-01
-9.254490e+00 1.018083e+00 -2.695766e-01 4.999660e+00 4.638979e+00 -1.503008e+00 -3.560766e+00 -3.433666e+00 2.747641e+00 6.608523e+00 4.653330e+00 3.965328e+00
-8.100266e+00 3.752984e+00 -2.539022e+00 1.264668e+00 3.898392e+00 -2.745096e+00 -5.875221e-01 -1.460733e+00 3.343647e+00 1.154879e+01 1.778302e+00 8.813773e-01
-9.528828e+00 -2.673235e-01 -3.484753e+00 1.802458e+00 5.013451e+00 -1.557756e+00 4.797820e+00 4.178680e-01 7.838461e-01 4.547296e+00 6.046321e-01 2.027274e+00
-1.012423e+01 3.549099e-02 -2.939958e+00 2.550723e+00 4.879135e+00 -7.211714e-01 7.890326e-01 -1.051992e+00 7.685544e+00 1.422640e+01 7.635129e+00 9.349916e+00
-7.382768e+00 2.420031e+00 -8.815305e-01 1.511946e+00 4.885860e+00 -3.517028e-01 7.589583e-01 1.035197e+00 1.487047e+00 7.199229e+00 2.559931e+00 3.507699e+00
-9.011524e+00 1.294407e+00 1.090560e+00 2.910671e+00 3.495960e+00 -2.771862e+00 8.405661e-01 -2.677829e+00 8.527207e-01 1.067673e+01 5.559351e+00 5.186519e+00
-8.204226e+00 2.558170e+00 1.253512e+00 5.629823e+00 7.664614e+00 -7.045156e-02 -1.761978e-01 -2.213728e-01 3.000985e+00 1.721741e+00 -2.794404e+00 -2.998147e-01
-9.424457e+00 1.211143e-02 -2.045314e+00 3.112822e+00 2.412380e+00 -7.329405e+00 -5.460005e+00 -4.647313e+00 2.646013e+00 9.838046e+00 9.099689e-01 4.707520e+00
-8.304330e+00 3.317159e+00 3.963678e-01 2.022751e+00 3.065911e+00 -6.726052e-01 -6.113470e-02 -4.355641e-01 -1.280584e-01 3.077419e+00 3.559886e+00 7.025107e+00
-9.500948e+00 1.685605e+00 -1.951110e+00 -1.510015e+00 1.505147e+00 -3.731761e+00 -3.287345e-01 -9.662294e-02 8.749437e+00 8.433310e+00 4.347441e+00 3.839888e+00
-1.067667e+01 -1.672356e+00 -3.660629e+00 1.824538e+00 3.847472e+00 -3.656708e+00 -3.956736e+00 -5.319598e-01 6.422676e+00 7.423171e+00 2.292335e+00 2.141635e+00
-9.026008e+00 3.879111e-01 -7.974215e-01 2.329793e+00 4.794938e+00 1.020017e-01 2.655606e+00 -2.972253e+00 2.480483e-01 7.096793e+00 2.826480e+00 6.589931e+00
-9.781070e+00 2.267108e+00 3.032218e-01 2.813964e+00 4.910790e+00 1.462077e+00 7.900921e-01 -3.620815e+00 5.293555e+00 1.111195e+01 2.490272e+00 2.198169e+00
-9.250769e+00 1.494272e+00 -1.791961e-01 4.095666e+00 3.930108e+00 -7.743307e+00 -3.213654e+00 6.905714e-01 3.485424e+00 6.773431e+00 2.019513e-01 -4.288602e-01
-9.459088e+00 -1.408947e-01 2.035021e+00 3.026631e+00 3.811057e+00 -3.136986e+00 -4.835976e-01 -4.655151e+00 -9.565134e-01 4.396597e+00 -2.871542e+00 4.132449e+00
-8.341012e+00 4.215486e-01 8.758735e-01 3.212550e+00 5.470152e+00 -2.372321e+00 -3.954280e+00 -3.645922e+00 8.461356e-01 3.697687e+00 3.606125e-01 3.323872e+00
-1.044168e+01 -3.549910e-02 -3.274442e+00 -6.196853e-01 4.151606e+00 1.499272e+00 4.988461e-01 2.458867e+00 8.090845e+00 1.225069e+01 6.182755e+00 2.434327e+00
