7.813470e+00 -7.585982e+00 -1.160683e+01 -3.321534e+00 -1.491906e+00 2.955654e+00 -5.864860e+00 -1.452981e+01 1.036349e+01 8.627610e-01 -9.236206e+00 -8.815211e+00
8.108006e+00 -7.289237e+00 -1.137398e+01 -4.624317e+00 -7.424569e-01 3.704638e+00 -5.898555e+00 -1.544520e+01 1.197365e+01 7.417564e-01 -1.091398e+01 -5.863445e+00
7.504515e+00 -7.006300e+00 -1.151850e+01 -3.882580e+00 -1.957139e+00 2.996454e+00 -5.326598e+00 -1.397082e+01 9.743035e+00 6.704912e-01 -8.427174e+00 -1.071825e+01
6.266233e+00 -5.891321e+00 -1.227913e+01 -3.724170e+00 -8.929167e-01 8.914004e-01 -6.156191e+00 -1.016620e+01 9.659353e+00 -2.607457e+00 -6.786922e+00 -1.004713e+01
6.620082e+00 -8.287852e+00 -1.027289e+01 -1.323179e+00 -2.313032e+00 4.785208e+00 -8.342467e+00 -8.638586e+00 1.517971e+01 -4.246066e+00 -4.518853e+00 -6.043913e+00
8.622183e+00 -6.541857e+00 -1.149698e+01 -5.995871e+00 1.345845e+00 2.668309e+00 -5.618172e+00 -1.469160e+01 1.236947e+01 -9.728851e-01 -7.729130e+00 -8.140388e+00
7.396218e+00 -7.924876e+00 -1.219273e+01 1.126248e+00 -4.029395e+00 3.956421e+00 -4.796195e+00 -9.959338e+00 1.547543e+01 -1.472640e+00 -7.760555e+00 -2.121923e+00
8.616488e+00 -7.897440e+00 -1.173510e+01 -1.854118e+00 -3.782466e+00 5.799667e+00 -4.369864e+00 -1.717857e+01 1.579684e+01 -4.313223e+00 -5.504406e+00 -6.285273e+00
6.404094e+00 -7.508776e+00 -1.115038e+01 -2.732497e+00 -1.569177e+00 -2.349323e-02 -8.010829e+00 -6.363545e+00 8.129067e+00 -2.426069e+00 -1.142105e+01 -6.495396e+00
7.751880e+00 -7.721698e+00 -1.154546e+01 -2.570298e+00 -6.782246e-01 4.987989e+00 -7.996581e+00 -1.091494e+01 1.627079e+01 -5.218124e+00 -4.567802e+00 -4.582059e+00
9.003472e+00 -7.352407e+00 -1.199296e+01 -2.511258e+00 -6.079149e-01 5.787987e+00 -8.319712e+00 -1.080567e+01 1.568791e+01 -5.128434e+00 -4.716516e+00 -2.977711e+00
9.481947e+00 -7.446393e+00 -1.218390e+01 -3.606133e+00 -3.247428e-01 3.715189e+00 -6.177826e+00 -1.394767e+01 1.311442e+01 -2.880974e+00 -6.956446e+00 -5.890509e+00
8.266714e+00 -6.803852e+00 -1.232644e+01 -2.980278e+00 -1.127327e+00 5.854553e+00 -7.411054e+00 -1.281921e+01 1.500739e+01 -4.161358e+00 -6.773430e+00 -2.785177e+00
8.402230e+00 -6.309328e+00 -1.327603e+01 -2.827767e+00 -8.352156e-01 4.081962e+00 -6.025172e+00 -1.404338e+01 1.423895e+01 -5.623012e+00 -4.554151e+00 -5.704701e+00
7.643383e+00 -8.610239e+00 -1.111190e+01 1.245539e+00 -2.911126e+00 2.000373e+00 -4.686969e+00 -6.018270e+00 1.413213e+01 -1.960564e+00 -6.071425e+00 -2.892315e+00
6.937238e+00 -8.689119e+00 -9.831467e+00 1.346325e+00 -5.934946e+00 3.542458e+00 -5.917916e+00 -5.172297e+00 1.454819e+01 -4.081202e+00 -4.418990e+00 -4.647445e+00
7.153539e+00 -7.716362e+00 -9.235556e+00 1.266781e+00 -4.269990e+00 2.658159e-01 -3.121015e+00 -2.166278e+00 1.327057e+01 -2.709392e+00 -5.690782e+00 -2.449754e+00
7.148468e+00 -7.678906e+00 -8.961715e+00 -3.370108e+00 -3.074246e+00 5.348527e-02 -8.213983e+00 -3.443458e+00 9.962187e+00 -6.309946e+00 -7.435960e+00 -9.589507e+00
6.519058e+00 -7.941578e+00 -8.637248e+00 1.458138e+00 -6.673731e+00 -9.428751e-01 -2.832241e+00 -1.283594e+00 1.218980e+01 -6.357677e+00 -3.179590e+00 -4.535966e+00
6.020899e+00 -8.090617e+00 -5.891453e+00 -5.390362e-01 -7.968637e+00 -2.341258e+00 -1.473519e+00 -2.049434e-01 8.465091e+00 -6.442601e+00 -3.215859e+00 -4.300691e+00
5.413682e+00 -7.536545e+00 -4.113619e+00 -7.271531e-01 -1.041747e+01 -2.357596e+00 -5.942822e-03 -3.643858e-01 9.655818e+00 -8.837379e+00 -2.028490e+00 -3.911161e+00
5.259843e+00 -7.148801e+00 -2.899016e+00 4.608451e-02 -1.222698e+01 -4.584881e+00 2.322320e+00 3.777478e-01 7.305901e+00 -9.328753e+00 -2.086773e+00 -2.660849e+00
4.922585e+00 -3.823783e+00 -7.679996e+00 -5.225002e+00 1.746088e+00 -9.096860e+00 -4.093507e+00 -8.968818e-01 5.028358e+00 -2.602057e+00 -1.574426e+01 -4.542587e+00
4.884089e+00 -6.461900e+00 -6.401247e-01 -1.129375e+00 -1.489878e+01 -4.082389e+00 2.970544e+00 1.351550e+00 3.446629e+00 -5.706067e+00 -4.833243e+00 -1.653677e+00
4.663540e+00 -6.320901e+00 2.773547e+00 -2.028182e+00 -1.766604e+01 -5.488179e-01 6.700311e-01 4.248729e+00 9.010534e-01 -5.976598e+00 -1.376285e+00 -4.353804e+00
5.449317e+00 -5.922029e+00 5.127622e+00 -3.220819e+00 -1.814429e+01 -1.135983e+00 1.144364e+00 5.297869e+00 -2.837249e+00 -7.159593e+00 1.419901e+00 -7.752823e+00
5.333934e+00 -5.655470e+00 8.325796e+00 -5.185065e+00 -1.928564e+01 4.298687e-03 2.193524e+00 5.866898e+00 -7.618999e+00 -4.922733e+00 -1.054176e+00 -6.952116e+00
4.700578e+00 9.764800e-01 -4.144455e+00 -7.699717e+00 1.552567e+00 -1.476709e+01 -1.015900e+01 1.766936e+00 2.387209e+00 -3.616743e+00 -1.087056e+01 -3.735900e+00
5.712467e+00 -3.568469e+00 8.974913e+00 -6.471083e+00 -1.942341e+01 2.018490e+00 2.058003e+00 4.025766e+00 -7.603381e+00 -8.742363e+00 -6.104741e-01 -6.297586e+00
6.816215e+00 -3.069339e+00 1.172842e+01 -9.297191e+00 -1.816908e+01 3.923215e+00 1.944835e+00 4.102205e+00 -1.030620e+01 -1.174302e+01 2.564616e+00 -7.389012e+00
1.079702e+01 -3.115670e+00 7.347957e+00 -6.076045e+00 -1.208657e+01 -7.461121e-01 4.455686e+00 9.138981e-01 -1.301588e+01 -1.486822e+01 4.129603e+00 -3.119361e+00
4.668854e+00 9.353549e+00 -2.739377e+00 9.965482e+00 -1.404608e+01 -9.354279e+00 1.864757e+00 -1.337140e+00 -5.627649e+00 -7.676502e+00 -7.930789e+00 -7.374780e+00
5.721911e+00 3.236274e+00 3.644677e+00 1.191192e+00 -8.098181e+00 -1.063086e+01 -3.903771e+00 4.500750e+00 -6.740497e+00 -5.973857e+00 -7.275683e+00 -8.129722e+00
7.249062e+00 3.014213e+00 8.564802e+00 -9.438588e-01 -6.616110e+00 -8.159580e+00 -8.824866e+00 -4.600399e+00 -5.598072e+00 -5.965910e+00 -2.241968e+00 -6.153677e+00
1.175671e+01 -1.038542e+00 3.088287e+00 -5.192341e+00 -5.294956e+00 -6.773783e+00 5.362197e+00 8.804069e-01 -1.673635e+01 -1.366332e+01 8.801563e+00 -8.003472e+00
1.082977e+01 -6.133550e-01 2.497316e+00 -5.769396e+00 -3.558836e+00 -8.459157e+00 2.326700e+00 6.154934e-01 -1.922126e+01 -1.092114e+01 6.543379e+00 -9.803118e+00
1.013038e+01 8.035359e-01 2.677187e+00 -3.032133e+00 -4.942262e+00 -6.378533e+00 3.529935e+00 -1.727281e-01 -1.848854e+01 -1.140176e+01 7.577636e+00 -8.744683e+00
5.232532e+00 4.336885e+00 3.817738e+00 3.735475e+00 -1.162741e+01 -4.388700e+00 -2.458276e+00 2.260637e-02 -4.670986e+00 -5.785110e+00 -3.805205e+00 -3.393274e+00
1.158228e+01 4.148207e+00 7.340869e+00 3.074470e+00 -1.064547e+01 -1.393967e+01 9.109061e-01 2.864920e-01 -1.190040e+01 -4.225744e+00 -5.816333e-01 -5.700130e+00
1.055294e+01 1.677334e-01 3.148318e+00 -2.526265e+00 -3.274250e+00 -7.973390e+00 1.655034e+00 1.781343e-01 -1.767950e+01 -5.989363e+00 6.441740e+00 -1.188636e+01
9.978752e+00 4.150981e+00 3.954483e+00 -2.898860e+00 -1.941511e+00 -2.790187e+00 2.084153e+00 -1.244955e+00 -2.019718e+01 -1.033800e+01 4.310350e+00 -5.807036e+00
9.881569e+00 4.144046e+00 5.261105e+00 -1.898301e+00 -1.856433e+00 -2.799267e+00 1.498251e+00 -1.397500e-01 -1.977524e+01 -1.231811e+01 5.010470e+00 -6.446755e+00
7.908016e+00 5.012089e+00 6.540198e+00 -1.737422e+00 7.851505e-01 -6.119907e+00 3.082263e+00 5.362431e-01 -2.729571e+01 -1.215327e+01 6.758738e+00 -7.288475e+00
-1.254445e+01 -9.396642e+00 -8.976533e+00 2.520838e+00 9.241823e+00 9.585272e+00 1.619232e+00 -1.003589e+01 4.782056e+00 4.970322e+00 1.612952e+00 8.641631e+00
1.189074e+01 1.066939e+01 4.645438e+00 3.795626e+00 -8.753532e+00 -1.225365e+01 -1.232592e+00 -3.175538e+00 -1.010620e+01 -6.921627e+00 -1.219097e+00 -3.688394e+00
6.041614e+00 4.300471e+00 9.553998e+00 1.669571e+00 2.599505e+00 -6.013813e+00 2.081754e-01 1.671594e+00 -2.522034e+01 -1.133927e+01 5.265671e+00 -6.310532e+00
5.090747e+00 2.068112e+00 7.716137e+00 4.451914e+00 3.791751e+00 -4.433668e+00 -4.012489e-02 -7.149196e-02 -2.504795e+01 -1.291212e+01 5.183107e+00 -1.026307e+01
4.523396e+00 2.204904e+00 9.425994e+00 2.138804e+00 1.597410e+00 -4.086720e+00 6.987922e-01 -3.188782e+00 -2.990580e+01 -1.295480e+01 7.710424e+00 -2.555933e+00
-1.893936e+01 1.573234e+00 1.398178e+01 -4.031842e+00 4.904747e+00 1.263850e+01 3.977983e-01 5.379134e+00 1.905519e+01 4.287736e+00 8.119016e+00 1.247852e+01
4.297665e+00 2.998639e+00 6.895413e+00 -1.523086e+00 3.167663e+00 3.736229e+00 6.313265e+00 2.677637e+00 -2.681993e+01 -1.325566e+01 2.899529e+00 -8.541045e+00
-6.920411e+00 -3.795885e+00 -5.567886e+00 -2.116956e+00 -1.940637e+00 3.182856e+00 -4.491408e+00 -5.709977e+00 7.271023e+00 3.492919e+00 -6.417792e-01 4.718050e+00
-1.731429e+01 3.306017e+00 1.270477e+01 -3.069387e-01 1.382255e+01 5.089139e+00 3.925573e+00 9.376158e+00 1.008533e+01 1.150418e+01 4.715179e+00 6.796045e+00
-1.677937e+01 2.151866e+00 7.865978e+00 -6.700938e+00 7.979537e+00 3.644411e-01 1.154634e+00 3.354171e+00 5.901982e+00 1.115813e+01 -2.898597e+00 3.076646e+00
3.023015e+00 2.859513e+00 8.426287e+00 3.107193e+00 9.023190e+00 7.273717e+00 1.651417e+00 1.008319e+00 -2.073323e+01 -1.351876e+01 3.165121e-01 -1.977123e+00
-6.979133e+00 -2.138030e+00 -4.865221e+00 -9.139057e-01 1.019134e+01 6.697150e+00 -1.280280e+00 -7.217031e+00 1.244586e+00 6.572732e+00 -4.922305e-01 2.145846e+00
7.376418e-01 2.068939e+00 8.690364e+00 6.851470e+00 7.566335e+00 2.169730e+00 2.663297e+00 2.980932e+00 -1.475542e+01 -5.925478e+00 1.528607e+00 7.559264e-01
-9.947912e+00 2.928446e+00 9.554435e+00 -3.397289e+00 4.671321e-01 8.354274e+00 -2.756928e+00 -1.894233e+00 3.465200e+00 -1.184236e+00 8.305321e+00 1.344388e+01
-7.787621e+00 1.458315e+00 -2.864985e+00 -5.221841e+00 1.018686e+01 -6.813999e+00 -2.697158e+00 1.494982e+01 -4.865815e+00 8.728838e-01 -2.044695e+00 3.706884e-01
3.833051e-01 1.223636e+01 7.671796e+00 9.199883e+00 4.072052e+00 -3.993809e+00 -3.907698e+00 -4.201247e+00 -5.981004e+00 1.078497e+00 -5.299105e+00 -5.921178e+00
-2.425861e-01 8.157238e-01 3.892230e+00 3.403922e+00 3.614216e+00 5.878273e+00 7.277888e+00 6.347847e+00 -6.970788e+00 -1.226013e+00 5.714173e+00 2.247051e+00
-1.385801e+00 7.878424e-01 2.422303e+00 -2.288268e+00 6.081210e+00 4.870585e+00 4.972326e+00 5.595496e-01 -1.306741e+01 -3.358245e+00 6.914602e+00 6.588628e+00
-2.706180e+00 -2.037389e+00 3.911473e+00 3.532924e+00 6.128394e+00 9.619197e+00 1.291971e+01 1.720169e+01 -1.368335e+00 -1.006389e+00 3.663387e+00 4.108605e+00
-1.067420e+01 3.202969e+00 4.742904e+00 -3.628040e+00 3.224787e+00 3.115910e+00 -8.571683e+00 1.680246e+00 7.890872e+00 4.447983e+00 4.421914e+00 7.004715e+00
-6.826520e+00 1.210883e+00 -2.412386e+00 -1.348378e+00 3.986143e+00 7.899899e+00 1.071797e+00 -3.008666e+00 5.172181e+00 7.217708e+00 1.817840e+00 6.866001e+00
-2.886995e+00 -5.698556e-01 5.305382e+00 4.800611e+00 3.348189e+00 4.110402e+00 7.004394e+00 1.370974e+01 -2.256482e-01 1.206332e+00 6.440119e+00 5.157097e+00
-7.328457e+00 5.101058e-01 1.915467e-02 -2.022999e+00 4.461451e+00 3.102295e+00 -1.110266e+00 1.038190e+01 4.048281e+00 6.422723e+00 -5.485452e+00 6.789851e-02
-1.905995e+00 -9.243600e-01 5.136490e+00 4.493650e+00 5.748509e+00 2.061752e+00 2.552682e+00 6.980346e+00 -4.062428e+00 3.132918e+00 3.348852e+00 7.636170e+00
-3.303728e+00 -1.826305e+00 1.881508e+00 3.018370e+00 2.910889e+00 1.924985e+00 5.348745e+00 5.855425e+00 -2.987129e+00 -4.857750e-01 2.217561e+00 3.303151e+00
-2.299241e+00 -1.610558e+00 1.578048e+00 -7.006140e-01 4.372414e+00 2.510477e+00 8.143705e+00 9.779689e+00 -3.646491e+00 -7.206078e-01 3.440206e+00 6.582181e+00
-2.793956e+00 -6.076951e-01 3.892123e+00 2.226912e+00 5.702070e+00 1.292909e+00 7.618096e+00 8.621552e+00 -4.799292e-01 -4.295043e+00 -1.450493e-01 2.465093e+00
-3.206439e+00 6.869538e-01 2.573460e+00 1.513959e+00 3.704317e+00 -1.188878e+00 5.207620e+00 1.220278e+00 -5.433805e+00 4.616647e+00 1.039949e+01 5.950656e+00
-2.921602e+00 9.796209e-01 7.213662e-01 5.840072e+00 4.833976e+00 2.042773e+00 3.276761e+00 3.993873e+00 -3.350464e+00 1.175553e+00 -1.616243e+00 -1.101875e-02
-4.803180e+00 3.535284e+00 -9.166770e-01 1.054986e+00 3.452077e+00 3.982545e+00 3.682832e+00 2.430835e+00 -4.784930e+00 9.919111e+00 2.223501e+00 2.092105e+00
-3.024966e+00 3.116450e+00 4.063418e+00 4.947921e+00 1.166915e+00 -1.086947e+00 4.704489e+00 5.353812e+00 -1.377702e-02 -7.574148e-01 2.157114e+00 4.196853e+00
-7.073502e+00 4.707487e+00 2.794134e+00 4.418672e+00 1.264131e+00 1.065647e+00 2.242405e+00 1.299550e+00 -1.616682e+00 7.631217e+00 1.853138e+00 2.829293e+00
-1.807900e+00 2.162264e+00 4.025011e+00 -1.289385e-01 3.666275e+00 2.853684e+00 7.840885e+00 5.215612e+00 -1.920366e+00 -2.042090e+00 3.164400e+00 2.373311e+00
-8.786694e+00 5.445830e+00 4.069541e+00 -5.289437e-01 2.326829e+00 -3.075010e-01 -2.698012e+00 5.714653e+00 8.212293e+00 6.215282e+00 1.646803e+00 5.907915e+00
-4.726179e+00 6.199187e+00 3.987814e+00 4.470297e+00 2.188081e+00 -5.949767e+00 1.240807e-01 -2.326657e+00 -9.706602e+00 1.170687e+00 -4.989445e+00 4.604201e-01
-5.203218e+00 3.275730e+00 -7.167842e-01 3.670336e+00 5.129820e+00 6.971484e+00 6.323676e+00 5.788529e+00 2.143424e+00 4.463953e+00 1.215509e+00 5.415936e+00
-3.407224e+00 2.498581e+00 2.969937e+00 7.609124e+00 4.936185e+00 2.614405e-01 2.848969e+00 3.229907e+00 -1.087492e-01 6.858991e+00 3.530871e-01 4.861858e+00
-4.556075e+00 3.320205e+00 1.601870e+00 5.665094e+00 8.396656e+00 4.112820e+00 6.415895e+00 6.924682e+00 8.812050e+00 4.564831e+00 -2.797532e+00 8.097096e+00
-8.570185e+00 3.662442e+00 -3.103759e+00 5.388651e-01 5.955505e-01 -9.481498e-01 -2.484398e-01 -8.118455e-01 5.432868e-02 5.456165e+00 1.625510e+00 4.673028e+00
-6.778722e+00 4.433698e+00 -1.221806e-01 3.525727e+00 4.526817e+00 -4.795522e-01 1.608658e+00 1.801993e+00 1.994455e+00 1.537101e+01 4.640188e+00 9.385668e+00
-4.598343e+00 5.331141e+00 9.591714e-01 3.423090e-01 3.227918e+00 1.792313e-01 -3.739963e+00 -4.910832e+00 7.260714e-01 7.614908e+00 2.872075e+00 1.102582e+01
-6.444952e+00 4.947909e+00 -1.074668e+00 -1.627504e+00 1.599726e+00 -7.355538e-01 2.610021e-01 3.795511e+00 8.011482e+00 1.123231e+01 -4.041111e-01 3.852183e+00
-5.145479e+00 3.532053e+00 -1.961340e+00 2.572741e+00 4.515218e+00 3.005329e+00 5.324458e+00 5.167743e+00 7.016129e+00 1.160542e+01 6.566492e+00 6.427354e+00
-9.582872e+00 4.187511e+00 -4.834770e-01 8.295115e-01 3.320614e+00 3.069995e-01 -1.760918e+00 1.170938e+00 7.946801e+00 8.309124e+00 1.474095e+00 9.009938e+00
-6.867509e+00 5.551951e+00 2.695837e+00 5.695455e+00 6.833219e+00 8.345324e-01 1.959244e+00 1.048052e+00 4.887938e+00 1.249527e+01 7.253573e+00 8.370355e+00
-6.505718e+00 4.960695e+00 -1.068339e+00 9.905084e-01 3.536645e+00 -3.932686e+00 -8.018644e-01 4.152324e+00 3.685170e+00 9.320467e+00 1.766693e+00 6.548995e+00
-5.675683e+00 3.761676e+00 -2.541502e+00 3.165316e-01 9.240174e-01 -3.756553e+00 -4.814129e+00 1.438357e+00 2.081222e+00 1.014667e+01 6.410573e-01 4.080910e+00
-3.486880e+00 4.616007e+00 -1.723932e+00 -7.365989e-01 2.208344e+00 -3.209291e+00 -3.846804e+00 -1.801861e+00 -4.280198e-01 8.775352e+00 -2.669358e+00 4.776373e+00
-5.235712e+00 4.147825e+00 4.368444e-01 6.336977e+00 5.584859e+00 2.050641e+00 6.259749e+00 3.210736e+00 -2.932765e-01 5.206953e+00 -4.991671e-01 3.505496e+00
-7.404056e+00 5.022702e+00 5.877752e-01 1.612231e+00 4.021636e+00 4.564074e-01 2.334939e+00 -3.294487e+00 7.098956e-01 1.353601e+01 2.809097e+00 3.461098e+00
-6.336150e+00 5.323392e+00 1.935665e+00 1.002976e-01 4.535432e-01 -2.233415e+00 -2.486415e-01 5.191841e+00 3.430597e+00 5.645367e+00 9.909335e-01 7.017389e+00
-8.410255e+00 1.446734e+00 -1.907582e+00 1.387712e+00 4.102097e-01 -1.516211e+00 -7.944685e+00 -5.760727e+00 -1.494900e+00 1.062805e+01 4.267654e+00 5.110580e+00
-5.131309e+00 3.511305e+00 3.260266e+00 4.704971e-01 3.928945e+00 1.212945e+00 1.608889e+00 3.174200e+00 -5.676432e-01 1.185469e+01 4.376034e+00 9.022751e+00
-7.180405e+00 3.279725e+00 -1.987654e-01 3.159221e+00 7.362465e+00 -3.326056e+00 -1.272371e+00 2.758977e+00 6.203948e+00 1.312458e+01 3.876826e+00 2.538116e+00
-7.341794e+00 4.718271e+00 2.568687e+00 3.356241e+00 2.710249e+00 -3.746393e+00 2.048830e+00 5.066930e+00 3.114428e+00 6.499315e+00 5.573956e+00 4.183760e+00
-6.616676e+00 2.420600e+00 1.803179e+00 1.567714e+00 5.784002e+00 1.682521e+00 5.182474e+00 2.559480e+00 2.613858e+00 2.863534e+00 -3.817321e+00 3.035073e+00
-7.151838e+00 5.171607e+00 5.993356e-01 1.932903e-01 8.482843e+00 1.190594e+00 7.675204e-01 4.650088e+00 6.862482e+00 1.143887e+01 5.462509e+00 9.107758e+00
-9.106699e+00 1.549582e+00 -2.779666e-01 -4.622647e-01 4.053187e+00 -7.556766e-01 4.791853e+00 4.862682e+00 3.097653e-02 8.399134e+00 5.281025e+00 1.313383e+01
-5.437668e+00 2.098000e+00 -2.550849e+00 -1.105356e+00 1.102619e-01 -1.273319e+00 -4.777354e+00 -5.414331e-02 2.160363e-01 4.355247e+00 2.548445e+00 5.016024e+00
-7.043441e+00 1.124627e+00 1.233012e+00 6.874883e-01 7.355216e+00 2.325153e+00 6.489160e+00 4.920696e+00 1.923886e+00 6.278368e+00 6.773473e-01 1.737289e+00
-5.810452e+00 5.425561e+00 4.442401e+00 2.437299e+00 4.169645e+00 -3.116874e+00 3.287942e+00 2.742816e+00 5.966125e-01 6.687832e+00 -1.617292e+00 3.762594e+00
-7.546964e+00 3.169703e+00 1.365229e+00 1.512532e+00 3.650721e+00 2.480801e-01 6.266233e+00 1.543422e+00 1.961378e+00 1.179830e+01 2.567641e-01 5.904391e+00
-8.621347e+00 1.457637e+00 7.508622e-01 -7.789809e-01 2.047588e+00 -7.012383e-01 -2.227207e+00 6.704307e-02 4.821536e+00 1.483150e+01 3.788953e+00 3.929390e+00
