6.333479e+00 -7.828862e+00 -4.884554e+00 -5.976292e+00 2.250030e+00 9.611255e+00 -8.507166e+00 -9.075130e+00 1.061046e+01 -2.376896e+00 -3.684557e+00 -3.398827e+00
6.268466e+00 -8.070189e+00 -5.446062e+00 -4.639568e+00 4.939213e-01 8.041577e+00 -6.918237e+00 -9.607852e+00 9.244054e+00 -4.281510e+00 -2.697923e+00 -5.106926e+00
6.073483e+00 -8.140814e+00 -6.136621e+00 -1.513325e+00 -2.201761e+00 7.501303e+00 -5.969631e+00 -8.351752e+00 8.034824e+00 -3.714874e+00 -3.585779e+00 -6.117309e+00
5.650784e+00 -7.611985e+00 -5.407209e+00 -6.771045e-01 -1.808139e+00 3.748439e+00 -5.487160e+00 -2.811255e+00 5.969447e+00 -2.069145e+00 -6.926929e+00 -4.620992e+00
5.585630e+00 -7.328489e+00 -6.830522e+00 -2.669001e+00 -5.981927e-01 6.817370e+00 -7.254467e+00 -7.135074e+00 7.774247e+00 -4.087325e+00 -3.632552e+00 -6.623864e+00
6.525408e+00 -6.917691e+00 -6.261552e+00 -6.287670e+00 2.366416e+00 8.648290e+00 -6.527750e+00 -1.178725e+01 1.198639e+01 -2.010983e+00 -5.674634e+00 -1.132432e+00
6.774817e+00 -7.942049e+00 -6.883658e+00 -9.393443e-01 -2.091268e+00 5.696845e+00 -6.289943e+00 -5.457594e+00 7.424967e+00 -3.700337e+00 -7.108660e+00 -2.985497e+00
5.882264e+00 -7.282985e+00 -6.429842e+00 -3.809924e+00 1.431904e-01 7.375884e+00 -7.349007e+00 -7.749660e+00 7.687397e+00 -3.870320e+00 -2.708921e+00 -7.004763e+00
6.947378e+00 -6.250528e+00 -8.032849e+00 -3.881581e+00 2.103233e-01 1.070503e+01 -7.388543e+00 -1.237349e+01 1.357973e+01 -2.310612e+00 -4.264824e+00 -2.598473e+00
7.034575e+00 -5.681690e+00 -8.420572e+00 -3.270211e+00 -7.717695e-01 1.186683e+01 -8.701014e+00 -1.106541e+01 1.456370e+01 -3.662541e+00 -4.205630e+00 -9.034696e-01
6.328167e+00 -6.451347e+00 -6.221157e+00 2.209546e-01 -1.776475e+00 2.839944e+00 -4.730174e+00 -1.979869e+00 7.976232e+00 -4.198132e+00 -4.779126e+00 -5.153153e+00
7.288405e+00 -5.304939e+00 -8.826670e+00 -4.079867e+00 9.518700e-01 1.137105e+01 -7.391913e+00 -1.111619e+01 1.405217e+01 -1.862821e+00 -4.664477e+00 -1.323223e-02
6.948444e+00 -6.398097e+00 -7.498913e+00 -4.869300e+00 2.482061e-01 1.045413e+01 -7.246041e+00 -1.166475e+01 1.314912e+01 -4.529762e+00 -3.031243e+00 -3.258385e+00
6.510916e+00 -4.853893e+00 -9.296011e+00 -4.585642e+00 1.102063e+00 8.879277e+00 -5.645936e+00 -1.277566e+01 1.370334e+01 -1.206377e+00 -4.638088e+00 -1.715108e+00
7.627286e+00 -4.851090e+00 -9.551970e+00 -3.032484e+00 -3.471303e-01 9.266302e+00 -4.614859e+00 -1.240702e+01 1.403936e+01 1.937199e-02 -4.839718e+00 -1.525131e+00
7.972580e+00 -5.895520e+00 -7.401976e+00 -3.607554e+00 6.825256e-02 9.401880e+00 -6.228798e+00 -1.124778e+01 1.650907e+01 -2.658192e+00 -1.357560e+00 -3.967716e+00
7.327016e+00 -5.126134e+00 -8.791858e+00 -1.938044e+00 -6.089630e-01 6.924181e+00 -3.364893e+00 -1.467909e+01 1.715058e+01 -2.406199e+00 -4.534609e+00 -1.019034e+00
5.547621e+00 -5.090981e+00 -5.105395e+00 -1.645354e+00 -4.315583e+00 5.612263e+00 -1.090208e+01 3.155728e+00 8.789926e+00 -8.769072e+00 -1.244092e+00 -1.172449e+01
7.389864e+00 -4.895448e+00 -8.653909e+00 -2.294681e+00 -2.888680e-01 5.571636e+00 -3.657478e+00 -1.187214e+01 1.425019e+01 -1.124713e+00 -4.816807e+00 -2.388939e+00
5.053051e+00 -4.127008e+00 -5.749884e+00 -5.619293e-01 -4.079538e+00 4.996206e+00 -5.237984e+00 -6.237709e+00 1.500662e+01 -4.329699e+00 -3.587275e+00 -3.966056e+00
6.570636e+00 -4.906510e+00 -6.799672e+00 -1.952152e+00 -1.724454e+00 5.079773e+00 -3.221530e+00 -1.023854e+01 1.520798e+01 -2.901913e+00 -4.238555e+00 -1.703568e+00
5.707086e+00 -5.233668e+00 -4.644709e+00 6.516731e-01 -3.800768e+00 1.649037e+00 -2.391170e+00 -4.230657e+00 1.400826e+01 -3.225785e+00 -5.470722e+00 -5.256333e-01
6.358852e+00 -4.108107e+00 -7.572384e+00 7.252475e-01 -4.706048e+00 6.301707e+00 -3.880921e+00 -1.022656e+01 1.746099e+01 -3.682892e+00 -5.207483e+00 -1.602258e+00
4.963980e+00 -4.642583e+00 -2.401542e+00 8.748161e-01 -8.509628e+00 2.154615e+00 -5.284359e+00 6.205706e+00 5.742557e+00 -2.549519e+00 -3.813157e+00 2.459278e-01
5.148939e+00 -4.042370e+00 -4.055932e+00 3.430601e-01 -7.399655e+00 1.193113e+00 3.311381e-01 -4.033917e+00 1.190050e+01 -3.964369e+00 -5.484436e+00 7.577724e-01
6.658751e+00 -3.720816e+00 -2.128758e+00 -2.156359e+00 -6.479989e+00 3.916874e+00 -1.278985e+01 6.413502e+00 4.774837e+00 -5.595729e+00 -1.221306e+00 -1.285163e+01
4.918407e+00 -3.922485e+00 -1.349148e+00 1.069450e+00 -1.080321e+01 1.101772e+00 -2.943733e+00 7.068624e+00 4.520130e+00 -4.745031e+00 3.848076e-03 -2.532994e+00
5.242167e+00 -3.952206e+00 -2.509782e-01 1.202760e+00 -1.354355e+01 -1.530021e+00 2.618117e-01 4.890954e+00 6.103091e+00 -7.916716e+00 9.233072e-01 -1.995801e+00
4.782897e+00 -2.508192e+00 3.213488e+00 -3.057980e+00 -1.314823e+01 -2.200514e+00 4.225741e+00 3.987338e+00 3.430753e+00 -4.917790e+00 2.030257e+00 -2.316298e+00
2.141511e+00 -1.100494e+00 1.243094e+01 -5.404160e+00 -1.954261e+01 2.620884e+00 3.351132e+00 1.835696e+00 -3.980922e+00 -1.043235e+01 4.118485e+00 -6.882209e+00
8.777407e+00 -1.089094e+00 3.628462e+00 -2.810192e+00 -7.906486e+00 -2.571257e+00 -1.920431e+01 5.567941e+00 2.072136e+00 -3.458014e+00 -3.746579e+00 -7.011599e+00
2.679031e+00 -2.016557e+00 1.019394e+01 -3.509717e+00 -1.815787e+01 -1.545020e+00 4.908129e+00 1.781605e+00 5.088252e-01 -8.785658e+00 3.935220e+00 -5.396930e+00
5.299031e+00 -1.958905e+00 4.720601e+00 -2.227439e+00 -1.585478e+01 -1.900392e+00 5.937241e+00 2.436120e+00 3.521999e+00 -5.077489e+00 3.013282e+00 -2.133857e+00
4.302334e+00 -8.067291e-01 5.673043e+00 -8.150538e-01 -1.745550e+01 -4.567394e+00 8.610855e+00 8.089709e-01 1.151550e+00 -5.155744e+00 2.201118e+00 -3.924679e+00
3.926478e+00 -1.183096e+00 1.379013e+01 -4.645024e+00 -2.133434e+01 4.662298e+00 1.848081e+00 4.868842e+00 -7.540337e+00 -9.354700e+00 5.347734e+00 -7.622741e+00
6.081421e+00 -1.436611e+00 1.486872e+01 -5.069376e+00 -1.851211e+01 4.210040e+00 2.251918e+00 4.755178e+00 -9.676304e+00 -9.623606e+00 2.611142e+00 -1.516698e+00
8.232649e+00 4.931237e+00 9.527332e+00 2.196947e-02 -3.984403e+00 -1.063457e+01 -3.452199e+00 -1.340167e+00 -1.980480e+00 -4.482109e+00 -3.771058e+00 -6.682667e+00
9.300303e+00 7.787727e+00 6.360765e+00 4.910213e+00 -5.796012e+00 -1.154737e+01 -1.814970e+00 2.282743e-01 -5.377339e+00 -2.054203e+00 -3.089323e+00 -9.918682e+00
1.009113e+01 -1.149402e-01 1.005910e+01 -3.976444e+00 -7.912858e+00 -5.502469e+00 2.052691e+00 2.210989e+00 -1.391362e+01 -1.080425e+01 6.543455e+00 -3.657803e+00
1.063010e+01 7.647676e+00 7.616817e+00 4.307354e+00 -7.295008e+00 -9.957244e+00 1.722204e+00 8.228580e-01 -1.017025e+01 5.116243e-01 4.559243e-01 -1.025594e+01
9.417542e+00 2.011592e+00 6.062211e+00 -3.868193e+00 -2.304923e+00 -8.206768e+00 3.407961e+00 3.725769e+00 -1.532857e+01 -9.662403e+00 1.063070e+01 -8.333937e+00
1.108743e+01 8.521278e+00 8.444967e+00 4.102552e+00 -5.689743e+00 -1.344160e+01 4.324474e+00 1.749805e+00 -1.354839e+01 2.727980e+00 -2.707582e-01 -7.586382e+00
9.263360e+00 4.128692e+00 4.676905e+00 -1.324848e+00 -2.329265e+00 -7.201557e+00 3.672560e+00 6.191253e+00 -1.671516e+01 -8.304098e+00 1.017887e+01 -9.124656e+00
7.309710e+00 1.149124e+01 1.150453e+01 1.427841e+00 -4.977135e+00 -1.273108e+01 8.348627e-01 -1.442837e-01 -1.125434e+01 -1.432105e+00 1.308472e+00 -3.410795e+00
9.735103e+00 4.506906e+00 6.155481e+00 -1.699501e+00 -2.761282e+00 -6.913035e+00 3.056234e+00 5.989723e+00 -1.495917e+01 -7.115770e+00 8.218740e+00 -7.405590e+00
9.335567e+00 7.270268e+00 6.306241e+00 -1.283274e-01 -3.386819e+00 -3.503355e+00 6.106997e+00 3.989324e+00 -1.276896e+01 -7.992622e+00 7.200312e+00 -4.902382e+00
8.483875e+00 5.044681e+00 8.574910e+00 -1.368660e+00 -1.111133e+00 -6.241604e+00 -7.155385e-01 1.990540e+00 -1.349221e+01 -3.470963e+00 1.041523e+01 -5.212271e+00
-1.560268e+00 2.119940e+01 1.453248e+01 -1.012885e+01 2.160987e+00 -7.505744e+00 -4.794885e+00 -3.051391e+00 -8.856931e+00 -5.174919e+00 2.157058e+00 -4.418859e-01
8.199916e+00 1.830611e+00 6.294232e+00 2.637940e+00 1.974405e+00 -5.444510e+00 -4.179507e+00 -3.781126e-01 -1.232339e+01 -2.805824e+00 1.660460e+01 -6.591436e+00
7.594342e+00 5.979408e+00 7.161179e+00 5.257381e-01 3.510876e+00 -2.404350e+00 -2.420849e+00 8.669223e-01 -1.414387e+01 -6.600800e+00 9.167614e+00 -7.494430e+00
5.342892e+00 7.736609e+00 9.205877e+00 2.415626e+00 6.367502e-01 4.093232e-01 3.832667e+00 3.533773e+00 -1.400343e+01 -1.004478e+01 6.747983e+00 -2.679173e+00
4.024912e+00 7.299449e+00 1.073827e+01 4.060571e+00 4.070721e+00 -1.748182e+00 2.517693e+00 6.185318e-01 -2.069752e+01 -1.229884e+01 3.657413e+00 -2.594202e+00
6.281219e-01 6.178727e+00 1.003890e+01 5.097640e+00 9.068646e+00 1.820650e+00 1.912491e+00 -2.605022e+00 -2.291397e+01 -1.473553e+01 1.215407e+00 -3.797537e+00
-1.280427e+01 1.079127e+01 -3.549804e+00 4.709127e-01 2.781692e-01 2.184962e+00 -5.212414e+00 1.468629e+01 5.059592e+00 4.507827e+00 2.509667e-01 -1.150898e+00
-3.161688e+00 3.877554e+00 6.610739e+00 2.263741e+00 7.630053e+00 5.592740e+00 6.022642e+00 1.947508e+00 -2.262635e+01 -1.752600e+01 -3.398097e+00 -5.116700e+00
-5.744595e+00 -5.640623e+00 -5.760705e-01 -2.451764e+00 3.457308e+00 -2.264513e+00 -4.058058e+00 6.356376e-01 3.988643e+00 1.238339e+01 -6.231704e-01 7.457498e+00
-6.146905e+00 -6.294216e+00 2.025943e-01 7.994058e-01 2.478336e+00 -3.294670e+00 -6.847279e+00 -2.520716e+00 5.419474e+00 1.196047e+01 -2.623824e+00 1.037686e+01
-5.336008e+00 -5.011377e+00 2.289842e+00 -1.288132e+00 2.215262e+00 -4.809651e+00 -4.801393e+00 -5.580599e-01 4.168594e+00 1.321462e+01 2.194672e+00 7.278359e+00
-3.534904e+00 4.143312e-01 4.902721e+00 5.940937e-01 1.017986e+00 -1.841207e+00 9.797821e+00 8.685035e+00 -1.583512e+01 -6.766371e+00 7.376982e+00 5.819573e+00
-1.996201e+00 1.157410e+01 7.910298e+00 -1.530884e-01 8.271947e-01 -4.592755e+00 4.956685e+00 -1.937815e+00 -1.148949e+01 -3.631158e+00 1.965388e+00 -1.512334e+00
-6.390028e+00 -5.417915e+00 -5.964031e-01 -1.521863e+00 1.027674e+00 -3.000870e+00 -3.903428e+00 2.984959e+00 2.797369e+00 1.013508e+01 1.951966e+00 5.947260e+00
-3.666161e+00 -4.491256e+00 -3.709934e-01 -3.359764e+00 4.895272e-01 -3.378401e+00 -7.004395e+00 7.368061e-01 5.274184e+00 6.202421e+00 -1.162153e+00 3.832903e+00
-7.729712e+00 -2.399785e+00 2.536324e+00 7.912134e+00 2.608182e+00 -5.076973e+00 3.168245e+00 8.086839e+00 -3.514883e+00 1.358538e+00 6.311429e+00 8.012729e-01
-4.887752e+00 -4.015743e+00 5.746572e-01 1.699172e-01 3.309900e+00 -5.269205e+00 -4.561285e+00 1.002691e+00 7.723825e+00 1.168039e+01 1.595036e+00 6.349561e+00
-4.490402e+00 -3.753469e+00 -8.192687e-01 -5.772371e+00 -3.067785e+00 2.083542e+00 -3.484879e+00 -6.727984e+00 1.190695e+00 6.073289e+00 -4.176943e+00 6.126777e+00
-7.356905e+00 -4.146143e+00 -2.745950e+00 -3.769089e+00 3.750982e+00 -5.869234e-01 9.395971e+00 4.945560e+00 -1.895857e+01 -5.474156e+00 6.849811e+00 3.729171e+00
-7.255569e+00 -1.943463e+00 -7.465069e-01 2.153430e+00 4.241858e+00 -5.628470e+00 7.920112e+00 1.042609e+01 -5.962190e+00 9.933157e-01 5.071909e+00 2.066117e+00
-3.061521e+00 -3.613833e+00 -2.478058e+00 -2.414663e+00 1.928789e+00 -8.964764e-01 -5.020633e+00 -2.971004e+00 5.438048e+00 5.936005e+00 -1.719895e+00 7.417242e+00
-8.298099e+00 -3.636348e+00 2.968049e-01 5.312919e+00 8.266491e+00 -1.553788e+00 6.876519e+00 7.840030e+00 -5.315660e+00 3.460247e+00 1.061727e+01 5.254712e+00
-6.064227e+00 -4.649100e+00 -1.290579e+00 -1.510799e+00 -6.012039e-01 -3.641028e-01 -4.306798e+00 -4.991071e+00 -1.036893e+00 6.255019e+00 -4.662143e+00 1.464920e+00
-5.978609e+00 -4.154825e-02 2.298687e-01 1.422905e+00 3.034462e+00 -6.955512e-01 7.293249e+00 6.427217e+00 -1.290047e+01 -3.838070e+00 3.320658e+00 4.294590e+00
-6.569275e+00 -2.573526e+00 7.267864e-01 2.271203e+00 4.861798e+00 -4.058754e+00 3.774192e+00 4.440369e+00 -8.302503e+00 2.424772e+00 7.462811e+00 4.475494e+00
-6.422372e+00 -1.571610e+00 1.174645e+00 5.215065e+00 3.629850e+00 -4.321674e+00 1.171327e+00 5.567407e+00 -8.270258e+00 -5.186991e+00 -2.533103e+00 -1.055023e+00
-5.752781e+00 3.722909e+00 -7.781713e+00 -3.192082e+00 7.270651e-01 -1.946921e+00 3.091624e+00 1.196469e+01 1.857216e+00 -3.153717e+00 -1.115050e+01 -2.034097e-01
-4.675226e+00 -1.790301e+00 -2.495241e+00 -4.148394e+00 1.717352e+00 9.025686e-01 -1.827218e+00 2.792350e+00 9.092861e+00 2.089404e+01 5.179732e+00 7.805978e+00
-4.837096e+00 -1.600138e+00 1.802457e+00 3.320631e+00 3.771544e+00 -1.988348e+00 -5.115552e-01 4.892051e+00 -5.964432e-01 -2.810737e+00 -3.501857e+00 2.458946e+00
-7.129318e+00 -1.239155e+00 4.878352e-01 2.792867e+00 6.453937e+00 -6.763129e+00 -1.536929e+00 7.688698e+00 -4.935634e+00 -4.990564e+00 -2.387466e+00 6.145067e-01
-5.296226e+00 -2.512036e+00 -5.770322e+00 -1.462992e-01 9.121847e-01 -4.108190e-01 2.814875e-01 2.072180e+00 4.227203e+00 1.743752e+00 -6.436088e+00 4.668097e+00
-6.643702e+00 -1.822575e+00 -1.928324e+00 -3.469079e+00 -8.817883e-01 1.103915e+00 -4.287568e+00 -4.226380e+00 1.964960e+00 4.172544e+00 -8.450392e+00 4.026692e+00
-3.031515e+00 1.349504e+00 -7.395967e+00 -3.417704e+00 -1.748210e+00 3.350285e-01 -9.361711e-01 4.725680e+00 1.647310e+00 -5.274878e-01 -1.023773e+01 2.987746e+00
-3.885596e+00 -6.050971e-01 -3.866930e+00 -1.834645e+00 -1.215057e-01 -1.839959e+00 -3.293637e+00 -1.964292e+00 1.697553e+00 4.746954e+00 -4.481184e+00 8.354804e+00
-6.557600e+00 -2.383089e+00 -4.681496e+00 2.157341e+00 6.878569e+00 3.117192e+00 5.106246e+00 3.465149e+00 -8.878321e+00 -1.725091e+00 -2.861192e+00 4.573639e+00
-3.481263e+00 7.328005e-01 -5.250869e-01 2.573116e-01 5.833154e-01 -6.999655e+00 -5.237955e+00 -6.283678e+00 4.910255e+00 1.326235e+01 -2.571952e+00 6.643463e+00
-6.233849e+00 2.041130e+00 -1.497772e+00 7.348907e+00 8.107328e+00 -1.087112e+00 7.804580e+00 5.677604e-01 -2.841418e+00 3.088362e+00 -3.002504e+00 2.153049e-01
-6.724995e+00 -1.217811e+00 -1.712869e+00 6.202183e+00 1.098597e+01 4.416265e+00 6.435982e+00 -9.412426e-02 -5.269567e+00 2.635556e+00 2.148899e-01 2.194373e+00
-4.386108e+00 1.787980e+00 -2.238327e+00 1.089005e+00 -6.547632e-01 -6.490428e+00 9.208274e-01 5.166546e+00 2.545258e+00 1.117282e+01 -3.327113e+00 6.276783e+00
-6.757398e+00 4.287881e+00 8.948647e-01 6.418631e+00 3.299910e+00 -8.170889e+00 -4.090805e+00 -4.245024e+00 6.580573e-01 6.687037e+00 4.423599e-01 9.468238e+00
-5.649632e+00 -7.777250e-01 -5.557684e+00 2.991753e-01 6.982106e+00 -3.648637e-01 8.204193e+00 4.030718e+00 -2.736789e+00 1.323805e-01 -4.210514e+00 2.987148e+00
-6.201128e+00 9.959288e-01 -4.866632e+00 4.530693e+00 7.828550e+00 2.012056e+00 8.688424e+00 5.164844e+00 2.272936e+00 1.295388e+01 4.810035e+00 4.690165e+00
-5.330068e+00 2.899866e+00 -5.612034e+00 -2.867410e+00 3.734999e-01 -3.326146e+00 1.392127e+00 4.937037e+00 7.034852e+00 1.086838e+01 3.550585e+00 9.269323e+00
-4.206392e+00 2.037545e+00 -2.206944e+00 6.540421e+00 6.583730e+00 -3.055447e+00 4.575717e+00 2.455632e+00 -1.566810e+00 8.383647e+00 2.052276e+00 1.609095e+00
-6.011300e+00 3.121780e+00 -2.090826e+00 1.348619e+00 4.772939e+00 6.741270e+00 1.227732e+01 5.768620e+00 -2.201103e+00 9.188339e+00 8.131283e+00 8.939973e+00
-4.820598e+00 2.541224e+00 -3.684323e+00 -1.117919e+00 3.721102e+00 -2.036597e+00 9.152470e-01 -7.033186e-01 -1.326807e-01 5.626764e+00 2.127678e-01 5.067694e+00
-7.395370e+00 1.042407e+01 5.952231e+00 3.462782e+00 4.727766e+00 -3.653810e+00 8.163648e-01 -5.498017e+00 -9.126296e+00 1.594767e+00 -3.698057e+00 -3.714332e+00
-5.443416e+00 4.681090e+00 -7.655318e-01 5.995087e+00 3.599326e+00 -5.118649e+00 9.271183e-01 9.385061e-01 6.390471e+00 1.204830e+01 1.405070e-01 1.165766e+01
-5.274225e+00 2.358012e+00 -2.541370e+00 4.437641e+00 8.426445e+00 4.965368e+00 8.041024e+00 3.427117e+00 -3.005373e-01 5.551082e+00 1.716602e-02 2.352734e+00
-8.781381e+00 5.583797e+00 -2.415166e+00 4.881572e+00 4.564349e+00 -2.459580e+00 -5.421920e-01 -4.310662e-01 -1.192749e-01 6.375194e+00 2.346252e-01 1.981380e+00
-6.597256e+00 6.478908e-01 -3.070878e+00 2.671088e+00 1.088649e+01 2.874463e+00 1.036016e+01 6.186104e+00 -3.899824e+00 4.316879e+00 -3.417924e+00 4.135541e+00
-6.576457e+00 1.119943e+00 -3.832064e-01 5.080433e+00 9.477093e+00 5.629630e+00 1.247591e+01 9.042320e+00 1.592822e+00 8.304846e+00 2.340630e+00 2.423193e+00
-5.968475e+00 4.516880e+00 -8.540356e-01 3.625418e+00 4.676859e+00 -7.697660e-02 9.814763e+00 7.157231e+00 -5.774799e+00 5.743961e-01 4.816366e-01 2.560507e+00
-5.838412e+00 1.642040e+00 -3.516343e+00 2.566969e+00 6.548701e+00 -2.451481e+00 6.715742e+00 -1.692117e-01 -3.900424e+00 6.253699e+00 -4.353308e+00 4.798681e+00
-8.874834e+00 7.362326e+00 -5.177872e-01 1.358787e+00 7.466912e+00 1.430141e+00 -2.220058e-02 -4.003236e+00 -2.851455e-01 6.078935e+00 -2.877073e+00 1.801800e+00
-6.755976e+00 7.186155e-01 -2.603743e+00 3.232814e+00 8.070547e+00 1.427997e+00 8.496943e+00 5.071382e+00 1.041067e-01 5.554583e+00 4.383223e-01 7.378242e+00
-6.264903e+00 1.686069e+00 -7.665231e-01 1.941758e+00 1.012188e+01 2.802356e-01 8.810509e+00 1.641843e+00 -3.285852e+00 5.148964e+00 2.931629e+00 9.625544e+00
-7.409480e+00 9.962861e+00 5.537147e+00 5.628040e+00 8.417191e+00 2.863355e+00 4.458937e+00 7.174962e+00 4.578040e+00 1.319390e+01 7.607059e+00 5.709943e+00
-1.051148e+01 6.067124e+00 3.612096e-01 5.416588e-01 4.442015e+00 -9.857150e-01 5.699053e-01 -2.826021e+00 1.599015e+00 1.204671e+01 1.622108e+00 5.331021e+00
-7.472441e+00 9.610623e+00 5.474279e+00 1.920430e+00 6.909784e+00 4.571014e+00 6.617635e+00 -8.359100e-01 -5.934329e-01 8.788489e+00 6.481881e+00 6.596484e+00
-9.817254e+00 6.258110e+00 3.836225e+00 3.340438e+00 2.043400e+00 -1.887881e+00 2.958439e+00 -5.124928e+00 -3.593997e+00 2.822966e+00 -3.608427e+00 8.864856e-01
-8.256906e+00 7.560217e+00 1.973970e+00 6.843903e-01 4.002449e+00 -2.935104e+00 1.692821e+00 1.317342e+00 2.757139e+00 3.111475e+00 -7.751710e-01 2.295948e+00
