-2.402811e+00 -1.205450e+00 5.459448e-01 -2.062430e+00 3.942184e-01 8.077641e-02 -4.098107e-01 2.827765e+00 -2.259207e-02 -3.399458e+00 2.151849e+00 -4.521305e-01
-1.811829e+00 -2.423416e+00 1.286051e+00 -3.138219e+00 -5.205202e-02 1.607745e+00 -2.259239e-01 1.544673e+00 -1.397996e-01 -2.571382e+00 1.053720e+00 -2.590307e+00
1.879368e-02 -3.045364e+00 1.629679e+00 -2.677190e+00 -9.349661e-01 1.944450e+00 -7.610918e-01 1.092137e+00 4.953514e-01 -2.399055e+00 1.771371e-01 -2.152751e+00
-2.270031e+00 -5.876555e+00 8.074255e-01 -2.951646e+00 -2.096322e+00 1.818547e+00 -2.614339e+00 -1.017351e+00 1.621419e+00 -1.015456e-01 -8.070598e-02 6.895964e-01
-1.403934e+00 8.431614e-01 4.035835e-01 3.149359e-01 -6.018819e-01 -1.802871e+00 -4.431844e-03 2.140926e+00 1.628157e-01 -2.530735e-01 3.650215e-01 1.346182e+00
-2.034925e+00 -4.032342e+00 7.028462e-01 -2.075742e+00 -1.677430e+00 1.768792e+00 -2.025362e+00 -9.262981e-01 1.193401e+00 -4.411888e-02 -4.843577e-01 3.540466e-02
3.432966e+00 -9.993244e-01 1.640345e+00 1.671001e+00 -5.276758e+00 2.187451e+00 -2.638646e+00 -5.506557e+00 1.925393e+00 1.458261e-01 1.633288e+00 -3.349584e-01
4.248919e+00 2.013445e-02 9.239172e-01 2.425123e+00 -4.073344e+00 2.762806e+00 -3.285275e+00 -6.983800e+00 2.624520e+00 -1.630331e+00 1.848811e+00 -5.289838e-01
1.669609e+00 -2.134263e+00 1.117630e+00 1.843111e-01 -4.021427e+00 1.490497e+00 -1.539504e+00 -2.701532e+00 8.167610e-01 1.095126e+00 3.029429e-01 -3.102419e-02
-1.278392e+00 -1.762847e+00 1.471573e+00 -1.754806e+00 2.116548e-01 1.952451e+00 -5.173807e-01 7.752336e-01 1.386088e+00 -2.350288e-01 2.542108e-01 -4.026460e-01
2.509090e-01 -1.329607e+00 1.647762e+00 -8.119534e-01 -1.358933e+00 3.875739e-01 -1.510154e+00 1.885537e+00 1.104538e+00 -1.692976e+00 -7.407489e-02 -2.072694e+00
4.887028e-01 -8.760487e-01 9.193629e-01 8.994471e-01 -1.896451e-01 -2.293155e+00 4.995580e-01 1.496883e+00 -4.818018e-01 3.366342e-01 -2.150479e+00 5.091845e-01
4.429547e+00 5.157978e-01 4.295182e-02 1.457495e+00 -3.104405e+00 8.152801e-01 -3.407227e+00 -5.458497e+00 3.077193e+00 -2.046593e+00 2.295734e+00 -2.752083e-01
8.528045e-01 -5.755297e-01 5.939713e-01 -4.021028e-01 -1.179802e+00 1.041754e+00 -7.965509e-01 -1.313743e+00 2.086985e-01 1.132908e+00 -2.540665e-02 -1.355199e+00
5.703640e-03 4.431993e-02 1.492648e-01 5.862201e-01 -1.083436e-01 -1.125575e-01 -6.452431e-01 -1.561352e-01 -1.403650e+00 -2.582892e+00 -1.222924e+00 -1.006108e+00
-2.134751e-01 -7.344484e-03 3.778943e-01 7.469607e-01 1.842249e-01 2.597094e-01 -5.065321e-01 -6.123880e-01 -1.328987e+00 -1.768563e+00 -7.418078e-01 -1.255743e+00
-7.634725e-02 1.738579e-01 4.352865e-01 5.875315e-01 5.291336e-01 3.930585e-01 -1.059108e+00 -3.776167e-01 -1.973948e+00 -1.097014e+00 5.923818e-01 3.620073e-01
1.182768e-01 2.585577e-01 5.060417e-01 5.194167e-01 9.412729e-01 2.949915e-01 -1.111578e+00 -1.239540e+00 -1.921024e+00 8.604203e-01 1.627859e+00 8.281325e-01
1.354843e-01 6.044158e-02 2.401556e-01 -8.279217e-01 8.788189e-01 1.056503e+00 -5.721981e-01 -1.375802e-01 -1.884589e-01 4.518323e-01 1.361531e+00 3.874771e-01
5.833598e-01 -4.688513e-02 1.028888e-02 3.044719e-01 7.758335e-01 -2.832451e-02 -2.315570e-01 3.502375e-01 1.088550e+00 1.409534e+00 1.442863e+00 -4.786664e-01
3.214540e-01 -9.352303e-02 4.848361e-02 1.622153e-01 -3.542607e-02 1.563541e-01 4.102028e-01 2.462211e-02 3.060466e+00 2.046950e+00 -2.467713e-01 -1.433152e+00
1.064730e-01 4.025609e-01 2.765428e-01 1.914399e-01 -2.008928e-01 1.310732e-01 5.188611e-01 1.195159e+00 2.112593e+00 5.636984e-01 -2.627159e-01 1.186964e-01
-2.508450e-02 1.025785e-02 1.864806e-01 2.073080e-01 -4.137202e-01 -9.725562e-01 9.555845e-02 6.419357e-01 9.979931e-01 -4.213152e-02 -3.440835e-01 1.090822e+00
-4.922056e-02 -6.228092e-01 -4.978182e-01 -2.854500e-01 4.278750e-01 8.268489e-01 8.139011e-01 4.837005e-01 2.018053e-01 -1.842508e+00 -8.830572e-01 1.272131e+00
4.847763e-01 -7.361147e-01 -1.082257e+00 1.745142e-01 5.882772e-01 -5.471570e-01 -2.770981e-01 -4.564957e-01 -1.190322e+00 -4.632200e-01 2.614140e-01 6.728601e-01
5.030447e-01 -9.240482e-01 -1.066272e+00 2.893402e-02 4.585272e-01 -9.515136e-01 -1.860394e+00 -1.968759e+00 -1.066456e+00 5.199661e-01 -8.783702e-01 -5.084953e-01
5.639598e-01 -2.861066e-02 -4.782368e-01 1.049627e-01 7.785255e-03 -1.097555e+00 -1.867126e+00 -3.596944e-01 -1.601269e-01 4.238119e-01 4.089577e-01 -5.040680e-01
2.881292e-01 -5.173533e-02 -6.496487e-02 -5.011875e-01 -7.359730e-01 -1.714332e+00 -1.775603e+00 1.483494e+00 1.054606e+00 -6.656955e-01 2.580824e-01 -8.647151e-01
2.091393e-01 -2.775516e-01 4.165761e-01 4.334030e-01 -5.655295e-01 -5.822151e-01 6.845090e-01 1.384996e+00 5.117859e-01 -1.595022e+00 1.505344e-01 2.111651e-01
2.385862e-01 2.148222e-01 2.680808e-01 6.069835e-01 -7.410065e-01 -2.540440e-02 1.648437e+00 3.914469e-01 -9.164560e-01 -1.144760e+00 1.952543e-01 5.520125e-01
-2.955299e-01 1.361727e-01 1.191335e-01 1.108219e+00 3.620715e-02 2.271350e+00 2.062856e+00 -5.840983e-01 -1.554546e+00 -1.535955e-01 -2.877763e-01 -1.429486e-01
-7.381051e-01 8.870596e-02 -1.106704e-01 6.996825e-01 7.998119e-02 2.520666e+00 1.899428e+00 2.720375e-02 2.994907e-01 1.227361e+00 6.671828e-01 9.162224e-01
-9.054788e-01 1.057143e-01 3.853987e-01 1.237259e-02 -3.241405e-01 8.297886e-01 -9.076092e-01 -6.087321e-01 1.916788e-01 6.426181e-01 4.543310e-01 4.595276e-01
1.871001e+00 -6.664653e-01 -3.487960e-01 3.739358e-02 5.897555e-01 -4.964666e-02 1.881083e+00 -3.033335e-01 -1.161930e-01 1.704990e-01 -7.603605e-01 -1.163722e+00
1.649404e+00 -4.208794e-01 -1.308789e+00 3.929416e-01 8.478472e-01 -2.827947e-01 1.614420e+00 -9.764744e-01 4.418648e-02 -6.034553e-01 -6.142271e-01 1.016299e+00
9.313564e-02 1.402865e-01 -1.790815e+00 1.290457e+00 1.272705e+00 -2.254336e+00 4.228081e-01 -4.231413e-01 -5.463347e-01 -1.740903e+00 -1.002302e+00 2.695768e-01
-1.421046e+00 7.775105e-01 -3.418828e-01 6.262432e-01 -8.929962e-01 -2.450049e+00 -1.748953e+00 8.350698e-01 4.221951e-01 -1.211918e+00 8.977499e-01 2.027724e+00
-9.660096e-01 1.648969e+00 6.765103e-01 9.919142e-01 -1.748824e+00 -3.672855e-01 -2.428369e+00 8.881874e-01 1.001477e+00 -4.709545e-01 9.986663e-01 8.340729e-01
-9.014404e-01 1.833940e-02 -1.050436e+00 -1.233224e+00 -3.436611e-01 -3.807331e-01 -1.741975e+00 -3.074304e-01 2.813340e-01 -6.301287e-01 -1.785659e+00 5.355645e-01
-1.070080e+00 3.100012e-01 7.492687e-02 1.439497e-01 1.133835e+00 5.901675e-01 -1.138704e+00 -1.113868e+00 -5.562337e-01 -3.451096e-01 -1.863146e+00 9.813261e-01
-1.199260e+00 5.890435e-01 5.059298e-01 6.047594e-01 1.572066e+00 6.422803e-01 8.705245e-01 -9.753010e-01 -4.004373e-02 9.185436e-01 -1.441287e+00 -3.175451e-01
-1.296402e+00 3.973026e-01 1.925594e+00 1.171233e+00 4.341954e-01 8.489708e-01 3.052239e+00 2.943911e-01 7.463461e-01 1.932171e+00 8.199576e-01 -7.806599e-01
-9.478432e-01 4.483962e-02 1.850563e+00 5.064675e-01 -7.153025e-01 6.883977e-02 1.353806e+00 -2.362928e-02 1.683084e+00 1.078186e+00 7.393535e-01 -4.236461e-01
-1.029127e+00 -4.885778e-01 1.496419e+00 6.127708e-02 -4.428024e-01 2.273068e-01 -3.083475e-01 -1.011383e-01 5.897253e-02 -9.304434e-01 1.307824e-01 1.190219e-02
-1.018554e+00 -7.597774e-01 9.596212e-02 3.637645e-02 3.219467e-01 4.598888e-02 -2.038613e+00 -1.082490e+00 -1.918195e+00 -1.947417e+00 -2.978532e-01 8.325761e-01
-2.747306e-01 -3.098889e-01 -1.065802e+00 6.969871e-01 1.045239e+00 7.311756e-01 -1.167167e+00 -6.187340e-01 -1.650443e+00 -4.312337e-01 -3.277316e-01 9.082175e-01
8.580618e-02 -5.619112e-01 -1.210226e+00 4.586403e-01 1.288301e+00 1.301469e+00 7.242988e-01 1.074749e+00 -8.575533e-01 -1.663613e-01 4.111237e-01 1.503960e+00
5.900583e-02 -5.647156e-01 -1.278858e+00 -4.829767e-01 3.988285e-01 6.002364e-01 7.968690e-01 1.088593e+00 7.869971e-01 7.545635e-01 1.453665e+00 1.606135e+00
-3.150468e-01 -2.983031e-01 -8.470718e-01 -9.639930e-01 2.884708e-01 -1.499246e-01 3.939228e-01 6.412010e-01 1.722245e+00 1.070453e+00 1.003318e+00 1.098956e+00
-9.067271e-01 -8.817071e-01 -6.437228e-01 -1.156756e+00 -2.441862e-01 -1.569169e+00 3.769282e-01 5.846680e-01 1.032168e+00 4.326476e-01 9.848879e-02 -7.641982e-01
-7.588845e-01 -5.128158e-01 -1.673159e-01 -2.005311e-01 -8.589134e-01 -1.757828e+00 1.721067e-01 2.320779e-01 1.455727e-01 3.001519e-01 1.100562e+00 -1.622701e+00
-5.897515e-01 -6.050109e-01 -4.091080e-02 -9.544964e-02 -6.975223e-01 -1.064394e+00 2.521960e-02 4.983746e-01 1.946788e-01 -2.113050e-01 1.123290e+00 -6.581351e-01
-4.222866e-01 -3.596314e-01 2.308798e-01 -2.577691e-01 -7.289758e-01 -5.188948e-01 2.186813e-02 6.610206e-01 3.623396e-01 -2.392454e-01 2.050663e+00 3.606838e-01
-6.853676e-02 -1.540577e-03 6.867122e-01 4.432081e-01 -3.894362e-01 1.247118e+00 1.237529e+00 5.960310e-01 -4.355796e-01 2.651170e+00 1.693905e+00 9.410330e-01
1.408023e+00 -5.256773e-01 8.340255e-01 5.494177e-01 2.347015e-01 2.323777e+00 8.025559e-01 7.760301e-01 -1.939678e-01 1.081591e+00 1.423135e+00 4.258738e-01
-7.370644e-01 9.514788e-01 -3.412470e-01 -1.440634e+00 -1.265097e+00 -7.554721e-01 -1.010165e+00 9.946077e-01 1.847391e+00 9.644312e-01 -9.924228e-02 4.467126e-01
-1.001036e+00 1.970679e+00 -1.391450e+00 3.851634e-01 3.535759e-01 1.598628e+00 -6.080143e-01 -1.430201e+00 -1.166535e+00 1.380236e+00 7.621787e-01 -6.046910e-01
2.138753e+00 -1.903714e+00 1.223225e+00 2.562946e+00 7.200958e-01 -1.604483e+00 1.072442e+00 -2.310367e-01 -8.031464e-01 4.727245e-01 -3.990613e+00 -6.720305e-01
-1.224942e+00 2.007794e+00 -1.559991e+00 3.708653e-01 5.352909e-01 1.467806e+00 -4.622282e-01 -1.614349e+00 -5.426671e-01 1.299987e+00 9.593002e-01 -1.310478e+00
-7.716055e-01 1.757416e+00 -1.170125e+00 2.543039e-01 4.567358e-01 1.337816e+00 -2.743542e-01 -1.265746e+00 -1.061094e+00 8.134871e-01 9.924850e-01 -3.176232e-01
-7.976116e-01 1.398319e+00 -8.625644e-01 -2.686338e-01 6.659300e-01 1.092086e+00 -5.463257e-02 -1.273905e+00 4.224825e-02 7.547438e-01 1.039691e+00 -2.041892e+00
-6.302490e-02 4.907159e-01 6.940069e-02 -4.298036e-01 -2.135361e-01 1.192859e+00 -2.852631e-02 -1.376094e+00 5.246547e-01 6.243407e-01 7.718239e-01 -1.982685e+00
-3.342372e-01 1.266066e+00 -6.949509e-01 -4.283465e-01 5.385298e-01 1.125342e+00 3.280340e-01 -1.335004e+00 -6.332962e-01 -4.540992e-02 1.044381e+00 2.530378e-01
-3.779286e-01 1.684141e+00 7.087694e-01 -6.688182e-01 -1.804477e+00 -9.390472e-01 -1.465934e-01 1.096247e+00 1.414050e+00 2.042798e+00 1.088565e+00 1.097673e-01
-1.531110e-02 -3.036581e-02 -2.698473e-01 -3.659549e-01 8.896343e-02 -2.642515e-01 4.568277e-01 1.719963e+00 -5.748638e-01 -3.258234e-01 3.231322e-01 1.069971e+00
-7.800847e-03 9.790026e-01 -3.063478e-01 -9.803444e-01 7.268589e-01 6.959232e-01 7.173330e-01 -8.623730e-01 -9.268347e-01 -2.541739e-01 7.994190e-01 3.553043e-01
1.523239e-01 6.564666e-01 -1.201517e-01 -9.957060e-01 5.688898e-01 8.318626e-01 7.501545e-01 -1.066565e+00 -7.107179e-01 -5.877818e-01 8.984764e-01 1.290942e-01
3.930608e-01 5.076742e-01 -2.659988e-03 -1.031051e+00 5.177404e-01 9.768122e-01 5.456012e-01 -6.278202e-01 -1.016251e+00 -8.034735e-01 1.121533e+00 -4.727028e-01
-1.844182e-01 -1.924355e-01 9.518196e-02 7.344705e-01 1.145446e+00 1.991498e-01 -2.552645e-02 1.786915e+00 4.040796e-01 4.244127e-01 -1.885908e-01 1.270228e+00
4.675645e-01 4.702224e-01 1.508350e-01 -1.018943e+00 5.960261e-01 7.392129e-01 4.309080e-01 3.085287e-01 -1.997503e+00 1.718237e-01 8.308685e-01 -4.936324e-01
5.281293e-01 5.910960e-01 1.272136e-01 -8.616950e-01 3.401172e-01 9.349761e-01 7.275270e-01 5.283552e-01 -2.259317e+00 7.958207e-02 1.279987e+00 -3.742485e-01
2.062681e-01 1.148997e+00 -2.142782e-01 -5.377504e-01 1.526757e-01 6.406754e-01 1.051941e+00 1.314983e+00 -2.562260e+00 -5.952835e-04 9.433281e-01 3.007146e-01
4.340534e-02 -2.414532e-01 -1.013318e+00 -1.389579e+00 -8.286504e-01 -3.826202e-01 -3.533319e-01 -1.066973e+00 -7.234583e-01 -1.852411e-01 8.576185e-01 1.601607e+00
1.307032e-01 1.740015e+00 8.094428e-01 -1.096876e+00 -1.263896e+00 -1.274432e+00 -7.040695e-01 5.622317e-02 -6.747623e-01 -4.069992e-01 2.425443e-02 -9.060889e-01
3.031670e-01 1.116166e+00 -5.051779e-01 -1.553426e-01 2.045396e-01 -1.217643e-01 1.884683e+00 1.968907e+00 -2.340459e+00 -8.441410e-01 4.157781e-01 1.589378e+00
-4.459535e-01 -4.079504e-01 -3.286453e-01 3.582516e-01 1.269906e+00 3.794810e-01 -7.880721e-01 -7.236471e-02 2.735201e-01 9.045308e-01 9.230778e-02 3.485222e-01
5.813484e-01 1.053102e+00 -5.826973e-01 -5.447776e-01 7.449061e-01 -4.229576e-01 2.122365e+00 2.557796e+00 -2.382385e+00 -1.291982e+00 -3.939020e-01 2.277322e+00
1.790825e-01 3.608111e-02 -1.407124e+00 -2.058086e+00 -2.466759e+00 -1.438886e+00 -1.011396e+00 -1.590008e+00 -4.134518e-01 1.694556e-01 5.633060e-01 3.165689e-01
8.224993e-01 8.363355e-01 -1.358061e+00 -7.802429e-01 2.615225e+00 -1.021110e+00 1.408229e+00 3.335995e+00 -1.431770e+00 -7.901029e-01 -2.526444e+00 2.895864e+00
1.219138e-01 8.924983e-02 -2.103792e-01 -3.502339e-01 6.884764e-01 7.748748e-01 -4.442578e-01 -1.634652e+00 -1.027822e-01 -5.262132e-02 -3.874365e-01 1.939536e-01
3.632832e-01 1.090397e+00 9.196304e-01 -1.942991e-01 2.390854e-01 -3.358289e-01 -6.614057e-01 -2.193003e+00 -8.060039e-01 -3.986650e-01 -2.172770e-01 4.039567e-02
3.295981e-01 1.416035e+00 -1.954632e+00 -1.260657e+00 3.514335e+00 -2.419446e-01 9.479932e-01 3.022715e+00 -5.060710e-01 -1.205930e+00 -2.996045e+00 2.562256e+00
-7.582783e-01 2.049034e+00 -2.203919e+00 -1.162193e+00 3.529405e+00 5.441254e-01 9.134086e-01 2.317112e+00 3.548620e-01 -7.105335e-01 -3.108098e+00 1.362029e+00
2.288852e+00 -1.695647e+00 6.489615e-01 1.348306e+00 -5.009316e-01 -2.839167e+00 3.806772e-02 -6.581866e-01 2.813821e-01 1.508786e+00 -2.079508e+00 -1.175504e+00
-4.039069e-01 -3.381261e-01 -1.265939e+00 -1.027769e+00 -3.866669e+00 -3.213013e+00 -1.548602e+00 -2.595397e+00 -1.201226e+00 -8.674562e-02 -2.689396e-01 -1.118184e-01
3.704646e+00 6.427636e-01 -3.402998e-01 1.033464e+00 -3.904393e-01 -1.206528e+00 -2.550543e+00 -2.554353e+00 1.989582e+00 -4.705845e-01 1.353242e+00 3.489281e-01
-8.458881e-01 1.102497e+00 -1.009247e+00 -2.628481e-01 2.919981e+00 -5.376536e-01 2.346603e+00 2.331047e+00 6.431724e-01 3.518728e-01 -3.757540e+00 1.706743e-02
2.201997e+00 -1.334727e+00 -9.965031e-01 1.115078e+00 1.913714e-01 -2.262045e+00 -7.353196e-01 -5.020439e-01 1.044957e+00 -1.454000e-01 -1.179486e-01 -6.045611e-02
-1.539818e+00 -1.025017e+00 -2.843151e-01 2.598635e-01 -3.333712e+00 -2.289277e+00 -6.483672e-01 -9.219137e-01 -7.160732e-01 7.151332e-02 3.277248e-01 1.367067e-01
-3.284258e-01 3.114704e-01 -7.619943e-02 1.706166e+00 6.265320e-01 -4.593170e-01 3.222844e+00 1.589728e+00 2.827441e-01 9.148987e-01 -3.197640e+00 -4.322123e-01
-8.404545e-01 2.678632e+00 1.140899e+00 -9.158575e-01 2.104205e+00 6.652036e-01 2.289880e+00 1.344245e+00 1.157062e+00 6.902666e-01 -6.340680e-02 -1.221106e+00
-2.142986e+00 -1.913302e+00 6.423484e-01 1.193192e+00 -1.432535e+00 -5.115808e-01 5.908709e-01 9.907549e-01 1.453051e-01 2.599276e-01 1.812174e+00 -5.165080e-01
-4.704983e-02 -4.776308e-01 1.086390e+00 2.597556e+00 1.702766e-01 -1.488458e-01 2.580342e+00 1.824354e+00 5.452403e-01 1.435315e+00 -3.302222e+00 -5.512123e-01
-2.888395e-02 -2.786277e-01 9.807616e-01 2.578345e+00 1.518868e+00 -1.136811e+00 1.554745e+00 1.845533e+00 1.070956e+00 1.676064e+00 -2.590765e+00 -1.746759e-01
-1.916685e+00 -2.426451e+00 5.239117e-01 1.229373e+00 1.668921e+00 -9.787846e-02 9.070322e-01 2.069860e+00 1.899680e+00 1.535104e+00 2.397937e+00 -8.705784e-01
-4.910580e-01 -3.463506e-01 5.340000e-01 1.358671e+00 2.718802e+00 -9.696923e-01 1.931958e-01 2.412253e+00 2.005299e+00 6.086677e-01 -1.099303e+00 -7.168018e-01
-1.402895e+00 -1.600071e+00 1.126345e+00 4.416359e-01 3.566571e+00 -8.019965e-01 -2.167478e-02 3.694981e+00 2.677833e+00 2.142389e+00 1.359326e+00 -1.608404e+00
5.319759e-01 4.640709e+00 2.971885e-01 1.702931e+00 2.027949e+00 -1.305472e+00 2.036798e+00 6.221846e-01 -1.044341e+00 1.832554e+00 1.217586e-01 -1.255230e+00
1.015379e+00 6.921716e+00 8.746334e-01 2.121077e+00 3.134500e+00 -1.028101e+00 2.888247e+00 1.164851e+00 -2.072840e-01 1.524685e+00 3.016130e-01 -7.402440e-01
