1.754856e+00 -2.471220e+00 -2.145877e-01 -1.058293e+00 -9.319558e-01 -3.675419e+00 2.003250e-01 -2.438711e+00 -1.518476e+00 7.773161e-04 1.507242e-01 -1.552581e+00
5.129542e+00 -1.370767e+00 -1.993453e-01 2.401011e+00 -1.546130e+00 -2.856849e+00 1.897375e+00 -2.072139e+00 -2.450065e+00 4.442453e-03 -2.169062e-01 -5.219104e-01
4.236691e+00 -1.456527e+00 -5.325758e-01 6.722128e-01 -6.869112e-01 -1.982322e+00 4.165283e-01 -3.392969e+00 -2.821321e+00 -6.570508e-01 -1.606289e+00 -1.191464e+00
-1.201610e+00 -1.770246e+00 9.494370e-01 -6.088197e-01 1.479810e-01 -1.607640e+00 1.807885e-01 -4.271559e-01 1.121739e-01 -8.798752e-01 7.664651e-01 -1.392121e+00
-6.530761e-01 -8.735151e-01 7.908808e-01 -1.180703e+00 1.546421e-01 -1.138434e+00 4.114238e-01 -9.488396e-02 7.318723e-01 -6.957361e-01 9.081640e-01 -6.399970e-01
-1.345448e+00 -8.197578e-01 1.732486e+00 -1.714860e+00 -1.227825e-02 -4.048041e-01 -6.208026e-02 -2.443357e-01 1.298991e+00 -1.746375e+00 1.408601e+00 -1.067323e+00
-5.737653e-01 -1.736019e+00 -4.007242e+00 -3.844515e+00 -1.962735e-01 2.844883e+00 -3.069289e+00 3.151552e+00 5.716139e+00 -6.227277e-01 -3.487289e+00 3.947502e+00
-5.721759e-01 -1.863221e+00 -3.200106e+00 -3.689725e+00 1.119857e+00 1.376379e+00 -1.667494e+00 3.423899e+00 4.202067e+00 -6.397542e-01 -3.191522e+00 2.702639e+00
2.941257e+00 -5.607542e-01 1.339692e+00 3.435750e+00 -1.397143e+00 -2.082337e+00 3.912465e-01 -1.115837e+00 -8.688742e-01 -6.127774e-01 5.098047e-01 -1.049587e+00
-5.802304e-01 -1.151428e+00 -3.464574e+00 -2.937153e+00 -9.311727e-01 3.095832e+00 -3.741200e+00 2.488685e+00 4.395297e+00 -1.158896e-02 -2.782144e+00 3.347275e+00
-5.185720e-01 -2.868338e-01 4.125657e-01 -2.656292e-01 7.857634e-01 1.895103e-01 -8.634642e-01 -9.489002e-01 3.055096e-02 -4.080082e-01 1.179484e-01 -5.359305e-01
-4.391938e-01 -1.519663e+00 -1.205209e+00 -1.984658e+00 2.198190e+00 -7.631255e-01 4.987405e-01 2.398969e+00 2.350938e-01 -1.316538e-02 -1.511855e+00 -7.186973e-02
-3.780906e-01 -7.760160e-01 -1.253303e+00 -1.727228e+00 -1.992292e-01 2.033576e+00 -2.462847e+00 5.287412e-01 1.893511e+00 3.123459e-01 -9.527031e-01 1.150441e+00
5.389547e-02 -1.047230e+00 -2.588224e-01 -9.942309e-01 1.924772e+00 -9.781750e-01 9.628584e-01 1.694452e+00 -2.895000e+00 1.334416e+00 -5.120424e-01 -2.057804e+00
3.184122e-01 -6.795443e-01 -2.027587e-01 -5.837044e-01 1.522494e+00 -9.452329e-01 6.030681e-01 1.425595e+00 -3.198478e+00 1.538243e+00 2.881397e-01 -2.469987e+00
-7.220125e-01 3.977779e-01 7.573050e-01 1.009426e+00 -1.452412e+00 -7.450337e-01 1.424864e+00 -9.635849e-02 8.555372e-01 -1.910978e+00 1.504922e+00 7.269114e-01
-6.771773e-01 1.550852e-01 9.626325e-01 7.358161e-01 -1.528886e+00 -1.401161e-01 7.015778e-01 -3.238479e-01 1.345713e+00 -1.672792e+00 9.475816e-01 7.269734e-01
-3.300323e-01 -7.303981e-02 9.315367e-01 5.931604e-01 -1.347386e+00 5.070734e-02 1.233386e-01 -1.795883e-02 9.715469e-01 -1.131034e+00 8.201194e-01 2.058611e-01
-6.851051e-01 8.138011e-01 5.997716e-01 1.159686e+00 -1.523318e+00 -6.353526e-01 1.551852e+00 3.532015e-01 1.733571e-01 -1.989988e+00 1.863680e+00 1.004360e+00
5.211868e-02 3.746428e-01 1.064845e+00 -1.346724e-01 -8.530242e-01 1.144332e+00 -1.023876e+00 -1.184768e+00 -1.351592e+00 -1.728075e-01 9.038881e-01 5.452055e-01
8.471145e-02 2.763577e-01 1.013944e+00 -3.566477e-01 4.267399e-01 1.076761e+00 -1.075794e+00 1.342501e-01 -1.102226e+00 2.805829e-01 8.224834e-01 6.038187e-01
1.972729e-01 -2.621755e-01 3.983611e-01 9.848666e-02 1.165080e+00 1.021155e+00 -5.720487e-01 1.396575e-01 -1.206001e+00 3.561284e-01 9.761044e-01 4.310153e-01
-8.711930e-02 -4.714542e-01 -1.173759e-01 7.700138e-02 1.104945e+00 7.488035e-01 2.446492e-02 -2.375826e-01 -4.007431e-01 -4.273501e-01 -5.603228e-02 -6.242629e-02
1.463718e-02 -2.581396e-01 1.844553e-01 8.190597e-01 9.400306e-01 -2.242211e-01 5.583752e-01 3.457937e-01 7.204060e-02 9.668051e-01 1.461137e+00 1.094743e+00
-1.191174e-01 1.871576e-01 -1.698046e-01 4.761693e-01 -2.163600e-01 3.889326e-01 3.442002e-01 -2.020509e+00 -4.210343e-01 -8.879066e-02 6.707565e-01 1.350915e+00
8.799515e-02 6.367001e-01 2.250995e-01 -8.042340e-02 -1.436527e-02 3.055840e-02 6.051550e-01 -1.090542e+00 -5.596479e-01 3.434459e-01 -9.178214e-02 5.266515e-01
4.931822e-01 3.373325e-01 -3.590315e-01 2.590396e-01 2.164381e-01 -3.974749e-01 7.978182e-01 3.771340e-01 5.277249e-01 5.812541e-01 -8.208387e-01 -4.167750e-01
1.073917e-01 -1.040796e-01 -2.053149e-01 2.150727e-01 -3.392424e-01 4.126980e-01 3.137248e-01 1.543698e-02 1.327062e+00 -6.064676e-01 -1.671639e+00 -7.811007e-01
4.611660e-01 1.027303e-01 2.057563e-01 -1.563584e-01 -7.594213e-01 -1.027987e-01 -1.039259e+00 8.678023e-01 1.004305e+00 -3.150890e-02 -6.672745e-01 1.961406e-01
8.207951e-02 -5.537250e-01 -4.391804e-01 8.111320e-02 -1.021104e-01 2.154665e-01 -7.926321e-01 3.358823e-01 1.064820e+00 -2.700432e-01 -6.581937e-01 -1.888680e-01
1.070491e+00 1.020549e+00 6.796941e-01 -3.664595e-01 4.750964e-01 -5.089174e-01 -1.196622e+00 -1.208746e+00 -2.089523e+00 -1.242193e+00 1.697322e-01 -6.772910e-01
1.860313e+00 1.334315e+00 1.320528e-01 -1.372651e-01 -2.102455e-01 -1.112630e+00 -2.652388e-01 -6.289472e-01 -3.150769e+00 -1.290581e+00 5.441154e-01 -6.166183e-01
1.207412e+00 6.415844e-01 -5.364740e-03 7.298793e-01 -6.721361e-01 -1.631012e+00 -2.893949e-01 -1.123358e+00 -3.542484e+00 -1.308460e+00 2.206373e-01 -6.972011e-01
7.795483e-01 -3.854827e-01 4.357141e-01 2.304913e+00 -1.918256e+00 -3.874954e+00 -8.935804e-01 -1.058490e+00 -2.674138e+00 2.151090e-01 1.623982e+00 -2.114115e-01
1.798993e-01 -1.478652e+00 9.672570e-01 4.515658e+00 -1.127482e+00 -1.882626e+00 6.676576e-01 2.639304e-01 -3.936179e-01 3.542479e-01 1.123466e+00 -8.044082e-01
-5.369936e-01 1.783695e+00 2.226863e-01 -8.013297e-01 1.886252e+00 1.080619e+00 -2.155079e+00 -2.003212e+00 -6.615958e-02 -3.062705e-01 6.968655e-01 2.368618e-01
-5.158981e-01 8.128794e-01 2.161461e-01 -5.822166e-01 1.179392e+00 6.838708e-01 -8.012472e-01 -1.688089e+00 -1.627740e+00 -2.358415e+00 3.973696e-02 -3.210269e-01
-3.449045e-01 -3.224365e-02 -7.740483e-01 -4.444613e-01 3.245465e-01 2.633222e-01 1.378364e-01 -1.030481e+00 -1.027460e+00 -2.874559e-01 3.030608e-01 -1.976640e-01
-3.766266e-01 -5.329798e-01 -1.792033e+00 -8.127039e-01 1.097285e+00 1.473861e+00 1.487487e+00 -7.005756e-01 -1.221410e+00 4.724283e-01 -5.640057e-02 -4.298705e-01
-3.803414e-01 -1.513163e+00 -1.671455e+00 -1.720667e+00 -2.673216e-01 1.418728e+00 6.675251e-01 -7.375049e-01 -9.474484e-01 -2.751948e-01 -1.193241e+00 4.263192e-01
4.054836e-01 -2.084655e-01 -3.240340e-01 -5.162050e-01 -8.812228e-01 -8.171507e-01 -7.428026e-02 3.888524e-01 3.414651e-01 8.220068e-01 -2.392483e-03 1.894386e+00
8.032457e-01 6.264324e-01 5.726305e-01 -4.797498e-01 -1.529243e+00 -1.420534e+00 -4.967930e-01 4.511105e-01 -2.185721e-01 -4.319648e-01 5.110707e-01 1.156141e+00
3.569328e-01 6.691791e-01 3.261863e-01 -4.524494e-01 -6.166753e-01 1.977025e-01 6.593577e-01 1.347758e+00 6.840765e-01 4.757997e-01 1.290321e+00 -4.087657e-01
-3.247109e-01 1.226191e+00 6.630397e-01 1.093088e-01 3.323545e-01 1.736440e+00 2.748364e+00 2.025008e+00 3.891978e-01 5.291574e-01 2.310275e+00 6.623815e-01
-5.730425e-01 8.078723e-01 5.630171e-01 1.837254e-04 -2.751785e-01 1.995942e+00 8.986586e-01 -3.062934e-01 1.012484e+00 1.076360e+00 1.086393e+00 -2.783055e-02
-1.262499e-01 1.414489e-01 1.756088e-01 7.687859e-02 -5.603653e-01 5.656040e-01 -2.469671e-01 -1.374212e+00 5.877389e-01 1.871090e+00 2.287205e-01 2.475533e-01
2.716444e-01 -7.301807e-02 -2.404323e-02 8.153161e-01 -5.194646e-01 -6.875292e-01 -2.294740e+00 -1.515045e+00 1.427560e-01 1.484872e+00 -8.287138e-01 1.815490e-01
2.867830e-01 -4.697221e-01 -2.988129e-02 1.460600e-01 -1.174320e-01 -9.281641e-01 -2.698893e+00 -1.255024e+00 -6.341120e-01 -2.270712e-01 -1.592795e+00 -5.430936e-01
-2.214823e-02 -3.951371e-01 8.970423e-02 -1.159848e-01 3.619065e-01 -1.011503e+00 -5.969095e-03 2.430689e+00 -3.932832e-01 -1.926094e+00 -4.422702e-01 1.168747e-02
2.599827e-01 5.164481e-02 5.067605e-01 2.183549e-01 2.683591e-01 -1.240932e+00 1.490957e+00 3.060357e+00 4.058396e-01 -8.302534e-01 8.995795e-01 -5.380605e-01
4.455562e-01 -1.707406e-01 1.125220e-01 2.055764e-01 7.817613e-01 2.448370e-01 1.222667e+00 1.432209e+00 8.604625e-01 7.507499e-01 1.753768e+00 1.563090e-01
1.653419e-01 4.797592e-01 5.192630e-01 3.896739e-01 8.302352e-01 6.484624e-01 5.382932e-01 4.761600e-01 1.130898e+00 1.568413e+00 9.225377e-01 4.693505e-01
-1.400364e-01 6.302408e-01 8.114050e-01 8.023394e-01 -1.628063e-01 4.962049e-01 9.518045e-02 -9.076643e-01 9.629009e-02 7.309117e-01 -6.166830e-04 1.329929e+00
-5.863956e-01 8.393015e-01 1.105764e+00 1.053898e+00 -2.442696e-01 8.246019e-01 2.407732e-01 -1.837030e-01 1.063818e+00 -5.099203e-01 -1.286733e-01 8.055456e-01
-5.505567e-01 5.169452e-01 7.146591e-01 2.865885e-01 -1.411215e+00 -2.149808e-01 1.396323e+00 8.852940e-01 1.365909e+00 -1.408155e+00 -6.225730e-01 -4.675301e-01
-2.123974e-01 -5.736332e-02 2.444346e-02 6.332255e-03 -1.519571e+00 3.601972e-01 1.732248e+00 9.797033e-01 1.410379e+00 -1.035509e+00 6.443954e-03 -6.393857e-02
4.900694e-02 7.164776e-02 -1.019168e-03 -3.352660e-01 -1.388525e+00 1.173097e-01 1.401409e+00 1.336111e+00 1.441505e+00 -5.640041e-01 4.714751e-02 1.030651e-01
5.856390e-01 -9.990573e-02 -1.383266e+00 3.921747e+00 -7.705401e-01 -9.600877e-01 5.950739e-01 1.639446e-01 -1.423207e+00 2.560970e-01 1.375999e+00 -3.011383e+00
-2.636279e-01 1.677189e-02 6.369184e-01 6.047264e-01 -1.061488e+00 -2.142129e-01 -1.428287e-01 6.046897e-01 -1.707726e-01 -1.562887e-01 3.839273e-01 -2.068057e-01
4.054092e-01 -2.287563e-01 -2.862238e-01 -2.896410e-01 1.063111e+00 -6.395025e-01 2.244907e-01 9.327523e-01 -2.224838e+00 9.641165e-01 3.927532e-01 -1.941488e+00
-6.525496e-01 9.210939e-01 9.367381e-01 1.092586e+00 -2.092870e+00 6.303145e-01 4.864990e-01 1.021459e+00 -5.380104e-01 -1.907644e+00 1.753883e+00 1.729943e+00
1.799119e-01 1.433380e-01 -1.941545e-01 4.309369e-01 -4.607116e-01 2.312984e-01 -9.125221e-01 7.805839e-01 -3.643821e-01 1.126409e-01 -1.050876e-01 7.799327e-01
2.368743e-01 1.901211e-01 -3.802966e-01 2.664143e-01 -1.861296e-01 3.312700e-01 -1.018273e+00 7.187146e-01 -8.498361e-02 -3.521948e-02 -2.496244e-01 1.153269e+00
2.923573e-01 -4.620648e-03 1.210754e-01 6.094452e-01 -8.057443e-01 1.579402e-01 -5.025572e-01 6.126753e-01 -3.739613e-01 3.405853e-01 -1.295309e-02 3.776660e-01
3.927946e-02 7.402191e-02 3.905421e-01 5.963312e-01 -7.067888e-01 -6.654164e-01 2.523534e-01 6.857949e-01 -8.694316e-01 5.384542e-01 2.268241e-01 -5.134612e-01
1.219561e-01 -1.367464e-02 4.625582e-01 4.769685e-01 -5.577334e-01 -5.715070e-01 9.848070e-02 8.582876e-01 -1.063344e+00 8.170241e-01 4.950714e-03 -2.851271e-01
1.612089e-01 1.699949e-01 -3.238091e-01 8.705698e-02 6.310055e-02 4.801118e-01 -1.140631e+00 7.185814e-01 -3.020678e-02 1.023271e-01 -5.383946e-01 1.308994e+00
-9.021455e-01 9.425411e-01 -1.904145e-01 -2.011687e+00 -1.222846e-01 9.291832e-01 -1.298797e+00 -1.538114e+00 -3.765985e-02 4.379277e-02 8.801941e-01 -4.539328e-01
5.235551e-02 1.058943e-01 3.202141e-01 5.402417e-01 -7.839299e-01 -3.991222e-02 -2.404023e-01 7.788571e-01 -7.731429e-01 7.572818e-01 -2.911453e-01 2.253720e-01
5.698813e-01 -9.422235e-02 -1.127889e-01 -2.878616e-01 9.052291e-01 -5.001801e-01 2.124876e-01 3.288996e-01 -1.148721e+00 5.296881e-01 -4.474182e-02 -1.117800e+00
1.822308e-01 1.733623e-01 -2.855761e-01 1.617217e-01 -1.526132e-01 4.911489e-01 -6.549716e-01 2.134552e-01 7.831939e-02 4.914901e-01 -1.163804e+00 1.365877e+00
2.543908e-01 2.365836e-01 -7.889735e-01 2.039717e+00 -1.271945e+00 1.371213e+00 -1.343025e+00 6.009759e-01 -1.291224e+00 1.046494e+00 -3.866483e-01 -1.343678e+00
-5.967840e-01 8.996034e-01 1.480813e+00 7.546057e-01 -2.695754e+00 2.034605e+00 -5.070238e-01 8.443433e-01 -7.395970e-01 -2.067847e+00 2.132830e+00 1.671923e+00
3.026218e-01 1.261210e-01 1.223403e+00 -4.583568e-01 1.192441e+00 -5.266290e-01 1.524974e+00 -3.060526e+00 6.819543e-01 5.760216e-01 -1.208025e-01 -1.562167e-01
-6.436664e-01 9.366210e-01 1.789154e+00 5.449010e-01 -3.152088e+00 2.762861e+00 -6.911314e-01 2.960625e-02 -6.611458e-01 -1.889084e+00 2.321029e+00 9.563715e-01
4.102690e-01 -4.102554e-02 -6.976561e-02 2.477417e-01 -2.498684e-01 2.264700e-01 9.278984e-02 -5.298929e-01 1.628899e-01 7.731882e-01 -1.470498e+00 1.013751e+00
6.368413e-01 -1.365835e-01 1.054311e-02 -1.295215e-01 4.053004e-01 -4.270870e-01 5.335380e-01 -4.681412e-01 -2.634316e-01 4.720182e-01 -8.409920e-01 -1.704369e-01
3.777391e-01 4.165127e-01 1.364323e+00 -6.763527e-01 5.141094e-01 8.128807e-01 9.397190e-01 -3.863986e+00 1.316536e+00 8.898395e-01 4.792244e-02 -9.329615e-01
-8.978097e-01 1.230501e+00 1.819461e+00 1.275806e-01 -2.765937e+00 2.652975e+00 -3.637652e-02 -8.786901e-01 -9.302346e-01 -1.064514e+00 2.299835e+00 -8.834653e-02
7.077417e-01 3.753896e-02 -2.095002e+00 4.875281e+00 8.370730e-01 -3.904557e+00 2.569286e+00 -2.165570e-01 -6.775991e-01 -1.564920e+00 2.573217e+00 -2.510864e+00
5.400575e-01 -9.544754e-02 5.078845e-02 1.104259e-01 -1.385353e-01 -7.021360e-02 4.764156e-01 -8.230633e-01 1.604195e-02 8.011850e-01 -1.576486e+00 6.701221e-01
3.891859e-01 -9.785314e-02 -7.218722e-01 1.516793e+00 -1.295737e+00 1.099318e+00 -1.116145e+00 7.780263e-01 1.753203e-01 7.801580e-02 -7.982120e-01 -1.310477e-01
6.947199e-01 -5.242043e-01 1.249644e+00 -4.754772e-01 1.600406e+00 -1.494464e+00 2.044003e+00 -2.527178e+00 6.846678e-01 -2.486417e-01 -1.438735e-01 5.461622e-01
-1.125417e+00 2.395240e-01 -1.721540e+00 -2.721249e+00 -9.598253e-01 -9.213953e-01 -6.919410e-01 -1.482529e+00 7.255495e-03 1.146565e-01 5.650882e-01 -6.241809e-01
1.021881e-01 4.339740e-01 -1.143602e+00 1.511621e+00 -6.666120e-01 2.285516e-01 3.385775e-02 -1.253319e-01 5.093061e-01 -3.257316e-01 -6.070871e-01 -2.375226e-01
-5.860508e-01 1.155862e+00 -2.013054e+00 -9.693378e-01 7.227458e-01 -4.842393e-01 -8.390859e-01 1.925991e+00 4.437099e+00 1.063282e+00 -4.163572e+00 3.449371e+00
-9.843047e-01 1.580774e+00 1.899644e+00 -6.598428e-01 -1.854347e+00 2.525645e+00 7.106243e-01 -2.307513e+00 -9.452616e-01 1.384315e-01 1.899631e+00 -7.363666e-01
-1.657663e-01 6.164110e-01 -8.432242e-01 8.096905e-01 3.630983e-01 -4.303263e-01 6.212071e-01 -6.058223e-01 2.450986e-01 1.920017e-01 -9.001641e-01 -1.921892e-02
3.971387e-01 5.797893e-01 1.538936e+00 -1.331124e+00 -1.191210e-01 2.187112e+00 2.235374e-01 -4.345579e+00 1.463704e+00 1.109336e+00 8.122754e-02 -1.654635e+00
-2.300385e-01 8.312448e-01 -1.297738e+00 -2.290105e+00 1.237452e+00 -6.505479e-01 -2.167339e+00 2.787365e+00 5.260204e+00 3.928487e-01 -4.367705e+00 3.506130e+00
-3.608469e-02 5.075573e-01 -6.800684e-01 5.347975e-01 5.611464e-01 1.530624e-01 -7.858266e-01 7.985630e-01 -9.089475e-01 8.807644e-01 -8.404831e-01 -3.170946e-01
-7.676874e-01 1.624767e+00 1.874961e+00 -1.355062e+00 -1.161092e+00 2.728413e+00 6.719000e-01 -3.232793e+00 -7.980536e-01 1.239931e+00 9.397470e-01 -8.653706e-01
1.121384e+00 -6.851932e-01 7.829267e-01 -2.099786e-01 1.413658e+00 -1.065984e+00 1.025683e+00 -1.326963e+00 5.168513e-01 -4.976935e-01 -6.103331e-01 1.136465e+00
-8.902559e-01 1.401738e+00 -1.361094e+00 6.958097e-01 6.616521e-01 -1.058146e+00 2.576453e+00 -1.207403e-01 1.644276e+00 2.041623e+00 -2.712500e+00 1.879457e+00
1.777263e-01 9.608710e-01 1.637985e+00 -1.664893e+00 -7.647858e-01 3.298573e+00 -2.277009e-01 -4.502368e+00 9.265186e-01 1.430339e+00 1.622501e-01 -1.775838e+00
1.077019e+00 4.727316e-02 -2.434885e+00 4.930078e+00 1.271478e+00 -4.102416e+00 1.712329e+00 1.078918e+00 -6.347951e-01 -2.209980e+00 2.123266e+00 -1.053989e+00
-1.492094e-02 4.524609e-01 -2.063865e-01 -1.226528e-01 1.058539e+00 6.215227e-01 -2.280719e+00 2.291854e+00 -1.796838e+00 1.253222e+00 -4.222776e-01 -1.039877e+00
-2.926774e-01 1.319992e+00 1.854930e+00 -1.773357e+00 -9.140120e-01 3.253031e+00 1.151523e-01 -3.957724e+00 -1.643330e-01 1.667397e+00 3.339049e-01 -1.275648e+00
2.127372e-01 3.933266e-01 -3.712559e-01 -2.637049e+00 1.727844e+00 1.175403e+00 -3.558434e+00 2.765630e+00 3.022986e+00 1.856951e-01 -1.833110e+00 1.229246e+00
-1.453066e+00 -4.667703e-01 -1.353328e+00 -2.666382e+00 -2.240407e+00 -2.580449e+00 -2.370273e+00 -2.205806e+00 7.655615e-01 7.118897e-02 -4.096490e-01 -1.006261e+00
1.853050e-01 4.863549e-01 3.401946e-01 -9.298307e-01 1.815703e+00 1.983290e-01 -2.377766e+00 2.616075e+00 -1.864739e+00 1.306281e+00 2.231358e-01 -1.468709e+00
2.268557e-01 3.262850e-01 7.305740e-01 -1.335030e+00 2.101257e+00 1.068200e+00 -2.952854e+00 2.062165e+00 -1.176788e-01 3.654655e-01 -5.777340e-02 -8.217930e-01
1.653741e+00 -7.438194e-01 -1.266331e+00 3.012407e+00 1.461478e+00 -3.294722e+00 7.919074e-01 1.560764e+00 4.773489e-01 -2.598924e+00 9.046200e-01 1.304672e+00
1.408706e+00 -5.328184e-01 -2.723656e-02 4.274870e-01 1.772858e+00 -1.517410e+00 1.519835e-01 2.004261e-01 4.039219e-01 -1.404971e+00 -4.884822e-01 2.148868e+00
-1.101447e+00 3.751418e-01 1.052910e+00 2.072284e+00 1.636068e+00 -4.437113e-03 2.873200e+00 -3.724565e-01 -1.590238e+00 2.108125e+00 -4.101059e-01 2.150993e-01
-6.988345e-01 -7.523447e-01 7.855752e-01 1.630052e+00 2.847858e+00 2.031577e+00 4.366285e-01 1.072775e-01 -1.380595e+00 2.318317e+00 1.297643e+00 -7.222442e-01
-1.834394e+00 -1.031237e+00 -1.357569e+00 -1.234401e+00 -6.058277e-01 -1.411494e+00 -9.577199e-01 -9.357358e-01 -1.947037e-01 -1.362046e+00 -7.884859e-01 -1.406268e+00
-3.015384e-01 -9.559175e-01 4.523071e-01 4.974327e-02 2.643858e+00 1.302421e+00 7.510244e-01 2.165526e+00 7.586530e-01 2.070393e+00 1.241368e+00 -1.614027e-01
-2.563253e-01 -7.062916e-01 -5.412676e-01 -8.418505e-01 2.488055e+00 1.832185e+00 1.528075e+00 3.182578e+00 -4.153924e-02 9.492787e-01 1.456915e+00 -4.654350e-02
-6.010893e-01 -6.715369e-02 -1.234561e+00 -1.184027e+00 1.206553e+00 1.914358e+00 2.083901e+00 1.519028e+00 9.330655e-01 7.634477e-01 9.163310e-01 -1.198954e+00
-1.243861e+00 -3.196152e-01 -1.238379e+00 -1.389503e+00 5.769823e-01 2.234402e-01 1.612690e+00 8.893028e-01 -1.798685e-01 -6.879336e-01 -9.882112e-02 -1.020663e+00
