-5.581106e+00 1.457934e+00 -3.934866e-01 -2.424973e+00 2.029249e+00 1.317525e-01 1.821488e+00 -1.813351e-01 -1.246565e+00 3.153532e-01 -8.794481e-01 7.110468e-01
-5.357538e+00 1.776521e+00 -5.837907e-01 -1.795304e+00 6.044177e-01 1.022132e+00 -2.752342e-02 -1.631959e+00 -1.285367e+00 7.295088e-01 7.493223e-01 1.311068e+00
2.150889e-01 -1.136120e-01 -1.900400e+00 -3.162138e+00 -1.056006e-01 -1.919138e+00 -1.703342e+00 -1.458782e+00 3.737874e-02 2.498347e-01 -7.498044e-01 -5.218326e-01
-4.095578e+00 -2.773741e-01 -9.144688e-03 -2.560029e+00 2.438937e+00 -1.811586e+00 5.614532e-01 8.056243e-01 5.184603e-01 -2.270298e-01 2.568145e-01 3.874722e-01
5.201297e-01 -2.986628e+00 -1.868162e+00 -2.108852e+00 -1.171802e+00 -1.204331e+00 -1.370088e+00 -4.325159e-01 -1.657601e+00 -3.614284e-01 8.975709e-01 -5.887315e-01
-1.723625e+00 1.268569e+00 -1.536873e+00 -2.106930e+00 1.311992e+00 -1.782548e+00 8.905115e-01 -1.954234e-01 6.299075e-01 -2.258563e-01 -2.401962e+00 1.044042e-01
-3.456031e+00 8.288234e-01 -1.657891e+00 -8.204402e-01 -2.783036e-02 2.172355e+00 -8.185140e-01 -2.286842e+00 -1.705851e+00 1.517166e-01 8.420674e-01 1.191307e+00
-3.816999e+00 1.655717e+00 2.101738e-01 -2.304201e+00 1.337017e+00 -2.462057e+00 8.307130e-01 1.111659e+00 1.430439e+00 1.160902e+00 -2.501018e+00 1.263504e+00
-6.916988e-01 -2.869551e+00 -3.106555e+00 -2.086576e+00 1.232465e-01 2.020884e-01 -6.010162e-01 -4.607506e-02 -4.829385e-01 -9.364174e-02 3.885005e-01 -4.002410e-01
-1.555577e+00 -9.970177e-01 3.294137e-01 -1.606206e+00 2.115376e+00 -2.587157e+00 1.217720e-02 2.017892e+00 1.817620e+00 -6.487437e-02 6.685393e-01 4.943775e-01
-1.666239e+00 -1.717846e-01 -1.441151e+00 5.974422e-02 8.197678e-01 1.202006e+00 -1.084950e+00 -1.803224e+00 -6.421224e-01 -2.141442e-01 -1.221412e-01 8.325033e-01
-3.394954e+00 1.739288e+00 1.116507e+00 -1.480404e+00 2.140986e+00 -3.814816e-01 2.125050e+00 1.952117e+00 1.275731e+00 3.754315e-01 -1.904223e+00 1.055182e+00
-9.277479e-01 -1.022079e+00 -1.172674e+00 2.140596e-01 -5.091115e-01 -1.153638e+00 -7.729794e-01 -5.937862e-01 4.782712e-01 4.600537e-01 2.343959e-01 -2.293925e-01
-6.053780e-01 1.925003e+00 1.266842e+00 -7.335624e-01 1.261193e+00 2.288151e-02 6.653532e-01 1.791856e-01 -2.289871e-01 3.755059e-01 1.065021e+00 9.904076e-01
-5.455807e-01 -8.551660e-01 -2.361125e-01 2.727498e-01 -8.822843e-01 -1.755948e+00 8.708823e-01 4.600486e-01 7.049742e-01 -5.780323e-01 -1.019516e+00 -3.067686e-01
-2.002449e-02 4.323235e-01 8.671145e-01 -3.350186e-01 -1.775673e+00 -1.595411e+00 1.137466e+00 -4.926062e-01 3.836943e-01 -3.054403e-01 5.546457e-01 1.260925e+00
4.486643e-01 9.898623e-01 5.192577e-01 -1.352626e+00 1.246482e+00 3.434744e-02 -1.179119e+00 9.879016e-01 -1.379155e+00 9.793432e-02 1.976925e+00 -4.973973e-01
-3.017578e-02 2.591011e-01 4.170583e-01 -2.668828e-01 -2.008250e+00 -1.126878e+00 2.492664e-01 4.629245e-02 1.291443e+00 -7.134932e-01 -8.182489e-01 7.191648e-01
2.619881e-01 -1.039744e+00 -3.110647e-01 -4.251909e-01 6.324987e-01 -1.441526e+00 5.329709e-01 1.081277e+00 6.798896e-01 -3.273489e-01 -6.578355e-02 -2.047576e-01
-1.106905e-01 3.148343e-01 -1.939137e-01 -1.242687e-01 -6.492602e-01 -1.815803e-01 4.417004e-02 -4.863108e-01 7.884337e-01 -1.291811e+00 -9.295226e-01 4.071840e-01
-1.010151e+00 -1.550296e+00 2.632783e+00 2.204529e+00 -1.674863e+00 -2.217959e+00 -2.226655e-01 -1.393304e+00 1.997658e-01 1.719052e+00 5.818921e-01 1.078314e-01
2.787432e+00 -2.467070e+00 7.529530e-01 8.086191e-01 -5.873205e+00 2.804960e+00 -6.878176e-01 2.044579e+00 -6.117678e-01 -2.425818e-01 1.219774e+00 1.135069e+00
7.806722e-01 -9.916091e-01 9.387843e-01 3.854912e-01 -4.049560e+00 3.681025e-01 1.748213e+00 3.549799e-01 -9.228735e-01 -3.322572e-01 1.374142e+00 9.078915e-01
-7.782154e-02 -6.601906e-01 4.948883e-02 3.091058e-01 -1.263757e+00 -8.988565e-01 6.675615e-01 1.050864e-01 1.125789e-01 -1.067991e+00 1.320875e+00 7.670437e-01
1.112965e-01 -4.971331e-01 4.105809e-01 1.730285e-01 -2.429193e+00 -6.090011e-01 1.633421e+00 -9.419080e-02 -1.888534e-01 -8.198942e-01 1.359700e+00 7.794291e-01
5.349750e-02 1.749508e-01 -2.000750e-01 1.664526e-01 -1.258251e-01 -2.648521e-01 8.800958e-01 2.673233e-01 5.105273e-01 3.967228e-01 3.311841e-01 -8.939327e-01
-3.849929e-01 -5.117983e-01 -3.840771e-02 2.812069e-01 -4.803846e-01 -1.108201e+00 5.679132e-01 -6.001052e-01 9.309418e-01 -6.620022e-01 2.513136e-01 8.754551e-01
6.558991e-03 -6.317574e-01 -9.567324e-01 -1.403756e+00 1.119964e+00 9.061868e-01 -2.163466e+00 9.169694e-01 -1.502306e+00 -3.826270e-01 1.063442e+00 -2.587207e+00
8.459644e-02 -5.045346e-01 5.208719e-01 7.510990e-01 2.699053e-01 2.781235e-01 4.048582e-01 1.104506e+00 7.794096e-01 5.817108e-01 4.811484e-01 -1.646006e-01
1.316273e-01 -5.894543e-01 -1.669803e-01 1.097837e+00 4.317781e-01 9.006061e-02 5.672909e-01 1.230457e+00 7.284883e-01 -2.868850e-01 -3.024814e-01 -1.193663e+00
5.881746e-01 2.763693e-01 5.920327e-01 1.388369e+00 5.721525e-01 7.581583e-01 1.411197e+00 1.214030e+00 7.481242e-01 3.624437e-01 1.056368e+00 -5.039758e-01
-3.403484e-01 -2.348045e-01 -1.410732e-02 1.087996e-01 1.225485e-01 -1.454143e+00 1.083420e+00 -1.615497e-02 -2.014705e-01 -2.932137e-01 5.661459e-01 2.074525e-01
-5.566427e-01 -1.051213e+00 -9.664478e-01 -1.548688e+00 -1.590779e+00 -2.218316e+00 7.848178e-01 -3.466505e-01 -3.286113e-01 5.546104e-01 8.252524e-01 9.825329e-01
-7.545521e-01 -8.791519e-01 -5.107638e-01 -1.567175e+00 -1.413669e+00 -1.655267e+00 5.743391e-01 -1.133167e+00 -7.320682e-01 -8.215906e-01 6.486668e-01 1.352021e+00
-3.465127e-01 -5.824863e-01 7.113856e-01 -7.085059e-01 -1.061909e+00 -1.208798e+00 1.573394e-01 -1.146830e+00 -9.877319e-01 -7.622832e-01 3.165081e-01 1.819192e-01
2.216778e-01 2.790537e-02 1.685050e+00 1.200666e+00 6.003477e-01 -1.095990e-01 -9.475840e-01 -1.322383e+00 -7.333834e-01 -2.783656e-01 4.871770e-01 -9.938504e-01
3.313766e-01 6.242483e-01 6.225896e-01 9.386795e-01 1.182821e+00 -7.493613e-01 -1.439223e+00 1.703934e-01 7.757898e-01 7.628499e-01 1.912462e-01 -1.070684e+00
1.869827e-01 3.734702e-01 1.198268e-01 6.525530e-01 -2.498469e-01 -1.505475e+00 9.532164e-02 -1.194131e-03 1.779480e-01 2.478276e+00 1.388630e+00 -1.242256e+00
-2.451959e-01 3.574240e-01 -6.540380e-01 -3.405280e-01 8.924914e-03 -7.955036e-01 7.777077e-01 5.478700e-01 8.230407e-01 1.184994e+00 1.138632e+00 6.284404e-02
2.478260e-01 1.222570e-02 -5.502958e-01 -6.079565e-01 -3.397574e-01 -8.815998e-02 8.208610e-01 8.224357e-01 2.876801e-01 -4.635267e-01 -8.276994e-01 1.052681e-02
8.487391e-01 2.464702e-01 1.575890e-01 9.214333e-01 8.570444e-01 2.202734e+00 5.322315e-01 1.054378e+00 1.216031e-01 -4.696236e-02 -5.660765e-01 -6.438939e-01
1.301139e+00 1.037678e+00 -1.102995e-01 9.351635e-01 6.654793e-01 1.680415e+00 -8.008855e-01 1.102876e+00 5.563604e-01 9.694381e-02 -1.356025e+00 -3.101134e-01
1.302613e+00 8.799126e-01 1.468508e-01 9.563593e-01 -1.032362e-01 9.174169e-01 -4.215750e-01 4.266885e-01 -2.075374e-01 -2.147947e-01 -3.847767e-01 -5.660223e-01
9.524462e-01 3.553672e-01 -8.318884e-01 1.461430e-01 -5.337889e-01 -4.297468e-01 -3.680149e-01 3.680925e-01 -8.859013e-01 -1.500249e+00 -9.627363e-01 6.354377e-01
6.830287e-01 -6.098092e-01 -1.453871e+00 -1.277231e+00 -1.048108e+00 -1.549690e+00 -1.120834e+00 -1.102002e+00 -2.345399e-01 -2.024786e+00 -1.940075e+00 9.933890e-01
1.335574e-01 -7.699792e-01 -1.091928e+00 -1.082477e+00 -6.838463e-01 -9.490670e-01 -7.476653e-01 -1.922192e+00 -4.145075e-01 -1.315655e+00 -6.734701e-01 5.988215e-01
1.080349e-01 -5.800138e-01 -3.179834e-01 -2.972395e-01 6.786086e-02 -1.336927e+00 -1.226911e+00 -1.248352e+00 -2.358404e-01 1.388960e-01 1.651596e-01 5.708970e-01
2.677935e-01 -5.677361e-01 5.085384e-01 2.559623e-01 6.578159e-01 -6.681204e-01 2.229834e-03 -8.601013e-01 -3.400586e-01 6.589036e-02 2.857504e-01 -2.239757e-01
5.444642e-01 -3.280017e-01 -7.727818e-02 1.043873e+00 3.949787e-01 -1.133600e-01 1.659245e+00 1.157050e+00 -1.093582e+00 -3.727804e-01 -4.414531e-01 8.832735e-02
6.590031e-01 -7.781474e-01 -5.852213e-02 6.185207e-01 3.645563e-01 -6.871008e-01 7.104834e-01 1.811001e+00 9.328130e-01 6.113475e-02 -7.149780e-02 -1.057851e-01
-5.368670e-01 6.446885e-01 6.915704e-01 -1.196329e+00 -2.529515e-01 1.000102e+00 2.323172e+00 3.927257e-02 -9.278330e-01 -7.044775e-01 -1.010035e+00 -2.615823e-01
-8.762854e-01 9.372560e-01 1.838298e+00 -1.403324e-01 -1.093546e+00 -7.124193e-01 1.648680e+00 1.510484e+00 -8.930652e-01 -4.535283e-01 5.779120e-01 -1.048667e+00
-7.829100e-01 5.729073e-01 1.727139e+00 3.852384e-02 6.128315e-02 5.436125e-02 2.762855e+00 1.704787e+00 -1.573755e+00 3.256397e-01 2.362097e+00 5.368623e-01
-9.694375e-01 -1.821189e-02 9.700161e-01 1.027966e-02 -7.720931e-02 2.195858e-01 6.087058e-01 7.639892e-01 -1.316562e-01 9.432579e-01 2.372560e+00 7.232645e-01
-7.521830e-01 -1.111309e+00 -2.191291e-01 1.231129e-01 4.261855e-01 -1.850450e-01 -9.820491e-01 1.125859e-01 1.498789e+00 -3.778275e-01 2.699537e-01 5.496318e-01
-4.227869e-01 -6.863083e-01 -1.119987e-02 -6.794699e-02 1.644448e-01 -3.007385e-01 -1.017305e+00 -6.457285e-01 6.773342e-01 -6.799961e-01 -6.888285e-02 1.172282e+00
-3.928116e-01 -2.944459e-01 -2.746923e-01 5.391809e-01 5.944778e-01 -4.427942e-01 -1.292051e+00 7.735328e-02 -1.966615e-02 -1.873041e-01 9.669957e-02 1.523412e-01
4.857368e-02 2.599130e-02 -6.109748e-01 2.757219e-01 2.282782e-01 -5.340897e-01 5.459684e-01 2.332173e-01 1.255231e+00 1.313691e+00 5.040033e-01 9.665278e-01
2.537865e-01 7.024899e-01 -4.130822e-01 -4.339168e-01 1.259252e-01 1.115833e+00 8.724551e-01 -2.353720e-01 2.954311e-01 1.495085e+00 5.701368e-01 1.560326e-01
1.585693e-02 -1.163084e-01 -3.385134e-01 -7.737888e-01 -7.245010e-01 1.601659e-01 -9.144772e-01 -1.450453e+00 -1.050339e+00 -8.043680e-01 -8.435669e-01 -9.169481e-01
2.267477e-01 2.200561e-01 1.095801e+00 1.050078e-01 -4.356432e-01 3.825666e-01 -5.636169e-01 -1.815510e+00 -1.684937e+00 -8.474643e-01 -6.136473e-01 -1.865250e+00
-1.524191e-01 -7.278052e-01 3.401547e-01 9.608253e-01 -6.800880e-02 6.256975e-01 -3.911029e-01 3.641380e-01 -1.204950e+00 5.198621e-01 1.647032e-01 -7.498471e-01
-2.477797e-01 -1.044570e+00 -2.522330e-01 1.303108e+00 -5.594382e-01 5.820894e-03 4.199634e-01 2.212327e+00 1.152020e+00 2.049854e+00 6.686324e-01 7.478856e-01
1.435458e-01 -5.007272e-01 -3.578147e-01 1.154383e+00 1.032841e-01 1.007594e+00 9.631878e-01 2.848325e+00 1.722286e+00 2.231570e+00 5.865358e-01 1.078260e+00
-3.125430e-01 4.284425e-01 6.631584e-02 -5.404296e-01 5.083593e-01 2.017915e+00 1.907124e+00 -9.546639e-01 -3.574111e-01 -9.940286e-01 -2.284817e+00 -2.797076e-01
5.902199e+00 -4.155856e+00 9.085346e-01 2.011722e+00 -6.147295e+00 1.783387e+00 -3.653007e+00 1.196684e+00 1.473493e+00 1.255982e+00 1.056204e+00 1.197829e+00
-8.706211e-01 -1.413506e-01 6.230201e-01 -7.915826e-02 -1.324462e+00 -2.943665e+00 -2.600324e+00 -7.073096e-01 2.076732e+00 2.143548e+00 2.243339e-01 -7.174971e-01
-8.022523e-01 -6.567728e-01 2.302808e+00 1.999091e+00 -1.347846e+00 -1.909956e+00 9.663014e-02 -2.191854e+00 -2.149839e+00 5.244640e-01 8.502883e-01 -3.865709e-01
2.860414e-01 -7.066850e-01 3.163892e-01 -3.934308e-01 -1.881550e-01 -3.678990e-01 -8.017823e-01 -1.520793e-01 -1.036258e+00 -6.229487e-01 7.736273e-02 -4.364097e-01
-6.850437e-01 -1.403205e+00 1.034321e-01 1.100934e+00 -1.521492e-03 9.430683e-01 -3.858171e-01 -9.080763e-01 1.280083e+00 -2.780438e-01 -4.417451e-01 1.132354e+00
-4.086842e-01 6.957726e-02 -4.635915e-01 7.886678e-01 4.461080e-01 -1.005608e+00 5.426670e-01 -6.422631e-02 -6.356411e-01 4.452353e-01 5.806654e-01 3.115210e-01
-4.569409e-01 1.910914e+00 -1.794803e-01 -6.188515e-01 -9.319916e-01 -1.868027e+00 -3.185677e+00 -2.134769e-01 2.441469e+00 1.703113e+00 -2.838008e-01 -5.138532e-01
-3.420876e-01 -1.537594e+00 -1.343891e+00 -1.791357e+00 3.155797e-01 1.089134e+00 -7.134003e-01 -3.181698e-01 3.655235e-02 2.800785e-01 1.010056e+00 -3.452261e-01
2.238303e-01 2.382266e+00 -7.830807e-01 -8.491837e-01 1.000107e+00 1.338002e+00 -7.418684e-01 -1.213178e+00 -6.391979e-01 -1.117887e+00 -1.803231e+00 -1.259021e+00
3.679880e-01 3.255119e+00 -1.485013e+00 -1.224213e+00 9.483145e-01 3.512161e-01 -9.366367e-01 3.995396e-01 1.598382e-03 2.098388e-01 -2.776141e-01 -1.204513e+00
-4.068847e-01 -1.013693e+00 -3.367978e+00 -1.247266e+00 7.949346e-01 5.195481e-01 -2.280001e-01 -1.397678e-01 1.125529e+00 1.032083e+00 -9.484030e-01 -7.477820e-01
-7.779121e-01 -1.995644e+00 -9.077957e-01 -2.796789e-01 7.311720e-01 2.031800e+00 7.963568e-01 -3.301528e-01 2.153992e+00 9.180473e-01 7.005439e-01 -1.093031e-01
-2.490059e-01 6.656144e-01 3.302940e-01 1.193974e+00 -1.695982e+00 -1.321236e+00 4.156290e-01 -6.159921e-01 -1.943174e+00 1.453530e+00 2.531701e+00 9.366505e-02
-8.703732e-01 -6.061782e-01 8.244170e-01 1.502450e+00 -2.930069e-02 1.437204e+00 -1.472422e-01 -8.368711e-01 6.598334e-01 -6.454974e-01 -8.923649e-01 1.391941e+00
-4.625856e-01 -2.635002e-01 6.887481e-01 1.656683e+00 -1.426798e-01 3.671465e-01 1.056114e+00 -1.813354e+00 -4.701619e-01 -6.781366e-01 -1.817011e+00 1.363086e+00
3.605478e-01 1.698877e+00 6.618727e-01 1.395097e+00 -1.176714e+00 8.910657e-01 6.056732e-01 -4.724742e-01 -1.035683e+00 1.479369e+00 2.511544e+00 1.572207e+00
6.979139e-01 1.640525e+00 -3.827060e-01 1.269413e+00 -6.256176e-01 2.603637e+00 1.349610e+00 1.021979e+00 9.887646e-01 2.800260e-01 1.347538e+00 1.543735e+00
9.366261e+00 -2.213925e+00 2.903588e+00 3.606669e+00 -4.751799e+00 1.080974e+00 -5.397517e+00 6.351019e-01 1.722328e+00 1.045007e+00 3.710573e-01 2.558048e-01
1.942097e+00 1.692562e+00 -1.113634e+00 1.775896e+00 -2.099471e-01 3.129372e+00 9.101213e-01 1.662217e+00 1.407261e+00 -6.598189e-01 1.071075e+00 1.709827e+00
3.016148e+00 1.633120e+00 2.402396e+00 -1.815454e-01 7.044699e-02 6.641322e-01 -5.087581e-01 -7.077556e-01 -2.546782e+00 -1.400705e+00 -1.204780e-01 -1.347057e+00
7.850860e-01 -1.025570e-01 5.013755e-01 1.709544e+00 -1.454982e-01 1.469346e-01 6.056781e-02 -4.196319e+00 2.084680e+00 8.268992e-01 9.863882e-02 -2.603688e-01
1.611635e+00 7.715532e-01 1.157851e+00 2.088934e+00 -6.026616e-02 -4.868067e-01 1.126780e+00 -2.267216e+00 5.330586e-01 -1.008280e+00 -1.340001e+00 -4.240696e-01
9.186512e-01 -2.433871e+00 -1.087774e+00 -1.989379e+00 -7.793593e-02 1.898394e+00 -1.752370e+00 5.991224e-01 1.891815e+00 -8.100327e-01 2.900251e-01 1.853473e+00
1.615070e+00 2.946551e-01 8.741202e-01 1.182058e+00 -6.746019e-01 -9.328745e-01 2.292500e-01 -6.324593e-01 -2.192614e-01 -1.107609e+00 -1.778329e+00 -8.545877e-01
1.368904e+00 -6.498926e-01 1.734049e-01 -1.004081e+00 -1.287500e+00 -6.930734e-01 -5.675503e-01 4.677437e-01 1.764196e-02 -9.651815e-01 -1.658306e-02 1.675824e+00
2.859064e+00 1.583796e+00 -1.232041e+00 1.845923e+00 3.690941e-01 2.311961e+00 1.780974e+00 8.511428e-01 -2.352938e-01 -1.429174e-01 -2.622895e-01 2.805238e-01
1.715670e+00 -1.820052e+00 -9.492935e-01 -9.852894e-01 3.550426e-01 2.023819e+00 -1.253718e+00 -1.425495e+00 1.540637e+00 2.195055e-01 -6.198537e-01 -3.908116e-01
2.897575e+00 -8.139616e-01 -1.157250e+00 3.262182e-01 8.262436e-01 1.656434e+00 -1.114020e+00 -1.528919e+00 -7.108446e-01 -5.538679e-01 -1.486131e+00 -6.007327e-01
3.124109e+00 2.070258e-01 -1.831872e+00 1.160510e+00 3.348939e-01 1.761875e+00 4.699912e-01 -5.731147e-01 -4.296227e-01 4.280956e-02 -2.180036e+00 -8.496923e-01
6.794430e+00 1.648221e+00 3.869502e+00 1.709406e+00 -2.891437e-01 -7.502372e-01 -3.028818e+00 -2.220028e+00 -1.913086e+00 -8.371661e-01 -1.325178e+00 -1.531710e+00
9.682775e+00 7.122886e-01 3.731642e+00 3.675609e+00 -2.386235e+00 -1.393731e-01 -4.628671e+00 -5.741519e-01 -2.177021e-01 4.295089e-01 -1.318950e+00 -1.561379e+00
-1.763426e+00 1.067538e+00 -2.436149e-01 -4.439394e-01 1.169402e+00 -1.608175e+00 1.447774e+00 -1.011143e-01 -3.157387e+00 7.132977e-01 -1.981647e-01 7.318907e-01
1.056096e+00 1.213888e+00 -3.640145e+00 1.184157e+00 3.806403e+00 2.275602e+00 1.217281e+00 2.731656e-01 2.254607e+00 -1.532115e+00 -1.589648e+00 -1.609885e+00
-1.033221e+00 2.288144e+00 -5.953835e-01 1.144428e+00 5.431095e+00 2.889266e+00 1.867915e+00 7.440058e-01 2.934521e+00 -1.243073e+00 -1.340601e+00 -3.252661e+00
-6.633714e+00 9.137333e-01 1.256957e+00 -1.294276e+00 5.251707e+00 -3.289695e-01 8.968306e-01 3.908691e+00 -2.333251e+00 1.990578e+00 2.058361e+00 -1.409273e+00
-4.951222e+00 2.121470e+00 6.396472e-01 -1.761060e+00 3.201136e+00 -2.082015e+00 1.864089e+00 2.163602e+00 -4.118266e+00 3.075254e+00 1.498315e+00 -1.371865e-01
-4.990913e+00 1.396065e+00 1.732321e+00 2.781872e-01 5.891311e+00 1.360051e+00 8.118883e-01 3.734766e+00 -8.157396e-02 4.220724e-01 8.196083e-01 -2.950522e+00
