-4.007836e+00 7.087859e-01 -5.997859e-02 -1.520040e+00 -9.054781e-01 3.945464e-01 2.448384e+00 4.169684e-02 1.647771e-01 -3.252277e-01 5.889422e-01 1.261453e+00
-3.831186e+00 2.943618e+00 4.179818e-01 -2.436384e+00 2.626078e+00 -1.953473e+00 1.332739e+00 1.542249e+00 1.333864e+00 1.199193e+00 6.832806e-01 -1.299166e-01
-3.182314e+00 2.576469e-01 -1.203405e+00 -1.378198e+00 -2.160934e+00 1.989470e-01 1.586393e+00 -6.500454e-01 7.147031e-01 -1.643324e-01 7.887495e-02 1.980908e+00
-1.525502e+00 1.078419e+00 -2.847760e+00 -2.287300e+00 6.141251e-01 -4.486379e-01 3.851368e+00 1.668702e+00 1.537738e+00 1.554331e+00 -7.945517e-01 -2.601597e-01
-5.682064e-01 1.243701e+00 -2.732039e+00 -5.563401e-01 1.624504e+00 3.525063e-01 2.571470e+00 1.657326e+00 9.710600e-01 4.695776e-01 -2.217239e+00 -1.178876e+00
-4.362106e-02 1.220194e+00 -1.718333e+00 -6.922520e-01 2.568561e+00 1.036329e+00 9.419908e-02 1.956269e+00 2.159731e+00 -6.658884e-01 -2.278035e+00 -1.210373e+00
-2.263107e+00 4.374312e+00 -9.620541e-02 -3.812309e+00 4.121030e+00 -3.416234e+00 -6.509559e-01 8.414159e-01 4.619510e-01 1.886994e-01 7.629535e-01 3.682310e-01
-1.252647e+00 1.362759e+00 -6.949673e-01 -1.151672e+00 1.210406e+00 1.755943e+00 2.712867e+00 2.535123e-01 6.478760e-01 1.119987e+00 -1.169936e+00 3.491363e-01
-9.395382e-01 -8.100159e-01 -1.651932e+00 -2.215303e+00 2.110719e+00 1.151269e+00 -2.587745e+00 1.449208e-02 3.387376e+00 2.514695e-01 -1.808252e-01 -1.491369e+00
-1.606675e+00 -1.644379e-01 -1.793844e+00 -1.118110e+00 -8.809242e-01 -1.014642e-01 2.079160e-01 -1.968586e-01 -2.841168e-01 -1.193621e-01 4.904772e-01 1.428048e+00
-1.023101e+00 -2.360001e-01 -1.886945e+00 -1.161928e+00 3.942513e-01 3.024952e-01 -4.728957e-01 4.247900e-01 2.426875e-02 -9.076129e-01 -5.693587e-01 5.200743e-02
7.715861e-01 -4.232219e+00 4.598259e-01 2.678511e+00 -3.230483e-01 2.049381e+00 5.864493e-01 -1.371407e+00 -1.447343e+00 -1.639988e+00 -1.799561e+00 -9.652573e-01
-6.675404e-01 2.644103e-01 -9.808553e-01 1.441533e-01 1.020681e+00 1.089025e+00 4.413638e-02 -1.283562e-01 9.485356e-01 9.752662e-01 -5.768665e-01 -1.498105e+00
-1.078422e+00 2.941028e-01 -1.122764e-01 -1.160042e+00 3.471131e+00 -1.968158e+00 -1.764237e+00 -3.847021e-01 -9.145967e-01 9.102559e-01 7.821178e-01 -4.118173e-01
6.485575e-01 -3.093629e+00 -3.302906e-01 1.763378e+00 4.862925e-01 1.389194e+00 1.119127e+00 -9.052331e-02 -1.568418e-01 -1.037407e+00 -1.427776e+00 -1.080471e+00
-5.062571e-01 6.106072e-02 -1.165954e+00 -2.271564e-01 3.655826e-01 1.044180e+00 -5.457357e-01 -7.511866e-01 -1.119918e+00 -6.549361e-01 -6.499795e-01 -6.447497e-01
-1.886327e-01 -2.821689e+00 -3.429728e-01 7.963387e-01 1.499212e+00 -1.156654e-01 -5.131129e-01 -1.452346e+00 -9.328577e-01 3.141692e-02 -1.291684e+00 -2.028858e-01
-2.978108e+00 -2.254178e+00 -1.496474e+00 -3.390772e+00 3.376801e+00 1.092408e+00 -2.999845e+00 -4.743455e-01 2.934755e+00 4.207320e-01 3.575083e-01 -9.341145e-01
4.349365e-02 8.015854e-01 -5.183117e-01 9.131113e-01 -1.018794e+00 -5.280576e-01 -4.396957e-01 -8.313437e-01 4.351973e-01 -6.243121e-01 1.027448e+00 1.747571e+00
-3.937517e-01 8.073496e-01 -5.329999e-01 2.202712e-01 -1.510499e+00 4.882151e-01 -6.291417e-01 -7.486998e-01 -3.947852e-01 -1.710385e+00 1.543035e-01 1.710502e-01
-1.034119e+00 8.318510e-01 1.713806e-01 -7.738781e-01 1.586390e+00 2.477270e+00 9.134480e-01 -1.213043e+00 6.033495e-01 1.514194e+00 -3.328711e-01 1.633259e+00
-1.452574e-01 1.236336e-01 -3.519375e-01 8.675469e-01 -8.218119e-01 -9.626304e-01 -1.427824e-01 8.714952e-02 3.080037e-01 -8.456818e-01 8.977482e-01 1.190809e+00
1.199371e+00 -2.469523e+00 9.915665e-01 5.680460e-01 -4.201418e+00 3.561767e+00 -1.657198e+00 -2.091081e-01 2.172719e+00 -2.184832e+00 1.681300e+00 1.041756e+00
-9.191465e-02 -1.632316e+00 9.295431e-01 -4.043636e-01 -1.886032e+00 1.481258e+00 -5.016378e-01 -7.166575e-01 1.246171e+00 -1.368282e+00 9.645077e-01 1.021816e+00
2.104969e-02 -9.188135e-02 -1.805925e-02 7.808967e-01 -4.456133e-01 1.443341e-01 1.089099e+00 3.173353e-01 1.045752e+00 2.930859e-01 -3.140333e-01 2.270205e-01
-3.957098e-01 3.081279e-02 -4.147459e-01 3.327013e-01 -6.628534e-01 -4.855399e-01 -1.048146e+00 -1.668195e+00 -1.731420e+00 -1.253868e+00 7.398704e-01 -1.155012e+00
3.957644e+00 -3.764842e+00 1.880361e-01 2.444891e+00 -5.695897e+00 2.712062e+00 -2.262878e+00 1.277959e+00 1.164596e+00 -1.448250e+00 1.383492e+00 1.040543e+00
-6.022142e-01 -7.323899e-01 8.132124e-01 -6.155641e-01 -5.564610e-01 -1.794380e-01 4.820641e-01 -1.332027e+00 9.992672e-01 -6.308338e-01 2.623057e-02 1.355365e+00
-1.478016e-01 -4.625191e-01 -1.759891e-01 -3.864793e-01 -1.655749e-01 -1.287099e-01 1.148174e+00 9.972002e-01 -6.804790e-02 5.435228e-01 -1.465634e+00 3.248637e-01
-8.246032e-01 -2.015001e+00 1.696599e+00 -9.825591e-01 -6.246787e-01 2.998515e+00 -2.402901e+00 -7.751862e-01 1.783201e+00 -8.591020e-02 4.566199e-01 3.600015e-01
-3.411966e-01 1.906440e-01 6.204101e-01 -2.275605e-02 -2.917654e-01 -6.201994e-01 4.269578e-01 -1.429965e+00 -6.297306e-01 -1.447231e+00 -2.284115e-01 9.275055e-03
4.299868e-01 4.931075e-01 -7.798675e-01 -1.188715e-01 5.856661e-01 2.212672e-01 -5.550154e-01 7.347645e-01 -2.977819e-01 1.181863e+00 2.903530e-01 -7.484523e-01
3.692037e-01 5.793187e-01 -8.591070e-01 2.346810e-01 4.668918e-02 -7.748361e-01 -2.209751e+00 -1.237291e+00 -1.293884e+00 2.154081e-01 2.018589e+00 -3.163594e-01
-4.835874e-01 -6.677365e-01 7.502890e-01 -3.854861e-02 -1.292880e+00 1.192018e-01 6.280518e-03 -6.413965e-01 5.960655e-01 -5.728517e-01 -6.691635e-02 1.269304e+00
2.226456e-01 3.660612e-01 1.143188e-01 -4.672857e-01 -2.861350e-01 1.873997e-01 6.738225e-01 1.711935e+00 -6.609880e-01 5.736768e-01 -9.868153e-01 -4.183359e-01
-6.423621e-01 -8.012066e-01 1.184188e+00 -4.372034e-01 -4.929411e-01 6.441622e-01 -1.693845e+00 -6.187773e-01 1.236645e+00 -7.276341e-01 -1.973137e+00 -6.106715e-01
-5.022720e-01 1.336753e+00 8.456499e-01 -1.634299e+00 -9.663868e-01 -9.636824e-02 -1.619073e+00 1.691529e-01 1.378752e+00 -1.712296e+00 -4.863824e-01 2.051609e-01
-4.250617e+00 -3.541192e+00 -1.053717e+00 -4.857108e+00 1.626157e+00 -3.072378e+00 -1.025450e+00 1.884434e+00 1.933001e+00 -2.022548e-02 2.351852e+00 -4.346704e-01
-5.087903e-01 1.458575e+00 1.542889e+00 -9.852456e-01 -1.159903e+00 -5.313414e-01 -1.587424e-01 2.050973e+00 1.732284e+00 -9.081028e-02 3.534662e-02 -5.064353e-01
-2.754288e-01 -5.293608e-02 4.586341e-01 4.000127e-01 -1.721445e+00 1.723820e-01 1.269289e-01 6.438222e-02 -5.333350e-01 1.223240e-02 4.700718e-02 3.358749e-01
-8.360798e-01 8.095702e-01 7.982394e-01 1.654260e-01 2.598984e+00 2.442196e+00 7.999510e-01 -1.233861e+00 -1.455657e+00 -2.896266e-01 4.224396e-01 1.741480e+00
-4.162697e-01 2.135838e-01 3.046308e-01 5.471940e-01 6.680892e-01 -2.960434e-01 4.170381e-01 6.515548e-01 7.172151e-01 -5.747557e-02 -5.959964e-01 -1.991271e+00
-2.014931e-01 4.838040e-01 -1.592398e-01 7.379753e-01 5.581644e-01 5.672299e-01 9.740575e-01 5.680269e-01 4.077265e-01 2.685332e-01 5.002204e-01 -8.338196e-01
-1.136253e-01 1.184447e-02 -6.507980e-01 -1.390945e-01 2.895674e-01 6.361703e-01 3.904610e-01 4.311730e-02 8.669433e-02 1.277639e-01 1.357449e+00 1.697492e-01
2.940617e-02 -1.652649e-01 -3.163241e-01 -2.741803e-01 4.606469e-01 1.195478e+00 8.332130e-01 1.667763e-01 1.122162e-01 1.591286e-01 1.708102e+00 1.670124e+00
2.389271e-01 2.457329e-01 4.623118e-01 2.653615e-01 1.558289e-01 -3.589479e-01 -3.362193e-01 -5.882760e-01 8.200041e-01 3.599089e-01 -4.927980e-01 1.792266e+00
1.626989e-01 4.032742e-01 1.146668e+00 1.119951e-01 1.354533e-01 -3.475482e-01 -5.426437e-02 1.513490e-01 1.237299e+00 2.034031e-01 -7.959062e-01 3.936847e-01
3.369428e-01 5.871376e-01 1.054242e+00 1.119206e-01 1.588762e-02 1.475601e+00 7.702039e-01 -4.275263e-01 -7.527590e-01 -1.075063e-01 -6.549413e-01 1.411785e-01
1.581914e-01 -5.302982e-01 1.153247e-01 -6.415648e-01 -5.967199e-01 2.916330e-01 -1.413607e-01 -1.036758e+00 -6.158005e-01 6.635535e-01 -1.804802e-01 -7.494768e-01
-1.726687e-01 -7.486451e-01 -2.163268e-01 -8.415917e-01 -5.210189e-01 5.219718e-01 1.053161e-01 -6.893817e-01 -1.233295e+00 -5.038043e-01 -1.303441e-01 -1.222846e+00
-8.495893e-02 -6.933839e-01 -4.865079e-01 4.577608e-01 -2.122762e-01 -1.029070e+00 -1.484460e+00 -1.513111e-01 1.956492e-01 3.311695e-01 -2.510975e-01 -6.445444e-01
1.773836e-01 1.183510e-04 -4.903974e-01 4.163128e-01 -5.226061e-01 -2.007802e+00 -1.770929e+00 1.602889e+00 1.866635e+00 2.908491e-01 -4.890648e-01 -3.853269e-01
2.017004e-01 5.241507e-02 -6.504465e-01 9.658265e-03 5.703179e-01 1.352069e-01 -7.194880e-01 9.999002e-01 4.789509e-01 -9.036686e-01 5.917395e-02 2.484790e-01
2.492008e-02 4.166146e-01 1.754483e-01 3.040960e-02 7.949826e-01 -6.956347e-01 -6.279899e-01 -4.982086e-02 1.112314e+00 1.041707e+00 1.078244e+00 5.293634e-02
1.324175e-01 7.219864e-01 -2.176094e-02 3.438616e-02 1.947341e-01 1.434137e-01 4.623720e-01 -1.106322e+00 -6.852471e-01 -2.528499e-01 3.206474e-01 2.895109e-01
6.316285e-01 5.594357e-01 2.437110e-01 5.733611e-02 1.129558e-01 1.202547e+00 1.432838e+00 -3.910282e-01 -1.041770e+00 3.678842e-01 4.284473e-01 6.563248e-01
8.481978e-01 4.813417e-01 2.290001e-01 -8.795980e-01 -2.185221e+00 -3.686212e-01 -1.517366e-01 3.053308e-01 -1.038628e+00 -8.034774e-01 -9.428251e-01 2.922988e-01
1.492871e-01 -9.448186e-01 -1.048999e+00 -1.169823e+00 -1.814967e+00 -3.464951e-01 7.044744e-02 1.174402e+00 -7.948510e-02 -1.576460e+00 -1.272076e+00 6.001766e-02
-7.625475e-02 -3.773574e-01 -5.269316e-01 -9.218239e-01 -6.287245e-01 -1.329113e+00 -1.400048e+00 5.868969e-01 5.527819e-01 -7.559556e-01 1.210583e-01 -6.383501e-01
4.313283e-01 2.243683e-01 -7.884330e-01 -3.943278e-01 -2.966695e-02 -1.190224e+00 -5.114204e-01 4.871986e-02 -1.936042e-01 -1.839444e+00 -1.064139e+00 -9.438819e-01
-1.398355e+00 -1.185772e+00 1.149407e+00 3.670728e+00 1.329554e+00 5.212026e-02 -4.732184e-01 1.142850e+00 -6.739727e-01 -1.773830e+00 -9.034994e-01 1.324432e-01
-1.352108e+00 -1.288521e+00 4.859959e-01 1.947463e+00 2.771017e-01 4.761190e-01 1.064093e+00 1.568795e+00 -6.067407e-01 -1.254856e+00 -9.972827e-01 -5.057803e-01
-1.320620e+00 -9.634495e-01 2.579056e-01 2.728283e-01 6.121277e-01 1.287542e+00 2.502081e+00 2.387455e+00 4.554129e-02 1.242849e+00 -1.309278e-01 7.228806e-02
-1.011173e+00 1.735423e-01 -3.135796e-01 -1.704187e+00 1.792590e-01 2.047945e+00 1.784618e+00 3.871752e-01 -3.696105e-01 1.215586e+00 -4.252888e-01 -2.519588e-01
-5.292662e-01 3.778316e-01 -3.299766e-01 -2.640817e+00 -9.010679e-01 -6.854142e-01 -1.594731e-01 -1.959725e+00 -8.453660e-01 6.882545e-01 -6.782950e-01 -5.195674e-01
-3.720225e-01 9.852618e-01 3.160060e-01 -1.541591e+00 -7.244912e-01 -8.855045e-01 -1.597558e+00 -1.699707e+00 9.915138e-01 -1.269542e+00 -1.434646e+00 -2.081036e-01
9.571753e-02 5.229571e-01 5.962837e-01 3.623116e-01 -8.680415e-03 6.352097e-01 1.277139e+00 1.614094e+00 1.296859e+00 6.451262e-01 1.311910e+00 2.804955e-01
2.590486e-01 3.459859e-01 -3.606237e-01 8.991097e-01 7.733455e-01 -1.214868e+00 -2.191278e-01 -4.252995e-01 -1.895351e-01 -1.329517e+00 -2.324174e+00 2.155299e-01
6.951660e-01 1.043200e-02 -1.021642e+00 -6.820294e-01 -4.030014e-01 2.367903e-01 1.948330e-01 -9.928644e-02 -2.376457e+00 -9.483598e-01 1.058793e+00 -1.467320e+00
6.732219e-01 2.629530e-01 -4.581375e-01 -4.794989e-01 -5.347195e-01 6.644616e-01 6.464573e-01 -7.222174e-01 -2.238588e+00 -9.105464e-01 3.869633e-01 -2.025198e+00
6.664772e-02 2.152487e+00 1.176800e+00 -3.285291e-02 -1.058953e+00 -7.872022e-01 -6.825265e-01 -2.929840e+00 -5.657681e-01 1.806036e+00 1.627703e+00 -2.961138e-01
-2.762098e-01 8.391705e-01 1.283417e+00 7.330626e-01 4.684450e-01 1.964024e-01 9.423706e-01 -1.975521e+00 -2.212374e+00 5.322104e-01 1.532428e+00 9.447325e-01
5.172906e-01 -1.638301e-01 -7.543825e-01 -9.653068e-02 -1.811603e-01 1.084943e-01 1.872316e+00 2.698976e-01 1.024735e-03 2.839145e+00 2.587825e+00 6.947082e-01
-7.611787e-01 6.597238e-01 1.105240e+00 1.900846e+00 1.303901e+00 1.363179e+00 1.679656e+00 -5.198120e-01 -3.049286e+00 -6.294503e-01 1.241855e+00 5.223997e-01
2.982754e-01 -1.463681e+00 6.253341e-01 2.816362e-01 -6.033594e-01 7.605602e-01 -5.383639e-02 -1.114662e+00 1.874959e+00 1.776727e+00 1.319674e+00 -1.225238e-01
-1.314490e+00 -1.252939e+00 6.228986e-01 3.387365e+00 2.251101e+00 2.676817e-01 1.184618e+00 6.064804e-01 -1.966592e+00 -2.281780e+00 -8.235543e-01 9.068958e-02
6.951836e-01 5.335869e-01 -3.480815e+00 5.320138e-01 9.823316e-01 -2.689598e+00 1.931140e+00 1.452170e-01 -3.026710e+00 1.715243e-01 1.686053e-01 7.725240e-01
4.564125e-02 2.322175e-01 5.035747e-01 2.921721e-01 -1.089329e+00 -7.700925e-01 1.101866e+00 5.491060e-02 -9.234822e-01 1.621790e-02 2.861797e-01 -3.191307e-01
-5.561855e-01 5.547582e-02 8.294185e-01 -3.368009e-01 1.790296e+00 2.128057e+00 -1.917729e-01 1.770945e-01 -6.832233e-01 -4.749002e-01 1.106984e+00 7.679049e-01
1.871247e-01 2.397860e+00 6.680200e-01 -1.380705e+00 -4.100481e+00 -2.125850e+00 -1.132873e+00 -2.668260e+00 1.016727e+00 2.318745e+00 1.704658e+00 -8.767567e-01
1.052067e+00 5.664829e-01 -2.922968e+00 5.127365e-01 9.146168e-01 -2.242993e+00 1.150708e+00 -3.816306e-01 -3.024539e+00 -2.077999e-01 6.548398e-01 -5.446320e-01
1.881103e-01 3.634516e-01 2.515065e-01 3.301133e-01 -6.683372e-01 -5.918533e-01 1.109961e+00 2.342104e-01 -1.099482e+00 -5.195422e-01 8.274023e-01 -1.101576e+00
1.390159e+00 9.003072e-01 3.038122e+00 1.661339e-01 1.544958e-01 6.936182e-01 9.775303e-01 -3.778474e-02 1.075718e+00 -8.024988e-01 2.733977e-01 1.022669e+00
7.468997e+00 -3.399142e+00 1.989641e+00 3.782373e+00 -5.998706e+00 -5.277439e-01 -4.321572e+00 1.159829e+00 1.515017e-01 -5.375525e-01 -6.028350e-01 -5.593680e-01
-2.486061e-01 -9.765756e-01 -7.741284e-01 -2.131670e+00 9.516387e-01 1.295087e+00 -1.369655e+00 -2.420501e-01 1.427259e-01 4.596027e-01 1.626779e+00 -2.397006e-02
1.316108e-01 6.094379e-01 8.731117e-02 5.554326e-01 1.030600e-01 -1.574493e+00 1.451384e+00 4.969379e-01 -1.084602e+00 -7.278937e-01 9.864152e-01 -1.007489e+00
-3.665719e+00 -2.498139e+00 6.903744e-03 -2.698209e+00 2.722571e+00 -2.240260e+00 1.674157e+00 1.183911e+00 -6.515027e-01 1.411327e-01 9.692494e-01 -1.093976e+00
1.116616e+00 -7.542805e-02 -5.076928e-02 -1.619282e+00 7.776928e-02 3.628747e-01 -8.067313e-01 -9.570729e-01 6.101672e-01 7.912876e-01 9.414623e-01 -2.928784e-01
1.801362e-01 2.127592e+00 -8.653198e-01 -3.652183e-01 -2.858269e+00 -4.813555e-01 -2.450919e-02 -8.209146e-01 1.745005e+00 1.221646e+00 7.174516e-01 -7.950475e-01
-1.789413e-01 7.071966e-01 -8.550373e-01 6.661912e-01 1.665310e+00 -1.318937e+00 1.590074e+00 4.467625e-01 -1.651653e+00 9.165953e-01 6.987485e-01 -7.239830e-01
7.862729e-01 1.676269e+00 -1.500871e+00 1.195936e+00 -1.359159e+00 1.593821e-01 5.456423e-01 1.372558e+00 2.255654e+00 7.802016e-01 1.235946e+00 3.642022e-01
-6.867760e-01 1.419422e+00 -1.061004e+00 1.654602e+00 1.842912e+00 -1.081450e+00 1.331540e+00 -3.259530e-02 -2.265011e+00 2.116115e+00 -3.362256e-01 -1.115460e+00
1.444731e+00 -8.869016e-01 -1.936675e-01 -6.296672e-01 -7.372503e-01 -8.547872e-01 -2.673573e-01 -9.522114e-01 1.816031e+00 1.109700e+00 -1.279289e+00 2.731751e-01
4.708705e+00 1.320656e+00 5.574845e+00 1.198988e+00 5.241311e-01 1.461927e-01 -1.678214e+00 2.223593e-01 1.727466e+00 7.767773e-02 -3.796020e-01 -3.391000e-01
-6.532893e-01 1.502315e+00 -1.014765e+00 1.591170e+00 1.557255e+00 -1.195430e+00 1.493747e+00 5.414932e-01 -2.487777e+00 2.060041e+00 7.336872e-01 -6.561540e-01
9.018629e+00 -1.699978e+00 4.317227e+00 3.515795e+00 -3.756584e+00 -2.912970e+00 -4.386016e+00 2.542725e-02 -2.713590e-01 7.758012e-01 -8.898611e-01 -5.417874e-01
1.738115e+00 1.016563e+00 -2.113798e+00 1.191645e+00 -9.101820e-02 2.050940e+00 1.309160e+00 2.825330e-01 -8.299103e-02 4.040271e-01 1.136757e-02 8.341372e-02
2.618744e+00 4.347755e-01 -3.714022e-01 8.515702e-01 3.830784e-01 1.660647e+00 -2.015943e-01 -1.847561e+00 3.105257e-01 2.168249e+00 -4.938529e-01 -1.074948e+00
1.252827e+00 -1.392355e+00 -8.910929e-01 -2.214374e-01 -1.434285e+00 -1.508522e+00 -2.151896e+00 4.572794e-01 8.999918e-01 -2.026239e+00 3.031624e-01 1.447104e+00
2.548621e+00 7.120984e-01 -1.433654e+00 1.988307e+00 1.002266e+00 3.110366e+00 -1.477532e-02 -8.361301e-01 5.729670e-02 2.239404e+00 -7.120317e-01 -1.405294e+00
1.533070e+00 -8.014890e-01 -4.076375e-01 -7.523999e-02 -1.828802e+00 -1.825343e+00 -3.106500e-01 1.327648e+00 1.203294e+00 -2.524076e+00 -3.515575e-01 1.738526e+00
1.364462e+00 -1.316780e+00 -9.390163e-01 -6.154356e-02 -1.684157e+00 -1.042539e+00 -4.627902e-01 -3.739858e-01 2.849771e-01 -1.518493e+00 -2.023805e+00 3.988588e-01
2.373358e+00 3.726131e-01 -2.826797e-01 -4.234811e-01 -6.973389e-01 9.852030e-01 -1.800646e+00 -1.940078e+00 -1.077776e+00 1.676142e-01 8.120311e-01 -2.936077e-01
-1.979625e+00 1.122100e+00 1.638547e+00 8.577038e-01 1.873654e+00 -3.826761e-03 1.152823e+00 1.479029e+00 -2.857173e+00 -5.223694e-01 -1.342751e+00 -2.980557e-01
-3.110794e+00 1.854638e-01 1.795327e+00 -3.845821e-01 2.564119e+00 -7.707272e-01 1.737462e+00 2.699645e+00 -2.520065e+00 -4.124335e-01 -9.674312e-01 -2.702594e-01
-1.471312e+00 1.739029e+00 -3.932659e-01 1.478942e+00 8.865955e-01 -9.909112e-01 -2.738314e-01 3.973828e-02 -1.997968e+00 1.185448e+00 -4.485720e-01 -9.142759e-02
8.420999e+00 6.878853e-02 5.745943e+00 2.943315e+00 -3.484459e-01 -2.818096e+00 -3.567975e+00 2.174135e-01 6.792263e-01 1.128222e+00 -4.365140e-01 -3.983949e-01
-1.999733e+00 1.965880e+00 6.252373e-01 1.992348e+00 1.532262e+00 6.265305e-01 6.382245e-01 -4.644425e-01 -2.078228e+00 -6.351862e-02 -1.728567e+00 5.538369e-01
