-4.963206e+00 -1.643444e-01 -5.088460e-01 -9.886055e-01 2.081105e+00 2.281410e-01 2.947299e+00 1.368385e+00 2.320076e+00 2.978068e-01 -3.047653e+00 -1.036243e+00
-4.480378e+00 -5.869054e-01 -1.121199e+00 -1.332016e+00 2.333957e+00 -8.975002e-01 1.444453e+00 4.137351e-01 1.123956e+00 1.006461e+00 -1.616366e+00 7.380849e-01
-4.419683e+00 -8.389305e-01 -3.879276e-01 -1.358303e+00 1.725797e-01 7.095831e-01 1.408516e+00 -1.533848e-01 1.508768e+00 -9.981096e-01 -3.132697e+00 -1.808815e+00
-2.870943e+00 -8.340093e-01 -1.321587e+00 -1.848951e+00 1.462800e+00 -1.805659e+00 7.474960e-01 -2.638451e-01 1.275083e+00 1.273354e+00 8.282830e-01 2.581881e+00
-2.463094e+00 -7.396597e-01 1.027650e-01 -1.514269e+00 3.987488e-01 1.567049e+00 8.896675e-01 4.988035e-01 3.255385e-01 -1.020216e+00 -2.188748e+00 -1.365034e+00
2.257354e+00 -2.551158e+00 -1.819086e-01 -1.016961e+00 -2.102465e+00 8.677680e-01 -8.130869e-01 6.194972e-01 1.374886e+00 5.803122e-02 7.354235e-01 -4.367614e-01
6.793996e+00 -2.913277e+00 1.501115e+00 1.525496e+00 -4.106023e+00 1.288877e+00 -2.961181e+00 -5.682874e-01 1.563264e+00 -4.437038e-01 2.059903e+00 -1.649813e+00
2.448578e+00 -2.178404e+00 4.370325e-01 -9.278876e-01 -1.165753e+00 -2.326717e-02 -1.771757e+00 8.334936e-01 1.228380e+00 1.303812e-01 6.664530e-01 2.129783e-01
-1.532036e+00 -4.695813e-01 -2.088094e-02 -1.933455e+00 -1.736521e-01 1.946057e+00 -4.232282e-01 -1.211747e-01 -6.433207e-01 -5.470263e-01 -4.684739e-01 1.041913e+00
2.125601e+00 -2.345444e+00 -4.182947e-03 2.947791e-02 -9.499556e-01 9.329520e-01 -1.504869e+00 4.621627e-01 1.053180e+00 -8.456402e-01 -2.045836e-01 1.466377e-02
-3.802662e-01 -4.759933e-01 2.563294e-01 -6.754737e-01 -1.160496e+00 -5.747201e-01 1.011476e+00 -1.086460e+00 -1.596964e+00 8.630560e-01 1.805578e+00 5.987000e-01
-1.056331e+00 -6.071939e-01 1.330513e+00 -1.239998e+00 -9.777807e-01 7.281319e-01 -1.670240e+00 -9.654835e-01 -2.408037e+00 -1.202909e-01 1.246391e+00 6.377720e-01
-1.515724e-01 1.220741e-02 -4.497895e-02 -2.997268e-01 -9.527853e-01 -1.051147e+00 1.017234e+00 7.032748e-02 -2.318671e-02 5.040044e-01 -5.612375e-01 -9.518267e-01
-3.013294e-01 -4.110720e-01 9.882790e-01 -8.078407e-01 -8.825954e-01 7.745184e-01 1.832179e-01 -1.225581e+00 -2.010455e+00 1.759826e+00 3.410156e+00 1.515755e+00
-8.660948e-01 -7.897981e-02 -6.479645e-01 1.005007e+00 -4.618516e-01 -2.739550e-01 -3.106455e-01 7.190162e-01 1.323847e+00 -1.648377e+00 -5.424434e-01 2.814078e-01
-6.818139e-01 -7.888099e-01 -3.361850e-01 -1.144637e+00 1.069322e+00 -1.318242e+00 3.218700e-01 -5.168063e-01 -6.234711e-01 6.517861e-01 2.491124e+00 2.312365e+00
-4.157764e-01 5.735767e-01 2.665529e-01 -3.296310e-01 -1.640717e-01 -6.965613e-02 5.475207e-01 2.328787e-02 9.183437e-01 -5.836278e-01 -1.271980e+00 3.765540e-01
9.929474e-01 -6.661319e-01 7.869951e-01 -6.628973e-01 -7.281179e-01 -2.518042e-01 -1.043351e+00 -1.029027e-01 6.241617e-01 6.141129e-01 7.739414e-01 -2.578515e-01
1.715347e+00 1.496566e+00 4.002924e-02 2.414434e-01 -9.235106e-01 1.425127e+00 -5.572265e-01 4.991269e-01 7.410962e-01 7.616423e-01 1.990779e-01 5.100768e-02
-5.779718e-01 4.455933e-01 -1.008368e+00 -1.981948e+00 1.113514e+00 -1.007318e+00 1.648129e+00 6.415874e-01 9.120046e-01 4.684765e-01 -1.811181e+00 1.506314e+00
-2.397125e-01 1.441239e-01 1.618291e-01 1.607347e-01 1.792744e-02 -6.918320e-01 -1.616983e+00 1.162738e-01 1.152959e+00 -5.215066e-01 -9.650785e-01 -3.777344e-01
5.916306e-01 -4.216608e-01 -3.639831e-01 1.187285e+00 1.528753e+00 -1.752695e+00 -6.604527e-01 9.048203e-02 1.791593e+00 -5.038809e-01 -5.905662e-01 2.355719e+00
9.349947e-02 1.383750e-01 -3.119663e-01 1.597805e-01 -8.998879e-01 1.271076e-01 -1.152036e+00 -9.350874e-01 -1.265739e+00 8.447375e-01 1.933789e+00 2.079249e+00
1.159004e+00 5.856472e-01 -1.491284e-01 1.147167e+00 7.541405e-01 -3.757035e-01 -2.616517e-01 1.131564e+00 2.214746e+00 2.425639e+00 2.330529e-01 1.472708e+00
-1.609863e+00 1.349334e+00 -1.589818e+00 -1.837798e+00 2.616423e+00 -2.561549e+00 2.704396e+00 4.980466e-01 6.266324e-01 3.286016e-01 -2.426252e+00 1.327952e+00
-1.686779e-01 1.784778e-02 -1.768641e+00 -6.751134e-01 1.176682e+00 -7.594134e-01 8.550118e-01 1.913549e+00 -1.462990e-01 5.849007e-01 -1.493592e+00 -1.019862e+00
2.075614e+00 1.523642e+00 -1.838484e-01 -3.357665e-01 -1.507494e+00 4.566405e-01 -1.431478e-01 1.344079e-01 1.854263e-01 4.174918e-01 -1.435604e+00 -1.452981e+00
1.285902e+00 -1.522162e+00 -1.893450e+00 1.013595e+00 -4.833820e-01 1.213833e+00 -5.006636e-01 2.352001e+00 -2.056628e-01 2.314565e-01 -1.040753e+00 -1.609448e+00
1.402418e-01 3.258646e-02 -3.545934e-01 -5.750003e-01 -3.866191e-01 1.190113e-01 -1.062185e+00 -7.893645e-01 -5.771989e-01 7.116564e-01 1.675018e+00 1.969242e+00
2.095689e+00 -2.574487e+00 -1.230381e+00 1.278335e+00 -1.687016e+00 3.636049e+00 -1.697292e+00 2.089462e+00 -3.876982e-01 1.739738e-01 -3.130948e-01 -1.607193e+00
1.612941e+00 -2.067677e+00 -1.103421e+00 9.122097e-01 -1.020487e+00 2.526772e+00 -1.960270e-01 6.399813e-01 1.475576e-01 3.902023e-02 -6.252545e-01 -9.685067e-01
1.578373e+00 -4.855156e-03 -1.562874e+00 -3.360462e-01 -5.893246e-01 -1.502058e+00 -1.412942e+00 -8.541692e-01 -9.851032e-01 -2.153617e+00 -1.677971e+00 -1.885184e+00
3.495413e-01 5.953132e-01 2.585792e-01 -7.711573e-01 -9.393669e-01 -1.646755e-01 8.264915e-01 -2.004412e-01 -7.772700e-01 1.040646e+00 6.316482e-01 6.569103e-01
-3.982611e-02 -5.817695e-01 -1.141144e+00 1.449734e-01 5.330361e-01 1.378198e-01 1.937368e+00 -7.115763e-01 4.562559e-02 1.046940e-01 -3.743526e-01 -8.246694e-02
7.232638e-02 -1.098083e-01 -4.604566e-01 -1.386686e+00 -1.894153e+00 -4.204180e-02 7.364268e-01 -4.439751e-01 -1.417580e+00 -2.793225e-01 -3.057104e-01 -3.542222e-01
-7.135449e-02 5.924400e-02 -5.168859e-01 -2.931863e-01 1.115308e-01 -4.620028e-02 -1.112755e-01 -2.743576e-01 -6.128649e-01 -2.216782e-01 9.199248e-02 -1.960006e+00
2.173694e-01 -2.946863e-01 -6.470695e-01 -1.792755e-01 2.801298e-01 6.224363e-02 -1.444499e+00 -6.625513e-01 8.146818e-01 8.548274e-01 1.192156e+00 9.099981e-01
8.768400e-01 -2.475739e-02 -3.408516e-01 -1.036593e-01 -4.516664e-01 -1.168279e+00 -4.049465e-01 2.277821e-01 -1.065020e+00 -2.363934e+00 -8.602049e-01 -1.754360e+00
9.197536e+00 -1.609405e+00 2.870161e+00 2.164815e+00 -4.029977e+00 6.784399e-01 -4.552902e+00 -1.433304e+00 1.610486e+00 2.136559e-01 2.663047e+00 -1.424356e+00
9.035716e-02 -8.048560e-01 -5.135775e-01 -8.649093e-01 -1.120614e+00 -3.157026e-01 -4.772040e-01 -1.039039e+00 -1.584266e+00 -1.583481e+00 1.804577e+00 5.140225e-01
-8.994599e-02 4.627619e-01 2.313722e-01 -6.170222e-01 -2.641265e-02 7.153369e-01 9.499168e-01 2.474351e+00 -8.084315e-02 1.524487e-01 2.486520e+00 3.080863e+00
-2.154016e-01 7.029337e-01 7.071360e-01 -2.475965e-01 9.577503e-01 1.512784e+00 1.611463e+00 2.645563e+00 -8.255683e-01 -9.353088e-01 1.934340e+00 2.833822e+00
-8.284804e-01 -2.323046e-01 1.054618e-01 1.149228e+00 -1.330675e-01 -2.494946e-02 -4.941607e-01 -4.438937e-01 5.060112e-01 2.782492e-01 8.039852e-01 1.846204e+00
-1.543484e-01 4.071254e-01 -1.485495e-01 -1.065325e+00 9.238749e-01 2.439748e+00 2.270088e+00 2.869636e+00 -3.676971e-01 -1.238282e+00 6.112574e-01 1.452547e+00
2.003926e-01 -2.151953e-01 -7.328317e-01 -1.757719e-01 6.031787e-01 -5.215282e-01 -1.545370e+00 -7.428551e-01 1.749178e+00 1.034485e-01 -7.056462e-01 2.920642e-01
5.407917e-01 3.101331e-02 6.898440e-01 1.084094e+00 8.651922e-01 4.066819e-01 -2.522961e+00 -1.266754e-01 6.638075e-01 -8.480819e-02 5.775983e-01 -4.421576e-01
1.064644e-02 -2.111195e-01 -5.600897e-01 -2.558966e-01 3.569160e-01 1.515538e-01 1.525202e+00 -9.231333e-01 -6.482962e-01 3.313802e-01 1.214724e+00 -1.190772e+00
1.029624e-01 -1.153686e-01 -8.794587e-01 -9.314658e-01 1.164995e+00 -8.852865e-01 -1.111518e+00 -2.050782e-01 -1.059302e+00 -1.351272e+00 1.670679e-01 -1.259992e-01
-5.481662e-01 7.222595e-02 1.345374e-01 -1.032841e+00 -6.381097e-01 1.338565e+00 3.175420e-01 -8.539951e-01 -1.606533e+00 8.152439e-01 6.753260e-01 2.798433e-01
1.705613e-01 2.059821e-01 5.733322e-01 3.844429e-01 5.093181e-01 1.322919e+00 2.535127e+00 1.435445e+00 -6.737562e-02 1.282561e+00 6.828731e-01 -4.174658e-01
-1.932445e-01 2.597982e-01 1.247432e+00 8.068233e-01 8.660592e-01 6.758515e-01 1.604822e+00 1.183353e+00 2.108429e+00 6.474489e-01 -3.300921e-02 -5.285008e-02
-4.474540e-01 -8.806658e-03 7.803612e-01 8.599032e-01 1.891721e-01 -5.208763e-01 6.059257e-01 1.113161e+00 2.381117e+00 1.051968e+00 5.894343e-01 1.107492e-02
-1.260527e+00 7.736753e-01 4.297905e-02 -2.863853e-01 -2.679290e-01 2.324705e+00 1.236677e+00 -3.251765e-01 -1.100279e+00 1.568518e+00 3.170153e+00 2.391021e+00
1.718932e+00 1.311846e+00 -2.792241e-01 -7.651373e-01 -1.791780e+00 3.012624e-02 -4.698082e-01 -9.227705e-01 -9.656271e-01 -1.335943e+00 -2.030984e+00 -2.686306e+00
-1.210115e-01 5.871074e-02 6.683986e-01 4.698268e-01 4.663121e-01 7.403477e-01 1.048796e+00 8.491446e-01 8.832271e-01 9.003292e-01 1.068533e+00 3.165883e-01
-1.778456e-01 4.203787e-02 8.610662e-01 6.193663e-02 9.078836e-03 3.575469e-01 -8.281652e-01 4.979771e-01 1.069627e+00 1.287324e+00 2.103350e+00 2.232983e+00
-2.071209e-02 4.127254e-02 3.642722e-01 2.883891e-01 1.785311e+00 -1.072544e+00 -9.873105e-01 -6.508174e-01 -1.403798e+00 -2.609273e+00 -6.680700e-01 7.241780e-01
-1.493888e-01 -6.248115e-01 -4.249629e-01 1.123065e+00 -3.336350e-01 -2.188043e-01 1.250696e-03 3.563767e-01 2.012445e+00 -2.634575e-01 6.846533e-02 -2.182568e-01
-2.458320e-01 -2.835494e-01 2.947374e-01 8.988343e-01 2.781080e-01 5.893750e-02 -8.076825e-02 -8.356711e-01 6.619480e-01 2.192989e+00 -6.465473e-02 -2.286392e+00
-1.692902e+00 1.069854e+00 -6.713022e-01 1.158871e+00 -8.326326e-02 -5.385672e-01 -1.280417e-01 4.982037e-01 6.201196e-01 -1.389235e+00 3.287673e-02 1.880947e-01
-5.110057e-01 -8.932363e-01 7.237297e-01 7.964921e-01 -9.921039e-01 -2.231083e-02 -1.171736e-01 -3.710111e-01 5.659986e-01 7.999821e-01 -6.484486e-01 9.759490e-02
-2.858466e-01 -7.461362e-01 6.471825e-02 3.350880e-01 -8.654898e-01 1.080583e+00 9.002501e-01 -7.642718e-02 2.267421e+00 1.564217e+00 -1.446795e+00 -1.833265e+00
-6.681206e-01 -6.720353e-01 -7.514369e-01 3.630376e-01 1.880100e-01 -5.046129e-01 -1.001545e+00 -7.727269e-01 -1.131333e+00 -7.346389e-01 -7.507382e-01 2.797479e-01
2.232437e-02 6.285043e-01 1.525499e+00 -5.105990e-01 -3.197378e-01 8.517987e-01 1.818053e+00 8.252338e-01 4.006479e-01 -2.870702e-02 6.202412e-02 -3.013611e-03
-3.377212e-01 -7.226881e-01 -6.984749e-01 -1.487229e+00 -5.002707e-01 -4.454207e-01 2.573828e-01 -5.915991e-01 -1.475641e+00 -1.462516e+00 -9.065838e-01 -5.070180e-01
-5.145099e-01 -6.854151e-01 -7.303799e-01 -1.287302e+00 -7.351502e-01 -1.000042e+00 -1.205009e+00 -7.087686e-02 -6.339285e-01 -1.210702e+00 -4.258196e-01 9.313836e-02
-2.315016e-01 -3.307043e-01 2.723661e-01 1.013401e+00 5.276597e-01 -6.109269e-02 3.829075e-01 3.781433e-02 1.144705e+00 2.651243e-01 2.634478e-01 -4.195999e-01
7.322620e-01 -8.219711e-01 -3.128625e-02 1.478849e+00 5.064581e-01 1.905659e-01 -1.316142e+00 -3.573766e-02 -4.289057e-01 -1.162302e+00 -1.016403e+00 -1.243818e+00
-1.541751e+00 9.469349e-01 -8.444221e-02 1.373419e-01 5.475937e-02 1.748223e+00 1.374804e+00 7.263287e-01 7.201824e-02 3.170014e-01 3.753344e+00 2.598971e+00
3.919312e-01 5.569162e-02 -4.546199e-02 -1.584860e-01 4.612198e-01 -2.460515e-01 9.086189e-01 -1.264463e+00 -1.060693e+00 2.151321e-01 1.994989e+00 -3.355947e-01
1.565251e+00 -9.181458e-01 -5.150086e-01 1.805315e+00 7.767874e-01 -1.412151e-01 8.960557e-01 1.073656e+00 4.115104e-01 -6.175528e-02 -1.107164e+00 -1.609430e+00
-1.460252e+00 6.126355e-01 2.289234e-01 8.655643e-03 1.020265e+00 1.154576e+00 1.290445e+00 5.879177e-01 -3.502539e-01 -1.285045e+00 1.840103e+00 1.580376e+00
-1.440500e+00 2.017486e+00 8.409869e-01 4.186509e-01 1.284450e-01 6.870540e-01 -7.621462e-01 -4.803583e-01 -9.131073e-01 -2.579979e-01 1.157504e+00 -5.862554e-01
-2.834402e+00 1.766327e+00 2.046847e+00 1.568218e+00 -7.064333e-02 -3.266705e+00 2.161105e+00 3.292370e-02 4.740595e-01 9.654668e-01 -2.081779e+00 -3.635041e-01
-1.344973e+00 -3.250112e-02 -2.349549e-01 -2.604843e+00 -3.318354e-01 2.246434e-01 -1.740285e+00 -1.136634e+00 -2.393394e+00 -2.959429e+00 -1.917888e+00 -1.618965e-01
-1.280495e+00 7.171717e-01 1.102130e+00 -7.944132e-01 8.167641e-01 1.711020e+00 1.014040e+00 -4.046545e-01 -1.276696e+00 -2.894943e+00 -4.114427e-02 4.162558e-01
-1.663357e+00 -9.409373e-02 -1.150942e+00 -3.247752e+00 -8.331082e-01 -2.290069e-01 -2.717107e+00 -1.587512e+00 -1.998217e+00 -1.977491e+00 -1.459742e+00 2.702485e-01
6.188526e-02 1.278913e+00 4.461859e-01 -3.132182e-01 9.900972e-01 3.803591e-01 -4.507144e-01 -1.724642e+00 -1.523321e+00 -2.324404e-01 2.074985e+00 1.270774e+00
9.194216e+00 5.531747e-01 3.393210e+00 2.757425e+00 -1.906836e+00 5.565107e-01 -2.497634e+00 -9.214579e-01 2.309227e+00 1.326748e+00 3.343657e+00 -1.247627e-01
2.509301e+00 9.554720e-02 1.889338e-01 8.135685e-01 5.301515e-01 -7.755712e-01 1.175701e+00 9.797395e-01 1.467622e+00 -6.434186e-02 2.154656e-01 -2.910727e-01
-2.933124e+00 1.807296e+00 4.224865e+00 1.576379e+00 -5.834298e-02 -4.390268e+00 3.408876e+00 8.836966e-01 2.551546e-01 1.137174e+00 -3.410573e+00 1.951976e-01
-1.574001e+00 -5.574628e-01 -2.958522e+00 -2.448698e+00 -1.065599e+00 -7.477776e-01 -2.611783e+00 -6.054519e-01 -7.804441e-03 -1.172252e+00 1.614348e-01 1.447708e+00
-1.393930e+00 1.467593e+00 4.490908e+00 2.805290e+00 1.455056e+00 -2.788915e+00 3.244477e+00 1.552602e+00 1.090837e-02 1.969644e+00 -4.226347e+00 -1.885647e+00
-3.233010e-01 -1.030516e+00 -4.024221e+00 1.437473e-02 9.512901e-01 -4.207280e-01 -2.179980e+00 5.834143e-01 3.188146e-01 1.056655e+00 9.530258e-02 -4.070906e-01
-7.410541e-01 1.131988e+00 1.057706e+00 3.377006e+00 2.510590e+00 -1.684539e+00 2.608395e+00 2.159194e+00 9.474368e-01 2.719492e+00 -3.183316e+00 -1.910240e+00
3.262371e-01 -4.725685e-01 -2.629035e+00 2.224674e+00 2.491763e+00 1.497879e+00 2.173132e-01 1.986481e+00 7.935452e-01 1.696699e+00 -5.037881e-01 -1.421821e+00
-8.588999e-01 2.907993e+00 4.092278e-01 6.116635e-01 1.756448e+00 1.027952e+00 -3.738629e-01 -2.624671e+00 -2.671235e+00 -7.639577e-01 1.655051e+00 1.852278e+00
-3.231175e+00 4.067536e+00 8.936373e-01 1.415257e+00 1.316546e+00 9.795898e-01 -4.455741e-01 -1.149516e+00 -2.403596e+00 -1.047595e+00 6.003994e-01 4.307097e-01
6.107421e+00 1.562207e+00 1.560004e+00 1.677740e+00 -1.822301e-01 -1.006749e+00 1.125673e-01 -2.535220e-01 1.426072e+00 1.156859e+00 1.448742e+00 5.823506e-01
-2.161143e+00 4.017416e+00 4.085406e-01 1.705548e+00 2.044286e+00 1.655357e+00 -2.831177e-01 -2.737443e+00 -3.563721e+00 -7.802691e-01 2.642933e-01 1.691437e+00
