4.686040e+00 -3.743450e+00 1.539592e+00 5.512669e-02 -1.903970e+00 1.923204e+00 -1.890064e+00 1.789489e-01 -1.401119e+00 1.228702e+00 2.003272e-01 -1.851451e+00
3.193794e+00 -2.876448e+00 1.270761e+00 -6.599041e-01 -2.690071e+00 -4.201929e-01 -1.679254e+00 -2.495009e-02 4.115849e-01 -2.499199e-02 1.328938e+00 1.476343e+00
3.727471e+00 -3.679138e+00 1.408762e+00 9.894724e-01 5.880228e-01 3.346926e+00 -1.990951e+00 9.545802e-02 -1.430096e+00 7.753412e-01 -1.751257e+00 -4.111247e+00
3.158842e+00 -2.075825e+00 -5.723367e-01 -7.881562e-01 -2.557399e+00 -1.306900e+00 3.756256e-01 -1.051464e+00 1.871904e+00 7.121160e-02 1.438717e+00 1.557507e+00
2.502326e+00 -2.004443e+00 -1.029802e+00 -1.154163e+00 -2.608001e+00 -1.010460e+00 1.485305e+00 -1.436816e+00 3.361681e+00 -9.314362e-01 1.224047e+00 8.092204e-01
4.064172e+00 -2.835336e+00 -1.411103e+00 5.059295e-01 4.522088e-01 3.473074e+00 -1.208092e+00 -8.711977e-01 -5.522004e-01 5.513003e-01 -1.982569e+00 -3.684626e+00
2.134085e+00 -1.298675e+00 -1.989506e+00 6.152732e-01 1.071326e+00 2.101868e+00 1.767941e-01 -1.122218e+00 -2.660080e-01 2.293249e-01 -1.420671e+00 -3.082249e+00
-1.596314e-01 -5.916821e-01 2.164899e-01 -8.191274e-02 2.768830e-01 4.608034e-01 2.892525e-01 -1.356460e+00 1.599886e+00 -1.360088e+00 1.668512e+00 -4.083726e-01
-1.253103e-01 -3.281075e-01 7.727416e-01 3.720903e-01 -1.034971e+00 6.949490e-01 -1.679714e-01 7.821415e-01 1.893851e+00 8.197767e-01 7.150172e-01 -5.051634e-01
3.183060e-02 -5.122460e-01 -1.227037e-01 5.635124e-01 1.322134e-01 5.319215e-01 -1.080537e+00 1.135912e+00 1.377752e+00 2.425400e+00 1.755684e+00 -9.457273e-01
-4.541872e-01 -3.257031e-01 -1.121704e+00 -7.398934e-01 1.105242e-01 -1.865110e-01 -6.008259e-01 -8.219837e-01 4.038095e-01 -1.097411e+00 -8.933913e-01 8.347448e-01
-1.849703e-01 -1.382118e-01 -8.648906e-01 2.931957e-02 -1.010080e-01 9.431052e-01 -6.080533e-01 -5.311385e-01 -3.478415e-01 -1.764591e+00 -6.570139e-01 -5.265145e-01
-5.408497e-02 5.264919e-02 8.934847e-01 -8.922060e-01 -1.597162e+00 -2.661883e-01 6.879492e-02 -9.253586e-01 2.453183e-01 8.299534e-01 2.506747e-02 -1.264628e-01
-1.990505e-01 -2.586087e-01 -1.336328e-01 -3.188618e-01 5.336018e-02 -5.373517e-01 -7.615314e-01 -1.654778e+00 -4.968962e-01 -7.143574e-01 -9.636663e-01 4.666233e-03
-7.236407e-01 -1.313180e-01 -1.938441e-01 1.028543e+00 6.261984e-01 -7.953507e-01 -6.559066e-02 5.754147e-01 1.761826e+00 1.989454e+00 1.344361e-01 7.264414e-01
-1.685462e-01 3.720814e-01 -3.209856e-01 1.987577e-01 -9.009418e-01 5.838179e-01 5.492103e-01 -1.339218e+00 7.276981e-01 -1.132504e+00 2.071005e+00 -8.401817e-01
2.444687e-02 -8.572104e-02 -1.217193e-01 4.237017e-01 7.490348e-01 1.631436e-01 -2.906407e-01 2.990736e-01 9.254007e-01 -4.485952e-01 5.051193e-01 4.715678e-01
7.687656e-01 -8.650219e-01 -1.060097e+00 -4.115281e-01 -8.358583e-01 4.465288e-01 1.149295e+00 2.248681e-01 -1.941928e-01 -4.395007e-01 -6.913213e-01 -8.642020e-01
-8.410522e-01 -1.225500e-01 -2.694068e-01 6.373882e-01 -1.093962e+00 -2.440181e+00 -2.033894e+00 4.098850e-02 1.883544e+00 2.103551e+00 -2.166554e-01 -3.015901e-01
3.220814e-01 -1.193538e+00 5.608138e-01 1.030436e+00 7.221155e-01 9.462588e-01 9.367332e-01 9.708912e-01 2.255204e-01 9.784265e-02 1.139077e+00 -7.209854e-01
-6.535997e-02 -4.201319e-01 -9.859271e-01 -6.089509e-02 8.539208e-01 1.665457e-01 -9.430631e-02 -1.641194e-01 8.647648e-01 -6.282093e-01 -8.631005e-01 5.610958e-01
-4.813716e-01 2.591211e-01 1.438351e+00 8.900468e-01 2.915249e-01 2.466671e-01 -5.356653e-02 1.666516e+00 -1.413513e-02 1.422543e-01 1.193860e+00 8.252038e-01
-7.821228e-01 -6.011669e-01 1.632151e+00 1.115772e+00 2.064831e-01 -4.060421e-02 2.208637e+00 7.814860e-01 1.680849e-01 1.698799e+00 9.747893e-01 -4.434128e-01
-1.990312e-01 -6.537755e-01 -6.358555e-01 4.168978e-01 -3.803182e-01 -7.390379e-01 -1.691069e-01 -8.300611e-01 1.065144e-01 -1.069405e-01 -1.340086e-01 1.525249e-01
2.540919e-01 -1.573450e+00 -3.508082e-01 6.818135e-01 3.994956e-01 -6.428106e-01 2.282381e-03 -5.635712e-01 5.141284e-01 1.329364e+00 7.716540e-01 2.763025e-01
-5.000305e-02 -2.519568e-01 2.601454e-01 -7.273626e-01 -8.548058e-01 -3.275297e-02 1.981027e+00 9.453245e-02 2.746087e-01 -4.023572e-01 -5.710042e-01 -1.192925e+00
1.444950e-02 1.481372e-01 -1.768785e-01 -1.806349e-01 1.007696e-01 -7.785284e-03 5.651691e-01 -4.967098e-01 2.893457e-01 -1.231223e+00 -3.243437e-02 -4.175296e-02
2.454197e-01 -9.449419e-01 1.016132e-01 3.698621e-02 -7.613522e-01 6.517552e-01 1.908285e+00 6.733717e-01 -8.717125e-01 3.093234e-01 4.627603e-01 -1.043967e-01
2.114099e-01 4.053705e-01 1.054143e-01 9.776286e-01 1.540550e+00 -4.697975e-01 -1.158506e+00 1.474086e+00 6.311579e-01 7.191105e-01 1.354168e+00 -2.259227e-01
7.383851e-01 -1.965874e-01 -3.196794e-01 3.239208e-01 -1.516471e+00 -9.480407e-01 1.107700e+00 -1.373373e+00 6.309231e-01 3.282901e-01 2.936316e-02 1.011919e+00
-1.556614e+00 -3.911617e-01 6.044223e-01 4.999984e-01 -1.358976e+00 -1.840321e+00 2.024505e-01 1.263300e+00 1.586033e+00 1.789355e+00 7.220856e-01 -6.516801e-01
-6.486054e-02 4.023309e-01 2.657941e-01 -4.002958e-01 -7.676696e-01 -8.846801e-01 1.901595e+00 3.347282e-01 1.280601e-01 -1.386332e+00 -5.652707e-01 5.848430e-01
-5.653488e-01 8.945640e-01 1.391566e+00 6.196636e-01 3.676406e-01 -4.729773e-01 -1.087639e+00 5.761805e-01 -1.326630e-01 -6.838097e-01 8.833828e-01 1.004855e+00
-6.566536e-01 1.257121e+00 1.137538e+00 2.257290e-01 -1.626071e-01 -5.953594e-01 -9.164824e-01 2.247222e-01 1.448489e-01 -8.232037e-01 -2.013704e+00 -4.792752e-01
1.498804e-02 -8.783101e-01 8.396333e-01 4.907658e-01 -4.531124e-01 2.371245e-01 2.437040e+00 5.574990e-01 -7.210131e-01 1.170040e+00 1.723717e+00 1.825449e-01
-1.166750e+00 -7.732204e-01 9.671138e-02 9.945723e-01 -1.732708e+00 -1.288069e+00 -4.019135e-01 9.628701e-01 1.709999e+00 1.658581e+00 1.410630e+00 -6.354157e-01
-3.338633e-02 -1.464446e-01 5.772071e-02 2.949326e-01 6.574477e-01 -5.803386e-01 -4.369635e-01 -5.145166e-01 4.067298e-01 7.799286e-01 -5.713446e-01 -2.857842e-01
-4.909782e-02 -1.826857e-01 1.131077e-01 -8.513556e-01 -1.195342e+00 -1.557331e+00 2.873473e-02 -1.245923e+00 -6.352190e-01 6.573570e-01 -3.874923e-01 -9.771617e-02
1.635399e-02 8.497766e-01 6.217688e-01 -5.235536e-01 -1.307541e+00 1.110201e+00 1.130224e+00 7.581471e-01 -1.961007e+00 -1.171280e+00 2.046854e+00 1.846491e+00
-5.720181e-02 7.122795e-01 -6.043272e-01 -9.393916e-02 -9.594110e-01 3.513796e-01 5.836644e-01 -9.703977e-01 6.457956e-01 -1.012787e+00 1.595154e+00 -6.094767e-01
-3.880786e-01 3.006313e-01 1.011967e+00 1.130463e+00 -3.171214e-01 -5.548855e-01 2.638945e-01 1.692775e-01 1.268095e-01 -1.681347e+00 -1.334965e+00 -1.157997e-02
-8.422185e-01 -1.700706e-01 7.008188e-01 2.780629e-01 -9.818821e-02 -1.147754e+00 -8.746393e-01 -2.692669e-01 2.092620e-01 -8.349538e-02 -2.293574e-01 -7.716355e-01
2.032421e-01 7.548749e-01 7.586476e-01 3.137679e-02 -8.725775e-01 8.699347e-01 6.854224e-01 1.083439e+00 -1.600731e+00 -6.108621e-01 2.367945e+00 1.345812e+00
1.643094e-01 3.053931e-01 6.531479e-02 -1.510697e-01 -5.710567e-01 1.687551e-01 5.074213e-02 1.002395e+00 -1.934137e-01 1.646733e-02 2.499969e+00 8.244457e-01
-6.394128e-01 2.288651e-01 9.574572e-01 3.963071e-01 -5.795363e-01 2.267347e-01 6.971395e-01 2.192510e-01 -3.685288e-01 -1.039967e+00 -2.166735e-01 -9.604156e-02
5.293700e-01 7.393489e-01 -8.214577e-01 7.030223e-02 -1.804602e+00 2.590553e-01 6.450833e-01 -9.862927e-01 2.695550e-01 4.712722e-02 5.974256e-01 1.108837e-03
3.412481e-01 6.564283e-01 8.594173e-02 1.877171e-01 4.662167e-01 -1.085964e+00 8.367567e-01 1.884374e+00 -1.643456e+00 -9.614944e-03 -3.696121e-01 -2.418085e-01
4.993612e-01 1.238590e-01 5.417023e-02 8.085961e-02 -2.232239e-01 -7.476336e-01 1.066722e+00 -1.178317e+00 1.305633e-01 9.755947e-01 -2.638603e-01 1.059695e+00
-6.218272e-01 1.068008e-01 4.102476e-01 -1.125823e-01 -6.464673e-01 4.047024e-01 2.837172e-01 7.473143e-01 -1.065217e+00 -8.955579e-02 1.987115e+00 1.686964e+00
5.376579e-01 3.895101e-01 -3.961232e-02 1.976286e-01 -2.921897e-01 -6.429707e-01 7.649282e-01 -1.282196e+00 -3.959448e-01 1.395840e+00 3.203111e-02 2.751917e-01
2.836032e-01 5.932476e-01 2.560891e-01 -8.819725e-01 -3.499793e-01 -1.337815e+00 2.169037e+00 1.006582e+00 -1.507542e+00 -8.590422e-02 -1.048560e+00 1.767427e-01
-2.621327e-01 1.127561e+00 6.128340e-01 -2.187694e-01 -3.523827e-01 7.015163e-01 -1.901849e-01 2.107658e-01 -1.892017e+00 -1.620874e+00 -5.072713e-01 1.921151e+00
8.266265e-01 5.073949e-01 -7.306735e-02 1.631528e-01 -2.904505e-01 -8.089764e-01 1.017793e+00 -1.102683e+00 -1.476146e+00 2.050112e+00 -2.298853e-01 5.012554e-01
-8.830220e-01 8.279473e-01 4.319185e-01 -3.066545e-01 8.299772e-01 -2.703710e-01 -5.561376e-01 3.027229e-01 -8.022351e-01 8.924378e-01 1.344297e+00 1.257508e+00
3.642416e-01 4.192686e-01 1.505808e+00 -4.458853e-01 -1.045460e+00 8.479224e-01 1.958816e-02 2.468059e-01 -1.327149e+00 -1.467830e+00 -1.340370e+00 2.063621e+00
-1.083852e+00 1.962797e+00 -1.892454e-01 1.067962e-01 -4.562190e-01 1.147559e+00 -2.115040e-01 -1.760903e-01 -2.621366e+00 -1.119498e+00 8.264192e-01 1.005259e+00
7.593396e-01 1.178194e+00 -5.436999e-01 7.091016e-01 -2.099196e-01 -1.478970e+00 1.308894e+00 -5.324669e-01 -2.454098e+00 2.081762e+00 -3.744982e-01 8.799921e-01
-1.052710e+00 2.191526e+00 -3.529569e-01 9.485974e-02 1.299332e-01 1.153678e+00 -9.329597e-01 -4.703855e-01 -1.848112e+00 -1.016607e+00 7.241930e-01 9.806507e-01
8.978017e-01 5.190730e-01 1.647539e+00 -4.856905e-01 -5.716526e-01 5.839740e-01 4.917852e-01 2.967634e-02 -5.761067e-01 -1.542832e+00 -1.602470e+00 2.160905e+00
-9.449788e-01 -6.647679e-01 -2.139488e+00 -2.911038e+00 -2.531830e-01 -8.554928e-01 -9.420053e-01 -1.177087e-02 1.979074e-01 7.115545e-01 -1.226581e+00 -5.289415e-01
-1.197401e+00 7.728205e-01 1.033823e-01 -1.118691e-01 2.576023e+00 1.324309e+00 3.253217e-01 1.786840e+00 5.718519e-01 2.248435e+00 1.564220e+00 3.909811e-01
1.472513e-01 1.402910e+00 -1.284883e-01 5.202523e-01 3.570694e-01 5.553331e-01 -7.048575e-01 -1.095778e+00 -1.019564e+00 -7.801588e-01 4.928422e-01 1.500322e+00
8.335382e-01 1.181782e+00 -4.015324e-01 9.721752e-01 3.871035e-01 -1.657085e+00 3.854086e-01 -7.214842e-02 -2.063316e+00 1.218321e+00 -4.425438e-01 1.251902e+00
-1.220176e+00 -1.130809e+00 -1.718614e+00 -1.424291e+00 -6.032025e-01 -2.009160e+00 -2.924483e+00 -1.454754e+00 -7.325423e-01 -4.003921e-01 -1.691397e+00 -1.154361e+00
5.744283e-01 1.365061e+00 -1.476117e-01 7.907387e-01 2.743115e-01 -9.474055e-01 2.038203e-01 -5.779608e-01 -1.326960e+00 3.583348e-01 -4.390399e-01 1.847148e+00
-1.483365e+00 -7.187265e-01 -8.724556e-01 -7.740231e-01 3.922383e-01 -1.201506e+00 -2.663319e+00 -2.235065e+00 -9.169270e-01 -1.717579e+00 -2.081109e+00 -2.206965e-01
-1.258433e+00 -5.581023e-01 -1.485054e+00 -1.912952e+00 9.937451e-01 1.793115e+00 2.077157e+00 1.166734e+00 -7.950898e-01 -4.600208e-01 -8.732416e-01 2.852363e-01
-1.275425e+00 1.282905e+00 9.663912e-01 4.144327e-01 2.641847e+00 1.609138e+00 5.383615e-01 2.477843e+00 2.330018e+00 1.041329e+00 7.259130e-03 -5.001026e-01
-5.849587e-01 2.596252e+00 9.509432e-01 -3.099099e-01 1.101065e+00 -1.329562e+00 5.401238e-01 1.898073e+00 1.071551e-01 -1.239848e+00 -8.247244e-01 2.496483e-01
-1.531750e+00 3.657666e-01 2.184468e-01 4.121993e-01 1.385998e+00 2.911897e-02 -2.198418e+00 -9.964755e-01 2.114706e-01 -1.475726e+00 -1.221163e+00 -1.070258e+00
-1.747728e+00 1.071548e+00 1.015197e+00 8.203282e-01 2.422327e+00 1.982024e+00 -3.647477e-01 9.372920e-01 1.190354e+00 -1.381567e+00 -1.090344e+00 -1.336224e+00
-1.483202e+00 7.183177e-01 -7.701560e-01 -3.370226e-01 2.649584e+00 1.219293e+00 2.588174e+00 1.625321e+00 -2.775742e-01 -4.489637e-01 -3.087014e-01 -8.007382e-01
-1.567605e+00 1.973604e+00 -3.662522e-01 3.437747e-01 3.749458e+00 6.098244e-01 2.684507e+00 2.366173e+00 1.697024e-01 -7.533652e-01 1.159940e-01 -6.526657e-01
-1.462080e+00 2.668667e+00 5.429575e-01 9.120641e-01 2.486432e+00 -6.644935e-01 1.599525e+00 2.917174e+00 4.563693e-01 -3.114227e-01 5.093900e-01 -1.526678e+00
