1.715645e+01 -1.275220e+01 -2.524672e+00 -8.413888e+00 -1.610000e+01 1.618218e+01 -1.891619e+00 -3.958450e+00 4.894311e-01 -3.829895e+00 -2.758243e+00 6.034309e+00
1.700868e+01 -1.401272e+01 -2.976613e+00 -6.877847e+00 -1.337400e+01 1.570961e+01 -4.068479e+00 -5.347987e+00 -6.354606e-01 -2.543876e-01 -2.823988e+00 5.793396e+00
1.833299e+01 -1.261795e+01 1.141159e+00 -1.156342e+01 -1.807054e+01 1.408081e+01 -1.945378e+00 2.664943e-01 2.730661e+00 -7.000316e+00 -3.198274e+00 4.721203e+00
1.874539e+01 -9.586329e+00 7.482913e-01 -1.066413e+01 -2.259609e+01 1.219837e+01 4.369211e-01 -1.522326e+00 7.323673e+00 -1.094946e+01 -5.704648e-01 3.034254e+00
1.531638e+01 -1.320174e+01 -2.246774e+00 -7.501072e+00 -8.748579e+00 1.527603e+01 -9.002198e+00 -2.300414e+00 -3.733922e+00 2.171664e+00 -2.313300e-01 2.388025e+00
1.972791e+01 -8.548289e+00 4.114663e+00 -1.201169e+01 -2.309542e+01 7.706019e+00 -3.033079e+00 3.524748e+00 5.092033e+00 -6.165009e+00 -1.831649e+00 3.686576e+00
1.568036e+01 -1.479540e+01 -1.839321e+00 -3.800344e+00 -9.747463e+00 1.379674e+01 -9.805740e+00 -2.646835e+00 -2.069533e+00 2.022049e+00 2.490597e+00 1.389400e-01
1.602888e+01 -1.432452e+01 -8.626192e-01 -2.448859e+00 -1.034355e+01 9.882328e+00 -6.790477e+00 -6.650391e+00 -1.950133e+00 7.483522e+00 1.029627e+00 1.524775e+00
1.880476e+01 -5.334966e+00 5.605462e+00 -1.252206e+01 -2.183678e+01 5.334982e+00 -5.472345e+00 2.189661e+00 9.802449e+00 -7.633231e+00 2.237896e+00 1.877960e+00
1.899025e+01 -2.550666e+00 4.784882e+00 -9.419308e+00 -2.191962e+01 1.560964e+00 -4.282232e+00 1.135749e+00 1.149523e+01 -7.082688e+00 3.191395e+00 5.392065e+00
1.595868e+01 -1.380917e+01 1.601354e+00 4.661615e-01 -1.166994e+01 8.841711e+00 -5.746978e+00 -9.340376e+00 -1.898947e-01 7.415323e+00 5.848728e+00 -6.729578e-01
1.881940e+01 1.523018e+00 9.230938e-01 -3.997483e+00 -1.518284e+01 -5.875677e+00 4.422165e-01 2.904757e-01 6.887053e+00 -2.016803e+00 -2.017783e+00 6.230497e+00
-9.763164e+00 -1.189780e+01 -1.110323e+01 7.984238e-01 -9.564262e+00 1.177498e+01 1.738718e+01 3.589563e+00 -1.130259e+01 1.688733e+00 1.422773e+01 -1.002652e+01
1.408190e+01 -9.578044e+00 3.379141e+00 3.103400e+00 -7.871453e+00 3.955463e+00 -4.184216e+00 -7.517816e+00 -3.898289e+00 6.562060e+00 8.469629e+00 -4.971821e+00
-5.436910e+00 -1.137376e+01 -1.003950e+01 -1.879417e+01 7.290258e-01 4.651546e+00 -7.761410e+00 4.314241e+00 -1.028793e+00 2.097074e-01 -2.906939e+00 -5.990793e+00
-1.744519e+01 -2.837282e+00 -4.133588e+00 -6.024662e+00 2.776891e+00 -9.033823e+00 -2.825620e+00 -8.936850e+00 -9.462905e-01 -2.978684e+00 -4.655620e+00 1.809895e+00
1.630928e+01 -4.730919e+00 4.358807e+00 5.182014e+00 -2.833068e+00 -1.875684e+00 -1.977623e+00 -6.347254e+00 -9.637417e+00 -2.796328e-01 7.123161e+00 -4.118976e+00
-1.263874e+01 -2.911275e+00 -1.954136e+00 -9.932642e+00 -6.993739e+00 7.285603e+00 8.159665e+00 5.171348e+00 -3.190371e+00 -3.036829e+00 -8.328479e+00 -7.821086e+00
1.496583e+01 -3.324389e+00 5.999172e+00 4.295557e+00 -5.277143e-01 -3.963795e+00 -1.493351e+00 -7.350821e+00 -1.334253e+01 -1.624978e-02 8.461301e+00 -6.201043e+00
-1.332987e+01 -7.848388e+00 -3.135210e+00 -3.691536e+00 -4.271748e+00 1.100125e+01 1.242732e+01 1.926839e+00 -5.145595e+00 -3.860775e-01 3.738853e+00 -4.509220e+00
-1.156774e+01 -9.818089e+00 -8.180931e+00 5.521410e+00 -1.690679e-01 1.590331e+00 8.980566e+00 1.551300e+01 -4.789792e+00 -2.871492e+00 9.881791e+00 1.775781e+00
-5.688429e+00 -1.110583e+01 -6.620667e+00 -1.590441e+01 4.430156e+00 7.133360e+00 -8.079553e+00 2.455511e+00 -1.982230e+00 1.781326e+00 -3.062206e+00 -2.892480e+00
1.095505e+01 8.525914e+00 1.200485e+01 7.042409e+00 1.757837e+00 -5.478707e+00 1.287986e+00 -3.470119e+00 -1.178480e+01 2.394488e+00 5.885977e+00 -8.029267e+00
-1.085839e+01 -8.626431e+00 -1.081959e+01 6.470152e-01 -3.579013e+00 -3.098955e+00 -1.066789e+01 -3.079330e+00 -5.534859e+00 3.609304e+00 -2.957481e+00 2.078886e+00
1.154426e+01 8.215265e+00 8.040798e+00 2.990485e+00 2.197314e+00 -5.549459e+00 2.075104e+00 -4.464217e-01 -1.312438e+01 3.186157e+00 8.201435e+00 -7.213337e+00
-1.680310e+01 5.632620e-02 -6.349143e+00 -1.405855e+00 2.806787e+00 -4.174411e+00 -3.938325e+00 -4.966734e+00 4.393961e-01 -5.321952e-01 -3.716837e+00 3.423749e+00
9.905636e+00 5.883382e+00 8.012381e+00 5.761795e+00 2.233901e+00 -6.598260e+00 -6.281621e-01 1.103027e-01 -1.186578e+01 4.876977e-01 4.955528e+00 -1.105405e+01
1.171025e+01 7.899172e+00 -1.037714e+00 -8.842700e+00 -9.705078e+00 -6.577909e+00 -2.410575e+00 -5.153680e-02 -5.459903e+00 -8.560535e+00 -2.908953e+00 1.574889e-01
-1.218305e+01 3.237640e+00 -3.920122e+00 -9.120703e-02 2.521239e+00 -5.648070e+00 5.724501e+00 8.908149e+00 -6.452270e+00 2.569581e+00 1.045136e+00 2.740586e+00
7.377753e+00 7.324291e+00 8.848321e+00 1.377480e+01 7.098041e+00 -5.499446e+00 4.690828e+00 -3.604835e-01 -4.573690e+00 -3.550009e+00 -2.348905e+00 -5.730241e+00
1.027035e+01 1.075568e+01 1.136515e+00 -5.868232e+00 -5.917210e+00 -6.437603e+00 -1.760259e+00 2.156516e+00 -2.661243e+00 -7.097721e-02 4.341434e+00 5.781371e+00
-1.317230e+01 1.840214e+00 7.185082e-01 -1.867327e+00 6.945428e+00 -4.688748e+00 1.126913e+00 -3.447342e+00 4.286113e+00 2.319032e+00 -6.535679e-01 5.185155e+00
8.688344e+00 1.160171e+01 -2.125789e+00 -8.695782e+00 -6.442246e+00 -1.058997e+01 -4.776057e+00 2.998879e+00 -2.726609e+00 -6.747489e+00 -5.228776e+00 1.418152e+00
-1.056931e+01 -3.080815e+00 -4.748271e+00 1.796975e+00 7.018288e+00 3.526335e+00 -4.599680e+00 8.639337e-01 -9.592032e-01 4.919795e+00 -5.597708e-01 3.262522e+00
7.266986e+00 3.805314e+00 2.359529e+00 -8.699061e-01 -4.301718e+00 -8.176325e+00 -2.973513e+00 4.006395e+00 -9.119976e-01 -9.622134e+00 2.990574e+00 2.477405e+00
6.124741e+00 5.201873e+00 3.387831e+00 6.705159e+00 8.545015e+00 1.378436e-01 4.101810e+00 2.683907e+00 -1.277685e-02 4.600235e+00 -1.377403e+00 -4.315637e+00
5.359200e+00 2.445172e+00 -4.065720e+00 -5.737369e+00 -8.629833e+00 2.498531e+00 5.001949e+00 -6.382642e+00 -5.944943e+00 1.152143e+00 -7.260889e+00 -7.738808e+00
-8.589551e+00 5.174416e+00 -4.728623e+00 -1.719271e+00 7.108902e+00 -4.265718e+00 1.985409e+00 4.811487e+00 -2.942064e-01 4.995831e+00 -4.594795e-01 3.030766e+00
4.053045e+00 3.163425e+00 5.628839e-01 5.015939e+00 8.415858e+00 1.688885e+00 1.052236e+01 4.708353e+00 1.050547e+00 4.728614e+00 -1.954938e+00 -6.167488e+00
4.374417e+00 7.338885e+00 3.395807e+00 1.302609e+00 -3.846977e+00 -8.013119e+00 -3.217979e-01 6.262336e+00 -2.877599e+00 -9.303849e+00 3.382011e+00 2.972749e+00
-7.534952e-01 1.507312e+00 -2.004147e+00 4.212337e+00 -3.626060e-01 -1.939471e+00 1.109789e+00 -2.426004e+00 -2.398946e+00 -3.221601e+00 -1.639031e+00 -5.447059e+00
3.406279e+00 9.725774e-01 6.640583e-02 2.544957e+00 7.172899e+00 5.772450e-01 5.145124e+00 4.615484e+00 -1.297137e+00 -5.164658e-01 -2.879876e+00 -6.496037e+00
-2.454796e-01 3.788086e+00 1.150317e-01 3.693786e+00 6.245957e+00 3.192260e+00 7.273202e+00 -1.072784e+00 -1.484044e+00 -2.111089e+00 -2.381851e+00 -3.118552e+00
2.882056e+00 4.004282e+00 1.294096e+00 3.107403e+00 2.530349e+00 -3.154106e+00 1.117332e+01 4.620290e+00 -2.015839e+00 -4.543924e+00 -3.868896e+00 -3.669002e+00
-9.751635e-01 2.837162e+00 1.338161e+00 2.505983e+00 2.254714e+00 -2.734376e+00 1.735075e+00 -4.451947e+00 -3.542317e+00 -2.432880e+00 -2.277834e+00 -4.489004e+00
-5.919495e+00 4.276676e-01 -2.316741e+00 3.670335e+00 2.822397e+00 -3.702200e+00 -2.770484e+00 -1.016552e+00 3.084635e+00 4.191491e+00 3.307186e-01 1.991042e+00
-3.278784e+00 3.739002e-01 -7.425504e+00 -5.421008e+00 -5.756077e+00 -2.631142e+00 2.342970e+00 -6.798203e+00 -2.842143e+00 5.486465e+00 3.242416e+00 8.453518e-01
-8.934255e+00 7.831215e-01 -2.085952e+00 5.092693e+00 7.023307e+00 2.545512e+00 2.701283e-01 1.181720e+00 4.040125e+00 6.978393e+00 3.037444e+00 7.778392e+00
-3.236185e+00 3.205898e+00 4.834411e-01 4.168116e+00 4.098317e+00 -1.231844e+00 1.462854e+00 -2.736437e+00 -4.575619e+00 -5.517105e+00 -2.948832e+00 -2.902667e+00
-5.133280e+00 2.833627e+00 -1.108624e+00 5.038514e+00 5.108935e+00 -6.002915e+00 -5.547908e+00 -4.691722e+00 6.675552e+00 5.131091e+00 7.182618e+00 5.860000e+00
-1.462276e+00 8.962273e+00 2.712924e+00 -1.981759e+00 -3.126613e+00 -9.958772e+00 -9.005636e+00 -6.346461e+00 -6.478749e+00 -4.145870e+00 -4.141991e+00 5.290080e-01
-4.950354e+00 6.329975e+00 3.353820e+00 4.219024e+00 6.758084e+00 1.718663e+00 -2.736407e+00 1.654278e+00 3.271945e+00 1.673865e+00 -3.034933e-01 2.397218e+00
-3.434954e+00 3.990387e+00 1.414692e+00 2.763243e+00 3.391943e+00 -3.151138e+00 2.218331e+00 7.094921e-01 8.078644e-01 -4.140568e+00 1.966549e+00 -2.488498e+00
-1.304227e+00 3.523651e+00 2.403690e-01 2.065940e+00 3.852481e+00 -5.436601e+00 -2.454792e+00 -3.419347e-01 -1.592942e+00 -1.266875e-01 -2.217257e+00 -1.880225e+00
-5.624064e+00 -3.580826e+00 -1.494585e+00 3.998513e+00 5.289183e+00 -1.482695e+00 -1.111295e+00 -2.661615e+00 2.884531e+00 9.314193e-01 -1.240021e+00 1.686921e+00
-1.686623e+00 3.671224e+00 1.545026e+00 2.274526e+00 5.700542e+00 -1.585093e+00 4.522672e+00 2.664316e+00 2.693189e+00 -1.283433e+00 2.110372e+00 -2.117145e+00
-7.585402e+00 2.315097e+00 -9.929981e-01 2.144817e+00 3.677473e+00 -2.360470e+00 -2.404157e+00 6.107997e+00 8.552485e+00 6.741769e+00 2.023279e+00 5.559388e+00
-2.063428e+00 2.451739e+00 -1.018391e+00 1.891878e+00 5.675885e+00 -2.472987e+00 2.511180e+00 1.509791e+00 5.749754e+00 2.416177e+00 -5.357138e-01 1.190333e+00
-6.061702e+00 3.417978e+00 -2.749070e+00 2.677654e-01 5.538966e+00 4.451246e+00 1.593537e+00 2.000360e+00 -8.794672e-01 2.137568e+00 -1.029174e+00 6.710372e+00
-3.585224e+00 4.166089e+00 4.696356e+00 5.631741e+00 6.771830e+00 -1.951469e+00 1.787349e-01 -2.836756e+00 3.057642e-01 -3.513853e+00 1.426116e+00 2.500191e+00
-4.469985e+00 -1.889707e+00 -1.722559e+00 6.968048e+00 3.572425e+00 -6.922106e+00 -3.464019e+00 -2.400089e+00 2.152472e+00 8.336266e+00 1.958882e+00 3.641112e-01
1.528400e+00 6.315849e+00 2.582729e-03 -3.229355e+00 5.562816e-01 -1.016590e+01 -5.095598e-01 1.232819e+00 -3.448105e+00 2.353892e-01 -1.487014e+00 1.728668e+00
-4.622028e+00 2.622612e+00 3.712973e-01 6.213934e+00 6.024109e+00 3.387160e+00 3.686046e+00 7.771099e-02 2.911867e+00 -5.387434e-01 -1.373594e+00 2.004729e+00
-2.084342e+00 4.327445e+00 2.353633e+00 4.592159e+00 5.022437e+00 2.301194e+00 2.307535e+00 1.685770e+00 5.694554e+00 -1.152032e+00 -5.220709e+00 -4.117983e+00
-4.799729e+00 3.786211e+00 2.784918e+00 6.800892e+00 6.997758e+00 -8.310552e-01 -4.697054e-01 2.122230e+00 6.160105e+00 -2.348551e+00 4.730809e-02 4.296699e+00
-3.364737e+00 5.248225e+00 3.958907e+00 6.965910e+00 4.898695e+00 1.947065e+00 6.274810e+00 3.554604e+00 9.308235e+00 8.735164e+00 -2.847427e-02 7.054026e+00
-3.839535e+00 3.588699e+00 1.402966e+00 2.272454e+00 6.888593e+00 -2.337056e+00 -1.413325e+00 -3.263364e+00 -2.579520e+00 -2.517523e+00 -1.511241e-01 7.206369e-01
-4.418888e+00 2.924722e+00 3.421183e+00 3.559270e+00 2.783117e+00 -8.313532e-01 1.184166e+00 4.708179e-01 1.317955e+00 -7.845333e-01 -3.250088e+00 -6.104836e+00
-8.505971e+00 -3.065991e-01 -1.801967e+00 3.097869e+00 3.240264e+00 -2.223640e+00 -1.473423e+00 2.027121e-01 5.281437e+00 -5.217013e-01 -8.802849e+00 -1.988483e+00
-9.249183e+00 1.999815e+00 7.253645e-01 3.403686e+00 4.408056e+00 -1.324973e-01 3.327187e+00 -2.135663e-01 3.470102e+00 1.239396e+00 -4.450661e+00 1.697294e+00
-7.482592e+00 1.367774e+00 -6.317508e-02 -1.793064e+00 4.620428e+00 -2.307371e+00 1.065248e+00 -5.562826e-01 -1.981422e+00 2.204769e+00 -1.270230e-01 1.484680e+00
-4.261266e+00 4.033332e+00 3.986480e+00 5.833644e+00 7.551457e+00 4.063645e+00 4.263151e+00 -3.664701e-01 -8.379228e-01 -2.007078e+00 -2.785113e+00 6.123382e-02
-8.450419e+00 1.024194e+00 1.329932e-01 1.457361e+00 6.460231e+00 2.478647e+00 7.560685e-02 -1.363785e-01 4.291064e+00 -2.467549e+00 -2.530413e+00 5.049072e+00
-4.948645e+00 4.198147e+00 2.368604e+00 2.676332e+00 1.048138e+01 3.820314e+00 7.707022e+00 4.209948e+00 9.846961e+00 5.735040e+00 1.822748e+00 2.004192e+00
-2.538016e+00 4.716104e+00 2.922702e+00 5.690826e+00 5.416616e+00 3.297751e-01 3.326823e+00 9.337594e+00 9.806666e+00 3.607972e-01 -4.607527e+00 -3.330893e+00
-6.380550e+00 1.297412e+00 -3.447016e+00 -4.127913e+00 7.365693e+00 9.691477e-03 -8.958676e-02 8.284665e-01 1.529170e+00 1.881210e+00 -1.939478e+00 -7.234563e-01
-4.242490e+00 4.775950e+00 3.687447e+00 4.279554e+00 6.448411e+00 -9.402137e-01 1.053939e+00 2.725483e-01 1.043687e+00 -4.311819e-01 3.495802e+00 -6.776172e-01
-7.312045e+00 2.023254e+00 5.246075e-01 2.974154e+00 5.769774e+00 -4.910537e+00 -3.473547e+00 3.869217e+00 8.445331e+00 4.664237e+00 4.671162e-01 6.198731e-01
-8.667035e+00 3.016359e-01 -3.693265e-01 5.277471e+00 7.316545e+00 -1.868460e+00 2.162661e-01 -1.141159e+00 2.698649e+00 5.424747e-01 -1.128561e+00 1.521120e+00
-8.948979e+00 1.672462e+00 1.497302e+00 1.567262e+00 3.988856e+00 -6.661599e+00 -6.572520e+00 -3.156606e+00 2.471654e+00 1.483778e+00 -6.774226e-01 9.608830e-01
-7.582505e+00 2.261715e+00 -8.385626e-01 -2.360191e+00 1.487789e-01 -2.674807e+00 1.234865e+00 2.515513e+00 4.585195e+00 6.859229e-01 2.985754e+00 4.839644e+00
-8.060479e+00 1.561435e+00 -4.911861e-01 9.693229e-01 2.702998e+00 -4.029952e+00 2.281068e+00 1.063306e+00 5.352936e-01 9.865575e-01 4.305595e+00 1.586361e+00
-8.042930e+00 7.253757e-01 -1.129849e+00 9.699328e-01 7.903298e+00 2.406680e+00 -3.539893e+00 -4.321146e+00 4.091818e-01 -7.991488e-01 -4.009280e+00 9.615685e-01
-7.737739e+00 -2.623795e-01 -2.829946e+00 -7.147848e-01 4.653084e+00 -2.824762e+00 -2.794937e+00 -5.105991e-01 6.432240e-01 -4.824590e+00 -5.800002e+00 -1.307160e+00
-7.083630e+00 3.803600e-01 -1.222929e+00 -9.725659e-01 2.866007e+00 -4.040696e+00 -3.623631e+00 1.175332e+00 4.716039e+00 5.757555e+00 1.739753e+00 -2.627172e+00
