2.010406e+01 -6.650777e+00 -3.038851e+00 -1.108770e+01 -2.140416e+01 8.146316e+00 -9.243469e+00 -8.253014e+00 1.995658e+01 -1.934068e+01 -5.276009e+00 4.273609e+00
2.057663e+01 -9.400806e+00 -6.331489e+00 -1.554034e+01 -8.720297e+00 1.347026e+01 -1.174734e+01 -9.107784e+00 1.300987e+01 -9.353557e+00 -1.307860e+00 4.929597e+00
2.127125e+01 -9.617535e+00 -4.968730e+00 -1.334278e+01 -1.309166e+01 1.287959e+01 -1.265908e+01 -9.323932e+00 1.521976e+01 -1.394102e+01 -1.504844e+00 4.867970e+00
2.029589e+01 -5.252739e+00 4.797599e-01 -1.024878e+01 -2.288418e+01 4.410845e+00 -9.601915e+00 -6.360127e+00 1.698434e+01 -1.490622e+01 -7.346477e+00 4.101523e+00
1.965866e+01 -7.241004e+00 -4.974056e+00 -1.222713e+01 -1.821458e+01 1.132966e+01 -1.042876e+01 -9.703803e+00 1.831295e+01 -1.697468e+01 -1.364567e+00 4.965380e+00
2.000920e+01 -9.444139e+00 -6.915260e+00 -1.662741e+01 -6.718833e+00 1.477336e+01 -1.363443e+01 -1.067119e+01 1.224527e+01 -6.103950e+00 2.276521e+00 6.640987e+00
2.063064e+01 -4.260113e+00 2.060985e+00 -9.334562e+00 -2.327674e+01 2.093739e+00 -8.093456e+00 -7.089255e+00 1.644050e+01 -1.303515e+01 -7.730634e+00 5.302305e+00
2.119212e+01 -2.953018e+00 2.721825e+00 -7.472538e+00 -2.558829e+01 1.646438e+00 -8.631613e+00 -5.980912e+00 1.526661e+01 -1.047067e+01 -7.922799e+00 6.395402e+00
1.957899e+01 -9.221308e+00 -8.162086e+00 -1.587858e+01 -6.802312e+00 1.657452e+01 -1.641706e+01 -1.348572e+01 1.557583e+01 -7.434467e+00 5.887587e+00 4.743575e+00
1.984200e+01 -6.011579e-01 3.942594e+00 -8.776927e+00 -2.167809e+01 -3.641521e+00 -6.180181e+00 -6.167493e+00 1.470310e+01 -8.936242e+00 -7.105053e+00 5.073745e+00
2.023038e+01 2.643895e-02 3.753181e+00 -6.703697e+00 -2.395098e+01 -3.572236e+00 -6.811517e+00 -6.867399e+00 1.643024e+01 -1.008086e+01 -7.041939e+00 3.381121e+00
1.988452e+01 3.625792e-01 3.247015e+00 -5.299473e+00 -2.566054e+01 -1.109653e+00 -7.532185e+00 -6.905995e+00 1.658517e+01 -1.244276e+01 -5.484831e+00 2.814802e+00
2.052784e+01 -1.806445e-01 2.300977e+00 -4.716440e+00 -2.548933e+01 -1.041150e-01 -6.938151e+00 -6.927001e+00 1.546125e+01 -1.270240e+01 -7.369606e+00 4.917672e+00
1.906622e+01 7.331026e-01 1.508441e+00 -3.361339e+00 -2.589964e+01 1.777810e+00 -5.210314e+00 -7.428296e+00 1.644784e+01 -1.706086e+01 -4.364233e+00 2.901945e+00
1.869353e+01 -1.035861e+01 -6.945237e+00 -1.301156e+01 -5.514679e+00 1.763143e+01 -2.094638e+01 -1.039967e+01 9.665771e+00 -2.746491e+00 5.351925e+00 1.726073e+00
1.781682e+01 2.392347e+00 2.279596e+00 -2.818351e+00 -2.196107e+01 3.101239e-01 -3.371094e+00 -8.501992e+00 1.229473e+01 -1.586551e+01 -8.078008e+00 6.305400e-01
1.636781e+01 -4.361549e+00 -5.654287e+00 -1.148242e+01 1.424520e+00 1.246807e+01 -1.062005e+01 -6.443050e+00 6.651290e+00 -1.379597e+00 3.818613e+00 2.001807e+00
1.329376e+01 -2.815202e+00 -8.991389e+00 -1.269896e+01 3.626229e+00 1.128978e+01 -1.547381e+01 -6.917936e+00 1.001942e+01 1.006359e+01 1.319174e+01 6.708713e+00
1.658580e+01 3.869240e-01 -7.469448e+00 -8.979055e+00 9.511416e+00 1.023343e+01 -1.718991e+01 -5.207172e+00 8.435125e+00 3.661664e+00 5.104325e+00 -2.505286e+00
-3.883212e+00 -1.597525e+00 -2.210611e+00 2.102134e+00 -8.246952e+00 -2.751044e+00 3.166292e+00 9.270079e-01 -1.316759e+01 -2.264951e+00 -2.028602e+00 -3.118929e+00
1.552819e+01 2.770408e+00 -8.666713e+00 -4.209515e+00 8.664310e+00 2.748392e+00 -8.151606e+00 3.901518e+00 1.799077e+00 -1.720536e+00 -4.082043e-01 1.799662e+00
1.018820e+01 4.236971e-01 -8.636196e+00 6.688951e+00 2.057579e+01 7.357384e+00 -5.796228e+00 -3.287302e-01 6.394833e+00 5.227393e+00 1.067822e+00 -1.379409e+01
-1.623041e+00 -4.067708e+00 -2.990021e+00 5.524679e+00 -4.656970e+00 -3.625150e+00 -9.037511e-01 1.335307e+00 -1.009475e+01 -4.816839e-01 5.526285e-01 -7.588273e-02
1.324727e+01 2.905704e+00 -6.715710e+00 -4.602149e+00 9.989313e+00 8.311333e+00 -1.055184e+01 -4.130906e+00 4.128414e+00 6.017112e+00 3.073434e+00 -1.630505e+00
-6.529703e+00 -1.180744e+01 3.217062e+00 -1.003658e+00 -3.896834e+00 -6.856243e+00 -6.775525e+00 -1.795058e+00 -1.261872e+01 1.865743e-01 -9.591357e-01 -1.166225e+00
-6.272419e+00 -1.938142e+00 -1.980589e+00 5.389140e+00 -5.693751e+00 -3.041201e-01 2.919874e+00 -5.342777e+00 -1.181071e+01 -3.076049e+00 1.035191e+00 -1.960910e+00
8.135391e+00 2.913385e+00 -1.422378e+00 2.672901e+00 -2.404131e+00 -2.413640e+00 -1.538997e+00 5.253741e-01 -8.785360e+00 -2.731389e+00 2.013110e+00 -2.106457e+00
7.147800e+00 -2.132357e+00 -6.445666e+00 4.026597e+00 1.534364e+01 6.239613e+00 -6.178910e+00 3.759764e+00 1.122418e+01 3.328915e+00 1.441312e+00 -3.786687e+00
-6.806707e+00 -1.181220e+00 -9.407282e-01 6.775599e+00 2.494552e+00 3.579716e+00 -2.366488e-01 3.873704e+00 -5.381022e+00 -1.949260e+00 -5.083055e-01 2.669941e+00
-1.121284e+01 -6.273552e+00 4.621058e+00 -5.498499e+00 -1.306360e+00 6.111930e+00 1.964993e+00 -6.711264e+00 -7.575342e+00 -4.026654e-01 -4.240660e+00 -2.973626e-01
4.825682e+00 -4.972083e+00 -6.631342e+00 -2.949345e-01 9.819391e+00 4.273033e+00 -3.125766e+00 2.227448e+00 3.598179e+00 1.281249e+00 -4.067778e+00 1.120766e+00
-4.117001e+00 -2.226440e+00 3.310037e+00 -2.617739e-01 3.053198e-01 -4.167798e+00 1.938335e+00 -9.272381e+00 -1.416796e+00 2.917193e+00 1.865043e-01 -3.509965e+00
-4.577525e+00 -1.345568e+00 4.618928e+00 2.013967e+00 4.533687e-01 -2.088259e+00 8.357084e-01 -1.103373e+01 -2.771882e+00 4.371964e+00 -5.777668e-01 -3.618109e+00
-9.455388e+00 -3.626276e+00 -7.737894e-01 3.963413e+00 1.289648e+00 -3.312330e+00 -3.126936e-01 8.404086e-01 -1.007567e+01 2.058855e+00 1.891782e+00 2.299106e+00
-8.483684e+00 -6.514396e+00 8.953817e-01 2.191678e+00 -1.804616e+00 -4.945095e+00 -5.222704e-01 8.178134e-01 -6.139195e+00 2.318326e+00 2.576021e+00 -2.302522e-01
-1.058850e+01 -4.063522e+00 2.907960e+00 -6.994196e+00 -2.344532e-01 8.291011e+00 4.423257e+00 -6.106255e+00 -6.811110e+00 3.636904e+00 -1.176838e+00 1.765770e+00
2.229737e+00 -5.357968e+00 -8.204140e+00 3.600574e-02 6.638567e+00 -1.216350e-01 -1.350551e+00 5.407020e+00 2.606588e+00 2.000999e+00 -5.696588e+00 -1.153343e+00
1.345128e+00 -4.587428e+00 -7.325058e+00 7.013156e+00 9.416203e+00 -4.136156e+00 -3.235133e+00 2.071811e+00 3.928421e+00 3.586277e+00 -3.396558e+00 -2.355011e+00
4.509621e-01 -5.252580e+00 -7.781040e+00 1.932868e+00 1.038303e+01 1.284957e+00 -7.011983e-01 2.311510e+00 5.454994e+00 3.978274e+00 -2.168921e+00 -8.985325e-01
-8.255931e+00 -4.602553e+00 7.290840e+00 4.586048e-01 -3.480031e+00 1.594883e+00 -2.201002e+00 -9.855083e+00 -3.883146e+00 1.128661e+00 -3.312706e+00 1.232920e+00
-9.069892e+00 -1.477729e+00 -3.157337e+00 -1.158667e+00 6.056623e-01 -6.833349e+00 -1.697254e+00 4.352681e+00 -2.067659e+00 1.731014e+00 5.746585e+00 -2.736104e-01
-1.077738e+00 -3.244185e+00 -4.899784e+00 6.123904e+00 7.708660e+00 1.545774e+00 -9.317505e-01 4.245720e+00 1.882710e+00 5.301799e+00 -7.291858e-01 1.879916e+00
-7.164962e+00 7.863021e-01 2.007430e+00 1.064100e+00 -6.063948e-01 -6.012164e+00 2.307057e+00 -2.051119e+00 -5.381356e+00 -6.900606e-01 3.186792e-01 1.128623e-01
-5.173371e+00 2.784718e+00 -1.269712e-01 3.904545e+00 2.727549e+00 3.219700e-02 4.747548e+00 2.412397e+00 -6.713825e+00 -2.928488e+00 -6.085488e+00 -7.765069e+00
-4.723339e+00 2.790043e+00 -1.073099e+00 2.362387e+00 -1.766682e-03 -6.062557e+00 4.162608e+00 6.361875e+00 -3.080424e+00 7.213639e+00 1.663539e+00 -1.903718e+00
-9.712324e-01 9.082558e-01 -1.293602e+00 2.769118e+00 -3.746978e+00 -7.403666e+00 3.570260e+00 -3.324755e+00 -4.208012e+00 2.793280e+00 -3.582783e+00 1.961573e-01
-5.805189e+00 2.878928e+00 7.401483e-01 3.679940e+00 1.489646e+00 6.446881e-01 5.713557e+00 4.525986e+00 -2.719976e+00 5.993915e+00 1.645541e+00 5.955228e-01
-3.791550e+00 6.837314e+00 2.523129e+00 3.019889e+00 2.584115e+00 1.577656e+00 3.470350e+00 2.122282e+00 -8.558711e+00 8.683945e-01 1.712427e+00 -3.850619e+00
-7.173711e+00 6.719714e-01 6.163568e+00 3.558558e+00 -8.650694e-01 1.038651e-01 8.408837e+00 7.385848e-01 -7.161331e+00 6.854355e+00 6.324790e+00 -7.188637e+00
-1.878185e+00 2.165620e+00 -6.568675e-01 4.501454e+00 3.501495e+00 -5.344403e+00 4.417653e-01 1.636611e+00 2.342335e+00 5.652284e+00 -2.155907e-01 -4.851072e+00
-5.000990e+00 6.146988e+00 1.981157e+00 -9.766222e-01 -6.525445e-01 -6.065243e+00 -5.920489e-01 4.016758e+00 -7.445539e+00 2.432748e+00 2.205473e+00 -2.287003e+00
-5.755759e+00 7.316346e-01 2.071576e+00 9.504248e+00 7.425660e+00 2.756260e+00 1.387048e+01 7.360910e+00 -1.043763e+01 -4.814256e+00 -5.677138e+00 -3.424206e+00
-3.424703e+00 2.119076e+00 1.206627e+00 5.738655e+00 7.113669e+00 -4.201603e-01 2.833845e+00 3.899102e-01 -3.941905e+00 4.371061e+00 2.491541e+00 -2.624724e+00
-6.283128e+00 4.214555e+00 3.521512e+00 7.065054e+00 2.527736e+00 -9.855514e-01 3.398719e+00 3.088233e+00 -4.722370e+00 5.610507e+00 1.325400e+00 -2.330430e-01
-1.831724e+00 -5.539203e-01 -4.177857e+00 4.531163e+00 8.723978e+00 -4.503728e+00 3.939495e+00 6.669489e+00 7.579632e-01 3.249088e+00 -1.040735e+00 -2.274742e+00
-7.879697e+00 1.666081e+00 -8.149691e-01 2.945311e-01 3.942474e+00 -3.395911e+00 3.309338e+00 2.222283e+00 -3.326053e+00 8.656780e+00 2.701223e+00 2.521968e+00
-4.910884e+00 1.840928e+00 1.807518e+00 4.596204e+00 1.566402e+00 -9.444666e-02 7.399909e+00 -2.292070e-01 -6.881816e+00 1.204564e+00 -2.880462e+00 -3.090348e+00
-7.520396e+00 4.905978e+00 2.186764e+00 1.340398e+00 4.121827e+00 -1.509995e+00 3.123358e+00 6.554800e+00 -5.471392e-01 5.864076e+00 1.030622e+00 -1.795191e+00
-6.874468e+00 2.021539e+00 -2.505127e+00 1.736345e+00 2.811880e+00 -2.571839e+00 5.886950e+00 6.855842e+00 -5.578469e+00 2.660596e+00 3.995305e+00 -3.695671e-01
-5.164649e+00 5.736675e+00 5.157282e+00 6.659716e+00 3.792926e+00 -1.231407e+00 6.051044e+00 1.126178e+00 -8.008996e+00 -1.692699e+00 4.075833e+00 1.973059e+00
-4.823519e+00 3.452664e+00 -1.029499e-01 2.441697e+00 6.546468e+00 1.371694e-01 7.659349e+00 8.477106e-01 -8.966546e+00 3.215002e-01 -1.723502e+00 -1.246359e+00
-6.693210e+00 5.393518e+00 5.575566e-01 3.682011e+00 6.190460e+00 -6.988611e-01 4.167779e+00 1.231783e+00 -5.887024e+00 2.506864e-01 1.831881e+00 -1.637427e+00
-8.306943e+00 2.653023e+00 1.082606e+00 2.127024e-01 4.209724e+00 -2.138932e+00 4.532184e+00 6.925034e+00 -2.154705e+00 2.108527e+00 1.194940e+00 -9.083118e-01
-5.703274e+00 -6.664371e-01 -1.557362e+00 1.333324e+00 4.456683e+00 -3.212768e+00 1.211182e+00 4.557837e+00 1.757218e+00 1.666885e+00 -6.890407e+00 -1.887462e+00
-6.922693e+00 5.806618e+00 4.737556e+00 3.704602e+00 5.091036e+00 -7.082958e-01 5.208773e+00 3.078054e+00 -1.767305e+00 4.898941e+00 3.876280e+00 2.216314e+00
-6.568613e+00 3.352859e+00 5.096014e+00 5.923198e+00 7.022799e+00 -1.648616e+00 5.131084e+00 -8.806586e-02 -7.660873e+00 1.408756e+00 1.723816e+00 -1.028498e+00
-4.185116e+00 4.828105e+00 1.286936e+00 3.977344e+00 4.721197e+00 -3.595715e+00 7.101962e+00 6.648427e+00 -2.682990e+00 3.120489e+00 -1.112992e+00 -2.079109e+00
-5.812709e+00 4.826225e+00 4.447851e+00 5.576010e+00 4.206074e+00 -4.896212e-02 5.416007e+00 6.103712e+00 -6.724712e+00 -1.298742e+00 4.061089e-01 -2.317673e+00
-9.663672e+00 1.695051e-01 2.403276e+00 2.631418e+00 5.483305e+00 -4.455222e+00 3.283540e+00 5.494128e+00 5.589957e-01 9.250373e+00 3.759383e+00 2.295202e+00
-4.129336e+00 3.924721e+00 2.896435e+00 2.326213e+00 4.465175e+00 4.535356e-01 4.327000e+00 1.610946e+00 -8.295544e+00 -1.407893e+00 -1.891772e+00 -6.364534e-01
-5.002961e+00 4.201424e+00 2.743644e+00 4.986330e+00 5.933895e+00 -2.219114e+00 5.648449e+00 5.677598e+00 -6.046110e+00 3.009726e+00 4.364144e+00 1.958739e+00
-5.911302e+00 2.846220e+00 2.590454e+00 4.040039e+00 5.945136e+00 2.107169e+00 1.938030e+00 1.020102e+00 -4.109730e+00 -4.950600e-01 -1.454762e-01 -4.016469e+00
-8.454309e+00 4.758239e-03 -7.636619e-01 1.478328e+00 5.568952e+00 -3.753047e+00 3.264395e+00 3.713337e+00 -3.130010e+00 1.883678e+00 -3.135609e+00 -2.504231e+00
-6.469502e+00 3.248793e+00 1.387011e+00 2.463016e+00 7.385366e+00 -1.259174e-01 7.016068e+00 1.662710e+00 -4.962832e+00 2.523623e+00 -2.749368e+00 -1.025652e+00
-9.356635e+00 9.148600e-01 4.773667e-01 -1.588489e+00 8.469660e-01 -8.153679e+00 1.309156e-01 -7.943603e-01 -1.671211e+00 6.066937e-01 -4.597758e+00 -3.593836e+00
-8.905448e+00 2.907145e+00 1.807630e+00 -4.621481e-01 1.475654e+00 -8.037807e+00 1.367807e+00 5.550833e+00 -3.278831e+00 2.291888e+00 1.789869e+00 -9.056060e-01
-8.629479e+00 2.562292e+00 1.845988e+00 6.228557e+00 8.631420e+00 -1.838945e+00 5.736104e+00 3.074180e+00 -2.206579e+00 4.821170e+00 6.206079e+00 6.168847e-01
-4.316434e+00 5.342749e+00 3.103334e+00 5.048036e+00 7.362891e+00 -2.201149e+00 2.680927e+00 -1.612936e+00 -7.721588e+00 7.477472e-01 3.766035e+00 3.266181e+00
-5.960802e+00 3.355084e+00 2.425488e+00 2.008539e+00 5.701055e+00 1.325744e+00 9.103619e+00 4.201958e+00 -2.490718e+00 4.676794e+00 -1.231687e+00 -1.320727e-01
-8.691979e+00 3.242868e+00 3.538880e+00 2.301260e+00 3.959528e+00 -4.982310e+00 8.798400e+00 8.402948e+00 1.239324e-01 6.190438e+00 2.899473e+00 7.710457e-01
-7.688916e+00 3.927268e-01 -4.364390e-01 -1.199859e+00 -3.484120e-01 -4.505123e+00 7.130019e+00 5.957091e+00 -4.755750e-01 3.130814e+00 3.360260e+00 8.264312e-01
-8.381400e+00 1.209561e+00 2.152352e+00 4.900213e-01 1.222713e+00 -5.295783e+00 1.010565e+00 -1.563650e+00 -3.674040e+00 9.194497e+00 6.325460e+00 5.224477e+00
-8.107226e+00 2.867223e+00 3.225175e+00 5.104517e+00 4.208214e+00 -5.889146e+00 6.614651e+00 6.430619e+00 -7.518728e+00 3.259923e+00 4.300941e+00 -2.126320e+00
-8.254117e+00 6.398878e-01 3.588986e-01 4.146002e+00 7.505500e+00 -3.138194e-01 3.520980e+00 -7.638239e-01 -9.485071e+00 -6.690307e-01 2.747306e-01 -1.200967e-01
-6.742189e+00 3.856621e+00 3.339071e+00 1.886888e+00 6.013627e+00 -3.223294e+00 4.488222e+00 4.886725e+00 -5.210509e-01 4.161051e+00 1.567943e+00 -1.339866e+00
-8.486001e+00 3.910484e+00 5.824163e+00 3.258021e+00 2.395901e+00 -4.005057e+00 2.344372e+00 -1.027281e+00 -4.565257e+00 3.962317e+00 1.361593e+00 -2.800403e+00
-8.856986e+00 1.864608e+00 7.170641e-01 -7.446254e-01 3.228606e+00 -4.659152e+00 5.005112e+00 9.722174e+00 -7.908258e-01 -3.055292e-02 -1.083198e+00 3.746886e+00
-7.693164e+00 3.598182e+00 2.458700e+00 4.230324e+00 5.085139e+00 -3.351342e+00 7.771611e+00 6.602092e+00 -5.508990e-01 5.180101e+00 1.462426e+00 -1.737110e+00
-8.057179e+00 2.101628e+00 2.877813e+00 4.330680e+00 8.563133e+00 -2.562537e-01 4.723660e+00 -1.724050e+00 -6.714382e+00 -4.305327e-02 -2.497947e+00 -5.195400e-01
-8.816651e+00 2.828378e+00 4.364574e+00 1.789141e+00 4.951374e+00 -4.176775e+00 4.716448e+00 3.779979e+00 -8.672953e-02 5.574854e+00 3.608766e+00 4.140017e+00
-7.758929e+00 3.394305e+00 3.939470e+00 3.390846e+00 8.447941e+00 8.248348e-01 6.032178e+00 3.832316e+00 -3.663564e+00 3.623271e-02 3.109282e+00 3.127110e-02
-6.688234e+00 2.693544e+00 2.735148e+00 2.852003e+00 1.308222e+00 -8.398553e+00 3.175502e+00 5.225320e-01 -3.505140e+00 1.498764e+00 5.692178e-01 -1.887927e+00
-8.070909e+00 3.094859e+00 1.934473e+00 1.744613e+00 1.378433e+00 -7.832952e+00 4.646492e+00 9.801194e+00 -5.038838e-01 4.703053e+00 3.202807e+00 7.200546e-01
-7.333154e+00 2.241000e+00 8.635633e-01 1.777617e+00 4.709076e+00 -5.026505e+00 2.746932e+00 5.481916e+00 -3.138539e+00 2.769907e+00 2.043111e+00 -1.768407e+00
