1.130225e+01 -2.162971e+01 2.773369e+00 -4.606321e+00 -1.088532e+01 9.543080e+00 -8.327963e+00 -5.762974e+00 5.845845e+00 2.383089e+00 3.737155e-01 -2.180383e+00
1.373299e+01 -1.836239e+01 -3.765405e+00 -4.323915e+00 -9.595547e+00 7.240776e+00 -3.471051e+00 -9.085957e+00 6.837368e+00 -7.974627e-01 7.664863e-01 -5.767705e-01
1.377514e+01 -9.210187e+00 -2.370651e+00 -1.698480e+01 -7.442594e+00 1.868398e+01 -8.461896e+00 -7.852721e+00 9.042776e+00 -3.248065e+00 4.533556e+00 -1.840876e+00
1.395731e+01 -9.954059e+00 -2.154646e+00 -1.675682e+01 -8.009115e+00 1.855577e+01 -7.209905e+00 -8.614951e+00 7.393487e+00 -8.718810e-01 2.342114e+00 4.244833e-01
1.010751e+01 -7.947015e+00 -8.720615e+00 -2.569025e+00 -8.193675e+00 7.184961e+00 -7.131426e+00 -1.587590e+00 2.698407e+00 -1.573566e-01 5.526948e+00 1.663520e+00
1.402525e+01 -7.670150e+00 -2.463396e+00 -1.930342e+01 -5.709685e+00 1.787692e+01 -6.222155e+00 -8.871600e+00 6.008204e+00 3.866636e-01 4.525687e+00 -3.705388e+00
1.310844e+01 -1.250437e+01 9.388366e-01 -1.224991e+01 -1.332316e+01 1.804506e+01 -5.609303e+00 -1.089910e+01 9.477710e+00 -2.564787e+00 3.027587e+00 -8.976285e-01
1.413030e+01 -1.024501e+01 -1.570159e+00 -1.556499e+01 -1.097569e+01 1.941817e+01 -3.508859e+00 -1.332606e+01 8.007441e+00 -1.018482e-01 3.637113e+00 -5.564280e-01
1.367535e+01 -1.425538e+01 -2.692342e+00 -1.043711e+01 -8.196007e+00 1.263306e+01 -7.733659e+00 -6.304922e+00 6.512294e+00 -1.983666e+00 4.089760e+00 -3.246938e+00
8.051022e+00 -6.876083e+00 -5.243071e+00 -5.702808e+00 -4.010477e+00 1.847253e+00 -8.613896e+00 -3.219510e+00 2.212350e+00 1.433864e+00 3.980993e+00 3.360521e+00
1.364730e+01 -5.400636e+00 -1.690416e+00 -2.121305e+01 -6.255135e+00 1.877804e+01 -4.593387e+00 -9.500091e+00 4.447104e+00 -5.737765e-01 7.497565e+00 -4.335980e+00
9.940104e+00 -6.743376e+00 -3.868225e+00 -9.657220e+00 -6.346127e+00 9.677277e+00 -4.900107e+00 -4.071865e+00 5.349885e+00 -3.107249e+00 7.436831e+00 -1.141206e+00
1.198366e+01 -1.739755e+01 -3.539612e-01 5.416532e-01 -1.080551e+01 5.447102e+00 -7.451969e+00 -4.726242e+00 9.394502e+00 5.631113e-01 2.219390e-01 -2.580481e+00
1.275034e+01 -4.955227e+00 -9.766908e-01 -1.763630e+01 -8.665362e+00 1.583682e+01 -3.347796e+00 -7.749971e+00 4.276100e+00 -4.580790e+00 1.210447e+01 -4.296214e+00
1.218555e+01 -5.252002e+00 -1.048850e+00 -1.414944e+01 -1.029535e+01 1.337623e+01 -1.197934e+00 -8.208179e+00 5.683828e+00 -2.683374e+00 8.223330e+00 -2.212749e+00
9.303592e+00 -3.974095e+00 -2.149477e+00 -7.481764e+00 2.388067e+00 -7.299824e+00 -7.080875e+00 -4.198699e+00 -2.275744e+00 9.923902e-01 3.748149e+00 2.075489e+00
1.230966e+01 -1.529702e+01 -8.671496e-01 4.344046e+00 -7.697347e+00 2.659308e+00 -6.874362e+00 -2.089842e+00 6.793698e+00 3.666282e-01 -8.921996e-01 -1.477785e+00
1.025637e+01 -1.176322e+01 1.343926e+00 -1.272745e+00 -2.968603e+00 2.217951e-01 -9.695653e+00 1.430734e+00 6.385996e+00 1.304050e+00 -2.266942e-01 3.830057e-01
1.053315e+01 -1.124399e+01 3.345164e+00 -1.068375e-01 -7.658595e+00 1.986417e+00 -6.867451e+00 8.924249e-01 7.993054e+00 1.533152e+00 -1.796567e+00 1.860083e+00
1.184660e+01 -5.022422e+00 5.941040e+00 5.766736e+00 -3.877089e+00 -9.830908e+00 -1.221064e-01 -1.523036e+00 -1.019748e+01 1.674994e-01 4.056334e+00 -3.206242e+00
-1.704069e+01 -1.243222e+01 -3.379488e+00 2.720945e+00 2.142406e+00 -2.348365e+00 -5.449938e+00 -2.558062e+00 -6.798301e+00 1.031149e+00 -4.162992e+00 5.167755e+00
9.710556e+00 -9.127058e+00 4.315424e+00 1.718890e+00 -7.525277e+00 6.133208e-01 -5.988032e+00 5.301761e+00 1.179049e+01 -1.149801e+00 3.007710e+00 3.603283e+00
1.290744e+01 -4.950099e+00 2.890246e+00 6.674933e+00 -8.633262e+00 -9.698909e+00 5.676081e+00 -3.057668e+00 -1.251501e+01 2.567079e+00 2.130383e+00 -2.184654e+00
-1.684689e+01 -1.209167e+01 -2.130924e+00 4.491149e+00 3.857752e+00 -6.234059e-01 -5.277086e+00 -2.914897e+00 -6.831937e+00 1.607032e+00 -3.157484e+00 7.027854e+00
1.205129e+01 -2.188576e+00 4.164673e+00 2.984627e+00 -4.206702e+00 -4.392194e+00 -2.810426e+00 -5.321105e+00 -9.791187e+00 -1.015053e+00 5.033442e+00 -3.479310e+00
8.476881e+00 -8.553005e-01 7.914647e+00 6.885196e+00 -4.601339e+00 -2.719881e+00 -4.111334e+00 -1.611729e-01 1.946993e+00 -5.785030e+00 7.475850e+00 8.674980e-01
8.898124e+00 -9.139798e-01 7.921504e+00 4.856492e+00 -7.357153e+00 -3.929216e+00 -4.732563e+00 3.161628e+00 3.650946e-01 -5.774350e+00 5.390127e+00 3.016421e-01
1.085177e+01 2.858654e+00 2.718416e+00 4.242923e+00 -6.334057e-01 -4.915337e+00 8.188591e-01 -3.934937e+00 -5.889124e+00 5.283363e-01 2.008125e+00 -5.398517e-01
1.169751e+01 1.038680e+01 -5.318701e-02 1.073900e+00 -1.610001e+00 -6.443823e+00 2.220697e+00 -7.158304e+00 -9.175398e+00 -4.037876e-01 3.706413e+00 -5.836122e-01
8.657293e+00 3.476214e+00 6.762276e+00 6.932030e-01 -5.504837e+00 -7.946877e+00 -1.504616e+00 3.865203e+00 -9.626167e-01 -1.949540e+00 2.732679e+00 1.575671e+00
7.880190e+00 9.392470e+00 6.001187e+00 4.151484e+00 -2.508780e+00 -1.015634e+01 5.771851e+00 4.739902e+00 -1.021670e+01 5.066503e-01 6.261128e+00 -7.291903e+00
-4.268109e+00 -3.636980e+00 1.144451e+01 -1.761131e+00 -4.166837e+00 3.445878e+00 -5.492166e-01 4.437419e-01 2.477772e+00 -4.092066e+00 -3.994011e+00 2.653466e+00
7.030344e+00 9.999414e+00 4.938491e+00 4.107864e+00 -6.656861e-01 -8.593556e+00 7.690557e+00 5.446460e+00 -8.920655e+00 3.351520e+00 2.885502e+00 -6.811591e+00
5.762736e+00 7.611372e+00 4.261864e+00 7.422294e+00 1.495736e+00 -4.474574e+00 5.175621e-01 -9.133670e+00 -1.125722e+01 2.839721e-01 4.241976e+00 -6.194409e+00
6.567750e+00 1.171431e+01 5.987710e+00 7.442480e+00 -7.531524e-01 -1.154059e+01 4.027061e+00 6.489715e+00 -1.134365e+01 -2.319968e-02 9.062141e-01 5.250909e-01
-4.052274e+00 -1.926165e+00 9.713396e+00 -1.467720e+00 -5.624104e+00 2.780418e+00 -4.130125e+00 -1.190415e+00 3.495606e+00 -2.676817e+00 -2.407296e+00 3.669786e+00
-1.201354e+01 -1.810094e+00 4.092347e+00 -4.288726e+00 4.980939e+00 -4.712039e+00 -5.429702e+00 5.799678e+00 -5.820114e+00 3.852084e+00 -8.897100e-01 4.827059e+00
3.346412e+00 9.733183e+00 4.411736e+00 4.849823e+00 -9.578571e-01 -7.759023e+00 1.356591e+01 3.778819e+00 -9.028001e+00 -2.868733e-01 1.233241e+00 -4.033230e+00
1.838053e+00 1.065791e+01 4.363919e+00 3.943297e+00 1.384061e+00 -3.375079e+00 2.774834e+00 -3.885093e-01 -6.567412e+00 2.065097e+00 3.368334e+00 -5.041120e-01
3.438940e-01 6.414977e+00 1.347842e+00 2.588161e+00 9.529619e-01 -2.953887e+00 5.274196e+00 -9.276600e-01 -9.743220e+00 -1.609982e+00 1.788448e+00 -3.741937e+00
-8.992555e+00 1.580093e+00 -1.741180e+00 4.837096e+00 6.216070e+00 3.208440e+00 2.877043e+00 -8.617735e-02 1.046398e+00 3.943476e+00 -1.994392e+00 2.224730e+00
6.267686e-01 5.357309e+00 1.622124e+00 5.418164e+00 1.666201e+00 -6.107617e+00 4.342786e+00 -9.361867e-01 -1.167683e+01 -3.263147e+00 -1.132337e-01 -9.819603e-02
-3.276556e+00 5.484510e+00 5.264246e-01 5.595655e+00 4.478747e+00 1.717710e+00 9.597705e+00 8.506100e+00 -3.773463e+00 -1.229841e+00 1.434119e+00 -1.688409e+00
-7.744433e+00 1.906428e+00 -2.388486e+00 6.047760e+00 3.910371e+00 -9.673471e-01 1.870657e-01 3.530740e+00 1.021994e+00 1.438505e+00 -4.308846e+00 4.612768e+00
-6.495369e+00 2.465472e+00 -5.307465e+00 3.792140e+00 5.913068e+00 -3.198513e+00 -1.132759e+00 5.359164e-01 8.580812e-01 3.245398e+00 2.530717e+00 2.326081e+00
-4.422068e+00 7.459117e+00 3.412409e+00 5.645791e+00 2.945019e+00 -2.622742e+00 -3.310918e+00 1.690600e+00 -1.469826e+00 2.156811e+00 3.627105e-01 3.830361e+00
-5.190731e+00 7.359889e+00 1.251113e+00 1.545810e+00 6.274549e+00 -2.070351e+00 3.835650e+00 3.976181e+00 -6.012275e-01 -2.680497e+00 -3.455176e+00 1.670220e+00
-2.537109e+00 4.748450e+00 -4.055184e+00 -3.132541e+00 -3.594700e+00 -5.825378e+00 2.409791e+00 4.129601e+00 -1.642022e+00 3.162943e+00 4.600860e+00 -9.627488e-01
-4.774814e+00 8.067060e+00 2.179204e+00 9.050186e+00 8.239950e+00 9.628410e-01 2.768603e+00 4.026450e+00 3.337356e+00 8.175929e-01 -1.046629e+00 1.821964e+00
-4.637583e+00 5.233280e+00 4.116389e-01 1.997424e+00 -3.449306e+00 -8.019994e+00 6.506310e+00 4.357204e+00 -1.189029e+00 -5.485348e-01 -6.996716e+00 -6.711318e+00
-8.910861e+00 2.935565e+00 -3.758212e+00 1.107994e+00 6.206156e+00 5.556116e-01 2.541085e-01 -1.742984e+00 -4.087269e-02 4.318876e+00 -8.985198e-01 1.265060e+00
-3.192087e+00 7.855109e+00 1.357206e+00 2.370629e+00 6.719097e+00 -2.042143e+00 2.359533e+00 1.566184e+00 -1.392544e+00 2.481597e+00 -3.037017e+00 4.608687e-01
-4.653209e+00 6.298842e+00 2.248576e+00 7.204061e+00 7.904859e+00 5.812697e-01 4.084727e+00 5.014774e+00 4.161285e+00 5.000131e+00 -6.611429e+00 -1.396231e+00
-9.944861e+00 1.178215e+00 -5.124945e+00 2.303142e+00 4.178769e+00 -3.030829e+00 3.294979e+00 7.409833e+00 -1.908366e+00 -4.170816e+00 -3.636592e+00 -4.083477e+00
-9.193521e+00 9.372119e-01 -6.061984e+00 5.589244e-01 7.400674e+00 -5.119061e-01 2.683046e+00 6.283996e+00 -1.853744e-01 -1.806159e+00 -6.298738e+00 -8.780479e-03
-9.145381e+00 2.380674e+00 -3.048835e+00 -9.766500e-01 2.762012e+00 -4.766429e+00 -2.702619e+00 -3.575576e+00 -4.372977e+00 -1.139731e+00 -5.319515e+00 1.236646e+00
-9.266831e+00 3.213813e+00 -1.246103e+00 -5.429840e-01 1.021055e+00 -1.094955e+00 7.185758e+00 5.540026e+00 -5.093258e-01 -4.912949e-01 -1.364337e+00 -1.708958e-01
-4.823618e+00 5.587025e+00 7.300723e-01 6.621280e+00 9.874187e+00 1.301288e+00 3.976188e+00 4.219934e+00 -1.442765e+00 1.145507e+00 -2.579214e-01 -2.154237e+00
-5.896331e+00 4.314287e+00 -9.601966e-01 2.395272e+00 7.507679e+00 1.007191e+00 3.817040e+00 4.799508e+00 4.411136e+00 6.158663e+00 -1.117779e+00 -2.689059e-01
-8.729234e+00 1.918393e+00 -3.949887e+00 -2.913710e+00 7.001839e-01 -4.022917e+00 3.638262e+00 7.135644e+00 -9.002778e-01 -5.491830e+00 -5.540866e+00 2.328367e+00
-4.345533e+00 5.000398e+00 5.273459e-01 4.609079e+00 5.694798e+00 -4.322526e+00 5.256952e-01 1.102892e+00 -4.079979e-01 -1.943340e+00 -5.770051e+00 -4.170412e+00
-2.201715e+00 3.606444e+00 -2.731089e+00 3.403211e-01 1.069784e-03 -5.569916e+00 -4.067775e-01 -3.996353e+00 -7.879267e+00 -3.291285e+00 -4.231200e+00 -1.866578e+00
-4.242146e+00 6.648731e+00 2.758542e+00 5.554588e+00 5.384908e+00 -1.434640e+00 1.015775e+00 1.698773e+00 4.126594e+00 6.431598e+00 -2.546773e-01 1.716562e+00
-2.140471e+00 8.239781e+00 3.116163e+00 6.495242e+00 8.588814e+00 -2.071214e+00 -3.554821e-03 1.756981e+00 1.836627e+00 1.359168e+00 4.566270e-02 6.999052e-01
-9.979701e+00 2.791025e+00 -3.403711e-01 1.874578e+00 2.808373e+00 -1.226395e+00 1.249634e+00 1.344524e+00 3.548865e+00 4.911526e+00 -4.391947e+00 -1.174641e-02
-8.051099e+00 3.509826e+00 -2.389174e+00 -8.930206e-01 -2.200434e-01 -5.274653e+00 -3.013946e+00 7.949214e+00 4.128790e+00 -1.575937e+00 -1.946167e+00 2.136948e+00
-9.856858e+00 9.557309e-01 -3.910268e+00 -8.111352e-01 1.473199e+00 -6.930887e+00 3.868358e-01 3.410936e+00 2.597747e+00 -4.427672e+00 -3.562459e+00 4.675052e+00
-4.584492e+00 7.544361e+00 2.142473e+00 3.098677e+00 3.166873e+00 -4.403018e+00 -2.115285e+00 -5.966304e-01 3.783954e+00 -6.150764e-01 -2.764273e+00 -1.042983e+00
-6.158772e+00 6.789528e+00 2.869125e+00 4.992599e+00 6.025527e+00 -8.635960e-01 6.273964e+00 5.541643e+00 -1.721225e+00 -1.232445e-01 -1.443038e+00 1.480190e+00
-4.972528e+00 5.613634e+00 -7.581416e-01 2.450567e+00 3.848047e-01 -6.414243e+00 -1.252210e+00 -2.156955e+00 -3.482907e+00 -1.169606e+00 -3.903071e+00 -2.325592e+00
-6.812354e+00 2.056599e+00 -3.691414e+00 3.125839e+00 4.362059e+00 -2.401863e+00 1.646018e+00 2.394161e+00 9.900851e-01 -5.222987e+00 -1.291682e+01 -2.328608e+00
-5.114636e+00 5.420567e+00 -1.106286e-02 5.449829e+00 9.412096e+00 1.333427e+00 5.092771e+00 5.494777e+00 -1.032638e+00 -9.845684e-01 2.183431e+00 8.047314e+00
-8.815272e+00 1.657947e+00 -5.455623e+00 -1.726082e+00 4.337813e+00 -2.250543e+00 2.916201e+00 6.051116e+00 3.302567e+00 -4.567835e-01 -1.372371e+00 4.237771e+00
-7.633336e+00 3.121139e+00 -3.136675e+00 -2.688439e-01 2.600942e+00 -3.670699e+00 1.710035e+00 -9.646477e-01 2.635519e+00 4.542475e+00 1.904546e+00 3.547035e+00
-8.310863e+00 8.822342e-01 -3.548280e+00 4.653732e+00 8.635050e+00 1.369723e+00 5.962209e+00 8.387022e+00 4.302148e+00 2.569194e+00 -1.936836e+00 -2.126983e+00
-1.029730e+01 -5.708030e-01 -5.288452e+00 -1.717824e+00 1.559569e+00 2.129316e-02 7.439963e+00 4.996000e+00 1.164826e+00 -2.253341e+00 -9.008692e+00 -3.878210e+00
-2.954712e+00 5.763512e+00 9.194582e-01 4.704832e+00 4.985635e+00 -4.313241e+00 6.075168e-01 1.523174e+00 3.381665e+00 6.522325e+00 1.877422e+00 7.556504e-01
-1.007782e+01 1.373199e+00 -2.257569e+00 2.849898e-01 3.399710e+00 -1.844497e+00 -4.643023e-02 2.442689e+00 3.822681e-01 1.244617e+00 -5.145121e+00 -4.271835e+00
-9.778466e+00 8.548984e-02 -1.481517e+00 7.991526e-01 1.528944e+00 -1.436451e+00 8.302999e-02 4.293470e-01 2.396805e+00 5.333332e+00 4.889901e+00 2.156653e+00
-7.414550e+00 2.820708e+00 -3.401422e+00 -9.666473e-01 2.117501e+00 -9.103942e-01 2.114360e+00 -3.297786e+00 -1.652641e+00 1.513251e+00 -1.765337e+00 7.302881e+00
-9.689778e+00 1.240442e+00 -2.799123e+00 2.144194e+00 4.271284e+00 -7.649422e-03 3.114016e+00 -1.984639e+00 -2.696520e+00 -2.319260e+00 -6.600811e+00 6.350085e-01
-3.765257e+00 6.044562e+00 3.657920e+00 8.592300e+00 1.143841e+01 4.021493e+00 3.699150e+00 7.714019e-01 2.796124e-01 2.031880e+00 -1.022708e+00 1.943768e+00
-9.600106e+00 1.588941e+00 -2.859116e+00 -2.608737e+00 4.848052e+00 -2.314384e+00 3.193440e+00 2.744761e+00 3.670787e+00 1.896498e-01 -4.793800e-01 -1.427151e+00
-7.874213e+00 2.234810e+00 -1.726217e+00 1.152522e+00 1.257043e-01 -2.670429e+00 2.242927e+00 -1.395101e+00 -4.769710e-01 2.941544e+00 3.198022e-01 8.673050e-01
-9.480477e+00 -1.146595e+00 -5.752136e+00 -7.917587e-01 3.275110e+00 -2.000748e+00 5.340969e+00 1.664298e+00 -2.313890e+00 -3.638821e+00 -5.383253e+00 2.002855e+00
-7.067802e+00 3.837767e+00 -2.643534e+00 -3.430489e+00 1.376034e+00 -1.604962e+00 5.618577e+00 1.296285e+00 -1.698392e+00 -4.102896e+00 -4.988455e+00 4.644801e+00
