-4.321943e+00 -2.070422e+00 2.856000e+00 -3.470196e+00 1.438007e+00 1.197633e+00 -2.330620e+00 -6.433673e-02 1.045174e+00 -2.347062e+00 1.408596e+00 1.818987e+00
-4.387130e+00 -4.555694e-01 4.099893e-01 -3.827781e+00 2.536753e+00 8.128298e-01 -1.049934e+00 2.810485e-01 -1.074118e+00 -2.546680e-01 1.296386e+00 1.273430e+00
-2.852682e+00 -3.448241e+00 3.772481e+00 -2.556170e+00 -1.107854e+00 -1.715239e-01 -3.282164e+00 -9.498558e-01 2.165993e+00 -3.027567e+00 1.660494e+00 1.908827e+00
-1.109643e+00 -1.817172e+00 -2.151385e-01 -3.609559e+00 4.149413e-01 -1.690076e+00 -1.771072e+00 -2.163662e+00 -2.946119e+00 -2.865492e+00 -2.786679e+00 -1.735788e+00
2.002378e+00 -3.238298e+00 -4.024215e+00 2.071548e+00 -1.665690e+00 -2.566651e+00 2.757737e+00 7.192118e-02 8.142829e-02 6.101015e-01 1.638218e+00 -1.496878e+00
-1.805001e+00 1.764173e+00 2.130867e+00 -2.413544e+00 -9.866387e-02 -2.452347e+00 -1.608863e+00 -1.457171e+00 -6.293059e-01 -2.344926e+00 -2.436193e+00 -2.956502e+00
-3.052783e+00 8.550624e-01 -1.305916e+00 -3.395138e+00 8.891800e-01 1.260699e+00 1.286903e+00 9.939338e-01 -1.914881e+00 1.231381e+00 9.438508e-01 3.745687e-01
2.061716e-01 -3.000877e+00 -2.115339e+00 -1.914605e+00 6.924369e-01 9.117191e-01 4.955817e-02 -2.720477e+00 -3.623635e+00 -2.640839e+00 -1.424706e+00 -1.142380e+00
2.512474e-02 -1.196015e+00 -8.424661e-01 -2.426810e+00 -2.318053e+00 -7.041621e-03 2.148535e-01 1.105895e+00 3.417960e+00 9.478543e-01 9.387199e-01 -1.200714e+00
6.995650e-02 -2.822345e+00 2.837456e+00 9.462999e-01 -2.277042e+00 -1.972827e-01 -8.629940e-01 -1.374378e+00 2.486125e+00 -3.185700e+00 8.854653e-01 1.266107e+00
-2.562331e-01 -7.881743e-01 -1.090216e+00 -1.660921e+00 -1.204281e+00 -1.176091e-01 7.978494e-01 5.240877e-01 4.018596e+00 1.750907e+00 3.473089e-01 -2.338684e+00
-1.701850e+00 1.348583e+00 -5.062082e-01 -2.743510e+00 -8.233681e-01 4.837920e-01 5.229113e-01 -1.623777e+00 -3.081257e+00 1.308013e+00 1.700213e+00 6.375272e-01
7.433744e-02 -9.233850e-01 -1.664623e-01 -2.063905e+00 -1.756081e+00 5.755059e-01 -4.280345e-01 1.093949e+00 1.537303e+00 -3.490409e-01 6.679419e-01 1.726228e-01
1.411877e-02 -2.323399e+00 -1.677379e+00 2.233656e+00 -1.778663e+00 -1.515760e+00 3.243359e+00 -2.166299e+00 2.635119e+00 -1.109246e-01 1.923639e-01 -5.356904e-01
6.749805e+00 -2.646958e+00 -5.170661e+00 4.102266e+00 -1.743237e+00 -4.212867e+00 2.074615e+00 1.599558e+00 -2.820719e+00 2.810568e+00 2.832744e+00 -2.802565e+00
-3.204227e-01 -3.021395e-01 -1.560866e-01 -1.435198e+00 5.936204e-02 6.158215e-01 -1.490068e+00 1.495226e+00 -4.946675e-01 -3.644548e-01 -2.467936e+00 -1.270780e+00
3.493977e-02 -6.769391e-01 1.168370e+00 -9.249374e-01 -1.428583e+00 8.668234e-01 -1.892485e-01 -1.453144e+00 2.502472e-01 -2.877784e-02 -7.065678e-03 -2.035899e+00
-1.234694e+00 4.958117e-01 7.248846e-01 -1.230470e+00 -1.030044e+00 1.055459e+00 1.596466e+00 -1.245097e+00 2.337039e+00 -4.835005e-02 -9.460152e-01 -1.183446e+00
-7.014771e-01 9.201412e-01 -4.723953e-01 -1.718498e+00 -1.039264e+00 -1.537273e+00 -9.155550e-01 -2.450522e+00 -2.770579e+00 8.110083e-01 1.160643e+00 2.146628e-02
-5.663473e-01 -5.047073e-02 -8.788765e-01 -7.042160e-01 5.498142e-01 -2.850457e-01 1.530467e+00 -6.822222e-01 3.938718e+00 1.697265e+00 -1.001043e+00 -2.878389e+00
6.102975e-01 4.534319e-01 1.995025e-01 -1.355609e+00 -7.695650e-01 3.540101e-01 -2.177328e+00 1.514260e-01 -5.030528e-01 -3.498139e-01 -2.931084e+00 -1.726030e+00
-3.074732e-02 -1.119956e+00 -4.075355e-01 2.589809e+00 -2.083726e+00 -4.664799e-01 1.681027e+00 -1.502271e+00 1.659860e+00 1.841516e-01 9.932432e-02 -1.187257e+00
-7.772962e-01 6.241856e-01 6.737541e-01 -3.711146e-01 -1.820357e-01 1.188458e+00 1.812498e+00 -1.572050e-01 1.691870e+00 3.872570e-01 4.937662e-01 7.818870e-01
1.367162e+00 1.240193e+00 2.647201e-01 -5.356559e-01 -1.233408e+00 -5.659661e-01 -1.762796e-01 -6.465335e-01 -6.786753e-01 -1.590281e+00 -3.395723e+00 -3.760073e-01
1.069808e+00 -1.803081e+00 -2.391492e+00 -1.240672e+00 -7.137528e-01 5.351921e-01 7.300201e-01 -2.251706e-02 7.583504e-01 -1.471854e-01 -1.192842e+00 -1.925332e+00
-3.147745e-01 -3.632439e-01 1.792600e-01 1.800694e+00 -1.530746e+00 -3.200296e-01 1.104339e+00 -5.991019e-01 5.702893e-01 4.395551e-01 -2.171326e-03 -6.718817e-01
8.255504e-01 -9.300861e-01 -1.305522e+00 8.835045e-01 1.786306e+00 9.595502e-01 -5.599642e-01 -1.464244e+00 -1.463977e+00 7.404803e-01 2.050506e+00 7.678114e-01
6.369257e-02 -2.954733e-01 -5.236070e-01 4.931540e-01 9.039198e-01 8.384994e-01 1.760819e-01 1.422830e+00 3.336044e-01 -7.999903e-01 -1.498164e+00 -2.176249e+00
2.993161e+00 -1.158310e+00 1.459884e+00 -9.017277e-03 -1.074946e+00 1.946233e+00 -3.110173e+00 -9.525417e-01 3.699194e-01 -1.715700e+00 -7.930032e-01 -1.517805e+00
-3.060863e-01 -1.445461e-01 -1.689045e-01 1.055845e+00 -8.082735e-01 1.438286e-01 7.246453e-02 3.347349e-02 1.544017e-01 3.157151e-01 6.112016e-01 -8.947876e-01
2.558853e-01 1.014866e+00 1.462174e+00 2.364295e+00 1.033822e+00 5.543481e-01 1.054094e+00 1.543248e+00 -1.540404e-01 -4.320363e-01 -1.418638e+00 -2.206472e-01
-5.133926e-01 -1.997067e-01 -1.649268e-01 8.299716e-01 8.998594e-01 1.358444e+00 6.948601e-01 -7.868972e-01 -4.134492e-01 1.797338e-01 1.876043e+00 1.202440e+00
6.500042e-01 4.476508e-01 1.227728e-01 -2.577354e-01 -6.715908e-01 -4.959214e-01 7.864217e-01 1.143178e+00 -2.379788e-01 3.321427e-01 -2.421672e-01 4.954469e-01
3.816601e-01 7.257937e-01 6.032261e-01 -9.682586e-02 2.406600e-01 -3.281786e-01 7.733658e-01 -3.877901e-01 -1.255561e+00 -2.006046e+00 -9.383799e-01 -4.046032e-01
2.783396e-01 3.032210e-01 3.643026e-01 1.386712e+00 1.133188e-01 -6.807205e-01 -6.143110e-01 -8.107567e-02 -5.324658e-01 -6.755149e-01 -5.386119e-01 -1.900006e+00
1.105742e+00 5.252112e-01 -1.571062e-01 -3.268415e-01 -9.611691e-01 -1.237373e+00 -1.456370e+00 -1.009424e+00 -3.983621e-01 -7.133602e-01 -1.966962e+00 -4.929213e-01
-1.564392e-01 1.033614e+00 1.046543e+00 5.559646e-01 1.365570e+00 1.952313e+00 2.144098e-01 -2.560616e-01 -9.296930e-01 -3.635890e-01 -5.812207e-01 3.494307e-01
-5.932213e-01 -8.332704e-01 -6.850022e-01 -1.123087e+00 -3.230087e+00 -2.253193e+00 -1.364334e+00 -4.141982e-01 -4.918243e-01 3.438508e-01 2.386501e+00 1.110604e+00
3.335779e-01 4.633173e-01 -3.245402e-01 4.077749e-01 1.321845e+00 1.972656e+00 7.715412e-01 -1.879945e+00 -8.549077e-01 8.212582e-01 1.169278e+00 1.278708e+00
-2.198972e+00 3.432953e+00 3.117665e+00 4.902859e-02 -8.390031e-02 -2.078261e+00 -1.378600e+00 5.704914e-01 2.093649e+00 -7.413461e-01 -2.140201e-01 -1.522904e+00
-6.900997e-01 -5.734347e-01 -1.193983e-01 5.524800e-01 -7.275647e-01 -8.450360e-01 -6.654260e-01 -3.478801e-01 -2.654034e-01 -4.956305e-01 1.212912e+00 -3.512062e-01
1.353401e+00 6.228994e-01 9.922560e-02 1.899445e-01 -9.072151e-01 -1.765875e-01 -1.325670e+00 -5.960221e-01 6.397112e-01 -5.382501e-01 -2.233842e+00 -1.671247e+00
1.465091e-01 -5.197347e-01 -1.500882e-01 1.160209e+00 -3.524159e-01 -7.105788e-01 -1.477014e+00 5.490091e-02 -7.727958e-01 1.598044e-01 3.670079e-01 -2.718109e-01
1.260008e-01 -6.106677e-02 -1.088047e-01 -4.098544e-01 3.053927e-01 1.166505e+00 7.227445e-01 4.421109e-01 8.403873e-01 4.032287e-01 -7.175833e-01 6.013665e-01
-3.470069e-01 2.030712e-01 -1.244676e-01 -3.071905e-01 2.986578e-01 -2.110386e-02 -5.459583e-01 7.196106e-01 -1.162555e+00 1.162547e+00 -4.679298e-02 -3.281584e-01
2.189365e-01 -8.159202e-02 -2.661934e-01 -1.676987e-01 4.458138e-01 6.439857e-01 8.907732e-02 6.943910e-01 5.943723e-01 7.534945e-02 -1.270504e+00 -1.751178e+00
5.852909e-02 5.683163e-01 7.068104e-01 5.615833e-01 -4.530977e-01 -9.519585e-01 9.230964e-01 1.307849e+00 -2.043712e-01 -1.413645e-01 -3.916884e-01 -8.212147e-02
-8.437686e-02 1.127520e-01 -1.872091e-01 -7.766711e-01 4.596317e-01 3.232357e-01 -6.469116e-01 3.523141e-01 -1.151804e+00 6.700765e-01 -4.549175e-01 7.722346e-01
6.624927e-02 5.490649e-01 2.448668e-01 2.444926e-01 -6.552941e-01 6.275598e-01 9.011688e-01 -1.187252e+00 6.009008e-01 -8.042952e-01 -4.315785e-01 -2.405746e-01
1.506971e+00 -8.952188e-01 6.837664e-01 1.235643e+00 -2.165837e+00 -4.604134e-01 -2.757040e-01 -5.994797e-04 2.178900e+00 -1.541317e+00 -1.473603e+00 -9.431551e-01
-5.732965e-02 3.594234e-01 5.004628e-01 1.068450e+00 3.406807e-01 -1.128196e+00 3.743799e-01 7.815967e-01 1.216421e+00 6.156145e-01 -1.185179e-01 2.023214e-02
2.817877e-01 -2.917894e-01 9.187204e-02 3.843213e-01 6.273315e-02 1.185145e+00 4.123489e-01 7.964787e-01 -7.292328e-01 -5.444629e-02 -4.328781e-01 7.388580e-01
-1.424778e-01 3.585103e-01 1.064920e+00 2.507844e-01 -3.823242e-01 -6.531335e-01 5.105013e-01 6.291691e-01 8.110905e-01 3.307428e-01 6.967076e-01 5.553225e-01
-1.684214e-01 2.317508e-01 1.299894e-01 -5.702296e-01 -3.501225e-01 -3.823118e-02 -1.235929e-02 5.272043e-02 6.494603e-01 4.237361e-02 -6.274322e-01 9.837823e-01
-1.062526e-01 -2.507155e+00 -2.256603e+00 -1.248953e+00 -5.225565e-01 1.706247e+00 2.230178e+00 7.978183e-01 1.280623e+00 8.439468e-01 9.343778e-01 -1.312873e+00
-8.948466e-01 5.737673e-01 4.774707e-01 4.085581e-01 5.389972e-01 1.190657e-01 -5.822917e-01 1.119656e+00 1.449643e+00 3.071019e+00 2.158620e+00 1.805458e+00
-3.094605e-01 3.328664e-01 -3.673079e-01 -7.399119e-01 -8.378029e-04 8.295442e-01 -7.872701e-01 -1.993786e+00 -3.152857e-01 2.159971e+00 6.797983e-01 1.265453e+00
3.404493e-01 3.147675e-01 9.600849e-01 -8.102580e-01 -2.995026e-02 1.758513e+00 2.101495e+00 6.953804e-01 2.918491e-01 -3.242254e-01 4.704862e-01 6.888809e-01
4.122325e-01 2.053375e-01 -2.138626e-01 -4.220284e-01 1.049368e+00 1.405432e+00 1.114920e+00 -4.284082e-01 -7.882900e-02 6.759129e-01 3.903012e-01 1.367219e+00
1.844712e-01 5.911080e-01 8.468288e-01 5.557867e-01 2.762221e-01 -3.041280e-01 3.418367e-01 -3.861899e-01 -7.092040e-01 -9.202852e-01 3.831577e-01 -1.179328e+00
1.273603e-01 2.626744e-01 1.251829e+00 -4.275869e-01 -2.729729e-01 5.144340e-01 1.807881e+00 8.864188e-01 2.399263e-01 -3.754809e-02 9.777087e-01 1.046478e+00
-6.112194e-02 7.413971e-01 -9.726916e-02 7.007347e-01 8.315364e-01 -1.511153e+00 1.365479e+00 -6.582053e-01 -7.038598e-01 1.171995e+00 3.224152e-01 2.654612e-02
8.119955e-01 -2.907816e-01 1.180637e-01 -1.033237e+00 -1.037846e-01 1.725291e+00 -1.082992e+00 3.159392e-01 -1.233837e+00 -1.018971e+00 7.237871e-01 1.126001e+00
-2.089424e-02 5.170428e-01 1.509284e-01 -9.672987e-01 -1.500759e+00 -5.641938e-01 1.338680e+00 4.198190e-01 -5.126452e-02 -1.362674e+00 -6.316120e-01 -4.221712e-01
-4.913107e-01 -6.649485e-01 -2.543486e-01 -1.376792e+00 -1.083582e+00 -2.121044e-01 -1.119126e+00 -1.309650e+00 -2.758208e-01 6.423951e-01 1.218019e+00 1.451624e+00
-1.963163e-01 7.710968e-01 1.108248e+00 1.127102e+00 -4.043519e-01 -1.436045e+00 1.858055e+00 9.746268e-02 -1.076839e+00 1.523380e+00 -2.234654e-01 -5.683722e-01
-1.105263e+00 1.936887e+00 2.004507e+00 1.612415e+00 1.421942e+00 4.145875e-02 -2.502024e+00 -2.094293e-01 2.714591e-01 2.704674e+00 2.395265e+00 2.975456e+00
6.129869e-01 6.935441e-01 -2.605966e-01 4.524082e-01 -4.390331e-01 5.060516e-01 -8.532151e-01 -1.424195e+00 5.948372e-01 -6.391619e-01 4.473653e-02 6.238171e-01
-3.998811e-01 1.008027e+00 1.268154e+00 1.103063e+00 9.573966e-01 -1.976896e+00 7.913061e-01 7.208393e-01 -1.112835e+00 1.318041e+00 -3.701699e-01 -1.597148e-01
-3.083992e-01 1.255063e+00 1.171084e+00 -7.093944e-01 -2.224336e-01 1.570083e+00 1.201396e-02 -7.556621e-01 9.135386e-01 9.260777e-01 -6.872161e-02 -8.766826e-01
-5.360601e-01 2.501835e-01 5.948432e-01 -7.115038e-01 3.414178e-01 1.175083e+00 2.326533e-01 -1.508449e-01 -1.539035e+00 -2.326762e+00 -8.500204e-01 1.422430e+00
-1.462935e+00 -1.532820e+00 -5.075426e-01 -8.514361e-02 1.401303e+00 1.524683e+00 9.437422e-01 9.980952e-01 8.816897e-01 1.818619e+00 3.453786e+00 1.189080e+00
-8.413841e-01 6.490391e-01 -4.136440e-01 3.000242e-01 2.063048e+00 -1.042391e+00 2.307288e+00 -2.022262e+00 2.463881e+00 1.739520e+00 -2.328254e+00 -2.219098e+00
-5.387819e-01 -6.148757e-01 -3.852677e-01 1.457966e+00 6.918253e-01 -5.072665e-01 2.167903e+00 7.477482e-01 1.859835e+00 1.137884e+00 -8.200769e-02 1.156690e+00
-7.746837e-01 1.170932e+00 1.436275e+00 1.660283e+00 1.590712e+00 -2.005325e+00 4.617701e-01 2.676921e-01 -5.883522e-01 1.141760e+00 -1.092576e+00 9.064130e-02
1.053209e-01 -2.291253e-01 -1.753292e-01 1.403087e+00 5.847012e-01 6.354584e-02 9.979591e-01 -1.062559e+00 1.546190e+00 1.340123e+00 1.049659e+00 6.918781e-01
-4.826846e-01 2.101986e+00 9.906563e-01 -2.055923e+00 3.925391e-01 3.198093e+00 -2.329974e+00 -1.605772e-01 2.317146e+00 -3.482575e-01 3.081546e-02 -4.112863e-01
-3.934851e-01 -5.494889e-01 -5.570100e-01 1.548934e+00 1.797892e+00 -1.647787e+00 1.634947e+00 1.280942e+00 1.014915e+00 1.500507e+00 6.890799e-01 2.059788e+00
-8.856576e-01 -3.284571e-01 -1.026386e+00 -2.224937e+00 -2.007088e+00 -1.371655e+00 4.442279e-01 -6.868485e-01 -3.433139e-01 1.127629e-02 -7.746199e-01 -2.479248e-01
9.705389e-01 2.604372e-01 3.712639e-01 -1.622259e+00 5.242990e-01 2.147366e+00 -1.193447e+00 4.647020e-01 -2.369401e+00 -2.052609e+00 1.849538e+00 1.761757e+00
-9.981578e-01 1.157113e+00 8.733324e-01 2.242236e+00 2.118411e+00 -1.523558e+00 -5.756361e-01 4.442491e-01 1.603920e-01 6.403404e-02 -9.107240e-01 4.843212e-01
-1.437256e+00 9.828213e-01 6.952910e-01 1.946756e+00 2.438842e+00 7.237554e-01 3.204755e-01 -5.019606e-01 3.028620e-01 5.479765e-03 -1.033838e+00 -2.746996e-01
-6.359230e-01 2.767216e+00 5.921975e-01 -2.552268e+00 1.212645e+00 2.936566e+00 -2.261871e+00 2.711912e-01 2.197306e+00 -4.717958e-01 -3.184731e-01 2.992630e-01
-6.356803e-01 2.335723e+00 2.674570e-01 -2.278659e+00 2.194596e+00 2.019515e+00 -2.186721e+00 9.548391e-01 1.290017e+00 -5.599395e-01 -1.091545e-01 1.099948e-01
-1.348100e+00 -1.399607e-01 -1.031075e+00 -3.073760e+00 -2.348930e+00 -1.426526e+00 -1.109371e+00 -1.500437e+00 -1.152357e+00 -1.883083e+00 -3.610995e-01 1.391507e+00
8.084057e-01 -7.211399e-02 -9.841387e-02 -1.533732e-01 -9.041779e-02 1.600606e+00 1.480117e+00 1.073965e+00 5.914339e-01 1.027737e+00 -1.332798e-01 7.884867e-01
-1.375864e+00 5.032247e-01 -3.785248e-02 1.225419e+00 1.926545e+00 2.382341e+00 2.123023e+00 3.483053e-01 -8.025044e-01 4.496567e-02 -5.431622e-01 9.988696e-01
1.012374e+01 -1.678707e+00 -4.061232e+00 5.292785e+00 -1.739220e+00 -3.477509e+00 1.623814e-01 1.692562e+00 -2.875841e+00 4.142429e+00 1.981961e+00 -2.465658e+00
-6.411512e-01 9.793255e-01 3.168549e-02 1.172098e+00 1.942018e+00 -1.507251e+00 1.898967e+00 -2.475920e+00 1.356936e+00 1.866396e+00 -2.305155e+00 -1.197669e+00
8.373328e-02 1.885400e+00 4.552596e-01 1.329593e-01 2.931504e+00 -3.969754e-01 -1.915875e+00 2.448985e+00 -3.401752e-01 -1.951495e+00 -1.005326e+00 3.742790e-02
-1.247114e+00 2.938404e-01 -9.749047e-01 2.178048e-01 1.969003e+00 2.788437e+00 2.057563e+00 1.225512e+00 -5.673376e-02 1.201841e-02 2.401291e-01 1.130998e+00
-1.579934e+00 -9.165861e-01 -7.188545e-01 -2.112335e+00 -2.351744e+00 -1.385861e+00 -1.345460e+00 -2.966652e-02 -1.155691e-02 -1.120098e+00 7.765890e-01 2.048613e+00
9.545056e-01 9.204212e-01 4.614201e-01 -9.775864e-01 2.617823e-01 2.075154e+00 -4.833383e-01 -5.525178e-01 -2.236497e+00 -2.421835e+00 2.256830e+00 2.423671e+00
-1.100881e+00 -5.606018e-01 -1.383089e+00 -3.517822e-01 1.506726e+00 2.186295e+00 1.930338e+00 1.148080e+00 6.751378e-01 1.341231e+00 -3.035153e-01 -2.448475e-01
-1.862028e+00 -1.467959e+00 -3.448238e-01 -1.472891e+00 -1.055689e+00 -1.448744e+00 -1.017370e+00 1.530245e+00 1.001099e+00 8.264820e-01 1.041342e+00 8.758615e-01
-2.768264e-01 1.431978e+00 4.093220e-01 2.363658e+00 1.314368e+00 -1.164082e+00 1.081027e+00 -1.284352e+00 -5.027062e-01 1.028390e+00 -2.507263e+00 -6.442909e-01
-1.256467e+00 -1.497038e+00 -1.431152e+00 -2.558312e-01 7.493063e-01 6.641319e-01 1.287886e+00 2.331998e+00 1.708057e+00 1.811426e+00 7.101536e-01 -1.132856e+00
-1.697964e+00 -1.184891e+00 -9.807068e-01 -9.222892e-01 -6.404921e-01 -8.004042e-01 3.501287e-01 2.214526e+00 2.758750e+00 1.596125e+00 1.360300e+00 -7.291664e-01
6.950797e-01 1.750344e+00 9.406592e-01 2.063189e+00 2.808726e+00 -9.317026e-01 -1.964960e+00 3.175751e+00 -1.696879e+00 -2.764007e+00 -2.080248e+00 -4.754066e-04
-6.416584e-01 1.276448e+00 1.048019e+00 4.037942e-01 1.394079e+00 1.467959e+00 8.734223e-01 -1.323246e+00 -2.839457e+00 -2.792767e+00 -1.530532e+00 2.513738e+00
2.361159e-01 1.555771e+00 9.581711e-01 -5.333144e-01 1.484928e+00 9.747988e-01 7.963667e-01 -1.718286e+00 -3.072505e+00 -2.838335e+00 1.296456e+00 3.136554e+00
8.556260e-01 1.784779e+00 1.370984e+00 3.428755e+00 1.978459e+00 -8.011109e-01 -2.192249e+00 3.062501e+00 -2.255378e+00 -2.928850e+00 -2.297917e+00 -2.413945e-01
6.607645e-01 1.818504e+00 9.997126e-01 3.618694e+00 1.534798e+00 -9.926273e-01 -9.781866e-01 1.617898e+00 -2.370143e+00 -1.192454e+00 -2.914977e+00 -3.487054e-01
1.192706e+00 -1.035131e+00 -5.567514e-01 -3.344585e-01 -1.529727e+00 1.046825e+00 1.539807e+00 2.009134e+00 7.095622e-01 2.132375e+00 1.087949e+00 2.525089e+00
1.034321e+01 -1.042863e+00 -1.303338e+00 5.247932e+00 -1.606610e+00 -1.092339e+00 -2.788716e+00 1.248698e+00 -3.806295e+00 3.643655e+00 1.857695e+00 -2.007832e+00
7.172759e+00 -1.398854e+00 8.311129e-01 2.978474e+00 -2.018511e+00 5.512739e-01 -3.693129e+00 -7.894115e-01 -1.215642e+00 4.598625e-01 -4.451217e-01 -1.589209e+00
-5.773477e-01 1.991956e+00 9.994005e-01 4.571766e-01 2.058166e+00 7.883887e-01 1.312709e+00 -2.107890e+00 -3.524498e+00 -2.670033e+00 -6.995357e-01 3.499635e+00
1.890610e-01 2.565206e+00 8.580009e-01 3.001804e+00 -2.632817e-01 -2.359575e-01 1.734729e+00 2.206428e+00 3.082644e+00 6.840258e-01 2.146685e+00 2.704349e-01
9.032345e-01 -2.373486e-02 -3.240881e-01 2.621627e+00 -3.629397e-01 1.342793e+00 2.544341e+00 1.400932e+00 2.026761e+00 1.488007e+00 2.438617e+00 2.438745e+00
