-4.728993e+00 -3.761098e+00 1.815080e+00 -1.103815e+00 5.927925e-01 -3.792918e-01 -7.215744e+00 2.686485e+00 2.199928e-01 -3.435608e-01 -5.608747e-01 1.329761e+00
-4.116587e+00 -3.793166e+00 1.413962e+00 -1.124529e+00 1.040870e+00 -2.389607e-01 -2.282991e+00 1.632262e+00 -1.298173e+00 7.448244e-03 -6.190622e-01 8.823754e-01
-2.271022e+00 -3.550882e+00 1.441719e+00 1.344878e+00 1.795151e+00 2.054719e+00 -8.248228e+00 2.952901e+00 9.241102e-01 -3.735766e+00 -5.878406e-01 -3.171692e-01
-1.942348e+00 -2.739854e+00 -3.111801e-01 1.644742e+00 -1.771929e-01 5.910728e-01 -1.300547e+00 -7.107572e-01 8.946720e-01 1.140598e-01 2.117567e-01 -2.440649e-01
7.138633e-01 2.660044e-01 1.548313e+00 1.323920e+00 -1.062600e+00 1.373163e+00 3.581994e-01 1.835304e+00 1.618492e+00 -6.308765e-01 -6.866013e-01 -1.135610e+00
-2.201392e+00 -2.872310e+00 9.034119e-02 -6.108053e-01 2.435071e-01 9.531692e-01 1.450772e+00 2.968465e-01 1.064474e+00 1.742081e+00 1.283163e+00 5.068266e-03
-1.224643e+00 -1.674462e+00 -2.024520e+00 4.265885e-02 -5.562350e-01 -1.210594e+00 -3.023658e+00 -3.252949e+00 -1.581466e-01 -2.698545e-01 1.066898e+00 2.097671e+00
4.718634e+00 2.409898e+00 1.511911e+00 -1.203590e+00 -1.855913e+00 2.078869e+00 1.065574e-01 2.951035e+00 2.748508e+00 -3.269225e+00 -3.314734e-01 2.821388e+00
2.599060e+00 1.305223e+00 -2.038947e+00 -3.715558e-01 -4.693670e+00 -1.079218e+00 -1.752813e-01 6.026446e-01 2.818408e+00 -2.852903e-01 -1.494119e+00 3.172758e+00
6.302896e+00 3.041564e+00 -1.467267e+00 -3.448187e+00 -4.441947e+00 3.564296e-01 -3.631610e-01 1.772483e+00 2.301432e+00 -3.347452e+00 -1.746179e+00 5.836318e+00
6.611375e+00 3.542142e+00 -1.018422e-01 -2.668826e+00 -3.587201e+00 1.465370e+00 6.094878e-01 2.058552e+00 1.951104e+00 -4.709510e+00 -1.203169e+00 5.708853e+00
-4.895916e-02 -4.276852e+00 -5.061318e-01 3.063965e-01 3.409038e-01 4.420949e+00 3.335144e+00 5.554244e-01 1.505839e+00 2.166289e+00 1.216336e+00 2.583552e-01
1.654663e+00 -4.084792e+00 -2.181553e+00 8.441294e-01 4.611831e-01 -6.457472e-01 3.021332e-01 -1.370154e+00 -1.823785e+00 -7.462956e-01 1.122558e+00 5.404383e-01
1.360249e-01 1.443954e+00 -8.837714e-01 2.019089e+00 -2.957591e+00 -2.570081e+00 5.201731e-01 -1.655014e-01 1.180432e+00 3.005338e+00 -1.820439e+00 -6.126595e-01
1.258221e+00 -3.001564e+00 -2.229841e+00 -1.098919e-02 -9.191286e-01 -1.727622e+00 5.417984e-01 -2.804601e-01 -1.244681e+00 -1.504365e+00 -5.281239e-01 -3.857624e-01
3.609499e-01 1.170785e+00 1.333904e+00 -7.791443e-01 -2.973782e+00 -9.700149e-01 -1.209532e-01 9.126759e-02 -5.452508e-01 1.490703e+00 -1.228131e+00 -1.877191e+00
1.146326e-01 -1.304096e-01 -2.279398e+00 -2.120935e-01 -5.086778e-01 -2.167002e+00 -2.034710e+00 -2.912966e+00 -4.823166e-01 -5.425217e-01 7.939787e-02 1.330399e+00
3.904648e-02 -1.553036e+00 -1.145953e-01 4.404902e-01 2.884242e+00 5.020946e+00 3.402944e+00 1.697528e+00 1.331635e+00 -1.348753e+00 -5.581255e-01 -3.027112e-01
-2.970398e-01 1.249553e+00 9.191529e-01 5.304822e-01 -8.284092e-01 -2.027060e+00 -1.552605e-01 -6.405517e-01 8.996321e-01 2.685342e+00 -8.584211e-01 -9.557587e-01
-9.711105e-01 6.076235e-01 -8.965208e-01 -1.186778e+00 1.444515e+00 -7.851747e-01 1.592848e-01 8.845261e-01 1.188219e+00 -1.363261e+00 3.782776e-01 -9.804878e-01
-1.795118e-01 6.929637e-01 1.535114e+00 -1.025392e-01 -5.718384e-02 -1.555191e+00 -8.095148e-01 -2.378693e-01 -7.703611e-01 2.810214e+00 -7.227486e-01 5.015448e-01
-5.228538e-02 -1.888513e+00 -2.362778e-01 1.244895e+00 2.363065e+00 1.857683e+00 7.981418e-01 -3.296717e-01 -3.495693e-01 8.302855e-02 1.841322e+00 6.565474e-01
1.456425e-01 -2.634797e-01 -1.012149e+00 -1.074983e+00 -1.996835e+00 -4.712417e-01 -6.183033e-02 1.343010e-01 -1.614508e+00 -2.238293e+00 -1.923258e+00 -1.331820e+00
9.523336e-01 1.324083e+00 -3.399362e-01 -1.102009e+00 -3.081097e+00 -2.221082e+00 6.243696e-02 3.907285e-02 1.899923e+00 4.902949e-01 -7.292652e-01 -5.013165e-01
3.824705e-01 4.327702e-01 1.084063e+00 -3.284497e-01 -1.575581e+00 8.952971e-01 1.619846e+00 1.449654e+00 1.257218e+00 5.028425e-01 -3.719421e-01 -4.346564e-01
2.214984e+00 -1.145724e+00 -2.579234e+00 -1.277233e+00 1.225560e+00 -1.676413e+00 -2.191400e+00 3.864658e+00 1.575673e+00 -9.779841e-01 1.241055e+00 -7.402945e-01
2.520919e-01 -1.088668e-01 2.288812e+00 -1.303362e+00 1.454150e+00 -1.550430e+00 -1.073852e+00 1.544431e-02 -1.468762e+00 2.452847e+00 4.387131e-02 1.996140e-01
-7.243698e-01 4.179825e-01 7.594500e-02 -1.087971e+00 1.835862e+00 -1.943236e+00 5.102550e-01 1.097137e-01 7.335863e-01 -7.698907e-01 1.129856e+00 -2.212718e+00
3.507420e-01 -1.937988e-01 -1.087322e+00 -2.266624e+00 -1.267608e+00 -1.857020e-01 -8.303102e-01 -1.186955e+00 -5.234779e-01 -1.233657e+00 -4.532190e-01 5.421145e-02
3.937744e-01 -3.787905e-01 1.959501e+00 -9.598148e-01 1.352322e+00 -1.922646e+00 -4.152087e-01 5.914639e-02 -9.504732e-01 1.391836e+00 5.826960e-01 -8.938652e-01
6.349565e-01 -1.823533e-01 -5.837499e-01 -9.263455e-01 -2.728564e+00 -1.538810e+00 1.039149e-01 3.815129e-01 -1.273311e+00 -2.181440e+00 -1.976785e+00 -8.009888e-01
1.136279e-01 -3.975718e-01 -6.920735e-01 -1.920063e+00 -4.799104e-01 2.500928e-03 -5.082753e-01 1.641450e-01 6.482893e-01 -3.310663e-01 -2.075892e-01 1.522825e-01
1.127193e+00 -1.552312e-01 -6.553329e-01 -3.773118e-01 -3.016653e+00 -4.621875e+00 -3.791789e+00 -2.382530e+00 -2.720304e+00 -1.644150e+00 -3.031746e-01 -1.002446e+00
-1.144276e-01 1.029391e-01 1.009941e+00 -7.607849e-01 1.399387e+00 -2.145950e+00 1.655858e-01 2.565475e-01 -3.630797e-01 4.090672e-01 5.714440e-01 -1.355785e+00
-6.042374e-01 1.541905e+00 2.743720e+00 -3.345496e-01 -2.600514e+00 -1.934504e-01 -9.630701e-01 -2.240452e+00 -1.549123e+00 1.479947e+00 -1.938177e-02 -3.037722e-01
-2.144032e-02 -1.241410e-03 -1.343629e-01 -1.342376e-01 -6.744537e-01 1.306701e+00 8.698719e-01 8.270304e-01 -4.413201e-01 -6.643367e-01 -5.262839e-01 -4.570436e-01
1.483670e+00 -3.442675e-01 -2.009611e+00 8.436292e-01 1.849915e+00 -2.413177e+00 -2.406037e-01 3.126694e+00 1.401584e+00 -2.787446e+00 1.173671e+00 -1.620447e-01
4.396474e-01 -1.352211e-02 -4.139020e-01 -8.606312e-01 -5.806985e-01 -1.689602e-02 -1.078486e+00 -1.659620e+00 -1.175878e+00 -1.433081e+00 -9.556244e-01 -8.297039e-01
-1.003954e+00 3.747777e-01 -1.222343e+00 -1.305213e+00 1.368676e+00 7.236672e-03 -9.328423e-02 1.022458e+00 1.352210e+00 -1.790774e+00 -2.964363e-01 1.460872e-01
-2.693730e-01 -7.440946e-01 -4.663056e-01 -9.044781e-01 1.193971e+00 5.570417e-01 1.075285e+00 1.461833e+00 3.289496e-01 5.763689e-01 8.670907e-01 6.226093e-01
8.634140e-01 9.625125e-01 -3.359359e-01 -1.181540e+00 -1.020644e+00 -1.641123e-01 -8.668444e-02 -1.198944e+00 -2.170839e+00 -2.855128e+00 -3.100237e+00 -1.314339e+00
-1.014215e+00 -2.255881e-01 -6.103361e-01 1.038414e-01 4.556796e-01 1.714931e+00 1.133333e+00 1.002847e+00 -1.674260e-01 -1.110210e+00 1.237132e+00 5.961683e-01
8.537753e-01 9.872437e-02 -1.221523e+00 -5.119235e-02 -7.604180e-01 -2.485028e+00 -1.753922e+00 -1.145822e+00 1.217127e+00 1.511807e-01 5.793643e-02 6.974661e-02
-1.157348e+00 -5.879042e-01 -1.160073e+00 -1.234252e+00 -3.161770e-01 6.609715e-01 1.458794e+00 1.245421e+00 -5.174007e-02 -7.389161e-01 1.930991e+00 3.995904e-01
1.265194e+00 9.930529e-02 -2.088486e+00 -9.316149e-01 -6.448135e-01 -4.422357e+00 -5.009587e+00 -3.580673e+00 -1.190424e+00 1.531854e+00 7.905249e-01 4.661534e-01
-2.127077e-01 2.435414e-01 -4.792671e-01 -7.837381e-02 -1.686060e-01 6.895496e-01 -6.454428e-01 5.026014e-01 5.277318e-01 -2.771506e-01 -1.575910e-01 2.073808e-01
-2.243612e-01 -2.824050e-01 1.602008e-01 -1.831209e-01 1.015540e+00 -8.959436e-01 1.343951e+00 1.072535e+00 1.147893e+00 1.805894e+00 5.231919e-02 1.432216e-01
2.061401e-01 6.223723e-01 -4.552069e-01 6.886495e-01 1.121260e+00 -5.996932e-02 -3.119595e-01 -4.813625e-01 -3.403959e-01 -3.829301e-01 -8.174516e-01 7.099752e-02
-5.277548e-01 -6.302931e-01 -1.335823e+00 -1.533190e+00 2.141551e+00 8.193451e-01 -5.229578e-02 9.822742e-01 8.347555e-01 -2.464029e+00 -7.626197e-01 1.138686e+00
-1.155893e-01 1.352486e+00 5.547282e-01 -2.658187e-01 1.564209e+00 2.175421e+00 1.915924e+00 -1.310859e-01 5.249674e-02 -2.621803e+00 -2.566544e+00 1.353460e-01
4.710022e-01 1.044535e+00 -1.476850e-01 -6.863912e-01 1.510704e-01 -1.359890e-01 -7.684775e-01 -4.312057e-01 1.009855e+00 5.391606e-01 -4.959450e-02 8.541274e-01
2.662625e-01 4.002687e-01 3.513913e-01 1.423176e+00 2.398882e+00 -6.588421e-02 -4.506228e-02 -5.379143e-01 -1.149518e+00 2.823955e-01 -1.677068e+00 -2.330158e+00
-3.175556e-01 -7.777414e-02 -1.028082e+00 -8.834084e-01 -1.178169e-01 5.471067e-01 4.946837e-01 4.150460e-02 -9.730920e-01 -6.713063e-01 2.439506e-01 -1.643349e+00
-1.233369e+00 1.591674e+00 2.099655e+00 4.869023e-01 -1.734666e+00 4.469094e-02 7.926561e-01 -2.546994e+00 -2.613679e+00 1.057428e+00 6.668977e-01 3.480703e-01
-1.503612e+00 1.648675e+00 3.992039e+00 6.943769e-01 -2.449336e+00 1.380280e-01 1.558271e+00 2.566781e+00 1.898636e+00 3.701133e-01 1.261238e+00 4.113599e-01
-1.926122e-01 1.615420e-01 -4.797769e-02 1.308295e-01 -1.325388e-01 1.161629e-01 -1.173323e+00 -8.174367e-02 2.203791e-01 -7.125421e-01 -2.518112e-01 2.408845e-01
-1.444687e+00 7.257869e-01 1.452025e+00 7.714251e-01 2.527454e+00 1.598387e+00 -2.449044e-01 -4.844790e-01 -3.359800e-01 -4.158989e-01 1.093052e+00 2.641271e-01
-8.387413e-01 5.153545e-01 6.028355e-01 1.588609e-01 -1.868722e-02 -5.248778e-02 -6.817623e-01 -4.582229e-01 -2.121687e-01 6.149779e-02 -3.754217e-01 -2.596998e-01
-3.893237e-01 -1.379789e+00 -1.331312e+00 -1.469436e+00 2.814941e+00 1.934313e+00 1.668891e-01 6.410421e-01 1.070361e-01 -3.193997e+00 -1.144385e+00 2.025844e+00
4.342820e-01 4.841105e-01 -9.019464e-01 -8.945732e-01 -2.327303e-01 4.908437e-01 1.146299e+00 9.176570e-01 2.696190e-02 -2.130207e+00 -2.257519e+00 8.746263e-01
-4.146100e-01 -2.368488e-01 7.956560e-01 4.300850e-01 -1.583094e+00 1.274828e+00 1.584727e+00 1.125654e+00 1.980399e+00 2.322251e+00 1.584061e+00 4.198346e-01
1.080986e+00 1.300654e+00 -1.203234e+00 -4.978684e-01 1.013749e+00 -2.188698e+00 -4.055284e+00 -2.613518e+00 -3.297073e-01 1.301024e+00 -2.942033e-02 2.342451e-01
3.017839e-01 9.326946e-01 -5.462927e-01 -1.218323e+00 -1.737856e-01 -7.724451e-01 1.095979e-01 -3.336559e-01 2.210108e-01 1.946065e-01 -1.043178e+00 -8.721001e-01
-3.289445e-01 -2.005996e+00 -1.665988e+00 -2.279587e-01 3.851929e+00 2.445719e+00 8.128275e-01 -9.178006e-01 3.929109e-02 -3.585219e+00 3.855537e-01 2.145519e+00
5.034838e-02 -3.406632e-01 -6.147410e-01 -4.186185e-01 -5.055465e-01 3.080798e-01 2.158863e+00 7.357939e-01 7.498544e-02 -8.780150e-01 -1.492781e+00 4.806613e-01
-2.537006e-01 1.132016e+00 1.625964e+00 5.691181e-01 -1.134571e+00 3.460078e-01 1.116194e+00 -1.318706e+00 -2.071310e+00 -1.742218e-01 -4.873653e-01 -1.038556e-01
-3.254115e-01 5.981275e-01 1.930855e+00 1.006083e+00 -1.180496e+00 8.419692e-01 2.750147e+00 5.274665e-01 8.811859e-01 2.249943e+00 8.234562e-01 -2.431442e-01
-3.789902e-02 6.069036e-01 3.547318e-01 -6.252654e-01 -8.777294e-01 -9.911846e-01 -1.351732e+00 -9.126997e-01 5.339030e-01 2.083386e+00 -5.849323e-01 -8.297237e-01
-2.032518e+00 2.845319e+00 4.356923e+00 6.466337e-01 -4.557724e-01 7.527915e-01 6.026987e-01 2.021444e+00 1.477585e+00 4.416087e-01 1.587300e+00 1.035339e+00
-3.161233e-01 9.548320e-01 5.169817e-01 -4.896859e-01 -4.518342e-01 -6.262472e-01 -1.274174e+00 -1.704175e+00 -1.719817e+00 -1.183313e+00 -8.685678e-01 -1.427837e+00
1.366611e-01 -2.261726e+00 -1.987693e+00 1.689458e+00 4.378310e+00 2.564287e+00 1.545966e+00 -7.512534e-01 -2.221326e-01 -2.208756e+00 8.481383e-01 1.728086e+00
-7.370609e-01 7.475927e-01 1.382023e+00 8.676101e-01 -6.764812e-01 -1.411795e+00 -1.406518e+00 -1.420380e+00 6.440050e-01 1.376352e+00 -1.752772e-02 -6.626099e-01
-4.984598e-01 -4.448488e-01 1.710961e-01 1.298583e-01 -3.945424e-01 -5.930352e-01 1.314577e+00 1.067475e+00 1.511356e+00 -1.119220e-01 -3.980573e-01 -1.299872e+00
-8.440018e-01 -4.205879e-02 1.398762e-01 -7.577752e-01 -5.907634e-01 -3.263148e-01 9.987688e-01 4.346275e-01 1.155455e+00 -1.141024e-01 -5.932952e-01 -1.622722e+00
3.515593e-01 1.572215e-01 -1.184505e+00 2.172302e+00 1.102023e+00 -1.626609e-01 2.271633e+00 5.045937e-01 1.457960e+00 -1.765480e+00 8.507509e-01 4.784941e-01
-6.321369e-01 3.593110e-01 6.228879e-01 -1.131772e+00 -3.533335e-01 -9.666122e-01 -1.506389e+00 -1.348018e+00 -5.499363e-02 7.062192e-01 6.820937e-02 -2.594031e+00
-5.425993e-01 -7.288365e-01 -1.412997e+00 -3.514755e-01 -1.065038e+00 -1.097995e-02 5.710204e-01 2.724564e-01 2.009823e-01 4.352717e+00 2.437524e+00 2.980402e-01
2.442985e-01 -1.207572e+00 -2.708124e+00 4.158264e+00 3.938269e+00 3.191671e+00 2.222359e+00 5.265083e-01 -3.298637e-01 -5.346689e-01 -5.007696e-02 4.579683e-01
1.919551e+00 4.443157e-01 7.208775e-01 2.267437e+00 -5.023237e-01 1.856928e+00 -1.266334e+00 -8.059121e-01 -4.445952e-01 -2.728757e+00 -1.667543e+00 -6.563181e-01
-6.175638e-01 5.451964e-01 3.407391e-01 2.330210e+00 2.574492e-02 9.852101e-01 1.506202e+00 -1.217545e+00 -2.572028e-01 -2.391531e-01 1.473284e-02 -9.479018e-01
-4.922793e-01 -5.075340e-01 -4.407790e+00 5.159048e-01 4.906187e-02 -1.886115e+00 -1.463931e+00 -1.022975e+00 -2.090134e+00 3.627808e+00 2.070115e+00 6.340092e-01
2.279096e+00 1.982606e+00 -3.493764e+00 -3.575923e+00 -5.113362e-01 -3.185152e+00 2.778389e+00 6.688795e-02 -1.306370e+00 1.753466e+00 3.765650e-01 3.108830e-01
3.636230e-01 -4.514736e-01 -2.371110e+00 4.739104e+00 3.349176e+00 2.999505e+00 3.846869e+00 1.848620e+00 -1.894002e+00 2.392014e+00 -1.845102e-02 -1.721910e+00
-1.862722e+00 -7.684228e-01 -3.304911e-02 1.027450e+00 1.717964e-01 1.863897e-01 -3.003086e+00 -2.885607e+00 -4.719052e+00 7.365910e-01 1.305423e+00 7.150770e-01
-1.874191e+00 -1.042742e+00 6.246211e+00 1.279415e+00 1.458381e+00 2.409626e+00 8.981220e-01 5.223577e-01 -2.140022e+00 8.772914e-01 1.142820e+00 -4.435793e+00
-2.516522e+00 -1.718122e+00 7.994724e+00 7.858090e-01 9.577410e-01 1.720504e+00 -2.457517e+00 -1.703910e+00 -2.652470e+00 -5.260044e-01 1.606383e+00 -3.001441e+00
-5.031793e-02 7.404318e-02 -2.057290e-01 3.535302e+00 2.622617e+00 1.622349e+00 3.337500e+00 3.003871e+00 -1.683322e+00 3.838164e+00 -2.654906e-01 -4.147585e+00
-2.661718e+00 -1.096837e+00 4.985948e+00 1.394877e+00 6.872158e-01 7.726627e-01 -3.324464e+00 -2.490293e+00 -2.872184e+00 3.767671e-02 1.140073e+00 -1.092468e+00
3.417622e+00 5.339922e+00 -1.622079e+00 7.917494e-01 -7.881343e-01 8.154651e-01 5.076731e+00 -3.874623e+00 -5.228723e-01 7.771252e-01 -2.237709e+00 -1.167630e+00
3.569579e+00 5.127792e+00 -3.127395e+00 -1.192589e+00 -9.031795e-01 -2.239959e+00 5.808580e+00 -3.007460e+00 -2.054171e+00 1.506347e+00 -2.472305e+00 -1.340036e+00
