-1.197015e+00 -3.044868e+00 5.766201e-02 -2.531453e+00 -1.170601e+00 2.422301e+00 -7.705514e+00 -3.732181e-01 -2.150358e+00 1.798579e+00 -1.047696e+00 -1.420332e+00
-2.224853e+00 -5.392790e-01 1.005544e+00 -4.141448e-02 1.256132e+00 2.035464e+00 -6.255052e+00 1.314265e+00 -1.798880e+00 3.627390e+00 -7.767458e-02 -6.879197e-01
3.303318e-01 -3.296149e+00 8.460752e-01 -7.087243e-01 3.922137e-01 1.322590e+00 -4.397464e+00 -8.341543e-01 -2.157448e+00 -7.403775e-01 -6.973505e-01 -3.817266e-01
-4.185980e-01 -6.392838e-01 -2.368926e+00 -5.393512e-01 -2.884019e+00 6.243550e-01 -7.130234e-01 -2.296042e-01 -1.967095e+00 -5.059397e-01 -1.145199e+00 -6.519623e-01
6.485193e+00 -9.211748e-01 -1.176234e+00 -2.125521e+00 2.044978e-01 1.558433e-01 4.725688e-01 -2.348133e+00 2.498423e+00 -3.715604e+00 8.090984e-01 4.215577e+00
3.143777e+00 -2.076590e+00 -1.549485e+00 -1.979030e+00 4.030789e-01 9.487303e-02 1.184741e+00 -9.952146e-01 2.609035e+00 -2.268923e+00 -4.377958e-01 3.085237e+00
8.384315e+00 -4.841054e-01 -1.147351e+00 -9.216644e-01 4.212300e-01 -1.035467e+00 4.194129e-01 -2.437815e+00 1.365294e+00 -2.719274e+00 6.760561e-01 3.850441e+00
-1.025429e-02 -6.813525e-01 -1.228628e+00 -1.413015e+00 -1.934526e+00 -1.712347e+00 -1.204077e+00 -1.040057e+00 -1.043200e+00 -5.267835e-02 -8.847254e-01 -1.253453e+00
1.123961e+00 -4.407726e+00 -2.825431e+00 4.235691e-01 3.436427e-01 9.717234e-01 2.246007e+00 2.435777e+00 8.494396e-01 4.594919e-01 1.990822e+00 1.763718e+00
-5.209387e-01 -1.019941e+00 -5.488732e-02 8.602360e-01 -1.946973e+00 -2.321001e+00 -3.287072e+00 -8.200572e-01 1.867991e+00 1.888090e+00 -6.394152e-02 2.419152e+00
-7.466954e-01 -6.350394e-01 -2.091247e-01 6.213639e-01 -8.142176e-01 -1.909332e+00 -1.378974e+00 -1.345833e+00 -6.326991e-01 5.119823e-01 3.022006e-01 2.737754e+00
1.377440e+00 -3.644319e+00 -2.307964e+00 9.368303e-01 3.732849e-01 9.613527e-01 1.224927e+00 1.643113e+00 5.122907e-01 7.691973e-01 1.902732e+00 8.071178e-01
6.560532e+00 -6.583378e-02 -7.316100e-01 -6.992685e-01 5.891296e-01 4.074407e-01 8.813427e-01 -5.718788e-01 1.861254e-01 -1.067010e+00 2.422761e-01 1.267191e+00
-4.208128e+00 -3.326852e+00 -2.579646e+00 -2.419795e+00 -1.573911e+00 -5.777625e-01 1.367195e+00 1.864477e-01 8.084460e-01 -6.623518e-01 -2.568700e+00 -2.135808e+00
1.319351e-02 7.649665e-01 1.196003e+00 -4.042842e+00 -3.297604e+00 -2.501980e+00 1.514331e+00 -3.961516e+00 1.578493e+00 -1.467903e+00 -1.414335e+00 1.886288e+00
-2.144662e+00 5.151402e-01 -1.315721e+00 4.635015e-01 -1.390047e+00 2.566004e+00 3.951359e-01 2.717025e-01 -1.499815e+00 -8.398018e-01 -1.812350e-01 -3.165150e-01
1.247557e+00 -1.023087e+00 -1.933077e+00 -2.414489e+00 -3.024621e+00 -1.127707e+00 1.902897e+00 -2.758560e+00 1.443273e+00 -1.220532e+00 -2.003474e+00 7.019040e-01
-1.240198e+00 -1.234092e+00 -2.688622e-02 1.073056e+00 -1.918006e+00 -1.204564e+00 -3.643124e+00 -1.412450e+00 2.917011e+00 1.996109e+00 8.079312e-01 2.144467e+00
-1.317195e+00 -3.226016e+00 -2.776459e+00 -3.953534e+00 -2.812091e+00 -1.197438e+00 -4.700047e-01 4.391614e-01 1.068559e+00 4.754453e-01 6.750622e-01 6.451536e-01
2.389455e+00 -6.373152e-01 4.233679e-01 2.651067e-02 4.557558e-01 9.210602e-01 1.099493e+00 1.161605e+00 8.756539e-01 1.207738e+00 -9.991097e-03 -1.095280e+00
-4.648400e-01 -2.457412e+00 2.032986e-02 -3.966737e-01 5.929878e-01 1.289435e+00 6.769195e-01 -6.160165e-01 2.129024e+00 -1.078310e+00 -1.714460e+00 -5.858228e-01
-2.106981e+00 -6.060134e-01 3.093237e-01 9.106836e-01 -1.294229e+00 7.287938e-01 -7.671182e-01 -1.038667e+00 -9.021765e-01 -1.075486e+00 2.263193e-01 1.104807e-01
-3.827896e-02 -5.076417e-01 3.144286e-01 -9.512766e-01 3.035715e-01 -2.015250e+00 -1.219381e+00 -1.533497e+00 1.315403e+00 1.979996e-01 3.260393e-01 -3.927743e-01
-4.633862e-01 -1.547259e+00 -1.073768e-01 8.603937e-01 5.470565e-01 1.640754e+00 2.624616e-01 -2.318390e-01 -4.805059e-02 -9.983338e-01 -1.373828e+00 -2.051887e+00
-1.208489e-01 -6.120933e-01 -7.285373e-01 1.349687e+00 -2.009327e-01 -8.911800e-01 1.308446e+00 -1.173220e+00 4.955233e-01 6.305515e-01 -9.719256e-01 -7.524150e-01
-5.377046e-01 -2.507023e-01 4.954430e-01 -9.658217e-01 1.435858e+00 1.452006e-01 2.065876e+00 1.540035e+00 1.052542e+00 1.220444e+00 6.328072e-01 -2.951360e-03
7.458715e-01 -9.473017e-01 -1.891203e-01 -1.893472e+00 -3.010187e+00 -6.987096e-01 -2.493629e+00 -1.097165e+00 1.448240e-01 -4.834987e-01 -2.672846e+00 7.629088e-01
-2.937196e-01 -7.418572e-01 -9.214346e-01 1.980449e+00 2.353570e-02 3.646845e-01 8.478748e-01 -8.461922e-01 -4.150890e-01 -2.460525e-01 -1.190103e+00 -1.458179e+00
-1.368185e-01 -5.967425e-01 -2.031378e-01 5.604678e-01 1.129816e-01 -7.466915e-01 8.926668e-01 -8.766695e-01 6.289115e-01 8.373579e-01 -1.612518e+00 1.529317e-01
-1.020523e+00 7.900409e-01 -3.284067e-01 2.046120e+00 1.901837e+00 -3.723003e-01 6.215726e-01 2.064021e-01 -2.510310e+00 -8.242640e-01 1.252024e+00 3.426944e-01
-7.493202e-02 -6.738356e-01 5.284795e-01 -5.920081e-02 3.414305e-01 -7.178738e-01 4.318258e-01 7.466888e-02 5.051292e-01 5.578726e-01 -9.550818e-01 -3.621569e-01
-3.346055e-01 -1.246367e+00 -2.251838e-01 -1.455090e+00 4.158296e-02 2.024087e+00 2.834718e-01 5.228757e-01 1.238935e-01 -1.332948e-02 1.876704e+00 1.492600e-01
-2.337249e-01 -3.849541e-01 -5.629671e-01 1.750198e+00 -7.033855e-01 4.688824e-01 1.010126e+00 -1.431935e+00 4.310494e-02 -8.236103e-02 -2.401735e-01 -1.808369e+00
-3.191351e-01 -2.267153e-01 3.516353e-01 -2.331490e-01 5.428340e-01 -9.696730e-01 3.041711e-01 3.395033e-02 6.776376e-01 -1.346444e-01 -4.188700e-01 -4.761894e-01
-9.870214e-01 1.012856e-01 9.466164e-01 -6.840401e-01 1.641161e+00 -5.127538e-01 1.017524e+00 5.006792e-01 8.098494e-01 -2.196027e-01 5.865131e-02 1.539998e-01
1.264418e+00 -7.289953e-01 -7.761099e-01 -9.484425e-01 -1.644027e+00 -9.517644e-01 -1.535616e+00 1.087861e+00 1.267246e+00 -3.625585e-01 -1.702848e+00 -3.464245e-01
-1.646748e-02 9.142933e-02 5.157743e-01 8.551275e-01 8.548688e-01 2.530482e-01 9.361660e-02 1.685156e-01 -2.212260e+00 -8.788325e-01 9.177438e-01 7.182050e-02
4.002305e-01 4.596693e-01 5.918299e-01 -8.491120e-02 -1.374888e+00 -1.419318e+00 -7.874770e-02 1.513852e-01 -6.101987e-01 -8.560131e-01 -4.652258e-01 -2.497180e-01
2.885006e-01 -8.678890e-01 6.084470e-01 -4.710687e-01 -2.924104e+00 -1.089805e+00 -1.945109e+00 -4.009990e-01 6.051396e-01 -7.520787e-01 -1.920788e+00 -6.127205e-01
1.197274e-01 -4.960294e-02 7.061840e-01 -2.385409e-01 -9.398896e-01 -1.691202e+00 -1.540735e+00 -2.124466e+00 -5.904598e-01 -8.035474e-02 -4.369753e-01 -1.291586e+00
-3.045453e-01 2.514903e-01 -1.098163e-01 3.114190e-01 -3.931539e-02 -6.329386e-01 7.385108e-01 -7.896079e-01 1.092402e+00 -6.679096e-01 1.157637e-01 -6.465784e-01
2.361775e-01 1.053248e+00 4.077592e-01 9.514256e-01 4.475563e-01 -1.352551e+00 -4.898171e-01 1.173826e+00 -4.729164e-01 8.891272e-03 7.109818e-01 -8.985591e-03
-3.178108e-01 -1.845127e+00 -2.022518e+00 1.592052e-01 1.839093e+00 8.691250e-01 2.330936e+00 1.571848e+00 -1.152533e+00 6.083635e-01 1.190174e+00 1.893767e+00
2.975677e-01 2.702612e-01 -2.359130e-01 1.002635e+00 7.484926e-01 -1.943080e+00 -1.340245e+00 -3.449703e-01 -9.953754e-02 2.500083e-01 -6.769970e-01 -6.642765e-01
-2.496957e-01 5.824444e-01 5.942072e-01 -6.652908e-02 2.688352e-01 -6.631595e-01 -1.941851e+00 -1.166225e+00 -1.585928e+00 -3.940390e-01 -2.662647e-01 -1.081838e+00
-3.177615e-01 -7.914091e-01 -4.794876e-01 -2.984859e-01 2.316397e-01 -3.574827e-01 -7.401839e-01 -2.065497e+00 -1.671325e+00 -5.609851e-01 4.012365e-02 -4.960971e-01
9.833021e-02 3.847477e-01 7.002832e-01 -5.126362e-02 -2.731330e-01 -1.741141e+00 -1.290176e+00 -8.920969e-01 -1.040099e+00 -7.407621e-01 -7.389845e-01 -1.617994e+00
8.365746e-02 -4.504689e-01 7.158709e-02 2.294856e-01 6.281968e-01 1.625844e+00 2.907951e-01 -9.423315e-01 -5.164822e-01 6.720634e-02 9.376805e-01 -3.312631e-01
9.843397e-02 -1.853418e-01 9.229340e-02 3.315301e-01 -1.453997e+00 -8.110431e-01 -1.288874e+00 -9.965419e-01 -1.159655e+00 -1.575663e+00 -1.706971e+00 2.409828e-02
2.713343e-01 -2.809358e-01 2.077781e-01 3.420639e-02 -2.233038e-02 1.195144e+00 2.546084e-01 -9.682644e-01 2.228088e-02 9.108713e-02 1.040877e-01 -2.872981e-01
3.533039e-01 1.993340e-01 1.104494e-01 7.564310e-01 3.328807e-01 -6.644946e-01 1.331181e-01 -4.055136e-01 1.502289e-01 -5.083883e-01 -1.163434e+00 3.514861e-01
-8.166000e-01 -1.126024e+00 -1.248554e+00 -1.040924e+00 -1.299321e+00 -8.983862e-01 -7.356592e-01 1.827782e-01 3.235042e-01 -9.079982e-01 -2.341564e+00 -1.334672e+00
-5.653830e-01 -7.787208e-01 -1.451828e-01 -9.269609e-01 -5.220364e-01 -2.304050e-01 -1.378956e+00 3.183493e-01 -5.790232e-01 7.669598e-01 1.400313e+00 7.006904e-01
-4.484223e-01 -1.090453e-01 2.564367e+00 4.281510e-01 -1.783752e+00 4.458742e-02 -3.196326e+00 2.829818e+00 2.267829e-01 8.467401e-01 7.812526e-01 3.478887e-02
-1.070424e-01 -8.701698e-01 2.586648e+00 1.437242e-01 -1.252147e+00 2.515655e-01 -2.552710e+00 2.538424e+00 5.083167e-01 3.767194e-01 -1.308050e-02 8.077407e-03
1.516840e-01 -8.891040e-01 -4.788424e-01 -6.089111e-01 -7.820390e-01 2.024767e-01 -1.985260e-01 -4.825992e-01 2.998022e+00 8.723843e-01 -7.689275e-01 -4.704030e-01
-1.350037e-01 -6.613139e-01 -1.318208e-01 -5.096241e-01 -1.362169e+00 -1.091190e+00 -1.417087e+00 -5.994942e-01 -4.046368e-01 -1.007179e+00 -6.772221e-01 2.158555e-01
4.220513e-01 1.034287e-01 2.275591e-01 -4.130422e-01 -2.021264e+00 -1.799255e+00 -1.484663e+00 -9.941320e-02 3.180835e+00 6.966197e-01 -6.738956e-01 -9.704297e-01
-2.575002e-01 3.494546e-01 -5.239819e-01 8.961096e-01 -9.119602e-01 1.723113e-01 2.888866e-01 -6.278697e-01 6.551625e-01 -7.286986e-01 2.485327e-01 -3.776042e-01
3.530755e-01 -3.357813e-01 -7.299477e-01 -8.606172e-02 -1.168163e+00 -6.236504e-01 4.386302e-01 -8.874607e-01 -6.495924e-01 -1.992534e+00 -2.343167e+00 -1.231919e+00
8.526011e-02 8.271261e-02 3.243505e-01 2.742440e-01 3.348095e-01 1.435093e+00 6.515949e-01 -3.795631e-01 2.221332e-01 1.765792e-01 -1.113086e+00 5.025057e-01
-3.221312e-01 4.685487e-01 1.193485e-01 -2.545276e-02 1.339729e+00 -2.100831e+00 4.882800e-01 2.006308e-01 1.056566e-02 1.148330e-01 -4.287089e-01 -2.811387e-01
-3.330768e-01 -1.866421e-01 -2.021625e-01 5.684072e-01 1.134481e+00 1.166265e-01 3.393977e-01 -1.232145e+00 -3.200684e+00 -3.407107e-01 3.196365e-01 7.268351e-01
-7.204162e-01 -6.929528e-01 -1.042183e+00 -6.300650e-01 -8.101547e-01 9.970355e-02 8.456237e-01 -4.609232e-01 -6.663982e-01 -1.013652e+00 -1.688803e+00 1.312937e-01
3.975150e-01 4.192459e-01 7.623478e-01 4.432314e-01 -5.125684e-01 -4.707934e-01 3.857050e-01 -4.093624e-01 2.848682e-01 4.515396e-01 8.525558e-01 1.523967e-01
9.977901e-03 5.726792e-01 -8.114382e-01 8.910602e-01 8.991984e-01 -2.008921e+00 4.407348e-01 9.367860e-01 -1.380418e+00 9.561230e-01 -3.076073e-01 -9.959167e-01
6.788654e-01 -1.949683e+00 -1.503334e+00 -2.176717e+00 -2.011549e+00 -1.231340e+00 -2.136587e+00 5.081043e-01 -5.306633e-01 -5.737327e-01 1.725732e+00 1.649106e+00
-2.733127e-01 -2.666990e-01 -8.255814e-01 -9.789407e-01 -1.041413e-01 6.752416e-01 -9.920317e-01 -1.681380e+00 1.063955e+00 1.716799e+00 4.136955e-01 -7.532113e-01
-3.088034e-01 -2.312995e-01 -5.085451e-01 -4.431105e-02 1.371638e-02 6.519680e-02 2.865516e-01 -1.366021e-01 -5.374950e-01 -1.815505e-02 1.143267e-01 7.894952e-01
-3.352248e-01 -1.620214e-01 1.049746e-01 -1.491282e+00 -7.136964e-01 6.210428e-01 -9.590912e-03 1.158066e+00 1.426386e+00 4.632782e-01 1.357519e+00 4.553157e-01
-1.577790e-01 -4.407125e-01 -2.649587e-01 -7.574490e-01 -3.103974e-02 1.632355e+00 2.049568e+00 1.135462e+00 7.308043e-01 -2.578438e-01 -8.385164e-01 -1.113250e-01
-6.847382e-03 -8.574851e-02 1.883483e-01 -1.139114e-01 8.431520e-01 1.085999e+00 -4.490627e-01 -7.000324e-01 -3.373494e-01 6.188735e-01 2.130315e+00 1.665912e+00
2.257346e-02 -8.216397e-01 1.898580e+00 1.578415e-01 -6.303645e-01 3.824363e-02 -1.307603e+00 1.650684e+00 4.629070e-01 3.571481e-01 -7.947180e-01 2.284643e-01
-5.842031e+00 -6.261074e-01 5.651810e-01 -2.801267e+00 4.776328e-01 2.959609e+00 2.208997e+00 1.970812e-01 9.275885e-02 7.526574e-02 -3.357966e+00 -3.369687e+00
8.502598e-01 -6.600063e-01 -1.174080e+00 -1.740456e-03 7.912376e-01 -8.500474e-01 8.953775e-01 1.660165e+00 5.076079e-01 -3.683151e-01 7.782310e-01 -3.038666e-01
1.339788e-01 -1.121680e-01 5.397550e-01 3.767588e-01 5.781484e-01 -7.104975e-01 -1.860172e+00 2.714544e-01 8.907964e-02 9.221233e-01 2.282277e+00 2.965844e-01
-2.423224e-01 2.177405e-03 2.257058e-01 -1.888029e-01 1.031859e+00 1.202248e+00 1.118863e+00 5.849465e-01 -6.556622e-01 -1.691294e+00 1.146296e-01 1.650595e+00
3.216300e-01 3.390732e-01 -9.711359e-01 1.495252e+00 -3.644273e-01 -3.685475e-01 -4.389592e-01 1.170213e+00 -9.863021e-01 2.406366e-01 -1.596251e-02 -7.166125e-01
-4.205561e-01 2.892079e-01 9.434735e-01 -4.033717e-01 5.134403e-01 -1.014061e+00 2.054461e-01 -2.334913e-01 7.204113e-01 -2.787023e-01 -2.400768e-01 -8.653285e-02
2.753781e-01 2.151328e-01 6.495280e-01 1.633600e-01 4.916504e-01 7.068484e-02 -1.398889e+00 1.276388e-01 1.634986e-01 1.101067e+00 2.373101e+00 1.486520e+00
1.574709e-01 3.834918e-01 -1.285501e+00 1.770012e+00 -1.372597e+00 5.830632e-01 -7.221349e-01 4.261974e-01 -3.597388e-01 -2.596092e-01 3.565035e-02 -5.298795e-01
-4.134564e-01 6.586117e-01 1.915908e+00 9.637373e-01 -2.022448e+00 -6.792501e-01 -2.991487e+00 2.939427e+00 -1.771179e-01 5.036375e-01 1.823575e+00 2.554889e-01
2.099901e-01 -6.737695e-02 -4.924422e-01 -2.864169e-01 5.282273e-01 8.680768e-01 3.056625e-01 -2.368581e-02 1.217324e+00 1.094677e+00 5.222152e-01 1.945351e-01
-5.341571e-01 -6.771859e-01 -1.013367e+00 -8.567660e-01 -7.269808e-01 -9.684746e-01 -1.404482e+00 -9.277399e-01 1.061617e+00 4.431378e-01 -1.858986e+00 -1.454426e+00
-1.582688e-01 2.077031e-03 6.742514e-01 3.736342e-01 5.207980e-01 1.047343e+00 1.876217e+00 1.898850e+00 6.581482e-01 -1.640025e+00 -3.385017e-01 9.979326e-01
1.797443e-01 -5.823184e-01 1.344459e+00 4.396855e-01 -1.073194e+00 8.328737e-01 -1.728294e+00 1.593305e+00 5.587779e-01 -5.238991e-01 -7.715206e-01 3.907506e-01
-5.217002e-01 1.073475e+00 1.013789e+00 1.027060e+00 -1.078367e+00 -1.411054e+00 -2.167081e+00 1.937763e+00 -2.550012e-01 2.188152e-01 2.216999e+00 4.894571e-01
1.034903e-01 9.176424e-01 7.790137e-01 -2.826546e-01 8.984705e-01 1.286451e+00 -1.263434e+00 -2.105677e-01 1.065809e+00 5.794191e-01 -1.598878e+00 -1.044088e+00
-3.745396e-02 -5.014372e-02 1.004874e+00 1.746853e-01 -7.231164e-01 2.135291e-01 -7.530327e-01 7.273069e-01 8.048018e-01 -6.544536e-01 -3.351103e-01 -1.119544e-01
-5.944815e-01 4.986193e-01 8.196036e-01 -2.498475e-01 5.867369e-02 1.123660e+00 -1.631135e+00 -4.191840e+00 -1.523812e+00 1.575213e-01 -7.554356e-01 1.697020e+00
4.702125e-01 4.295138e-01 6.851996e-01 4.679342e-01 5.290889e-02 8.325484e-01 2.872976e-01 1.776503e+00 3.054575e+00 1.732059e+00 -6.251820e-01 -1.926032e+00
-2.481504e+00 1.785168e+00 6.597377e-01 3.861120e+00 2.427587e+00 1.989859e+00 -2.162811e+00 2.529774e+00 -1.722712e+00 3.488736e+00 1.625788e+00 -1.295248e+00
6.876974e-02 1.148197e-01 6.410085e-01 5.748384e-01 -4.259748e-01 3.209960e-01 1.964270e+00 2.830037e+00 2.674381e+00 1.230723e-01 -1.020288e+00 -5.953162e-01
3.835581e-01 -1.850068e-01 2.196732e-01 5.525874e-01 -3.815428e-01 5.070317e-01 3.494421e-01 8.794770e-01 -1.121856e+00 -1.396032e+00 -8.534176e-01 -1.718536e+00
5.410690e-02 5.451577e-01 -5.785244e-01 1.059485e+00 2.070982e+00 -1.297320e+00 2.119338e+00 4.702095e-01 -3.233167e+00 -1.673435e+00 1.572988e+00 -1.031693e+00
-1.708600e+00 7.786434e-01 3.005109e-01 -3.336921e-01 4.592339e-01 8.461226e-01 4.140434e-01 -3.113714e+00 -3.416901e+00 -1.018085e+00 -2.586823e-01 2.386549e+00
-3.258403e-01 9.972680e-01 6.928023e-01 3.640574e-01 6.679414e-01 -1.973787e+00 -1.076466e+00 8.357317e-01 -4.622524e-01 4.565414e-01 1.876347e+00 1.144902e+00
-2.410194e-01 2.562388e-01 -1.099538e+00 -1.703402e-01 -8.709761e-02 7.407218e-01 1.289699e+00 1.154601e+00 5.499900e-01 3.977434e-01 -5.016746e-02 -5.824125e-01
1.950795e+00 -5.441803e-01 2.348406e-01 -1.742301e-01 -1.189385e+00 -8.071861e-01 -2.537142e+00 -7.153500e-01 -1.530905e+00 2.636143e-01 2.816067e+00 3.015030e+00
-2.563152e-02 1.847829e-02 2.156532e-01 3.211857e-01 -5.873982e-01 1.930472e+00 4.104568e+00 2.811294e+00 6.082315e-02 -2.176345e+00 1.105056e+00 -3.368112e-01
2.772153e+00 1.891053e+00 -2.518611e-01 2.312831e+00 2.624616e+00 -1.079251e+00 -2.599206e-02 2.301486e+00 2.576916e+00 3.104219e+00 1.007429e+00 -4.031553e-01
-2.266919e+00 1.237879e+00 4.393679e-01 -3.392301e-01 -7.014960e-01 3.047935e-02 1.408325e+00 -1.666008e+00 -3.350121e+00 2.822403e-01 1.937615e+00 1.469692e+00
-1.467018e+00 3.867614e+00 3.249989e+00 -2.936998e+00 -2.561199e+00 -1.945826e+00 -3.298769e-01 -2.821254e+00 1.837756e-01 -1.091935e+00 4.959269e-01 2.105690e+00
2.738866e+00 4.397774e-02 -5.865869e-01 1.666302e-01 -3.684258e-01 -5.583826e-01 -4.541423e-01 1.309668e+00 1.843593e+00 1.065539e+00 1.424344e+00 1.452194e+00
-1.204902e+00 2.493471e+00 3.173031e+00 -1.335599e+00 -9.520370e-01 9.351864e-01 -1.342512e+00 -1.447404e+00 -1.304983e+00 -1.170022e+00 1.110268e+00 7.834616e-02
4.480398e-01 9.763218e-01 4.286647e-02 7.246349e-01 1.538207e+00 -1.661928e+00 -4.396735e-01 -4.872536e-01 -4.504291e-01 4.197119e-01 1.534473e+00 9.238330e-01
3.148690e+00 9.092018e-01 -1.431084e+00 2.235968e+00 1.947920e+00 -1.072206e+00 1.321307e+00 2.323385e+00 1.944248e+00 2.331019e+00 2.841594e-01 -3.857988e-02
1.409128e+00 1.484169e+00 -2.607862e-01 1.004158e+00 1.703908e+00 1.366960e+00 -2.289263e-01 1.589497e+00 8.345269e-01 7.071114e-03 -2.445136e-01 -1.258117e+00
6.947652e-01 1.435449e+00 4.722072e-01 6.670827e-01 1.003996e+00 2.413581e+00 1.270435e-01 1.671505e-02 8.021574e-02 -1.651442e+00 -1.134267e+00 -1.510387e+00
-1.853622e+00 1.088009e+00 7.025422e-01 1.881491e-01 -7.017309e-01 3.880368e-01 1.330657e+00 -8.465340e-01 -4.635654e+00 9.059041e-01 3.784959e+00 9.865925e-01
2.835178e-01 3.582509e-01 -8.735323e-03 -5.314630e-01 -3.566172e-01 2.661102e+00 9.919485e-01 -7.323165e-01 -1.259317e+00 -3.180188e+00 -1.558319e+00 -1.120239e+00
-7.883599e-01 1.586720e+00 7.153902e-01 2.063198e-01 6.059607e-01 3.731396e-01 2.026780e+00 -1.438108e-02 -4.253219e+00 -9.818306e-02 2.348490e+00 5.698017e-01
1.358188e+00 -3.893045e-01 -1.932363e-01 2.258410e-01 2.120682e+00 -7.438949e-01 -1.229211e+00 -2.115350e+00 -4.441409e-01 -1.666298e+00 -1.664263e+00 -8.110600e-01
-6.997862e-02 6.159643e-01 -5.453606e-02 -2.613367e-01 -3.347591e-01 1.938082e+00 2.094810e+00 -1.064386e+00 -2.556571e+00 -1.951125e+00 1.826731e-01 2.432863e-01
-8.990669e-02 8.585072e-01 6.262554e-01 2.022543e-01 -8.664619e-01 1.348399e+00 5.869516e+00 4.545237e+00 1.458889e+00 -9.448425e-01 2.154615e+00 7.429415e-01
8.103701e-01 1.774999e+00 -6.137997e-01 1.331357e+00 2.651443e+00 -1.723821e+00 8.879257e-01 -9.775600e-01 -5.800670e-01 9.100327e-01 5.357392e-01 1.654784e-01
-1.068195e+00 1.713776e+00 1.166873e-02 2.287218e+00 2.345475e+00 2.203626e+00 -7.952634e-01 3.864861e+00 -1.762672e+00 7.686588e-01 4.333878e-02 -2.934684e+00
-4.842308e+00 2.458122e+00 2.494173e+00 -1.302521e+00 2.533575e+00 3.618423e+00 2.032287e+00 -1.042769e+00 -2.884692e+00 8.385519e-01 -1.799332e+00 -3.166803e+00
-7.557661e-01 3.060776e+00 -3.466193e-01 -2.628761e-01 -2.412710e-02 -3.974406e-01 4.323789e+00 2.487979e+00 3.105085e+00 1.783388e+00 1.722979e+00 1.387302e+00
3.044250e-01 3.365540e+00 5.059027e-01 2.754159e-01 3.021424e+00 6.593320e-01 1.266152e+00 -1.436463e+00 -2.642923e+00 2.287852e+00 1.962672e-01 -1.250984e+00
-2.131652e+00 4.007534e+00 2.232669e+00 2.261062e-01 3.594208e+00 2.366578e+00 2.056851e+00 -8.338168e-01 -2.593503e+00 8.713923e-01 -3.613246e-01 -3.005240e+00
2.191215e-01 3.860219e+00 -3.341471e-01 1.339247e+00 1.403854e+00 -2.022352e+00 5.466950e+00 6.749171e-01 5.474635e+00 2.419077e+00 6.089256e-01 2.092432e+00
8.697916e-01 2.515939e+00 -8.823366e-01 3.284425e+00 4.177859e+00 -1.600073e+00 4.085443e+00 -1.958098e+00 3.371171e+00 1.283498e+00 -5.146892e-01 1.947316e-01
