-4.534725e-01 -3.132639e+00 1.136615e+00 -2.114460e+00 -3.500138e+00 -4.906836e+00 -9.822580e-01 1.393798e+00 -1.399247e+00 -1.844946e+00 9.820879e-01 3.852432e-01
-2.666725e+00 -2.187815e+00 -2.082491e+00 -2.318330e+00 5.426759e+00 -9.768940e-01 -5.540846e+00 1.808786e+00 3.996546e-01 3.505994e+00 -2.272290e+00 6.032953e-01
-4.361057e-03 -4.808149e+00 -2.883712e-01 -2.482118e+00 -2.423866e+00 -4.369150e+00 -1.277223e+00 2.393182e+00 -1.328673e-02 1.066602e+00 2.326730e+00 7.045717e-01
-2.206040e+00 -3.878274e+00 -9.741141e-02 8.722537e-01 1.330588e+00 5.931365e-03 -6.106824e+00 1.856124e+00 1.915549e+00 1.179976e+00 7.534283e-01 1.145117e-01
3.538974e+00 -1.528445e+00 1.800727e+00 -1.435799e-01 -4.912282e+00 1.138195e-01 -4.059992e+00 -6.569896e-02 8.401945e-01 -2.744574e+00 2.227204e-01 3.175214e-01
-2.404118e+00 -6.636226e-01 -9.040905e-01 -2.201013e+00 4.378905e+00 -7.038350e-01 -2.496137e+00 -3.032522e-01 -1.064759e+00 1.139963e+00 -2.939162e+00 -4.647200e-01
-6.661282e-01 -1.614871e+00 1.388107e+00 -9.440739e-01 -2.796996e+00 -2.613024e+00 -4.613775e-01 6.283367e-01 -5.765275e-01 -1.195369e+00 -5.089569e-02 -3.057918e-01
-1.397846e+00 3.814944e-01 -9.421229e-03 2.251579e+00 -4.208277e+00 -5.122565e+00 1.684495e+00 -7.186365e-01 1.219448e+00 -1.719739e+00 2.640263e+00 3.051018e+00
4.110494e+00 -1.844069e+00 1.262517e+00 -8.658715e-02 -4.142785e+00 1.246412e+00 -4.859608e+00 -6.057323e-01 -1.315791e+00 -9.778661e-01 -1.516508e+00 -1.384742e-01
2.987029e+00 -9.843666e-01 1.957109e+00 1.164951e-02 -2.278599e+00 1.781998e+00 -2.082314e+00 6.186647e-02 1.256054e+00 -6.624931e-01 2.874292e+00 9.110508e-02
1.592853e+00 -6.255107e+00 -4.286016e+00 -1.707769e+00 -1.346855e+00 6.924281e-01 3.303607e+00 -2.503038e-01 -1.335744e+00 -3.284062e-01 1.280230e+00 4.754067e-01
-5.622044e-01 -5.876729e-01 -7.550250e-01 5.457975e-01 -3.118474e+00 -2.915097e+00 2.047152e+00 1.386351e+00 1.187581e+00 5.941330e-01 1.877962e+00 2.896030e+00
4.451256e-01 -1.110390e+00 -3.325902e-01 -3.373807e-01 -3.885654e+00 -3.217250e+00 -2.050633e-01 6.734131e-01 -2.372222e-01 1.120015e+00 -8.583370e-01 1.206389e-01
3.037531e+00 -1.318909e+00 4.166427e-01 -2.854376e-01 -3.042646e+00 -4.454830e-01 -3.291838e+00 -9.499939e-01 -2.522398e+00 3.056337e-01 -2.559022e+00 5.053372e-01
1.677347e+00 -5.278705e+00 -3.000568e+00 -1.661482e+00 -2.162906e+00 -1.252085e+00 -5.497608e-02 -5.033829e-02 -2.138998e+00 -1.316519e+00 3.168519e+00 2.423657e+00
-6.939713e-01 -6.601303e-01 3.842413e-01 -1.026474e+00 2.739615e-01 4.929382e-01 -2.475231e-01 -1.727020e+00 -1.734384e+00 -2.947896e+00 -3.020432e+00 -2.446924e+00
-4.937580e-01 5.432462e-01 1.009917e+00 2.850790e+00 -1.540491e+00 -3.123910e+00 6.102623e-01 -7.197946e-01 1.982994e-01 -1.144420e+00 2.548242e+00 1.908879e+00
-7.374004e-01 -4.611484e+00 -1.430532e+00 -2.317644e+00 -9.995080e-01 -2.512695e+00 -1.395443e+00 3.060594e+00 1.794702e+00 2.641003e+00 2.903508e+00 1.712946e+00
-3.813578e-01 -2.247145e+00 1.218683e+00 1.069879e-01 -2.792087e+00 -1.046589e+00 -7.318777e-01 -2.615780e+00 -1.604849e+00 -1.423707e+00 -4.378311e-01 -4.378324e-01
2.306030e-01 -1.283086e+00 9.173855e-01 -4.906546e-01 -1.955376e+00 -1.319588e-01 5.464727e-01 -3.617070e+00 -1.643856e+00 -1.616143e+00 -1.527070e+00 -2.002059e+00
-6.418543e-02 -2.643310e+00 -4.231329e-02 3.749759e-01 -2.890324e+00 -1.253979e+00 -3.901091e-01 1.721461e-01 -2.146076e+00 -2.730872e-01 2.667880e+00 2.080625e+00
1.244222e+00 -9.872526e-01 1.921157e+00 1.846260e-01 -8.144487e-01 1.299749e+00 -1.544400e+00 -3.395522e-01 3.857265e-01 -3.183893e-01 2.388832e+00 -3.613680e-01
6.366425e-01 -3.914136e+00 -2.675504e+00 -2.478119e-01 -6.387691e-01 8.997585e-01 1.603875e+00 -4.131939e-01 1.098650e-01 1.241889e+00 4.626888e-01 6.579843e-01
-7.275356e-01 3.830464e+00 -1.256936e+00 4.522473e-01 -1.177144e+00 -1.582554e+00 1.391201e+00 9.147911e-02 -7.893308e-01 8.589239e-02 3.531121e+00 7.517415e-01
-5.986786e-03 -4.437908e+00 -5.664339e-02 1.006485e+00 -1.733419e+00 -3.215566e+00 3.045770e+00 1.982039e+00 -2.187696e+00 3.589489e-01 -8.647135e-01 2.547203e-01
1.759604e-01 -3.249654e-01 1.822965e+00 2.158574e-01 -6.189480e-01 9.466677e-01 -7.652448e-01 -1.295931e+00 -8.173340e-01 -6.527172e-01 5.316147e-01 4.506844e-01
-2.156789e-01 -1.404238e-02 2.005831e+00 -2.061693e-01 -5.420362e-01 9.653600e-01 -7.731379e-01 -6.970648e-01 -1.372172e+00 -6.861187e-01 -3.491554e-01 5.350056e-01
-5.082601e-01 2.938700e-01 2.290595e-01 -4.407769e-01 -8.156573e-03 -5.964392e-01 -7.088593e-01 -1.127505e+00 -6.037862e-01 -2.671521e-01 -1.290754e+00 6.664652e-01
-2.935905e-01 -8.784624e-01 3.385857e+00 -1.801414e-01 -6.140537e-02 3.143350e+00 -1.380602e+00 -1.589153e-01 9.499763e-01 -2.556852e+00 9.182242e-01 -1.172235e+00
-1.076976e+00 1.515965e-01 1.800034e-01 1.734576e+00 2.970158e+00 1.649803e+00 5.755296e-01 4.246355e-01 1.421148e+00 2.139653e+00 6.823109e-01 -2.684501e-01
6.108494e-01 6.697240e-01 9.963716e-01 1.855458e+00 4.635943e-01 -1.091980e+00 1.284023e-01 -5.006206e-02 -5.912524e-01 -3.998062e-01 2.070870e+00 6.821163e-01
-3.646129e-01 3.671093e-01 -4.238184e-01 2.918223e-01 1.833007e+00 1.234943e+00 1.106399e+00 3.726608e-01 3.820017e-01 8.011694e-01 6.336191e-01 5.695787e-01
1.093609e-01 4.614657e-01 1.836577e-01 2.639289e-01 9.458160e-01 1.178850e-01 5.993962e-02 -1.249847e-01 -7.950885e-01 4.377804e-01 -1.008014e+00 6.891345e-01
-2.853967e-01 7.573213e-02 6.364199e-01 -1.587726e-01 -3.534745e+00 -2.586359e+00 1.403510e-01 1.356047e+00 8.776627e-01 6.345199e-01 -1.134160e+00 -1.641314e+00
-1.988994e-01 4.170098e-01 3.270467e-01 6.006948e-01 5.182737e-01 -9.014349e-02 5.772212e-01 -1.309246e+00 5.078592e-01 1.125252e+00 1.353128e+00 3.678469e-01
-1.257112e-01 -8.131655e-01 2.855420e+00 2.976754e-01 -7.536880e-01 3.515925e+00 -2.122743e+00 6.100371e-01 1.167110e+00 -2.313514e+00 8.017109e-01 -1.236653e+00
-2.301199e-01 4.485561e-01 1.615947e+00 -3.388274e-01 3.128635e-01 2.241507e-01 -4.103642e-01 -5.163052e-01 -1.257772e+00 -8.423961e-01 -4.244520e-01 4.943222e-01
-4.352286e-01 -6.194123e-01 -4.301231e-01 1.087244e-01 3.021131e-01 -8.610401e-02 -1.046724e+00 -9.899690e-01 -7.374514e-01 -1.199646e-01 6.078964e-01 1.188521e+00
-1.993350e-01 1.746425e-01 3.542910e-02 -3.094415e-01 1.265222e-01 -3.818136e-01 2.712716e-01 -1.116949e-01 -1.763689e+00 8.470631e-01 -5.238256e-01 1.690933e+00
8.784389e-01 -9.169855e-02 -2.084423e-01 4.467713e+00 8.420424e-01 1.213359e+00 -2.255337e+00 7.445828e-01 3.620749e+00 6.770657e-01 5.838694e-02 -4.795179e-01
5.951672e-02 5.158048e-01 2.600014e-01 2.682457e-02 1.545631e+00 -7.989706e-01 -1.060070e-01 2.261665e+00 2.272527e+00 2.173404e+00 1.475637e+00 -1.969083e-01
2.495449e-01 5.696495e-01 -4.376867e-02 5.410001e-01 7.467360e-01 1.444824e+00 2.734877e-01 4.521492e-01 -4.069728e-01 -1.276985e+00 -1.184779e+00 -9.421545e-01
-1.291881e-01 1.103241e-01 2.363658e-01 8.515396e-01 2.318258e+00 2.192665e+00 1.498324e-01 -2.176071e-01 -1.243011e+00 -1.856274e+00 8.155587e-01 2.175086e-01
-5.720709e-01 8.481658e-02 -2.251652e-01 7.203411e-01 5.166684e-01 9.288033e-01 -3.516559e-02 -1.223971e+00 9.603511e-02 2.119765e+00 7.015940e-01 -5.192192e-01
6.589212e-02 4.951006e-01 -5.196902e-01 -1.020119e+00 -6.884865e-01 1.184729e-01 2.096095e-01 -8.717176e-01 3.084918e-01 1.637795e-01 3.454668e-01 9.552122e-01
-5.071446e-01 2.234281e-01 9.502109e-01 3.325111e-01 -2.794249e-01 3.119845e-02 1.491589e-01 -1.114165e+00 -1.662580e+00 -2.053969e+00 -1.016677e+00 3.114337e-01
2.751270e-01 -9.426872e-01 -7.364172e-01 -8.914137e-02 -5.793189e-01 -3.199958e-01 -9.500920e-01 2.159800e-01 1.655396e+00 8.124359e-01 -1.126334e+00 1.032737e-01
-7.938766e-02 2.822633e-01 3.619209e-01 9.069848e-02 4.557441e-01 1.479821e+00 8.111720e-01 -9.391696e-01 -7.652972e-01 -1.895327e+00 -3.128569e-01 4.649557e-01
1.125818e-01 1.475091e-01 -5.425495e-01 -1.530272e-01 -7.841142e-02 1.585113e+00 5.012434e-01 3.986193e-01 2.025294e+00 -9.384775e-01 -2.927007e-01 -4.970689e-01
1.728362e-01 7.161430e-01 4.438857e-01 -2.121670e-02 4.392614e-01 -8.969399e-01 -5.146506e-01 -9.467674e-01 5.870292e-01 1.002200e+00 1.653995e-01 2.559854e-01
-7.561026e-02 3.396452e-01 4.234365e-01 -6.167695e-01 -1.295322e+00 -7.777476e-01 1.580161e+00 -7.181802e-02 8.439684e-01 1.234146e+00 8.100964e-01 4.570995e-01
2.827042e-01 6.695992e-01 2.118191e-01 -6.409411e-02 1.943401e+00 -3.353167e-03 -5.476703e-02 8.607908e-01 9.175144e-01 1.145457e+00 2.937880e-01 -5.560181e-01
-5.978324e-01 -7.965242e-01 -5.230605e-01 -2.976403e-01 -1.320546e-01 3.098803e-01 -1.274099e+00 -8.502768e-01 -8.191255e-01 -4.597705e-01 -6.770393e-01 1.833934e-01
-4.040921e-01 -2.732124e-01 -1.967091e-02 6.543766e-01 9.904674e-01 4.864658e-01 4.298657e-01 -1.232980e+00 -7.606373e-02 8.480094e-02 6.674660e-01 1.429822e+00
-1.138606e+00 2.323683e-01 1.598966e-01 9.510750e-01 1.693109e+00 1.679111e+00 -2.886701e-01 7.194685e-01 1.855648e+00 2.110206e+00 1.010411e+00 -5.861907e-01
-3.369343e-01 -2.517616e-01 2.644580e+00 2.268542e-01 4.941872e-01 1.810571e+00 -1.071294e+00 -4.024610e-01 1.715588e-01 -2.346350e+00 9.589895e-01 -1.392716e+00
2.664378e-01 4.968002e-01 -6.866467e-02 -6.927270e-01 6.211718e-01 1.895601e-01 4.040171e-02 8.622329e-01 6.203915e-01 2.302870e-01 -1.219392e+00 -4.971276e-01
-5.054839e-01 -1.929381e-01 4.831673e-01 1.752510e-02 -8.718637e-01 -7.860775e-01 3.286705e-01 5.124847e-01 -4.984100e-01 1.887450e-01 1.228142e-03 3.350221e-01
-1.540414e-01 3.759789e-01 -1.812420e-01 -8.281413e-01 -5.045217e-01 1.947982e-01 -3.453589e-01 -1.556202e+00 6.586658e-01 -5.822944e-01 4.524317e-01 7.056786e-01
-5.461082e-01 7.290991e-01 1.326531e+00 5.807745e-02 3.110904e-01 2.001245e-01 -1.694127e+00 2.439004e-01 1.441439e+00 1.288312e+00 2.687451e-01 -4.720263e-01
-2.172987e-01 4.762893e-01 9.462965e-01 3.081604e-01 -6.043627e-01 -2.990133e-01 9.110093e-02 5.034234e-01 -1.106465e-01 2.464486e-01 -1.223990e+00 -1.150249e+00
9.715710e-02 1.110725e+00 1.071694e+00 4.827865e-01 1.182661e-01 -9.712890e-01 -1.141623e+00 -1.872348e-01 -6.794024e-02 1.738696e-01 -9.727439e-01 -1.484243e+00
-2.226694e-01 1.625348e-01 1.349911e-01 -1.188901e-01 6.821033e-01 7.948139e-01 -9.364161e-01 5.917717e-01 -9.436140e-01 -3.616815e-02 1.480418e+00 3.109611e-01
9.032211e-02 -3.627163e+00 -1.462971e-01 7.245277e-01 -4.046261e-01 3.608407e-01 1.028971e+00 2.133076e+00 -1.102014e+00 1.729291e+00 -9.371851e-01 1.385755e-01
-1.460846e-01 -2.971013e-01 -2.586962e-01 -8.783755e-01 -5.402558e-01 -3.897943e-01 -8.540549e-01 1.271093e-01 -1.565022e-01 -9.526329e-01 -1.336920e+00 3.444931e-01
-2.977415e-01 -2.694737e-01 -3.953843e-01 -9.008274e-02 -1.797935e-01 7.446460e-01 -4.533742e-02 -7.998495e-01 9.156477e-01 1.387728e+00 -3.414279e-01 -2.114379e-01
-4.849592e-01 -2.866075e-01 3.642888e-01 -3.793774e-01 -3.263565e-01 2.125289e-01 1.489052e-01 1.447097e+00 -4.606045e-01 4.538781e-01 4.725672e-01 -1.750791e-01
-6.501261e-01 -3.950805e-01 -5.531437e-01 -6.973056e-01 4.962253e-01 9.236237e-01 2.057438e+00 1.533542e+00 8.255895e-01 4.644943e-01 1.191852e+00 8.203389e-01
-3.434382e-02 2.529544e-01 -1.950987e-01 -6.864772e-01 -5.804445e-01 1.199804e+00 1.872489e+00 6.286537e-01 1.190420e+00 3.616399e-01 9.947112e-01 1.014253e+00
-2.507820e-01 6.845782e-01 9.320953e-01 6.545877e-02 7.129145e-01 1.226290e-01 5.076295e-01 -1.542210e+00 -5.338629e-01 -8.433717e-01 -2.601406e-01 -4.073536e-01
-3.159030e-01 7.445245e-01 1.267895e+00 8.735813e-01 -3.160678e-01 2.451595e-01 -1.786447e-01 -9.239839e-01 -4.665607e-01 -8.594598e-01 4.301675e-01 1.197624e+00
-4.071854e-01 -5.826991e-02 1.749315e-01 -1.396271e+00 -9.094998e-01 4.748791e-01 1.920041e+00 2.291079e+00 1.893594e+00 2.580855e-01 8.169439e-01 4.437099e-01
-1.200428e+00 3.926288e-01 9.146414e-01 7.740237e-01 -9.804076e-01 2.231071e-01 4.562308e-01 3.969501e-01 -3.907551e-01 -1.058931e+00 -1.298810e+00 1.149177e+00
-8.849374e-01 1.377224e+00 1.768112e+00 1.233903e+00 -1.014656e+00 -1.117661e+00 -7.027406e-01 -3.808242e-02 -1.085070e+00 -7.641961e-02 -1.870178e+00 2.280486e+00
-2.438417e-01 8.755623e-01 5.460539e-01 5.996175e-01 5.540018e-01 6.979259e-01 3.393826e-01 -1.392861e+00 -6.659586e-01 -7.213505e-01 -5.447750e-01 -4.369178e-01
-1.016786e-01 8.620308e-01 7.909163e-01 3.957060e-01 7.498732e-01 7.427714e-01 -3.491241e-01 -1.186745e+00 -1.412478e+00 -1.687238e-01 -6.670941e-01 -6.022929e-01
5.899094e-01 9.743575e-01 9.727966e-01 -4.315612e-01 -5.282522e-01 -1.159931e+00 -3.616355e-01 -2.493812e+00 -6.440548e-01 -1.397014e+00 2.119720e-01 1.391352e+00
3.061895e-02 1.174772e+00 9.285248e-01 3.587731e-01 1.311143e+00 -2.999575e-01 -1.177731e+00 -3.943349e-01 -2.152750e+00 4.264369e-02 -1.112751e+00 -2.818933e-01
-2.182804e-01 9.845089e-01 1.413640e+00 3.689635e-01 1.791161e+00 -2.471488e-01 -1.061086e+00 -5.536388e-01 -1.676660e+00 -7.529020e-01 1.259028e-01 -1.346364e+00
-9.524383e-02 -3.879922e-01 3.304721e-01 -4.368431e-01 -1.030338e-01 -1.174273e+00 -1.000384e+00 -1.744958e+00 -6.302208e-01 -5.001239e-01 -2.133301e+00 -8.769295e-01
2.256108e-01 3.160796e-01 1.353991e+00 -6.424276e-01 1.998978e-01 -2.803892e-01 -9.452976e-01 -2.397051e+00 4.691636e-01 -6.894732e-02 9.373944e-01 9.868316e-02
-7.537206e-01 1.404702e+00 1.310106e+00 1.393125e-01 1.059328e+00 5.594249e-01 9.004219e-01 -9.941190e-01 -1.005731e+00 1.581010e+00 1.324036e+00 2.157581e+00
1.441610e-01 -8.990370e-01 -6.264191e-01 -9.696837e-02 -2.549009e-02 -3.681344e+00 4.623567e+00 1.227900e-01 -9.975384e-01 -4.391483e-01 -2.384504e+00 7.275245e-01
9.687376e-03 1.718846e+00 9.104079e-01 6.099540e-01 1.696205e+00 -1.238153e+00 -1.070399e+00 -2.584227e-01 -2.599827e+00 3.530025e-02 -5.379775e-01 -9.860858e-01
-5.145289e-01 1.335500e+00 -9.500651e-01 6.989828e-01 4.087289e+00 2.683978e+00 6.367952e-01 -5.527061e-01 -2.172229e+00 2.218836e+00 1.236160e+00 -1.930791e+00
3.169065e-02 5.266124e-01 7.886391e-01 8.284874e-01 5.535812e-02 1.861252e+00 -5.584785e-01 8.639116e-01 -2.562151e-01 -4.312685e-01 -6.022145e-01 -1.051944e+00
-2.880465e-01 1.004525e+00 -1.570539e+00 1.213725e+00 3.644351e+00 1.910698e+00 -8.882689e-02 -7.202698e-01 -4.239951e-01 -1.056881e-02 -1.818860e+00 -2.949177e+00
-4.494076e-01 2.031003e+00 2.841819e-01 -2.662507e-01 2.717942e+00 2.627286e-01 -5.374628e-01 1.462367e+00 2.631060e+00 4.859367e-01 -2.020935e+00 -8.414236e-01
-5.650772e-01 1.218249e+00 -8.470875e-01 -9.832369e-01 2.293467e+00 1.284732e+00 1.466967e+00 -2.154436e+00 -3.691174e+00 2.356213e+00 3.026603e+00 8.120250e-01
-2.800991e-01 4.575089e+00 -1.461949e+00 -2.808970e+00 -1.747382e+00 1.308510e+00 7.082896e-01 -1.081774e+00 -6.100302e-01 1.928896e-01 5.625464e+00 7.899491e-01
7.401205e-01 -3.506259e-01 1.160414e+00 -5.064662e-01 -6.377278e-01 -1.088426e+00 -6.338583e-01 -5.091233e-01 -2.218897e-01 5.563926e-02 -1.075451e+00 -9.970170e-01
6.688389e-01 3.664722e-01 -1.032987e+00 1.011607e+00 2.916086e+00 1.897097e+00 4.945107e-01 -1.190577e-01 2.221240e+00 -3.249551e+00 -2.660505e+00 -2.626886e-01
5.450800e-01 1.145952e+00 -7.759486e-01 1.821796e+00 3.632442e+00 1.848414e+00 -4.447888e-01 -1.789918e+00 1.900773e-02 -2.991162e+00 -3.668350e+00 -1.765889e+00
-1.649239e+00 3.491180e+00 2.240734e+00 7.633227e-01 2.711775e+00 6.864091e-01 2.037257e+00 1.983323e+00 2.227086e+00 -2.559862e-02 -1.543620e+00 -1.046198e+00
-1.736588e+00 3.822287e+00 3.765508e+00 4.414718e-01 -1.257199e+00 -2.136590e+00 -1.993329e+00 5.391380e-01 -7.756642e-01 4.369832e-01 1.514565e+00 9.020125e-01
1.215747e+00 3.436074e-01 -2.540114e+00 -8.521215e-01 4.377959e-01 2.704877e+00 1.688483e+00 -5.173164e-01 7.020606e-01 -2.010126e+00 1.062405e-01 4.677688e-01
2.057234e+00 2.297604e-01 -2.307328e+00 -2.979961e-01 -2.184399e+00 8.604593e-01 6.858972e-01 1.464297e+00 6.884796e-01 -1.036005e+00 -8.089381e-01 -1.108647e+00
-2.402785e-01 2.103958e+00 -7.447441e-01 6.059361e-02 1.833581e+00 -8.976702e-02 2.192823e+00 1.638209e+00 -2.410636e+00 2.730989e+00 -2.354953e+00 -9.968361e-01
-1.786739e+00 -2.849823e+00 -3.870858e+00 -2.402181e+00 -1.004299e+00 5.316234e-02 1.590853e+00 1.364915e+00 3.037382e+00 3.856844e+00 2.743572e+00 2.218292e+00
6.754391e-01 -1.251960e+00 1.130679e+00 -1.349586e+00 5.191275e-01 -5.620562e-01 -2.974582e-02 -2.234959e-01 3.640500e-01 8.729302e-01 -2.455305e+00 -2.381865e-01
2.324933e+00 -5.440823e-01 -1.415168e+00 8.185924e-01 -3.650822e+00 -7.892596e-01 -2.892287e-01 1.018575e+00 5.932885e-01 5.927901e-01 -1.709971e+00 -2.721498e+00
-2.306358e+00 5.345416e+00 4.063610e+00 7.503556e-01 7.808877e-01 -1.048052e+00 -6.381925e-01 1.758539e+00 1.792900e+00 1.108729e+00 -2.765992e-01 -1.804023e-01
1.387244e+00 3.180008e-02 -1.207652e-01 1.714981e-01 -3.912567e+00 -3.972937e-01 -4.068604e-01 7.992507e-01 7.144801e-02 5.426500e-01 -1.887575e+00 -2.710858e+00
5.871447e-01 1.879770e+00 -7.971324e-01 -4.641499e-01 -6.519350e-01 2.511331e+00 2.366195e-01 1.201826e+00 4.844017e-02 1.933785e+00 3.162308e+00 -5.806519e-01
-2.458573e-01 2.578014e+00 -1.043824e+00 -6.015717e-01 4.129508e+00 -1.432904e-01 4.199549e+00 1.881105e+00 -1.289850e+00 2.450352e+00 -3.987715e+00 -1.137802e+00
-1.665028e+00 -9.764539e-01 -5.700387e+00 -7.901967e-01 2.158104e+00 1.534414e+00 1.543337e+00 -6.850054e-01 1.371671e+00 2.040831e+00 1.573398e+00 1.899151e+00
-2.232501e-01 3.856452e+00 -2.467507e+00 -3.612113e-01 7.615686e+00 -6.962932e-01 4.046112e+00 1.576530e+00 -6.150488e-01 1.741005e+00 -3.987767e+00 -9.988009e-01
6.066040e-01 4.894258e+00 -6.008155e-02 -3.116795e+00 -1.223773e+00 4.612815e+00 5.149788e-01 2.158140e-01 2.184141e+00 1.395530e+00 6.468732e+00 1.360027e+00
-3.269979e-01 2.787511e+00 -4.076187e+00 -5.902821e-01 6.882021e+00 9.023727e-01 3.574543e+00 -3.190627e-01 5.226259e-02 2.834235e-01 -2.681903e+00 -1.563025e+00
1.323791e+00 3.757487e+00 -9.052587e-03 1.124987e+00 -6.608658e-01 5.468827e-01 3.540990e+00 -2.735325e-01 4.361250e+00 -2.976925e+00 -5.591423e-01 6.745005e-01
-9.618748e-01 8.179170e-01 -5.173654e+00 -1.360988e-01 5.397865e+00 1.758730e+00 2.623149e+00 -1.695921e+00 7.682964e-01 -5.133487e-01 -9.093204e-01 1.243567e-01
2.441630e+00 3.852380e+00 -4.482309e-01 3.792364e+00 -7.895275e-01 2.271390e+00 8.087547e-01 1.400190e-01 4.989686e+00 -2.488942e+00 -1.016279e+00 -1.456051e+00
