1.119790e+01 -1.267992e+01 -8.746990e+00 -8.711537e+00 -3.652692e+00 -1.500821e+00 3.581340e+00 -2.524259e+01 -2.418045e+00 -6.504883e+00 -9.842098e+00 -6.238556e+00
1.212781e+01 -1.202146e+01 -6.522580e+00 -7.971979e+00 5.462816e-01 -1.106073e-01 6.340151e+00 -2.219099e+01 -2.006070e+00 -3.307058e+00 -7.419036e+00 -4.263846e+00
1.166045e+01 -1.202802e+01 -1.048876e+01 -7.667467e+00 -5.585805e+00 -1.731973e+00 3.391743e+00 -2.703086e+01 -1.456405e+00 -7.286266e+00 -1.139981e+01 -5.668918e+00
1.056109e+01 -1.243452e+01 -7.344767e+00 -8.776240e+00 -4.744729e-01 7.837296e-03 4.210919e+00 -2.361615e+01 -3.464247e+00 -4.220046e+00 -9.015972e+00 -6.504898e+00
1.207386e+01 -1.190452e+01 -1.077626e+01 -7.023569e+00 -8.071764e+00 -1.648382e+00 2.914793e+00 -2.713376e+01 1.057829e+00 -8.772503e+00 -1.086342e+01 -5.504922e+00
1.077530e+01 -1.200490e+01 -4.023960e+00 -9.071731e+00 2.557386e+00 1.375851e+00 6.018760e+00 -1.987292e+01 -2.733252e+00 -2.573623e+00 -6.437687e+00 -5.080935e+00
1.117641e+01 -1.228750e+01 -3.296791e+00 -8.288546e+00 3.301569e+00 2.152218e+00 6.522628e+00 -1.927812e+01 -2.212086e+00 -5.110526e-01 -6.928005e+00 -4.200404e+00
1.296474e+01 -1.108212e+01 -1.118695e+01 -5.802505e+00 -1.138395e+01 -3.869883e-01 2.408806e+00 -2.648226e+01 3.779636e+00 -1.055773e+01 -1.002132e+01 -4.579895e+00
1.090639e+01 -1.324551e+01 -4.025921e+00 -8.945483e+00 1.315419e+00 2.585685e-01 5.738433e+00 -2.136686e+01 -2.642191e+00 -3.778135e+00 -7.189664e+00 -5.761390e+00
1.058282e+01 -1.381634e+01 -3.505607e+00 -6.332692e+00 9.194279e-01 9.115152e-01 4.594419e+00 -1.807014e+01 -7.260153e-01 -3.469779e-01 -7.598700e+00 -3.553793e+00
9.900841e+00 -1.225025e+01 -5.599601e+00 -7.768563e+00 1.675276e-01 8.752406e-01 4.359716e+00 -2.008617e+01 -4.345969e+00 -2.452940e+00 -8.418075e+00 -5.225851e+00
1.109110e+01 -1.327667e+01 -2.482472e+00 -8.367978e+00 3.340656e+00 1.935987e-01 7.468308e+00 -2.052551e+01 -4.627347e-02 -1.745553e+00 -6.499180e+00 -3.648615e+00
1.008016e+01 -1.414937e+01 -3.520000e+00 -5.737550e+00 -2.924452e-01 8.003352e-01 3.128318e+00 -1.755343e+01 1.114903e+00 -1.416157e+00 -7.606074e+00 -4.167493e+00
1.073264e+01 -1.414753e+01 -3.963119e+00 -4.161934e+00 -2.007200e+00 1.327682e+00 4.957037e+00 -1.935645e+01 4.001574e+00 -2.223870e+00 -8.068268e+00 -1.951338e+00
1.457652e+01 -8.906843e+00 -8.875119e+00 -7.332324e+00 -1.049181e+01 2.192212e+00 2.675804e-01 -1.861662e+01 4.763359e+00 -1.170887e+01 -5.656488e+00 -5.920482e+00
1.165221e+01 -1.354774e+01 -4.483776e+00 -1.640615e+00 -3.780224e+00 3.111719e+00 4.380423e+00 -1.727147e+01 5.975464e+00 -3.183763e+00 -8.868367e+00 7.311332e-02
1.193037e+01 -1.350610e+01 -3.796640e+00 -2.054708e+00 -4.203599e+00 2.275934e+00 3.825851e+00 -1.501628e+01 7.589489e+00 -7.857906e+00 -6.913495e+00 -2.056488e-01
1.465367e+01 -6.269587e+00 -8.428658e+00 -8.586844e+00 -1.064739e+01 1.654996e+00 -1.290987e+00 -1.472318e+01 4.257431e+00 -1.104901e+01 -1.408144e+00 -7.914330e+00
1.162495e+01 -1.243841e+01 -2.779507e+00 -1.650711e+00 -5.456735e+00 2.480073e+00 2.222585e+00 -1.014114e+01 8.707264e+00 -1.235434e+01 -5.491715e+00 1.584443e+00
1.229105e+01 -1.257872e+01 -1.444847e+00 -1.337321e+00 -6.294946e+00 -5.128188e-01 1.817526e+00 -5.817966e+00 8.576157e+00 -1.629685e+01 -1.698419e+00 -1.908047e-01
1.226820e+01 -1.132451e+01 -2.798090e-01 -1.037524e+00 -7.551306e+00 -2.661984e+00 1.531375e+00 -1.683007e+00 8.644594e+00 -1.636092e+01 -1.205113e+00 -7.422101e-01
1.324968e+01 -1.027458e+01 1.402443e+00 1.895220e-01 -1.165159e+01 -3.150455e+00 -1.253193e+00 2.158312e+00 7.927155e+00 -1.599879e+01 1.186947e+00 -3.065945e+00
1.544406e+01 -3.708570e+00 -9.100966e+00 -6.256079e+00 -1.327391e+01 2.419416e+00 -4.505963e+00 -1.603435e+01 2.456222e+00 -1.111616e+01 -2.769278e+00 -9.261800e+00
1.389171e+01 -9.111959e+00 2.732572e+00 2.216261e+00 -1.598909e+01 -2.817811e+00 -4.474389e+00 5.815953e+00 7.611720e+00 -1.607263e+01 6.953198e+00 -8.240187e+00
1.417842e+01 -7.618776e+00 4.392241e+00 1.852706e+00 -1.778700e+01 -4.803944e+00 -6.554802e+00 6.787768e+00 7.055362e+00 -1.417379e+01 9.463842e+00 -8.390400e+00
1.507312e+01 -5.999755e+00 6.283227e+00 1.043846e+00 -1.629274e+01 -6.723552e+00 -1.094522e+01 7.247725e+00 3.698871e+00 -9.068937e+00 1.089474e+01 -9.127314e+00
1.521827e+01 -2.623792e+00 7.148714e+00 1.592174e+00 -1.277481e+01 -8.599038e+00 -1.321927e+01 4.788386e+00 7.838924e-01 -4.123960e+00 6.915676e+00 -5.456228e+00
1.521529e+01 9.177909e-01 8.552868e+00 1.071435e+00 -1.147242e+01 -4.906209e+00 -1.437626e+01 4.700348e+00 -2.310854e+00 -4.346437e+00 4.456439e+00 -7.877638e+00
-6.894223e+00 -8.105617e-01 -1.038041e+00 -1.326993e+01 4.835867e-01 -1.675619e+00 -7.246373e+00 7.469689e+00 -9.730028e+00 3.245541e+00 -4.987801e+00 5.004423e+00
2.460786e+00 -8.043198e+00 -3.179927e+00 1.747782e+00 -5.465139e+00 -3.485437e+00 7.818950e-01 2.534276e+00 2.878172e+00 4.574471e+00 3.180746e+00 3.418582e+00
-6.894177e+00 -1.105048e+00 -6.179230e-01 -1.222878e+01 1.302816e+00 -1.528440e+00 -6.896423e+00 6.825511e+00 -9.815783e+00 3.439522e+00 -4.367107e+00 4.158334e+00
1.314941e+01 6.376700e+00 1.075528e+01 3.455225e+00 -8.733182e+00 -6.096960e+00 -1.019778e+01 4.389963e+00 -3.315043e+00 -3.796725e+00 -1.903318e+00 -8.410575e+00
8.352743e+00 3.374305e+00 -1.790857e-01 -4.820027e-01 -3.653153e+00 1.285897e+00 -2.401939e+00 -8.119925e+00 -1.364423e+00 -4.235309e+00 1.428142e+00 -4.887294e+00
-3.642340e-01 -2.567101e+00 -2.773304e+00 3.351140e+00 -2.507524e+00 -1.817006e+00 -8.099275e-01 2.797332e+00 -9.073986e-01 5.433356e+00 1.874724e+00 -8.340790e-01
-9.984511e+00 -5.302906e-03 -2.516382e+00 2.671689e+00 5.914239e-01 -1.815225e+00 6.624962e-02 1.031419e+01 1.592327e+00 1.288615e+00 -7.816858e-01 1.961009e+00
-7.327296e+00 2.177481e+00 2.012379e+00 2.193659e+00 2.058671e+00 -1.856217e+00 -2.105134e+00 8.396846e+00 -8.893757e-01 1.954029e+00 2.889681e+00 5.082406e+00
-6.636143e-02 6.160854e+00 1.786757e-02 4.174400e+00 -2.969843e+00 8.025906e-01 7.178954e-01 5.825359e+00 -9.147294e-01 8.603835e-02 -4.211155e+00 -4.580342e-01
7.376163e+00 1.474905e+01 1.007658e+01 1.057568e+01 3.123087e+00 -3.122817e+00 -4.225867e+00 3.655055e-01 -7.766224e+00 -4.233849e-01 -7.068797e+00 -6.407941e+00
-7.362569e+00 -2.713776e-02 1.270607e+00 5.367322e+00 -8.911501e-01 -1.819724e+00 -4.515584e+00 1.429239e+00 -8.334345e+00 -7.454219e-01 2.539856e+00 3.648630e+00
-8.088589e-01 -8.295751e-01 7.744961e+00 4.623901e+00 3.598928e+00 -2.210813e+00 -1.901769e+00 1.699212e+01 6.277402e+00 1.476362e+00 -2.658289e+00 6.630248e+00
-2.051618e+00 2.115957e+00 6.321214e+00 2.385964e+00 2.210208e+00 -5.561167e+00 4.322733e-02 1.261940e+01 -1.205179e+00 -3.176309e+00 1.828036e-01 2.873770e+00
-7.595517e+00 -2.587369e+00 1.167087e+00 5.376875e-01 5.363705e+00 2.090869e-01 -7.630961e+00 -3.720376e+00 7.423971e-01 2.675676e+00 -3.537422e+00 -3.123235e+00
-8.939649e+00 4.130756e+00 1.815328e+00 1.402708e-01 -6.208307e+00 -3.659970e-01 -1.991531e+00 5.564949e+00 -3.163107e+00 -5.843396e-01 7.598591e-02 1.759825e+00
-1.068356e+01 -2.923323e+00 2.934209e+00 -6.434581e+00 3.864492e+00 -2.181389e+00 -3.232487e+00 -5.502319e+00 -4.798862e+00 6.792855e+00 -1.981929e+00 -1.426083e+00
-2.971354e+00 4.135772e+00 5.429976e+00 2.163893e+00 1.770200e+00 -3.480978e+00 -5.497935e-01 9.219131e+00 3.995848e-01 1.479087e+00 -7.658958e-03 3.730458e+00
1.022874e+00 1.050784e+00 3.281291e+00 2.469194e+00 7.135327e-01 -9.985772e-01 -1.479411e+00 9.057199e+00 1.195601e+00 1.347715e+00 -5.325239e+00 2.331704e+00
1.396488e+00 1.591927e+00 1.143671e+00 5.686576e+00 -3.982973e-02 -4.296111e+00 -6.736031e+00 5.409547e+00 1.788905e+00 -4.728164e+00 -5.354039e+00 3.200103e+00
-7.609103e+00 5.219882e+00 1.356779e+00 1.766355e+00 -4.303630e+00 -8.581593e-01 -4.283346e-01 3.042610e+00 -4.613699e+00 1.494628e+00 2.250139e+00 3.838145e-01
-4.830623e+00 1.442733e+00 2.112387e+00 5.975181e+00 -3.064707e+00 -5.539954e+00 -2.803335e+00 1.034332e+01 -5.203390e+00 -5.180787e+00 -3.758400e+00 -2.998067e+00
-8.981685e+00 1.180009e+00 7.249494e+00 -2.927321e+00 5.834567e+00 -9.511148e-01 -2.217686e+00 4.202054e+00 3.134127e-01 7.662882e-01 -5.316454e+00 5.615737e+00
-5.726153e+00 -1.072581e+00 4.636887e+00 4.834708e+00 6.138466e+00 -1.305130e+00 -7.618491e+00 5.125028e+00 7.751762e+00 -2.387910e+00 -4.607315e+00 8.476730e+00
1.013835e+00 1.317457e+01 9.325764e+00 8.099605e+00 1.597671e+00 4.679083e+00 4.322503e+00 7.086828e-01 -8.300360e+00 -6.460278e-01 -3.945191e-01 2.843411e+00
-7.327123e+00 4.255384e+00 2.751129e+00 3.778930e+00 -6.709329e-01 1.039673e+00 -2.963586e+00 4.141962e+00 -3.619397e+00 2.016101e+00 3.717813e+00 4.943915e+00
1.522424e+00 4.994496e+00 4.411073e+00 3.110366e+00 1.602728e+00 2.588904e-01 -1.649526e+00 7.934692e+00 2.924996e+00 -3.534169e+00 -6.723896e+00 5.953637e+00
-4.546221e+00 5.701326e+00 -3.688987e+00 9.707301e-01 2.688597e+00 7.029097e+00 6.125564e+00 1.121337e+01 3.100483e+00 8.175005e+00 1.056789e+01 6.098695e+00
-4.317785e+00 6.066818e+00 3.568878e+00 3.029093e+00 3.095670e+00 3.926292e+00 2.854035e+00 4.377824e+00 -7.870812e+00 1.103446e+00 -5.074551e-01 -3.678789e+00
-5.591329e+00 -1.595903e+00 -3.738107e+00 1.045598e+01 1.579349e+01 6.976559e-01 -8.930515e-02 7.207591e+00 3.284026e+00 4.759111e+00 1.661529e+00 -1.034013e+00
-8.322697e-01 4.763512e+00 3.063685e+00 6.099319e+00 5.650938e+00 3.316573e+00 -1.293854e+00 8.839915e+00 -3.997152e-01 -7.477328e+00 -6.500843e+00 4.775189e+00
-6.810819e+00 5.569044e+00 2.350029e+00 3.854600e+00 2.075561e+00 3.041058e+00 1.341689e+00 1.168109e+01 4.448476e+00 4.001860e+00 -2.168417e+00 -2.857319e-01
-7.150367e+00 3.938456e+00 1.506104e+00 1.782467e+00 3.515363e+00 5.052607e+00 2.771281e+00 7.541677e+00 1.333441e+00 3.436860e+00 1.874536e+00 2.401501e+00
-3.825132e+00 6.646318e+00 1.143615e+00 2.068388e+00 5.911851e+00 -8.265815e-01 -1.511977e+00 5.426001e+00 3.294249e+00 9.548574e+00 6.900803e+00 6.607656e+00
-2.587109e+00 8.846087e+00 2.215085e+00 3.718306e+00 7.265009e+00 6.312208e+00 3.173477e+00 7.658937e+00 -1.184450e+00 3.735266e+00 3.929242e+00 1.071995e+01
-5.739552e+00 7.327534e+00 6.231904e-02 4.750129e+00 6.006100e+00 2.392053e+00 2.037206e+00 9.545313e+00 3.505710e+00 8.308428e+00 7.141426e+00 4.691825e+00
-6.196235e+00 5.256202e+00 -2.766657e-01 4.444726e+00 9.434285e+00 1.948279e+00 5.510284e-01 6.686231e+00 -4.971130e+00 2.525053e+00 8.682752e-01 -2.947101e+00
-5.993545e+00 7.804480e+00 2.329203e+00 -1.172392e+00 1.264952e+00 -1.256475e-01 3.298279e-01 4.475431e+00 -2.336174e+00 5.891654e+00 6.867906e+00 3.790181e+00
-6.715041e+00 2.627865e+00 -2.096207e+00 1.396028e+00 5.440635e+00 3.208621e+00 -8.048119e-01 -7.230372e-01 -5.104385e+00 -1.724823e+00 1.034910e+00 -2.992670e+00
-2.286987e+00 7.009784e+00 -2.228240e+00 2.599977e+00 4.721647e+00 -3.280127e-02 -2.537656e+00 -3.528979e-01 -1.661537e+00 6.380115e+00 2.887774e+00 -2.800887e-01
-7.870454e+00 2.871817e+00 -1.163931e+00 -3.689171e-01 4.288281e+00 5.303721e+00 2.169768e+00 4.015323e+00 -1.811077e+00 5.895198e+00 8.862535e+00 5.615771e-03
-6.791305e+00 5.180587e+00 9.349821e-01 -5.749443e-01 2.213903e+00 1.601618e+00 8.730842e+00 1.109561e+01 -3.199749e-01 3.243447e+00 -1.476454e+00 1.569996e+00
-5.982839e+00 7.335371e+00 2.948549e+00 2.254581e+00 2.079057e+00 -2.963395e-01 -1.266979e+00 -1.829944e+00 -7.591419e+00 2.801816e-01 7.831125e-01 2.506115e-01
-6.054259e+00 5.859293e+00 2.730479e+00 2.928186e+00 3.060514e+00 -8.883435e-01 3.316016e-01 5.364060e+00 -3.515188e+00 1.052492e+00 2.079988e-01 -2.014756e+00
-6.973699e+00 3.687465e+00 -7.144570e-01 -3.393700e-01 5.581034e+00 3.844450e-01 5.933019e+00 1.259909e+01 1.035410e+01 1.304320e+01 5.131173e+00 3.360894e+00
-6.359828e+00 4.726914e+00 -2.141416e+00 3.003061e+00 8.527187e+00 4.651805e+00 3.662121e-03 7.760393e+00 -1.657212e+00 -1.082830e-01 4.251302e+00 1.935109e+00
-6.214877e+00 3.803389e+00 -7.841611e-02 1.430229e+00 3.402425e+00 2.338924e+00 -5.227398e-01 4.686065e+00 -1.390100e+00 7.868992e+00 6.276707e+00 5.724604e+00
-6.885520e+00 5.913287e+00 1.024886e+00 1.649868e-01 2.430412e+00 3.738279e-01 1.298891e+00 6.917584e+00 2.936976e+00 8.416559e+00 8.970138e+00 3.216708e+00
-7.125703e+00 6.508695e+00 -1.418579e-01 -1.815126e+00 2.986165e+00 -3.912576e-01 -3.681282e+00 2.255048e+00 -2.851243e+00 4.430307e+00 6.551690e+00 3.137141e+00
-5.742585e+00 6.509367e+00 1.279278e-01 -3.136677e-01 2.433823e+00 -2.523569e+00 2.686265e+00 6.444618e+00 -1.757349e+00 3.474737e+00 4.118323e+00 6.383183e+00
-5.487659e+00 5.221099e+00 1.668088e+00 -9.374115e-01 -3.278471e+00 -3.501363e+00 -9.970469e-01 4.699535e+00 2.298205e+00 8.912483e+00 3.671451e+00 2.507421e+00
-8.280280e+00 6.343012e+00 4.332459e+00 5.126669e+00 3.514970e+00 1.237926e+00 2.809235e-01 2.606243e+00 -6.412779e+00 1.114845e-03 -2.059656e+00 2.491554e-01
-5.876248e+00 3.900135e+00 2.400784e-01 1.284969e-02 2.794745e+00 2.785110e+00 3.633416e+00 4.631736e+00 8.282065e-02 1.232605e+01 7.630894e+00 -1.206011e-01
-5.202347e+00 6.537029e+00 1.340258e+00 1.238831e+00 3.412951e+00 1.044099e+00 1.258045e+00 8.280885e+00 4.762118e-01 6.328269e+00 -6.797552e-03 7.485007e-01
-6.292180e+00 5.438804e+00 -1.409944e+00 3.107143e+00 7.338453e+00 6.028946e+00 6.928166e+00 1.095706e+01 1.591547e+00 3.361319e+00 3.878126e+00 2.041642e+00
-6.808517e+00 3.369202e+00 -1.690824e+00 7.862461e-01 2.218670e+00 -1.802856e+00 -6.381809e-01 6.686490e+00 -5.513149e+00 9.486938e-02 9.215508e-01 -2.235698e+00
-7.626302e+00 4.876180e+00 4.447122e-01 -1.871631e+00 -2.522426e-01 -1.125381e+00 -6.081822e+00 -4.662796e+00 -7.320741e+00 -3.018096e+00 2.490273e-01 2.172356e+00
-5.826854e+00 6.664938e+00 2.965137e+00 6.180044e+00 6.854081e+00 3.371276e+00 1.466675e+00 7.748463e+00 1.420839e+00 6.261327e+00 4.663607e+00 7.704127e-01
-6.974391e+00 6.908758e+00 1.154375e+00 2.399601e+00 -1.645421e-01 -5.931451e-01 2.082071e+00 4.500394e+00 3.194465e+00 6.089680e+00 3.479676e+00 9.389095e-01
-7.222417e+00 4.662749e+00 3.052620e+00 1.180509e+00 3.529228e+00 1.212738e+00 1.594612e-01 3.690025e+00 7.141089e-02 3.798769e+00 3.905258e-01 -4.038094e-01
-6.374421e+00 4.274709e+00 -3.736312e-01 -9.233488e-01 8.739436e-01 -3.577955e-01 1.309828e-01 3.469024e+00 1.317747e+00 7.129117e+00 4.074923e+00 1.585297e+00
-7.112554e+00 5.945310e+00 8.216269e-01 1.254022e+00 3.015241e+00 6.729241e+00 6.404994e+00 7.107544e+00 1.200362e+00 4.718618e+00 3.572397e+00 4.024714e+00
-7.208224e+00 4.488670e+00 1.032204e+00 2.325261e+00 1.235369e+00 -7.882839e-01 -3.889889e+00 2.575096e+00 -2.621294e+00 1.486587e+00 2.584276e+00 1.000149e+00
-6.757037e+00 5.204537e+00 -6.042676e-01 9.857644e-01 1.544319e+00 1.723154e+00 2.240697e+00 5.404729e+00 2.824855e-02 4.945735e+00 3.628645e+00 5.771843e-01
-7.030484e+00 2.991044e+00 -1.613045e+00 -1.112931e+00 2.895033e+00 2.471059e+00 2.159225e+00 2.439975e+00 2.121523e+00 8.778984e+00 9.413260e+00 6.520124e+00
-5.666532e+00 4.212021e+00 -1.840163e+00 1.718539e+00 1.002590e+00 -1.828919e+00 6.609882e-01 6.678038e+00 4.884960e+00 8.560999e+00 6.945392e+00 5.135958e+00
-5.288795e+00 5.545331e+00 2.011189e+00 4.216784e+00 3.733584e+00 -1.813585e+00 -5.000422e+00 2.464916e+00 -6.864214e-02 3.142414e+00 7.801211e-01 9.020827e-01
-6.471808e+00 5.157748e+00 3.624799e+00 3.628575e+00 4.551425e+00 6.593857e+00 5.512482e+00 1.057647e+01 6.712883e-01 2.328930e-01 5.899816e-01 -6.169233e-01
-6.897941e+00 3.778519e+00 -4.003942e+00 5.550021e-01 1.288821e+00 -4.759184e+00 1.680867e+00 5.743717e+00 3.611330e+00 5.374506e+00 1.861594e-01 8.626504e-01
-6.194333e+00 3.638290e+00 -3.081062e-01 -8.729424e-01 5.186822e-01 -3.560654e-01 -8.042006e-01 5.526386e-01 -6.776042e-01 3.029904e+00 7.665568e+00 3.508466e+00
-5.141683e+00 7.560014e+00 2.666324e+00 2.747402e+00 2.306323e+00 -5.581083e+00 -3.097853e+00 5.676509e-01 -2.451389e+00 3.352012e+00 4.797512e+00 1.177530e+00
-5.559531e+00 4.670399e+00 -1.306673e+00 4.961222e-01 2.864697e+00 -6.656554e-01 3.600666e+00 2.584834e+00 -3.809141e+00 5.676870e+00 5.146935e+00 3.291276e+00
-7.081098e+00 4.414553e+00 -1.289001e+00 1.835621e-01 3.576180e+00 3.690666e+00 4.289781e+00 6.057778e+00 2.505342e+00 3.932962e+00 5.854936e+00 1.542337e+00
