8.389834e+00 -9.423811e+00 -7.708287e+00 -9.593408e+00 -3.063194e+00 7.426202e+00 -3.208234e+00 -1.482466e+01 -8.469725e-02 -5.268339e+00 -4.253812e+00 -1.003291e+01
7.588221e+00 -9.870403e+00 -7.284416e+00 -9.507629e+00 6.115496e-02 7.487180e+00 -3.562951e+00 -1.513406e+01 -8.749783e-01 -8.440390e+00 -4.045235e+00 -9.191799e+00
7.639252e+00 -9.633558e+00 -7.395339e+00 -7.977495e+00 1.627247e+00 7.400989e+00 -2.723336e+00 -1.769861e+01 -2.932353e-01 -6.557381e+00 -8.485586e+00 -6.147608e+00
7.312939e+00 -9.548677e+00 -5.227483e+00 -9.568134e+00 3.019533e+00 7.227368e+00 -1.765573e+00 -1.417603e+01 -1.125839e+00 -5.829631e+00 -6.633480e+00 -5.696578e+00
7.877407e+00 -8.436707e+00 -5.981439e+00 -6.438037e+00 4.353024e+00 9.176313e+00 -3.294820e+00 -1.562180e+01 2.237176e+00 -5.168091e+00 -6.739921e+00 -4.276404e+00
8.977103e+00 -8.786453e+00 -7.578842e+00 -7.785743e+00 -8.635856e+00 7.739683e+00 -5.134379e+00 -1.117997e+01 2.744334e+00 -5.344528e+00 -2.185272e+00 -1.244243e+01
9.285282e+00 -9.351429e+00 -5.284934e+00 -4.689556e+00 3.615268e+00 1.151033e+01 -5.453062e+00 -1.343623e+01 1.357584e+00 -3.507213e+00 -6.537210e+00 -3.460604e+00
8.479917e+00 -9.073574e+00 -6.624555e+00 -4.847289e+00 2.348590e+00 9.018270e+00 -5.394444e+00 -1.599227e+01 6.132584e-01 -5.091192e+00 -7.420740e+00 -3.597598e+00
8.603869e+00 -9.986650e+00 -6.006979e+00 -4.907749e+00 2.517111e+00 7.692828e+00 -5.526470e+00 -1.634615e+01 1.041456e+00 -6.723958e+00 -6.717916e+00 -3.897671e+00
6.943048e+00 -1.116656e+01 -3.029132e+00 -5.832967e+00 4.650886e+00 6.973882e+00 -5.792120e+00 -1.391671e+01 4.438385e+00 -4.147198e+00 -6.643500e+00 -1.856918e+00
7.019769e+00 -1.041911e+01 -3.313428e+00 -5.696929e+00 5.379515e+00 6.641344e+00 -4.939769e+00 -1.480943e+01 4.785004e+00 -4.969937e+00 -5.702561e+00 -2.537161e+00
7.798445e+00 -9.703920e+00 -3.350254e+00 -5.323602e+00 6.234972e+00 5.991899e+00 -3.204254e+00 -1.551285e+01 5.474472e+00 -4.499673e+00 -5.965221e+00 -1.186019e+00
7.962428e+00 -8.924229e+00 -5.248959e+00 -3.779819e+00 2.948193e+00 9.748115e+00 -6.060561e+00 -1.318429e+01 1.058377e+00 -4.812461e+00 -6.575069e+00 -1.592326e+00
6.751053e+00 -1.030765e+01 -2.893583e+00 -5.041717e+00 4.916492e+00 5.719462e+00 -1.408405e+00 -1.505938e+01 6.599208e+00 -5.108879e+00 -3.944649e+00 -2.365015e+00
7.126068e+00 -1.055523e+01 -3.840120e+00 -2.989604e+00 3.032981e+00 3.535451e+00 1.167240e+00 -1.232410e+01 3.741612e+00 -4.236137e+00 -5.677617e+00 -2.127715e+00
7.954747e+00 -9.978193e+00 -3.524740e+00 -5.655651e+00 4.895430e+00 7.094167e+00 -4.101811e+00 -1.590477e+01 4.742949e+00 -5.386826e+00 -5.944985e+00 -1.034309e+00
8.690877e+00 -9.700762e+00 -3.723177e+00 -4.313136e+00 3.674912e+00 9.562387e+00 -5.625985e+00 -1.302743e+01 2.200492e+00 -3.783506e+00 -6.490792e+00 -2.522529e-01
6.550252e+00 -9.678684e+00 -3.593969e+00 -3.447559e+00 3.940496e+00 4.463705e+00 5.445156e-01 -1.317422e+01 3.673051e+00 -3.749782e+00 -4.193310e+00 -3.355605e+00
8.015402e+00 -1.025324e+01 -4.626064e+00 -7.784035e-01 1.401039e+00 3.158028e+00 1.813527e+00 -1.005533e+01 4.632672e+00 -5.825856e+00 -6.476645e+00 -5.556802e-01
1.063183e+01 -7.279550e+00 -7.285034e+00 -8.043049e+00 -1.513882e+01 7.114486e+00 -5.603577e+00 -1.238554e+01 3.912423e+00 -6.565776e+00 1.310249e+00 -1.613515e+01
8.854167e+00 -9.946226e+00 -5.284957e+00 8.533443e-01 -5.193814e-01 3.135093e+00 2.833016e+00 -1.037935e+01 9.798650e+00 -1.213431e+01 -4.345058e+00 -1.183783e+00
9.051490e+00 -9.488241e+00 -5.177362e+00 8.498039e-01 -2.156614e+00 3.018194e+00 1.972991e+00 -6.663989e+00 1.077421e+01 -1.656990e+01 -1.723902e+00 -2.093939e+00
9.971806e+00 -9.072521e+00 -4.330199e+00 9.232164e-01 -4.836468e+00 3.417941e+00 1.613009e+00 -2.574927e+00 1.012526e+01 -1.799203e+01 -1.127604e+00 -6.197678e-01
1.405489e+01 -6.446560e+00 -4.118365e+00 -6.866903e+00 -1.678548e+01 3.802935e+00 -6.585693e+00 -1.038650e+01 1.726154e+00 -6.831593e+00 7.273322e+00 -1.423859e+01
1.051210e+01 -9.591467e+00 -2.277364e+00 2.794351e-01 -7.798412e+00 4.950861e+00 -2.343037e+00 5.731843e+00 5.524731e+00 -1.641232e+01 -1.821793e+00 7.322603e-01
1.234675e+01 -1.051923e+01 -1.368828e-01 1.218125e-01 -1.163651e+01 3.468660e+00 -2.122766e+00 8.759945e+00 5.095016e+00 -1.648644e+01 7.677991e-01 -3.052846e+00
1.328678e+01 -7.955541e+00 3.412838e-01 -3.389975e-01 -1.310162e+01 -6.574392e-03 -2.086156e+00 1.187874e+01 5.150100e+00 -1.452028e+01 1.615210e+00 -4.400314e+00
1.391557e+01 -7.404914e+00 3.102406e+00 -2.855115e+00 -1.252705e+01 -3.397585e+00 -2.837953e+00 1.519538e+01 2.562689e+00 -1.078497e+01 8.435098e-01 -2.421950e+00
1.371057e+01 -5.272421e+00 4.162178e+00 -3.696340e+00 -1.106004e+01 -6.653636e+00 -4.989380e+00 1.555556e+01 2.365875e+00 -7.618141e+00 2.497315e+00 -1.854379e+00
1.514627e+01 -4.851684e+00 6.588006e+00 -2.966029e+00 -1.114954e+01 -7.711342e+00 -1.095091e+01 1.599365e+01 1.119179e+00 -6.383865e+00 5.588102e+00 -2.163425e+00
1.480558e+01 -5.263929e-01 7.151356e+00 -2.657590e+00 -8.236551e+00 -8.879789e+00 -1.393365e+01 1.495550e+01 -2.828869e+00 -3.896971e+00 4.798324e+00 6.568830e-01
1.364031e+01 2.516129e+00 1.003694e+01 -9.760599e-01 -8.233750e+00 -1.107854e+01 -1.303646e+01 1.238933e+01 -3.427693e+00 -4.971102e+00 7.313404e+00 -4.126066e-01
1.242177e+01 7.033415e-01 -3.677021e+00 -2.312256e+00 -1.213424e+01 2.030879e+00 -4.276567e+00 -6.927561e+00 -4.720474e+00 -3.714465e+00 1.083153e+00 -8.094169e+00
1.101917e+01 6.936199e+00 1.208469e+01 3.603792e+00 -5.227936e+00 -1.630642e+01 -1.015837e+01 1.174790e+01 -4.095494e+00 -6.860247e-01 3.615154e+00 -3.543086e+00
-9.017066e+00 2.505707e+00 -1.672570e+00 -2.915361e-01 -6.505132e+00 -1.126764e+01 1.352725e+00 9.596638e+00 -9.006306e-01 6.365080e-01 -2.861076e+00 5.651151e+00
-8.090180e+00 1.353608e+00 -1.321041e+00 1.753921e+00 -3.323368e+00 -7.182233e+00 1.814000e+00 1.082763e+01 2.633863e+00 5.393398e+00 1.963300e+00 8.912635e+00
6.532829e+00 1.443070e+01 1.406500e+01 8.502701e+00 -1.250440e-01 -1.002950e+01 -3.075850e+00 1.604645e+00 -3.473567e+00 1.397116e+00 -1.779453e+00 -5.893772e+00
-1.111800e+01 7.379664e+00 3.992798e+00 4.650466e+00 -1.097065e+00 -1.342304e+01 4.173962e+00 6.644684e+00 -3.416356e+00 2.706589e+00 5.216007e+00 5.297249e+00
-8.652156e+00 1.739946e+00 3.718778e+00 3.950468e+00 6.927619e-01 -3.074655e+00 4.099314e+00 5.938229e+00 6.221175e-01 4.442423e+00 -3.277608e+00 4.614546e+00
-7.150297e+00 5.149069e+00 4.430421e+00 4.518584e+00 2.981456e+00 -5.772793e+00 7.993778e+00 1.442087e+00 4.473658e-01 7.373209e+00 -1.964445e+00 6.525423e+00
-1.073871e+01 8.295160e+00 5.320669e+00 5.243049e+00 -6.120175e-01 -3.978827e+00 4.660764e-01 3.731509e+00 -5.776756e+00 6.282930e+00 2.555310e+00 -3.893801e+00
1.102850e+00 7.495556e+00 -5.145936e-01 1.519416e+00 -2.584916e-01 3.527067e-01 -2.101931e+00 7.803305e+00 4.144566e+00 5.342748e+00 5.626817e+00 -4.459252e+00
-6.925988e+00 4.980599e+00 6.909640e+00 6.508666e+00 -4.836701e-01 -3.431726e+00 1.497704e+00 7.337270e+00 -1.156862e+00 1.530278e+00 -2.702572e+00 3.783524e+00
-1.273209e+01 4.760142e+00 2.445079e+00 1.647911e+00 -4.635267e+00 -2.896596e+00 4.673245e+00 9.918797e+00 -9.227012e-01 3.116260e+00 -7.483461e-01 1.114653e+00
-7.478793e+00 4.802094e+00 4.164524e+00 4.188469e+00 2.886916e+00 -1.112380e+00 1.331784e+00 6.504076e+00 2.474133e+00 8.497953e+00 4.314125e+00 -3.073929e+00
-1.942482e-01 4.022652e+00 6.070692e+00 9.726477e+00 6.339883e+00 -6.163539e+00 -2.367322e+00 5.291793e+00 -2.173327e+00 -8.816295e-01 -3.062619e+00 3.725906e+00
-6.948137e-01 5.113823e+00 3.737640e+00 2.809695e+00 -2.335400e+00 -4.007013e+00 -1.291436e+00 1.874326e+00 5.598588e-01 4.330190e+00 5.747223e-02 5.258092e+00
-1.026899e+00 1.467338e+01 1.149278e+01 1.012633e+01 4.514310e+00 1.686630e+00 4.058698e+00 2.634709e+00 -3.810491e+00 -2.668738e+00 -5.322669e-01 2.092232e+00
-3.327576e+00 1.739973e+00 -1.179414e+00 -6.699013e-01 -5.423803e+00 -9.837047e+00 -2.280616e+00 2.534743e+00 -5.583811e+00 1.609934e+00 -1.524717e+00 8.842472e-01
-1.664040e+00 5.119033e-01 -2.588280e+00 -7.423140e+00 -4.058213e+00 4.023919e+00 2.642364e+00 -4.363365e+00 -1.057074e+01 4.328434e+00 5.944899e+00 1.840064e+00
-7.514744e-01 3.640582e+00 9.166157e-01 2.447702e+00 3.240261e+00 -6.347844e+00 -3.853604e+00 2.963324e+00 -4.305188e+00 -3.543253e-01 -4.724204e+00 2.363634e+00
-9.908698e+00 5.981468e+00 1.526697e+00 1.622777e+00 1.605167e+00 -5.796006e-01 5.117469e-01 2.404382e+00 -1.522641e-01 9.918873e+00 -1.176100e+00 -6.954838e-01
-3.031635e+00 1.302117e+00 -3.134021e+00 3.303091e+00 4.354661e+00 -3.416220e+00 1.929527e+00 7.478662e+00 -2.957332e-01 3.247111e+00 2.990513e+00 5.217558e+00
-7.353333e+00 3.241698e+00 9.070084e-01 6.080959e+00 4.396088e+00 -3.534634e+00 5.522495e+00 5.130445e+00 -4.449237e+00 4.312631e+00 3.011406e+00 1.221208e+00
-3.246501e+00 3.760814e+00 -2.711102e+00 2.577966e+00 7.900488e+00 4.303434e-01 5.012203e+00 9.542834e+00 -1.362168e+00 2.502882e+00 -2.328556e+00 4.344454e+00
-1.043495e+01 5.572382e+00 2.765470e+00 -2.903897e-01 -3.189017e+00 -1.391793e+00 3.528890e+00 3.237493e+00 1.177523e+00 9.208405e+00 5.154231e+00 3.919380e+00
-6.144228e+00 4.956232e+00 2.628302e+00 4.947738e+00 6.664448e-01 -6.261370e+00 6.655065e+00 4.635533e+00 -4.113315e+00 8.315510e+00 -4.464295e-01 -2.141656e-01
-3.903946e+00 4.218212e+00 -2.770395e+00 -1.712453e+00 -2.409039e+00 2.314828e+00 5.944018e+00 -2.398342e+00 -6.954504e+00 4.228837e+00 5.215202e+00 2.800311e+00
-9.238534e+00 7.657774e+00 1.123013e+00 3.110445e+00 3.630425e+00 -8.640797e-01 4.443451e+00 4.475106e+00 -1.609805e+00 5.999400e+00 3.385872e+00 3.917310e+00
-8.192950e+00 3.589695e+00 3.918823e+00 8.157871e+00 7.503026e+00 1.612494e+00 -3.910410e-01 -4.987566e-01 -4.694366e-01 6.852361e+00 1.550497e+00 4.024845e+00
-8.403405e+00 2.862312e+00 1.064624e+00 5.074532e+00 5.740515e+00 8.674147e-01 -1.099981e+00 1.912786e+00 3.625703e+00 9.962561e+00 -6.302321e-01 5.202641e+00
-4.319053e+00 5.216689e+00 -2.599057e+00 4.966728e+00 8.162263e+00 2.950654e+00 4.481101e+00 1.443587e+00 -5.982423e+00 -9.977503e-01 -1.965033e+00 6.986336e+00
-9.524800e+00 5.305222e+00 2.142471e+00 3.595201e+00 1.833506e+00 -5.547680e+00 -2.164327e+00 2.143193e+00 -4.729244e+00 5.227467e+00 7.673471e+00 4.095931e+00
-7.153741e+00 6.102765e+00 4.455344e+00 3.528888e+00 6.217093e-01 -8.878916e+00 -1.770604e-01 2.580547e+00 -3.840098e+00 7.305003e+00 3.401808e+00 4.595141e+00
-9.024478e+00 4.778688e+00 1.297292e+00 2.641137e+00 1.459674e+00 -4.010854e+00 7.874140e+00 7.649342e+00 -3.495672e+00 8.872038e+00 6.176267e+00 2.417746e+00
-9.264770e+00 5.267509e+00 9.041059e-01 6.191716e-01 1.981639e+00 8.920534e-01 3.759587e+00 5.790724e+00 1.813032e+00 6.302540e+00 5.398605e+00 6.272183e+00
-9.748687e+00 4.977471e+00 -3.237896e-01 2.971328e+00 3.256141e+00 -6.262901e-01 3.873809e+00 4.473870e+00 3.329945e-02 5.090563e+00 8.582633e-01 -3.454930e+00
-8.484040e+00 6.808032e+00 3.727913e-02 -2.614765e+00 5.494205e+00 9.413760e-01 7.072250e+00 2.131964e+00 -4.305185e+00 5.973629e+00 5.191168e+00 8.443269e-01
-1.093079e+01 7.970993e+00 3.826055e+00 2.384518e+00 1.544355e+00 -1.530885e+00 6.118688e+00 3.694630e+00 -3.643922e+00 5.219213e+00 4.206918e+00 1.147421e+01
-9.539268e+00 3.339814e+00 -5.865026e-01 1.774329e+00 5.384522e+00 2.503155e+00 4.812648e+00 6.999098e+00 -1.485521e+00 4.883119e+00 -1.004224e-01 2.647921e+00
-7.523375e+00 7.004095e+00 1.736345e-01 1.218234e+00 5.360018e+00 3.734377e+00 6.885317e+00 2.309105e+00 -9.243242e-01 8.631577e+00 1.854749e+00 1.500862e+00
-7.740936e+00 6.531917e+00 4.238544e-01 6.791603e+00 7.418669e+00 -2.270171e+00 2.339081e+00 5.254559e+00 2.016592e-01 9.660104e+00 4.351598e+00 4.850089e+00
-8.829280e+00 7.132307e+00 3.309398e+00 4.792188e+00 6.653036e+00 1.294365e+00 1.063048e+00 3.398684e+00 -1.964663e+00 4.684208e+00 3.735544e+00 2.375150e+00
-9.160800e+00 6.581302e+00 2.364808e+00 2.971251e+00 4.014156e+00 -4.970305e+00 4.111586e+00 4.477687e+00 6.331923e-01 6.560335e+00 2.066043e+00 7.922671e+00
-7.031544e+00 7.183199e+00 5.478764e-02 -3.106726e+00 -1.910204e-01 -2.953680e+00 5.038555e-01 -1.384153e+00 -3.893698e+00 8.221959e+00 2.537962e+00 2.681431e-01
-1.022337e+01 6.920247e+00 1.387020e+00 1.749792e+00 5.008416e-01 2.493191e+00 3.205389e+00 6.900159e+00 5.139527e-01 7.319778e+00 2.153534e+00 2.240149e+00
-1.034680e+01 5.611270e+00 8.417785e-01 1.185245e+00 3.338128e-01 -2.775816e+00 5.010875e+00 5.533896e+00 7.008679e-01 8.032009e+00 4.286686e+00 5.601101e+00
-8.430091e+00 9.130935e+00 4.284604e+00 3.480119e+00 3.559394e+00 1.318325e+00 7.231643e+00 9.332810e+00 -7.445554e-01 9.604467e+00 3.617711e+00 -2.118999e-01
-9.216264e+00 5.871414e+00 -2.415750e+00 -1.315253e+00 1.393333e+00 -3.808076e+00 5.488591e-01 5.730104e+00 -2.615699e+00 3.349672e+00 3.921934e+00 3.133782e+00
-9.626882e+00 4.260615e+00 -7.532063e-01 -1.776863e+00 4.173389e+00 2.550464e+00 5.424948e+00 3.983593e+00 1.034777e+00 6.079281e+00 -1.815758e+00 1.313213e-01
-5.789678e+00 5.968398e+00 -1.268560e+00 1.333389e+00 7.340738e+00 1.034089e+00 9.710606e+00 4.993316e+00 -6.537109e+00 2.861146e+00 2.623256e+00 4.105911e+00
-8.641480e+00 5.297760e+00 2.193309e+00 2.984035e+00 1.333356e+00 -3.527937e+00 3.301088e+00 2.847050e+00 -4.999937e+00 3.506962e+00 3.545012e+00 2.154658e+00
