8.654402e+00 -1.567849e+01 -2.546544e+00 -8.758342e+00 -1.342402e+01 4.557204e-01 -6.403145e+00 -3.283774e+00 1.064437e+01 -1.902630e+01 -5.500216e+00 -9.115250e+00
8.155503e+00 -1.553947e+01 -2.824947e+00 -9.638617e+00 -1.684773e+01 -5.384787e-01 -8.187731e+00 -4.517099e+00 7.959167e+00 -1.590368e+01 -3.482901e+00 -1.174599e+01
8.197906e+00 -1.527293e+01 -2.601719e+00 -9.315203e+00 -1.480687e+01 4.895144e-01 -6.374111e+00 -3.794162e+00 9.619038e+00 -1.844016e+01 -3.941553e+00 -1.024980e+01
8.798287e+00 -1.672831e+01 -3.707191e+00 -8.778858e+00 -1.483244e+01 -5.561481e-01 -7.617657e+00 -5.783077e+00 1.035005e+01 -2.059667e+01 -7.231501e+00 -1.015063e+01
8.817747e+00 -1.469760e+01 -1.379140e+00 -7.438592e+00 -1.685732e+01 -3.531961e+00 -8.685760e+00 -6.353684e+00 1.017352e+01 -1.233295e+01 -2.805755e+00 -1.060832e+01
9.423156e+00 -1.561246e+01 -2.438065e+00 -7.009515e+00 -1.299655e+01 1.395337e+00 -6.007042e+00 -3.325870e+00 1.169074e+01 -1.701649e+01 -5.500993e+00 -8.709480e+00
9.353443e+00 -1.534004e+01 -4.572474e+00 -7.454594e+00 -1.495451e+01 -6.209028e-01 -8.170784e+00 -4.068439e+00 8.819109e+00 -1.595851e+01 -7.141617e+00 -1.102475e+01
8.942825e+00 -1.171187e+01 3.145521e-01 -5.161017e+00 -1.615978e+01 -4.223148e+00 -1.291665e+01 -4.623263e+00 9.887064e+00 -8.030483e+00 -1.573873e+00 -9.839748e+00
1.076195e+01 -1.370235e+01 -3.138923e+00 -6.598382e+00 -1.310155e+01 -1.268575e+00 -6.046403e+00 -3.960028e+00 1.264804e+01 -1.429303e+01 -2.470683e+00 -1.189926e+01
8.203993e+00 -1.085940e+01 -1.276860e+00 -6.348540e+00 -1.941146e+01 -9.360680e+00 -1.894913e+01 -9.907586e+00 4.645394e+00 -9.092068e+00 -2.981831e+00 -1.007257e+01
-1.892965e+01 7.530883e+00 -9.390875e+00 1.611094e+00 7.937765e-02 -2.675531e+00 7.459352e-01 -3.177900e+00 1.808695e+00 3.373656e+00 3.960299e-01 3.964679e-01
1.306391e+01 -1.410348e+01 -3.461347e+00 -5.599913e+00 -1.557899e+01 -7.601258e-01 -1.022368e+01 -6.271148e+00 1.043172e+01 -1.245888e+01 -3.821607e-01 -1.156597e+01
-1.602279e+01 7.413641e+00 -6.031896e+00 1.666617e+00 1.595785e+00 -1.981338e+00 1.452686e+00 -2.454177e+00 -2.372018e+00 7.560048e-01 6.587299e-01 2.656146e+00
-1.718044e+01 1.018335e+01 -8.760149e+00 -5.845519e-01 -2.144663e+00 4.517674e-01 -5.453486e-01 -1.369444e+00 2.864691e+00 5.111080e+00 2.334187e+00 -4.025424e-01
-1.703860e+01 1.014438e+01 -6.346207e+00 1.980688e+00 4.088946e+00 1.265323e+00 5.374887e+00 2.267973e+00 2.926586e+00 -4.032749e+00 6.567954e-01 2.256203e+00
8.424056e+00 -5.547895e+00 -8.559722e-01 -3.266553e+00 -1.470226e+01 -9.186744e+00 -1.437350e+01 -7.888664e+00 1.806015e+00 -2.219323e+00 -3.978925e+00 -7.230117e+00
-1.464560e+01 1.057700e+01 -4.403098e+00 3.255144e+00 3.157754e-01 3.717209e+00 7.065365e+00 7.291928e+00 4.484608e+00 3.603154e+00 3.521789e+00 3.229025e+00
-1.544043e+01 5.223428e+00 -9.771687e+00 -1.036010e-01 1.770391e+00 1.081051e+00 6.829991e+00 6.149164e+00 1.992023e+00 3.121705e+00 4.785642e+00 3.854082e+00
-1.513612e+01 6.749247e+00 -7.480589e+00 1.952959e+00 5.387449e-02 -1.105627e+00 2.369634e+00 5.835293e+00 1.738661e+00 4.019581e+00 9.668155e+00 8.344664e+00
-1.740349e+01 8.991170e+00 -5.343599e+00 -5.662870e-02 2.826936e+00 -2.071851e-02 4.376576e+00 -1.634076e+00 1.973535e+00 2.812052e+00 -1.553272e+00 2.650923e+00
1.583802e+01 -1.128675e+01 1.635481e+00 -2.203063e+00 -1.180694e+01 -9.786133e-01 -9.627472e+00 2.700580e+00 8.966883e+00 -5.578633e+00 3.424049e+00 -5.848527e+00
1.570770e+01 -1.250912e+01 1.144582e+00 -8.726077e-01 -1.231301e+01 1.183732e+00 -7.353835e+00 3.368031e+00 9.538835e+00 -9.270266e+00 3.914431e+00 -7.245968e+00
-1.240506e+01 3.008135e+00 -9.081262e+00 -4.043507e+00 -6.687799e-01 1.756789e+00 4.182427e+00 5.547684e+00 6.941012e+00 3.133554e+00 4.080808e+00 4.966781e+00
1.560560e+01 -1.231418e+01 2.511284e-01 -5.534829e-01 -1.100673e+01 1.204164e+00 -4.890222e+00 3.769668e+00 8.519590e+00 -1.109328e+01 2.385958e+00 -5.866910e+00
-6.086112e+00 9.952297e+00 -2.903665e+00 -2.164973e+00 -4.869483e+00 -1.065835e+01 -7.532139e+00 -4.277331e+00 -5.324772e+00 -2.011356e+00 -3.326149e+00 -2.038310e-01
1.508242e+01 -1.059364e+01 -1.747324e+00 -1.897593e+00 -1.254435e+01 7.748033e-02 -1.092284e+01 -6.576180e+00 7.771196e+00 -7.417727e+00 2.628751e+00 -9.942976e+00
1.605849e+01 -9.171730e+00 1.478493e+00 -5.042762e-01 -1.142795e+01 -1.936420e+00 -1.154200e+01 8.651305e-01 7.440437e+00 -4.598795e+00 6.660778e+00 -7.412409e+00
1.581475e+01 -1.065612e+01 7.302573e-01 -7.480612e-01 -8.667927e+00 1.202415e+00 -5.630909e+00 4.627325e+00 7.212709e+00 -1.387302e+01 2.425730e+00 -6.200936e+00
-1.129083e+01 1.489035e+00 -5.460219e+00 -1.504405e-01 3.086762e+00 1.684582e+00 5.277409e+00 8.889294e-02 -3.005144e+00 -5.700374e-01 1.011099e+01 1.071346e+01
1.696189e+01 -7.549916e+00 8.656821e-01 -1.446645e+00 -5.982482e+00 -1.922639e+00 -7.588470e+00 6.586959e+00 4.916924e+00 -1.404000e+01 1.121918e+00 -4.543331e+00
1.723327e+01 -7.509831e+00 2.125444e+00 -1.408045e+00 -7.924135e+00 -2.430049e+00 -1.190941e+01 -3.565380e-01 4.536270e+00 -2.519474e+00 2.897300e+00 -4.753940e+00
1.795639e+01 -4.498312e+00 1.037206e+00 2.422831e-01 -5.382531e+00 -3.675355e+00 -8.416878e+00 3.616257e+00 5.192382e+00 -1.103324e+01 -4.283246e-01 -4.782069e+00
1.420310e+01 -4.059332e+00 -2.362598e+00 9.032931e-01 -8.567006e+00 1.964672e+00 -1.399419e+01 -4.578972e+00 1.977651e+00 -5.222690e+00 -2.454256e-01 -4.802487e+00
-1.006361e+01 -4.272759e-02 -3.911061e+00 2.345031e+00 2.558053e+00 -6.814842e+00 3.621839e+00 7.711246e+00 2.778917e+00 -7.893639e-01 7.383489e+00 9.826821e+00
1.657348e+01 -9.011426e-01 7.998730e+00 5.239289e+00 -9.264167e+00 -7.984235e+00 -4.083580e+00 -5.570020e+00 -2.401304e+00 2.427713e+00 -1.794052e+00 -4.448001e+00
1.588681e+01 -3.324135e+00 1.866823e+00 -7.906681e-01 -5.040507e+00 -8.674204e-01 -9.885851e+00 -4.733688e+00 3.903643e+00 -3.325452e+00 5.082858e-02 -1.748386e+00
1.635124e+01 1.592279e+00 9.152923e+00 4.694101e+00 -1.122202e+01 -9.096822e+00 -2.247611e+00 -5.216542e+00 -5.273187e+00 4.102368e+00 -1.027642e+00 -6.133873e+00
1.684777e+01 3.200558e+00 8.158237e+00 4.019902e+00 -1.055147e+01 -8.115984e+00 -4.110517e+00 -4.589207e+00 -5.370553e+00 4.038433e+00 -9.863256e-01 -6.924111e+00
1.537629e+01 4.362039e+00 1.105118e+01 2.938622e+00 -7.503868e+00 -9.289445e+00 -4.872302e+00 -1.861269e+00 -6.900538e+00 3.413024e+00 -1.369439e+00 -4.784981e+00
1.328696e+01 1.219484e+00 1.669946e-01 1.765349e+00 -4.418668e+00 3.922363e-01 -1.431215e+01 -3.033700e+00 -3.634574e+00 6.816692e-01 -2.826058e+00 -2.945922e+00
1.420558e+01 6.507276e+00 9.618618e+00 7.298399e+00 -2.697757e+00 -5.206829e+00 -7.641292e+00 -3.711003e+00 -5.795619e+00 2.546596e+00 -2.343686e+00 -2.005683e+00
1.323513e+01 2.171880e+00 3.015476e-01 7.542419e-01 -3.268104e+00 -4.032454e-01 -1.192550e+01 -3.844150e+00 -1.314920e-01 -1.719401e+00 -3.664633e+00 -3.417430e+00
1.187253e+01 9.544561e+00 1.413689e+01 9.636595e+00 -2.758704e+00 -1.379050e-02 6.658642e-01 -6.396554e+00 -9.025030e+00 1.051898e-01 -6.595220e+00 -2.702101e+00
1.000897e+01 1.138296e+01 1.284838e+01 1.285522e+01 4.535772e+00 -1.158167e+00 2.851374e-01 -3.085000e+00 -7.071800e+00 -5.031109e-02 -6.753829e+00 -4.069945e+00
-6.180352e+00 2.058725e-01 -2.148493e+00 4.743226e-01 2.236385e+00 -8.423233e+00 2.726483e+00 3.007611e+00 -8.410057e-01 7.755761e-01 1.518674e+00 4.675042e+00
7.099999e+00 9.830205e+00 1.314477e+01 1.273252e+01 5.179445e+00 6.062563e+00 4.705898e+00 -1.851256e+00 -9.454420e+00 -2.953739e-01 -8.572442e+00 -4.545807e+00
-1.603591e+00 2.153615e+00 -8.909655e-02 -4.550759e+00 2.896098e+00 -7.202342e+00 1.776783e+00 6.392441e+00 1.337198e+00 -1.761564e+00 4.401990e+00 7.882706e+00
-1.201837e+01 5.582702e-02 -2.381433e-01 3.596950e+00 -1.996193e-01 -4.261249e+00 -8.638244e-01 2.689646e+00 -2.737077e+00 -8.628187e-01 8.955978e+00 4.352980e+00
5.097609e+00 6.556985e+00 1.241550e+01 8.514416e+00 4.641871e+00 2.707663e+00 1.876177e+00 -4.215745e-01 -1.157256e+01 -2.276428e+00 -6.655632e+00 -5.396845e+00
-2.347210e+00 -4.775056e+00 -1.088625e+01 -4.729575e+00 9.575996e-01 3.696575e+00 3.764688e+00 -1.113846e+01 3.858216e+00 -4.247389e-01 3.385357e+00 3.882404e+00
-2.225308e+00 1.747404e+00 -4.166832e-01 -6.263878e+00 1.430142e+00 -7.547595e+00 1.764955e+00 4.221041e+00 -1.566922e+00 -3.417036e+00 2.579475e+00 5.982290e+00
-8.632524e+00 1.706832e+00 -1.033021e-01 2.986088e+00 -9.192543e-01 -2.141596e+00 1.071118e+00 2.447888e+00 -5.630525e+00 -4.080118e+00 3.544317e+00 8.088168e-01
-2.085955e+00 -4.127713e+00 -8.320597e+00 -7.478301e+00 4.136421e+00 6.660284e+00 8.235853e+00 -7.318242e+00 2.287835e+00 6.173618e+00 2.328569e+00 8.659508e+00
1.956742e+00 3.183011e+00 7.812245e+00 5.137480e+00 -3.912878e-02 -1.595977e+00 -3.949704e-01 -1.203055e+00 -6.146399e+00 -3.097244e+00 -1.057253e+01 5.793738e-02
-8.291597e-01 5.389766e-01 -6.965214e-01 -6.615813e-01 -1.898441e-01 -1.168740e+01 -1.924572e+00 7.864836e-01 -3.171717e-01 1.877911e+00 5.931286e+00 5.821793e+00
-6.344029e+00 4.756916e+00 -1.323688e+00 -1.338162e+00 4.539850e+00 -3.648244e+00 4.187812e+00 -6.827657e+00 -3.946840e+00 3.638193e+00 4.255818e+00 3.165653e+00
1.895193e+00 3.454375e+00 6.423074e+00 4.168610e+00 1.379972e+00 -2.561798e+00 -4.337936e+00 -2.667538e+00 -3.085872e+00 2.421217e-01 -3.386637e+00 2.335182e+00
-5.961986e+00 2.396354e+00 -3.075141e+00 -5.780127e+00 4.006548e+00 -5.371723e+00 4.820987e+00 -3.541765e+00 -3.179679e+00 4.935954e+00 -4.673082e-01 3.089413e+00
4.191885e-01 2.389486e+00 6.147762e+00 2.060818e+00 -2.938833e-01 -3.413162e+00 1.319277e+00 -2.299644e+00 -7.682065e+00 -1.992249e+00 -7.766806e+00 7.943689e-01
-3.254566e-01 2.678592e+00 4.205789e+00 5.484006e+00 3.354598e+00 3.538214e+00 1.690865e+00 -5.489002e+00 -8.823779e+00 -2.928209e-01 -3.478393e+00 3.194919e-01
-2.454815e-01 6.885290e-03 2.254980e+00 2.163297e+00 -3.280849e-01 -1.550943e-02 5.738683e-01 2.519691e+00 1.126116e+00 3.616080e+00 -2.695895e-01 2.315476e+00
3.962011e-01 4.967392e+00 7.102439e+00 5.600533e+00 4.488570e+00 5.315902e-01 2.101516e+00 2.034989e+00 4.110662e+00 5.439247e+00 -1.822696e+00 2.391555e+00
-1.563778e+00 4.429987e+00 5.252156e+00 8.134596e+00 8.943426e+00 6.363234e+00 3.816416e+00 4.938545e-01 -7.719027e-01 2.616796e+00 -6.861836e+00 -2.086783e+00
1.270340e+00 5.876943e+00 5.611772e+00 6.886199e+00 5.284225e+00 1.898840e+00 2.123683e+00 1.491605e+00 -3.702499e+00 2.063053e+00 -8.719153e+00 4.396296e-01
-1.589869e+00 3.064503e+00 2.537947e+00 9.523294e+00 6.983111e+00 1.341194e+00 6.136564e+00 3.269869e+00 -4.975530e+00 -1.730705e+00 -3.273257e+00 2.540869e+00
7.540112e-01 6.342972e+00 4.048484e+00 5.755684e+00 8.874034e+00 4.985466e+00 1.426180e+00 -2.950809e+00 -5.489018e+00 4.818420e+00 -8.021745e+00 -1.672432e+00
-4.600553e+00 -1.555864e+00 -3.309970e+00 -2.494704e+00 3.655435e+00 -6.003913e-01 -7.364178e-02 -2.904005e+00 -2.667389e+00 5.669746e+00 -8.099891e-01 5.275642e+00
-4.978136e+00 9.288325e-01 -2.163193e+00 -1.502178e+00 5.413304e+00 6.719882e+00 6.480957e+00 2.374318e+00 -8.661099e-01 9.366621e+00 5.559138e+00 2.171708e+00
-5.052073e+00 1.864510e+00 4.513839e-01 -2.412497e+00 4.786709e+00 4.345314e+00 4.230010e+00 -3.725594e-02 -9.314048e-01 4.267434e+00 1.387130e-01 3.150912e+00
-6.917668e+00 -1.784555e+00 -1.107216e+00 2.810592e+00 9.220789e+00 7.645597e+00 6.786935e+00 3.256659e+00 -5.946278e+00 6.966734e-02 9.156990e-02 2.024969e+00
-5.686011e+00 4.053789e-01 1.684178e+00 -1.818294e+00 4.709277e+00 4.580435e+00 8.535876e+00 6.951827e+00 -5.871522e+00 2.563555e+00 -2.626252e+00 2.667691e+00
-5.761430e+00 3.317952e-02 -2.621421e+00 1.584888e-01 5.248081e+00 3.957567e+00 5.980823e+00 5.345089e+00 -5.655144e+00 1.171384e+00 -2.478328e-01 8.592086e-01
-6.426124e+00 9.750968e-01 -1.438786e+00 -2.621937e+00 4.313534e+00 2.401680e+00 1.715929e+00 4.469142e+00 -4.004636e+00 4.454019e+00 -3.462411e-01 5.790568e+00
-5.751897e+00 1.748791e+00 -2.476964e+00 -9.836837e-01 4.717483e+00 1.459529e+00 4.549069e+00 4.302444e+00 1.018416e+00 5.314896e+00 1.511188e-01 2.682518e+00
-5.327243e+00 2.301923e-01 -1.562245e+00 3.724005e-01 4.486480e+00 4.204468e+00 5.037895e+00 3.533529e+00 -1.481018e+00 6.622313e+00 4.141365e+00 2.345302e+00
-6.691016e+00 1.489421e+00 -3.960402e-01 -1.983777e+00 6.266567e+00 3.711392e+00 5.259496e+00 1.841842e+00 6.001416e-01 9.624821e+00 3.720632e+00 4.372456e+00
-7.565835e+00 2.775029e-01 -3.005663e+00 -4.056097e+00 8.646636e-01 4.805569e+00 1.149261e+01 6.644542e+00 -1.621559e+00 6.046747e+00 4.082580e+00 2.413747e+00
-6.729236e+00 -1.041912e+00 -1.694071e+00 -1.166263e+00 1.129182e+00 -2.171242e+00 2.159781e+00 7.063119e-01 -1.653867e+00 4.789884e+00 8.127553e-01 1.439500e+00
-5.131748e+00 1.915543e+00 6.493180e-01 -1.360371e-01 4.193660e+00 -8.217421e-01 1.953539e+00 2.777447e+00 4.668177e-01 2.293339e+00 -4.159360e+00 5.285189e-01
-4.621479e+00 1.100404e-01 -3.009481e+00 -1.313103e+00 4.162086e+00 4.477752e+00 4.979059e+00 1.389757e+00 2.399183e+00 4.859991e-01 1.663719e+00 1.005080e+01
-6.009973e+00 8.608389e-02 -9.551669e-01 -8.760920e-01 5.298339e+00 -2.286039e+00 1.860647e-01 -1.522675e+00 -8.451790e+00 2.665799e+00 5.295694e+00 5.734561e+00
-5.196906e+00 1.221762e+00 -2.210309e+00 2.524502e-01 7.590999e+00 1.037036e+00 4.029255e+00 5.469522e-01 -7.566888e+00 8.066657e+00 4.294819e-01 9.506915e-01
-5.790229e+00 2.034430e+00 3.670356e-01 4.622533e-01 9.884014e+00 7.834617e+00 5.714555e+00 1.601161e+00 -2.307657e+00 1.756792e+00 -2.387211e+00 1.215172e+00
-6.491681e+00 9.076383e-01 3.528140e-01 -8.747789e-01 5.828928e+00 1.882918e+00 1.811216e+00 1.668246e+00 -3.949620e+00 2.148214e+00 2.110247e+00 7.922003e+00
-4.376101e+00 2.061533e+00 -1.046462e+00 -2.101307e-01 7.016658e+00 8.816396e-01 4.180942e+00 2.096542e+00 -1.125231e+00 1.712271e+00 -3.781765e+00 2.795972e+00
-5.422347e+00 2.211396e+00 -3.249666e+00 -2.892631e+00 6.384024e+00 1.483934e-02 4.013666e+00 -1.195199e+00 -6.946343e+00 5.012915e+00 1.822669e+00 2.178020e+00
-4.998141e+00 1.210534e+00 -7.391972e+00 -8.649388e+00 1.438845e+00 -1.211812e+00 1.534216e+00 -3.116808e+00 -4.849347e+00 6.050908e+00 5.673454e+00 5.408174e+00
-3.559310e+00 1.069609e+00 -1.902973e+00 3.485196e-01 5.282769e+00 -1.608484e+00 3.466747e+00 2.243107e+00 -3.084598e+00 -6.840143e-01 -4.026266e+00 2.521691e+00
-4.192113e+00 1.949891e+00 1.591032e-01 1.447029e+00 4.433230e+00 1.946734e+00 2.447159e-01 2.084075e-01 -2.768758e+00 5.646709e+00 -6.346549e-01 -1.699395e-01
-3.620687e+00 2.301027e+00 1.773584e+00 3.022855e+00 5.921187e+00 2.020886e+00 2.023588e+00 -1.984420e+00 -4.408772e+00 3.899401e+00 -1.265185e+00 1.164328e+00
-4.228757e+00 3.022792e+00 -1.983518e+00 6.669221e-01 5.975728e+00 9.787870e-01 7.869399e-01 -3.383134e+00 -3.264975e+00 6.558562e+00 -8.182961e-01 9.895017e-01
-5.813603e+00 4.912449e-01 -1.180765e+00 -7.116013e-01 5.031654e+00 2.477427e+00 6.159347e+00 6.393162e+00 4.863442e+00 7.467006e+00 -1.178856e+00 -9.520681e-01
-2.019187e+00 4.417396e+00 2.317330e+00 -1.690572e+00 2.378906e+00 -2.096078e+00 -1.847509e+00 -2.015930e-01 1.668380e+00 4.301538e+00 2.404838e+00 1.621372e+00
-4.893064e+00 1.306924e+00 -1.688146e+00 -2.211086e+00 3.803714e+00 1.807578e+00 6.721100e+00 2.843242e+00 -1.464292e-01 5.719909e+00 1.157109e+00 1.142713e+00
-6.165885e+00 1.352533e+00 -9.013106e-01 -2.916951e-01 7.600431e+00 2.401190e+00 8.881901e+00 3.176022e+00 -6.238357e+00 3.621163e+00 2.990228e+00 7.917928e-01
-5.561778e+00 3.830501e+00 9.155019e-01 -1.853618e+00 2.992152e+00 1.028935e-01 2.878968e+00 3.854892e-01 -1.102366e+00 3.361912e+00 -1.623244e+00 2.065329e+00
-3.905906e+00 2.441897e+00 -4.142387e-01 -2.127479e+00 2.559370e+00 -9.712647e-01 5.498338e+00 2.717077e+00 -4.152926e+00 5.413048e+00 -1.502935e+00 -1.412933e-01
-2.550944e+00 4.399828e+00 1.166670e+00 4.857716e+00 1.073386e+01 4.248035e+00 5.468128e+00 2.427502e+00 -1.975880e+00 4.669887e+00 -1.262500e+00 -1.040025e-01
-1.309620e+00 4.236822e+00 4.066100e+00 2.975711e+00 9.171848e+00 5.050630e+00 6.515519e+00 5.345506e+00 -7.510763e-01 5.495777e+00 1.323569e+00 1.872388e+00
-2.015111e+00 2.191332e+00 1.132982e+00 1.653633e+00 9.850125e+00 3.976132e+00 4.886832e+00 3.492304e+00 8.676544e-01 4.676600e+00 2.567788e+00 6.102900e+00
-3.267895e+00 6.048684e+00 4.067945e+00 4.514438e+00 8.936057e+00 3.761884e+00 3.234878e+00 1.088865e+00 1.304068e+00 6.775193e+00 1.199557e+00 4.555497e+00
-2.906947e+00 4.986305e+00 2.253813e-01 2.283772e+00 1.120746e+01 6.024683e+00 5.016837e+00 -3.559119e-01 -2.488127e+00 4.071090e+00 5.661559e-02 6.245218e+00
-3.651209e+00 4.323145e+00 -8.714228e-01 2.783764e+00 1.035723e+01 4.361267e+00 4.762551e+00 2.446775e+00 6.286994e-01 7.746318e+00 1.561202e+00 -5.976379e-01
-3.482016e+00 4.388324e+00 3.232159e+00 4.789646e-01 6.829754e+00 5.146470e+00 4.813426e+00 3.384212e+00 2.300462e+00 6.181354e+00 2.764278e+00 4.740762e+00
-5.777486e+00 3.145388e+00 1.826875e+00 4.637809e-01 2.767970e+00 -4.498432e-01 4.488529e+00 -6.968960e-01 -1.918492e+00 4.022619e+00 4.444619e+00 9.620091e+00
-5.238690e+00 4.069990e+00 3.022619e+00 3.442420e+00 8.533203e+00 4.159616e+00 7.081825e+00 4.472027e+00 -2.448535e-02 5.827204e+00 6.498051e+00 6.286891e+00
-4.515813e+00 1.787027e+00 -2.526954e-01 5.809281e-01 1.146000e+01 6.097446e+00 7.470570e+00 7.808468e+00 1.118569e+00 7.845455e+00 5.291884e+00 1.649139e+00
-6.284810e+00 1.071424e+00 -2.340486e+00 -2.340561e+00 8.212305e+00 3.713639e+00 2.737242e+00 3.133870e+00 -1.990718e+00 3.788740e+00 2.195999e+00 2.244980e+00
-5.710376e+00 2.365617e+00 -9.815325e-01 -1.037427e+00 4.782549e+00 2.125769e+00 2.293810e+00 4.963513e-01 3.257283e-01 6.743215e+00 2.879847e-01 5.062642e+00
