1.152849e+01 -1.478407e+01 7.848427e+00 9.795080e+00 -2.324549e+01 4.176888e+00 -1.518076e+01 -4.939113e-01 3.170258e+00 3.526881e+00 -2.745014e+00 4.212173e+00 -2.741064e-01 -1.693214e-01 -2.575856e-01 4.968103e-01 -1.134779e-01 -3.469478e-01 3.217584e-01 3.295678e-01 -1.298249e+00 -8.001436e-01 1.826845e-01 9.712045e-01
1.184373e+01 -1.469311e+01 8.559510e+00 8.504848e+00 -2.182708e+01 4.663524e+00 -1.626089e+01 1.103297e+00 3.108916e+00 4.382440e+00 -2.576926e+00 4.856452e+00 -2.685605e-01 -7.121187e-01 1.728196e-01 6.721478e-01 -4.028427e-01 -7.832506e-01 7.198278e-01 -9.322052e-01 -4.102147e-01 -6.262850e-01 -6.372028e-01 6.363488e-01
1.242608e+01 -1.390121e+01 8.523976e+00 8.567768e+00 -2.163491e+01 6.609528e+00 -1.706820e+01 1.475336e+00 4.804137e+00 3.976201e+00 -1.621824e+00 3.698141e+00 -2.753876e-02 -1.285756e+00 7.745133e-02 7.592286e-01 -1.623863e+00 2.657968e-01 5.484497e-01 -1.353520e+00 -1.881996e-01 -7.737459e-01 -5.744832e-01 -7.815145e-01
1.136300e+01 -1.481911e+01 8.154692e+00 9.537865e+00 -2.155062e+01 2.581461e+00 -1.369723e+01 1.391083e+00 2.369964e+00 3.006235e+00 -3.445609e+00 8.461164e+00 2.072501e-01 6.718756e-01 -9.851325e-01 1.063949e+00 -4.874731e-01 5.723577e-01 -5.345129e-01 3.695390e-01 -6.928591e-01 -1.901281e+00 1.099684e+00 5.170783e-01
1.129591e+01 -1.468482e+01 7.438457e+00 1.053531e+01 -2.234053e+01 5.915820e+00 -1.674123e+01 2.979282e+00 -1.317632e+00 6.635854e-01 -2.740602e-01 6.751807e+00 7.980673e-01 6.742995e-01 -4.864989e-01 8.438166e-01 -9.130314e-01 1.306939e+00 -1.084396e+00 2.810009e-01 -1.198435e+00 -1.430202e+00 1.036005e+00 -2.608619e-01
1.299627e+01 -1.138335e+01 3.838832e+00 1.345448e+01 -2.471693e+01 6.655846e+00 -1.815322e+01 1.214396e+00 1.888565e+00 -3.692318e+00 1.686017e+00 6.172026e+00 9.000921e-01 8.979332e-01 4.466497e-01 4.526578e-01 -1.189943e+00 1.199537e+00 -7.789137e-01 -5.824231e-01 -1.459952e+00 -9.971309e-01 5.949388e-01 -7.610580e-01
1.225701e+01 -1.169994e+01 6.952819e+00 6.790782e+00 -2.034169e+01 5.281394e+00 -1.635265e+01 5.067486e+00 3.604098e+00 5.913000e+00 -8.211894e-01 5.536437e+00 -1.596474e-01 -9.648100e-01 -2.086298e-01 8.650768e-01 -1.726759e+00 6.234254e-01 -7.641613e-01 -5.660118e-01 -2.721663e-01 -9.005585e-02 -3.543839e-01 6.325193e-02
1.470219e+01 -1.313045e+01 7.573862e+00 1.205586e+01 -2.622749e+01 8.674393e+00 -1.837475e+01 9.994371e-01 -2.581218e+00 -2.748504e-01 -1.308002e-01 4.052433e+00 5.191447e-01 8.829697e-01 1.629808e+00 -1.033548e-01 -5.370445e-01 7.380991e-01 -1.889698e-01 -1.570068e+00 -1.226370e+00 -8.802159e-02 -4.396117e-01 -6.032206e-01
1.416032e+01 -1.110663e+01 1.032024e+01 1.104088e+01 -2.555685e+01 7.199860e+00 -1.677504e+01 -5.311097e-01 -4.298001e+00 -1.510201e+00 -5.425448e-01 6.005562e+00 -6.296734e-01 7.908586e-01 2.451098e+00 -3.871311e-01 2.653671e-01 6.356767e-01 4.331856e-02 -1.065383e+00 -2.091632e+00 2.967394e-01 -1.388620e+00 -5.351230e-01
1.330961e+01 -1.040833e+01 1.234679e+01 1.122534e+01 -2.460579e+01 9.334309e+00 -1.837517e+01 -3.998302e+00 -4.356197e+00 -8.675810e-01 -1.357838e+00 3.818936e+00 -9.574702e-01 1.319116e+00 2.059613e+00 9.375820e-02 9.119837e-01 -1.920747e-01 -1.115196e-01 -1.158818e+00 -1.157090e+00 -1.850030e-01 -1.516913e+00 1.182614e-01
1.054420e+01 -8.790113e+00 1.370786e+01 1.193408e+01 -2.420094e+01 9.504272e+00 -1.793642e+01 -1.613647e+00 -7.682106e+00 -1.912256e+00 -4.643564e+00 3.613159e+00 -4.746389e-01 9.950177e-01 1.903988e+00 4.193687e-02 1.318501e+00 -5.337418e-01 -2.323971e-01 -1.121360e+00 -5.575417e-01 -1.949511e-01 -1.452313e+00 -2.006473e-01
1.145955e+01 -9.851868e+00 8.264516e+00 6.855970e+00 -1.586887e+01 2.538969e+00 -1.787713e+01 4.291595e+00 3.863664e+00 6.630331e+00 -7.504659e-01 7.779753e+00 9.580277e-01 -2.311499e+00 1.276084e-01 1.466174e+00 -2.051412e+00 2.085475e+00 -1.796083e+00 -1.718706e+00 1.132469e+00 1.336271e+00 -4.233058e-01 4.717441e-01
1.312524e+01 -1.189373e+01 9.732389e+00 5.035364e+00 -1.607631e+01 3.581676e+00 -1.203561e+01 2.525227e+00 4.939983e+00 3.505655e+00 -1.240686e+00 2.499386e+00 1.885314e+00 -3.058366e+00 -3.228248e-01 2.146679e+00 -1.775949e+00 2.422402e+00 -5.833555e-01 -1.387633e+00 8.467600e-01 1.313882e+00 -1.852537e+00 1.339791e+00
8.020964e-01 -5.882439e+00 -5.114542e+00 -1.422622e+01 -5.225478e+00 -7.276901e+00 -1.000677e+00 -4.637058e+00 -4.280299e+00 -4.568635e+00 3.555212e+00 -1.046115e+00 -1.191366e+00 -1.028825e+00 2.725151e-01 -2.509062e+00 -3.623037e+00 -3.724569e+00 -1.964262e+00 1.868199e+00 7.340006e-01 6.117371e-01 2.140486e+00 3.330701e-01
-4.821627e+00 2.613323e-01 -4.142153e+00 -1.814994e+01 -6.035991e+00 -9.142701e+00 1.373282e+00 2.015138e+00 -2.594793e+00 -2.027299e+00 7.643233e+00 1.322236e+00 -3.110853e+00 4.124446e-01 6.525159e-01 -6.178081e-01 -8.682798e-01 -3.423455e+00 -8.579003e-01 1.453507e+00 8.414611e-01 1.582086e+00 1.303712e+00 5.033665e-02
1.172290e+01 -7.693126e+00 1.617812e+01 1.207805e+01 -2.234553e+01 6.561813e+00 -1.835166e+01 -4.253385e+00 -6.674617e+00 -9.988378e-01 -5.664854e+00 5.839942e+00 -2.591315e-01 1.049877e+00 1.096349e+00 -7.968962e-01 2.552290e+00 -9.744769e-01 6.176218e-01 -1.020229e+00 3.888734e-01 -5.013196e-01 -1.365474e+00 5.784092e-02
-8.699347e+00 -3.579142e+00 -1.162528e+00 -1.042360e+01 -6.530481e+00 -1.100535e+01 -5.356312e-03 5.172536e+00 7.627936e-01 5.435203e+00 1.205575e+01 2.047612e+00 -2.151761e+00 1.348607e-01 9.488544e-01 6.131893e-01 4.099650e-01 -1.323584e+00 -6.631745e-01 1.337838e+00 3.098063e-01 2.597627e-01 -4.647676e-01 7.067781e-01
1.258048e+01 -7.489145e+00 1.792452e+01 1.082421e+01 -2.009447e+01 5.917398e+00 -1.794878e+01 -6.010369e+00 -5.926500e+00 -2.419329e+00 -5.650601e+00 3.991823e+00 -3.113616e-01 1.197104e+00 7.335663e-01 -9.906012e-01 3.033993e+00 -1.465672e+00 6.266804e-01 -1.913596e+00 1.195321e+00 -7.930506e-01 -1.147583e+00 6.859929e-01
-8.839733e+00 -4.910509e+00 -1.283336e+00 -1.403505e+01 -6.377851e+00 -1.699711e+01 -6.116153e+00 4.396129e-02 -2.866692e+00 9.061456e-02 4.564619e+00 -3.164188e+00 -7.493862e-01 -6.141665e-01 7.210304e-01 1.322465e+00 1.098397e+00 -4.338590e-01 -5.339427e-02 -8.098899e-01 2.175609e-01 -7.568606e-01 -2.447318e+00 -4.336497e-01
-7.947653e+00 -2.622215e+00 -1.799678e+00 -1.321772e+01 -3.004723e+00 -9.967618e+00 -5.718317e-01 3.037721e+00 -2.595318e+00 -4.328778e+00 2.770681e+00 4.730988e+00 1.224717e+00 4.626612e-01 5.055947e-02 1.514050e+00 2.061743e+00 1.255303e+00 5.643918e-01 -1.665799e+00 -9.897649e-01 -1.778031e+00 -1.847379e+00 -1.074771e-01
-8.944405e+00 -3.287964e+00 -2.184258e-01 -1.014056e+01 -2.306884e+00 -1.183086e+01 1.389548e+00 -9.669034e-01 1.720675e-01 -9.296118e-01 4.918075e-02 -2.187701e+00 2.147313e+00 9.129289e-01 4.319071e-01 2.540246e+00 2.290077e+00 2.113956e+00 7.020752e-01 -1.139284e+00 -8.295442e-01 -6.568226e-01 3.786511e-01 2.213008e-01
1.099581e+01 -5.809435e+00 1.572021e+01 7.795791e+00 -1.389758e+01 6.255361e+00 -1.528088e+01 -6.901087e+00 -3.289633e+00 -3.120643e+00 -7.681689e+00 3.918808e+00 -1.442091e+00 2.971285e+00 -1.222944e-01 -1.056660e+00 2.472193e+00 -1.739095e+00 1.953966e+00 2.536394e-01 -6.725607e-02 -8.857317e-01 -6.221509e-02 2.115552e-01
7.201826e+00 -2.246824e+00 6.496149e+00 2.114605e+00 -1.351054e+01 -2.967991e+00 -1.024630e+01 1.133999e+01 -1.526150e+00 -1.501483e+00 7.044530e-01 2.857946e+00 9.984592e-01 -3.828206e+00 6.117670e-01 1.635986e+00 -2.019125e+00 3.703982e+00 -1.796112e+00 -7.147337e-01 5.164136e-01 1.315596e+00 -1.887181e+00 2.530854e+00
4.959301e+00 -2.106304e-01 9.451126e+00 -1.571929e+00 -1.264111e+01 -4.077136e+00 -1.725129e+01 8.481453e+00 2.065205e+00 3.409498e+00 7.714036e+00 1.298384e+00 1.672373e+00 -3.578358e+00 9.321666e-01 3.588742e-01 -3.754287e+00 2.954249e+00 -1.814584e+00 1.191451e+00 2.833219e-01 1.454413e+00 -1.361596e+00 1.366316e+00
-2.523425e+00 -2.077109e+00 -1.442186e+00 -4.800601e+00 1.742750e+00 -7.311954e+00 -9.362478e-01 -2.651027e+00 -5.705410e+00 -2.944841e+00 5.076579e+00 1.021983e+00 2.092746e+00 3.474399e-01 -2.341711e-01 -6.302929e-02 3.880310e-01 1.016773e+00 6.199793e-01 5.034450e-01 1.730562e-01 -6.930860e-01 -4.379630e-01 -2.034650e+00
9.350933e+00 -3.746438e+00 1.760464e+01 9.122206e+00 -1.325495e+01 2.329136e+00 -1.633840e+01 -9.857776e+00 -3.397991e+00 -4.816607e+00 -9.373060e+00 8.003690e+00 -2.409128e+00 3.035912e+00 -1.131647e+00 -1.046036e+00 3.593848e+00 -2.420584e+00 4.156262e+00 2.940733e+00 -1.625416e+00 -5.805841e-01 1.992508e+00 -3.725571e-01
-8.152819e-01 -6.184177e-01 6.974535e-01 -5.542380e+00 2.698796e+00 -7.755161e+00 -2.423569e+00 -2.808087e+00 -5.459367e+00 -3.885467e+00 5.304926e+00 -2.031810e-01 2.310809e+00 -9.487052e-02 -7.022629e-01 -5.749552e-01 5.978661e-01 9.428734e-01 1.815443e+00 2.865049e+00 1.344805e+00 -1.288655e+00 -2.562930e+00 -2.382858e+00
1.055022e+01 3.447614e+00 5.346313e+00 1.979688e+00 -7.490843e+00 -1.215153e+01 -6.288732e+00 4.887151e+00 2.718986e+00 1.004274e-01 4.208078e+00 -4.274015e+00 2.244152e+00 -1.501777e+00 2.087344e+00 6.043736e-01 -4.552472e+00 2.918394e-01 -4.170829e+00 3.888655e+00 -3.070758e-01 -2.936971e-01 -7.188374e-01 1.496372e-01
1.963811e+00 -5.821084e+00 -2.569908e+00 -9.044706e+00 -2.688954e+00 -1.744053e+00 -1.328991e+00 -2.318775e+00 -4.552451e+00 -2.817896e+00 2.296330e+00 -1.869008e+00 7.998900e-01 -1.580936e+00 -5.048341e-01 -4.633145e+00 -4.835423e+00 -2.727456e+00 -1.390409e+00 5.022672e-01 -1.309437e+00 -1.711851e+00 4.225350e-01 -1.161025e-01
-1.548484e+00 -2.219788e+00 -3.428473e+00 -1.583195e+01 -3.567408e+00 -6.921602e+00 4.434623e+00 6.475537e+00 1.085681e+00 -6.316280e+00 -2.047007e+00 -6.434520e+00 1.782004e+00 -7.501414e-01 -1.056586e+00 -2.205619e-02 -2.381615e-01 3.775024e-03 1.913666e+00 1.565099e+00 1.907317e+00 -1.387375e+00 -4.085660e+00 -2.168340e+00
6.127224e+00 5.291947e+00 1.572658e+01 7.645749e+00 -1.340432e+01 -3.395314e-01 -9.387020e+00 -1.061485e+00 -8.275151e+00 -4.228857e+00 -4.114700e+00 4.891784e+00 -2.820728e+00 2.376693e+00 -2.116301e+00 -1.607611e+00 4.445389e+00 -2.449733e+00 5.251710e+00 4.147966e+00 -1.402601e+00 -6.413021e-02 3.356537e+00 -1.706228e+00
2.122169e+00 -3.690977e+00 -2.736597e+00 -7.499660e+00 3.337525e+00 -7.311670e+00 7.781330e+00 8.795059e+00 3.500549e+00 -5.687167e+00 -9.203674e+00 -1.037374e+01 2.132909e+00 -6.181016e-02 -1.752276e+00 1.575582e+00 -7.505040e-02 9.855007e-01 1.993058e+00 6.749477e-01 1.573661e+00 -2.418222e-01 -3.022279e+00 -4.030212e-01
3.089175e+00 3.150841e+00 5.646475e+00 3.308451e+00 -3.147206e-01 -6.597798e+00 -4.941478e+00 -2.056048e-01 1.400806e+00 -4.567366e+00 3.815481e+00 -7.662123e-01 3.416694e+00 -9.502341e-01 3.459122e+00 6.001624e-01 -5.238905e+00 -1.827519e+00 -6.321927e+00 1.703739e+00 -3.722031e-01 -1.554441e+00 1.060590e-01 -1.062912e+00
2.969134e+00 2.139724e+00 1.226309e+01 5.669050e+00 -2.371861e+00 -2.888074e+00 -1.143975e-01 5.773493e+00 -1.156082e+01 -4.768142e+00 2.528442e+00 1.642550e+00 -2.626729e+00 2.914222e+00 -4.297790e+00 -2.651217e+00 5.576730e+00 -7.551863e-01 5.223192e+00 1.807527e+00 -2.531864e-01 7.274990e-02 1.458094e+00 -2.865020e+00
-6.135235e+00 4.606189e+00 -3.311226e+00 -2.430910e+00 9.911186e+00 3.918172e+00 1.116709e+01 -2.001503e+00 -1.928380e+00 2.771816e+00 4.026775e+00 1.977883e+00 1.702152e+00 -3.663062e+00 -1.166779e+00 -3.864602e+00 -4.248879e+00 -1.145822e+00 -1.535417e+00 2.155533e-01 -1.309606e+00 -2.171123e+00 -1.848207e-01 -2.498196e-01
4.917870e+00 -4.291536e+00 -5.008090e+00 -3.932242e+00 2.325778e-01 -7.514824e+00 3.529631e+00 -6.271024e-01 -6.487859e-01 -8.980864e+00 -8.097425e+00 -4.734440e+00 1.984912e+00 1.356562e+00 -1.046852e+00 2.919597e+00 1.481615e+00 2.261320e+00 6.219168e-01 -1.551377e+00 2.978438e-01 8.583761e-01 -1.771634e+00 -7.052878e-01
-3.083872e+00 3.581325e+00 -2.038247e+00 -3.347453e+00 3.088617e+00 -3.166857e+00 4.452942e+00 -3.759753e+00 3.414289e-01 3.955434e+00 6.247918e+00 3.142058e+00 4.442217e+00 -3.603873e-02 3.031153e+00 6.272599e-01 -4.409282e+00 -3.492108e+00 -4.843954e+00 4.631699e-01 -1.429543e-01 -1.500044e+00 5.057464e-01 -7.476606e-01
6.616088e+00 1.084054e-01 -7.274117e+00 -3.614328e+00 4.235516e-01 -2.531047e+00 7.994215e+00 4.117971e+00 3.276169e+00 -3.762286e+00 -6.781259e+00 -3.068327e+00 7.190553e-01 2.859721e+00 -1.091274e+00 1.040390e+00 1.877235e+00 2.668530e+00 3.606242e-01 -2.255639e+00 -4.513908e-01 1.233423e+00 -5.017578e-01 -1.345795e+00
-5.352411e+00 2.921700e+00 -2.519640e+00 -8.818707e-01 1.057279e+01 -1.102958e+00 2.241446e+00 -1.813975e+00 2.776435e+00 2.861731e+00 5.294776e+00 3.907497e-01 3.364202e-01 -3.890780e+00 -9.293762e-01 -1.942938e+00 -1.782001e+00 2.146826e-01 -3.684511e-01 8.053042e-01 1.745205e-01 3.357902e-01 1.706947e+00 5.486032e-01
8.306885e-02 3.130949e+00 7.809474e+00 1.484313e+00 2.887823e+00 -3.384702e+00 2.865666e+00 6.023108e+00 -6.221223e+00 -3.465527e+00 3.150245e+00 -1.431763e+00 -2.408532e+00 1.530451e+00 -4.225358e+00 -1.998296e+00 5.443923e+00 -9.375334e-03 3.232203e+00 -1.994741e+00 1.962681e+00 1.528567e+00 5.946081e-01 -1.643954e+00
-3.713827e+00 5.841702e+00 -7.113785e+00 -2.863417e-01 1.161510e+01 6.227249e+00 9.379482e+00 4.425052e+00 2.098098e+00 6.356272e+00 3.855801e+00 9.439564e-01 -4.476234e-01 -4.356445e-01 -6.390292e-01 5.659828e-01 -6.476343e-01 -3.799929e-01 9.691437e-01 8.121516e-01 6.013161e-01 -2.111926e-01 2.085682e+00 1.109340e+00
-5.307125e+00 4.473684e+00 -4.152203e+00 -1.909170e+00 8.263682e+00 5.681224e-01 8.987509e+00 4.286210e+00 5.114999e+00 9.254202e+00 6.163821e+00 2.904906e+00 2.265166e+00 -1.394644e-01 2.911430e+00 6.265143e-01 -2.477559e+00 -1.956606e+00 -3.441435e+00 -7.285550e-01 -2.754422e-01 -1.007100e+00 3.432435e-01 3.541351e-01
6.129117e+00 2.663330e+00 -6.393971e+00 -3.176635e+00 5.297653e+00 1.994685e+00 7.437764e+00 1.057198e+00 2.687089e+00 -2.986839e+00 -1.211638e+01 -1.361367e+01 -5.744153e-01 3.054040e+00 -2.282651e-01 1.014832e+00 2.632850e+00 2.571780e+00 1.304009e-01 -1.375424e+00 -9.492406e-01 1.178173e+00 -4.160748e-02 -9.932019e-01
-5.610392e+00 4.511780e+00 -3.718445e+00 -1.272433e+00 1.166048e+01 1.662273e+00 6.314128e+00 -2.809621e+00 -1.230794e+00 2.440341e+00 -6.020545e+00 -4.419138e+00 2.251747e-01 4.430656e-01 -6.286348e-01 1.073267e+00 1.474418e+00 1.775086e+00 2.113291e+00 2.095709e+00 -3.048357e-02 5.942113e-01 3.269784e-01 1.702484e+00
-5.275648e+00 5.421288e+00 -3.467787e+00 -2.434510e+00 1.217232e+01 4.666253e+00 8.622292e+00 -4.568896e-01 1.762150e+00 7.118877e-01 -2.834742e+00 -6.777892e+00 -2.082958e-01 -8.737276e-02 -3.589268e-01 1.094565e+00 -3.446817e-04 1.162857e+00 1.812028e+00 1.355144e+00 4.334117e-01 2.419755e-01 1.833997e+00 1.314069e+00
-6.680000e+00 7.690594e-01 -6.034373e+00 -9.832773e-01 1.009195e+01 4.489017e+00 1.339069e+01 5.259916e+00 5.101118e+00 6.071686e+00 -1.292380e+00 -5.129544e+00 8.621414e-01 5.099972e-02 -1.276288e+00 -9.814166e-01 -2.835401e+00 -5.507674e+00 -3.889186e+00 -1.244100e+00 -1.358805e+00 -2.838044e+00 4.504631e-01 1.497412e+00
-7.891708e+00 1.345791e+00 -6.339568e+00 -3.111733e+00 4.798856e+00 -1.948673e+00 4.286886e+00 -3.087874e+00 1.386604e+00 1.938016e+00 1.389665e+00 -8.673424e-01 1.406439e+00 3.646831e-01 -1.391025e+00 -1.045175e+00 -3.170356e+00 -5.745736e+00 -3.398435e+00 -1.014766e-01 -1.105875e+00 -3.669082e+00 -2.397546e-01 1.942157e+00
-1.763439e+00 7.356925e-01 -1.226322e+01 -4.826132e+00 -1.438512e+00 -1.983050e+01 -1.503341e+00 3.213312e+00 1.643506e-01 -6.051696e+00 -3.810866e-01 2.264170e-01 8.711612e-01 8.686296e-01 4.058321e-01 2.821433e-01 -7.409319e-01 -2.035198e+00 -1.896630e+00 -4.409676e-01 -9.655222e-01 -1.966186e+00 3.085276e-01 1.647504e+00
-2.106088e+00 2.609159e+00 -9.875074e+00 -4.287726e+00 5.400181e-03 -1.207990e+01 3.845524e+00 5.775835e+00 2.040126e+00 -6.212032e+00 -2.946800e+00 1.903261e+00 -1.753080e-01 8.760975e-01 1.760724e+00 1.307955e+00 2.198130e+00 2.417144e+00 1.531771e+00 1.331391e-01 -3.446437e-01 3.833742e-01 1.032008e-01 9.297497e-01
-5.217005e+00 4.480524e+00 -2.237460e+00 1.015436e+00 8.784017e+00 -6.213571e-01 4.128218e+00 -1.376777e+00 -5.325358e-02 3.157806e-01 2.418490e+00 1.722676e+00 -1.559646e+00 2.779936e-01 1.856984e+00 1.047531e+00 3.802853e+00 6.720035e+00 2.962908e+00 -3.606931e-01 9.257839e-01 2.092895e+00 5.765298e-01 9.215195e-01
-7.041466e+00 3.853863e+00 -2.548827e+00 5.072584e-01 1.067824e+01 5.324745e-01 9.129964e+00 -1.271346e-01 -2.278125e-01 6.711485e-01 5.058805e-01 3.033276e+00 -1.162977e+00 -1.073528e-01 5.959495e-01 3.866852e-01 2.158697e+00 3.359930e+00 1.282308e+00 -2.855512e-01 8.743796e-01 2.144253e+00 1.166528e+00 -3.103728e-01
-7.093979e+00 1.503308e+00 -6.641422e+00 -1.985971e+00 1.223934e+01 7.463482e+00 1.066898e+01 4.361331e+00 5.927239e+00 9.711888e-01 7.752224e-01 4.269007e+00 -2.142529e-01 -9.567837e-02 -6.579958e-01 -4.879189e-01 -5.420308e-01 3.317679e-01 8.540155e-01 4.053048e-01 6.665273e-01 1.198620e+00 1.237616e-01 -2.150850e-01
-6.982487e+00 3.561002e+00 -4.693346e+00 -8.535967e-01 9.071226e+00 6.773295e-01 6.986683e+00 1.479025e+00 3.421777e+00 4.181529e+00 3.707473e+00 -9.217681e-01 6.348248e-02 -4.131177e-01 8.104985e-01 1.462944e-01 -9.986210e-01 -1.491036e+00 -1.553058e+00 -1.762116e+00 5.198288e-03 1.897227e+00 1.321440e+00 -7.425268e-01
-6.317759e+00 4.148562e+00 -4.455179e+00 -7.437310e-01 6.877370e+00 9.650548e-01 9.469936e+00 -1.533322e-01 1.454588e+00 4.553692e+00 1.436502e+00 2.624773e+00 3.160702e-01 1.314608e-01 1.435550e+00 -1.092986e-01 -1.298867e+00 -1.711488e+00 -2.159353e+00 -2.768216e+00 -8.636358e-01 6.875437e-01 2.392777e-01 -2.571928e+00
-7.112164e+00 4.656472e-01 4.105444e-01 6.176105e-01 8.366120e+00 -3.673491e+00 1.964197e+00 -6.680384e+00 2.034505e+00 8.366033e+00 6.782440e+00 1.427589e-01 6.719002e-01 2.952638e-01 -2.929303e-01 -1.522460e+00 -1.995801e-01 -6.824292e-01 -1.809698e+00 -1.173233e+00 -2.679869e-01 -4.902079e-01 -6.939679e-01 -1.724217e+00
-5.448790e+00 3.708290e+00 -2.015615e+00 -3.268068e+00 6.097555e+00 1.081453e+00 2.383454e+00 -5.400044e+00 2.302696e+00 2.316655e+00 4.341274e-01 -9.122898e+00 4.469427e-01 5.518247e-01 -6.314856e-01 -8.878740e-01 9.663326e-01 2.274912e-01 -6.794378e-01 -3.959794e-02 -5.747480e-01 -9.743727e-01 -2.095771e+00 -1.789960e+00
-4.057470e+00 5.257457e+00 -7.377779e+00 -7.203726e+00 8.463234e+00 -2.793015e+00 1.481435e+00 -1.763785e+00 1.657788e+00 2.849008e+00 7.388211e-01 -3.669019e+00 3.511429e-01 1.071477e+00 -9.459492e-01 -4.108606e-01 1.317533e+00 1.726031e+00 1.724686e+00 1.503741e+00 -4.078200e-01 -1.518461e+00 -2.568903e+00 -9.137541e-01
-3.938093e+00 4.742536e+00 -5.593358e+00 1.207215e+00 7.491939e+00 8.610251e-01 4.114793e+00 -3.052286e+00 2.557069e+00 1.573575e+00 3.707536e-01 5.057710e-01 -1.711233e+00 -5.603125e-01 8.691887e-01 3.791789e-01 -9.421606e-02 1.607851e+00 1.184205e+00 2.005110e-02 3.755690e-01 1.147018e+00 1.576202e+00 1.177780e-01
-5.920942e+00 4.962255e+00 -4.364735e+00 -5.552092e-01 8.459707e+00 6.756865e+00 8.715464e+00 -6.151810e+00 -1.907788e+00 6.434976e-01 2.803845e+00 -1.805117e-01 -1.471039e+00 -7.743217e-01 4.492038e-01 1.016607e-01 -2.167185e-01 -9.381094e-02 9.159994e-01 3.073716e-01 3.617294e-02 4.267718e-01 1.940620e+00 5.233785e-01
-7.525330e+00 5.879011e+00 -9.387949e-01 1.415646e+00 1.469211e+01 7.672999e+00 1.014474e+01 3.372316e-01 -1.223919e-01 -7.281805e-01 7.415822e-01 -6.080006e-01 -7.736813e-01 -1.052163e+00 -2.729747e-01 -5.074605e-01 9.876315e-01 -5.928649e-01 9.948107e-01 1.505226e+00 8.805661e-02 9.180405e-01 1.483225e+00 6.718111e-01
-6.878195e+00 2.810038e+00 -4.587990e+00 -6.952510e-01 8.758200e+00 -2.130383e+00 6.462199e+00 -1.755617e+00 1.516934e+00 1.689791e+00 6.809350e+00 1.519577e+00 6.923294e-03 -1.011584e+00 -4.105975e-01 4.545259e-01 1.431683e+00 -8.121709e-01 -5.119629e-02 1.849838e+00 2.246400e+00 1.188265e+00 1.989496e-01 3.359528e-01
-7.327873e+00 5.578320e-01 -6.846604e+00 -1.260066e+00 1.228085e+01 2.340325e+00 1.021548e+01 2.275750e+00 1.284991e+00 5.640631e+00 5.784128e+00 3.014782e+00 7.446505e-01 -3.562571e-01 -4.550492e-01 8.811378e-02 -1.752842e-01 3.199620e-01 -7.299226e-01 5.303985e-01 7.328626e-01 9.898833e-01 4.281240e-02 2.228002e-01
-5.985054e+00 2.564927e+00 -3.463818e+00 3.055276e+00 1.682375e+01 5.362348e+00 8.424113e+00 2.128120e+00 8.620520e+00 3.400419e+00 1.277320e+00 -3.121395e-01 5.308329e-01 9.694176e-01 5.827242e-01 -2.708799e-01 -2.547120e-01 1.846635e+00 9.052715e-01 1.217553e+00 5.173563e-01 4.764038e-01 -8.144931e-01 -3.281332e-01
-4.248648e+00 4.220282e+00 -3.776127e+00 -1.904869e-02 9.782911e+00 5.526443e+00 5.514170e+00 1.047355e+00 -9.871468e-03 3.365922e+00 3.721659e+00 1.421858e+00 -2.748590e-01 5.896551e-01 3.183688e-01 -5.424709e-01 -1.229115e+00 4.579864e-01 1.230696e+00 -1.906238e-02 6.741420e-01 1.973074e-01 -3.449111e-01 -6.090965e-01
-5.763643e+00 5.825901e+00 -3.209608e+00 -2.670159e+00 8.733609e+00 5.509730e+00 1.333921e+01 4.946344e+00 4.751147e+00 5.209164e+00 3.768120e+00 6.753730e-01 -7.575991e-01 -2.291114e-01 -1.658646e-01 -1.112818e+00 -2.257250e+00 -1.248370e+00 1.535605e-01 -9.735383e-01 -1.035483e+00 -1.247539e+00 6.179406e-01 2.942644e-01
-8.812874e+00 1.875620e+00 -5.381866e+00 -1.109703e+00 1.018034e+01 4.556565e+00 1.391141e+01 7.713261e-01 6.590387e+00 5.722795e+00 2.814173e+00 -5.244564e-01 -4.913675e-01 7.019451e-02 3.573560e-01 -2.977447e-01 1.673394e-01 -1.043673e+00 -8.778545e-01 -1.914937e-01 1.266732e+00 -1.595956e+00 -9.233776e-01 -7.734857e-01
-7.490936e+00 2.591700e+00 -3.490272e+00 -1.963485e+00 5.338781e+00 -3.945619e-01 4.993296e+00 -2.601557e+00 1.429736e-01 -4.015714e+00 4.820766e+00 2.132340e+00 -1.858887e-01 -8.985820e-02 -1.022015e-02 1.703403e-01 4.443366e-01 -1.758561e+00 -1.321636e+00 -6.031504e-01 2.844292e-01 -1.473174e+00 -2.018974e+00 -2.049110e+00
-5.841839e+00 6.188354e+00 -1.849015e+00 -1.861109e+00 1.231702e+01 3.260223e+00 5.297855e+00 3.863837e+00 8.627877e+00 -1.417518e-03 -1.421552e+00 -3.174054e+00 5.597401e-01 3.085166e-01 -2.965483e-02 1.545436e-01 3.560427e-01 -9.375922e-01 -3.090986e-01 2.629978e-01 -6.981966e-01 1.297792e-01 -9.726299e-01 -1.746769e+00
-8.178604e+00 3.220243e+00 -5.027134e+00 -1.442754e+00 9.886952e+00 -2.634903e+00 1.103781e+01 3.843367e-01 5.154549e+00 7.053985e-01 -4.208886e+00 -8.245377e+00 9.257061e-01 7.099247e-01 -2.186228e-01 9.712923e-01 1.353287e+00 8.372815e-01 9.383926e-01 -2.360899e-01 -1.486445e+00 6.221476e-01 -1.506991e+00 -1.210358e+00
-5.670340e+00 3.103931e+00 -4.761709e+00 -5.973501e-01 9.686471e+00 9.887750e-01 9.343660e+00 5.933685e-01 5.936167e-01 4.011136e+00 2.465849e+00 -4.069444e+00 1.344224e+00 4.830387e-01 -6.432158e-01 8.374640e-01 -5.215495e-01 4.928815e-01 2.235104e-01 -1.267785e+00 -2.946230e+00 -5.628730e-01 -3.633973e-01 8.602800e-01
-2.948155e+00 7.683536e+00 -3.127039e+00 2.261097e+00 1.342049e+01 4.927569e+00 7.662356e+00 -2.146771e+00 -3.272124e+00 -2.911252e+00 -4.657889e+00 -3.471755e+00 1.028437e+00 5.084891e-01 9.364662e-02 2.441478e-01 1.458822e-01 1.191867e+00 -1.844180e+00 -1.305774e+00 -1.400313e+00 -1.525213e+00 -1.307673e-02 1.353875e+00
-1.735945e+00 6.371902e+00 -6.015141e+00 4.742851e-01 7.942507e+00 1.943394e+00 8.103133e+00 -1.209535e+00 -1.889938e+00 -1.007457e+00 -3.014037e+00 -1.259464e+00 1.536759e-01 2.882108e-01 4.265045e-02 -7.075592e-01 -1.756284e-01 -5.112487e-01 -1.631996e+00 -1.608366e+00 -2.594059e-02 -1.680127e+00 -6.514375e-01 4.145749e-01
-5.003616e+00 4.128703e+00 -3.932184e+00 -7.578330e-01 1.148835e+01 2.847124e+00 2.437171e+00 -5.243082e+00 -6.052382e-01 -4.411371e+00 -1.534326e+00 -2.880992e+00 -2.393374e-01 -4.620915e-02 5.269362e-01 -8.110338e-01 -6.238326e-01 -1.585057e+00 -1.744234e+00 -8.761210e-01 8.237150e-02 -5.800920e-01 5.488583e-01 -8.698571e-03
-3.874229e+00 6.322402e+00 -4.145884e+00 -2.625681e+00 9.774402e+00 -5.272456e-01 3.796275e+00 -5.900307e+00 -8.695290e-01 -3.639441e+00 -2.353119e+00 -2.291951e+00 -1.885522e-01 3.312011e-01 5.838979e-01 -6.341960e-01 8.808722e-02 -1.143667e+00 -1.153493e+00 -3.421500e-01 -1.524104e-01 7.918787e-02 2.139316e-01 -7.321439e-02
-3.075700e+00 7.477240e+00 -1.426987e+00 -2.440891e-01 9.385379e+00 -1.762394e+00 1.094616e+00 -4.181991e+00 -3.370471e+00 -4.495720e+00 -2.244056e+00 -2.999005e+00 2.953470e-01 4.481110e-01 -1.034500e-01 -4.719354e-01 -4.447813e-01 -9.577541e-01 3.502172e-02 6.033980e-01 -1.728117e-01 1.075415e+00 6.532288e-02 3.354346e-01
-3.642664e+00 6.353640e+00 -4.348251e+00 -2.953567e+00 9.434426e+00 -1.470180e+00 3.006945e+00 -3.450830e+00 -1.269374e+00 -5.693427e-01 -1.589514e+00 -1.566530e+00 -1.038332e-02 -1.061125e-01 -3.325998e-01 -3.365249e-01 -6.309025e-02 -1.593653e-01 3.336692e-02 5.630113e-01 1.301407e-01 1.006657e+00 2.181752e-01 2.883317e-01
-1.316618e+00 7.249884e+00 -4.506728e+00 -1.099339e+00 1.344188e+01 1.744658e+00 4.897175e+00 -1.597717e+00 -3.661096e-03 -1.594946e+00 -2.708337e+00 -1.654201e+00 -2.010451e+00 -7.805255e-01 2.963836e-01 -1.040040e-01 -5.286800e-01 5.354031e-01 6.685758e-01 -5.750653e-01 8.783259e-01 1.562984e+00 2.405098e+00 1.041092e+00
-6.047232e+00 4.155632e+00 -7.474743e+00 -2.223946e+00 8.484198e+00 7.387805e-01 9.008898e+00 1.394597e+00 2.160401e+00 2.100920e+00 4.970634e+00 2.197767e-01 -3.811844e-01 -4.770524e-01 8.348399e-02 2.789221e-01 -9.166015e-01 -1.269747e+00 2.317496e-01 5.386542e-01 6.184262e-01 1.141822e+00 1.464650e+00 1.605037e+00
-1.271325e+00 7.536759e+00 -5.213742e+00 -2.081833e-01 1.267210e+01 2.139846e+00 6.132860e+00 -2.040070e+00 -2.952300e+00 -5.344050e+00 -4.383337e+00 -4.600461e-01 -2.221437e+00 -4.993201e-01 5.343069e-01 5.993603e-01 -4.695911e-02 -2.526181e-01 -6.497560e-01 2.730878e-01 9.503897e-01 1.029894e+00 2.428374e+00 2.958661e+00
-7.462717e+00 2.966386e+00 -4.910113e+00 1.452199e+00 1.026637e+01 1.726045e+00 1.096654e+01 3.253937e-01 1.576661e+00 6.898621e-01 5.051768e-01 -2.371271e+00 2.000017e-01 -4.202704e-01 1.347362e+00 -5.807446e-01 -1.727349e+00 -1.895887e+00 -9.874471e-01 -1.347800e+00 -5.587399e-02 2.351606e-01 5.977421e-01 7.081333e-01
2.797927e+00 7.467771e+00 -6.036461e+00 6.725101e-01 8.513024e+00 3.440439e+00 4.363551e+00 -3.782591e+00 -3.544733e+00 -3.712610e+00 -6.844600e+00 -4.903061e+00 -2.127462e+00 9.579674e-01 6.060771e-01 6.621920e-01 1.876939e+00 3.635676e-02 -6.578702e-01 -4.024611e-01 -7.909458e-01 -4.320002e-03 2.413574e+00 3.612199e+00
5.111821e+00 7.130194e+00 -7.500026e+00 -2.675511e+00 1.019116e+01 1.276226e+00 7.630384e+00 -3.325288e+00 -4.243433e-01 -2.517064e+00 -9.702984e+00 -1.266311e+01 -1.910602e+00 1.966115e+00 4.478260e-01 1.066143e+00 2.771247e+00 1.078754e+00 -6.796923e-01 -1.715587e+00 -1.868876e+00 -3.889298e-01 1.006763e+00 1.392717e+00
-4.050554e+00 8.061480e+00 6.942167e-01 1.015373e+00 9.388046e+00 -1.868340e+00 4.891190e+00 -5.967224e+00 -1.396713e+00 3.447167e+00 2.980093e+00 -9.268954e-01 -1.702839e+00 -6.032993e-01 -2.483529e+00 -7.659158e-01 1.813689e+00 1.342700e+00 1.519308e+00 -1.350076e+00 1.705301e+00 2.017094e+00 1.276290e+00 1.036968e+00
-7.606306e-01 1.190517e+01 7.425117e-02 -1.053159e+00 6.482622e+00 7.578969e-02 3.651213e+00 -4.362435e+00 -5.690887e+00 -4.834523e+00 -5.715062e+00 -3.159634e+00 -2.077672e+00 6.494480e-01 -3.668072e+00 -1.357078e+00 3.238953e+00 5.086594e-01 6.737211e-01 -2.716527e+00 3.349902e+00 2.217244e+00 5.362515e-01 -1.998733e-01
