1.379126e+01 -8.247991e+00 -4.085793e+00 -1.163502e+01 -2.507586e+01 4.765890e+00 1.161681e+01 -1.660461e+00 4.268168e+00 2.545979e+00 -9.132988e+00 -2.664132e+00
1.400034e+01 -1.138206e+01 -1.444759e+00 -1.601519e+01 -1.812878e+01 5.278618e+00 1.091670e+01 -3.122330e-03 2.147527e+00 7.602443e-01 -8.042599e+00 -5.124914e+00
1.287209e+01 -1.095812e+01 -3.483057e+00 -1.521751e+01 -1.494254e+01 6.752938e+00 1.022136e+01 1.152497e+00 -2.164836e+00 1.675260e+00 -8.069928e+00 -6.339029e+00
1.276640e+01 -1.149434e+01 -4.430799e+00 -1.519582e+01 -1.026662e+01 7.908454e+00 1.061872e+01 -8.273002e-01 -3.283234e+00 1.537514e+00 -9.818743e+00 -2.493127e+00
1.430210e+01 -4.729781e+00 -5.617389e+00 -7.752090e+00 -2.834690e+01 7.851967e-01 1.196176e+01 -4.667794e+00 9.691615e+00 1.433992e+00 -4.725229e+00 -5.045367e+00
1.052841e+01 -1.533420e+01 -1.036277e+01 3.477627e+00 2.127938e+00 -7.331650e+00 5.470258e+00 -1.598010e+01 8.432846e+00 1.091395e+01 -9.843265e+00 -4.519807e-01
1.018280e+01 -1.524316e+01 -9.399628e+00 8.868804e-01 -2.415175e-01 -6.373583e-01 4.466250e+00 -1.548077e+01 4.327415e+00 1.074580e+01 -9.440091e+00 1.031131e+00
1.343330e+01 -1.231435e+01 -8.506262e+00 -7.628475e+00 -6.210472e+00 9.268533e+00 7.003303e+00 -5.592160e+00 -3.700369e+00 5.755273e-01 -8.362244e+00 2.332353e+00
1.502828e+01 -6.734380e-01 -5.816253e+00 -8.069451e+00 -2.352668e+01 -1.075735e+01 1.375693e+01 -4.335837e+00 8.358023e+00 4.459517e+00 -9.001525e-01 -4.421882e+00
1.244127e+01 -1.489432e+01 -8.643309e+00 -3.628041e+00 -3.419907e-01 2.829730e+00 7.920039e+00 -1.252644e+01 -2.397846e+00 6.715815e+00 -5.230468e+00 -2.036261e+00
1.418425e+01 -1.367284e+01 -9.287597e+00 -4.704917e+00 -5.287375e+00 8.883161e+00 6.397334e+00 -7.071529e+00 -6.881351e+00 2.828819e+00 -4.756416e+00 -1.900379e-01
1.226975e+01 -1.144978e+01 -5.403986e+00 -1.267866e+01 -6.675571e+00 6.302028e+00 9.502651e+00 -3.888665e+00 -3.383967e+00 2.756390e+00 -1.115805e+01 2.574181e+00
1.130244e+01 -1.451749e+01 -1.158187e+01 7.667325e+00 1.344872e-01 -8.835790e+00 2.670658e+00 -1.196643e+01 8.255552e+00 8.247034e+00 -5.971590e+00 -2.952252e+00
1.528932e+01 2.999764e+00 -4.369500e+00 -9.019310e+00 -2.124743e+01 -1.430420e+01 9.323771e+00 -4.959539e+00 4.252572e+00 3.849133e+00 1.695863e+00 8.650755e-01
1.206668e+01 -1.374953e+01 -1.078836e+01 1.005232e+01 7.416804e-01 -1.243447e+01 1.915641e+00 -8.937759e+00 7.290590e+00 1.650139e+00 1.248799e+00 -4.583465e+00
1.568160e+01 3.925548e+00 -3.115713e+00 -3.931501e+00 -2.031759e+01 -1.526078e+01 7.896016e+00 -6.416580e+00 -8.013272e-02 1.714814e+00 2.758139e+00 1.349833e+00
1.610057e+01 6.559263e+00 -1.226147e+00 -4.206821e+00 -1.426721e+01 -1.518162e+01 1.949270e+00 -3.674225e+00 -5.791442e+00 -1.320027e+00 4.047835e+00 -1.052543e+00
1.186400e+01 -9.259841e+00 -1.066775e+01 1.233937e+01 4.225187e+00 -1.157873e+01 -3.350835e+00 4.601921e+00 -3.108297e+00 1.816508e+00 5.340909e+00 -6.761806e+00
1.539740e+01 6.998284e+00 2.891995e+00 -5.198394e+00 -1.388368e+01 -9.737268e+00 7.709782e-01 -1.972119e+00 -9.815013e+00 -4.095126e+00 1.574138e+00 -4.737753e-01
1.491173e+01 6.794058e+00 1.533630e+00 -1.008471e+00 -1.624364e+01 -1.092018e+01 6.458081e+00 -2.254590e+00 -7.490157e+00 -6.674613e+00 3.698562e+00 -8.895620e-01
1.144273e+01 -2.930537e+00 -6.289578e+00 1.638087e+01 7.314339e+00 -1.078447e+01 -8.037395e+00 9.985140e+00 -1.500345e+01 -7.160318e+00 4.493730e+00 -7.065586e+00
1.131033e+01 1.013263e+00 -3.629808e+00 1.227876e+01 9.079459e+00 -9.034818e+00 -8.548223e+00 9.613831e+00 -1.256841e+01 -1.230785e+01 6.587166e+00 -5.120966e+00
1.017163e+01 -1.779600e+00 -4.688126e-01 1.512592e+01 3.971288e+00 -7.364217e+00 -5.654475e+00 9.671736e+00 -1.315576e+01 -1.012236e+01 3.501367e+00 -4.515857e+00
9.150743e+00 -3.334952e+00 2.415340e+00 1.399544e+01 3.305339e+00 -2.216870e+00 -6.835183e+00 1.189920e+01 -1.515952e+01 -8.677956e+00 2.407208e+00 -4.787801e+00
1.244642e+01 1.067714e+01 1.319816e+00 -1.080829e+00 -1.144658e+01 -8.082649e+00 4.860842e+00 -2.510466e+00 -5.454274e+00 -6.541531e+00 4.084241e+00 -4.303679e-01
9.414968e+00 -7.734251e-02 -4.577096e-01 1.516437e+01 4.314359e+00 -4.082335e+00 -6.924018e+00 1.343583e+01 -1.002856e+01 -9.596868e+00 -1.249689e-01 -1.218225e+00
6.897909e+00 2.523985e+00 3.220802e+00 1.376855e+01 1.009121e+01 -5.093224e+00 -4.643383e+00 1.234958e+01 -8.111745e+00 -3.495633e+00 -3.474816e+00 -3.150906e+00
3.193988e+00 1.439145e-01 5.374018e+00 1.073195e+01 9.527309e+00 -1.280283e+00 2.404738e+00 1.476332e+01 -6.739809e+00 -9.313712e+00 -1.129169e+00 4.375065e+00
1.738981e+00 1.515080e+00 8.320989e+00 1.315542e+01 7.750246e+00 -3.309638e+00 -3.272973e+00 4.680801e+00 -6.342866e+00 -1.377523e+01 -4.355004e+00 -3.181031e-01
4.506174e+00 1.075125e+01 7.535497e+00 4.058305e+00 2.742480e+00 -6.182706e+00 -3.967632e+00 3.951918e+00 1.990988e+00 -2.929724e+00 -6.334295e-01 4.251988e+00
3.288125e+00 1.119030e+01 6.825022e+00 1.090323e+00 1.611496e+00 -5.675545e+00 -8.075577e+00 3.414554e+00 -6.180789e-01 -5.476320e+00 -5.526730e-01 2.129065e+00
1.553141e+00 5.311729e+00 -1.430012e+00 1.230332e+00 -4.312506e+00 -3.803043e-01 7.842243e+00 9.695445e-01 -2.722457e+00 8.110672e-01 4.614579e+00 3.909573e+00
-2.269956e+00 1.064081e+00 7.570382e+00 1.072856e+01 2.616050e+00 -5.986541e+00 -6.601865e+00 4.723131e+00 -1.449887e+00 -1.047989e+01 -7.518295e+00 -3.143508e+00
-1.033401e-01 1.275251e+01 6.640329e+00 3.316723e+00 5.312124e+00 1.733096e+00 -2.675836e+00 5.423386e+00 6.691005e+00 2.094024e+00 1.080102e+00 3.547768e-01
-2.069020e-01 9.341878e+00 5.255298e+00 2.505064e+00 2.540167e+00 -4.444768e+00 -6.136039e+00 1.004640e+00 2.711415e+00 -2.463951e+00 -2.577286e+00 1.976756e+00
-1.455800e+00 1.255908e+01 1.145119e+01 6.227103e+00 5.316096e+00 2.310013e+00 -2.241749e+00 3.346331e-01 -2.647644e+00 -5.500463e+00 -2.336709e-01 4.838093e+00
-3.843485e+00 3.959866e+00 -6.960312e-01 8.588467e-01 -3.154036e+00 -4.419910e+00 -3.740996e+00 2.400414e-01 -4.709372e+00 -6.532895e+00 1.728188e+00 7.025048e-01
-1.515894e+00 2.105123e+00 5.801353e+00 6.925166e+00 6.778677e+00 -1.118450e-01 -9.078256e-01 6.893617e+00 2.400155e+00 -7.089180e+00 3.304906e-01 3.341695e+00
-2.172069e+00 2.053162e+00 5.306351e+00 4.980643e+00 4.330807e+00 -5.005424e+00 -8.817496e+00 2.625773e+00 6.827248e+00 -5.311753e+00 -2.094490e+00 1.832130e+00
-5.665213e+00 1.686119e+00 -3.945992e+00 -3.830842e+00 -5.915036e+00 -1.934838e+00 -5.343407e+00 -8.508018e+00 -5.747072e+00 -8.569816e+00 -2.314898e+00 1.548591e-01
-2.241714e+00 1.081382e+01 9.214135e+00 5.976901e+00 3.345321e+00 2.134947e-01 -5.208776e+00 -1.404135e+00 -7.396105e+00 -5.033919e+00 5.593736e-01 6.289852e+00
-1.710510e+00 1.051069e+01 5.579092e+00 -8.008237e-01 2.760118e+00 -7.437497e-01 -5.603620e+00 -1.728715e-01 5.107409e+00 3.694065e+00 9.348248e-01 1.891099e+00
-9.595121e+00 3.210524e+00 -1.317167e-01 5.182376e-01 7.107483e+00 1.272576e+01 3.574730e+00 5.973420e+00 4.532473e+00 6.748899e+00 3.360977e+00 6.094358e+00
-2.946990e+00 7.641954e+00 6.555658e+00 2.067791e+00 8.888992e+00 4.105754e+00 -4.272155e+00 3.989619e+00 2.369080e+00 -2.498107e+00 -4.394818e+00 1.426898e+00
-6.549770e+00 5.765272e+00 4.630476e+00 3.054074e+00 4.093180e+00 5.591822e+00 -6.486523e-01 4.766814e-01 5.858633e+00 6.492334e+00 4.295896e+00 4.839642e+00
-4.738678e+00 7.986825e+00 5.720109e+00 1.209795e+00 5.623654e+00 1.996363e+00 -1.103663e+00 1.789355e+00 4.448925e+00 9.807327e+00 5.258470e+00 5.828976e+00
-5.677999e+00 7.683923e+00 7.824769e+00 3.514515e+00 1.103164e+01 6.702957e+00 6.616921e-01 6.164304e+00 4.298213e+00 5.162467e+00 2.353691e+00 7.307196e-02
-8.995481e+00 2.866599e+00 1.049661e+00 1.639421e+00 6.094688e+00 4.644320e+00 -4.752083e-01 4.805237e-01 1.124697e+00 -3.608371e+00 -5.698879e-01 1.575104e+00
-7.078532e+00 6.267655e+00 3.678113e+00 1.353203e+00 4.867439e+00 7.085754e+00 -3.964136e+00 -3.013139e+00 -1.157534e+00 -1.465137e+00 2.125273e+00 5.622228e+00
-5.270616e+00 6.806470e+00 5.408174e+00 2.437643e+00 9.053376e+00 6.913257e+00 -2.691108e+00 1.018611e+00 3.198955e+00 1.093006e+00 -2.491752e+00 -8.198627e-01
-9.977667e+00 7.594190e-01 -5.514628e-01 -3.042105e+00 2.762175e-01 9.558635e-01 -9.596501e-01 1.710809e+00 -3.375067e+00 -3.007934e+00 6.777506e-01 -2.537277e-01
-1.272141e+01 -1.736534e+00 -1.179521e+00 -6.433141e+00 9.333649e-01 -8.364886e-01 -3.372837e+00 2.372742e-03 -2.775246e+00 -1.196340e+00 -2.883580e+00 -3.738286e+00
-1.240205e+01 -3.476024e-01 -6.013212e-01 -5.218317e+00 -2.243414e-01 1.984369e+00 8.486922e-01 -1.685661e+00 -7.074924e-01 5.098552e+00 3.694050e+00 2.782069e+00
-1.070632e+01 1.537182e+00 3.014576e+00 -2.631583e-01 7.119600e+00 7.435040e+00 8.810997e-02 3.853044e+00 4.101177e+00 3.967818e+00 3.801963e+00 1.468622e+00
-1.347581e+01 -1.967664e+00 2.144393e+00 -2.400056e+00 7.954504e-01 6.360936e+00 1.968160e+00 4.170224e+00 5.590176e+00 6.089461e+00 4.692471e+00 2.817636e+00
-1.052283e+01 1.201959e+00 1.186462e+00 -2.359861e+00 7.454792e+00 9.072663e+00 2.036922e+00 -1.300756e+00 2.770069e+00 2.959734e+00 8.556066e-01 1.288833e+00
-6.148128e+00 1.074172e+00 -2.274603e+00 -6.441958e+00 -2.149323e+00 -2.648262e+00 -9.216321e-02 -2.354290e+00 -9.250387e+00 -5.652737e+00 -3.148780e+00 -1.421203e+00
-1.243952e+01 -2.230076e+00 -6.796981e-01 -1.887094e+00 3.753920e+00 3.057868e+00 -4.620431e+00 1.122063e+00 1.701235e+00 -5.773344e-01 -1.565042e+00 7.162833e-02
-1.116229e+01 -1.684548e+00 -1.928845e+00 -1.490235e+00 4.947368e+00 8.705201e+00 8.101676e-01 2.344100e+00 7.018709e+00 5.608826e+00 9.733705e+00 3.428792e+00
-1.301735e+01 -1.148731e+00 -1.091904e+00 -4.393607e+00 2.566713e+00 1.823503e+00 -6.130126e+00 -5.111959e+00 5.667553e+00 1.852342e+00 -1.377321e+00 -4.407720e+00
-1.227837e+01 -1.270821e+00 -1.242766e+00 -2.246346e+00 1.880765e+00 3.825038e+00 9.275939e-01 -8.930980e-01 3.767499e+00 3.326302e+00 5.572443e+00 3.952323e-01
-1.062008e+01 9.758782e-01 1.501233e+00 -1.871256e+00 5.265131e+00 7.584789e+00 8.436320e-01 4.683938e+00 8.406822e+00 7.979797e+00 7.106828e+00 5.309322e+00
-1.280463e+01 -3.489494e+00 5.619754e-01 -2.626465e+00 2.298846e+00 2.194377e+00 1.084279e+00 -3.743355e+00 -3.206915e+00 -2.977356e-01 8.083720e+00 -7.661866e-01
-1.185364e+01 -1.431306e+00 -1.465631e+00 -2.314551e+00 6.727053e+00 3.910031e+00 -5.605290e+00 -5.703437e-01 7.884275e+00 8.644266e+00 5.712564e+00 3.109522e+00
-1.102856e+01 -1.121142e-01 -4.989096e-01 -2.684000e+00 9.145206e+00 3.707730e+00 -8.051479e-02 9.170486e-01 5.665116e+00 4.232101e+00 7.369717e-01 -1.543532e+00
-1.192899e+01 -1.526934e+00 -7.277488e-01 -3.657001e+00 3.957557e+00 6.163787e+00 6.223893e-01 -1.436885e+00 4.659610e+00 3.419292e+00 9.061751e-01 1.679610e+00
-1.125635e+01 -3.791070e-01 -1.304984e-03 -4.498706e+00 5.037627e+00 3.833472e+00 -3.698349e+00 -1.940965e+00 4.482086e-01 9.992920e-01 4.178686e+00 -1.573291e+00
-1.261047e+01 3.089981e-01 8.709307e-01 -4.112794e+00 5.121849e+00 1.758574e+00 -7.770456e+00 -4.872346e+00 2.987295e+00 5.329266e+00 3.254162e+00 -1.645067e+00
-5.528384e+00 5.295591e+00 3.496566e+00 5.728393e-01 7.125553e+00 4.350236e+00 5.671382e-02 1.535210e+00 3.474689e-02 -5.018600e+00 -5.625508e+00 -5.522603e+00
-1.327481e+01 -2.440953e+00 2.387889e+00 -3.296239e+00 1.819373e+00 1.341768e+00 -3.114960e+00 2.255238e-01 6.835692e+00 6.080509e+00 3.821391e+00 -1.078345e+00
-1.308333e+01 -6.064152e-01 6.942093e-01 -3.821752e+00 2.801276e+00 1.446463e+00 -5.804363e+00 -5.144285e+00 1.926130e-01 1.275795e+00 1.580191e+00 -6.082133e-01
-1.209008e+01 -2.001509e+00 -1.778545e+00 -3.187974e+00 4.198666e+00 1.904765e+00 -4.796839e+00 -2.423790e+00 3.143389e-01 -3.009079e+00 1.547125e+00 4.787061e+00
-1.129543e+01 -9.314646e-01 1.979022e+00 -1.682788e+00 2.838113e+00 4.768886e+00 -3.857088e+00 -1.196588e+00 3.835849e+00 1.047452e+01 5.165677e+00 -9.984049e-01
-1.102499e+01 -1.096716e+00 -1.661968e+00 -4.596400e+00 3.046745e+00 7.804987e+00 1.758850e+00 -2.491349e+00 1.954489e+00 -6.865563e-01 2.094712e+00 2.124513e+00
-8.239591e+00 3.813331e+00 2.005386e+00 -3.162304e+00 6.397854e+00 5.810801e+00 -1.580999e+00 7.977809e-01 4.005314e+00 2.019572e+00 1.221146e+00 6.847523e-01
