-1.857480e+01 4.334555e-01 -8.899084e-01 -1.643087e+01 3.874063e+00 -1.690101e+00 7.717876e+00 -6.104288e+00 -9.244912e-01 4.770554e-01 1.322961e+00 -1.529693e+00
-1.874665e+01 2.286998e+00 2.058134e-01 -1.209500e+01 8.394732e+00 1.097291e+00 5.509571e+00 -6.202823e+00 9.505755e-01 -9.445913e-01 -1.063635e-01 -8.356470e-01
-1.915351e+01 -3.164877e+00 -1.740680e+00 -1.531294e+01 6.563735e-01 -2.684703e+00 -3.084001e+00 -3.079392e+00 -1.436592e-01 2.572795e+00 3.228140e+00 -9.829283e-02
-1.553672e+01 7.713470e+00 2.597623e+00 -1.063149e+01 1.096026e+01 -1.429333e+00 4.698660e+00 -3.659846e+00 -2.871829e+00 -2.346547e-01 -1.872999e+00 4.714795e-01
-2.062993e+01 -4.076898e+00 4.358918e+00 -1.796905e+01 -3.512252e+00 9.426395e-01 -7.200963e+00 1.801487e+00 7.422898e+00 -1.608921e+00 5.347748e+00 -4.071780e+00
-1.496453e+01 9.569946e+00 1.002475e+00 -1.172459e+01 9.162896e+00 -2.862438e+00 4.837661e+00 -3.004158e+00 -1.046252e+00 -2.064971e+00 3.790984e-01 4.321139e-01
-1.781746e+01 -2.453236e+00 2.247459e+00 -1.053661e+01 2.918530e+00 1.920529e+00 2.288456e-01 -7.254781e-01 2.523165e+00 -4.188188e-01 1.567072e+00 -1.730823e+00
-1.677400e+01 2.326396e+00 7.302755e+00 -1.165239e+01 3.347494e+00 6.979014e+00 -1.598656e+00 -4.245099e-01 2.606650e+00 -1.878702e+00 1.759370e+00 -7.097219e+00
-1.987148e+01 2.284890e-01 -4.063503e+00 -1.965447e+01 5.730939e+00 -3.508829e+00 1.122778e+00 5.675470e-01 1.935338e+00 -1.967135e+00 1.078052e+00 -3.890913e+00
-1.727681e+01 5.330346e-01 8.623034e+00 -1.013342e+01 4.036572e+00 5.845842e-01 -3.595363e+00 7.334284e+00 -1.803521e+00 -2.869026e+00 6.622052e+00 -5.511883e+00
-1.952212e+01 2.571130e+00 3.595944e+00 -1.462548e+01 7.598166e-01 -1.485150e+00 3.476460e+00 6.069626e-01 -2.516844e+00 -4.706897e+00 2.314458e+00 -1.610456e+00
-1.870727e+01 7.401042e-01 5.482117e+00 -1.282145e+01 4.056471e+00 -1.422621e+00 9.416103e-03 1.651200e+00 -1.169272e+00 3.428102e+00 -1.672089e+00 -4.935526e-01
-1.506597e+01 -5.511992e+00 2.825851e+00 -1.211936e+01 -8.441273e-01 -4.965641e+00 -8.380113e+00 -4.771304e+00 -2.564808e+00 1.926453e-01 1.286932e+00 -2.541781e+00
-1.726375e+01 2.310356e+00 2.809536e+00 -1.507237e+01 6.145239e-01 -3.066908e+00 -3.040853e-01 8.229302e-01 -2.136348e+00 1.227907e+00 -3.158481e+00 -3.267072e+00
-2.118404e+01 9.888763e-01 3.391820e+00 -1.484661e+01 1.306830e+00 -1.497952e-01 3.043223e+00 2.392213e-01 1.987968e+00 -2.903078e+00 6.651024e-01 -4.068851e+00
-1.589997e+01 1.298687e+00 8.096085e-01 -1.623219e+01 3.833221e+00 -3.175542e+00 1.934239e+00 2.691397e+00 1.585181e-01 3.410956e+00 7.503940e-01 -8.124379e+00
-1.734831e+01 -3.067378e+00 5.688669e+00 -1.564457e+01 -1.509890e+00 2.681835e+00 -5.734797e+00 6.828508e+00 1.044312e+00 -8.227741e+00 3.413577e+00 -1.529481e+00
-1.875700e+01 -1.804828e+00 4.367223e+00 -1.400407e+01 -2.369971e-01 -4.413162e+00 -1.136989e+00 -4.536387e-01 -4.145709e+00 1.114311e+00 6.538967e-01 -5.327404e+00
2.064646e+01 -1.576465e+01 -2.756104e+00 7.110643e+00 -7.884057e+00 -2.003569e+01 -7.435883e+00 -9.067342e+00 7.113233e+00 1.924945e+00 2.107927e+00 4.030719e+00
2.089955e+01 -1.575519e+01 -3.417896e+00 7.500572e+00 -6.815289e+00 -2.097913e+01 -7.895967e+00 -3.479234e+00 5.413275e+00 3.051970e+00 -4.825308e-01 4.431252e+00
2.096597e+01 -1.554473e+01 -1.399198e+00 7.426688e+00 -9.305539e+00 -1.629430e+01 -1.006665e+01 -8.602971e+00 2.376553e+00 4.641822e+00 3.015830e+00 5.573394e+00
-1.407316e+01 -1.803114e+00 4.373311e+00 -9.193889e+00 4.615281e-01 1.446835e+00 -4.371758e+00 1.128702e+00 2.708987e+00 -1.506243e+00 3.132038e+00 -3.292401e+00
2.037043e+01 -1.474988e+01 -4.596201e+00 1.033168e+01 -7.196464e+00 -2.132984e+01 -7.900085e+00 -2.214515e+00 5.147267e+00 1.488612e+00 -5.949855e-01 3.198555e+00
2.192928e+01 -1.293572e+01 -3.123203e+00 7.464022e+00 -8.956852e+00 -1.429488e+01 -1.105387e+01 -8.198457e+00 -9.241227e-01 6.302966e+00 3.611719e+00 4.430428e+00
-4.929201e+00 -9.377766e-01 1.022127e+01 -7.335373e+00 -1.932898e+00 -2.899378e+00 -7.466367e+00 -2.331944e+00 -5.610239e+00 -2.507058e+00 5.279559e+00 -3.709134e+00
-1.287270e+01 -3.924532e+00 7.242628e+00 -1.020525e+01 -1.076346e+00 2.331907e+00 -2.380110e+00 3.714989e+00 -6.346574e-01 -1.278747e+01 -8.601180e-01 -5.002715e+00
2.117992e+01 -1.296874e+01 -4.270617e+00 1.302674e+01 -4.931728e+00 -2.141285e+01 -7.699287e+00 5.825105e-01 3.528860e+00 1.175073e+00 -4.877544e+00 5.010092e+00
-1.531307e+01 -2.181133e+00 1.580803e+00 -1.628715e+01 -7.464308e-01 -4.410258e+00 8.801475e-01 -5.031003e+00 -4.637484e+00 -3.849849e+00 -1.347466e+00 -5.595775e+00
-1.189713e+01 -6.638235e+00 4.288074e+00 -2.697442e-01 1.173798e+00 -2.050014e-01 -9.088063e+00 9.435902e-01 6.319725e+00 -2.736062e-01 4.016310e+00 -3.807294e+00
2.154246e+01 -8.916480e+00 -3.003086e+00 4.912054e+00 -3.665342e+00 -1.527079e+01 -1.048485e+01 -7.173450e+00 -4.153342e+00 2.496786e+00 6.662485e+00 1.863542e+00
-1.277547e+01 -5.201529e+00 9.903848e+00 -4.195054e+00 2.657475e-01 2.067546e+00 -2.177348e+00 3.440543e+00 -1.617190e+00 -6.409416e+00 2.126262e-01 -4.157198e+00
1.493571e+01 -2.495550e+00 1.239779e+00 -6.923608e-01 8.651483e-01 -6.957866e+00 -1.382073e+01 -7.863936e+00 -5.817129e+00 -2.337735e+00 8.777903e+00 -6.095360e+00
1.850661e+01 -7.591779e+00 -4.473612e+00 1.365837e+01 -1.692276e+00 -1.967055e+01 -1.174037e+01 5.456482e+00 6.599126e+00 -6.335561e+00 -1.066942e+00 -4.551582e-01
-1.070807e+01 -2.216646e+00 2.409595e+00 -1.022186e+01 7.715333e-01 -4.644380e+00 2.916286e+00 -1.147291e+00 1.248913e-01 -4.299618e+00 7.365707e-01 -5.645026e+00
-6.712944e+00 -4.405013e+00 1.037798e+01 -2.990942e+00 -3.029056e+00 -4.830814e-01 -1.149024e+01 -9.419369e-01 -3.067989e+00 -7.417128e+00 1.960155e+00 -6.749199e+00
-3.503761e-01 -9.815725e+00 -5.861918e+00 -1.755376e+00 1.898792e+00 5.108524e+00 -1.476820e+01 -1.180788e+00 1.123212e+01 -3.248110e-01 2.356793e+00 -3.491521e+00
8.871731e+00 -1.248948e+01 -1.130184e+01 3.364268e-01 1.123512e-01 -5.275697e+00 -1.077334e+01 -3.956108e+00 5.359830e+00 -4.142119e+00 -1.365215e+00 -2.715830e+00
-4.978231e+00 -2.237883e+00 2.222793e-01 -1.030171e+01 2.009637e+00 -3.669876e+00 6.648755e-01 3.776856e+00 6.094359e-01 -1.260671e+00 8.039759e+00 -8.554986e+00
-4.811338e+00 -7.952183e+00 7.987814e+00 2.919022e-01 3.014357e-01 3.452729e+00 -1.245758e+01 -3.293154e+00 -4.217526e+00 -1.156201e+01 -4.644278e-01 -7.184461e+00
1.182439e+01 -2.813854e-01 2.417054e+00 1.059111e+01 -3.493797e+00 -9.043290e+00 -1.078765e+01 6.378676e+00 5.506941e+00 -1.317771e+01 9.603194e-01 6.968378e+00
7.484199e+00 -1.617854e+01 -1.012791e+01 3.331593e+00 1.799131e+00 5.738721e-01 -6.019289e+00 -4.010853e+00 7.960262e+00 -3.559550e+00 2.205554e+00 -9.600604e-01
3.682957e-01 -5.953598e+00 -1.862814e+00 -7.163460e+00 1.900369e+00 -2.763070e+00 -6.876686e+00 -1.470741e+00 -1.058181e+00 -1.859720e+00 7.661874e+00 -4.156947e+00
3.688897e+00 -6.602631e+00 7.415645e-01 -6.087705e-01 -2.880308e+00 5.347234e+00 -8.668648e+00 -5.419559e+00 2.239091e+00 -6.173432e+00 1.806673e-01 -7.906235e+00
7.009089e+00 -2.191053e+00 9.112623e-01 1.476367e+01 -2.400124e+00 -8.406259e+00 -1.112321e+01 2.422087e+00 -3.644837e-01 -7.461730e+00 1.833869e-01 5.122766e+00
8.425013e+00 -6.243114e+00 -4.805025e+00 1.650355e+00 -5.786502e+00 5.502957e+00 -5.891910e+00 -1.008453e+00 1.974516e+00 -5.229082e+00 -7.153414e+00 -6.801994e+00
2.123886e+00 2.290234e+00 -2.004264e+00 -5.748638e-01 -3.748910e+00 2.267326e+00 4.713697e-01 -1.406499e+00 2.345148e+00 1.786002e+00 1.447673e+00 3.133497e+00
2.613325e+00 1.006858e+00 -3.966830e+00 2.947706e+00 9.014833e-02 1.281044e+00 1.609811e+00 -1.054826e+00 -3.257959e-01 -9.763867e-01 -4.354064e+00 4.515448e+00
1.054062e+00 4.090397e-01 -2.916398e+00 2.590955e+00 -3.994950e+00 3.476094e+00 5.494572e+00 -2.045244e+00 1.710045e-01 3.938656e+00 -6.138463e+00 1.862564e+00
5.557537e-01 1.371893e+00 8.726120e-03 2.942973e+00 -5.506856e-01 4.328367e-01 5.194770e+00 -5.555859e+00 -5.493304e+00 4.774524e+00 9.220394e-01 7.380235e+00
6.460400e-01 1.325474e+00 -1.399863e-01 5.356051e+00 1.070239e+00 3.934334e+00 1.806311e+00 -2.989480e+00 -6.328177e+00 -4.553691e-01 -2.108217e+00 1.836732e+00
9.970417e-01 2.269772e+00 -7.030950e-01 2.936214e+00 -9.386395e-01 1.402752e-01 3.078372e+00 -2.580654e+00 -4.725193e+00 -3.014831e+00 -3.412063e+00 3.336560e+00
5.192852e-01 3.821766e-02 -3.871883e+00 6.109689e-01 -1.137042e+00 4.700701e+00 6.371383e+00 -5.032536e+00 -9.898710e+00 -7.210903e+00 -3.803410e+00 -9.929967e-02
8.830395e-01 7.753007e-01 -4.103379e+00 1.342483e+00 -2.857361e+00 6.454698e-01 2.672242e+00 1.219338e-02 -8.509429e-01 -2.393053e+00 -3.097005e+00 2.504354e+00
1.875954e+00 5.597416e-01 -1.761651e+00 3.456316e+00 -1.874504e+00 1.135870e+00 5.587632e+00 -2.905354e+00 -3.433887e+00 3.364735e+00 5.821828e-01 4.101451e+00
9.704399e-01 3.130409e+00 -1.219433e+00 3.002733e+00 -1.439517e+00 2.731775e+00 3.465318e+00 -1.747664e-01 -2.312623e-01 -1.266909e+00 -3.473628e+00 3.263825e-01
3.329758e+00 3.917782e+00 -2.413231e+00 4.005169e-01 -1.517879e+00 3.147419e+00 5.150986e-02 -5.787663e+00 -2.619895e+00 9.102539e-01 -9.761122e-01 2.018713e+00
1.034992e+01 2.868863e+00 -3.896838e+00 2.797562e+00 -3.268533e+00 -6.755046e-01 2.528127e+00 -8.393043e+00 -7.803155e+00 3.677638e+00 -2.353127e+00 2.335744e+00
5.242209e+00 3.640633e+00 -1.597650e+00 2.910711e+00 -4.471993e-01 4.346203e+00 1.284812e+00 -4.934148e+00 -4.075698e+00 1.924587e+00 -4.493270e+00 -4.121576e+00
1.819696e+00 3.512105e+00 -1.072572e+00 1.763503e+00 1.070952e+00 7.753182e+00 1.438928e+00 -1.356804e+00 -7.088940e-01 -3.513203e+00 -4.868440e+00 4.034223e+00
8.851795e-01 3.435102e+00 -3.620092e-01 6.799487e+00 -2.950087e+00 3.150348e+00 5.379598e-01 2.125350e+00 -8.343621e-01 2.221006e+00 -4.353300e+00 6.740432e+00
4.381313e-01 2.033393e+00 -3.885059e+00 5.376028e-01 -3.744377e+00 6.275875e+00 7.683136e+00 2.907138e+00 3.936338e+00 4.588178e+00 6.691498e-01 3.722872e+00
1.485252e-01 2.432783e+00 -4.795607e+00 1.258914e+00 1.093230e+00 6.856220e+00 7.556080e+00 8.139396e-01 -2.209486e-01 4.727984e+00 2.818800e+00 4.466036e+00
-3.995895e-03 9.005984e-01 -4.616565e+00 1.055146e-01 -2.452572e+00 5.813658e+00 4.990595e+00 4.027723e+00 4.395546e+00 8.011376e+00 3.983593e+00 3.790341e+00
2.505683e+00 9.013921e-02 -6.118092e+00 -1.794180e-01 -5.436187e+00 4.061083e-01 2.767503e+00 3.695905e+00 4.763000e+00 7.668578e+00 1.540878e+00 1.204098e+00
3.044546e+00 2.476442e+00 -4.672047e+00 -9.066377e-01 -2.985313e+00 -2.513158e+00 3.000523e+00 4.165391e+00 2.644026e+00 2.609059e+00 -2.341865e-01 -1.365896e+00
4.268881e+00 -1.526469e+00 -6.663021e+00 -1.684810e+00 -3.295641e+00 2.629572e+00 6.385231e+00 8.269290e-01 -4.505128e-01 -5.365249e-01 1.561705e+00 3.262190e+00
8.215548e+00 8.768314e+00 1.305761e+00 4.515669e+00 -4.284006e+00 -3.352000e+00 3.183910e+00 3.420617e+00 -2.857649e-02 2.493389e+00 -1.174489e+00 1.170255e+00
5.857045e+00 8.388222e+00 4.132653e+00 7.474397e+00 4.132330e-01 -4.778033e+00 -1.594394e+00 2.270586e+00 -2.354394e+00 1.489657e+00 6.654204e-01 6.998652e+00
4.133691e+00 7.087698e+00 1.479350e+00 7.373405e+00 -8.628964e-03 3.017081e+00 -8.593369e-02 3.851113e+00 3.203098e-01 5.208500e+00 3.180732e+00 8.429976e+00
7.448500e+00 -5.121552e+00 -9.138297e+00 5.565060e+00 -2.493366e+00 4.495710e+00 -1.318882e+00 -3.382760e-02 -4.960333e+00 -1.559036e+00 3.312176e+00 -5.397572e+00
7.797681e+00 -1.284058e+00 -7.374635e+00 -3.110859e-01 -5.528600e+00 9.006646e-01 -1.894042e+00 -1.284135e+00 1.772371e+00 -9.233630e-01 -1.000343e+00 -1.120353e+00
9.024423e+00 1.682977e+00 -2.243066e+00 4.203160e+00 1.847873e+00 7.461044e+00 1.294358e+00 -3.810399e-01 1.426524e+00 2.158453e+00 -5.225491e+00 -5.278834e+00
9.787347e+00 5.198745e+00 4.447496e-01 5.772251e+00 4.516224e+00 8.905080e+00 6.543417e+00 8.019623e-01 1.867269e+00 1.348647e+00 -5.010607e+00 -1.525244e+00
9.588614e+00 7.648334e+00 -7.898703e-01 7.815285e+00 8.778803e-01 1.824100e+00 7.784197e+00 -3.706228e+00 -5.663166e+00 -9.594240e-01 -8.813116e-01 1.599665e+00
8.577212e+00 7.954476e+00 1.881863e+00 9.218059e+00 4.313146e+00 5.634522e+00 7.024670e+00 1.690632e+00 -4.752339e+00 1.138830e+00 -1.066729e+00 3.988839e-01
6.090776e+00 5.217521e+00 -4.907447e-01 1.853813e+00 5.541854e-01 -3.959590e-02 -1.970070e+00 -4.618101e+00 -8.911991e+00 -5.877421e-01 -2.530576e+00 -2.624023e-02
6.466889e+00 7.460875e+00 4.488920e+00 8.498733e+00 4.899418e+00 2.288682e+00 1.927719e+00 -4.032850e-01 -2.042445e+00 1.597095e+00 -1.212503e+00 2.100389e+00
5.784397e+00 8.531443e+00 1.016112e+00 7.185277e+00 7.189763e+00 1.109815e+01 6.655787e+00 4.833274e+00 8.296117e-01 4.049417e+00 -2.257260e+00 -1.249178e+00
5.384740e+00 7.252231e+00 7.465873e-01 7.509461e+00 1.313636e+00 3.903583e+00 7.074488e+00 4.406654e+00 -1.978575e+00 3.950356e+00 -3.016651e+00 1.726101e+00
3.986366e+00 6.771450e+00 1.583508e+00 6.092332e+00 -3.935125e-01 5.647660e+00 6.239769e+00 2.912099e+00 1.228603e+00 6.896412e-01 -4.682406e-01 3.690426e+00
4.180337e+00 5.692816e+00 1.832116e+00 9.439965e+00 -5.793679e-01 -1.736318e+00 2.187978e+00 3.338245e+00 -2.126358e+00 -4.564131e-01 -7.028706e-01 4.184256e+00
3.848227e+00 6.399644e+00 2.491457e-01 9.884645e+00 -5.326914e-01 3.507581e+00 4.190479e+00 3.707241e+00 6.133063e-01 1.350901e+00 -2.104879e+00 5.228298e+00
2.981898e+00 4.047311e+00 -4.968476e-02 7.408964e+00 2.390808e+00 3.945341e+00 5.075369e+00 3.905425e+00 1.367951e+00 1.678383e+00 -2.048606e+00 3.982862e+00
3.238756e+00 4.146177e+00 7.665837e-01 5.866772e+00 1.177687e+00 7.414146e+00 9.729395e+00 7.413320e+00 2.671760e+00 5.554234e+00 8.654705e-01 4.518414e-01
2.501866e+00 6.326468e+00 3.294838e+00 5.681933e+00 2.505355e+00 5.813143e+00 6.386056e+00 1.398507e+00 2.616049e+00 6.536783e+00 1.185592e+00 3.616600e+00
3.845242e+00 5.471394e+00 -3.773077e-01 2.383217e+00 -2.158758e+00 5.952734e+00 7.150272e+00 2.227301e+00 -1.679543e+00 3.553522e+00 6.645049e-01 4.122643e+00
4.312421e+00 4.891068e+00 -1.831549e+00 5.310788e+00 1.246486e+00 7.659783e+00 8.125982e+00 6.023975e+00 6.099644e-01 3.749502e+00 -4.230754e+00 -4.926125e-01
5.898233e+00 7.538223e+00 1.271836e+00 8.189342e+00 2.437237e+00 2.266431e+00 5.345939e+00 6.863866e+00 5.401628e+00 6.635228e+00 -1.227441e+00 5.790011e-01
4.005499e+00 7.224760e+00 2.973870e+00 6.594704e+00 3.128603e+00 2.306194e+00 7.170675e+00 6.066300e+00 -4.738796e-01 -1.299749e+00 -4.009625e+00 -3.628966e+00
5.313722e+00 6.331203e+00 -1.557100e+00 6.163258e+00 1.223568e+00 4.034304e+00 5.523645e+00 4.637835e+00 -5.587481e+00 2.512977e+00 -5.309681e+00 -1.150929e+00
3.746391e+00 7.477652e+00 3.367145e+00 1.052270e+01 -3.307329e-01 3.668859e+00 7.022794e+00 3.515928e+00 -2.161393e-01 3.316049e-01 -3.963364e+00 3.769881e+00
3.584021e+00 7.075746e+00 3.971229e+00 1.035257e+01 7.339733e+00 1.075291e+01 6.366752e+00 1.815129e+00 9.729203e-01 4.327321e+00 -3.188145e+00 2.383662e-01
1.640799e+00 3.172093e+00 5.095143e-01 7.468109e+00 6.292580e+00 9.533912e+00 5.206573e+00 1.934790e+00 4.239245e+00 5.211241e+00 1.527078e+00 5.548328e+00
4.056854e-01 1.665288e+00 -1.283203e+00 6.037934e+00 6.671014e+00 1.203412e+01 9.898153e+00 9.903690e+00 5.810329e-01 1.676415e+00 2.434309e-01 3.422823e+00
1.954275e+00 3.079726e+00 -9.420441e-01 7.846862e+00 1.970141e+00 6.767469e+00 2.211766e+00 3.559631e+00 2.583893e+00 4.501350e+00 2.656674e+00 1.033822e-01
