1.118658e+01 -1.374852e+01 6.625128e+00 8.849735e+00 -1.508710e+01 -1.835521e+01 -7.060169e-01 -7.402324e+00 5.548266e+00 -1.376551e+00 -1.990546e+00 6.938337e+00
1.065542e+01 -1.353654e+01 7.827482e+00 9.204269e+00 -1.626961e+01 -1.770757e+01 1.337581e+00 -1.016954e+01 6.382185e+00 -3.116670e+00 -7.248578e-01 6.809608e+00
1.082290e+01 -1.294827e+01 8.223070e+00 1.320394e+01 -1.609956e+01 -1.207388e+01 -1.775561e+00 -4.508964e+00 -3.413466e+00 9.242016e-01 -4.010973e+00 3.623312e+00
1.192036e+01 -1.268035e+01 8.972460e+00 1.445774e+01 -1.583354e+01 -1.402320e+01 5.968273e-03 -5.921937e+00 -2.938495e+00 -1.576627e+00 -3.432262e+00 4.377402e+00
1.177855e+01 -1.353752e+01 1.293425e+01 1.261411e+01 -1.494885e+01 -1.533140e+01 -5.216018e-01 -6.734948e+00 -4.837609e+00 -3.780435e+00 1.220291e-01 2.464093e+00
1.091193e+01 -1.217516e+01 5.745624e+00 6.014533e+00 -1.551486e+01 -1.614664e+01 1.007867e+00 -1.065878e+01 8.429255e+00 -8.026826e-01 -4.855526e+00 1.074983e+01
1.232530e+01 -1.293153e+01 1.075505e+01 1.385008e+01 -1.509148e+01 -1.434343e+01 5.374206e-01 -7.576775e+00 -2.598661e+00 -3.928601e+00 -8.013871e-01 1.111834e-01
1.217802e+01 -1.182981e+01 7.635293e+00 1.167789e+01 -1.564119e+01 -1.736423e+01 7.601502e-01 -7.844488e+00 2.079886e+00 -1.644697e+00 -1.516102e+00 7.337427e+00
1.229594e+01 -1.263649e+01 1.096469e+01 1.501733e+01 -1.514547e+01 -1.339582e+01 -2.571630e+00 -3.843709e+00 -6.004235e+00 -3.383587e+00 -1.640949e+00 -4.904110e-01
1.180964e+01 -1.100086e+01 7.532901e+00 1.203194e+01 -1.339287e+01 -1.492283e+01 2.069112e+00 -4.975329e+00 -1.115116e+00 -1.040332e+00 -2.773875e+00 1.812531e+00
9.219987e+00 -1.122298e+01 6.595339e+00 5.930490e+00 -1.888323e+01 -1.373215e+01 1.543247e+00 -1.064779e+01 9.264069e+00 6.042632e-01 -6.815134e+00 1.085917e+01
1.414004e+01 -1.427663e+01 1.138132e+01 1.495140e+01 -1.765399e+01 -1.149804e+01 -5.832255e+00 -2.423343e+00 -6.552004e+00 -4.338631e+00 -1.557410e+00 3.406438e-01
1.528613e+01 -1.419507e+01 1.032941e+01 1.655445e+01 -2.044185e+01 -9.276218e+00 -6.319731e+00 -2.920513e+00 -6.563647e+00 -4.663662e+00 -6.244253e-01 -1.357151e+00
1.802039e+01 -1.529220e+01 7.543039e+00 1.970321e+01 -1.914836e+01 -1.097010e+01 -5.961673e+00 -7.331996e+00 -4.572018e+00 -2.438642e+00 -7.194480e+00 -1.314241e+00
9.948440e+00 -9.112137e+00 -3.713587e+00 1.961651e+00 -1.239856e+01 -1.311049e+01 1.643952e+00 1.975261e-01 4.349855e-01 5.337258e+00 -6.883436e+00 1.223467e+01
-9.163287e+00 1.485231e+01 -1.467453e+01 -7.116032e-01 -5.543297e+00 -1.454435e+01 5.546714e+00 -5.590827e+00 8.317879e+00 8.925606e-01 -2.522580e+00 1.716384e+00
1.375252e+01 -7.021564e+00 1.137822e+01 1.858591e+01 -1.036851e+01 -1.516303e+01 -9.649668e+00 -3.554121e+00 6.105632e-02 2.464952e+00 -7.688961e+00 -4.618927e+00
-8.035604e+00 1.611361e+01 -1.008021e+01 9.988875e-01 -3.402307e+00 -1.304833e+01 5.269344e+00 -2.109012e+00 1.437108e+01 5.208224e+00 8.878182e-01 7.040345e+00
9.304620e+00 -6.929229e+00 -5.359436e+00 2.446877e+00 1.037135e+00 -6.175016e+00 7.921681e+00 -4.483374e+00 -8.917297e+00 -1.855356e+00 -3.445892e+00 7.057595e-01
8.871827e+00 1.050025e+01 6.405956e+00 5.524167e+00 6.052262e+00 -3.481708e+00 -1.060380e+01 -6.244890e+00 -9.491505e+00 -3.309441e+00 -3.019022e+00 -7.394798e+00
3.356892e+00 8.792653e+00 5.631498e+00 7.889946e+00 7.073271e+00 3.472434e+00 4.912762e+00 1.967476e+00 -1.143535e+01 -7.125258e+00 2.147300e+00 -1.008066e+01
5.931563e+00 1.163510e+01 3.224100e+00 -1.111814e+00 6.876512e+00 -1.131857e+00 -1.115591e+01 -7.691178e+00 -5.215235e+00 -7.349905e+00 -2.640896e+00 -1.335447e+00
-6.051035e-01 9.413734e+00 2.781724e+00 7.875352e-01 5.803852e+00 8.316278e+00 -5.942413e-01 1.030171e+00 -8.960630e+00 -5.324205e+00 -8.966652e+00 -9.738781e+00
-1.483161e+00 6.039646e+00 1.425076e-01 4.114262e+00 8.517379e+00 6.932733e+00 -1.171378e+00 2.347666e+00 -7.741808e+00 -7.633694e+00 1.365233e+00 -6.541456e+00
2.208976e+00 6.659308e+00 5.673853e+00 6.398686e+00 7.563684e+00 3.880110e-01 2.723670e+00 5.933169e+00 -9.423361e+00 -1.040705e+01 2.019836e+00 -3.167468e+00
-3.890254e+00 -4.167648e+00 -6.203516e-01 2.105764e+00 4.106672e+00 1.061605e+01 7.127538e+00 -3.325763e-01 -1.448809e+00 2.476467e+00 3.229968e-01 -3.336434e+00
-3.845197e+00 4.568544e+00 -1.152532e+00 -6.595527e+00 7.258440e+00 1.032096e+01 5.136342e+00 3.627545e+00 -1.284442e-01 -3.402829e+00 -5.099842e+00 -2.505901e+00
-4.795791e+00 3.336887e+00 -3.097573e+00 -4.501808e+00 8.203465e+00 7.083392e+00 -5.615344e-01 -5.601668e-02 1.263341e+00 4.020347e+00 3.197019e+00 -5.818583e+00
-5.786855e+00 3.613335e+00 3.132737e-01 -4.317872e+00 3.037064e+00 3.700807e+00 2.737626e+00 3.899267e+00 1.877962e+00 3.778157e+00 -1.083964e+00 -4.805558e+00
-5.809339e+00 3.262309e+00 -2.179081e+00 -4.696359e+00 9.132846e+00 6.626184e+00 -3.471133e-01 2.887631e+00 4.636875e+00 1.885294e+00 1.327145e+00 1.740480e+00
-4.894973e+00 1.904698e+00 -1.196082e+00 -3.638502e+00 6.069625e+00 5.964252e+00 1.097699e-01 5.741031e+00 3.849242e+00 4.011150e+00 2.817519e+00 -2.740622e-01
-4.668111e+00 4.564896e+00 -2.733902e+00 -7.727571e+00 8.147988e+00 6.091887e+00 -3.763271e+00 3.763784e+00 1.678988e+00 3.392569e+00 5.660738e+00 -1.503368e+00
-4.901116e+00 2.335666e+00 -5.381987e+00 -8.782800e+00 7.405619e+00 6.436788e+00 -3.390365e+00 2.436660e+00 5.470272e-01 2.230456e+00 3.042773e+00 -1.862092e+00
-6.092690e+00 1.868017e+00 -3.633580e+00 -7.084011e+00 6.847116e+00 5.435755e+00 -4.473395e+00 -4.858153e-01 1.139445e+00 1.022564e+00 2.783123e+00 1.317298e+00
-2.304276e+00 3.805218e+00 4.122586e-01 -6.816405e+00 1.578017e+00 4.484145e+00 -5.204520e+00 -7.991802e+00 -1.050227e+00 8.058996e+00 7.561915e+00 -2.415730e+00
-4.857581e+00 2.775957e+00 -3.263019e+00 -6.696765e+00 9.948640e-01 5.838612e+00 -3.236734e+00 -2.669650e+00 5.077590e+00 4.809710e+00 6.273588e+00 2.024612e+00
-5.062352e+00 2.989839e+00 -4.644962e+00 -7.939235e+00 4.813511e+00 3.685865e+00 -4.199882e+00 2.041299e+00 5.151333e-01 -1.743502e-01 -2.531460e+00 -4.889401e+00
-6.001092e+00 1.442708e+00 -5.174107e+00 -6.734105e+00 3.470306e+00 4.226516e+00 1.358323e-01 5.276024e+00 -1.489213e+00 2.212309e+00 5.974786e+00 -1.513993e+00
-5.880254e+00 2.283103e+00 -5.138874e+00 -9.269813e+00 2.286817e+00 5.240934e+00 2.016911e+00 6.247008e+00 1.864985e+00 2.058290e+00 2.243664e+00 4.385592e+00
-6.344615e+00 5.107493e-01 -3.926030e+00 -7.153342e+00 5.630078e+00 4.122783e+00 1.555993e-01 3.176543e+00 6.167353e+00 4.504369e+00 3.870109e+00 -5.333995e-01
-5.404292e+00 -2.664269e-01 -5.173033e+00 -7.294093e+00 5.192429e+00 2.303005e+00 1.077185e+00 5.033459e+00 1.867501e+00 4.070808e-01 -2.022748e-01 1.196646e+00
-6.193746e+00 1.151757e+00 -2.973701e+00 -7.370983e+00 3.208939e+00 4.464560e+00 2.306946e+00 5.596003e+00 3.938423e+00 3.434638e+00 -9.937651e-01 -1.886834e+00
-6.424027e+00 3.686337e+00 -3.160521e+00 -3.633358e+00 3.717324e+00 5.638469e+00 4.490073e-01 7.204447e+00 2.667923e+00 2.023292e+00 -4.525918e-01 -4.149210e-01
-7.709554e+00 3.912419e+00 -3.373935e+00 -6.198778e+00 8.120192e+00 7.557729e+00 -1.102226e+00 4.902550e+00 4.184327e+00 4.777938e-02 3.773623e+00 2.833738e+00
-7.018922e+00 3.167252e+00 -3.432493e-01 -2.394221e+00 6.396299e+00 5.093703e+00 -5.639826e+00 3.420173e+00 9.534095e-01 -2.348693e+00 2.518880e+00 1.157143e-01
-5.489676e+00 2.490493e+00 -1.913747e+00 -6.061902e+00 5.930202e+00 8.561335e+00 2.690216e+00 5.710860e+00 1.364142e+00 3.216139e+00 5.073897e+00 1.036783e+00
-5.231849e+00 1.372331e+00 -2.502331e+00 -2.834537e+00 1.021090e+01 7.077380e+00 8.630522e-01 2.744968e+00 -2.899146e-02 3.542682e+00 2.002460e-01 -2.168234e+00
-3.475303e+00 5.386726e+00 -2.468847e+00 -5.932161e+00 -1.216090e+00 -4.335810e+00 -1.363261e-01 3.466191e+00 2.678427e+00 6.422712e+00 8.853669e+00 4.975718e+00
2.446018e+00 1.116834e+01 4.984498e-01 -3.512532e+00 3.574680e+00 7.947922e-03 -6.886848e+00 -1.738580e+00 -6.516097e+00 -6.586770e+00 -2.250115e+00 -1.959890e-01
-1.539721e+00 7.800661e+00 8.303881e-03 -4.394005e+00 6.562986e+00 4.809086e+00 -4.119722e+00 -2.470634e+00 -1.458357e+00 -1.831531e-01 1.416631e+00 1.015476e+00
-3.321866e+00 5.769653e+00 4.889421e-01 -2.850107e+00 3.304489e+00 6.264375e+00 4.775751e-01 -1.219057e+00 -3.997121e+00 1.784922e+00 1.715572e+00 -2.349004e+00
-4.217177e+00 3.547183e+00 -4.813287e+00 -4.005870e+00 1.003415e+01 8.306715e+00 2.627538e+00 5.087341e+00 1.628657e+00 2.738708e+00 4.998655e+00 1.745162e+00
-4.845046e+00 2.032634e+00 -4.551465e+00 -6.529650e+00 6.868443e+00 7.502643e+00 3.213292e-01 3.867721e+00 3.701854e+00 2.647206e-01 -2.910435e-01 -1.751164e+00
-5.164317e+00 4.478446e+00 -7.987497e-01 -3.374918e+00 1.168305e+00 3.934161e+00 -2.296316e-01 5.155704e+00 1.458807e+00 -1.145627e+00 2.215843e+00 -7.142836e-01
-4.989060e+00 3.726412e+00 -2.795856e+00 -5.522895e+00 2.993344e+00 3.477847e+00 3.993109e+00 5.734169e+00 3.800486e+00 5.244975e+00 1.430485e+00 -1.530637e-01
-5.417346e+00 1.725422e+00 -4.384320e+00 -6.787640e+00 -2.706385e-01 1.726479e+00 2.100618e+00 5.216739e+00 1.084348e+00 3.012515e+00 2.585581e+00 -5.665990e-01
-4.274388e+00 2.904822e+00 -5.504694e+00 -5.625799e+00 3.113376e+00 9.619507e+00 6.559853e+00 6.089720e+00 1.915685e+00 7.315758e-01 1.071622e+00 7.591963e-03
-4.931222e+00 2.613999e+00 -5.051893e+00 -4.589110e+00 7.253974e+00 1.006133e+01 6.643619e+00 2.683417e+00 2.534878e+00 2.430642e+00 -1.407315e+00 1.684208e+00
-5.509761e+00 2.167867e+00 -3.588849e+00 -5.329621e+00 6.059965e+00 5.954123e+00 3.352801e+00 1.944490e+00 2.517447e+00 2.372000e+00 1.318810e+00 2.001787e+00
-5.169017e+00 1.573881e+00 -5.816116e+00 -6.259865e+00 5.092502e+00 6.688569e+00 2.810407e+00 4.944885e+00 2.521425e+00 4.353370e+00 5.868164e+00 1.995624e+00
-6.430467e+00 5.590253e-01 -6.399302e+00 -6.421983e+00 7.247872e+00 7.926835e+00 4.427961e+00 1.911804e+00 2.976465e+00 -1.785718e-01 -4.294430e-01 -6.597377e-01
-4.086982e+00 2.494052e+00 -1.625832e+00 -1.378741e+00 4.229495e+00 5.004677e+00 5.852889e+00 2.170689e+00 -5.248679e+00 -4.768153e+00 -1.506610e+00 1.359117e-01
-4.784030e+00 3.062269e+00 -2.925084e+00 -6.674536e+00 2.226080e+00 4.099097e-01 1.283899e+00 2.577994e+00 -3.656464e+00 -1.090889e+00 -1.467726e+00 -3.221367e+00
-5.116191e+00 2.658925e+00 -4.044846e+00 -3.398259e+00 7.976583e+00 7.220741e+00 -1.739489e+00 8.395067e-01 3.573006e-01 3.159529e+00 3.452540e+00 1.177178e+00
-3.361963e+00 5.196889e+00 -4.508352e-02 -2.679443e-01 8.167557e+00 6.476573e+00 5.062037e-01 7.336761e-01 -2.981351e+00 -3.238707e+00 -3.538805e+00 -5.194521e+00
-3.034842e+00 -1.699379e+00 -8.081648e-01 1.417565e-01 2.584786e+00 8.043709e+00 3.868225e+00 6.521454e-01 1.036370e+00 2.011309e+00 2.387074e+00 -3.286699e+00
-4.603263e+00 1.793980e+00 -3.456694e+00 -2.591930e+00 6.049736e+00 9.191551e+00 -3.405964e+00 -1.646839e+00 -2.135950e+00 -6.732038e+00 -3.678654e+00 -6.183217e+00
-6.206361e+00 1.497983e+00 -5.534696e+00 -1.000361e+01 3.160264e+00 7.823988e+00 3.887962e-01 2.983354e+00 3.225666e+00 -2.144918e+00 -2.459911e+00 -2.266717e+00
