-3.208483e-01 -3.029557e+00 1.042401e+00 -3.976248e+00 -2.237890e+00 -1.997343e+00 -4.856281e+00 -1.007496e+00 -3.833243e+00 -3.480712e+00 -3.936015e-01 -3.361835e-02
6.267021e-01 -4.778785e+00 1.305282e+00 -3.328151e+00 -2.468642e+00 -1.197347e+00 -3.244601e+00 -2.040635e+00 -4.071514e+00 -3.368307e+00 -4.924830e-01 -4.513639e-01
-1.978489e+00 -2.816980e-01 -4.993237e-02 -3.258183e+00 -1.078091e+00 -2.430943e+00 -5.063575e+00 -1.074812e+00 -9.736736e-01 -1.601073e+00 -1.465533e-01 8.046273e-01
3.712006e+00 -2.879867e+00 1.202649e+00 3.502755e+00 -3.278227e+00 1.145286e+00 -2.635010e+00 -3.387077e+00 -6.569386e-03 -8.380157e-01 2.980436e-01 -9.021786e-01
4.713455e-01 -3.442020e+00 1.756692e+00 -2.133673e+00 -2.303271e+00 -5.413066e-01 -1.414748e+00 -1.459055e+00 -2.123335e+00 -1.115200e+00 -2.836587e-01 -5.848379e-01
1.359582e+00 -3.124699e+00 3.617477e-02 1.529392e+00 -2.453619e+00 8.111426e-01 -1.176040e+00 -1.390285e+00 -1.984840e-01 2.241950e-01 3.191280e-01 -6.525236e-01
5.028581e+00 -1.760022e+00 2.507709e+00 4.511155e+00 -2.177531e+00 1.245979e+00 -1.378999e+00 -4.173331e+00 1.210481e+00 -1.208203e+00 5.539697e-01 -9.472545e-01
-2.505606e+00 2.961906e+00 6.713599e-02 -5.775807e-01 1.465885e+00 1.496315e-01 -1.081145e+00 1.416286e+00 1.431118e+00 5.882589e-01 -3.935677e-02 3.472670e-01
3.306966e-01 -9.267707e-01 2.043158e-01 -9.840097e-02 -8.697959e-01 2.204271e-01 -9.017661e-01 -5.683495e-01 -7.179125e-01 1.178710e+00 -5.324067e-01 -1.758661e-01
5.258085e+00 -7.201599e-01 2.221974e+00 3.750420e+00 -3.353362e-02 1.330863e+00 -1.133094e+00 -3.659681e+00 1.411550e+00 -1.269394e+00 1.235467e-01 -7.619431e-01
6.824425e-01 3.841671e-01 1.902420e-01 1.011155e+00 1.671191e+00 2.350662e-01 5.477965e-02 -5.980386e-01 -5.640327e-01 -5.621536e-01 -2.450958e+00 -2.465140e+00
-5.210614e-01 3.304982e-01 -2.431839e-01 1.296056e+00 -1.053612e+00 2.393107e-01 -5.437740e-01 -1.265312e+00 -9.182142e-01 -2.994961e-01 -9.371462e-01 8.968608e-02
1.660372e-01 -3.926083e-01 1.757956e-01 -5.364772e-01 -2.462032e-01 3.112550e-01 -7.333147e-01 -5.848414e-01 -4.107853e-01 1.492776e+00 -6.606968e-01 -1.660417e-01
-1.934201e-01 4.678627e-01 8.637778e-01 1.170573e+00 8.051373e-01 1.949075e+00 1.892804e+00 2.723031e+00 9.092884e-01 2.865411e-01 1.265344e+00 6.322848e-01
5.421406e-01 1.036891e+00 4.725639e-01 1.503087e+00 1.253950e+00 1.099087e+00 1.015757e+00 1.901032e+00 2.174158e+00 1.093543e+00 4.187118e-01 1.749250e+00
-3.424552e-01 -1.267709e+00 -2.127383e+00 -9.096335e-01 -1.813077e-01 -4.853485e-01 -9.929621e-01 -4.804846e-01 -1.780370e+00 -7.980060e-01 2.742050e-01 3.715056e-01
9.917655e-01 1.781906e-01 1.413219e+00 7.464755e-01 6.159254e-01 -6.225154e-01 -5.655080e-01 -3.005461e-01 4.193014e-01 -1.058343e+00 -2.355551e+00 -1.540996e+00
-2.297727e-01 -1.313859e+00 -1.244705e+00 -1.747971e+00 -1.433573e-01 -6.294798e-01 -1.360161e-01 2.795605e+00 7.392545e-02 -2.782096e+00 9.353790e-01 1.881397e+00
1.417961e-01 7.277336e-01 8.606052e-01 5.005349e-01 -4.371714e-01 1.260746e+00 6.077018e-01 -3.238842e-01 -1.230729e-01 5.570428e-01 -3.880969e-01 8.479629e-01
1.916508e-01 6.246499e-01 -2.888916e-01 -7.929267e-01 -3.420983e-01 1.773365e+00 1.418672e+00 -6.544238e-01 -1.449707e+00 1.520395e+00 1.842742e-01 -1.156764e+00
-3.976113e-01 9.014616e-02 -4.290013e-01 1.228222e-01 4.752282e-01 1.707139e+00 1.192292e+00 9.749953e-01 -2.504300e-01 -4.975101e-01 9.658011e-01 3.320861e-02
-5.966101e-02 -5.788550e-01 -1.147777e+00 -4.451973e-01 3.474565e-01 2.820691e-01 -3.842646e-01 -6.183115e-01 -1.445498e+00 -1.165314e+00 -1.538983e+00 -2.392152e+00
3.751867e-01 1.048030e+00 3.676913e-01 -6.711984e-01 -9.300922e-01 2.407646e+00 1.474836e+00 9.643848e-02 -1.221594e+00 -3.827394e-01 1.860823e-01 -3.591521e-01
-2.489413e-01 2.617930e-01 3.584318e-02 -8.370142e-02 -5.005236e-01 -3.874768e-01 9.160412e-01 -4.059729e-01 -1.160387e+00 1.184462e+00 4.843052e-01 1.598255e-01
-6.688970e-01 2.537815e-01 2.858967e-01 5.606986e-01 -1.888958e+00 -1.197980e+00 -1.746946e+00 -2.358067e+00 -1.254090e+00 8.783640e-01 -3.997158e-01 7.098550e-03
2.603821e-01 -1.524669e-01 -2.737777e-01 -9.841318e-01 3.527961e-01 -2.102049e-01 -7.609109e-01 -6.251609e-01 -1.312997e+00 -1.672139e-02 1.668354e-01 -2.349277e-01
6.817251e-01 -2.670735e-01 2.141254e-01 -3.361810e-01 8.630350e-01 3.865471e-01 7.958599e-01 2.110106e+00 1.269747e+00 -1.216103e+00 8.002319e-01 2.319747e+00
-2.831383e-02 -7.658391e-02 -8.117838e-01 -1.464026e-01 1.372463e-01 -3.187818e-02 -1.113729e-01 1.869624e-01 6.081795e-01 6.914782e-01 2.094441e-01 3.326834e-01
3.359417e-01 -1.104702e-01 6.194389e-01 2.157013e-02 -5.970758e-01 -1.058214e+00 -8.442955e-01 1.740727e-01 5.577236e-01 -1.406986e+00 -6.141493e-01 1.299431e-01
1.384788e-01 1.992750e-01 -5.669266e-01 8.003616e-02 -5.803264e-01 -1.333614e-01 -3.385817e-01 -9.159832e-02 -4.539485e-01 3.424950e-01 1.161749e+00 -2.619440e-01
1.371458e-01 -1.136938e-01 -4.020327e-01 -9.557713e-01 2.450450e-01 -7.758111e-01 -9.120623e-01 -3.946388e-01 -3.759091e-01 -1.172807e+00 3.884750e-01 1.167056e+00
-3.757569e-01 5.131462e-01 4.064546e-01 -4.037911e-01 -5.112826e-01 -5.647963e-01 1.690325e+00 -1.369663e+00 -5.293602e-01 9.390333e-01 6.304917e-02 7.911444e-01
-1.448484e-01 -5.842777e-01 -6.411615e-01 -1.406254e-01 3.568189e-01 -9.816483e-01 -9.986057e-01 -1.165724e+00 5.524220e-01 2.227560e-01 4.738673e-01 1.762314e+00
4.813675e-01 -5.592632e-02 -9.595817e-01 5.270274e-01 -1.714319e-01 6.611385e-01 -5.965155e-01 -1.594868e-01 -2.872110e-01 5.148482e-01 -1.583526e-01 -1.548483e-02
2.194692e-01 1.534571e-01 -4.479461e-01 -3.638529e-01 4.061251e-02 3.418964e-01 -2.085495e-01 -9.737254e-01 5.499460e-01 3.335194e-01 -2.991696e-01 -3.528689e-01
-6.399376e-01 -2.891088e-02 7.335792e-01 6.584005e-02 -1.087751e+00 -1.036511e+00 -2.026909e+00 -2.175371e+00 -1.023121e+00 6.128857e-01 -2.513604e-01 -4.015328e-01
4.608587e-01 2.428612e-01 -9.817244e-01 2.593716e-01 -7.924955e-01 -7.018499e-02 -9.372715e-01 3.853649e-01 -5.385592e-01 1.497936e-01 1.236600e+00 7.824712e-02
-1.632902e-01 -9.165999e-01 -1.167099e+00 1.173792e-01 -4.173749e-01 -1.353295e+00 -1.432732e+00 -6.315716e-01 7.465328e-01 1.105507e-01 1.104519e+00 9.706012e-01
-1.762231e-01 1.086239e+00 8.671433e-01 5.711974e-01 -1.415845e+00 -4.477862e-01 1.576595e+00 3.669959e+00 2.519118e+00 9.178032e-01 1.282877e+00 2.048951e+00
-2.437144e-01 4.046754e-01 1.408018e-01 1.001432e-01 -7.220486e-01 7.674931e-02 7.430207e-01 -6.740836e-01 -1.065158e+00 1.318522e+00 -1.996746e-01 1.025906e+00
-5.922106e-01 8.410023e-01 -6.734729e-03 9.590248e-01 4.974007e-01 4.720539e-01 3.510330e-01 4.198737e-01 2.607419e+00 2.285018e+00 3.290365e-01 1.675728e-01
-5.106293e-01 -7.467983e-02 1.240605e+00 4.157433e-01 5.242285e-01 7.562627e-02 -9.475933e-01 -3.059098e-01 -1.286745e-01 1.236079e+00 8.757318e-01 1.887837e-01
5.091165e-01 2.653510e-01 -9.774178e-01 -4.934233e-01 -1.149218e-01 -5.231073e-01 -1.979746e-01 2.822431e-01 -6.188647e-01 -4.251732e-01 1.523988e+00 1.681967e-02
5.713037e-01 2.153988e-02 -9.915960e-01 5.988668e-01 -4.913187e-02 8.619863e-01 -1.138959e+00 3.680053e-01 -8.066460e-01 1.768191e-01 3.571533e-01 1.689412e-01
5.766672e-01 2.773067e-01 -1.037308e+00 -1.936895e+00 6.327822e-01 -3.679255e-02 1.913668e-01 4.478192e-01 -9.177607e-01 -7.087361e-01 1.151331e+00 1.179944e+00
-6.652309e-01 -7.148207e-01 -1.157662e+00 -1.029734e+00 -7.126883e-01 -6.461828e-01 -1.522678e-01 -4.889342e-01 2.203154e-01 5.835819e-02 4.980358e-02 -8.673272e-02
-4.278332e-01 4.754645e-01 1.045223e+00 7.121105e-01 8.247709e-01 -1.465908e-01 -2.619627e-01 -1.788741e+00 -1.660193e+00 8.008911e-01 -5.230778e-01 -8.840359e-01
5.754490e-02 1.072928e+00 1.816707e+00 1.837909e+00 -2.082144e-01 -1.188399e-01 1.259259e+00 7.726995e-01 -1.678429e+00 -6.349215e-01 4.223231e-01 2.761613e-01
3.088948e-01 2.920889e-01 -5.003939e-01 7.300153e-01 -7.440783e-01 9.922116e-01 -7.259081e-01 1.036848e-01 -1.055358e+00 9.409815e-01 1.480459e-01 6.268144e-01
-7.706790e-01 5.516905e-01 1.295201e-01 -2.724644e-02 -4.295278e-01 -9.735515e-02 1.237774e-01 -1.505958e+00 5.693501e-01 2.540392e+00 6.987996e-01 -1.813310e-01
-3.756784e-01 1.346007e+00 2.048319e-01 8.387805e-01 1.925309e+00 1.545901e+00 2.028667e+00 1.531436e+00 2.101451e+00 1.432298e+00 5.979331e-01 1.026292e+00
-7.677116e-02 1.009631e+00 5.054888e-01 -1.809788e-01 -1.126724e-01 -6.909238e-01 1.449762e+00 3.011477e+00 2.874658e+00 7.177305e-01 1.380279e+00 2.362886e+00
2.072533e-01 1.989336e+00 2.161016e+00 1.184588e+00 -8.881866e-01 4.462423e-02 2.360318e+00 2.293330e+00 -6.596473e-01 -6.968951e-02 1.475258e+00 8.073906e-01
4.612459e-01 4.525462e-01 -1.393857e+00 -2.573820e+00 5.762488e-01 1.491997e+00 7.187027e-01 3.573891e-01 -1.246447e+00 -8.619322e-01 9.676922e-01 1.463785e+00
-4.783926e-01 -6.106408e-01 -5.300099e-01 -1.709724e+00 -1.615274e-03 -1.692557e+00 -1.061192e+00 -2.030888e+00 -6.731008e-01 -6.627795e-01 -4.214781e-01 -8.950165e-01
-1.716368e-01 6.238502e-01 2.439376e-01 1.871483e+00 1.655105e-01 -2.243640e-01 1.485309e-01 -2.744770e-01 6.028244e-01 1.990975e+00 5.877113e-02 1.077378e+00
-4.848518e-01 1.133281e+00 -1.393728e-02 7.499385e-01 3.012030e+00 2.615222e+00 1.216342e+00 8.128217e-01 3.530184e-01 -5.586352e-01 1.871238e-02 3.273874e-01
-4.702693e-01 -2.921370e-01 -9.531899e-02 8.856925e-01 -1.359229e+00 -2.896256e+00 -1.270478e+00 -1.413141e+00 7.266482e-01 2.545481e+00 3.394381e-01 3.202307e-01
-9.986814e-01 -1.552968e+00 -1.177677e+00 -1.246957e+00 -3.020034e+00 -4.792024e+00 -2.739340e+00 -1.229329e+00 2.798192e-01 1.789453e+00 1.508678e-01 3.936650e-01
-3.689270e-01 1.204852e+00 4.245632e-01 1.899357e+00 2.277079e+00 1.826522e+00 1.968260e-01 6.427924e-01 9.780521e-01 2.962113e-01 -6.487765e-01 -8.355395e-01
1.954175e-01 7.345990e-01 -1.847272e+00 -2.120590e+00 3.206259e-01 2.625693e+00 1.595519e+00 -4.304882e-01 -6.971442e-01 -1.151030e+00 9.220207e-01 9.575304e-01
-5.466857e-01 1.066725e+00 -7.325538e-02 -1.528300e+00 1.454942e+00 1.773517e+00 9.991649e-01 1.433032e+00 2.053727e+00 -3.740581e-01 -2.308336e+00 -1.897800e+00
-9.884480e-01 -2.437289e-01 -1.657327e+00 -8.240370e-01 1.331968e+00 7.651453e-01 1.164128e+00 -4.609339e-01 2.853432e-01 2.521912e+00 9.777211e-02 -1.063738e+00
-1.040663e+00 -1.310547e+00 -8.633254e-01 1.534303e+00 1.649024e+00 4.005528e-01 8.433787e-01 -5.876549e-01 1.899768e+00 1.394722e+00 -1.290108e+00 1.293519e+00
3.500676e-02 1.255725e+00 -1.233174e+00 -1.545443e+00 2.061125e+00 2.154408e-01 2.592683e+00 1.570427e+00 9.547783e-01 -9.321575e-02 -1.552027e+00 -1.236600e+00
-1.455462e+00 -1.186745e+00 -1.011064e+00 -1.397770e+00 -2.616042e+00 -3.698244e+00 -3.221638e+00 1.907086e-01 -1.125539e+00 -1.717062e+00 -1.769567e+00 -1.867940e+00
-1.482628e+00 -4.422342e-01 -1.500322e+00 -5.837452e-01 -1.212852e+00 -1.469098e+00 -7.284831e-01 1.616646e-01 -7.678000e-01 -5.701911e-01 -1.053008e+00 -1.083452e+00
-9.658179e-01 -8.257265e-01 -1.271748e+00 3.363605e-01 1.500658e+00 8.546625e-01 2.082386e+00 -2.711357e-01 8.676457e-01 3.911369e-01 -1.781194e+00 3.079675e-01
5.405049e-02 2.229456e+00 6.887347e-01 1.989432e+00 4.018391e+00 3.585197e+00 1.497025e+00 9.036447e-01 5.405552e-01 -1.604601e+00 -9.262341e-01 -1.457452e+00
-3.825541e-01 9.752143e-01 -1.317021e+00 -1.922051e+00 1.933123e-01 2.908807e+00 2.262311e+00 -5.165883e-01 -9.168885e-01 -5.759096e-01 5.592858e-01 1.452651e-01
1.729093e-02 1.679626e+00 -1.284932e+00 -1.766208e+00 2.207234e+00 -5.675294e-01 3.119236e+00 1.546862e+00 -6.370484e-01 -3.397269e-01 -4.059075e-01 -6.263085e-01
-6.671246e-01 1.265957e+00 1.054067e+00 1.289511e+00 2.729033e-01 7.276014e-01 1.422854e+00 1.142773e+00 1.740375e+00 1.396820e+00 -1.465295e-01 7.600363e-01
-8.819607e-01 -8.100214e-01 -8.320464e-01 -1.429243e+00 -3.132362e+00 -4.285372e+00 -3.207046e+00 1.270087e-02 -2.684050e-01 -2.002338e+00 -2.233602e+00 -1.427201e+00
-1.317931e+00 -9.372637e-01 -1.763289e-01 2.232231e+00 2.573153e+00 -1.591088e-01 5.616824e-01 -4.087311e-01 1.965524e+00 7.440020e-01 -8.982924e-01 9.133505e-01
-1.161820e+00 1.240953e+00 1.304439e+00 -1.486843e+00 2.513897e+00 2.035929e+00 1.183813e-01 1.986354e+00 1.554284e+00 -1.648292e+00 -2.305601e+00 -1.476134e+00
3.975263e+00 3.423071e-01 1.665862e+00 2.759391e+00 1.318541e+00 3.733162e-01 -2.693709e-01 -1.048179e+00 1.594773e+00 -8.795692e-01 1.347283e-01 -6.580841e-01
-2.822748e-01 1.750434e+00 -9.295157e-01 -1.631568e+00 1.940150e+00 -4.819689e-01 2.979333e+00 1.476561e+00 -2.046630e+00 -6.669486e-01 4.667092e-01 -5.740294e-01
-5.913919e-01 1.523874e+00 -7.236658e-01 -1.976125e+00 1.078374e+00 1.506763e+00 2.777831e+00 1.325972e-01 -1.135027e+00 -7.545537e-01 5.104249e-01 -4.663505e-01
-9.192913e-01 9.638878e-01 -1.729238e+00 -3.633198e-01 2.087969e-01 -6.803008e-01 -1.327967e-01 -2.949757e-01 -5.859385e-01 1.031563e+00 8.735392e-02 -1.114054e+00
1.994803e+00 -1.255923e+00 8.787600e-01 2.389506e+00 -1.077568e+00 -4.775346e-01 1.071252e+00 1.878907e+00 5.311983e-01 3.734725e-01 1.026160e+00 -4.321903e-01
2.282874e+00 -8.339370e-01 5.771372e-01 1.922297e+00 -6.109166e-01 -1.052045e+00 3.886374e-01 3.892102e-01 1.723762e+00 4.193763e-01 8.693712e-01 1.267306e-01
-1.302887e+00 1.411707e+00 1.558078e+00 -4.040260e-01 2.796405e+00 2.462843e-01 -6.822981e-01 2.108183e+00 7.076434e-01 -8.491449e-01 -8.285744e-01 -1.205185e+00
9.630591e-01 -4.766918e-01 1.477087e+00 2.877676e+00 -1.364063e+00 4.964688e-02 2.568991e+00 1.522117e+00 7.778254e-01 1.649947e+00 5.441055e-01 1.179607e-01
-1.234599e+00 1.189313e+00 2.996628e-01 1.574711e+00 3.107883e+00 -8.113267e-01 -6.968886e-01 9.522611e-01 1.516157e+00 -6.330528e-02 -3.490198e-01 5.039188e-01
