4.555515e+00 -1.804455e+00 1.793539e+00 2.535269e+00 -1.847844e+00 -1.784859e+00 -1.449162e+00 -1.229384e+00 -1.541436e+00 -3.346673e+00 -9.440987e-01 -9.373451e-01
5.122009e+00 2.790152e-01 2.758474e+00 2.410177e+00 -9.043684e-01 -1.972625e+00 -1.666973e+00 1.076486e+00 -1.491137e+00 -2.890475e+00 2.539606e-01 5.430233e-01
2.152655e+00 -3.510689e+00 1.300935e+00 1.186657e+00 -2.436893e+00 -1.113670e+00 -1.336644e+00 -1.563923e+00 -1.505015e+00 -6.323272e-01 -2.367590e-01 -1.566515e+00
4.193972e+00 1.283049e+00 3.373733e+00 2.791756e+00 -4.128846e-01 -1.161224e+00 -3.595781e-03 2.095248e+00 -4.870484e-01 -7.871723e-01 1.058387e+00 4.857299e-01
7.432896e-01 -2.432645e+00 -2.847955e+00 -3.585223e+00 -2.795969e+00 3.199527e+00 -1.215935e+00 -2.006383e+00 2.803099e+00 6.217288e+00 1.090592e+00 -1.512513e+00
1.149203e+00 -3.305067e+00 -1.057133e+00 -1.965590e+00 -2.934664e+00 4.066650e+00 1.976680e-01 -1.335087e-01 4.261618e-01 2.963352e+00 8.314554e-01 -1.201262e+00
2.924640e-01 -1.228513e+00 -3.817514e+00 -3.769507e+00 -1.908661e+00 2.460045e+00 -2.086847e+00 -2.773070e+00 3.115468e+00 7.207474e+00 4.709112e-01 -1.039561e+00
-9.347625e-02 -3.500105e+00 1.188618e+00 1.016041e+00 -1.358629e+00 1.684403e+00 5.619822e-02 -7.233425e-01 -1.242702e+00 1.461560e+00 -1.501901e+00 -2.022440e+00
-5.013816e-01 -6.134965e-01 -3.055021e+00 -2.820271e+00 -8.214527e-01 1.836413e+00 -1.921968e+00 -2.045826e+00 1.590626e+00 5.811609e+00 -3.825954e-01 -8.398840e-01
-3.958378e-01 -2.181431e+00 -1.605103e+00 -8.142605e-01 -7.610064e-01 1.092711e+00 -4.483867e-02 -9.013953e-01 -9.232979e-02 4.119349e+00 -1.412182e+00 -1.080841e+00
-1.023033e+00 4.226054e-01 -6.813854e-01 8.239279e-01 -6.193030e-01 -8.715101e-01 -2.551326e+00 -6.133329e-01 -1.467454e-02 -6.172614e-02 -1.315103e+00 -3.105566e-01
9.160808e-01 -2.529243e+00 -9.662083e-01 -1.440702e+00 -1.173874e+00 3.228694e+00 2.082558e+00 -1.231539e-01 -8.236673e-01 4.306305e-01 4.702899e-01 -4.852287e-01
9.243042e-01 -1.745724e+00 -1.055687e+00 -1.184584e+00 -5.913147e-01 2.347351e+00 2.670137e+00 -1.357816e+00 -9.581102e-01 -8.849884e-01 -2.158584e-01 6.357281e-01
-4.490274e-01 -2.349400e-03 -1.269091e+00 7.865813e-02 -7.740365e-01 -9.564846e-01 -2.258102e+00 3.209257e-01 -7.472302e-01 -1.572315e+00 -1.694227e+00 1.678917e-01
8.300630e-01 -1.072650e+00 -7.875108e-01 -1.295435e+00 -3.431574e-01 1.782984e+00 2.130935e+00 -9.986317e-01 -1.215680e+00 -6.762792e-01 -7.877252e-01 1.282784e+00
-9.721645e-01 -5.546259e-02 5.579042e-02 7.783788e-01 1.602413e-01 -7.154778e-01 -1.290343e+00 -1.051176e+00 -3.115808e-01 5.133997e-01 -1.917882e-01 -8.107265e-01
1.425828e+00 1.249441e+00 3.165468e+00 2.151784e+00 -1.435757e-01 7.728002e-01 1.880002e+00 2.403199e-01 1.128979e+00 7.507397e-01 7.220680e-01 -5.049907e-01
5.798416e-02 2.660717e-01 -3.550716e-01 -1.016891e-01 -4.073659e-01 2.196495e-01 -1.705549e+00 9.543977e-01 2.480964e-01 -7.794267e-01 -2.420112e+00 -7.831587e-01
4.896167e-01 -1.109539e+00 -5.920827e-01 9.311279e-01 6.143301e-01 -1.048960e-01 -7.350892e-01 7.444084e-01 -2.504271e+00 -3.519711e+00 -1.589318e+00 1.237245e+00
5.071749e-01 -3.377983e-01 -5.126991e-01 -1.184867e+00 -3.423260e-01 1.354025e+00 1.215212e+00 -3.627164e-01 -1.310252e+00 -1.296891e-01 -1.085183e+00 1.466599e+00
6.351185e-02 -6.012402e-01 3.830876e-01 1.561106e+00 3.587265e-01 7.183751e-01 -8.311285e-01 2.214423e-01 -9.064258e-01 -2.818099e+00 1.473928e-03 5.580524e-01
3.166990e-02 2.240684e-01 1.442561e+00 9.402496e-01 -2.193256e-01 3.938506e-01 -1.139922e-01 -8.859806e-01 1.067894e+00 1.434735e-01 1.423163e+00 4.030313e-01
3.030319e-02 7.116809e-01 8.773050e-01 8.657344e-01 -1.672915e-01 8.580262e-01 1.199842e+00 1.275677e+00 5.466353e-01 4.969742e-01 -4.151957e-01 -1.982837e-01
-6.421886e-02 4.049961e-01 -4.865982e-01 -7.734987e-01 -5.000456e-01 1.497171e+00 1.283382e-01 6.410950e-01 -1.548357e+00 -1.098505e-01 -7.271205e-01 9.385454e-01
-3.316172e-01 4.552261e-01 -4.610674e-02 -6.964281e-01 4.537516e-01 -4.013165e-01 -1.579923e+00 -3.871265e-01 1.069788e+00 1.090971e+00 5.290543e-01 1.396409e-01
4.180417e-01 -4.227638e-01 9.330994e-02 5.664931e-01 1.307016e+00 -7.312075e-02 -4.282552e-01 1.126256e+00 -2.871447e+00 -3.714343e+00 -9.226124e-01 -1.250702e-02
-5.002396e-01 4.820466e-02 1.515556e-01 -3.008530e-01 8.135037e-01 3.974322e-01 -1.146768e+00 3.167039e-01 3.378151e-01 8.427612e-01 5.771209e-01 8.089353e-02
-1.566404e-01 2.354881e-01 -3.244306e-01 -1.063250e-01 -1.059721e+00 1.054911e+00 1.849396e-01 -2.586106e-01 1.330011e-01 -7.008497e-01 -3.983883e-01 2.563314e-01
-1.465965e-01 5.567052e-01 4.036790e-01 -2.429200e-01 -2.408828e-01 -8.234061e-01 2.090593e-01 -4.686901e-01 2.908826e-01 -4.764293e-01 -4.234303e-01 7.431480e-01
-4.667559e-01 -3.474788e-01 -3.028420e-01 1.599021e-02 -7.820843e-01 5.270321e-02 -2.641396e-01 -2.699210e-01 -1.834008e-01 7.178504e-01 7.941445e-01 1.995015e-01
-4.910859e-01 8.448896e-01 -6.232309e-01 -2.354699e-01 -7.751633e-01 1.135289e+00 -5.526808e-02 5.777014e-01 -8.590075e-01 -4.021282e-01 -7.052943e-01 7.408599e-01
-5.738316e-02 1.129045e+00 1.168504e+00 3.620916e-01 2.600338e-01 -2.903233e-01 -1.732279e+00 -1.169298e+00 6.129130e-01 4.569772e-01 -3.062573e-01 5.447532e-01
1.834476e-01 -3.273895e-01 1.504351e-01 -3.066088e-01 -6.288201e-01 8.665985e-01 -1.657532e-01 -1.186676e-01 4.809380e-01 -8.013713e-01 -1.209302e-01 5.988730e-02
2.651405e-03 9.056362e-01 8.819834e-01 2.056775e-01 6.276126e-01 -3.371800e-01 -1.195104e+00 -1.113658e+00 6.028358e-01 3.607233e-01 -2.910101e-01 4.930932e-01
-1.127605e-01 -4.237209e-01 -2.655500e-01 -2.386001e-01 -1.601009e+00 -3.000939e-01 1.125269e+00 1.223855e+00 -9.118795e-03 -6.021242e-02 -2.636368e-01 -1.924098e-01
-3.022059e-01 -3.594004e-01 -1.973536e-01 -1.082071e+00 -1.075071e+00 -3.439891e-01 5.265461e-01 -4.717497e-01 -1.006168e+00 4.030296e-01 7.874624e-01 -8.653299e-02
-1.989944e-01 -2.617529e-01 -5.776884e-02 -3.045989e-01 7.097089e-02 6.844859e-01 6.211609e-01 1.867392e+00 4.913534e-01 -5.708202e-01 3.405510e-01 -7.192934e-01
-2.374868e-02 8.179973e-01 1.481544e+00 8.796591e-01 -9.455069e-01 -2.458584e-01 1.718096e+00 -1.102199e-01 3.136698e-01 2.007277e-01 -2.419393e-02 -6.299883e-01
-1.773448e-01 4.242752e-01 7.505420e-01 2.637413e-01 -1.413873e+00 2.915210e-01 6.527073e-01 -2.521624e-01 1.128457e-01 -5.646238e-02 1.128088e+00 -1.001351e+00
2.752784e-01 -6.947935e-01 5.304725e-01 -4.799914e-01 3.054709e-01 -7.348366e-02 -2.395977e-01 -2.457290e-02 4.201455e-01 -4.003664e-01 5.370631e-02 -2.518322e-01
-2.831818e-01 -3.976716e-01 -4.988494e-01 -1.023294e+00 -1.217762e+00 -7.769086e-01 1.715001e+00 4.900933e-01 -5.976574e-01 -5.985409e-01 7.689494e-01 1.150211e+00
2.725983e-02 -2.859427e-02 4.342047e-01 1.102501e-01 1.160449e-01 7.319552e-01 1.022256e+00 2.110854e+00 1.271015e+00 7.682849e-01 1.243878e+00 -4.551027e-01
-4.959518e-01 6.111861e-01 -7.191586e-01 -1.676374e+00 -7.763797e-01 3.926493e-02 -7.836025e-01 -1.319808e+00 1.175506e+00 1.134299e+00 5.938410e-01 -5.980773e-02
-8.463981e-01 -7.293772e-01 -4.083914e-01 -3.277021e-01 3.457141e-01 -1.611141e-01 -1.471917e+00 -3.912095e-01 4.652345e-01 1.891591e+00 1.622033e+00 4.091658e-01
-7.091607e-01 -3.799434e-01 -4.995908e-01 -7.264686e-01 -1.660412e-01 -1.527632e+00 -8.934575e-01 -7.176303e-01 -1.323298e-01 -1.337954e-01 -1.521417e+00 5.859638e-01
-3.435745e-02 -6.059998e-01 6.585149e-01 -3.605418e-01 1.019830e+00 -2.430012e-01 -8.584954e-01 4.948427e-01 -1.353221e-01 1.557481e-01 3.340914e-01 -7.982622e-01
-7.579582e-01 -6.250397e-01 -7.355894e-01 -1.268962e+00 -4.592001e-02 -1.100953e+00 -8.034015e-01 -5.755181e-01 -1.356821e+00 -1.483298e+00 -7.249702e-01 -2.959511e-01
-4.078957e-01 3.078535e-01 -1.050686e+00 -1.483256e+00 -1.076954e+00 1.404423e+00 1.713672e+00 -6.803383e-01 9.788197e-01 1.378193e+00 9.780965e-01 5.832009e-01
-5.370215e-01 -2.771214e-01 8.190031e-02 -1.308544e-02 3.513189e-01 -5.851041e-01 4.458530e-02 2.506270e-02 7.869071e-01 1.569579e+00 5.729412e-01 5.259391e-01
-7.616779e-01 -6.221161e-01 -2.376159e-01 -9.623256e-01 3.509509e-01 -4.523908e-01 2.565233e-01 -2.737645e-01 -4.203622e-01 -9.431071e-01 -4.040529e-01 -7.756993e-01
-3.470104e-01 4.469356e-01 4.446771e-01 -2.663512e-01 -9.280679e-01 1.823159e+00 2.691907e+00 -7.227613e-01 8.065170e-01 1.076514e+00 4.974040e-01 6.948231e-01
-7.736666e-01 -2.591161e-01 9.443291e-01 7.680938e-01 2.857437e-01 1.396813e+00 9.200088e-01 1.437139e+00 5.474659e-01 1.434503e-01 8.797325e-01 5.827901e-01
-4.502533e-01 4.463692e-02 3.267120e-01 2.309799e-01 1.275591e+00 -9.430078e-01 -7.986847e-01 4.004717e-02 6.103632e-01 -1.378852e-01 6.469139e-01 -7.598669e-01
-5.043767e-01 5.440033e-01 1.812894e+00 7.908002e-01 -4.150401e-01 -2.241652e+00 -7.075410e-01 1.838961e+00 7.568538e-01 -1.231479e+00 -1.370800e-01 8.050564e-01
-5.986930e-01 8.967100e-01 1.963473e+00 4.309528e-01 -4.958920e-01 -2.184834e+00 -5.794058e-01 1.517371e+00 4.604329e-01 -1.099232e+00 1.323447e-01 1.493901e+00
-2.425320e-01 6.941487e-01 1.492945e+00 1.880463e-01 -6.095082e-01 1.890746e+00 2.802560e+00 9.508108e-01 2.237595e-01 4.236223e-01 7.495683e-01 1.489632e+00
-6.108010e-01 2.128630e-01 1.877607e-01 6.866113e-01 1.239259e+00 -1.515578e+00 -5.493494e-01 -1.917326e-01 7.244450e-01 2.866155e-01 6.832946e-01 -1.140506e+00
-5.135406e-01 1.693169e-01 5.376527e-01 1.470098e+00 6.478025e-01 -2.645047e+00 -1.597441e+00 1.877519e+00 9.614860e-01 6.202833e-01 -1.309664e+00 -7.075243e-02
-4.892651e-01 4.502787e-01 1.303649e+00 1.262522e+00 -2.351904e-02 -2.685645e+00 -8.196591e-01 1.768007e+00 1.256471e+00 -6.459386e-01 -1.055267e+00 6.847295e-01
-4.706372e-01 3.778120e-01 7.736586e-01 1.549629e+00 1.551578e-01 -2.583310e+00 -1.494331e+00 1.805159e+00 1.491847e+00 -1.348714e-01 -1.306907e+00 3.233476e-01
-4.876046e-01 9.876215e-01 1.918943e+00 1.388597e-01 -5.338467e-01 -1.705021e+00 -5.916459e-01 1.197295e+00 5.693158e-01 -1.075431e+00 5.087023e-01 1.475060e+00
-1.277569e+00 -5.916259e-01 -8.066074e-01 -9.255747e-01 -6.268632e-02 -6.314893e-02 -1.344809e+00 2.575218e-01 -1.926490e-01 -7.118388e-01 -6.885079e-01 -1.640103e+00
-5.609460e-01 2.193283e-01 3.714229e-01 8.144706e-01 1.091449e+00 -1.616992e+00 -1.379087e+00 8.333498e-01 5.287201e-01 2.870820e-01 7.540247e-01 -1.277900e+00
-5.872436e-01 3.806063e-01 3.119002e-01 1.142900e+00 1.102085e+00 -2.558501e+00 -1.368131e+00 1.203955e+00 8.551480e-01 3.572183e-01 1.612374e-02 -7.539045e-01
3.691756e-01 -3.771729e-01 -5.170242e-01 5.503513e-01 1.770069e+00 -1.850785e+00 2.117542e+00 1.523791e+00 -1.426648e+00 2.240890e+00 3.450619e-01 -1.503178e+00
1.238555e+00 1.762090e-01 3.529840e-02 -9.954213e-01 6.692532e-01 1.010079e+00 8.607071e-01 4.307962e-01 6.402757e-01 8.288578e-01 -1.231161e-01 7.626448e-02
-5.672298e-02 9.052483e-01 1.772020e+00 -6.147585e-02 -5.705026e-01 -6.814244e-01 -9.635998e-01 7.423203e-01 8.497254e-01 -1.628214e+00 9.219778e-01 1.153005e+00
9.628617e-01 -9.369421e-02 2.333471e-01 3.052194e-01 4.642350e-01 -6.316031e-01 1.658403e+00 -2.530552e-01 -1.291185e+00 -2.017093e+00 3.187377e-01 -1.183790e-01
-1.501252e+00 -1.080330e+00 -2.385033e+00 -1.994593e+00 -1.002966e+00 -9.435771e-01 -2.688297e+00 -3.403405e-01 1.416328e-01 -5.675378e-01 -2.487402e-01 -1.798980e+00
6.614670e-01 5.957493e-01 8.805965e-01 1.517820e-01 9.786126e-01 4.125460e-01 1.671133e+00 -1.144862e+00 1.335378e+00 9.331077e-01 1.176869e+00 -4.406774e-02
-6.214739e-01 5.368548e-01 -8.398176e-01 8.537036e-01 2.439489e-01 1.754926e+00 1.619552e+00 -2.379258e+00 6.488435e-01 9.320498e-02 -8.588556e-01 -1.096438e+00
-3.630005e-01 6.103510e-01 -1.157080e+00 -2.084543e-01 -6.256068e-01 1.174809e+00 2.263287e+00 -2.210125e+00 2.939196e-01 7.433650e-01 -2.408432e+00 -8.443252e-01
1.912584e-01 9.739732e-01 1.679477e+00 -2.100899e-01 -9.729595e-02 3.066697e-01 -1.003386e+00 3.197450e-01 9.250075e-01 -2.643306e+00 7.028675e-01 9.698334e-01
-1.476480e+00 -9.566360e-01 -2.166419e+00 -2.059023e+00 -1.707163e+00 -8.712126e-01 -2.314043e+00 -2.148114e+00 -1.874910e-01 -2.417369e-02 -1.141158e+00 -1.627073e+00
3.609891e-01 9.813005e-01 -9.454679e-02 3.999481e-01 4.418744e+00 -3.211446e+00 2.403060e+00 3.814471e+00 -5.012336e+00 -1.263331e+00 1.694140e+00 -1.230414e+00
8.398062e-01 4.593350e-01 1.158279e+00 3.033966e-01 1.698724e+00 7.913876e-01 1.548475e+00 -9.220493e-02 1.608730e+00 1.094669e+00 1.476438e+00 -1.843697e-01
-2.443366e-01 1.630525e+00 1.139429e+00 -8.246426e-02 5.427573e-01 1.054306e+00 -9.291273e-01 -3.956774e-01 9.656956e-01 -4.263627e+00 5.923353e-01 3.751610e-01
-6.296216e-01 -1.870835e-01 -1.497793e+00 -1.158099e+00 -1.140628e+00 1.077479e+00 1.689460e+00 -1.820580e+00 -1.016301e+00 1.176976e+00 -9.080294e-01 1.017917e+00
-2.179411e-01 5.695916e-01 -1.465974e+00 1.228718e+00 6.189475e-01 -1.047663e+00 1.035892e+00 -2.680877e-01 1.577952e+00 2.229059e+00 -1.658309e+00 5.925672e-01
-1.064640e+00 -2.935948e-01 -1.699340e+00 -2.144796e+00 -1.745696e+00 -7.768661e-01 -1.037522e+00 -1.992094e+00 -8.860407e-01 1.090394e+00 -1.071284e+00 3.661644e-01
-9.409887e-01 9.439093e-01 -9.444082e-01 1.516681e+00 4.910701e-01 1.046598e+00 8.252152e-01 -1.735438e+00 1.185376e+00 1.459270e-01 -3.888426e-01 3.706984e-01
-1.822098e-01 3.187689e+00 -5.588993e-01 3.793058e-01 6.185610e+00 -2.959221e+00 1.987339e+00 3.414664e+00 -5.729778e+00 -4.192428e+00 1.722529e+00 -7.819836e-01
-6.151066e-01 7.780590e-01 -1.864964e+00 1.346169e+00 1.232351e+00 -4.176715e-01 1.271539e+00 -1.015115e+00 1.038841e+00 1.712825e+00 -5.493139e-01 2.082344e+00
-9.408115e-01 1.439115e+00 -1.591622e+00 1.924420e+00 1.051620e+00 -3.125425e-01 3.871416e-01 -1.241840e+00 1.493830e+00 1.196003e+00 -7.814328e-01 1.848295e+00
-9.486850e-01 3.527801e+00 6.320342e-01 4.647168e-01 3.319014e+00 4.708909e-01 -5.028731e-01 2.313966e-01 -9.042748e-01 -6.276910e+00 3.029843e-01 3.853537e-01
-6.932210e-01 3.953447e+00 -1.586704e-01 3.690349e-01 5.986132e+00 -1.703114e+00 1.312710e+00 2.064685e+00 -4.420078e+00 -6.382715e+00 1.322267e+00 -1.603841e-01
