3.600635e+00 -1.505190e+00 2.608405e+00 1.651254e+00 -2.711718e+00 -2.141389e+00 1.946582e+00 -1.558417e+00 -2.440962e+00 -7.849365e-01 1.925143e+00 4.167023e-01
4.827191e+00 -1.502138e+00 2.965910e+00 2.900057e+00 -2.200496e+00 -1.215241e+00 2.281472e+00 9.795483e-01 -2.204090e+00 -9.704461e-02 2.427053e+00 -6.646010e-01
1.333078e+00 -1.372367e+00 1.507800e+00 5.223693e-01 -3.128719e+00 -2.876507e+00 4.442351e-01 -2.518065e+00 -2.410594e+00 -4.683843e-01 4.311396e-01 -2.404783e-01
-1.146485e+00 -3.922375e+00 -2.897372e+00 -2.558144e+00 -1.199703e+00 1.788486e+00 -2.613593e+00 -7.764028e-01 7.068179e+00 1.179584e+00 -5.501562e+00 3.742329e+00
4.202108e+00 -8.660897e-01 1.897717e+00 3.046584e+00 -1.583381e+00 -1.169426e+00 2.653133e+00 1.209768e+00 -1.564433e+00 -3.487225e-02 1.054601e+00 -1.646994e+00
-1.160118e+00 -3.521564e+00 -2.317354e+00 -3.563740e+00 1.998747e-01 1.008266e+00 3.711373e-01 -1.971598e-01 5.257161e+00 -3.069822e-02 -3.686187e+00 2.821908e+00
-8.074482e-01 -3.091768e+00 -2.703595e+00 -1.131753e+00 -1.556141e+00 2.063626e+00 -4.563787e+00 -1.055086e+00 7.057752e+00 1.123767e+00 -4.629408e+00 2.092170e+00
-8.799507e-01 -1.717405e+00 -1.531809e+00 -3.502765e+00 2.229069e+00 -3.922736e-01 3.173148e+00 2.982888e-01 8.955201e-01 -7.821919e-01 -7.252574e-01 5.255837e-01
-2.366551e-01 -6.034653e-02 3.156659e-01 2.455982e-01 -3.594787e-01 -6.259089e-01 5.050053e-01 -6.875737e-01 7.950191e-02 3.654986e-01 -7.994341e-01 -2.089427e-01
-4.094492e-01 -1.520588e+00 -1.561686e+00 -1.602915e-01 -5.500110e-01 1.423288e+00 -4.259312e+00 -1.488909e-01 4.146109e+00 3.899553e-01 -2.660295e+00 4.014657e-02
-2.776470e-01 5.717223e-02 9.608565e-02 3.093089e-01 -2.203311e-01 -4.637596e-01 2.934356e-02 -5.268969e-02 2.251377e-02 -1.395348e-01 -8.354363e-01 -7.539518e-01
-2.973516e-02 -2.290906e-01 -5.102235e-01 6.787263e-01 -1.077745e-01 -4.306023e-01 -8.754711e-01 8.879496e-01 1.300566e-01 -7.426047e-03 -9.206317e-01 -8.337123e-01
-2.644916e-01 -9.349028e-01 -9.677793e-01 -3.057577e+00 3.432620e+00 4.395284e-01 1.483368e+00 -2.129627e-01 -3.307678e-01 -7.800496e-01 7.682040e-01 -1.420904e+00
-1.664258e+00 1.410698e+00 3.805218e+00 -1.465753e+00 3.366820e-01 4.172755e+00 5.375227e-01 -1.033496e+00 2.470847e-01 -1.112181e+00 -1.863492e+00 6.396354e-01
1.795324e+00 -5.606976e-01 2.877441e-01 2.008944e+00 5.901861e-02 7.411221e-01 2.667169e+00 1.768313e+00 -1.457905e+00 3.031440e-02 -2.678283e-01 -8.397086e-01
3.456782e-01 -9.027834e-01 -7.320505e-01 -2.021426e+00 2.960763e+00 8.025087e-01 -2.799747e-02 -9.157199e-01 -6.861845e-01 4.166224e-02 9.438200e-01 -1.647147e+00
-1.762911e+00 1.283982e+00 2.739774e+00 -1.107182e+00 1.389222e-01 2.385835e+00 8.556846e-01 -1.078858e+00 2.451216e-01 5.822059e-01 -1.727934e-02 1.127631e+00
3.614412e-01 -6.578264e-01 -6.450582e-01 -1.131091e+00 2.097315e+00 7.591807e-01 -6.611649e-01 -8.003420e-01 -1.614131e+00 1.448851e+00 -1.057775e-01 -5.911011e-01
9.611263e-02 -1.412346e-01 -2.425975e-01 3.017297e-02 -1.951811e-01 -9.584049e-01 -7.662469e-01 -2.456915e+00 -2.902566e+00 -9.021057e-01 5.315141e-01 5.386068e-01
-1.929439e-01 -1.686664e+00 -6.862323e-01 1.122325e-01 -9.940170e-01 -9.539945e-01 4.568153e-01 -1.335392e+00 -3.869593e+00 -1.296928e+00 -8.545704e-01 -4.828763e-01
-6.789681e-01 6.408314e-01 -1.623919e-01 -5.658007e-01 -1.139357e+00 2.654144e-01 1.295758e-01 -3.078293e-01 2.119706e+00 3.310107e+00 5.386160e-01 -1.049615e+00
-5.587387e-01 1.246493e+00 1.132949e+00 1.351988e+00 -1.738773e-01 -2.277177e-01 -4.682133e-01 -1.571697e+00 7.474278e-01 2.032280e+00 1.214270e+00 -6.524109e-01
-3.745472e-01 1.109499e+00 1.017040e+00 1.227225e+00 1.465730e-01 -4.575023e-01 -6.587452e-01 -1.439867e+00 -1.878103e+00 3.791768e-01 6.127693e-01 9.490647e-02
-4.513475e-01 1.499024e+00 1.280584e+00 3.604261e-01 7.700505e-01 8.872677e-01 -5.942955e-02 -1.217607e+00 -3.216609e+00 -1.080403e+00 4.748159e-01 2.022883e-01
7.569866e-02 1.831212e+00 1.860556e+00 2.375005e-01 7.573625e-01 1.668432e+00 7.497559e-01 -4.089364e-01 -2.023324e+00 -5.320418e-01 -9.845685e-01 3.866490e-01
-1.273663e-01 1.247847e+00 1.075726e+00 -8.010386e-01 -1.861903e-01 1.660488e+00 4.740883e-01 3.944045e-01 -2.070578e-01 8.353702e-01 7.013510e-01 -4.138742e-01
-2.136564e-01 1.314419e+00 1.477749e+00 -5.093865e-01 -9.775138e-03 1.306263e+00 1.343251e+00 9.603540e-01 -1.079659e-01 -3.636517e-02 6.866498e-02 -3.200445e-01
-7.352239e-01 -2.356218e-01 4.369744e-01 -2.761092e-01 -2.455515e-01 -5.832757e-01 3.286556e-01 -5.748478e-01 -4.322707e-01 -6.273449e-01 1.183801e-01 5.406516e-01
-1.608340e+00 -1.658169e+00 -1.040334e+00 -5.290185e-01 -3.632375e-01 -4.870756e-01 1.194150e+00 -5.234917e-01 -9.741771e-01 -2.168889e-02 1.498956e-01 -1.374465e+00
-8.951635e-01 -1.003747e+00 -1.325065e+00 -1.142977e+00 -1.136509e+00 -6.483741e-01 -2.739403e-02 1.719596e-02 -6.978871e-01 6.408589e-01 4.399697e-01 -6.660302e-01
-6.812449e-01 -1.132649e+00 -1.476192e+00 -1.116260e+00 -1.358465e+00 -3.543860e-01 -1.052728e+00 -9.129783e-01 8.652152e-01 1.535469e-01 1.270939e+00 7.301215e-01
2.540999e-02 -3.737995e-01 -2.824594e-01 -2.961531e-01 -7.099804e-01 -2.175891e-01 -1.056846e+00 -1.123126e+00 -7.429853e-01 -1.351495e+00 4.804437e-01 1.699583e-01
-2.400942e-02 3.756499e-01 8.388363e-01 2.043994e-01 -9.203351e-02 1.732110e-01 2.112672e-01 -1.497014e+00 -7.120972e-01 -1.659766e+00 -1.391993e-01 1.094082e+00
-4.007605e-01 6.690729e-02 8.705509e-01 4.486299e-01 4.697183e-01 6.327917e-02 1.126935e+00 -9.157956e-01 -6.146634e-01 2.604082e-01 -5.320657e-01 -1.562628e+00
9.840918e-02 7.607927e-01 5.078276e-01 8.478795e-01 1.435505e+00 6.495399e-01 5.782228e-01 6.080036e-01 -9.525779e-01 1.177815e+00 -2.783384e-02 -7.332424e-01
2.171118e-01 3.794707e-01 -5.781825e-01 -1.831907e-01 3.979860e-01 7.981635e-01 -3.156907e-01 1.439783e+00 2.937382e-01 -7.905398e-02 -2.475700e-01 6.632665e-01
4.284846e-01 8.842192e-02 -5.971898e-01 1.510225e-01 -2.865288e-01 3.276263e-01 -8.558313e-01 2.687514e-01 2.640785e-01 5.478159e-01 5.995844e-02 8.831502e-01
-1.023885e-01 -2.977231e-01 -5.287367e-01 -7.616498e-01 -1.042059e+00 -2.076853e-01 4.864546e-01 3.836624e-01 7.870650e-01 2.783408e-02 -1.502638e-02 1.526740e+00
-2.156702e-01 -1.772714e-01 -7.227122e-01 -1.165148e+00 -2.558095e+00 -1.400763e+00 -2.334409e-01 6.255051e-01 -2.591254e-01 -2.656311e-01 4.043541e-02 9.514490e-01
-2.060259e-01 9.608626e-02 -4.418121e-01 -5.110608e-01 -2.115571e+00 -1.498837e+00 -3.659626e-01 1.096665e+00 -3.389816e-01 -1.144476e-02 7.070081e-02 1.053347e+00
3.068495e-02 2.313977e-01 -7.928939e-01 -3.647977e-01 -1.570838e+00 -1.259959e+00 -1.296538e+00 1.425241e+00 -7.054642e-01 -1.055630e+00 1.316772e-01 9.675322e-01
3.074797e-01 -2.830406e-01 -4.352132e-01 -2.705800e-01 1.332656e+00 7.703889e-01 -5.431075e-01 -5.838655e-01 -1.619865e+00 2.215530e+00 -7.689997e-01 2.509494e-01
-1.996276e-01 8.914701e-01 -9.466958e-02 -9.358058e-02 3.877982e-01 3.875484e-01 -1.450613e-01 -8.024740e-01 1.308185e+00 1.535809e+00 -1.852051e-01 5.184692e-01
-2.889586e-01 2.377345e+00 2.308687e+00 3.055584e-01 -4.953650e-01 9.568404e-02 9.088236e-01 4.748347e-01 6.764051e-01 1.476694e+00 1.777993e+00 1.544012e-01
-2.810904e-01 -4.944232e-01 7.866296e-01 -7.799401e-02 1.289983e+00 -1.262716e+00 9.224514e-01 -4.233900e-01 1.985409e-01 5.479727e-01 -1.677527e+00 -3.082724e-02
2.943995e-01 -1.368544e-01 -1.646033e-01 -1.497747e-01 8.500021e-01 6.011654e-01 -3.462739e-01 -7.395647e-01 -1.051007e+00 1.771289e+00 -7.543266e-01 6.099742e-01
-9.489239e-01 1.443550e+00 1.588627e+00 -8.380793e-01 5.571988e-01 2.904163e+00 1.133446e+00 -1.023636e-01 2.605376e-01 -6.047289e-01 -8.551920e-01 4.681798e-01
-5.317507e-01 -9.435215e-01 1.305443e+00 3.873137e-01 5.230233e-01 -8.676125e-01 1.121462e+00 -4.139309e-01 8.188459e-01 8.544542e-01 -2.559729e+00 -1.045909e-02
4.075853e-01 8.633327e-02 -1.136212e-01 6.616664e-03 8.099220e-01 2.535809e-01 -6.400237e-02 -6.568152e-01 -6.879503e-01 1.421608e+00 -3.303099e-01 6.197299e-01
-5.631583e-02 8.970280e-02 1.110593e-01 1.833049e+00 -1.480103e+00 -9.137456e-02 -1.773097e-01 1.545840e+00 1.025807e+00 -9.939139e-01 -2.698919e-01 -2.886029e-01
-8.446142e-01 -7.037016e-01 1.147778e+00 1.324094e-01 1.892064e-01 -4.462175e-02 -5.044164e-01 9.178534e-01 1.088888e+00 7.770531e-01 -2.727113e+00 -5.827415e-01
5.910659e-01 -6.834030e-03 2.394589e-01 -6.027491e-02 8.841702e-01 1.963711e-01 -2.594218e-01 -2.494958e-01 -2.079051e-01 4.192908e-01 5.910321e-01 1.100358e-01
-2.224148e-01 4.504738e-02 1.003071e+00 1.709684e+00 -2.130444e+00 -4.306588e-01 2.923962e-01 7.962406e-01 2.220059e+00 -2.309762e+00 9.111870e-01 -3.460778e-01
-7.990985e-02 6.900756e-01 -6.707199e-01 -1.038679e+00 8.531059e-01 3.783980e-01 8.458278e-01 5.914450e-02 9.704323e-01 4.516593e-01 4.920072e-01 3.615343e-01
2.481794e-01 6.060829e-02 -6.632590e-03 1.349047e+00 -9.947975e-01 4.225422e-01 -3.283074e-01 1.482658e+00 3.071555e-01 -8.534662e-01 9.250136e-02 -3.262449e-01
-4.610411e-01 5.659019e-01 3.045476e-01 1.660545e+00 9.633460e-01 1.607015e+00 -1.321244e-01 -6.474169e-01 4.030147e-01 -6.387253e-01 -2.514468e+00 -3.432067e+00
-7.964573e-01 3.382409e-01 2.186759e-01 1.661020e+00 1.689650e+00 1.960906e+00 -1.040644e+00 -6.550878e-01 6.170468e-01 -6.749263e-01 -2.786551e+00 -2.033401e+00
6.535878e-01 -3.886642e-02 1.880196e-01 8.196099e-02 6.865988e-01 1.121389e-01 -5.200289e-01 6.454727e-01 -4.891763e-01 -2.250177e-01 1.015149e+00 -4.036599e-01
-1.069957e+00 6.072641e-01 -5.937405e-01 -9.331648e-01 -1.222265e+00 1.718640e+00 -1.608581e+00 1.632006e+00 2.634724e+00 8.536373e-01 -2.540256e+00 7.807119e-01
4.325632e-01 1.287640e-01 1.238740e-01 6.822124e-01 -1.827739e-01 4.570518e-01 -5.207411e-01 1.245727e+00 -1.979443e-01 -6.350746e-01 7.205275e-01 -3.240783e-01
8.305974e-01 2.967144e+00 -6.348193e-01 1.246653e+00 1.988200e-01 -1.832384e+00 6.129611e-01 3.215151e-01 2.222131e-01 1.348877e+00 2.409974e+00 -1.432142e+00
7.160743e-01 2.001834e+00 -5.865447e-01 9.645074e-01 1.084919e-01 -1.746933e+00 -5.877559e-01 -1.131292e+00 -1.570485e+00 1.118401e+00 2.821064e+00 -3.549844e-01
7.712362e-01 -1.541813e-01 7.540835e-01 -4.922727e-01 4.004216e+00 -2.952202e+00 2.217192e+00 -5.775043e-01 -2.285422e+00 7.051447e-01 1.656675e+00 -2.940884e+00
-2.068813e-01 2.026888e-01 2.002293e+00 1.309185e+00 -2.457533e+00 -9.238102e-01 3.956001e-01 8.870034e-01 1.557564e+00 -2.587975e+00 2.070352e+00 -6.998645e-01
1.410497e-01 6.672168e-01 3.464695e-01 4.886639e-01 -2.350565e-01 6.817831e-01 -2.051419e-01 -1.769188e+00 3.668183e-01 -8.529318e-01 -1.689167e+00 -2.164799e+00
6.390659e-01 9.234810e-01 -4.112301e-02 -1.979413e-01 -1.079507e+00 -5.906017e-01 7.186592e-01 -4.030761e-01 -9.037832e-01 -9.329364e-01 5.389520e-01 -7.563759e-01
-9.423170e-02 5.667126e-01 -7.506067e-01 -1.060193e+00 -2.414650e-01 -1.514450e+00 6.905679e-02 6.114180e-01 -2.585298e-01 -2.309509e-01 1.728916e-01 1.454695e+00
-1.340999e+00 1.918819e+00 -2.015409e+00 -5.039512e-01 -1.198974e+00 1.676774e+00 -1.499371e+00 8.979028e-01 5.077726e+00 6.150957e-01 -2.365295e+00 2.832076e+00
-3.068790e-01 1.433290e+00 -1.222597e+00 5.801942e-01 1.794472e+00 2.329924e+00 2.066048e+00 1.937698e+00 -4.664275e-01 -1.189356e+00 -2.443279e-01 -1.165261e-01
-4.537591e-01 6.578554e-01 -2.223689e-01 2.938843e-01 6.891347e-01 -8.451065e-01 -1.876006e-01 1.267978e+00 2.166685e-01 -1.227583e-01 -1.639671e+00 -3.574352e-01
3.992071e-01 7.946283e-01 -5.079929e-01 1.293840e-01 8.286273e-02 -1.369109e+00 4.032920e-01 6.209052e-01 -7.582120e-01 2.604282e-01 1.645927e+00 7.337283e-01
-2.607909e-01 6.334421e-01 2.927853e+00 7.636876e-01 -2.486335e+00 -1.387329e+00 7.646246e-01 1.220477e+00 -2.404074e-01 -2.256772e+00 2.749764e+00 -2.327072e-01
-5.055313e-02 8.769754e-01 -5.447986e-01 7.048278e-01 1.244177e+00 8.421983e-01 4.913655e-01 1.541748e+00 -7.909761e-01 -9.250320e-01 9.959286e-01 8.286740e-01
-6.740962e-01 2.173900e+00 6.915025e-01 2.002180e-01 -1.431650e+00 1.372535e+00 3.555457e-01 -1.470712e+00 1.745758e-02 -2.119806e+00 1.624637e+00 6.043777e-01
-2.112013e-01 6.354454e-01 -1.039567e+00 -1.064104e+00 -5.690185e-01 -1.897297e+00 7.229762e-01 1.899835e+00 -4.856948e-01 -8.135755e-02 1.960642e-01 1.166358e+00
-4.953524e-01 1.960053e+00 3.722458e-02 2.733485e-01 -4.476921e-01 8.360961e-01 3.122585e-01 -1.874966e+00 1.292645e+00 -2.449642e+00 8.376890e-01 1.365682e+00
-2.515103e-01 1.450307e+00 2.695269e+00 9.804560e-01 -2.940611e+00 -1.053101e+00 1.069329e-01 2.613759e+00 -3.488372e+00 -1.944088e-01 2.120614e+00 6.465421e-01
-3.007218e-01 2.166681e+00 1.893793e+00 1.264664e+00 -2.960469e+00 -1.634385e-01 -1.205009e+00 4.176717e+00 -6.154594e+00 1.392270e+00 1.835085e+00 6.419263e-01
-7.396964e-01 2.902923e+00 4.292464e-01 1.224066e+00 -3.054394e+00 2.334790e+00 -1.118062e+00 3.797998e-01 -2.257750e+00 -1.048977e+00 2.316287e+00 3.262258e-01
-1.179970e+00 1.331976e+00 -3.301738e+00 -9.976010e-02 -2.800859e-01 1.031033e+00 1.117521e+00 1.363767e+00 4.959841e+00 1.566707e-01 -3.018068e+00 3.612536e+00
1.854102e-01 1.565666e+00 8.906992e-02 -2.095703e-01 1.429946e+00 1.248342e+00 6.988897e-02 -7.608920e-01 -7.333744e-01 6.259953e-01 7.053822e-01 -5.491083e-01
-3.601441e-01 2.565791e+00 1.074560e+00 1.541864e+00 -3.416154e+00 1.704064e+00 -1.723084e+00 2.769006e+00 -4.956549e+00 3.698691e-01 2.661587e+00 1.047110e-01
1.893135e+00 1.150134e-01 8.617164e-01 -1.087048e+00 6.472986e+00 -3.314780e+00 1.588007e+00 -7.739959e-02 -4.043609e+00 1.282639e+00 2.103889e+00 -3.861478e+00
3.816543e-01 1.592389e+00 -2.962839e-01 -5.058174e-02 1.420983e+00 4.629757e-01 -1.333815e+00 1.346838e-03 3.014458e-01 -1.612040e+00 -5.579489e-01 1.562909e+00
2.280556e-01 1.803989e+00 -2.352049e-01 6.633922e-01 9.932545e-01 8.581713e-01 -1.871287e-01 -1.766059e-01 3.623828e-01 8.590225e-01 1.702468e+00 -9.432878e-01
-1.177024e+00 -2.487696e-01 -2.595592e+00 -9.658830e-02 4.957585e-01 -2.690762e-01 4.333773e+00 1.786462e+00 3.910941e+00 -4.241600e-02 -3.434465e+00 3.094321e+00
-1.958430e-01 1.064227e+00 -1.723273e+00 3.072609e-01 2.424105e-01 5.396675e-01 -1.049475e+00 -3.606258e-02 1.202473e+00 1.262142e+00 2.446913e+00 -1.961549e-01
2.343842e+00 7.017838e-01 2.848219e-01 -6.588934e-01 6.655595e+00 -2.324031e+00 -1.983537e-01 6.335551e-01 -4.049382e+00 4.518500e-01 2.550994e+00 -3.606233e+00
1.909054e+00 9.350270e-01 -2.912045e-03 -3.547745e-02 4.746951e+00 -9.910162e-01 -1.205203e+00 8.642828e-01 -2.717472e+00 -5.219476e-01 1.894379e+00 -2.164184e+00
-9.391578e-01 -2.530630e-01 -2.410556e+00 1.948001e-01 -3.446613e-01 -4.221089e-01 -3.700587e+00 -1.776003e+00 2.334620e+00 1.171975e+00 2.483071e+00 9.232397e-01
-1.724602e+00 -2.237954e+00 -2.682084e+00 -7.166964e-01 -6.644510e-01 -1.058755e+00 -2.319099e+00 -9.253780e-01 2.733676e+00 3.191395e-01 1.286588e+00 1.113462e+00
-1.789170e+00 -2.220191e+00 -1.520317e+00 1.958013e-02 1.119548e+00 -1.152216e+00 3.508438e+00 1.015386e+00 2.368069e+00 -1.927778e-01 -3.062481e+00 7.711397e-01
-1.953166e+00 -3.362926e+00 -2.047957e+00 -1.012566e+00 2.387480e-02 -6.970775e-01 -4.979133e-04 -1.482694e-01 7.121662e-01 -5.496600e-01 -1.049988e+00 -2.352112e-01
