-3.614330e-03 -2.689588e+00 2.545797e+00 -1.934568e+00 -2.370114e+00 -4.507952e-02 2.934337e-01 -2.013698e+00 7.914392e-01 -1.772001e+00 -5.631669e-01 2.553613e+00
7.704736e-01 -4.592951e+00 1.996960e+00 -1.135421e+00 -2.160469e+00 1.591595e+00 4.801544e-01 -1.866405e+00 1.295950e+00 -2.765022e+00 -2.158929e+00 1.479336e+00
-1.054132e+00 -3.463590e-01 1.031957e+00 -2.205931e+00 -2.785807e+00 -2.427131e+00 3.203162e-01 -1.940019e-01 -2.004887e-01 7.428967e-01 2.312398e+00 1.626052e+00
4.246694e+00 -2.864080e-01 2.688031e+00 3.377132e+00 -2.989778e+00 6.101444e-01 -2.689364e+00 -2.097033e+00 3.144306e+00 -1.267424e-02 2.497075e+00 7.671851e-01
3.723686e+00 2.917888e-01 1.583733e+00 1.831794e+00 -2.474231e+00 7.515029e-01 -8.581165e-01 -3.041030e+00 3.063838e+00 -2.714245e-01 -4.465390e-01 2.092590e+00
3.766549e+00 -5.232143e-01 2.651330e+00 3.692548e+00 -1.825920e+00 1.928600e+00 -3.611764e+00 -1.918247e+00 3.162396e+00 -2.097130e+00 2.030856e+00 -8.161246e-01
5.387598e-01 -3.503672e+00 1.476222e+00 6.470712e-02 -8.675442e-01 2.374794e+00 1.468930e+00 -1.142094e-01 7.460603e-01 -1.310245e+00 -2.078223e+00 -7.572183e-01
1.405095e+00 1.189753e-01 -3.076982e-01 -8.469642e-01 -2.411085e+00 -3.214756e-01 1.892031e-01 -2.255282e+00 1.638035e+00 8.760481e-02 -1.106877e+00 2.339028e+00
-6.688386e-01 2.455021e+00 -7.870481e-01 -1.428146e+00 -7.133220e-01 -4.209298e+00 -9.978496e-01 3.331040e-01 -1.937066e+00 2.295025e+00 3.696316e+00 -4.899414e-01
-2.248718e-01 -4.320202e-01 1.029663e-01 8.802961e-01 1.934958e-01 -5.425624e-01 -1.100125e+00 -6.928996e-01 -9.288284e-01 -1.428193e+00 7.586942e-01 6.924480e-01
-7.772794e-02 -4.185492e-01 1.171144e-01 1.097268e+00 9.148890e-01 -1.718923e+00 -1.037882e+00 -5.289132e-01 -1.219525e+00 -1.427935e+00 3.491372e-01 8.365186e-01
7.173657e-03 -3.915281e-02 4.972396e-02 1.240506e+00 1.014541e+00 -1.403810e+00 -1.520662e+00 4.576187e-02 -1.377359e+00 -1.316519e+00 3.933721e-01 3.658964e-01
-3.181450e-01 1.831015e-01 1.031040e-01 1.164673e+00 1.158340e+00 -1.342693e-01 8.163077e-01 6.676707e-01 -6.632633e-01 -3.353924e-01 4.833743e-01 -9.576796e-01
5.885105e-02 -1.180140e-01 -9.341421e-01 -1.447472e-01 -7.511194e-01 -1.011877e+00 -1.215233e-01 4.761211e-01 -1.064939e+00 -4.454315e-01 -2.966422e-01 -1.075754e+00
-4.056431e-01 4.521893e-01 4.818280e-01 -3.111675e-01 -5.083753e-01 6.007181e-01 5.862764e-01 -2.154821e+00 2.829594e-01 -1.466303e+00 -6.232834e-01 1.590696e+00
3.323244e-01 1.039938e-01 -4.651375e-01 -1.394204e-02 -5.379791e-01 -4.310990e-01 1.517716e-01 6.333174e-01 -7.795163e-01 -5.460191e-02 1.130662e-02 -2.377997e+00
-2.525605e-01 4.703543e-01 -1.994748e-01 -1.027008e+00 -1.425766e+00 -1.585710e+00 7.783633e-01 6.047297e-01 1.329304e+00 9.024968e-02 -8.518740e-01 -3.162298e-01
-7.489643e-02 -4.033133e-01 -6.143230e-01 -8.821453e-01 -4.856251e-01 -1.503903e+00 4.202390e-01 6.221710e-01 -1.935271e-01 -2.293949e-01 -8.636113e-02 8.845429e-01
2.559609e-01 -8.550329e-01 -1.327140e+00 -1.275884e+00 4.385218e-01 -2.187462e-01 1.245031e+00 4.304101e-01 -9.588067e-01 3.309231e-01 6.471199e-01 5.524117e-01
-3.192918e-01 -7.908790e-02 2.636142e-01 1.104577e+00 7.901317e-01 4.623831e-01 -1.350448e+00 -9.717920e-01 4.150432e-01 -1.318398e-01 3.418866e-01 1.416272e-01
-3.118614e-01 -2.442734e-01 3.283822e-01 2.627264e-01 -4.642906e-01 -1.853864e-01 -7.917548e-01 -2.210074e-01 -6.816669e-01 -9.081997e-01 -3.212447e-01 6.888398e-01
-2.836719e-01 5.166049e-01 -7.305980e-03 -1.713687e-01 -8.214315e-01 -4.740052e-01 1.801429e-02 5.884416e-01 9.535988e-01 -1.207647e+00 -8.997755e-01 -3.200748e-01
-4.166752e-01 -1.937437e-01 -4.318741e-01 5.791976e-02 1.580855e-02 -4.728055e-02 -4.663578e-01 -1.258004e+00 -8.016617e-01 -1.984833e+00 -1.735689e+00 -3.232495e-01
-5.810374e-01 -5.097911e-01 3.407823e-01 9.366041e-01 4.689759e-01 -4.141862e-01 -2.951977e-01 1.931582e-01 -2.041568e-01 -1.118703e-01 3.550466e-02 -3.677448e-01
-2.157274e-01 -2.179528e-01 -9.412785e-01 -6.922767e-01 -2.007167e-01 7.748572e-01 -4.589556e-01 -1.492897e+00 -1.332691e+00 -1.212849e+00 -1.286083e+00 -8.064709e-01
2.534481e-02 1.489678e-01 5.571471e-01 6.381282e-01 1.200844e+00 -1.135298e+00 -6.699619e-01 -1.103216e-01 -9.521559e-01 -5.180864e-01 3.103771e-02 -1.996222e-01
-4.199978e-01 1.232505e+00 1.721331e+00 1.104278e+00 1.797333e-01 -1.006994e+00 2.827017e-01 6.683373e-02 -1.826098e+00 6.004521e-01 1.186369e+00 1.281020e+00
-6.099703e-01 8.646151e-01 8.444238e-01 -4.215530e-01 -1.128924e-01 -5.025921e-02 8.945263e-01 4.471560e-01 -1.160720e+00 1.953621e+00 1.324847e+00 6.188374e-01
-1.280679e-01 5.467185e-01 -5.836549e-01 -1.248328e+00 -3.238697e-01 -9.222567e-03 8.813419e-01 2.541758e-01 1.226330e-01 2.097277e+00 1.730736e+00 2.305144e-01
-7.855253e-02 4.751598e-01 2.206075e-01 9.553921e-01 1.330819e+00 9.441085e-01 -7.174272e-01 9.974499e-01 8.275822e-01 -1.252317e+00 -1.050740e+00 -4.905120e-01
3.103264e-01 7.776166e-01 -4.188949e-02 5.232286e-02 1.172999e+00 8.097067e-02 1.203863e+00 1.866470e+00 2.970108e-01 -9.315125e-01 6.753249e-01 -1.309944e+00
1.854133e-01 -7.746538e-01 -1.566455e+00 -1.063636e+00 1.474261e-04 1.330871e+00 6.016566e-01 -9.427174e-01 -2.577391e+00 -1.109337e+00 2.437030e-01 -3.918004e-02
-4.561630e-01 7.684564e-01 1.539837e+00 1.144076e+00 -1.154369e+00 -1.197439e+00 -3.424737e-01 3.697654e-01 -7.488517e-01 -1.741217e+00 -4.242316e-01 4.495680e-01
-3.225211e-01 1.736247e-01 3.655169e-01 1.385044e+00 1.622994e+00 1.600105e+00 -1.196349e+00 -6.636784e-01 1.389621e+00 -3.310323e-01 -2.744367e-01 -4.854712e-01
-5.724030e-02 -2.633715e-01 -1.947940e-01 -1.898410e-01 -1.455265e+00 -9.508939e-01 -1.096768e+00 -4.735947e-01 7.365061e-01 -7.229573e-01 -6.414005e-01 1.281407e+00
2.051363e-01 1.452047e-01 1.263902e-01 4.130076e-01 4.695511e-01 6.296850e-01 -1.861644e-01 -5.821539e-01 -6.669689e-01 -1.316133e-02 6.045783e-01 -2.130079e+00
-3.598906e-01 -5.287458e-01 7.320925e-02 -5.990009e-01 -1.320950e+00 -1.875301e+00 -7.224877e-01 5.575432e-01 1.957256e-01 8.179179e-01 -1.073146e+00 1.442959e-01
-1.525940e-01 -1.711798e-01 -2.195486e-01 -1.024357e-01 -1.037151e+00 -1.347218e+00 -6.246558e-01 2.880742e-01 4.575831e-01 6.829518e-01 -5.240582e-01 2.974107e-01
6.191627e-01 -7.680053e-01 -1.475561e+00 -1.432737e+00 7.889001e-01 1.440579e+00 6.893768e-01 -7.969131e-02 -2.399773e+00 7.725009e-01 9.737400e-01 1.511970e-01
-4.842691e-02 -1.248721e-01 8.157480e-01 8.408038e-02 -3.281237e-01 -1.269748e-02 1.338773e-01 -1.056129e+00 6.907331e-01 1.473042e+00 6.012837e-01 -2.731758e-01
-5.029354e-02 8.898125e-02 -3.385929e-01 -7.924654e-01 -2.080586e-01 -7.628880e-01 -1.897502e-01 -4.589188e-01 1.242564e+00 1.315897e+00 2.553612e-01 8.867567e-01
4.786943e-01 -4.761520e-01 -3.354334e-01 6.472961e-01 2.585991e-01 1.453716e+00 3.004917e-01 -1.494341e+00 -3.600875e-01 7.376135e-01 -8.844913e-01 8.856324e-01
6.009601e-01 7.009337e-01 4.021788e-03 -2.892424e-01 3.962973e-01 -4.049403e-01 -2.493979e-01 5.090603e-01 7.360640e-01 -2.769835e-01 3.095831e-01 -6.468655e-01
7.743280e-01 -7.113312e-01 1.309867e-02 -7.591057e-03 9.366350e-01 1.191784e+00 1.224038e+00 -2.944107e+00 -1.677906e-01 8.452566e-01 -8.699785e-01 1.387532e+00
4.658954e-01 3.259020e-01 -5.555030e-02 -6.994413e-01 -4.229493e-02 2.284717e-01 -1.153277e+00 -3.503206e-02 6.199772e-01 1.385789e-01 -3.914185e-01 -8.708390e-01
-2.099142e-01 2.912697e-01 7.435860e-01 -3.125371e-01 1.189905e+00 2.147197e-01 -9.775040e-01 3.759243e-01 -1.630501e-01 -1.008111e+00 7.001758e-01 -1.770136e+00
-3.183718e-01 -2.698898e-01 6.249782e-01 -2.647890e-01 -7.080200e-01 -1.176216e-01 -6.292399e-01 -1.162731e+00 3.442185e-01 1.312180e+00 -9.634552e-02 8.176947e-02
-6.582875e-01 -4.973353e-01 -5.828004e-02 -3.883283e-01 -9.094934e-01 2.108952e-01 1.458624e+00 1.166151e+00 1.521125e+00 -8.653997e-01 -5.335100e-01 -7.844611e-02
-4.538258e-01 -2.658288e-01 -9.496843e-01 -8.534521e-01 -4.722888e-01 8.977106e-01 1.256779e+00 1.306633e+00 1.665928e+00 -7.280536e-01 -7.365020e-01 4.107552e-02
-5.196080e-01 1.978917e-01 1.202572e+00 7.669582e-01 -7.373828e-01 -5.999051e-01 3.630383e-01 -2.802554e-01 -4.944444e-03 -9.074503e-01 -2.996820e-01 1.485766e-01
2.629789e-01 -1.434165e-01 -3.687114e-01 -6.482923e-01 -6.048665e-02 -5.161467e-01 -1.593728e+00 -2.760374e-01 1.670614e+00 1.020395e+00 -3.203475e-01 -3.853674e-01
-2.336552e-01 -4.974032e-02 1.916099e-02 1.381111e-01 -2.279472e-02 -1.485098e-01 -3.791332e-01 -1.340973e-03 1.204729e+00 1.405012e+00 5.617668e-01 9.850918e-01
1.832833e-01 1.944129e-01 -1.074070e+00 1.175937e+00 -2.499361e-02 1.287312e+00 -2.377577e-01 1.084926e-01 -5.963327e-01 3.907814e-01 -7.897291e-01 5.390106e-01
-1.423048e+00 -9.229012e-01 -7.780057e-01 -1.725153e+00 -6.137754e-01 -9.072449e-01 -3.879066e-01 8.456922e-01 8.023982e-01 1.166171e+00 -1.168411e+00 -9.393972e-01
-6.006309e-01 1.436313e-01 1.001292e+00 8.323913e-01 -2.004633e-02 -1.192968e+00 -1.033887e+00 -1.471949e-01 6.980232e-01 1.537723e+00 1.832657e-02 5.297799e-01
-2.125586e-01 6.641523e-01 -1.111828e+00 5.751670e-01 3.077585e-01 1.375290e+00 -8.618563e-01 1.507752e+00 -7.081465e-01 -6.715043e-01 -3.212462e-02 -2.911556e-01
-3.079383e-01 4.230466e-01 4.844961e-01 -9.974875e-01 1.417379e+00 8.166002e-01 -1.030332e+00 1.210954e+00 -5.165434e-02 -1.088035e+00 4.031150e-01 -1.709523e+00
1.239264e-01 1.211553e+00 1.149554e-02 -7.192971e-01 -6.891758e-01 -2.216849e-02 1.604795e+00 -1.787586e+00 6.610572e-01 -2.926904e-01 -1.974977e+00 2.302806e+00
-4.592896e-01 5.180342e-02 5.383395e-01 -6.320950e-01 -4.972612e-01 -1.746058e+00 -1.020441e+00 -2.882328e-02 5.476538e-01 2.064982e+00 -1.893287e-01 -9.085564e-02
1.145839e+00 -4.238757e-01 -1.288162e-01 -3.029347e-01 9.540964e-01 1.339406e+00 1.856150e+00 -3.188567e+00 -7.591544e-01 5.523486e-01 -1.832531e-01 1.612099e+00
-2.420749e-01 4.697043e-01 -2.729113e-01 -4.445795e-01 9.162964e-01 1.186883e+00 -9.948851e-01 1.883108e+00 -6.668571e-01 -8.139168e-01 2.613726e-01 -1.301410e+00
-1.892491e+00 -1.717045e+00 -1.847970e+00 -1.527214e+00 -1.348689e-01 -3.511373e-01 -2.724994e-01 6.885990e-01 9.279277e-01 -1.176784e+00 -2.685013e+00 -3.124214e+00
3.376971e+00 -5.087177e-01 7.522074e-01 3.221783e+00 1.128973e+00 1.517577e+00 -3.604921e+00 -4.291927e-01 1.289659e+00 -3.640324e+00 -7.099463e-01 -2.609670e+00
8.612169e-01 6.992943e-01 -6.066982e-01 -4.937073e-01 4.147493e-01 1.796873e+00 2.160430e+00 -2.288185e+00 -1.654479e+00 -6.655275e-01 9.317376e-01 1.996380e+00
2.048500e-01 1.649662e+00 -5.409514e-01 -9.654705e-01 3.336091e-01 2.257615e+00 1.730642e+00 -1.304234e-01 -3.171618e+00 -1.357780e+00 1.745436e+00 2.126645e+00
-5.750374e-01 3.003645e-03 -7.486653e-01 -1.344714e+00 5.120009e-01 2.776726e+00 9.953969e-01 1.147213e+00 2.984437e+00 1.133964e+00 -2.368259e-02 5.666113e-03
-2.011654e+00 -1.351768e+00 -9.955843e-01 -8.561352e-01 -1.359039e+00 -1.213470e+00 -1.407804e+00 -1.611275e-01 8.605252e-02 -8.419765e-01 -2.378535e+00 -3.557573e+00
-6.231421e-01 1.007315e+00 -6.432996e-01 -1.530802e+00 -7.629278e-01 1.725548e+00 -9.155742e-01 3.882846e-01 1.254371e+00 -1.295021e-01 -1.079008e-01 -1.918416e-02
2.183652e-03 2.305403e+00 -7.919453e-01 -1.545643e+00 1.545079e+00 1.861650e+00 1.907537e+00 1.839918e+00 -4.083106e+00 -1.156645e+00 1.215677e+00 2.695042e+00
2.047884e+00 -2.042445e+00 -2.350411e+00 7.958914e-01 1.214517e+00 1.635962e-01 -3.029484e+00 1.070886e+00 -1.019597e+00 -2.516406e+00 -3.000863e-01 -4.092829e+00
-2.183915e+00 -5.104069e-01 -2.246139e-02 3.320087e-01 -1.188775e+00 -1.421939e+00 -1.200950e+00 -9.887514e-01 -6.773873e-02 -8.241070e-01 -2.049635e+00 -2.774707e+00
-1.412367e+00 4.366480e-01 -5.680418e-03 -7.949539e-02 -6.131364e-01 -1.269562e+00 -1.437778e+00 -1.169848e+00 6.153977e-01 5.234975e-02 -9.620937e-01 -1.173894e+00
-1.160425e+00 3.727691e-01 -1.047632e+00 -2.799855e-01 2.134032e+00 1.059016e+00 3.267846e+00 3.636419e+00 2.180476e+00 4.206277e+00 -3.983237e-01 -1.761284e+00
9.479364e-01 3.533570e-01 -1.980605e+00 5.902947e-01 1.594774e+00 -6.283122e-01 -1.073608e+00 1.724149e+00 -1.668092e+00 -8.829091e-02 7.625123e-01 -3.426328e+00
-6.992021e-01 2.951296e+00 -1.834077e+00 -1.135905e+00 4.037570e+00 1.983007e-01 3.112296e+00 4.393705e+00 -4.156002e+00 1.594574e+00 5.639943e-01 1.045299e+00
-1.170478e+00 1.303398e+00 -2.210024e+00 2.307814e-01 3.993512e+00 -5.874386e-01 5.081272e+00 4.281459e+00 6.787997e-01 5.669604e+00 -7.041396e-01 -1.691209e+00
-1.265720e+00 2.118689e+00 -2.355503e+00 -1.154390e-01 5.613604e+00 -1.726463e+00 4.747363e+00 4.374387e+00 -1.872542e+00 4.771050e+00 -1.909689e-01 -5.698874e-01
