-2.879596e+00 2.156595e+00 1.308748e+00 8.399433e-01 2.556707e+00 1.284427e-01 1.028365e+00 4.865688e-01 -8.285439e-03 1.629162e+00 -2.502522e+00 1.757832e-01
-2.477729e+00 1.915838e+00 5.881068e-01 3.372948e-01 2.206998e+00 -1.766766e+00 2.480197e+00 -1.314292e-01 -1.921523e-01 4.117021e-01 -3.402483e+00 -7.848555e-01
-2.743108e+00 6.707338e-01 -2.142204e-01 -4.167782e-01 1.268368e-01 1.517552e+00 -5.857081e-01 5.887085e-01 5.335965e-02 1.863302e+00 -1.112677e+00 2.189037e-01
4.202765e+00 -2.207130e+00 -4.487731e+00 -9.815709e-01 9.560001e-01 1.547668e+00 -2.247796e+00 -5.619862e+00 3.760045e+00 1.025287e+00 -2.070101e+00 -3.518763e-01
-1.322713e+00 8.993198e-01 1.562302e+00 9.729030e-02 1.520543e+00 -2.944529e+00 1.675122e+00 -7.397625e-01 -1.210408e+00 -9.866915e-01 -1.913164e+00 -2.486742e+00
-1.771163e+00 -1.805687e+00 -8.497318e-01 -9.272297e-01 5.424041e-02 2.186103e+00 -2.799167e+00 -5.772219e-01 -1.092353e+00 2.233958e+00 1.029749e+00 -3.128822e-01
6.598202e+00 -1.671177e+00 -2.431006e+00 2.301351e+00 6.654919e-01 -9.701921e-01 -2.279840e+00 -3.033787e+00 1.221627e+00 -1.514377e+00 -9.623652e-01 2.115012e+00
3.410505e+00 2.128388e-01 -4.023235e+00 -2.913684e+00 1.360286e+00 4.012880e+00 -3.431341e+00 -6.758686e+00 4.374691e+00 1.665897e+00 -2.030437e+00 -1.594151e+00
2.478971e-01 -2.410187e+00 -1.945697e+00 -1.274879e+00 2.833561e+00 3.804597e+00 -2.216699e+00 -6.598834e+00 -1.206951e+00 8.242118e-01 1.224739e+00 1.359458e+00
2.040400e+00 1.289858e+00 -3.211378e+00 -2.922147e+00 5.905706e-01 6.454466e+00 -2.158845e+00 -6.673956e+00 2.160394e+00 5.967461e-01 -8.488367e-01 -9.917427e-01
4.238012e-01 -1.483209e+00 -1.262156e+00 -8.605217e-01 2.478325e+00 3.776154e+00 -1.120646e+00 -6.365125e+00 -2.251453e+00 8.380769e-01 1.454462e+00 4.532896e-01
-8.618906e-01 -2.485464e+00 -1.295714e+00 -1.578190e+00 -2.680007e+00 7.078196e-01 -2.157043e+00 -1.652066e+00 -8.062483e-01 2.335607e+00 3.028730e+00 2.874197e-01
7.083400e-01 1.522632e+00 -1.643179e+00 -1.706177e+00 8.232942e-01 4.591906e+00 -1.472586e+00 -3.864168e+00 1.998498e-01 -9.677114e-01 -1.406984e-01 -4.775529e-02
-3.474836e-01 -1.714757e+00 8.894035e-01 -8.397132e-01 -3.328941e-01 1.979880e+00 -9.541988e-03 1.185756e+00 2.822971e+00 -1.210775e+00 1.291277e+00 7.301739e-01
-8.131566e-01 -1.039538e+00 8.000402e-01 -4.220368e-01 1.542096e+00 -1.615735e+00 7.183356e-01 -4.733490e-01 -1.040443e+00 -9.296108e-01 1.367970e-01 -1.386126e+00
-1.573720e+00 -2.353310e+00 4.314715e+00 4.342313e+00 -4.332975e+00 -4.223691e+00 -2.871291e+00 6.801160e+00 8.364185e-01 -2.467845e+00 -3.203245e-01 4.476183e-01
7.308768e+00 -2.680847e-01 2.985496e-02 4.173122e+00 -9.843613e-01 -8.526904e-01 -1.263880e+00 -2.417014e+00 -2.035694e-01 -3.972095e+00 1.002367e+00 3.426151e+00
-1.173824e+00 -2.713367e+00 2.730140e+00 4.851934e+00 -2.576434e+00 -4.547371e+00 -4.656611e+00 5.146787e+00 2.881232e+00 -1.163225e+00 4.489098e-01 -1.090143e+00
-1.511901e+00 -2.235894e+00 5.848903e+00 2.829733e+00 -4.946108e+00 -3.680605e+00 7.246825e-01 5.609850e+00 -9.102936e-01 -4.043285e+00 4.090578e-01 1.618149e+00
-8.712877e-01 -2.740085e+00 1.873804e+00 4.088480e+00 -1.092933e+00 -3.460214e+00 -4.682994e+00 2.504706e+00 3.487018e+00 1.311600e-03 2.452437e-01 -5.923579e-01
-1.796894e-02 1.027617e+00 -3.650698e-01 -9.038963e-01 1.715308e+00 1.408293e+00 -2.122551e+00 -2.021568e-01 -1.158827e+00 -7.147090e-01 -6.351715e-01 1.398645e+00
1.041198e-01 -7.816634e-01 -1.525103e+00 -6.112827e-01 1.894770e+00 2.781767e+00 -1.802912e+00 -2.966858e+00 -5.662321e-01 9.030446e-01 -2.392187e-02 3.572424e-01
-2.707255e-01 -3.423302e-01 5.622557e-01 5.167012e-01 1.374302e+00 -9.574631e-01 -2.125483e+00 2.875374e-01 1.821918e-01 -5.668611e-01 -3.373289e-01 1.242120e+00
6.205631e-01 -2.490218e+00 -1.332888e+00 -7.694540e-01 -3.557474e+00 -2.596001e-01 3.951034e-01 -7.134484e-01 -1.457034e+00 1.442035e+00 1.257552e+00 -9.198812e-01
-5.233188e-01 -1.816640e+00 1.160754e+00 2.371161e+00 5.596480e-01 -2.808222e+00 -3.184691e+00 8.124450e-01 2.305003e+00 -1.050823e-02 -1.453103e-01 2.955166e-01
-2.494144e-01 -1.417325e+00 5.260845e-01 -5.550245e-02 -1.334986e+00 6.995214e-01 -1.966020e-01 1.826928e+00 2.323280e+00 -1.258716e+00 5.783281e-02 8.828406e-01
-1.741356e+00 -1.551519e+00 6.545140e+00 5.393988e-01 -4.561765e+00 -1.950696e+00 3.256656e+00 3.137468e+00 -2.286000e+00 -4.453917e+00 1.798981e+00 1.073579e+00
-1.035858e-01 -1.310113e+00 2.096200e-03 -6.244952e-01 -7.862900e-01 -6.967372e-01 1.347646e+00 -5.002217e-01 -4.865130e-01 -9.925225e-01 5.475479e-01 5.004250e-01
-2.795414e-01 -1.793409e-01 -8.951811e-02 -5.131241e-01 -1.704944e+00 -1.829796e+00 -1.298394e+00 1.432626e+00 1.847817e-02 -1.119268e+00 6.664308e-01 6.833703e-01
-3.992342e-01 -6.819025e-01 -1.396476e+00 -1.183398e+00 -3.438819e-01 3.090006e-01 5.806796e-01 3.972787e-01 6.626831e-01 4.439761e-01 1.070055e+00 2.177071e+00
-1.237518e-01 2.813782e-01 1.746511e-03 -1.436615e-01 -7.383634e-01 -7.867581e-01 -9.561316e-01 1.476753e+00 5.936564e-01 -8.736864e-01 -4.343227e-01 -3.894436e-01
-1.548451e-01 -3.416764e-01 -6.431506e-01 -3.255506e-01 -1.020977e+00 -2.258229e+00 -2.096018e+00 1.336495e+00 -3.063347e-01 -1.005657e+00 1.039016e+00 4.171738e-01
-1.686064e-01 5.573450e-01 1.039557e+00 3.980800e-01 -5.984613e-01 9.322090e-02 -7.466973e-02 4.437274e-01 1.511440e+00 1.044980e+00 4.040535e-01 -5.009632e-01
3.500976e-02 -9.743006e-01 -3.317570e-01 -6.206371e-01 -1.099753e-03 9.057243e-01 1.801147e+00 3.260459e-01 -9.297623e-02 -3.871490e-01 1.916566e-02 1.493997e+00
-2.154045e-01 8.015458e-01 1.479824e+00 -3.065439e-01 -4.811017e-01 1.633129e-02 1.572321e+00 3.137975e+00 1.358993e+00 -1.290235e+00 -9.987682e-01 -5.573985e-01
-1.844408e+00 -6.323949e-01 5.783251e+00 -5.977439e-01 -4.088834e+00 9.418575e-01 3.967136e+00 -2.776163e-01 -1.551551e+00 -3.825953e+00 2.631103e+00 -2.107917e-01
2.221860e-01 3.962999e-01 7.703716e-01 -1.333003e-02 -8.332019e-01 3.204277e-01 6.866045e-01 -9.050117e-01 -1.582799e+00 -6.324680e-01 -1.161164e+00 -2.550995e-01
-2.382608e-01 -1.703860e-01 -7.492083e-01 -1.295027e+00 -1.082121e+00 -8.785430e-01 3.136402e-01 1.035273e+00 -2.612432e-01 1.773574e-02 1.075962e-01 -3.679659e-02
-2.191470e-01 6.837155e-01 8.476036e-01 -2.469415e-01 -1.402928e+00 -1.185808e+00 -1.872829e+00 6.288873e-01 1.281970e+00 -2.224504e-01 -2.750550e-01 -1.011075e+00
1.581351e-01 4.444172e-01 1.069312e+00 5.259960e-01 -1.397931e-01 7.512981e-01 1.296411e+00 -5.375651e-01 1.165943e+00 1.632603e+00 7.492331e-01 5.345117e-01
-3.439485e-01 -2.399050e-01 -6.414672e-01 -9.808013e-01 -4.716205e-01 -1.664366e+00 -1.384768e+00 4.130022e-01 -1.183731e+00 -2.145398e-02 1.070177e+00 5.020432e-01
-1.088019e+00 -1.820564e-01 -3.289263e-01 -9.128343e-01 -1.641952e+00 -1.190288e+00 -1.280916e-01 5.756947e-01 -2.009573e-01 -1.529328e+00 -1.245753e+00 -9.299553e-01
-2.588003e-01 -1.367651e-01 -2.765685e-01 -4.764610e-01 -4.250675e-01 2.574721e-01 1.705055e+00 7.149066e-01 -4.406591e-01 8.394390e-01 -3.457849e-01 4.363733e-01
-1.893871e+00 3.836908e-01 4.407407e+00 -1.321461e+00 -2.479689e+00 2.363451e+00 2.982994e+00 -1.656433e+00 -6.126617e-01 -2.703614e+00 1.999396e+00 -1.459497e+00
5.324926e-02 4.426789e-01 7.066725e-02 -1.797138e-01 2.712483e-01 1.046706e+00 6.724701e-01 9.982403e-01 1.267680e+00 -1.709081e-01 -5.596298e-01 4.958076e-02
1.931218e-01 1.032414e-02 -7.612436e-02 4.257301e-01 6.006800e-01 5.550484e-01 6.917749e-01 -5.765855e-01 6.387569e-01 2.271095e+00 6.151058e-01 2.729311e-01
-1.508704e+00 1.199846e+00 2.917036e+00 -1.104559e+00 -1.438987e+00 2.891916e+00 1.807715e+00 -1.392690e+00 -3.436081e-01 -1.084008e+00 -3.202688e-01 -9.011103e-01
-1.255347e+00 -3.935639e-01 6.735353e-02 -4.193015e-01 -8.121020e-01 -8.260168e-01 2.945356e-01 5.995849e-01 2.483354e-02 4.163294e-02 2.209044e-03 6.392016e-01
-9.124559e-01 1.513458e+00 2.192704e+00 -8.370463e-01 -5.383466e-01 2.311610e+00 1.206651e+00 -1.307426e+00 1.448857e-01 -1.320463e-01 -2.029941e+00 4.533520e-01
-4.711989e-01 5.067734e-01 1.008120e+00 4.234031e-02 3.434659e-01 -1.140861e-01 1.082038e+00 1.951200e+00 -1.156478e+00 -2.776403e-01 2.507060e+00 2.513427e+00
2.049690e+00 -1.302404e+00 1.559388e-01 5.960211e-01 -2.933758e+00 -3.106605e-01 6.941718e-01 -3.136770e-01 -4.925423e-01 2.361545e-01 1.144235e+00 -8.141741e-01
-1.727209e-02 9.589101e-01 -1.142216e+00 -6.679640e-01 3.716087e-01 1.088402e+00 6.730952e-01 -1.778619e+00 -1.220751e+00 6.387086e-01 -3.563685e-01 -1.715130e+00
1.051291e-01 1.180650e+00 -1.019198e+00 -1.207260e+00 -6.018746e-01 1.157229e+00 1.403568e+00 -1.150567e+00 -1.515628e+00 2.918756e-02 9.938192e-01 -8.077433e-01
-8.173358e-01 1.940930e-01 8.216492e-01 1.495549e-01 2.130494e-01 -5.490330e-01 8.971354e-01 5.508276e-01 -3.713547e-01 3.777695e-01 1.500419e+00 2.442120e+00
-1.133129e-01 -2.065344e-02 1.117392e-01 6.722859e-01 -1.327123e+00 7.041035e-02 -5.259928e-01 1.536752e+00 3.302239e-01 4.133798e-01 1.633389e+00 -5.628299e-01
-8.272618e-01 1.892908e+00 1.984807e+00 -1.324461e+00 6.128179e-01 1.414549e+00 3.421597e-01 6.280766e-02 -4.756532e-01 3.138165e-01 -2.248504e+00 7.824747e-01
-3.203192e-02 8.830402e-01 9.228501e-02 -1.647712e+00 -8.283903e-01 4.012892e-01 1.148463e+00 1.780776e-01 -2.649113e+00 1.718521e-03 2.932665e+00 1.139243e+00
7.317999e+00 9.085432e-01 1.152778e+00 3.719342e+00 -1.636784e+00 9.868643e-01 3.431484e-01 -1.800117e+00 -2.232824e+00 -4.060204e+00 6.453244e-01 1.308868e+00
-7.466944e-01 1.551497e+00 1.277389e+00 3.972025e-02 9.925938e-02 1.355717e+00 -1.002779e+00 5.232041e-01 2.791598e-01 -9.263580e-01 -3.999151e-02 8.318648e-02
-6.768324e-01 1.806129e+00 1.756659e+00 -1.002551e+00 3.958243e-01 1.680708e+00 -6.713880e-01 7.545004e-01 -4.024797e-01 -2.344282e-01 -1.138919e+00 4.458680e-01
5.666189e-02 9.137583e-01 -1.416986e+00 -3.366962e-01 8.854944e-01 -2.915103e-01 -1.705141e+00 -3.480965e+00 9.652464e-01 3.000229e+00 -8.514789e-01 -8.464231e-01
7.874270e-02 2.011643e+00 5.547517e-01 6.578837e-01 3.499290e-01 -1.552769e+00 3.804092e-02 1.974850e+00 -1.948039e-01 -1.010315e+00 -6.233301e-01 -6.317564e-01
-3.718541e-01 8.758730e-01 4.264902e-01 5.979422e-01 1.549887e-01 4.169932e-01 -5.087937e-01 1.119107e+00 -4.644470e-01 -9.071350e-01 7.753038e-01 -2.391258e-01
-2.929535e-02 4.046520e-02 -1.598537e+00 2.922498e-01 1.696138e+00 -1.726550e+00 -3.318630e+00 -2.194990e+00 3.379152e+00 2.548896e+00 -2.561677e+00 -1.356318e+00
-1.138291e+00 -1.166328e+00 -2.573386e+00 -1.139369e+00 1.534121e+00 -3.362102e-01 -1.097585e+00 -5.268437e-01 -7.395719e-01 -3.549679e-01 -2.104978e+00 -7.997314e-01
2.909254e-01 1.083569e+00 -1.209914e+00 2.102754e-01 6.436197e-01 -1.631378e+00 -6.270129e-01 -9.734260e-01 -2.615431e+00 6.603475e-01 4.094172e-01 -3.663472e-01
6.808082e-01 1.619140e+00 -1.195783e+00 1.024697e+00 1.051350e+00 -9.747363e-01 5.129848e-01 -6.300098e-01 -1.811085e+00 3.995355e-01 -1.224597e+00 -8.693873e-01
-8.143944e-01 -2.429914e-01 -1.645570e+00 -8.340515e-01 1.183123e+00 -7.738478e-01 -1.649438e+00 -8.865708e-01 -1.074809e+00 -8.686461e-01 -2.464101e+00 1.633627e-01
-5.733889e-01 -8.973934e-01 -3.061887e+00 -1.544402e+00 1.684160e+00 -4.388152e-01 -2.172703e+00 -2.025234e+00 1.931894e+00 2.641508e+00 -2.789451e+00 -1.707664e+00
2.638370e-01 1.347053e+00 9.178292e-01 1.266046e+00 -2.373008e+00 -2.361743e+00 5.005825e-01 2.332298e+00 2.695617e-01 -6.811469e-01 -1.780430e+00 -1.399592e+00
-9.941996e-01 -9.608231e-01 -3.277887e+00 -1.887142e+00 1.640544e+00 -2.765278e-02 -1.663474e+00 -1.260740e+00 1.767314e+00 1.478894e+00 -2.480370e+00 -1.077830e+00
-4.384023e-01 -2.160188e-01 -1.323079e+00 1.650064e-01 1.074245e+00 -1.261650e+00 -7.912418e-01 -3.610809e-01 4.169812e-01 -1.107451e+00 -1.851275e+00 1.807709e-01
1.821754e-01 5.494850e-01 -1.204909e-01 9.150571e-01 -2.284413e+00 -3.005099e-01 6.641912e-01 3.124223e+00 9.621761e-01 -7.554345e-02 -1.727057e+00 -9.111899e-01
-1.026841e-01 2.260602e-02 -2.074747e+00 6.152715e-01 1.456462e+00 -7.318208e-01 3.913991e-01 5.272690e-01 -4.179916e-01 -1.508879e+00 -1.147441e+00 7.035154e-01
5.342572e+00 1.379654e+00 1.354968e+00 1.678804e+00 -2.217894e+00 4.583054e-01 2.963272e-01 -2.321690e-02 -4.057488e-01 -1.971849e+00 5.619743e-01 -3.843175e-01
2.056739e-01 9.104097e-01 -5.006294e-02 -6.381399e-01 -7.910263e-01 -5.344548e-01 3.126444e-01 3.120285e+00 -4.330108e-01 1.555588e+00 2.167075e+00 3.213161e-01
5.295453e-02 -6.497983e-01 -3.452183e+00 4.839497e-02 2.214336e+00 2.553494e-01 4.433693e+00 1.653959e+00 -4.827513e-01 8.295999e-01 -7.348076e-01 1.146276e-01
2.639345e-01 1.489528e-01 -2.694392e+00 -5.509043e-02 2.037474e+00 -2.502040e-01 2.073669e+00 9.301100e-01 -6.218041e-01 -5.438424e-01 -1.838961e+00 1.745182e-01
-5.510930e-01 1.295517e-01 -3.426115e+00 -8.048081e-02 4.220336e+00 2.475028e-01 5.612741e+00 1.539965e+00 -1.034848e+00 2.696152e+00 -8.889713e-02 -1.212579e+00
-8.976622e-02 2.355077e+00 -2.137081e-01 -1.523278e+00 1.812948e+00 -5.189596e-01 1.492091e+00 3.865217e+00 -2.171159e+00 3.117885e+00 3.022199e+00 -6.141160e-01
-6.741428e-01 2.707497e+00 -1.316075e+00 -8.384396e-01 3.809200e+00 2.248615e-01 4.081057e+00 3.442952e+00 -2.180100e+00 3.676514e+00 3.503567e+00 -6.487058e-01
-6.135161e-01 1.927572e+00 -2.698156e+00 -6.421963e-01 5.524290e+00 1.045396e-01 6.050422e+00 2.089842e+00 -2.205013e+00 4.067402e+00 1.566052e+00 -1.325613e+00
