6.579033e+00 -5.805361e+00 -1.627126e+00 -1.328955e+00 -4.834893e+00 3.876443e+00 -2.025900e+00 -2.532393e+00 7.697214e-01 -2.532342e+00 9.288613e-01 -3.396831e+00
4.892974e+00 -5.909513e+00 -4.900953e-01 -9.160419e-01 -4.444829e+00 4.530047e+00 -1.663922e+00 -2.024178e+00 2.180890e+00 2.058806e-01 1.643523e+00 -1.133593e+00
9.639388e-01 -3.366914e+00 1.091165e+00 -9.162124e-01 -2.315660e+00 2.400567e+00 2.194171e-01 -5.325972e-01 2.505380e-01 3.622541e+00 1.734824e+00 1.258905e+00
5.793132e+00 -2.866756e+00 -5.743988e-01 -2.674046e+00 -2.914168e+00 1.696747e+00 -1.400886e+00 -1.103659e+00 -1.307178e+00 -2.987092e+00 7.559350e-01 -3.534026e+00
-2.868163e+00 -1.536384e+00 -2.968426e-02 3.019609e+00 -1.098567e-01 -5.014353e-02 2.292525e-01 -7.502525e-01 -5.757602e-02 -4.184685e-02 -4.737387e-01 4.907309e-01
-2.701333e+00 -1.393632e+00 6.968914e-01 3.396550e+00 -7.587289e-01 -4.365093e-01 4.319820e-01 -7.367979e-01 6.182166e-01 5.450101e-01 -1.112531e-01 7.333726e-01
-9.388704e-01 -1.124619e+00 3.284639e-01 1.562027e+00 -2.962347e+00 -1.177617e+00 1.677236e+00 8.691170e-01 -7.220818e-01 -1.732017e-01 -1.390167e-01 1.155467e+00
3.249578e+00 -2.219611e-01 1.256459e-01 -2.998246e+00 -1.621012e+00 4.079740e-01 4.549054e-01 3.131175e-02 -2.856009e+00 -1.809881e+00 7.562187e-01 -2.056168e+00
7.153931e-02 -7.895466e-01 8.072470e-01 -9.984382e-01 -2.188633e+00 1.259250e+00 -6.411511e-01 -1.119695e+00 -5.545601e-01 1.206826e+00 1.684650e+00 1.031642e+00
5.185630e-01 -3.976517e+00 -1.158172e+00 1.639831e+00 -2.379829e+00 -1.198947e+00 4.805400e+00 -6.949055e-01 -1.196199e+00 -8.981396e-01 1.600001e-01 6.748130e-01
1.608935e-01 -2.871915e+00 8.596895e-02 1.697448e+00 -2.501693e+00 -8.690978e-01 2.958021e+00 -5.080234e-01 -1.629948e+00 -1.196632e+00 6.636491e-01 5.939724e-01
1.651215e+00 -1.623413e+00 -6.042815e-01 -2.020485e-01 -3.408540e+00 -1.937022e+00 8.883508e-01 -6.984853e-01 -2.813647e+00 -4.772601e+00 -1.346408e+00 7.020253e-01
-1.281521e+00 2.347870e+00 2.146402e+00 -1.270317e+00 2.553312e+00 1.126795e+00 3.316581e+00 9.839950e-02 -2.594255e+00 1.883357e+00 1.649792e+00 1.459327e-02
9.217819e-01 -3.076328e+00 -1.340193e+00 -4.276268e-01 -1.752816e+00 -1.414200e-01 -2.245104e-01 -2.477615e-01 -1.527105e+00 -1.062921e+00 9.680055e-01 1.748556e+00
-8.571596e-01 -3.552541e-01 -8.317904e-01 3.416893e-01 2.585704e-01 5.601357e-01 -3.395296e-02 -9.356988e-01 -9.667222e-01 -4.525237e-01 -8.725899e-01 -4.807873e-02
-5.203859e-01 1.439177e+00 5.332435e-01 -1.052146e+00 -1.464915e+00 1.234111e+00 -1.100435e+00 -1.267471e+00 4.149776e-02 -8.676391e-01 1.664960e+00 1.034410e+00
-6.288015e-01 -3.222865e+00 3.913975e+00 -3.387094e-01 -1.362762e-01 -1.286478e+00 -2.795801e+00 7.937146e-01 1.581354e+00 -9.303129e-01 2.706607e+00 -9.113449e-01
5.368983e-01 -2.202621e+00 -1.345944e+00 -5.887221e-01 -1.456792e+00 -9.385521e-01 -6.555256e-01 2.247788e-01 -9.511369e-01 -1.431308e+00 8.157545e-01 1.477556e+00
-2.532741e-01 1.818954e+00 -4.316460e-01 -9.271466e-01 -1.351567e+00 1.624660e+00 -1.443838e+00 -1.470652e+00 6.038311e-01 -1.250848e+00 9.337150e-01 9.983072e-01
6.994980e-01 -1.518411e+00 -7.547827e-01 3.413646e-02 -9.212128e-01 -1.366682e-01 5.337429e-03 -7.068251e-01 -1.314773e+00 -6.816424e-01 2.131894e-01 1.271864e+00
-2.101208e-01 -2.362657e-01 8.327975e-02 1.945810e-01 -1.069847e+00 7.497311e-02 2.288845e-01 1.080808e-01 8.513361e-01 -2.713055e-01 -3.484132e-01 8.412679e-02
-2.438836e-01 5.526409e-01 8.073400e-02 -2.859706e-01 7.985532e-01 4.624787e-01 -3.715291e-01 -1.660798e+00 -1.500758e+00 -6.384377e-01 1.242137e+00 -5.618008e-01
9.002610e-02 3.437170e-01 4.017236e-02 6.403751e-01 2.056139e+00 -2.711831e-01 -5.975206e-01 -7.983539e-01 -7.195343e-01 -7.093258e-01 -1.360640e+00 -1.381443e+00
-9.718695e-02 2.338034e-01 -7.528868e-02 -5.338734e-01 -3.834939e-01 -2.161239e-01 -2.027959e-01 5.176008e-01 2.859502e-01 3.893740e-01 1.085953e+00 3.181478e-01
-2.529136e-01 2.602738e-01 2.880866e-01 -7.090861e-01 -1.775654e+00 1.684096e-01 -2.045405e+00 -5.429720e-01 -1.125108e+00 -2.284272e+00 7.874742e-01 -6.715385e-01
-6.218051e-01 3.647216e-01 3.990703e-02 -2.379473e-01 7.564189e-01 1.094406e+00 7.548653e-01 -1.471008e-01 -1.267935e+00 -6.133695e-01 -6.376450e-01 1.398328e+00
4.686119e-01 -1.258043e+00 -1.691692e+00 5.945391e-01 2.170792e-02 -3.011068e-01 2.318674e+00 -1.661604e-01 -1.767895e+00 -1.328604e+00 9.148153e-01 2.134290e-02
-2.169974e-01 3.184337e-01 4.528157e-01 -5.408897e-01 -1.554924e+00 -1.227666e-01 -1.987386e+00 -2.229481e-01 -1.003142e+00 -2.319264e+00 8.690361e-01 -5.408762e-01
-4.829807e-02 -2.982344e-01 -5.447605e-01 -5.727784e-01 -6.372370e-01 -5.745190e-01 -2.058775e+00 6.193506e-01 -8.930747e-02 -1.570364e+00 -1.353499e+00 -4.113507e-01
3.802757e-01 1.115922e-01 -1.123955e+00 1.743493e-01 1.128359e+00 8.730982e-01 3.762513e-01 7.914189e-01 -2.846851e-02 -7.527815e-01 1.398077e+00 2.488260e-01
-3.036453e-01 2.000744e+00 -1.987804e-01 -2.627402e-01 -8.048195e-01 6.368664e-01 -1.618473e+00 1.347648e-01 -1.082678e+00 -9.486457e-01 6.335691e-01 1.688791e+00
-3.302620e-01 -6.217705e-01 -1.554421e-01 -4.396354e-01 -1.461706e+00 2.566011e-02 1.274054e+00 7.660252e-01 1.071934e+00 1.135745e+00 1.540925e+00 7.803487e-01
-4.695660e-01 2.853719e-02 1.133635e-01 4.575031e-02 5.649964e-01 7.285584e-01 1.143140e+00 -2.992426e-01 -1.094798e+00 4.957027e-01 -2.327592e-01 4.326005e-01
-7.317011e-01 4.191563e-02 5.607228e-02 -2.901259e-01 1.377463e+00 1.390869e+00 1.481549e-01 -9.079734e-01 -1.475489e-01 -5.050293e-01 5.903410e-01 3.853893e-03
-1.872457e-01 1.355116e+00 1.914839e-01 8.693676e-02 -9.320124e-01 -4.483795e-02 -1.363495e+00 -2.886981e-01 -7.942848e-01 -9.438295e-01 1.215851e+00 1.544680e+00
2.169884e-01 -2.366476e-02 -1.640774e-01 4.865930e-01 1.436123e+00 -4.474973e-01 2.348561e-02 5.788877e-02 -2.910983e-01 -7.737815e-02 -1.883956e+00 -8.286592e-01
-5.360287e-01 5.038266e-01 7.662889e-01 6.552044e-01 1.216128e-02 -7.515764e-03 -5.654383e-02 2.664566e-01 -3.379508e-01 7.658439e-01 4.835954e-01 9.324489e-01
-1.108770e-02 -6.198917e-01 -5.496828e-01 4.434120e-01 8.053311e-01 -4.625870e-01 -3.863706e-01 8.362805e-01 3.985794e-01 -3.876551e-01 -2.633189e+00 -1.316893e+00
3.339524e-01 9.850707e-02 -1.752317e+00 -3.916616e-01 1.362602e+00 9.284419e-01 6.560220e-01 4.818826e-02 -8.480911e-01 -7.556478e-01 1.135412e+00 5.266743e-02
-2.349704e-01 -3.424022e-01 -3.191966e-01 -6.237535e-01 -1.261089e+00 2.633891e-01 2.034464e+00 5.527004e-01 -7.388897e-01 1.326808e+00 7.552062e-01 4.183276e-01
6.455742e-01 1.719141e+00 -6.890876e-01 5.772928e-01 6.831204e-01 -1.753348e+00 -1.086814e-01 -4.745106e-01 2.232547e-01 -1.379820e+00 -1.833784e+00 7.459223e-02
-1.199024e+00 -3.149869e-01 -1.779361e+00 -2.794619e+00 -2.379825e+00 -3.179619e+00 -3.641191e+00 -1.903393e+00 -2.076571e+00 2.979358e-01 2.614433e+00 2.508650e+00
-2.584631e-01 9.241638e-01 1.583053e+00 7.389802e-01 1.997089e-01 -6.663493e-01 4.397330e-01 8.965688e-01 4.278475e-02 -2.634140e-01 1.081045e+00 -5.769281e-02
-1.478574e+00 -1.323206e+00 -1.303791e+00 -1.160268e+00 -2.091555e+00 -2.638755e+00 -2.469048e+00 -2.743167e-01 -8.159237e-01 1.900827e+00 2.898700e+00 1.430059e+00
-2.125991e-01 2.577660e+00 -3.708664e-01 -4.131966e-01 -9.678190e-01 1.448078e+00 -1.921068e+00 -6.769364e-01 -2.652889e-01 -1.291429e+00 9.791210e-01 1.240402e+00
-1.971776e-01 2.122975e-01 1.682060e+00 2.177501e+00 -9.045959e-02 -8.530924e-01 -5.842598e-01 2.924863e-01 8.991276e-01 9.277590e-01 1.508368e+00 1.540880e+00
8.386234e-01 2.001075e+00 -6.106536e-01 -4.086613e-01 1.168100e+00 -1.748224e+00 4.057597e-01 -1.426175e+00 3.694710e-01 -1.212902e+00 -1.880956e+00 1.531687e-01
-9.533310e-02 1.087542e+00 -6.040787e-01 -1.092935e+00 1.594919e+00 1.297208e+00 7.128497e-01 -1.249007e-01 -1.079791e-01 -5.216743e-01 -1.571467e+00 -9.292681e-01
-2.962246e-02 1.007650e+00 -2.329144e-01 -1.340260e+00 3.723746e-01 6.370530e-01 -1.766668e+00 -1.231214e+00 1.277749e+00 1.221499e+00 -1.443029e+00 -8.952284e-01
-3.868309e-01 4.250201e+00 -2.818466e+00 -1.322528e+00 -1.325766e-01 4.213211e-01 2.530514e-01 1.559756e+00 7.595702e-02 4.471101e+00 -2.190921e+00 1.941852e+00
-1.563507e+00 2.636696e+00 -1.639203e-01 -1.356461e+00 1.739411e+00 1.717984e+00 -6.436540e-01 3.212910e+00 1.966642e+00 6.400225e+00 3.234367e-01 7.259918e-01
3.043665e-01 1.095061e+00 -1.962564e-01 1.336617e+00 -3.524431e-01 -1.289524e+00 4.172238e-01 9.773436e-01 -5.906700e-01 -1.247647e+00 -1.564171e+00 -1.257915e-01
4.893288e-01 -8.508499e-01 1.009771e+00 4.121342e-01 -1.418469e-01 -8.642681e-01 1.373188e+00 2.251991e+00 -4.313499e-01 3.067451e-01 -3.160486e+00 -7.076150e-01
6.183676e-01 2.037698e+00 -4.495916e-01 -2.384245e-01 2.941296e-01 -1.331381e+00 1.400097e+00 -2.007411e+00 3.239509e-01 -1.394499e+00 -1.597670e+00 4.275487e-02
-3.666759e-02 -1.016168e+00 1.675396e+00 4.263443e-01 -2.814117e-01 4.423046e-03 -2.974015e-01 1.590026e+00 7.687978e-01 3.336336e-01 -1.999402e+00 -4.535962e-01
-3.762181e-01 1.583040e-01 1.800759e+00 1.247142e+00 -5.024331e-01 -2.115325e+00 -7.713228e-01 -4.213184e-01 2.535761e+00 1.812178e+00 1.722930e+00 7.302117e-01
4.684901e-01 -1.572013e-01 3.766922e-01 4.469652e-01 -1.316086e-01 -1.113205e+00 2.672382e+00 2.687150e+00 -1.195598e+00 6.619930e-02 -3.114541e+00 -9.090670e-01
2.542179e-02 1.152750e+00 3.379835e-01 9.272476e-01 -1.425969e+00 6.551018e-02 9.562854e-02 -1.020008e+00 -4.243415e-01 -2.188130e+00 8.301781e-01 1.104377e+00
-1.511261e+00 1.041931e+00 1.457266e+00 -1.325632e+00 3.262753e+00 2.586078e+00 3.988146e+00 -6.640224e-01 3.626081e-01 7.140096e-01 7.960002e-01 2.636214e-01
-1.248317e+00 1.333874e+00 1.186263e+00 -4.663045e-01 -8.572884e-01 1.524369e+00 2.438930e+00 2.406390e+00 2.563359e+00 -8.617916e-01 -3.650554e+00 -2.556357e+00
-1.143401e+00 -2.271958e-01 -2.252216e+00 -3.395728e+00 -2.028300e+00 -1.677167e+00 -1.553009e+00 -1.683070e+00 -3.575156e+00 -1.748177e+00 1.791477e-02 1.153043e+00
2.435603e-02 8.812317e-01 2.533939e-02 1.744510e+00 -1.338667e+00 -9.647760e-01 1.686292e+00 1.819003e+00 -9.970342e-01 -2.899147e-01 -2.152037e+00 -7.647727e-01
-9.132563e-01 3.722072e-01 2.171155e+00 6.932617e-01 -5.165882e-01 -2.176208e+00 -7.335054e-01 -1.208662e-01 1.979332e+00 2.063352e-01 -1.158911e-01 -4.193913e-01
-1.195495e+00 1.098760e+00 1.921193e+00 -1.520551e-01 -5.271459e-01 -1.533184e-01 1.209075e+00 2.352781e+00 2.470533e+00 -2.565912e+00 -4.531078e+00 -1.966853e+00
1.297921e-01 3.325657e-01 4.235525e-02 1.571261e+00 -1.329470e+00 -8.706938e-01 2.612862e+00 2.067800e+00 -7.701083e-01 3.254190e-01 -3.067405e+00 -9.830406e-01
-4.629516e-01 1.775560e+00 -1.025925e+00 -2.588655e+00 6.595747e-01 6.942250e-01 -2.508069e+00 -5.972134e-01 1.846512e+00 5.624887e-01 -1.811770e+00 -4.663387e-01
-3.904178e-01 1.826371e+00 1.095142e+00 8.825725e-01 1.071888e+00 1.748432e+00 1.479609e+00 2.462224e+00 1.928605e+00 3.207773e-01 -2.289909e+00 -2.955739e+00
-8.490340e-01 3.917508e+00 2.764087e+00 3.289776e-02 1.139303e+00 -1.130026e-01 -3.817528e-01 1.293916e+00 2.129403e+00 9.845141e-01 2.468676e-02 -1.075961e+00
2.921399e-01 1.279047e+00 -4.654709e-02 9.371851e-01 -1.172834e+00 3.668381e-01 1.536864e+00 -1.682093e+00 -6.888714e-01 -3.301191e+00 1.159418e-01 9.253710e-01
4.752747e-01 2.026193e+00 -4.052857e-01 3.780693e-01 -3.373066e-01 -7.336761e-01 2.657765e+00 -1.985474e+00 -5.440295e-01 -2.413064e+00 -8.155237e-01 2.419336e-01
-2.200067e+00 -2.731427e+00 -1.343122e+00 1.014364e+00 9.001657e-01 1.405232e+00 -1.081332e+00 -6.610731e-01 1.034408e+00 2.332254e+00 2.996100e+00 -3.269298e-01
-5.773529e-01 4.016262e+00 1.380125e+00 -5.106131e-01 1.620391e+00 4.257262e-01 -8.432994e-02 7.558945e-01 8.999136e-01 1.157677e+00 -2.068391e-01 -1.090686e+00
-6.135138e-01 -6.772355e-01 2.041273e+00 1.140337e-01 2.572019e+00 5.594595e-01 -3.677045e+00 1.195670e+00 2.498228e+00 2.203893e+00 2.542908e+00 -7.326185e-01
4.860228e-01 1.542837e+00 -2.473886e-01 6.485758e-01 -7.643789e-01 3.545298e-01 2.568514e+00 -2.073600e+00 -9.514845e-01 -3.512448e+00 -4.640560e-02 8.629417e-01
-6.181834e-01 -1.768422e-01 1.764612e+00 5.548259e-01 4.288368e-02 5.462561e-01 -8.255949e-01 8.036841e-01 1.263573e+00 7.267275e-01 -1.244800e+00 4.875665e-01
1.666086e+00 2.256894e-01 -1.186213e+00 6.120567e-01 -1.354712e-01 -9.291452e-01 -1.625696e+00 -7.875620e-01 4.887394e-01 2.910562e-01 2.794752e-01 -1.145814e+00
1.577359e+00 -1.339946e+00 -1.229617e+00 -9.679367e-02 6.810333e-01 -7.400526e-01 -1.580953e+00 -6.577066e-01 -1.332389e-01 -1.145092e+00 7.447888e-01 -1.086480e+00
2.176848e+00 -1.884253e+00 1.912914e+00 -1.541660e+00 -1.650672e+00 -8.364820e-01 -6.310474e-01 -4.293537e-01 -2.800580e+00 -5.416023e+00 -4.183245e-01 -9.143799e-01
-3.737132e-01 1.451255e+00 4.251801e-01 8.224249e-02 1.131379e+00 1.540892e+00 1.315873e+00 1.899916e+00 1.680576e+00 1.887374e+00 -1.362521e-01 -2.914700e+00
-6.080769e-01 2.962178e+00 8.915772e-02 -2.009428e+00 1.796544e+00 9.057515e-01 -3.020995e+00 -1.219135e+00 8.875602e-01 1.523237e+00 -1.243262e+00 -1.634009e+00
-7.972192e-01 4.901274e-01 -1.743610e+00 -3.074908e+00 -4.664969e-01 -2.453260e-01 -8.949426e-01 -7.381343e-01 -2.096520e+00 -1.907351e+00 -9.936966e-01 -1.017893e+00
-2.026975e+00 -3.488290e+00 -1.877200e+00 2.502426e+00 3.305904e+00 2.285319e+00 1.363190e+00 -7.272642e-01 2.167202e+00 2.232020e+00 1.055675e+00 -4.028695e-01
-8.739937e-01 6.724097e-01 -6.765757e-01 -1.212231e+00 1.289462e+00 1.807249e+00 -4.937556e-01 -1.264696e-01 -3.267156e-01 5.074340e-01 9.064190e-01 -1.568051e+00
-7.034491e-01 1.171171e+00 9.078555e-01 4.888839e-01 3.920389e+00 -1.150478e+00 -9.473324e-01 1.123995e+00 6.784143e-01 1.742165e+00 1.464817e-02 1.260215e+00
3.533794e+00 -1.994767e+00 -1.937569e+00 3.441283e-01 -5.058395e-01 -2.560422e+00 -2.591044e+00 4.065857e-02 8.452311e-01 -2.177544e+00 9.455996e-01 -1.156827e+00
-1.537196e+00 -2.797549e+00 -2.098397e+00 3.068560e+00 7.728165e+00 2.109076e-01 2.221172e+00 1.762228e-01 2.708710e-01 2.315842e+00 5.921194e-02 2.884161e-01
1.303247e+00 3.340578e+00 -2.937651e+00 -1.121583e+00 1.407505e+00 1.325557e+00 1.801928e+00 -3.768066e-01 -1.312837e+00 9.700733e-01 -3.202595e+00 -5.802429e-01
-9.041784e-01 1.037142e+00 -3.507849e-01 1.209466e+00 7.548510e+00 -2.626411e+00 -5.463798e-02 1.849506e+00 -3.352560e-01 2.242645e+00 3.947099e-01 2.682004e+00
-1.139633e+00 -6.851420e-01 -1.499733e+00 2.370694e+00 8.890363e+00 -2.115947e+00 1.171411e+00 1.088626e+00 -3.726881e-01 3.087846e+00 5.570192e-01 2.132674e+00
