4.702727e+00 -3.542770e+00 1.627554e+00 -3.587150e+00 -6.745742e+00 3.777654e-02 -1.751807e+00 5.701102e+00 -9.811144e-02 1.053401e-01 2.521313e+00 -3.717026e+00
2.588294e+00 -3.261922e+00 1.509224e+00 -2.110503e+00 -5.039897e+00 5.055023e-01 4.358187e-02 5.886931e+00 1.460147e+00 8.756794e-01 3.461170e+00 -1.884559e+00
4.644988e+00 -2.380566e+00 2.015435e+00 -2.980936e+00 -6.080623e+00 -1.047519e+00 -3.912556e+00 1.767689e+00 -2.729859e+00 -2.490139e+00 5.066495e-02 -3.276853e+00
4.290712e-01 -2.471973e-01 6.370521e-01 -1.790800e-01 -2.350677e+00 -4.871373e-02 -3.781705e-02 1.060121e+00 2.250474e+00 1.729403e+00 1.772349e+00 -8.353073e-01
3.205213e+00 3.730168e-02 2.307637e+00 -8.335720e-01 -4.168657e+00 -1.652732e+00 -2.948507e+00 -1.640092e+00 -4.295121e+00 -3.793409e+00 -1.625152e+00 -1.937858e+00
-1.708715e-01 1.643190e+00 -1.666732e-02 4.452371e-01 -1.517452e+00 -1.609668e+00 -4.416624e-01 -2.013807e+00 2.467545e+00 1.684549e+00 6.907883e-02 -3.252103e-01
-2.696683e-02 1.142084e+00 -2.282551e-01 -9.608722e-02 -1.400176e+00 -1.587021e+00 -1.954917e+00 -2.569460e+00 1.732593e+00 1.518321e+00 3.168801e-01 -6.082322e-01
1.394929e-01 6.676635e-01 -1.833578e-01 -3.382916e-01 -1.036089e+00 -1.077093e+00 -1.550059e+00 -2.951214e+00 5.340439e-01 1.393117e+00 1.828842e+00 1.534938e-01
-1.023707e-01 6.654428e-01 2.471434e-01 -2.562618e-01 -8.679220e-01 -1.338094e-01 -4.052317e-01 -2.448129e+00 -1.317318e+00 1.936203e-01 2.390087e+00 1.131916e+00
2.756163e+00 8.484966e-01 1.669909e+00 8.708291e-01 -1.196373e+00 -1.108823e-02 1.799296e+00 -5.673589e-01 -3.596789e+00 -2.360324e+00 -1.852012e-02 8.112131e-01
2.727236e+00 1.449609e-01 1.836834e+00 1.567313e+00 -8.144912e-01 -6.658209e-02 2.227617e+00 -1.688077e+00 -5.357430e+00 -1.610490e+00 -2.667250e-01 -5.873910e-02
8.673018e-01 9.977149e-01 2.199661e+00 1.056963e+00 -8.095355e-01 -1.221492e-01 -1.708925e+00 -3.728809e+00 -4.941971e+00 -2.951365e+00 -1.484975e+00 -1.428679e+00
8.412368e-01 1.089132e+00 1.306370e+00 6.821383e-01 -5.370738e-01 3.540295e-01 1.318236e+00 -8.086333e-02 -6.272229e-01 -1.758467e+00 -1.043365e+00 -1.669203e-01
-8.045006e-03 3.915678e-01 4.108515e-01 5.024486e-02 2.776484e-01 2.059427e-01 -5.822188e-01 2.118275e-01 8.542164e-01 -3.349555e-01 -3.069406e-02 3.062429e-01
-1.371942e-01 9.037867e-01 5.273947e-01 -7.808768e-01 -8.845202e-01 -8.180581e-01 -1.936612e+00 -1.027395e+00 -2.861534e-01 -5.925895e-01 2.025972e-01 6.810472e-01
1.512192e-01 2.430510e-01 1.202101e+00 9.870822e-01 -3.553113e-01 -3.174553e-01 -2.727845e-02 -1.006468e+00 -2.586533e+00 -1.067236e+00 -2.845671e-01 -1.177320e+00
4.904613e-01 3.990309e-01 -1.968348e-01 8.932770e-01 1.900875e-01 8.645045e-01 4.100636e-01 -8.048524e-01 -5.310162e-01 1.812699e-01 3.612881e-02 -9.402642e-02
2.547903e-01 4.512849e-01 6.157891e-01 1.385059e+00 1.128320e+00 1.071262e+00 1.116552e-01 -1.642645e+00 -6.289006e-01 9.209258e-01 3.743129e-02 6.881067e-01
2.295938e-01 5.646927e-01 -8.206216e-02 -6.008204e-01 -1.323138e+00 -7.871782e-01 -1.741310e+00 -7.938431e-01 -4.256714e-01 -1.727145e+00 -8.078619e-01 5.071344e-01
2.357614e-01 9.492184e-02 5.163203e-01 3.625497e-01 -3.318042e-01 8.233638e-01 5.424230e-01 1.662920e-01 1.248944e+00 7.163375e-01 -6.870416e-01 -4.341618e-01
-1.156036e-01 4.614938e-01 2.225005e-01 -1.107867e-01 5.153722e-01 -1.386395e-01 -1.108501e-01 7.102539e-02 2.714683e-01 -6.032264e-01 2.389419e-01 4.621060e-01
-4.827989e-01 -2.275940e+00 -9.482363e-01 -1.347610e+00 -1.883613e+00 9.308413e-01 2.411913e+00 2.419805e+00 1.978022e-01 6.714162e-01 3.605531e+00 1.457462e-01
1.452317e-01 7.697368e-01 9.164572e-01 8.073703e-01 -5.484393e-01 -4.098656e-01 7.072726e-01 3.289246e-01 2.387181e-01 -8.045953e-01 -8.904144e-01 1.019552e-02
-2.743858e-01 3.519933e-01 -2.525777e-01 -8.225331e-02 2.100416e-01 -4.465960e-01 4.192610e-01 5.846652e-01 -1.801204e+00 -1.068204e+00 -1.785246e+00 2.518107e-01
-1.785778e-01 -3.968122e-01 -4.911350e-01 -4.097281e-01 2.872757e-02 2.788139e-01 -5.299395e-01 -8.713593e-01 3.994945e-01 -4.773259e-01 -2.173585e-01 -5.742481e-01
1.610950e-01 5.571195e-01 1.881132e-01 -3.194501e-01 1.744955e+00 -9.482673e-01 -3.920449e+00 -1.152775e+00 -6.002903e-02 -1.313723e-01 -8.042513e-01 -9.647395e-01
1.311501e-01 2.434119e-01 -2.428089e-01 1.015276e-01 -8.433899e-01 -5.742539e-01 -8.926216e-01 1.274135e-01 -2.745494e-01 -6.007466e-01 -8.009470e-01 -2.992821e-01
2.360113e-01 4.859367e-01 -1.602929e-01 -3.131317e-01 3.748548e-02 -3.146101e-01 2.564588e-01 -5.414318e-01 -1.001349e+00 -4.567027e-02 1.572800e+00 8.940474e-01
-2.607607e-01 -7.413548e-01 -6.035389e-01 -3.038873e-01 1.040488e+00 6.253826e-01 -2.760712e-01 -3.640229e-01 1.315792e-01 3.318151e-01 -1.034547e+00 -6.490895e-01
5.389858e-01 1.474525e+00 1.552706e+00 7.433833e-01 1.162102e+00 8.794168e-01 9.903493e-01 1.496377e+00 -4.487054e-01 6.017652e-01 -1.437176e+00 -1.301288e+00
-3.119549e-01 4.092207e-01 4.715566e-01 -2.905721e-02 1.501345e+00 1.000535e+00 6.380811e-01 4.044021e-01 -3.682643e-01 8.123264e-01 -8.309162e-01 -1.440948e+00
9.904347e-02 2.579332e-01 -4.867095e-01 -8.769540e-01 4.223913e-01 -1.263630e-01 -2.821727e-01 -1.157624e-01 4.215224e-01 -9.856390e-01 -2.614163e-01 5.491747e-01
1.374982e+00 7.959865e-01 1.075655e+00 1.042352e+00 4.326468e-01 -1.999281e-01 7.639790e-02 -1.474123e+00 -3.834154e+00 -1.419990e+00 -2.539029e-02 2.312761e-01
3.616459e-01 -5.478495e-02 -3.173582e-01 -7.710816e-01 1.188824e-01 2.732978e-01 -2.674249e-02 1.147215e+00 -3.119410e-01 1.493054e+00 6.531245e-01 -1.453678e+00
-9.041633e-02 -1.700355e-01 -1.982354e-01 4.832752e-01 8.477886e-01 7.566215e-01 9.562573e-01 2.165244e+00 1.200360e+00 -2.439717e-01 -1.681403e+00 -1.589010e+00
2.998947e-01 6.904882e-02 1.512659e-01 4.678894e-01 -9.056924e-01 -1.625359e-01 5.837663e-01 -3.328645e-01 4.796143e-01 -7.133669e-01 1.017753e+00 1.561932e+00
-1.156179e-01 -4.379923e-01 -7.913698e-01 -1.054487e+00 -6.646154e-01 8.969141e-01 6.317279e-01 6.332420e-01 1.199990e+00 1.369374e-02 -7.304474e-01 -4.913578e-01
-3.979902e-01 -1.158984e+00 -1.462558e+00 -1.282162e+00 -5.379568e-02 -8.554000e-01 -1.151308e+00 -4.349972e-01 8.324598e-01 1.477644e+00 1.464337e+00 4.971639e-01
-1.679415e-01 6.298450e-01 8.587510e-01 -5.704821e-01 1.279833e+00 -2.552500e+00 -2.962351e+00 -2.348581e-01 -5.555345e-01 -6.039171e-02 -1.127388e+00 -1.125958e+00
4.442940e-02 -5.966592e-01 -5.217980e-01 2.549910e-01 5.575751e-01 7.704052e-01 7.843279e-01 -8.969642e-01 1.024139e-02 7.552246e-01 1.001590e+00 -2.357265e-01
-1.549253e+00 -1.504916e+00 -5.405002e-01 2.872431e-01 5.345664e-01 7.480233e-01 1.119524e+00 1.336853e+00 3.363056e+00 1.843865e+00 5.808002e-01 2.167526e+00
-2.505788e-01 1.968678e+00 -1.693239e-02 7.199277e-01 -8.867162e-01 8.730065e-01 3.227505e-01 -2.662657e+00 -1.609535e+00 -8.629314e-01 1.318599e+00 1.831234e+00
3.397503e-01 9.387027e-01 -8.426095e-01 3.643420e-01 1.279988e+00 2.465229e-01 -3.313226e-01 8.113412e-01 -4.659136e-01 -7.405323e-01 3.711211e-01 -9.439971e-01
4.953413e-02 5.201005e-01 6.680076e-01 -7.873282e-01 1.673526e+00 4.841862e-01 -3.162098e+00 -1.410846e+00 -6.258494e-01 -5.901915e-01 -6.863753e-01 -6.105813e-01
-5.140840e-01 -3.487871e-01 -1.134527e+00 -4.224116e-01 5.278019e-01 -5.221279e-01 -9.771132e-02 1.707148e+00 -4.255520e-01 -5.466322e-01 7.655327e-01 1.988954e-02
-7.521120e-01 -1.524894e+00 -1.436557e+00 -6.489655e-01 -8.953953e-02 6.276998e-01 1.583389e+00 2.168774e+00 2.457280e+00 2.846532e+00 2.649431e+00 6.896604e-01
5.140610e-02 2.500710e-02 -4.095043e-01 1.180258e-01 -3.397046e-01 -2.209663e-01 -1.177726e-01 9.073628e-01 -2.332316e-01 -6.852952e-01 -1.890077e+00 -1.914696e+00
1.949999e-01 -4.540367e-01 -7.887729e-01 -9.809715e-01 -1.021066e+00 -7.332431e-01 -1.468370e-01 6.543401e-01 1.652617e-02 -3.910338e-01 -1.025081e+00 3.099102e-03
-1.131776e+00 -7.375222e-01 -1.156078e+00 -3.604036e-01 8.929151e-01 -9.067912e-01 -1.098271e+00 6.578611e-01 -9.017345e-01 7.479457e-01 -6.055908e-01 1.386429e-01
-1.082046e-01 -1.155713e+00 -1.078359e+00 -9.946858e-01 -1.379032e+00 -1.878915e+00 -1.730742e+00 -2.400950e-01 1.662167e+00 2.516807e-01 9.745291e-01 1.676274e+00
-6.829277e-01 6.395459e-02 1.276284e+00 -8.017966e-01 3.952858e-01 -2.527794e+00 4.683018e-02 1.665001e-02 -1.716225e+00 -6.953984e-01 -1.589266e+00 -7.168436e-02
-1.718216e+00 -1.715637e-01 -1.011055e+00 -7.228612e-01 1.696286e-01 9.048477e-01 -8.799960e-01 3.161972e-01 4.246401e+00 2.134370e+00 1.176269e+00 -3.275218e-02
2.644400e-01 -4.640665e-01 -5.016318e-01 -5.796768e-01 -4.301805e-01 5.512305e-01 -5.423584e-01 1.816651e-01 -5.849742e-01 -1.365834e+00 -8.981115e-01 6.264360e-02
-2.162558e+00 -1.077790e+00 -1.519648e+00 -3.894443e-02 1.600793e+00 -9.372708e-01 -1.516888e+00 7.278448e-01 1.656906e+00 2.303370e+00 -4.507257e-01 -9.720038e-01
-1.021908e+00 2.040649e-01 9.373581e-01 -3.180454e-01 -8.709614e-01 -8.044766e-01 2.380204e+00 -9.209313e-01 -1.753673e+00 -1.126783e+00 -1.091190e+00 8.134300e-01
-3.208532e-01 1.097578e+00 7.701657e-01 -1.944747e-02 8.043658e-01 1.624361e+00 -1.690387e+00 -1.540664e+00 -6.171430e-01 -1.133092e+00 -1.059314e+00 5.895112e-01
-6.279481e-01 2.381383e+00 5.517319e-01 4.618146e-01 -4.767824e-01 1.677817e+00 1.725899e-01 -1.958878e+00 -1.321143e+00 -1.178263e+00 -2.542441e-01 1.623034e+00
-1.032417e+00 2.323492e-01 7.873543e-01 -3.066711e-01 -7.149597e-01 1.848788e+00 2.596590e+00 -1.179581e+00 -1.017764e+00 -7.646500e-01 -2.013387e-01 5.515827e-01
-4.804026e-01 1.872557e-01 5.604765e-01 1.927228e-01 -4.900177e-01 3.416302e+00 8.001202e-01 -8.541153e-01 1.277315e-01 -1.161853e-01 4.253960e-03 3.817404e-01
-5.489248e-01 1.643530e+00 9.907315e-01 1.573804e-01 2.790825e-01 2.068914e+00 -8.419340e-01 -1.320967e+00 -9.848576e-01 -1.394261e+00 -1.230325e+00 1.090960e+00
-3.048359e+00 -2.497428e-01 -1.333875e+00 8.275839e-02 1.854525e+00 -1.685781e-01 -1.927991e+00 1.287963e+00 5.111090e+00 3.003527e+00 3.833090e-01 -1.387846e+00
-2.616391e+00 -1.408099e+00 -8.824490e-01 8.286967e-02 3.092085e+00 1.271590e+00 3.005055e-01 1.354335e+00 2.002069e+00 1.106464e+00 -4.127892e-01 9.505555e-01
-3.254710e+00 -1.429214e+00 -5.974117e-01 1.139717e+00 4.177488e+00 1.875389e+00 3.411194e-01 2.577839e-01 2.672432e+00 2.572032e+00 -5.468617e-02 2.678886e+00
3.488943e-01 -1.854018e-01 1.111474e+00 1.373286e+00 5.281242e-01 2.994783e+00 -7.082933e-01 4.121155e-01 4.953936e-01 1.086648e+00 2.356882e-01 -6.060161e-02
-5.795383e-02 1.449492e-01 8.585449e-01 2.789322e+00 9.522133e-01 1.833664e+00 -4.482779e-01 6.371889e-02 1.740599e-01 1.889218e+00 -1.535074e+00 8.462860e-01
-8.397920e-01 7.125057e-01 1.330062e+00 4.401215e+00 1.342484e+00 2.582189e-01 -1.261070e+00 -2.499657e+00 -1.589473e+00 2.257103e+00 -2.261375e+00 1.835312e+00
-1.322383e+00 -2.098002e+00 -1.839538e+00 -1.752775e+00 3.393918e+00 1.314291e+00 3.042967e+00 3.697904e+00 1.968442e+00 -1.518900e+00 2.554279e+00 2.910438e-01
-1.607429e+00 3.956142e-01 -7.038286e-01 3.875080e+00 3.875542e-01 -3.983973e-01 1.172452e+00 -2.207533e+00 -1.276221e+00 3.182920e+00 -1.934908e+00 2.267303e+00
-9.691645e-01 9.990230e-01 -2.197019e+00 2.544080e+00 -7.680027e-01 -2.933990e+00 2.317665e+00 -1.837373e+00 -1.157879e+00 2.201479e+00 -2.319885e+00 1.100433e+00
-8.992018e-01 7.449684e-02 -2.257989e+00 -9.005985e-01 6.906719e+00 -1.185905e+00 2.212244e+00 2.377579e+00 2.274094e+00 -3.284874e+00 -1.361429e-01 -2.725451e-01
6.709017e-01 1.112500e+00 -3.516996e+00 9.962497e-02 2.413876e+00 -4.111379e+00 3.866531e+00 1.685877e+00 1.584837e+00 2.539904e-01 -9.901305e-01 -5.150586e-01
6.854813e-01 1.332843e+00 -4.058506e+00 -1.563199e+00 4.464744e+00 -3.673454e+00 3.931575e+00 3.888423e+00 4.007931e+00 -2.773952e+00 -1.545273e+00 -1.342090e+00
