1.390176e+01 -1.075815e+01 -4.733239e+00 -1.564383e+01 1.392301e+00 2.706471e+00 4.094625e+00 -3.837270e+00 -1.180720e+01 1.902283e-01 -1.172655e+01 -3.595657e+00
1.359088e+01 -9.756838e+00 -4.876826e+00 -1.417428e+01 1.176399e+00 3.767249e+00 3.811249e+00 -4.208532e+00 -8.968533e+00 8.302312e-01 -6.988342e+00 -1.787801e+00
1.281390e+01 -1.193642e+01 -4.430860e+00 -1.711374e+01 -9.662247e-01 -9.577112e-01 3.259363e+00 -5.627720e+00 -1.223620e+01 -1.997102e+00 -1.755533e+01 -5.622918e+00
1.341776e+01 -1.064989e+01 -4.050605e+00 -1.238558e+01 1.106305e+00 9.533278e-01 4.262077e+00 -1.649989e+00 -1.290055e+01 4.994689e+00 -1.636975e+01 -4.995556e+00
1.257534e+01 -9.094906e+00 -6.407661e+00 -1.660593e+01 -2.896145e+00 -2.763220e-01 2.786994e-01 -6.775228e+00 -1.148283e+01 -2.329015e+00 -8.867417e+00 -3.794302e+00
1.317196e+01 -1.072624e+01 -5.452378e+00 -1.264625e+01 4.605207e-01 -1.336601e+00 2.948113e+00 -4.669700e+00 -1.468381e+01 3.169670e+00 -1.633495e+01 -7.146821e+00
1.496951e+01 -1.303664e+01 -6.292888e+00 -6.144213e-01 5.706531e+00 1.183698e+01 -2.771741e+00 -8.896439e+00 -4.557028e+00 -4.508829e+00 -1.451283e+01 -4.630565e+00
1.442701e+01 -1.319856e+01 -4.623662e+00 -1.706959e+00 8.232381e+00 1.146272e+01 2.561276e-01 -1.095962e+01 -6.146319e+00 -1.579237e+00 -1.497702e+01 -5.477668e+00
1.448903e+01 -1.250141e+01 -5.614122e+00 -6.085921e+00 5.847334e+00 1.065007e+01 -1.543647e+00 -7.731211e+00 -7.926956e+00 -3.903377e+00 -1.723346e+01 -6.183927e+00
1.474690e+01 -1.430920e+01 -3.483012e+00 1.343451e+00 7.220969e+00 1.362945e+01 -1.216534e+00 -1.092928e+01 -2.664021e+00 -3.602916e+00 -1.316906e+01 -4.775553e+00
1.301815e+01 -7.980604e+00 -6.681958e+00 -1.576267e+01 -3.001246e+00 -2.686755e+00 -2.735277e+00 -6.154729e+00 -1.259505e+01 -6.520505e-01 -8.084183e+00 -5.743319e+00
1.272042e+01 -1.395546e+01 -1.564304e+00 1.329453e+00 1.121256e+01 1.039845e+01 -6.482196e-01 -9.922840e+00 -6.244675e+00 -1.839236e+00 -1.333959e+01 -4.653193e+00
1.365873e+01 -9.258736e+00 -3.066350e+00 -9.172731e+00 2.600984e+00 1.033303e+00 2.739982e+00 -1.459313e+00 -9.739649e+00 4.014162e+00 -1.314389e+01 -5.990173e+00
1.515823e+01 -9.821005e+00 -5.403554e+00 -6.828421e+00 6.229578e+00 1.027979e+01 1.373816e+00 -7.435239e+00 -8.502420e+00 -2.255142e+00 -1.805359e+01 -3.619687e+00
1.160718e+01 -1.227517e+01 -9.401908e-01 -3.061417e-01 1.335323e+01 7.916141e+00 -5.640554e-01 -1.008450e+01 -4.727950e+00 -1.797976e+00 -1.361003e+01 -5.334054e+00
1.169627e+01 -1.401557e+01 6.289244e-01 1.602794e-01 1.266665e+01 1.020576e+01 9.275594e-01 -9.668900e+00 -3.095271e+00 4.283988e-01 -1.638437e+01 -2.532655e+00
1.509013e+01 -1.003699e+01 -4.260109e+00 -7.833862e+00 4.125536e+00 7.427698e+00 1.143191e+00 -5.494802e+00 -1.072427e+01 -3.069200e+00 -1.652424e+01 -3.623407e+00
1.439499e+01 -8.706499e+00 -3.015588e+00 -8.522304e+00 2.881428e+00 1.324195e+00 2.280382e+00 -2.462285e+00 -1.186803e+01 4.323166e+00 -1.186697e+01 -7.061316e+00
1.111808e+01 -1.189564e+01 7.799387e-03 -7.391137e-01 1.407983e+01 8.758544e+00 1.009252e+00 -9.749051e+00 -3.431477e+00 4.839425e-01 -1.671721e+01 -1.791102e+00
8.485903e+00 -7.739388e+00 1.237072e+01 -4.094214e+00 -1.946396e+01 -2.041014e+01 -1.909442e-01 5.096050e+00 -1.026975e+01 -8.282940e+00 -3.383642e+00 -1.234306e+01
1.439992e+01 -8.449312e+00 -4.130110e+00 -7.421932e+00 3.851980e+00 5.249797e+00 4.306841e+00 -4.964866e+00 -1.276808e+01 5.587919e-01 -1.551036e+01 -4.510881e+00
1.155544e+01 -1.296558e+01 8.392570e-01 3.425472e+00 1.335107e+01 2.927383e+00 5.342770e-02 -7.097362e+00 -2.355432e+00 3.322753e+00 -1.923126e+01 -5.378322e+00
7.821128e+00 -7.676790e+00 1.161143e+01 -4.218830e+00 -1.750042e+01 -2.057497e+01 5.239172e-01 2.559509e-01 -7.064693e+00 -8.910384e+00 -5.801566e+00 -1.296777e+01
1.080928e+01 -1.544107e+01 3.584441e+00 4.704101e-01 7.838806e+00 -1.191683e+00 3.600397e+00 -3.840437e-01 -4.690874e+00 -6.317917e+00 -1.654906e+01 -4.817966e+00
9.639938e+00 -6.636870e+00 1.110969e+01 -4.117226e+00 -2.022266e+01 -2.220260e+01 -9.256306e-01 6.364268e+00 -1.303310e+01 -8.898587e+00 -3.166538e+00 -1.072789e+01
1.076884e+01 -9.127695e+00 4.253568e+00 -6.901947e+00 -8.199279e+00 -1.245127e+01 -6.356955e-02 7.368731e+00 -6.212361e+00 -1.391777e+01 -1.001749e+01 -5.718707e+00
1.061847e+01 -1.032506e+01 5.529304e+00 -4.995185e+00 -6.906437e+00 -8.020480e+00 4.138188e+00 7.163194e+00 -6.680826e+00 -1.266741e+01 -1.059849e+01 -5.166213e+00
1.154582e+01 -1.244965e+01 1.635194e+00 4.928968e-01 1.192996e+01 7.157434e+00 6.748724e-02 -1.036337e+01 -2.487800e+00 9.940231e-02 -1.794119e+01 -3.689653e+00
1.105600e+01 -1.404030e+01 3.148246e+00 1.754558e+00 9.666090e+00 -2.182338e-01 3.418309e+00 -5.512775e+00 -4.415012e+00 -1.697194e+00 -1.862575e+01 -6.094184e+00
8.346959e+00 -7.143183e+00 7.543320e+00 -5.026119e+00 -1.409274e+01 -1.881208e+01 2.681295e+00 -1.343973e+00 -4.594317e+00 -1.387288e+01 -6.076031e+00 -9.060678e+00
1.073845e+01 -1.381637e+01 3.827553e+00 5.095321e-01 5.671999e+00 -1.269554e+00 3.712250e+00 -3.227317e-01 -4.188645e+00 -8.664544e+00 -1.465429e+01 -7.772243e+00
1.016308e+01 -1.029566e+01 4.420306e+00 1.221832e+00 -4.412466e+00 -7.404715e+00 8.797478e+00 7.051373e+00 -7.588974e+00 -1.315438e+01 -1.128233e+01 -5.336097e+00
9.789691e+00 -7.748284e+00 5.070726e+00 -7.651012e+00 -1.161969e+01 -1.472929e+01 -2.589822e-01 3.036389e+00 -4.782459e+00 -1.448082e+01 -9.212555e+00 -6.935238e+00
1.038307e+01 -1.172291e+01 3.479302e+00 3.332951e+00 4.204564e-01 -1.921802e+00 6.367133e+00 1.378469e+00 -3.410946e+00 -1.399319e+01 -1.122893e+01 -6.044292e+00
1.063058e+01 -9.990780e+00 5.186197e+00 -3.208467e-01 -6.563700e+00 -7.454359e+00 3.311314e+00 8.461849e+00 -6.758465e+00 -1.222800e+01 -1.006465e+01 -7.274176e+00
1.401972e+01 -1.702233e+00 -7.220739e+00 -9.489238e+00 -4.325724e+00 -1.191283e+00 -7.662182e-01 -6.963395e+00 -3.386109e+00 -5.800115e+00 -1.069186e+00 -8.753019e+00
8.790595e+00 -5.741190e+00 -1.118964e+00 6.654719e+00 -6.565495e+00 5.373968e-01 6.658396e+00 4.363139e+00 -4.741625e+00 -1.086233e+01 -1.269494e+01 -7.111302e+00
9.773017e+00 -4.193693e+00 7.208358e+00 8.306921e-01 -1.470327e+01 -1.928252e+01 -5.685522e+00 3.346853e+00 -1.258090e+01 -1.130236e+01 -4.300950e+00 -8.927524e+00
-1.319137e+01 3.051112e+00 -4.649397e+00 4.355204e+00 1.297667e+00 3.602438e+00 -1.899095e+00 2.854182e+00 5.639476e+00 1.233235e+00 4.768186e+00 -1.667541e+00
-1.131545e+01 2.835417e+00 -6.228418e+00 4.169576e+00 -2.769114e+00 6.815544e+00 6.788311e-01 6.501300e+00 1.008164e+01 6.822021e+00 5.564932e+00 5.869596e-01
-1.004932e+01 2.326605e+00 -5.753780e+00 8.197111e+00 -9.245679e+00 5.767534e+00 -2.260559e+00 1.087522e+01 8.299848e+00 8.367213e+00 4.998250e+00 4.500697e+00
-5.978315e+00 -7.384095e-01 -8.000372e+00 2.003542e-01 -4.886195e+00 -1.972050e+00 -1.997153e+00 2.741754e+00 5.697209e+00 2.453813e+00 2.073335e+00 -2.080796e+00
-1.197580e+01 1.210313e+00 -7.461442e+00 3.604946e+00 -1.770595e+01 4.560392e+00 -1.818527e+00 3.216389e+00 7.852617e+00 2.674452e+00 9.616051e-01 3.734958e+00
-8.708925e-01 -1.645408e+00 -5.150457e+00 1.029513e+00 -2.863719e+00 -2.907027e+00 -1.736351e+00 -1.130068e-01 6.308715e+00 -1.381089e+00 1.614312e+00 -5.259004e+00
-1.070471e+01 1.092504e+00 -7.707417e+00 7.327825e+00 -7.313177e+00 7.270035e+00 -2.375759e+00 5.666032e+00 7.663215e+00 6.877067e+00 5.159762e+00 -3.673053e+00
-9.779842e+00 -3.057857e-01 -1.829806e+00 2.143197e+00 -1.873377e+00 2.579297e+00 -8.954135e+00 -5.519643e+00 1.794655e+00 -5.595197e+00 4.445133e-01 3.272435e+00
-1.061509e+01 9.231205e-01 2.380708e+00 5.370234e+00 -2.736127e+00 6.626987e-02 1.810437e+00 1.115161e+00 -5.746432e+00 -5.829745e+00 2.226540e+00 -2.924070e+00
-1.126444e+01 -2.930900e+00 -3.199931e+00 3.469572e+00 -9.791737e-01 4.854026e+00 -6.063708e+00 -5.532559e+00 -1.677211e+00 -2.183695e+00 -1.316490e-01 1.532155e+00
-1.056732e+01 1.503111e+00 -7.247119e+00 6.454387e+00 -7.834203e+00 4.070777e+00 -2.428718e-01 -2.209201e-01 5.843147e+00 3.596205e+00 8.189878e+00 5.542019e+00
-5.091357e+00 -1.273107e+00 -3.366570e+00 2.783758e+00 -4.148123e+00 2.222456e+00 -3.987492e+00 1.453740e+00 3.567514e+00 6.567872e-01 5.954565e+00 3.449656e+00
5.641770e+00 3.741085e+00 3.644510e+00 -2.360268e+00 -1.360383e+01 -1.524049e+01 -9.920729e+00 -4.852535e+00 -1.265231e+01 -1.706551e+01 -8.076613e+00 -9.443864e+00
-1.094810e+00 -1.058570e+00 -7.919960e+00 -3.720847e+00 -5.577223e+00 5.451425e-01 -2.190347e+00 -5.177875e+00 1.013196e+00 -5.832179e-01 3.541349e+00 2.338807e+00
-1.152713e+01 -3.363245e+00 -2.819701e+00 6.272176e+00 1.111785e+00 3.320945e+00 -1.682365e+00 9.632678e-01 7.379207e+00 6.939878e+00 1.025384e+01 4.831444e+00
-5.732464e+00 6.930823e+00 7.091368e+00 9.939642e+00 -5.717426e+00 -3.666784e+00 -7.121311e+00 2.032671e+00 -5.702781e+00 -1.035387e+01 -4.671574e+00 -3.038420e+00
-5.429497e-01 6.622846e+00 7.706571e+00 3.372048e+00 -4.289326e+00 -2.869926e+00 -7.687215e+00 -5.878575e+00 -9.432047e+00 -1.333373e+01 -8.600979e+00 -3.065334e+00
-8.581532e+00 2.640750e+00 4.900083e+00 9.965211e+00 6.076779e-01 1.497514e+00 -5.901014e+00 1.961962e+00 -1.928934e+00 5.068531e-01 5.753818e+00 3.706256e+00
-1.047639e+01 -2.467309e+00 -2.455506e+00 5.745632e+00 -3.355641e+00 2.977307e+00 -3.323380e+00 -1.592778e+00 -2.838370e+00 -6.436822e-01 4.084536e+00 3.366608e+00
-9.826794e-01 -4.213328e-01 -9.403635e+00 7.641484e+00 -1.031760e+01 5.878306e+00 -6.321460e+00 4.961558e+00 -1.958230e+00 4.162428e+00 1.594281e+00 6.483931e+00
-4.318230e+00 2.899526e+00 5.323936e+00 5.051373e+00 -2.797852e+00 -6.062908e+00 -6.407475e-01 1.200015e+00 1.342306e-01 -4.178166e-01 2.872976e+00 2.483382e+00
-2.296536e+00 1.338612e+00 -7.151554e+00 5.992010e+00 -8.016357e+00 3.469363e+00 -7.308347e+00 3.338314e+00 -4.972661e+00 6.498020e-01 2.828768e+00 4.124348e+00
-2.725837e+00 2.833347e-01 -5.836864e+00 -1.202616e+00 -5.139077e+00 5.548337e+00 -1.631444e+00 -1.544936e-01 2.874902e+00 1.019492e+00 6.294752e+00 2.793716e+00
-1.539935e+00 -6.943623e+00 -8.599209e+00 -4.971351e+00 -7.906280e-01 5.692441e+00 1.179923e+01 -3.100253e+00 -6.802146e+00 -4.618114e+00 4.282390e+00 1.107811e+01
-4.536873e+00 -1.682589e+00 6.053449e+00 7.408742e+00 1.591243e+00 -3.634620e+00 -5.387427e+00 1.659451e+00 5.834088e+00 7.323599e-02 3.043973e+00 5.213924e+00
2.787146e+00 -2.022687e+00 -9.162481e+00 9.005574e+00 -7.952268e+00 -5.594888e-01 -2.433357e+00 3.722376e+00 -3.964919e+00 4.845314e+00 2.579515e+00 3.707270e+00
2.156928e+00 -2.956606e+00 -8.513279e+00 6.872490e+00 -5.939612e+00 1.646487e-01 -2.501712e+00 7.125275e+00 -5.347442e+00 5.928130e+00 2.599159e+00 8.389428e-01
-2.504905e+00 -6.873617e+00 -6.470665e+00 -5.171289e+00 -1.283138e+00 4.579502e+00 1.318480e+01 3.865592e-01 -2.576532e+00 -1.751419e+00 4.545885e+00 1.074068e+01
-7.966251e-01 -1.463436e+00 2.998278e-01 2.374441e+00 -2.777776e+00 -6.693805e+00 -9.107504e-01 7.142377e+00 5.548939e+00 -3.833125e-01 2.536473e+00 4.743391e+00
-1.963711e+00 7.123789e+00 -2.665281e+00 -6.324941e+00 -6.666307e+00 -4.578348e+00 -6.249981e+00 -3.040706e+00 1.777807e+00 4.648998e+00 9.101034e+00 4.362681e+00
-1.579415e+00 2.053671e-01 -9.010444e-01 2.264699e+00 -2.757063e+00 -7.195239e+00 -1.783584e+00 1.592661e+00 4.967919e+00 -5.164981e-01 6.125442e+00 1.010627e+00
-1.659551e+00 7.304427e+00 -3.490376e+00 -6.305422e+00 -3.759439e+00 -5.618662e+00 -6.340648e+00 -2.451575e+00 4.572212e+00 7.380857e+00 1.108663e+01 2.061492e+00
-2.145170e+00 9.618038e+00 -4.668202e-01 4.525386e+00 6.869757e+00 4.835442e+00 -2.654609e+00 5.709144e+00 9.556866e-02 -5.134516e-01 5.437358e+00 5.724306e+00
-6.692343e-01 6.657268e+00 -1.732790e+00 5.494083e+00 4.184341e-01 -4.002397e+00 -3.406408e+00 4.615201e+00 5.639729e+00 -1.418507e+00 5.613116e+00 -4.018555e-01
-1.368217e-01 6.498646e+00 -1.262306e+00 -4.289623e-01 -5.693810e+00 -4.098660e+00 -4.128334e+00 -2.665827e+00 -1.110486e+00 -8.548684e-01 4.015893e+00 4.875439e+00
-8.742266e-01 2.027220e+00 -2.956573e+00 -2.278247e+00 -5.274483e+00 -4.505781e+00 -3.083374e+00 -2.691395e+00 3.117142e-01 -8.131378e-01 1.670435e+00 1.318245e-01
-4.219956e+00 1.002223e+01 2.199757e+00 9.534240e-01 3.013851e+00 2.183852e+00 -1.889169e+00 1.036081e-01 -1.810633e+00 -2.859618e+00 4.957449e+00 2.290165e+00
-4.752022e+00 7.101216e+00 1.861607e+00 1.753048e+00 -1.149940e+00 4.340221e-01 -8.104310e-01 2.721491e+00 1.162668e+00 -8.108492e-01 5.978295e+00 5.154649e+00
-3.541038e+00 1.007246e+01 4.899902e+00 8.293148e+00 7.542536e+00 1.127156e+00 -3.795077e+00 -2.795002e-01 6.893193e+00 1.013505e+01 5.958226e+00 1.140748e+00
-4.669186e+00 9.567131e+00 2.900573e+00 5.394713e+00 2.288140e+00 1.873704e+00 5.444601e-01 6.371498e-01 5.398293e-01 -1.808779e+00 5.126561e+00 1.808665e-01
-5.312317e+00 7.924478e+00 3.516369e+00 4.522715e-01 2.830444e+00 3.004216e+00 7.107031e-01 -8.361273e-01 1.903286e+00 5.523468e+00 7.330191e+00 2.488047e+00
-5.424870e+00 4.295090e+00 -1.517584e+00 -5.951151e-01 3.111184e+00 -1.431080e+00 -3.697952e+00 -5.050233e+00 -4.442994e+00 1.414574e+00 1.832007e+00 3.851965e+00
-7.069548e+00 4.811821e+00 3.165541e+00 3.545857e+00 -1.068722e+00 -1.291962e+00 -5.802121e-01 2.471811e+00 4.987709e+00 3.373561e+00 5.427735e+00 -1.489141e+00
-6.342594e+00 5.569887e+00 -8.872781e-01 1.487838e+00 2.142699e+00 1.481937e+00 5.441910e+00 6.397209e+00 8.618031e+00 5.381322e+00 7.970211e+00 4.195755e+00
-3.602456e+00 3.107710e+00 -7.213224e+00 -4.830413e+00 2.582440e+00 7.619065e+00 1.290525e+00 -2.977457e+00 -2.305975e+00 -2.357646e+00 1.080135e+01 9.349061e+00
-9.236399e+00 1.977705e+00 -3.399357e+00 -6.119713e+00 -6.696792e+00 -7.772848e+00 -2.807920e+00 3.102652e+00 1.006977e+01 3.932302e+00 5.036573e+00 4.562037e+00
-6.286158e+00 7.222793e+00 1.349653e+00 2.459828e+00 1.836348e+00 5.716640e-01 1.882992e+00 8.995211e+00 1.124757e+01 1.021262e+01 7.838705e+00 1.711240e+00
-5.560003e+00 7.295439e+00 1.136856e+00 1.850407e+00 3.050330e+00 -3.006795e+00 3.625976e+00 5.783733e+00 5.079967e+00 2.405360e+00 6.511609e+00 5.144768e+00
-4.538739e+00 9.654428e+00 5.215677e+00 3.830281e+00 4.223389e+00 2.262225e+00 -4.505229e-01 -1.485239e+00 3.352536e+00 3.491576e+00 6.241173e+00 3.548645e+00
-6.597198e+00 6.460838e+00 2.741878e+00 2.398058e+00 3.621713e+00 3.187461e+00 2.141107e+00 4.359982e-01 4.020641e+00 1.667042e+00 6.415728e+00 1.694156e+00
-7.627905e+00 2.892453e+00 -2.229273e+00 -2.029711e+00 -1.511996e+00 -1.955920e+00 -8.599510e-01 6.858563e-02 3.434033e+00 3.415611e+00 1.017836e+01 4.269525e+00
-5.414982e+00 6.005684e+00 2.114009e+00 1.515064e+00 6.452005e+00 -9.456227e-01 1.168391e+00 9.749058e-01 4.410225e+00 6.569891e+00 3.664365e+00 -8.664066e-02
-5.048481e+00 8.483404e+00 3.062079e+00 2.278713e+00 6.243374e+00 5.464872e+00 5.624223e+00 5.175936e+00 2.498934e+00 -9.703302e-02 6.111059e+00 3.359215e+00
-5.542624e+00 6.783430e+00 1.706256e+00 1.944233e+00 4.193162e+00 3.268882e+00 6.071597e+00 4.457018e+00 4.930810e+00 8.436183e+00 9.898291e+00 6.600247e+00
-7.536076e+00 5.279778e+00 1.602514e+00 1.406337e+00 1.027029e+00 3.387578e+00 2.456732e+00 -2.157545e+00 3.375187e+00 -2.626768e+00 7.870187e+00 2.467740e+00
-6.284273e+00 5.816231e+00 -1.696896e+00 -1.550908e+00 -4.842257e-01 5.199063e-02 3.623332e+00 4.382269e+00 1.086085e+01 9.082892e+00 1.014326e+01 6.364407e+00
-3.511215e+00 8.361053e+00 4.219198e+00 4.943499e+00 8.803669e+00 5.205303e+00 4.817399e+00 3.420438e+00 6.208130e+00 5.401296e+00 4.418684e+00 -6.227415e-01
-5.428740e+00 6.859592e+00 3.068215e+00 4.156209e+00 3.885116e+00 -3.830984e-01 -3.039015e+00 2.301599e+00 4.903856e+00 2.158988e-01 8.913734e+00 -1.126043e+00
-6.734505e+00 7.061135e+00 1.752344e+00 2.894934e+00 4.237446e+00 2.036353e+00 -5.027642e-01 -6.019800e-01 1.429767e+00 1.146578e-01 8.640713e+00 7.184550e+00
-5.909208e+00 7.081683e+00 3.710175e+00 2.744357e+00 4.771185e+00 4.220578e+00 2.391965e+00 3.967598e+00 7.427619e+00 4.045794e+00 6.825211e+00 -2.397115e+00
-5.842339e+00 6.652717e+00 2.276690e+00 4.133382e-01 2.345127e+00 1.183915e-01 1.287259e+00 4.049944e+00 5.491161e+00 1.639187e+00 3.673418e+00 4.333957e-01
-6.492178e+00 5.769058e+00 3.505671e-01 -1.715955e+00 1.195418e+00 -1.828591e+00 1.331434e+00 3.508111e+00 8.725261e+00 6.947254e+00 8.596550e+00 1.931462e+00
-6.133030e+00 7.196681e+00 4.321156e+00 1.252793e+00 1.712829e+00 2.506395e+00 7.396281e-01 7.924683e-01 8.148999e+00 1.732007e+00 5.185269e+00 4.336637e+00
-5.942827e+00 6.909904e+00 1.865976e+00 6.370201e-01 1.462318e+00 3.403394e+00 8.839488e-01 1.810787e-01 7.264461e+00 2.456042e+00 7.165695e+00 4.091775e+00
-4.548512e+00 8.349936e+00 1.773255e+00 -4.199870e-01 3.746409e+00 -2.385780e+00 2.323860e+00 3.650309e+00 5.015497e+00 4.619731e-01 6.406172e+00 3.810693e+00
-5.630871e+00 7.120427e+00 2.549204e+00 5.877121e-01 5.038975e+00 -1.251835e+00 -6.871076e-01 -9.848673e-01 5.929001e+00 4.883172e+00 3.488394e+00 1.142370e+00
-7.586252e+00 7.061679e+00 4.593959e+00 1.306531e+00 1.057312e+00 -1.539833e+00 -2.281871e+00 -1.637099e+00 2.091111e+00 4.719548e+00 2.937165e+00 1.899060e+00
-5.379213e+00 8.054177e+00 1.087226e+00 -3.994899e-01 2.869944e+00 -9.378011e-01 1.527749e+00 8.129997e-01 1.084854e+01 9.240011e+00 9.004374e+00 2.796706e+00
-4.611602e+00 1.043699e+01 4.219123e+00 2.918392e-01 -7.490840e-01 -2.272231e+00 1.369536e+00 -4.593139e-01 1.864003e+00 -1.085185e+00 1.118631e+01 1.817437e+00
-1.916637e-01 7.327803e+00 5.437093e-01 -2.017722e+00 -1.891947e+00 -4.250507e+00 -3.662861e+00 1.915984e-01 4.526752e+00 9.316569e-01 5.036668e+00 3.698849e+00
-4.314033e+00 9.568127e+00 2.893239e+00 3.139042e+00 5.636285e+00 1.559281e+00 -4.644208e-01 3.467595e+00 1.122579e+01 1.919263e+00 5.080914e+00 2.829633e+00
-5.317341e+00 6.439929e+00 4.517004e+00 5.245966e+00 2.477886e+00 -1.434840e+00 3.213372e-01 -2.381704e+00 4.079473e+00 4.988248e+00 6.896934e+00 4.121658e+00
-5.723434e+00 6.945687e+00 1.172534e+00 3.578187e-01 2.234689e+00 -3.597343e+00 -2.401527e+00 -6.772335e-01 1.814299e-01 -1.375933e-01 3.624096e+00 -1.362357e+00
-6.987465e+00 5.486408e+00 1.399928e+00 9.572710e-01 5.555544e+00 1.125401e+00 1.193931e+00 6.514870e+00 1.002916e+01 5.663168e+00 7.878754e+00 2.794955e+00
-4.248478e+00 8.768110e+00 2.447649e+00 1.888876e+00 2.935368e+00 -1.280021e+00 2.442417e+00 4.414179e+00 7.092386e+00 2.922204e+00 5.753188e+00 3.149455e+00
-5.831287e+00 6.618104e+00 3.385067e+00 3.480193e+00 4.166972e+00 1.150300e+00 3.136025e+00 3.529795e+00 5.561318e+00 7.717531e+00 1.123473e+01 4.647787e+00
-5.851191e+00 6.618572e+00 3.256231e+00 3.904461e+00 6.093246e+00 6.569848e+00 5.708392e-01 -1.092459e+00 1.344082e+00 7.840680e+00 1.110047e+01 4.749808e+00
-6.166195e+00 4.684463e+00 1.843529e-01 7.559065e-01 2.700358e+00 -8.171387e-01 -5.725727e-01 -1.994939e+00 2.368726e+00 2.742841e+00 2.842839e+00 1.984500e+00
-5.591232e+00 6.544328e+00 4.017448e+00 -2.370064e-01 2.965343e+00 3.089440e+00 -1.459665e+00 2.838525e+00 8.001683e+00 5.104634e+00 6.063450e+00 2.568437e+00
-6.012028e+00 8.049482e+00 3.219653e+00 2.148082e+00 8.859091e-01 -7.111740e-02 -3.110504e-02 1.179878e+00 5.854460e+00 2.388601e+00 5.948025e+00 2.162642e+00
-4.417089e+00 6.465708e+00 1.210404e+00 2.290490e+00 2.154669e+00 -4.111073e+00 1.597435e+00 1.261970e+00 2.050845e+00 -1.456127e+00 5.744646e+00 3.652265e+00
-6.297388e+00 4.615784e+00 -5.707836e-02 5.687255e-01 3.680009e+00 -1.203148e-01 5.620196e+00 3.919512e+00 5.038879e+00 3.996624e+00 6.402464e+00 2.665206e+00
-6.806265e+00 5.958392e+00 4.996141e+00 2.593240e+00 5.131202e+00 -1.359961e+00 -6.079944e+00 -1.629805e+00 5.275074e+00 6.141946e+00 7.810566e+00 -2.608471e+00
-4.056167e+00 6.279001e+00 1.778099e+00 -7.446346e-01 -6.803703e-02 2.706678e+00 1.705730e+00 6.796505e-01 9.491348e-01 2.476230e+00 6.785306e+00 7.543203e+00
-5.968039e+00 5.615590e+00 3.305745e+00 2.444796e+00 6.566386e-01 -2.043998e+00 1.621001e+00 -5.409455e-01 1.780090e+00 2.137431e+00 5.287037e+00 3.575236e+00
-5.572535e+00 6.424637e+00 2.053335e+00 1.550370e+00 4.452552e+00 3.391852e+00 4.833810e+00 1.890201e+00 7.127954e+00 3.441768e+00 1.027286e+01 5.867977e+00
-4.870017e+00 7.020979e+00 3.097144e+00 1.785573e-01 5.010821e+00 -8.193996e-01 -1.483627e+00 7.946523e-01 1.053315e+01 2.905706e+00 4.871544e+00 7.715920e-01
-5.819851e+00 3.742335e+00 1.178349e+00 9.511214e-01 4.182539e+00 1.365934e+00 1.080611e+00 -1.347687e+00 2.932158e+00 2.613326e+00 6.163792e+00 6.398746e+00
