3.286940e+00 -4.315415e+00 -9.191564e-01 -1.469380e+00 -1.618447e+00 2.175005e+00 1.724978e+00 -7.227843e-01 -1.407546e+00 4.830121e-01 3.854445e-01 -3.232749e+00
7.464395e+00 -3.091583e+00 -1.055063e+00 -1.183728e+00 -2.549105e+00 3.360986e+00 1.013673e+00 -1.707232e-01 -7.589766e-01 -1.139935e-01 1.730301e+00 -4.331890e+00
-1.818726e+00 -1.555344e+00 -8.150148e-01 2.318522e-01 -1.726887e+00 -5.610696e-01 1.087832e+00 2.802290e+00 2.539642e+00 -6.977084e-01 -1.970287e+00 6.685783e-01
2.084469e-01 -1.081492e+00 1.609491e+00 -1.906498e+00 3.805453e-01 -2.962973e+00 8.020697e-01 1.894984e+00 -2.110816e+00 -9.027699e-01 1.480354e+00 6.111461e-01
8.921788e+00 -9.916282e-01 -1.470209e+00 -6.502544e-01 -2.505695e+00 1.759183e+00 -3.960861e-01 -3.141588e-01 -8.539450e-01 -1.613660e+00 1.852497e+00 -3.933248e+00
-9.428623e-01 -1.850372e+00 -7.312852e-01 -2.879651e-01 -6.992337e-01 3.826723e-01 1.458138e+00 1.120443e+00 1.230910e+00 -1.948153e+00 -1.752361e+00 1.388516e+00
-1.956687e+00 -1.251005e+00 -1.835965e+00 1.735841e-01 -7.353126e-01 -5.882258e-01 6.935573e-01 2.456420e+00 -3.764339e-01 3.551633e-02 -9.829416e-01 -3.242349e-01
-4.320064e-01 -2.750333e+00 2.425005e-01 -1.036532e+00 1.803031e+00 2.518553e+00 2.523489e+00 -8.854257e-01 -2.187593e-01 1.125696e+00 -9.809883e-01 4.499468e-01
-1.397517e+00 -9.029858e-01 -1.234832e+00 1.280968e-01 -1.119129e-01 -5.945038e-01 -3.528008e-01 1.378565e+00 -7.309526e-01 6.370860e-01 6.829181e-02 -2.429064e-01
-2.998112e-01 9.145268e-01 6.220618e-01 -1.629877e+00 -1.309735e+00 -1.434412e+00 -2.266813e+00 -2.917387e+00 -8.365731e-01 -1.088680e+00 -4.758185e-01 -4.672832e-01
6.903197e+00 8.768202e-01 -1.027095e-01 -8.055681e-01 -1.927745e+00 -5.996038e-01 -4.837971e-01 -1.214105e+00 -2.140113e+00 -3.175974e+00 -2.952597e-01 -3.328633e+00
-1.279231e-01 -9.632782e-01 9.864146e-01 -1.572699e+00 -2.798039e-01 -2.354337e+00 5.492131e-01 2.263437e+00 -3.394054e-01 -9.548308e-01 7.506230e-01 -2.592466e-01
-7.051923e-01 -3.088881e+00 3.047689e-01 4.843899e-01 7.650563e-01 1.104790e+00 2.748871e+00 -1.635091e-02 1.194003e+00 -7.724911e-01 -1.113302e+00 1.019013e+00
-1.281502e+00 -8.387443e-01 -1.133556e+00 -1.310419e-02 1.252495e+00 8.801562e-01 -9.824735e-01 -1.162896e+00 9.963422e-01 2.298680e+00 1.363587e+00 1.497361e+00
-1.022075e+00 1.720730e-01 -3.166246e-01 -1.307373e+00 -3.450113e-01 3.453154e-01 -2.145720e+00 -3.072233e+00 -5.864897e-02 7.699112e-01 6.503217e-01 9.489020e-01
2.136528e+00 1.778109e+00 1.053483e+00 -1.555564e+00 -5.103565e-01 -5.638946e-01 -9.448870e-01 -1.487323e+00 -1.255566e+00 -2.520401e+00 -1.491500e+00 -6.030509e-01
2.911413e-01 -2.689814e+00 6.049320e-01 4.896950e-01 2.294509e-01 1.844652e-01 1.515466e+00 -3.005698e-01 -6.661114e-01 -1.718805e-01 -2.099548e-01 -1.475289e+00
-7.086660e-01 -1.323558e+00 1.006192e-01 2.213713e-01 2.102027e+00 1.395901e+00 2.768923e+00 -2.242866e+00 7.041728e-01 -5.178273e-02 -1.501074e+00 8.406892e-01
-1.182442e+00 -2.212116e+00 -1.748689e+00 -2.225017e+00 3.399454e-01 1.249434e+00 2.876696e+00 2.064051e+00 4.022375e+00 3.633041e+00 2.183897e+00 2.088138e+00
5.107357e-01 -2.976929e-01 1.691593e+00 8.727751e-01 8.448551e-01 -9.302504e-02 -1.184196e-01 -6.859572e-01 -2.382255e+00 -1.026366e+00 -1.074404e+00 -6.712353e-01
-2.947041e+00 -3.279336e+00 -1.144178e+00 -1.956726e+00 -7.581005e-01 1.220654e+00 8.319045e-01 2.811827e+00 6.813699e+00 3.928911e+00 2.038253e+00 3.126952e+00
-1.602362e-01 -8.709790e-01 6.270739e-01 -4.648992e-01 -2.365403e-01 6.321307e-01 -5.833485e-01 6.340149e-01 1.759589e-01 -9.973740e-03 -1.473105e-01 -2.258224e-01
5.661563e-01 -1.710068e+00 -5.811476e-01 7.181020e-01 1.582326e-01 6.072490e-02 5.215943e-02 -1.503195e+00 -1.855183e+00 1.026403e+00 1.230856e+00 -2.560130e+00
-1.998461e-01 4.377608e-02 -7.081375e-01 -1.140328e+00 -1.183031e-01 3.434127e-01 -3.411392e-01 1.643044e+00 -3.832286e-01 9.339730e-02 6.788266e-01 -3.269764e-01
4.107113e-01 -1.105693e+00 -5.356311e-01 2.195065e-02 -9.255317e-01 1.385181e-01 -8.553463e-01 -1.734189e+00 -1.317617e+00 1.373705e+00 2.027125e+00 -1.473910e+00
-3.402920e-02 -7.523687e-01 8.543959e-01 -8.256885e-01 2.258396e-01 3.617139e-01 -3.377537e-01 9.000157e-01 2.958190e-01 4.058456e-01 -2.254236e-01 1.635192e-01
-3.226351e-01 -3.734182e-01 3.385196e-01 1.191855e-01 -2.041002e-01 3.237824e-01 1.934983e-01 -3.168422e-01 8.011845e-01 -4.710074e-01 3.952540e-01 -3.885086e-01
4.711576e-01 2.971058e-01 4.043145e-02 -7.652825e-01 -8.711508e-01 -1.335554e+00 6.564295e-01 2.225852e+00 8.629142e-01 -1.164104e+00 5.590050e-02 -3.249373e-01
-6.560717e-02 -6.991399e-01 -4.913006e-01 1.375848e+00 9.092843e-01 2.427243e-01 -8.826612e-01 -4.817963e-02 -1.575284e-01 -3.055854e+00 -2.327836e+00 -1.161120e+00
-5.613177e-02 -7.784443e-02 2.769486e-01 9.656415e-02 4.496244e-01 -2.895654e-01 1.679296e-01 4.385036e-01 8.027080e-01 3.691647e-01 8.514814e-02 -5.604591e-02
-4.962378e-01 -1.603437e-01 -1.680218e-01 1.318429e+00 1.058155e+00 1.308933e+00 2.070998e+00 -2.682731e+00 1.747916e+00 -9.431696e-01 -1.051564e+00 8.766643e-01
-2.410783e-01 -2.481865e-01 3.279915e-02 2.071422e-01 -2.122099e-01 -5.287714e-02 1.548568e-01 -3.059357e-01 5.491950e-01 -4.171942e-01 1.133770e-01 -7.512865e-02
1.103301e-01 -9.058790e-01 -1.378100e+00 -1.647572e+00 1.078308e+00 1.000340e+00 2.546276e+00 1.286659e+00 -3.130732e-02 9.952055e-01 1.692019e+00 6.636920e-01
-2.078191e-01 -2.686302e-01 1.038997e-01 -9.284019e-03 2.526342e-01 -5.175669e-01 3.128425e-01 -4.634334e-01 9.492073e-01 -3.088730e-01 2.170587e-01 -2.786507e-01
2.484858e-01 1.112403e+00 2.063874e+00 2.645085e+00 5.303057e-01 -9.283662e-03 2.250785e-02 1.751413e+00 1.802813e+00 2.096147e-01 -9.428408e-01 -3.075769e-01
-5.739412e-02 -2.603712e-01 1.318489e-01 -3.812327e-02 1.067482e-01 -5.762342e-01 -2.192309e-01 1.664770e-01 3.845580e-01 1.028249e-02 -3.882023e-01 -2.257442e-01
6.491496e-01 -2.744206e-01 -1.214654e+00 -4.494041e-01 -4.435259e-01 9.943876e-01 -1.915757e+00 -1.195813e+00 -1.467716e+00 4.526850e-01 7.716203e-01 -1.017891e+00
-2.129011e-02 5.301013e-02 9.729194e-02 5.337533e-01 1.066272e-01 -9.803162e-02 -2.478167e-01 -2.135498e-01 5.553169e-01 5.528780e-01 -6.851357e-01 -8.913631e-01
1.254844e-01 -3.637078e-02 4.855215e-01 1.121225e+00 4.680425e-01 5.471087e-01 2.931448e-01 -7.760859e-03 3.390921e-01 8.584899e-01 6.610111e-01 9.769570e-01
-5.811749e-02 -2.318751e-01 -4.650849e-01 4.695716e-01 9.806600e-01 -7.511268e-01 4.747157e-01 1.694595e+00 6.686021e-01 -4.419201e-01 -5.729262e-01 -4.360023e-01
1.596022e-01 4.452218e-01 -5.098241e-01 -1.903801e+00 -6.810869e-01 1.376386e+00 -5.292606e-02 1.717930e-02 2.666121e-01 1.244277e+00 1.680999e+00 -7.692291e-01
-3.895093e-01 1.121098e+00 2.146738e+00 2.253885e+00 3.683006e-01 -6.029199e-01 6.116354e-01 1.528925e+00 9.926630e-01 -4.686339e-01 -3.767279e-01 9.964097e-02
1.427776e-01 -4.398394e-01 1.542296e-01 8.570423e-02 4.975545e-01 2.763083e-01 -7.447852e-01 -2.998448e-01 -1.046904e+00 -7.382641e-01 7.991034e-01 5.126932e-01
2.663481e-01 -6.004909e-01 9.919526e-01 -1.322872e+00 1.036488e+00 -3.497276e-01 -7.908630e-02 2.898902e-01 4.325219e-01 -3.302317e-02 2.363219e-01 -2.104532e-01
-1.323159e-01 -9.105530e-02 8.905277e-02 2.788300e-01 -1.619891e-01 -6.049878e-01 -1.979267e-01 -1.104096e-01 4.069973e-01 -2.853658e-01 -5.194259e-01 -2.680817e-01
9.301175e-01 2.887678e-01 2.405833e-02 -1.420935e+00 -6.929497e-01 1.330861e-01 -1.371933e+00 -3.943760e-01 -2.645208e+00 -2.012573e-01 2.072145e+00 -5.313105e-01
5.460111e-01 2.033375e-01 4.788074e-01 -5.089534e-01 -7.712842e-01 -9.058189e-02 6.031619e-01 1.069769e+00 -6.700568e-02 -2.417109e+00 -1.591991e+00 1.474743e-01
-3.361874e-02 4.185201e-01 -1.794460e-02 -1.147909e+00 -1.538774e+00 8.751203e-01 -1.410438e+00 -2.473152e+00 -4.042203e-01 1.187045e+00 1.261342e+00 8.567204e-01
-1.228920e-01 8.159065e-02 1.062719e-01 -4.466432e-01 7.622909e-01 1.633609e+00 -7.790551e-01 -8.826662e-01 -8.335554e-01 -1.797019e+00 -2.757026e+00 -4.077442e-01
-1.654119e-01 1.063316e-01 -4.210443e-02 -4.975960e-01 9.560420e-02 -1.005646e+00 -7.624415e-01 -6.125982e-02 7.756563e-01 -1.727341e-01 -1.037333e+00 -1.587476e+00
3.046951e-02 -1.434410e-01 -1.941226e-01 -4.883731e-01 -1.786914e-01 9.564705e-01 1.562254e-01 -3.063520e-01 -4.790635e-01 -6.869767e-01 6.875662e-01 4.959393e-01
-5.710008e-01 -5.771135e-01 1.639825e-01 -9.942268e-01 2.006855e-01 -7.045686e-01 -9.828098e-01 1.199244e+00 6.354563e-01 -2.309309e-01 1.123523e-01 4.303301e-01
-8.618005e-01 9.276449e-01 1.699867e+00 7.208733e-01 -4.315996e-01 -9.896624e-02 8.863247e-01 -4.062172e-01 -2.863354e-01 -2.837424e-01 7.162065e-01 3.291328e-01
-1.044986e+00 -6.674000e-01 -2.307232e-01 1.415545e-01 5.821959e-01 -2.644851e-02 1.581308e+00 1.636417e-01 1.403169e+00 2.003635e+00 2.131362e+00 8.933750e-01
6.865063e-01 5.274073e-01 7.135813e-02 7.269595e-02 -1.048805e+00 1.005348e+00 -5.244516e-01 -2.746715e+00 -1.826280e+00 -3.508854e-03 -2.346046e-01 1.280113e+00
-2.685684e-01 -1.771806e-01 -1.992560e-01 -8.340474e-01 1.714580e-02 -4.490407e-01 -1.818141e+00 -3.784967e-01 -4.408928e-01 -9.796184e-01 4.799582e-01 1.450174e-01
4.247201e-01 -1.069586e+00 -7.411912e-01 2.673913e+00 1.738477e+00 3.453510e-01 -7.519624e-01 1.385198e+00 1.387666e+00 -3.221166e+00 -4.339572e-01 1.385966e-01
-1.144239e-01 -1.211369e-02 -2.663228e-01 -7.599853e-01 -4.317322e-01 1.745157e+00 1.019121e+00 -2.547546e-01 -2.001010e-01 -1.144948e+00 2.277014e-01 1.163480e+00
6.947635e-01 3.794686e-01 1.218744e+00 1.163806e+00 -1.868867e-01 6.995353e-01 1.081994e+00 -7.988130e-01 -9.695922e-01 -8.692066e-01 -2.203928e+00 -3.814049e-02
-1.542498e-01 1.014534e-01 -3.095903e-01 8.660294e-01 -6.220564e-01 -9.891342e-01 -4.314218e-01 -2.949289e-01 3.345573e-01 -9.483536e-01 -5.357446e-01 -4.605675e-01
-1.938181e-02 2.149888e-01 -1.396396e-01 -4.159116e-01 -2.830550e-01 1.898717e+00 1.141221e+00 -1.620534e-01 6.688778e-01 -1.066340e+00 -3.197508e-01 1.129592e+00
-2.028240e-01 -7.722728e-01 -5.834555e-01 4.359204e-01 1.362543e+00 -1.930027e+00 -1.152990e+00 -2.483093e-01 -4.422519e-01 -1.487906e+00 -1.192381e+00 -8.433740e-01
2.830532e-01 3.884583e-02 5.538895e-01 -7.634958e-01 7.614439e-01 3.328744e-01 -6.500943e-01 7.118394e-01 -4.059687e-01 3.920445e-01 -1.216234e-01 1.708446e-01
-6.437934e-01 1.199955e+00 4.844449e-01 -4.289694e-01 -8.083932e-01 4.522905e-01 1.102397e+00 -1.675253e+00 -1.651270e+00 -2.230251e-01 2.171333e-01 -5.417235e-01
-6.698815e-01 -9.870585e-01 4.085290e-02 -1.190740e-01 1.896089e-01 -6.103352e-01 -1.390706e-01 5.566587e-02 1.519981e+00 -2.473176e-01 2.310818e-01 3.658451e-01
-1.053798e-01 2.932594e-01 3.337197e-01 -1.347861e-01 -9.014781e-02 1.131853e+00 1.607323e+00 5.834633e-02 6.230060e-01 2.078175e-01 5.677388e-02 1.471390e+00
-4.477921e-01 -1.836773e-01 -1.719854e-01 -2.178244e-01 1.387603e-01 -2.556602e+00 -1.539785e+00 -7.737402e-01 4.029502e-01 -5.512866e-01 -4.326782e-01 -9.509745e-01
-2.192370e-01 3.882847e-01 -2.698346e-01 1.143188e+00 4.932674e-01 2.528073e-01 1.659453e+00 -2.461251e+00 2.214088e+00 -1.492615e+00 -1.151135e+00 4.662692e-01
-5.269115e-02 3.735937e-01 -1.003265e-04 8.473360e-01 -1.738126e+00 -1.448179e+00 -1.099548e+00 1.310473e+00 7.557212e-01 -1.451185e+00 -5.259695e-02 -1.059815e+00
1.616195e-01 4.809441e-01 -1.901452e-01 -1.523222e-01 3.991334e-01 1.798153e-01 -5.943865e-01 1.468267e-01 -6.825948e-01 4.454399e-01 -7.702422e-01 1.554226e-01
-5.517863e-01 1.239797e+00 1.214579e+00 3.641347e-01 -2.644702e+00 -1.640143e+00 -3.958153e-01 1.633278e-01 -7.871960e-01 7.880837e-01 1.464811e+00 2.456202e-01
9.834473e-02 5.803402e-01 -5.106807e-01 2.851056e-01 -1.447435e-01 3.398866e-01 -5.018109e-01 -1.103017e-01 -5.321356e-01 4.087025e-01 -1.826600e+00 3.128344e-01
5.284953e-02 2.858008e-01 9.957123e-02 4.063396e-01 -6.707918e-01 -1.844875e+00 -9.269243e-01 2.008026e+00 -4.730420e-01 -3.414105e-01 -1.078861e+00 -3.270340e-03
-2.901049e-01 7.999634e-01 -7.315065e-01 8.671170e-01 -5.794958e-01 1.133285e-01 2.883738e-01 -1.169644e+00 8.447089e-01 -5.131478e-01 -2.174842e+00 4.361707e-01
-2.747514e-01 5.732349e-01 2.978555e-01 9.877140e-03 -3.185132e-01 -2.593610e-01 1.572521e-01 8.202847e-01 2.197986e+00 2.540979e+00 2.327683e+00 1.519982e+00
-8.185530e-02 2.140089e-01 -2.896014e-01 1.286785e+00 -9.047276e-01 -6.897985e-01 -8.115354e-01 2.158220e-01 4.516426e-01 -9.524790e-01 -6.667464e-01 4.887991e-02
-2.793032e-01 6.960386e-01 -3.684498e-01 -2.404368e+00 -7.182789e-01 1.148282e+00 -6.659107e-02 -1.606771e+00 -1.407817e+00 -1.873161e+00 -2.635178e+00 -1.871314e-01
1.108915e+00 -1.936731e-01 -1.351593e+00 1.141994e+00 6.741552e-01 7.238616e-01 -1.700873e+00 8.750709e-01 -8.496435e-02 -3.485196e+00 1.001240e-01 -3.156372e-01
-4.717458e-01 1.683791e+00 1.459663e+00 2.385243e-02 -1.252692e+00 -2.068713e+00 -7.972410e-01 4.703746e-01 -8.158426e-01 5.812217e-01 2.336673e+00 -3.559858e-01
-1.944251e-01 6.332704e-01 -4.883867e-01 -2.337854e+00 -1.283466e+00 3.530909e-01 4.618446e-01 -6.642488e-01 -1.832687e-02 3.530719e-01 4.352074e-02 2.984911e-01
-5.960646e-01 5.898817e-01 7.552163e-01 -4.086727e-01 -1.409533e+00 -2.083966e+00 -1.304918e+00 1.191453e+00 4.447506e-01 -1.699943e+00 5.383571e-01 -1.838775e+00
-3.408179e-01 5.543833e-01 -3.272846e-01 1.906919e+00 7.990651e-01 -4.024973e-01 7.573935e-01 8.496298e-01 2.401931e+00 2.924880e+00 8.458198e-01 4.837335e-01
-2.628890e-01 1.940729e+00 4.491222e-01 -5.442225e-01 -4.617940e-01 7.465833e-01 2.733310e+00 -2.324939e-01 -1.231987e+00 6.177572e-01 1.538286e+00 1.219156e+00
2.467029e-01 6.779888e-01 7.479095e-03 8.932541e-01 -3.125927e-01 -1.579725e+00 -4.502714e-01 1.813614e+00 -1.303159e-01 -4.914702e-01 -6.106670e-01 4.442277e-01
-6.161674e-01 1.024770e+00 1.874141e+00 -2.091642e-01 -1.787112e+00 -1.909114e+00 -2.979937e-01 1.309441e+00 -1.265484e+00 1.385589e+00 6.139349e-01 7.640225e-01
1.510230e-01 5.791119e-01 -1.306148e-01 1.888229e+00 -8.095340e-01 -2.838346e-01 -6.969646e-01 9.470505e-01 1.059713e+00 -1.095559e+00 1.275303e-01 1.799580e-01
1.327808e+00 1.301886e+00 1.061936e+00 -4.828338e-01 -9.882140e-01 3.017409e-01 -3.428350e+00 -1.205917e-01 -2.026797e+00 6.072680e-01 2.159995e+00 -7.422459e-01
-1.408887e-01 6.695896e-01 -5.735858e-01 3.186014e+00 2.256548e+00 9.215637e-01 8.790409e-01 -2.833690e-01 1.588199e+00 2.854604e+00 6.176578e-01 1.081899e+00
-6.751730e-01 7.307402e-01 1.542688e+00 -4.837971e-01 -1.623857e+00 -2.110940e+00 -1.214951e+00 1.355732e+00 -9.940924e-02 -9.440069e-01 4.944782e-01 -1.296748e+00
2.746100e-01 6.221932e-01 1.717681e-01 1.125422e+00 -5.090267e-01 -1.102842e+00 -4.024081e-01 1.536604e+00 2.090078e-01 -6.840018e-01 -5.111889e-01 7.110376e-01
2.111466e-01 6.089451e-01 -4.777250e-02 1.280473e+00 -4.861059e-01 -1.046416e+00 -5.942509e-01 1.020249e+00 4.681460e-01 -1.128590e+00 -3.224599e-01 5.130244e-01
-6.401284e-01 1.148319e+00 1.839186e+00 -2.738714e-01 -1.569691e+00 -1.896688e+00 -7.208104e-01 1.659552e+00 -7.566119e-01 3.156660e-01 6.376787e-01 -3.937626e-03
-3.683351e-01 1.668849e+00 1.509658e+00 -9.603930e-03 -1.993250e-01 -2.371235e+00 -1.653144e+00 3.685727e-01 -1.553102e+00 -2.896751e-01 1.757399e+00 -7.582062e-01
-3.350869e+00 -2.131536e+00 -3.725576e-03 -1.274639e+00 -1.276608e-02 9.148071e-01 1.579340e+00 2.265763e+00 5.413783e+00 5.892852e+00 9.680158e-01 3.026335e+00
9.444157e-01 7.686868e-01 -6.441740e-02 6.247991e-01 -5.930039e-01 1.319797e+00 -3.366470e+00 5.445085e-02 -6.628311e-01 -2.150598e+00 1.386650e+00 -7.160997e-01
2.654591e-01 6.312496e-01 -4.369865e-02 2.174283e+00 7.047432e-01 2.150712e+00 7.285734e-01 -1.173420e+00 -4.456592e-02 6.967936e-01 -1.361260e+00 -8.104503e-01
6.012945e-02 1.104216e+00 -6.050575e-01 1.461287e+00 1.390475e+00 3.457973e-01 1.859569e-01 -1.488773e+00 -1.127800e-01 1.659135e+00 -6.384720e-01 4.505988e-01
2.952338e-01 2.611544e+00 8.694395e-01 -6.279793e-01 -3.852246e-01 9.918574e-01 2.801397e+00 8.469298e-01 -7.205461e-01 1.353736e+00 7.750894e-01 1.166266e+00
-1.456782e-01 1.391440e+00 3.623434e-01 -3.271040e-01 3.452943e-01 2.049043e-01 1.576494e+00 -8.512868e-01 -2.118497e-01 2.214417e+00 1.805119e+00 1.544092e+00
3.274716e-01 2.463244e+00 1.137688e+00 -3.561647e-01 2.356456e-01 3.527178e-01 2.188755e+00 6.945834e-01 -4.024324e-01 2.064126e+00 2.025609e+00 2.178560e+00
-2.591238e-01 1.852882e+00 6.134127e-01 4.742645e-01 1.789396e-01 -2.293842e+00 -2.267111e+00 -5.741372e-01 -2.506047e+00 -1.146137e+00 6.682660e-01 -8.835751e-01
-5.929669e-01 5.876793e-01 -1.959714e+00 2.235634e+00 2.224380e-01 2.658483e+00 8.683826e-01 -1.083492e+00 2.091793e+00 3.076555e+00 -2.617673e-01 -6.410598e-01
2.266117e-02 2.107740e+00 -4.748611e-01 1.191882e+00 6.890796e-01 -1.305147e+00 -1.627461e+00 -1.692086e+00 -2.743129e+00 -2.043027e+00 8.364137e-01 -4.296661e-01
1.349045e-01 2.273214e+00 -1.152585e+00 1.236868e+00 2.082144e+00 -1.799450e-01 -1.318657e+00 -1.513166e+00 -3.088940e+00 -2.308938e+00 5.813046e-01 5.647281e-01
-1.456362e-01 1.686563e+00 -1.583505e+00 3.451463e+00 9.801708e-02 2.462292e+00 -6.636792e-02 -1.892424e+00 1.688810e+00 2.325606e+00 -9.638230e-01 -7.177401e-01
-2.972172e+00 -1.134287e+00 7.291751e-01 -7.348499e-01 2.268791e+00 1.536877e+00 1.420411e+00 1.078943e-01 2.510664e+00 3.594193e+00 -2.376431e+00 1.068041e+00
-7.193178e-02 2.100150e+00 -7.501485e-01 9.048570e-01 4.475468e+00 7.927469e-01 -8.202611e-01 -8.475325e-01 -2.378767e+00 -2.171984e+00 -1.587234e+00 7.542979e-01
-7.367815e-01 2.021078e+00 3.545521e-01 6.546497e-01 6.591089e+00 2.131532e+00 1.471481e+00 -3.676130e-01 -1.716997e+00 4.953745e-01 -3.655174e+00 -2.241520e-01
-1.945547e+00 6.436876e-01 5.306271e-01 -3.801046e-01 5.660489e+00 2.144645e+00 2.078656e+00 1.487693e-01 -8.498181e-01 1.342415e+00 -5.170712e+00 -2.901448e-01
