1.342933e+01 -1.641217e+01 -9.447406e+00 -6.073598e+00 -3.359229e+00 1.157188e+01 3.799908e+00 -1.363762e+01 1.001687e+00 1.573283e+00 6.204437e-01 -4.592653e+00
1.435728e+01 -1.414251e+01 -1.122287e+01 -6.422831e+00 -4.533899e+00 8.161357e+00 8.485538e+00 -1.224013e+01 -5.776421e-01 5.410879e-01 -2.090283e+00 -3.575812e+00
1.515206e+01 -1.348454e+01 -9.502734e+00 -9.123444e+00 -7.020255e+00 9.337037e+00 9.353612e+00 -1.296368e+01 3.231937e+00 -2.854056e+00 -5.889839e+00 1.620159e+00
1.489856e+01 -8.339832e+00 -5.520678e+00 -9.556650e+00 -2.085176e+01 6.494532e+00 1.128657e+01 -5.684888e+00 7.610081e+00 -2.089430e+00 -1.219378e+01 -1.068939e+00
1.306943e+01 -1.614918e+01 -9.168730e+00 -4.656111e+00 -1.704879e-01 5.989120e+00 3.085868e+00 -1.085972e+01 -1.051505e+00 6.122553e+00 -1.495817e+00 -6.564185e+00
1.461364e+01 -1.088853e+01 -9.357870e+00 -9.510033e+00 -9.854670e+00 9.537091e+00 9.594960e+00 -1.174229e+01 3.356123e+00 -1.317114e+00 -1.050301e+01 5.271973e+00
1.344308e+01 -1.634255e+01 -8.501987e+00 -2.890107e+00 -7.148681e-01 7.491604e+00 -8.516133e-01 -8.151590e+00 1.324693e-01 6.126776e+00 -1.915523e-01 -7.445324e+00
1.481287e+01 -8.490440e+00 -7.064770e+00 -9.895508e+00 -1.661403e+01 7.625537e+00 1.081736e+01 -6.723385e+00 5.366594e+00 -1.841308e+00 -1.393490e+01 1.490703e+00
1.385188e+01 -8.138175e+00 -8.935753e+00 -9.145568e+00 -1.229190e+01 7.940151e+00 9.814618e+00 -8.788360e+00 3.470135e+00 -4.581388e-01 -1.514310e+01 5.829645e+00
1.388064e+01 -5.194326e+00 -4.512081e+00 -9.993245e+00 -1.967925e+01 -1.314428e+00 1.774890e+01 -1.060435e+01 8.396456e+00 2.194566e+00 -1.406277e+01 3.299639e+00
1.285906e+01 -1.575271e+01 -6.810664e+00 -2.014627e+00 -2.657231e+00 7.549385e+00 -7.891563e+00 -2.457973e+00 6.629229e-02 8.042044e+00 1.449314e-02 -1.252839e+01
1.281868e+01 -2.160826e+00 -7.970178e-01 -9.535231e+00 -1.946249e+01 -6.672282e+00 1.558223e+01 -1.259924e+01 1.189004e+01 3.471628e+00 -1.189617e+01 4.278648e+00
1.185900e+01 -1.526196e+01 -3.268734e+00 -1.454777e+00 -2.635897e+00 9.784901e-01 -4.914375e+00 -3.622902e+00 4.389357e+00 5.715692e+00 -8.351265e-01 -1.031198e+01
1.259891e+01 -8.048080e-01 2.327821e+00 -8.753706e+00 -1.886876e+01 -9.243653e+00 1.167000e+01 -1.356697e+01 1.279651e+01 1.716290e+00 -7.703224e+00 3.514920e+00
1.428486e+01 -1.409161e+01 9.099823e-02 -3.149939e-02 -6.150785e+00 -2.077346e+00 -5.948859e+00 -4.901299e+00 9.327195e-01 1.038439e+01 2.825403e+00 -1.164029e+01
1.286014e+01 7.207534e-01 5.556540e+00 -6.830259e+00 -1.867524e+01 -6.884782e+00 4.318084e+00 -9.962955e+00 5.987229e+00 2.188313e+00 -6.064559e+00 4.236818e+00
1.291282e+01 3.816678e+00 6.344926e+00 -5.468932e+00 -1.524975e+01 -1.018985e+01 3.433089e+00 -9.017841e+00 -2.586393e+00 3.787185e+00 -9.194353e+00 6.601909e+00
1.445749e+01 4.123695e+00 8.082690e+00 -3.407822e+00 -1.764943e+01 -7.576374e+00 3.052067e+00 -7.745361e+00 -6.915659e+00 7.283942e-01 -8.402326e+00 3.724481e+00
1.598414e+01 4.078273e+00 6.997008e+00 -1.132296e+00 -1.807493e+01 -6.511662e+00 3.286852e+00 -3.866223e+00 -6.541341e+00 -4.217716e+00 -6.504478e+00 4.156640e+00
1.338770e+01 -6.856262e+00 5.350549e+00 9.432400e+00 -2.407372e+00 -8.166483e+00 -2.738173e+00 -5.542718e+00 -3.869017e+00 6.530536e+00 -1.361777e+00 -1.125211e+01
1.535604e+01 5.678247e+00 2.484195e+00 -3.165408e+00 -1.258673e+01 -3.437470e+00 5.928644e+00 -5.073635e+00 -1.066672e+01 -2.039156e+00 -2.541256e+00 4.664856e+00
1.263308e+01 -2.384900e+00 8.429294e+00 1.606342e+01 1.188183e+00 -1.598033e+01 -6.037787e+00 6.147817e-01 -1.016151e+01 -3.778337e+00 2.696503e+00 -6.714569e+00
1.172938e+01 -3.159546e-01 7.135252e+00 1.586236e+01 4.099766e+00 -1.556945e+01 -4.471484e+00 1.893451e+00 -1.601209e+01 -5.556973e+00 3.621056e+00 -6.822793e+00
1.426604e+01 5.794627e+00 1.509639e+00 -2.809864e+00 -7.702384e+00 -4.255133e+00 4.646426e+00 4.520154e-01 -1.228682e+01 -6.249180e+00 1.620982e+00 5.000608e+00
1.162984e+01 1.101431e+00 5.625775e+00 1.631104e+01 4.755467e+00 -1.273994e+01 -4.711805e+00 2.481497e+00 -1.344414e+01 -1.088980e+01 -2.593381e+00 -6.940117e-01
1.330415e+01 8.581750e+00 1.504345e+00 -3.530734e+00 -4.127577e+00 -4.494049e+00 5.040387e+00 2.912622e+00 -1.323071e+01 -6.819192e+00 2.308936e+00 3.895249e+00
1.350585e+01 7.590173e+00 5.659093e-01 3.255136e+00 -6.155255e+00 -1.089791e+01 6.122697e+00 6.558517e+00 -1.208471e+01 -1.000327e+01 -6.270918e-01 4.598003e+00
1.037559e+01 4.232841e+00 5.098059e+00 1.218262e+01 7.483704e+00 -7.835865e+00 -7.441487e+00 5.655859e+00 -1.392349e+01 -1.492134e+01 -1.523234e+00 -2.274704e+00
-1.710958e+01 5.241404e+00 -1.294135e+00 3.301987e+00 -2.722703e+00 4.100440e+00 -1.804015e+00 3.443993e+00 6.849575e+00 4.608761e+00 5.818352e+00 1.996505e+00
1.321877e+01 6.333560e+00 -3.001387e-01 3.797200e+00 -5.357078e+00 -8.561377e+00 3.018375e-01 7.694264e+00 -6.439001e+00 -8.825912e+00 -5.941871e-01 2.901781e+00
8.445686e+00 6.673988e+00 7.732319e+00 1.225497e+01 5.628126e+00 -6.861730e+00 -5.208313e+00 4.131488e+00 -9.309506e+00 -1.428689e+01 -6.253894e+00 -5.183196e+00
-2.068110e-01 -1.150205e+01 2.000688e+00 -9.130708e+00 -9.509792e+00 -4.459850e+00 -5.055539e+00 -9.009077e-01 9.978952e-01 -5.772970e+00 -1.859084e+00 7.326894e-01
8.102415e+00 6.561184e+00 7.670056e+00 1.323145e+01 4.763257e+00 -6.965541e+00 -3.770755e+00 3.399716e+00 -8.324343e+00 -1.269506e+01 -4.899655e+00 -6.361832e+00
-1.052443e+01 -6.831855e+00 7.886230e+00 -1.551333e+00 -2.280211e+00 1.329992e+01 -6.884785e+00 -1.046977e+01 7.422300e+00 6.634862e+00 -2.007136e+00 -4.906826e+00
-1.305323e+01 6.279408e+00 -1.760327e+00 2.488367e+00 2.775888e-01 6.214735e+00 2.636252e-01 4.804591e+00 4.996033e+00 2.000616e-01 2.019785e+00 -1.651779e+00
6.811214e+00 8.813313e+00 8.102756e+00 1.141511e+01 7.511792e+00 -4.120398e+00 -5.111829e+00 1.254701e+00 -1.298109e+01 -6.656494e+00 -1.976389e+00 -4.977942e+00
-1.098560e+01 -3.801701e+00 8.342467e+00 -5.752236e+00 5.352460e+00 3.332920e+00 -5.976010e+00 6.013649e+00 9.450717e-01 -2.190192e+00 2.214848e+00 -3.799042e+00
-6.936583e+00 -1.640256e+00 3.332167e+00 -8.646964e+00 1.076966e+00 2.065077e-01 -5.176179e+00 8.564418e+00 -2.535181e-01 -7.084157e+00 -2.302506e+00 -2.623992e+00
6.009399e+00 7.237292e+00 7.787090e+00 7.442771e+00 3.350317e+00 -6.794104e+00 -5.295928e+00 1.011059e+01 -3.391769e+00 -1.343031e+01 2.985311e-01 -2.280950e+00
6.847905e+00 1.173975e+01 1.420067e+00 2.753142e+00 1.908799e+00 -5.698329e+00 1.360666e-01 4.616221e+00 -1.278322e+00 -6.548165e+00 1.131289e+00 1.299654e+00
-2.563482e+00 -4.879009e+00 -1.496118e-01 -3.576971e+00 -5.591066e+00 -3.545935e+00 -5.481859e+00 2.073490e+00 6.273780e+00 -1.197853e+00 2.388831e-01 5.794075e-01
3.040088e+00 5.834816e+00 6.784706e+00 1.196229e+01 6.062023e+00 -5.355639e+00 -2.648729e+00 3.792263e+00 -4.889018e+00 -5.375245e+00 -6.201214e-01 -4.203431e+00
-8.337709e+00 5.066887e+00 -1.440526e+00 2.988500e+00 4.535670e+00 6.757681e+00 3.798149e+00 5.384976e+00 -2.706710e-01 1.353843e+00 8.242910e-01 2.655777e+00
-7.914356e+00 -1.700057e+00 -1.614496e+00 -2.186477e+00 3.294630e+00 5.235541e+00 -8.803660e+00 -3.252180e+00 8.516550e+00 -1.331832e+00 7.279263e+00 5.477687e+00
-3.286910e+00 4.785407e+00 -2.253186e+00 3.393104e+00 3.325928e+00 1.596081e+00 9.767210e-01 4.113901e+00 -2.293847e+00 -3.214760e+00 -2.262393e+00 8.810778e-01
-9.012413e+00 5.685605e-01 5.008068e+00 3.001824e+00 3.520886e+00 1.140504e+01 -4.472663e-01 -6.388455e+00 1.810745e+00 5.468253e+00 2.036873e+00 -1.022904e-01
6.253099e-01 5.190030e+00 5.787449e+00 1.302624e+01 1.012204e+01 -5.567697e+00 -1.629687e+00 2.570295e+00 -6.207783e-01 -3.399720e+00 -1.286214e+00 -2.558499e+00
-9.838245e+00 -1.058001e+00 9.029486e-01 -2.624681e+00 3.489020e+00 1.041664e+01 2.820461e+00 5.352329e+00 8.728735e+00 -3.723096e+00 1.007977e+00 6.834411e+00
-8.409914e+00 2.165724e+00 -2.259225e+00 -3.231434e-01 6.301165e+00 5.214794e+00 -2.027008e+00 8.410057e-01 -4.338428e-01 7.948668e+00 5.593811e+00 -3.873477e-01
-8.348812e+00 4.184803e+00 -1.949013e-01 3.557728e+00 6.478556e+00 2.352093e+00 -9.495084e-01 6.442481e+00 -1.604316e+00 8.292817e+00 4.628380e+00 2.776104e+00
-6.432797e+00 2.643843e+00 -1.331547e+00 -1.008191e+00 4.293477e+00 2.450104e+00 -1.973578e+00 1.560831e+00 -8.394557e-01 1.181433e+00 -2.068858e+00 -2.926291e+00
-5.763085e+00 3.525863e+00 -1.374867e+00 -3.813900e+00 -7.003751e-01 3.950737e-01 -1.905824e+00 3.253437e+00 -7.055417e-01 -9.862471e+00 -5.737821e+00 -1.461781e-01
-5.937643e-01 2.601989e+00 5.164683e+00 4.973858e+00 5.274033e+00 -1.082704e+00 -1.721007e+00 2.573011e+00 2.454415e+00 1.010526e+00 -3.207028e+00 -4.130226e+00
-7.045648e+00 1.712922e+00 -1.819903e+00 -2.530755e+00 3.770054e+00 -9.713592e-01 -7.041099e-01 2.364322e+00 6.134268e+00 5.659403e+00 9.129857e-01 -1.144827e+00
-9.040234e+00 5.198361e-01 -3.319607e+00 7.620256e-01 2.545332e+00 -3.206089e+00 -6.330195e+00 -4.442461e+00 2.564853e+00 2.247948e+00 4.021988e-01 7.100248e-02
-8.213013e+00 2.871933e+00 -9.875199e-01 1.484469e+00 6.189342e+00 -2.168531e+00 -4.969862e+00 3.589051e-01 7.383034e-01 4.527349e+00 8.390720e+00 3.426672e+00
-9.661964e+00 -1.707810e-01 -2.830589e+00 -2.320343e-01 4.329746e+00 1.196473e+00 -1.672097e+00 2.178634e+00 1.712941e+00 2.184874e+00 5.919830e+00 2.622948e+00
-9.558430e+00 4.167037e+00 2.339767e+00 1.902133e+00 4.805886e+00 6.106738e-01 -1.035268e+00 1.002256e-01 -1.052902e+00 4.224271e+00 2.149747e+00 -4.171574e-02
-7.281820e+00 3.102868e+00 -1.134281e+00 1.687003e+00 3.470536e+00 1.367340e+00 1.729177e+00 2.042842e+00 -3.572301e-01 4.087802e+00 3.410189e+00 3.674347e+00
-7.702499e+00 2.458594e+00 -1.248547e+00 1.249680e+00 3.154510e+00 -1.480747e+00 1.609088e+00 7.056118e+00 1.639382e+00 2.390655e+00 -1.147580e+00 1.967036e+00
-7.969692e+00 2.408097e+00 1.827186e+00 3.132465e+00 4.212208e+00 -6.478497e+00 -5.763753e+00 -4.052110e-01 1.379697e+00 6.989228e+00 6.693658e+00 -2.191544e+00
-7.130078e+00 3.099624e+00 2.136811e-01 -1.173854e+00 1.382296e+00 7.553315e+00 -1.087629e+00 1.510518e+00 1.228147e+00 9.002804e-01 2.288931e+00 2.894882e+00
-8.684610e+00 1.150455e+00 -3.080489e+00 -2.699309e+00 2.600234e+00 3.012297e+00 2.369301e+00 1.049310e+01 3.840090e+00 2.954503e+00 5.761457e+00 4.201791e+00
-8.833269e+00 1.311579e+00 -1.541768e+00 1.966116e+00 7.252721e+00 3.210062e+00 -8.846205e-02 5.192719e+00 1.745372e+00 -2.102774e+00 4.788624e+00 3.635524e+00
-4.446752e+00 -2.059735e+00 -4.193231e+00 -9.059905e-01 4.299103e+00 -3.321753e+00 -2.728030e+00 7.984422e+00 1.069426e+01 -4.055739e-01 -4.451880e+00 -5.369262e+00
-6.696010e+00 2.609093e-01 -2.328383e+00 8.938072e-01 6.348662e+00 -3.286667e+00 -1.966162e+00 7.234571e+00 9.606493e+00 3.275790e+00 1.402897e-01 -2.476199e+00
-8.872887e+00 9.708772e-01 -1.698689e+00 5.372868e-01 6.582317e+00 2.320308e-01 -6.818092e+00 -5.067745e+00 -3.964777e+00 1.955993e+00 9.359926e-01 -5.906023e-01
-7.755642e+00 1.361111e+00 -5.574551e-01 -3.091431e+00 1.665482e+00 7.771134e-03 3.103912e-03 1.814069e+00 3.801004e+00 4.866031e+00 8.444320e-01 -3.698258e-01
-8.148029e+00 5.218959e-01 5.324249e-01 -1.154036e+00 4.794079e+00 6.305660e+00 2.011625e-01 -2.496306e+00 7.760303e-01 3.391392e+00 1.120429e+00 3.059978e+00
-9.368187e+00 2.044184e+00 2.338406e+00 4.120421e-02 1.029030e+00 2.740134e+00 3.837366e+00 2.356400e+00 1.859017e+00 2.170759e+00 3.682927e+00 -1.271219e+00
-8.127110e+00 3.645926e+00 8.284271e-01 2.523108e-01 3.984465e+00 -1.296335e+00 1.453615e+00 6.412089e+00 3.467058e+00 1.433487e+00 4.373407e+00 4.047410e-01
-9.370440e+00 3.918670e-01 -2.526218e+00 -3.577781e+00 2.444124e+00 1.381220e+00 1.948906e+00 6.370680e+00 4.680771e+00 7.267407e+00 8.620546e+00 6.131412e+00
-6.829854e+00 3.712460e+00 -8.745634e-01 1.205430e+00 2.031331e+00 -3.043441e+00 -2.356336e+00 1.494343e+00 2.161511e+00 3.283640e+00 1.602985e+00 2.341039e+00
-8.675596e+00 4.235326e-01 -2.642600e+00 -1.198180e+00 6.652678e+00 1.860765e+00 -3.688298e+00 9.867270e-01 7.007387e-01 -7.981700e-02 6.523913e+00 9.302304e+00
-7.535332e+00 4.857104e-01 -2.068898e+00 -1.701964e+00 4.975615e+00 -1.387069e+00 -4.538241e+00 -7.408884e-01 -1.584353e+00 3.255391e+00 4.021522e+00 -3.536443e-01
-8.394957e+00 1.437095e+00 -2.424712e+00 2.341623e-01 5.461112e+00 2.440888e+00 2.461960e+00 6.550775e+00 2.756475e+00 3.199066e+00 4.922414e+00 2.095482e+00
-8.777702e+00 1.093447e+00 -1.940660e-01 2.526849e+00 5.595233e+00 7.522562e-01 -8.754120e-01 2.025161e+00 4.053610e+00 3.573815e+00 7.792655e-01 -2.400340e+00
-8.343945e+00 8.469453e-01 -2.859849e+00 -1.182717e+00 1.353719e+00 2.240033e-01 -7.763772e-01 2.917123e+00 -1.288367e+00 2.229548e+00 4.131413e+00 2.618827e+00
-8.159170e+00 3.452685e+00 -1.423142e+00 -2.557454e+00 3.412015e+00 1.415869e+00 -1.561291e+00 7.083834e-01 -2.355858e+00 1.180357e+00 -2.797171e+00 -4.497055e+00
-7.420277e+00 3.591156e+00 1.446452e-01 -5.919893e-01 7.739367e+00 6.566590e+00 8.709447e-01 1.938744e+00 -2.992904e+00 -4.333336e+00 2.807411e+00 5.504267e+00
-7.431246e+00 2.194822e+00 -1.019308e+00 -2.585400e+00 5.672084e+00 2.099786e-01 1.558181e+00 5.019538e+00 -9.223401e-01 -6.308801e+00 2.704333e+00 1.718096e+00
-7.318171e+00 3.268252e+00 -8.118650e-01 -3.531560e-01 6.308377e+00 4.058323e+00 2.927602e-01 -1.515622e-01 1.354177e+00 3.583096e-01 1.047644e+00 9.789696e-01
-7.377121e+00 2.813955e+00 -1.166897e+00 -3.343740e+00 3.786667e+00 5.968249e+00 2.136087e+00 2.872614e+00 1.011173e+00 1.563792e+00 4.616619e+00 3.400565e+00
-7.738100e+00 1.005942e+00 -2.219386e+00 -2.491230e+00 3.270360e+00 -2.830815e+00 -4.962422e+00 2.265393e+00 -1.269106e+00 4.438705e-01 4.266850e+00 -1.297986e+00
-8.476038e+00 1.024409e+00 1.108801e+00 6.057014e-01 5.104204e+00 2.398750e+00 -1.678444e+00 2.822752e+00 -7.026830e-01 3.530492e+00 6.609740e+00 3.431981e+00
-7.879303e+00 3.711157e+00 4.486283e-01 6.090744e-01 4.412343e+00 1.959279e+00 -1.142008e+00 3.410020e+00 -1.180572e+00 -1.922719e+00 3.885571e+00 -5.222634e+00
-8.352987e+00 1.612707e+00 2.191551e+00 9.633482e-01 3.993322e+00 1.853410e+00 3.587211e+00 3.753908e+00 1.578059e+00 5.370525e+00 6.315557e+00 2.273407e+00
-7.748587e+00 3.988279e-01 -6.243667e-01 -1.460240e+00 5.458409e+00 6.447003e-01 -3.987541e+00 1.103968e+00 4.290526e-01 3.565535e+00 1.980533e+00 2.589087e-01
-7.655697e+00 2.023055e+00 -1.237135e+00 1.508992e+00 6.598704e+00 6.669476e+00 2.194719e+00 -3.561521e+00 1.860021e+00 2.293605e+00 5.584838e+00 -4.614501e-01
-7.746340e+00 4.196189e-01 -1.603027e+00 8.640721e-01 6.197255e+00 2.359156e-01 -2.228503e+00 3.037260e+00 1.722926e+00 1.555671e+00 6.223621e+00 3.111582e+00
-6.347867e+00 2.172960e+00 -4.774588e-01 1.726480e+00 6.678648e+00 1.802423e+00 -3.781090e+00 6.934195e-01 3.539699e+00 2.030406e+00 2.963245e+00 1.968775e+00
