1.210352e+01 -1.674027e+01 9.457997e+00 1.110540e+01 -6.732432e+00 -1.404550e+01 -1.225843e+01 1.500379e+00 2.900953e+00 -1.228067e+01 -3.914155e+00 -2.596402e-01
1.175602e+01 -1.699240e+01 1.176043e+01 1.384945e+01 -1.161033e+01 -1.332680e+01 -8.086205e+00 -4.858062e-01 -5.897090e-01 -1.294576e+01 -1.302612e+00 -1.312665e+00
1.361973e+01 -1.589198e+01 3.232424e+00 1.293588e+01 -4.228201e+00 -1.151063e+01 -1.786287e+01 1.981778e-01 3.884015e+00 -7.163250e+00 -8.652636e+00 2.013957e+00
1.096085e+01 -1.516709e+01 1.293980e+01 1.518673e+01 -1.319874e+01 -1.718166e+01 -1.184740e-01 -2.792506e+00 -5.067574e+00 -1.015199e+01 -1.933444e+00 -3.739088e-01
1.501469e+01 -1.426825e+01 -2.571789e+00 1.118551e+01 -3.911805e-01 -7.049981e+00 -2.177044e+01 -7.197699e+00 1.057103e+01 -2.623060e+00 -1.382362e+01 3.084272e+00
1.078721e+01 -1.366733e+01 1.526474e+01 1.413826e+01 -1.428451e+01 -1.575627e+01 1.254787e+00 -4.565502e+00 -5.330326e+00 -1.126034e+01 6.361043e-01 -1.164969e+00
1.739374e+01 -1.315100e+01 -6.656016e+00 5.767443e+00 3.312558e+00 3.401666e+00 -2.697807e+01 -1.204993e+01 9.364827e+00 5.296380e+00 -1.402743e+01 1.678800e+00
1.839377e+01 -8.190460e+00 -1.233369e+01 -1.154876e+00 9.141123e+00 9.046819e+00 -2.299201e+01 -1.955235e+01 2.213224e+00 1.203724e+01 -1.034914e+01 3.034026e+00
1.130060e+01 -1.200621e+01 1.355351e+01 1.871923e+01 -1.845593e+01 -1.420391e+01 1.776500e+00 -4.762012e+00 -8.338119e+00 -9.953703e+00 7.431021e-01 2.337444e-01
2.014560e+01 -4.840136e+00 -1.491559e+01 -5.896135e+00 8.711514e+00 1.443382e+01 -1.910597e+01 -2.111646e+01 -1.900699e+00 6.711935e+00 -1.860432e+00 8.392365e-01
1.022151e+01 -9.627016e+00 1.480870e+01 1.449470e+01 -1.374451e+01 -1.450006e+01 -2.313820e+00 -2.812386e-02 -1.103088e+01 -7.984390e+00 6.201148e-01 -1.207385e+00
9.851254e+00 -8.630852e+00 1.617099e+01 1.547847e+01 -1.626114e+01 -1.036298e+01 -2.631022e+00 -5.258319e+00 -8.191198e+00 -9.332086e+00 1.150424e+00 3.922932e-01
1.973793e+01 8.052093e-01 -1.853124e+01 -7.451068e+00 7.589805e+00 1.413081e+01 -9.407820e+00 -1.919423e+01 -5.793205e+00 -2.620388e+00 3.001705e+00 2.559527e+00
7.908249e+00 -7.895969e+00 1.922405e+01 1.243364e+01 -1.605719e+01 -5.974950e+00 1.218726e+00 -8.461297e+00 -9.228294e+00 -7.522059e+00 2.451202e+00 1.189343e+00
8.737501e+00 -8.001655e+00 1.836158e+01 1.197942e+01 -1.506492e+01 -6.242692e+00 -2.146073e+00 -8.013838e+00 -6.359622e+00 -1.072378e+01 4.472251e+00 3.078506e-01
1.798485e+01 5.462137e-01 -1.772039e+01 -4.230068e+00 5.214062e+00 1.233800e+01 -5.563623e+00 -1.596772e+01 -7.060437e+00 -4.763572e+00 1.613970e+00 -3.838680e-01
7.748952e+00 -6.187397e+00 2.022328e+01 1.325741e+01 -1.689350e+01 -3.991841e+00 7.327726e-01 -7.983501e+00 -9.381465e+00 -6.008080e+00 1.798918e+00 -9.071106e-01
1.665549e+01 1.775498e+00 -1.943623e+01 -1.332564e+00 5.534380e+00 1.208391e+01 -5.844471e+00 -1.541036e+01 -5.582463e+00 -5.705770e+00 -1.742754e-01 -1.859400e+00
1.631689e+01 6.326557e-01 -1.826102e+01 1.093283e-01 5.717432e+00 1.111136e+01 -6.330620e+00 -1.582209e+01 -6.308743e+00 -3.456938e+00 -6.846166e-02 -3.408489e+00
1.510724e+01 1.884967e+00 -1.615310e+01 -2.171079e+00 7.030228e+00 1.209796e+01 -9.139059e+00 -1.723199e+01 -4.666081e+00 -1.014176e+00 -2.114044e+00 2.186382e-01
7.193886e+00 -3.380588e+00 2.050341e+01 1.219170e+01 -1.436479e+01 -3.212206e+00 1.172963e+00 -9.163924e+00 -8.568039e+00 -7.409625e+00 4.846578e-01 -1.879892e-01
6.415519e+00 -1.116433e+00 2.089605e+01 1.111935e+01 -1.614746e+01 2.155881e+00 1.504651e+00 -1.150118e+01 -1.133385e+01 -3.857955e+00 1.997212e+00 -4.341112e+00
1.198598e+01 8.708687e-01 -1.090143e+01 5.357542e-01 5.416731e+00 8.312397e+00 -7.438557e+00 -1.589163e+01 -3.456271e+00 -4.554648e-01 1.731544e+00 -3.517408e+00
-4.294954e+00 2.479665e-01 9.904467e-01 -4.620152e+00 -1.580141e+00 -8.799427e+00 -1.884218e+00 1.416806e+01 -3.801522e+00 -9.118524e+00 5.173368e-01 4.780453e+00
5.653876e+00 1.339772e+00 2.228039e+01 1.161349e+01 -1.678123e+01 2.205369e-01 6.301231e+00 -8.943995e+00 -1.559179e+01 -1.058047e+01 3.061697e+00 -1.085786e+00
7.847877e+00 -8.962312e-01 -5.612723e+00 4.331165e+00 4.214847e+00 1.368466e+00 -7.245873e+00 -9.780792e+00 -6.324798e-01 -1.881472e+00 4.764267e+00 -2.250533e+00
-2.485685e-01 1.484280e+00 8.307153e-01 4.059672e+00 1.021193e+00 3.041698e+00 -6.702678e+00 -1.956792e+00 1.392268e+00 -3.692753e+00 1.247447e+00 1.188303e+00
4.292155e+00 1.991831e+00 2.350874e+01 6.421031e+00 -1.750617e+01 -5.118346e-02 5.411578e+00 -8.369282e+00 -7.004415e+00 -1.057066e+01 3.569058e+00 -3.262033e+00
5.433748e+00 1.985255e+00 2.293213e+01 8.157326e+00 -1.624351e+01 4.852073e+00 -6.373706e-01 -1.135846e+01 -1.335594e+01 -7.495829e+00 5.132235e+00 -5.313217e+00
-2.123654e+00 8.695749e-01 -8.386309e+00 -8.535435e+00 -3.081519e+00 -1.103691e+01 2.734663e+00 1.096815e+01 -5.239082e+00 -4.435775e+00 2.293002e+00 1.622378e+00
3.939105e+00 3.778266e+00 2.075624e+01 8.777888e+00 -1.392023e+01 -1.884844e+00 2.355299e+00 -7.488260e+00 -5.128868e+00 -8.886533e+00 7.742009e-01 5.612197e-01
1.880900e+00 6.036534e+00 1.793938e+01 5.083882e+00 -1.052629e+01 5.621845e-01 4.497828e+00 -7.091229e+00 -1.289238e+01 -8.201076e+00 1.947423e+00 -3.274601e-01
-1.982082e+00 -5.404526e+00 -6.304062e+00 -9.071375e+00 4.518213e-01 -7.464335e+00 2.714672e-01 -5.780701e+00 -5.495955e+00 -5.700298e+00 -3.585376e+00 -2.031943e+00
1.011801e-01 -4.843753e+00 2.826443e+00 -8.873320e+00 -6.153175e+00 1.325626e+00 2.328251e+00 4.546710e+00 -5.401096e+00 -3.319675e+00 -1.890824e+00 -2.365632e+00
-1.128153e+01 5.246479e+00 -8.141010e+00 -6.411386e+00 3.903538e+00 -3.229174e+00 6.729223e+00 3.214707e+00 2.602200e+00 7.418543e-02 1.421714e+00 1.161025e+00
-1.015709e+00 2.197261e+00 1.427631e+01 5.063242e+00 -3.223049e+00 4.937120e+00 5.111786e+00 -1.390227e+00 -9.129940e+00 -3.588502e+00 8.989105e-01 -2.969402e+00
-9.915090e+00 4.336479e+00 -4.880793e+00 -8.643095e-01 3.352981e+00 -7.952143e-01 6.266597e+00 4.604388e+00 4.184929e+00 5.570372e-01 6.948650e-01 -5.002747e-01
-5.050812e+00 -2.499367e+00 -5.908914e+00 -6.489204e+00 -2.168280e+00 -5.715778e+00 -1.452878e+00 -2.168795e+00 -6.140873e+00 -2.975679e+00 -1.660459e+00 2.824910e+00
-3.564043e+00 -2.198033e+00 2.917566e+00 -2.620059e+00 -8.372686e+00 -2.600523e+00 6.947305e-01 3.408896e+00 -8.906985e+00 -4.579718e+00 -1.207619e-01 -1.723259e+00
-7.285518e+00 4.749062e+00 -5.118399e+00 -4.126813e+00 2.213421e-01 -6.079958e+00 -1.975118e+00 -2.569190e+00 3.455996e+00 3.258582e+00 -1.977115e+00 -1.005568e+00
-1.146996e+00 4.411514e+00 -4.415737e+00 -6.482059e+00 -5.676513e-01 -1.000571e+01 -4.102987e+00 2.117983e+00 3.975747e+00 -3.878028e-01 -6.195115e+00 -3.152743e+00
-6.070996e+00 3.407657e+00 -1.758987e+00 -4.959545e+00 2.782100e+00 5.300381e+00 1.040488e+00 5.787081e+00 3.022781e+00 5.455202e+00 -1.291127e+00 1.457878e+00
-2.876353e+00 1.382619e+00 -1.078704e+00 -1.758506e+00 -1.768490e+00 2.770970e+00 5.341780e+00 8.407989e+00 4.551386e+00 2.022233e+00 -3.656669e+00 -3.515443e+00
-2.477540e+00 7.740283e+00 -7.075109e+00 -6.265832e+00 1.675278e+00 5.205524e+00 1.029693e+01 1.010343e+01 3.597583e+00 2.087573e+00 -2.405376e+00 4.468668e-01
-5.376618e+00 4.112081e+00 -5.659185e+00 -2.631150e+00 8.911041e+00 4.635331e+00 2.089541e+00 3.391047e+00 6.340226e+00 7.183880e+00 6.096560e+00 4.767407e+00
-2.824229e+00 6.804394e+00 -1.887922e+00 -3.288994e+00 6.988950e+00 3.931152e+00 8.496120e-01 5.620897e+00 5.078645e-01 -8.275619e-01 4.265180e-01 3.003359e+00
-7.604720e+00 4.646110e+00 -3.469086e+00 -5.532896e+00 5.047031e+00 3.661404e+00 3.867918e+00 3.171001e+00 2.555412e+00 3.079615e+00 9.611607e-03 -3.296066e+00
-7.890174e+00 3.088919e+00 -4.858141e+00 -4.163694e+00 6.436077e+00 2.561973e+00 2.989439e+00 4.187676e+00 1.749936e+00 3.904932e+00 1.135476e+00 2.508280e+00
-7.195821e+00 3.116654e+00 -1.611665e+00 -2.644302e+00 4.097229e+00 2.713617e+00 3.328679e+00 1.564042e+00 4.645054e+00 7.210487e+00 -4.953766e-02 2.298157e+00
-6.003482e+00 3.873120e+00 -3.468106e+00 -3.068402e+00 5.481007e+00 -9.437585e-02 6.530012e+00 8.561594e+00 3.499980e+00 4.359554e+00 -3.781683e+00 -6.815951e+00
-6.096263e+00 4.966444e+00 -2.843486e+00 -1.657076e+00 4.180100e+00 4.957467e+00 9.855177e+00 1.046951e+01 9.772139e+00 1.143044e+01 1.238902e+00 5.109846e+00
-7.304160e+00 3.957185e+00 -2.083835e+00 -3.081455e+00 5.165423e+00 8.366737e-01 -2.607272e+00 -5.261624e-01 1.197752e+00 4.590851e+00 -4.846473e-01 8.039768e-01
-6.345054e+00 8.742484e-01 -5.479423e+00 -3.992539e+00 4.421797e+00 -1.443512e+00 1.693325e+00 1.796710e-01 1.286211e-01 -6.580848e-01 -5.132489e-01 -2.072758e+00
-7.281199e+00 3.482199e+00 -4.347151e+00 -5.285520e+00 2.938657e+00 1.078107e+00 3.860921e+00 5.325211e+00 4.809453e-01 -3.807678e-01 -3.159117e-01 3.188283e+00
-7.365872e+00 1.595810e+00 -4.355881e+00 -3.473880e+00 3.650673e+00 5.368733e-01 2.674652e+00 3.236302e+00 -1.201318e+00 1.458514e-01 1.471986e+00 -2.576501e+00
-6.761819e+00 4.425027e+00 -3.131192e+00 -2.703801e+00 6.167137e+00 3.654940e+00 2.560676e+00 6.304983e+00 5.208218e+00 2.089577e-01 -8.128461e-01 -3.028450e-01
-6.815673e+00 4.384623e+00 -8.268764e-01 -1.284605e+00 1.174259e+01 5.130420e+00 1.504024e+00 5.140686e-02 4.205720e+00 3.492721e+00 -7.960418e-01 1.120049e+00
-5.397122e+00 5.122617e+00 -1.672868e+00 -5.060911e+00 6.304623e+00 4.194491e+00 3.864427e+00 3.430890e+00 1.729920e+00 8.172047e+00 7.495079e-01 1.310989e+00
-7.434833e+00 1.223530e+00 -2.117589e+00 -3.754960e+00 7.814309e+00 2.455946e+00 2.269210e+00 1.315197e+00 -2.830530e+00 1.491954e+00 3.767525e+00 -9.194615e-01
-6.862136e+00 3.943993e+00 -2.138767e+00 -5.336802e+00 1.467487e+00 -1.737862e+00 2.316525e+00 6.105216e+00 9.199619e+00 4.322128e+00 2.490639e+00 -4.358401e+00
-7.578351e+00 9.858902e-01 -2.728377e+00 -1.931494e+00 5.084186e+00 1.875732e+00 1.363465e+00 1.841831e+00 1.933701e-01 2.897661e+00 -2.859175e+00 -2.906251e-02
-2.872179e+00 4.795296e+00 -3.399015e+00 -5.197000e+00 -3.656416e-01 3.337211e-01 7.525148e+00 1.188134e+01 2.910467e+00 4.527525e+00 9.092722e-01 4.667375e-01
-3.809310e+00 4.833999e+00 -3.902900e+00 -7.271527e+00 9.602151e-01 -5.873439e+00 -7.177787e-01 2.786220e+00 3.356094e+00 -8.969170e-02 -3.569379e+00 3.800028e+00
-6.911590e+00 2.719840e+00 -3.204539e+00 -2.837399e+00 4.716499e+00 2.815681e+00 4.711877e+00 5.906137e+00 4.739660e+00 7.100725e+00 3.618690e+00 -2.078534e+00
-9.145312e+00 8.632798e-01 -6.483151e+00 -8.159922e+00 2.879202e+00 -3.278180e-01 4.878373e-01 6.961811e-01 1.797031e+00 1.934999e+00 -1.038808e+00 -9.302255e-01
-5.823953e+00 4.410855e+00 3.581089e-01 -2.762377e+00 6.683623e+00 2.453028e+00 3.129625e+00 5.402528e+00 3.007644e+00 5.033641e+00 9.802389e-02 9.248660e-01
-6.280654e+00 4.312574e+00 -3.808829e+00 -6.486289e+00 3.835870e+00 3.108306e+00 4.730349e+00 1.202943e+01 6.462709e+00 7.368195e+00 1.359324e+00 -2.221181e+00
-6.964986e+00 3.882982e+00 -4.396571e+00 -5.691312e+00 7.791942e+00 1.645228e+00 3.338687e+00 6.188127e+00 3.133417e+00 6.385090e+00 -3.498864e-02 3.432445e+00
-7.264289e+00 2.085748e+00 -2.843159e+00 -1.115169e+00 6.805816e+00 5.641260e-01 2.696179e+00 8.025434e+00 4.247603e+00 7.551369e+00 2.855010e+00 -2.687189e+00
-6.098460e+00 2.502943e+00 -2.141860e+00 -4.355962e+00 1.514450e+00 2.519958e+00 5.839910e+00 3.578769e+00 4.645415e+00 2.105515e+00 -9.646837e-01 -2.257346e+00
-5.688123e+00 3.914988e+00 -6.266340e-01 -4.505692e+00 4.578129e+00 9.829510e-01 3.911826e+00 7.558949e+00 2.614246e+00 -1.009700e+00 -2.958972e+00 -1.000765e+00
-6.165418e+00 2.042550e+00 -3.482831e+00 -2.751811e+00 2.514813e+00 -1.459834e+00 1.235899e+00 7.480956e+00 5.852707e+00 9.710588e-01 4.939039e-01 -2.298713e+00
-7.054114e+00 2.166340e+00 -3.418058e+00 -2.992557e+00 8.759308e+00 2.148303e+00 1.779146e+00 9.522292e+00 5.123914e-01 1.338276e+00 3.927248e+00 4.412269e+00
-7.723783e+00 2.642162e+00 -4.506096e+00 -5.049918e+00 4.475255e+00 4.492869e-01 1.262154e+00 1.779796e+00 6.009916e+00 4.281378e+00 1.987389e+00 -3.717413e-01
-6.539908e+00 1.819680e+00 -3.860953e+00 -4.460886e+00 6.542662e+00 6.068363e-01 5.283126e+00 1.320808e+01 8.004100e+00 5.470926e+00 2.145613e+00 4.718906e+00
-8.471848e+00 1.005911e+00 -5.756906e+00 -7.148076e+00 1.174068e-01 -2.983380e+00 4.965198e+00 7.715470e+00 4.584815e+00 2.314487e+00 -2.187181e+00 -8.344197e-02
-7.007390e+00 3.152719e+00 -3.115239e+00 -3.697124e+00 3.971046e+00 -4.937795e-01 3.169351e+00 3.007682e+00 5.677605e+00 1.259132e+01 5.425069e+00 2.520401e+00
-6.071742e+00 3.410543e+00 -4.407702e+00 -3.619293e+00 6.299281e+00 4.488165e+00 6.211294e+00 9.246731e+00 6.307851e+00 4.938578e+00 4.869461e-03 -1.128704e+00
-7.729470e+00 3.306422e+00 -4.414682e+00 -5.282204e+00 2.788406e+00 -2.594919e+00 4.853699e+00 4.247218e+00 1.427251e+00 3.638108e+00 -2.086497e+00 -9.385061e-02
-6.027736e+00 4.763439e+00 -1.776607e+00 -4.492432e+00 7.693134e+00 8.278995e+00 4.874677e+00 5.473795e+00 9.139065e+00 9.231609e+00 2.271934e+00 1.458459e-01
-7.234195e+00 2.944141e+00 -2.954649e+00 -2.314329e+00 4.597167e+00 -3.648416e+00 -1.040799e+00 5.398479e+00 7.184948e+00 2.218534e+00 3.597636e-01 -7.447715e-01
-6.384746e+00 2.134695e+00 -1.497915e+00 2.938981e+00 7.499990e+00 2.879045e+00 1.732255e+00 4.134203e+00 1.017371e+01 1.060680e+01 2.829383e+00 4.632960e+00
-5.760108e+00 3.588566e+00 -3.572537e+00 -3.097045e+00 2.225429e+00 2.946574e+00 6.465577e+00 6.290504e+00 6.793823e+00 9.484422e+00 6.910359e+00 1.739779e+00
-5.784976e+00 3.590358e+00 -2.861862e+00 -3.727232e+00 4.881068e+00 3.373235e+00 6.050096e+00 5.998393e+00 1.642748e+00 7.041992e+00 1.654907e+00 1.452604e+00
-6.204152e+00 2.383832e+00 -7.399330e-01 -1.712536e+00 6.372927e+00 5.165096e+00 5.440735e+00 8.535218e+00 3.583217e+00 9.487643e+00 2.195818e+00 2.742842e+00
