2.089119e+01 -5.361730e+00 -1.013007e+01 -1.318683e+01 -7.351620e+00 6.383462e+00 -2.844943e+00 -1.194860e+01 9.421320e+00 -6.295633e-01 -1.173482e+01 9.213924e-01
1.999754e+01 -3.023749e+00 -1.447026e+01 -1.254223e+01 -1.331583e+00 4.971041e+00 -1.914169e+00 -1.914708e+01 1.056210e+01 -3.478533e-01 -8.879022e+00 3.485552e+00
2.196626e+01 -5.844961e+00 -3.580176e+00 -1.087682e+01 -1.945698e+01 5.278025e-01 -2.006553e+00 3.603995e+00 6.030965e+00 -3.205264e+00 -1.194575e+01 -2.197779e+00
2.072435e+01 -3.683659e+00 -1.275292e+00 -9.607279e+00 -2.428209e+01 -4.026421e+00 6.710315e+00 2.789509e+00 4.013608e+00 -4.761080e+00 -1.376868e+01 2.591161e+00
2.212607e+01 -5.648567e+00 -5.560248e+00 -1.252217e+01 -1.210917e+01 1.152267e+00 -2.494990e+00 -2.151863e+00 8.332184e+00 -1.551047e+00 -1.344336e+01 8.769226e-02
1.958324e+01 -1.316947e+00 -1.354597e+01 -1.328608e+01 -2.444253e+00 1.082003e+01 -8.548929e+00 -1.819064e+01 7.461199e+00 -9.791035e-01 3.487486e-01 1.924200e-01
2.086348e+01 -1.478692e+00 -1.420550e+01 -1.874367e+01 4.406965e+00 1.709288e+01 -1.211324e+01 -2.286999e+01 7.393647e+00 -1.063424e+00 2.130006e+00 1.611495e+00
1.981723e+01 3.237042e-01 -1.490215e+01 -1.819600e+01 5.080033e+00 1.486994e+01 -1.472527e+01 -1.611783e+01 4.439662e+00 -3.532670e+00 5.671765e+00 2.089210e+00
1.962411e+01 -1.949460e+00 1.225909e+00 -9.190487e+00 -2.316524e+01 -5.382083e+00 5.166780e+00 4.105105e-01 -1.287000e-01 -4.894901e+00 -1.102459e+01 4.208965e+00
1.980880e+01 2.492230e-01 -1.350952e+01 -1.720330e+01 1.131341e+00 1.551777e+01 -1.456008e+01 -1.932345e+01 9.706926e+00 -4.546589e+00 4.698898e+00 1.290964e+00
1.901888e+01 -3.329764e+00 -1.152813e+01 -1.696062e+01 2.904121e+00 1.892750e+01 -1.228396e+01 -2.222807e+01 8.646923e+00 -4.183115e+00 4.372171e+00 3.255841e+00
2.013894e+01 -5.205607e-02 2.644939e+00 -6.684984e+00 -2.426498e+01 -9.099949e+00 4.827178e+00 -1.466872e-01 -3.062439e-01 -2.226960e+00 -8.802565e+00 2.173802e+00
1.980995e+01 3.483713e+00 3.568847e+00 -5.171435e+00 -2.580425e+01 -1.116565e+01 2.793009e+00 -9.836276e-01 2.760676e+00 -2.774196e+00 -7.887183e+00 -7.462354e-01
2.092381e+01 3.901492e+00 4.421127e+00 -3.570630e+00 -2.734344e+01 -1.077703e+01 2.735334e+00 -5.519750e+00 3.149589e+00 -2.228737e+00 -1.023317e+01 3.140121e+00
2.068499e+01 4.525103e+00 3.842213e+00 -1.053617e+01 -2.456618e+01 -2.395990e+00 2.669044e+00 -7.546287e+00 -1.471546e+00 -1.777315e+00 -7.576913e+00 -1.710503e+00
2.108534e+01 4.740466e+00 4.863990e+00 -2.611945e+00 -2.540829e+01 -1.331657e+01 4.098943e+00 -8.114113e+00 -1.464675e+00 -1.426312e+00 -7.361921e+00 1.196291e+00
2.086741e+01 4.705611e+00 4.024344e+00 -8.755638e+00 -2.365679e+01 -3.286644e+00 -1.352741e+00 -3.845473e+00 -1.265323e-01 -5.797690e+00 -8.710613e+00 9.739370e-01
2.120116e+01 3.691836e+00 8.116292e+00 -4.665204e+00 -2.463765e+01 -1.068836e+01 1.504027e+00 -7.437929e+00 -2.425309e+00 -2.479494e+00 -6.526302e+00 3.436105e-01
2.154980e+01 4.425487e+00 6.757290e+00 -2.932953e+00 -2.437557e+01 -1.197812e+01 5.659548e-01 -8.135516e+00 -7.214303e-01 -2.908589e+00 -5.174612e+00 1.208796e+00
2.129796e+01 2.437610e+00 8.378783e+00 -5.250561e+00 -2.644762e+01 -8.740797e+00 3.482011e+00 -6.195944e+00 -2.634624e+00 -2.399790e+00 -9.446811e+00 1.557841e+00
2.122010e+01 3.564086e+00 6.132919e+00 -8.060041e+00 -2.366703e+01 -6.836991e+00 2.087123e+00 -5.403877e+00 -6.361866e-02 -7.254948e+00 -7.557668e+00 2.615469e-01
2.121936e+01 2.981848e+00 4.647321e+00 -1.142365e+01 -2.051788e+01 -3.789843e+00 1.298970e+00 -5.506515e+00 7.484965e-01 -6.985352e+00 -6.111327e+00 1.948511e+00
1.747858e+01 -2.230142e+00 -8.626017e+00 -1.373621e+01 7.006252e+00 1.476361e+01 -1.168106e+01 -1.427465e+01 8.373465e+00 -5.909215e+00 4.952350e+00 1.142980e+00
1.635801e+01 5.602993e+00 1.509747e+00 -6.606246e+00 -1.510154e+01 -2.585019e+00 -1.494509e+00 -3.292949e+00 -2.217185e+00 -1.016471e+01 -4.992172e+00 -2.527618e+00
-1.384628e+01 -4.546309e+00 -4.463583e+00 9.338146e+00 -1.409914e+00 1.131138e+01 4.210663e+00 6.892880e+00 -5.401325e+00 9.114571e-01 5.209599e+00 6.234543e+00
-1.282828e+01 -3.464241e-01 -5.798153e+00 8.887207e+00 -3.267277e+00 8.400493e+00 2.283466e-02 5.469919e+00 -4.959189e+00 1.173545e+00 -1.831924e+00 -1.867724e+00
-1.430155e+01 -5.545868e+00 -3.303212e+00 1.192942e+01 -3.529786e+00 4.508816e+00 -1.202692e+00 5.613268e+00 -5.869064e+00 6.770040e+00 7.202428e+00 7.545512e+00
-1.238786e+01 -4.388287e+00 -2.185039e+00 6.305896e+00 -2.115664e-01 2.481698e+00 -4.802978e+00 4.967342e+00 -6.238076e+00 -2.550266e+00 -1.543375e+00 -1.188942e+00
-1.368438e+01 -2.822648e+00 -5.385495e+00 1.189035e+01 3.799629e-02 8.173817e+00 2.251459e+00 4.015811e+00 -5.674295e+00 9.846375e+00 2.087276e+00 -1.003064e+00
-1.165020e+01 -4.630804e+00 -7.905941e+00 8.623060e+00 -4.785824e+00 8.644742e+00 4.964473e+00 7.994657e+00 -5.151723e+00 1.686318e+00 3.064072e+00 5.811878e+00
-1.227648e+01 -1.777455e+00 -5.341057e+00 1.133770e+01 6.785946e-01 7.685471e+00 -1.332550e+00 3.238804e+00 -3.938999e+00 3.584463e+00 8.218920e+00 3.502111e+00
1.510159e+01 1.363903e+00 -9.906391e+00 -1.003210e+01 1.431870e+01 1.303882e+01 -1.020155e+01 -5.715289e+00 7.607893e+00 -3.475679e+00 2.362154e+00 1.686518e+00
-1.087184e+01 -7.216178e+00 -5.263351e+00 1.175885e+01 -3.211351e+00 5.332311e+00 1.561256e+00 9.313384e+00 -4.392552e+00 3.443492e+00 -1.039772e+00 -1.826725e-01
3.881231e+00 4.375227e+00 1.013756e-01 4.808236e+00 -3.354295e+00 -6.216348e+00 -7.924116e+00 3.064964e+00 -6.690750e+00 -6.338421e+00 -1.527965e+00 -4.058321e+00
-1.210824e+01 -7.902614e+00 -1.382825e+00 7.631188e+00 -5.199528e-01 3.644724e-01 -4.467125e+00 2.608646e+00 -6.315294e+00 -3.217690e+00 2.973922e+00 -4.286131e+00
-1.133873e+01 8.078249e+00 -1.833364e+00 5.220426e+00 -1.023210e+00 2.128513e+00 -3.854266e+00 3.890035e+00 -2.814052e+00 -6.571163e+00 3.739133e+00 3.536243e+00
-7.864962e+00 -9.598658e+00 -3.656361e+00 1.343250e+01 1.511788e+00 7.843070e-01 -4.300352e+00 6.626608e+00 -8.210945e-01 3.314051e+00 6.077883e+00 2.005549e+00
1.137228e+01 9.207695e-01 -8.924990e+00 -3.027567e+00 1.691921e+01 1.228900e+01 -4.714295e+00 3.238884e+00 1.190441e+01 -4.299625e+00 -5.433351e+00 -5.568939e+00
-6.894415e+00 -5.336205e+00 -1.819889e+00 1.145552e+01 3.431389e+00 -1.618283e-01 -5.678280e+00 -4.595996e-01 -1.674076e+00 6.761403e+00 4.169273e+00 3.949746e+00
-1.039703e+01 5.154759e+00 1.005404e+00 3.161782e+00 1.581276e+00 3.379304e+00 -2.387443e+00 3.765632e+00 -1.400506e+00 -2.145830e+00 4.686263e+00 3.154624e+00
3.869934e-01 -6.507472e+00 -6.443544e+00 3.680065e+00 1.602260e+01 6.364045e+00 -4.786569e+00 -1.774412e+00 2.459463e+00 3.668593e+00 -2.870694e+00 -4.747398e+00
-9.394997e+00 5.646213e+00 4.708028e+00 5.242188e+00 2.049106e+00 1.757135e-01 3.290757e+00 3.676380e+00 -2.583843e+00 1.405581e+00 3.466517e+00 3.564181e-01
4.028784e+00 -2.721307e+00 -4.691997e+00 2.839553e+00 1.780568e+01 9.571674e+00 -3.962851e-01 3.216267e+00 7.826566e+00 -5.105836e+00 -1.808859e+00 -1.979105e+00
4.072714e-01 -2.877538e+00 -4.376197e+00 9.577036e+00 1.661520e+01 3.275198e+00 -3.995564e+00 -1.862884e+00 5.637443e+00 7.300177e+00 3.999041e+00 -5.705177e+00
7.021170e-01 -3.299880e+00 -4.430848e+00 7.107882e+00 1.580373e+01 2.372535e+00 -6.010819e+00 9.199515e-02 9.726824e+00 5.579078e+00 1.093713e+00 -4.942027e+00
-5.959427e+00 -5.679749e+00 4.269639e+00 1.197410e+01 7.734851e+00 -2.580954e+00 -1.121846e-01 1.928559e+00 -1.839452e+00 8.307242e-01 3.431697e+00 3.664232e+00
-1.027881e+00 -1.909781e+00 -6.473020e+00 9.441042e+00 1.461891e+01 1.724768e+00 -8.158925e-01 4.990429e+00 7.244281e+00 8.311943e+00 -2.977266e+00 -7.450120e+00
-5.452522e+00 -3.678081e+00 2.730601e+00 2.736757e+00 6.055477e+00 -1.218133e+00 1.381932e+00 2.264565e+00 -3.284715e+00 -1.232553e+00 2.876446e+00 2.715962e+00
-7.683689e+00 3.795180e+00 2.405859e+00 1.160984e+00 3.269863e+00 -3.348891e+00 -7.768373e-01 1.296651e+00 -4.392424e-01 2.587330e+00 3.818997e+00 6.038919e+00
-6.794817e+00 -2.216591e+00 5.429862e+00 1.138946e+00 2.842742e+00 3.223847e+00 1.018746e+00 3.256302e+00 3.253694e-01 1.248126e+00 -1.466402e+00 -4.838139e+00
-5.640852e+00 -5.892179e+00 2.973813e+00 1.520790e+01 5.648925e+00 -1.152303e+01 2.605205e+00 7.946858e+00 5.558825e-02 1.608481e+00 9.984058e-02 1.788007e+00
-5.119353e+00 -5.920671e+00 -7.428932e-02 2.707551e-01 8.837851e+00 9.053698e-01 7.650586e-01 7.211637e+00 1.253433e+00 1.641415e+00 2.495531e-01 -8.909370e+00
-6.846437e+00 2.367599e+00 1.547217e+00 -2.924248e-01 5.329676e+00 -1.972544e-01 6.360097e-01 2.179711e+00 -2.104219e+00 1.286207e+00 2.759486e+00 2.285758e+00
-6.474257e+00 -2.520224e+00 5.222222e+00 4.755744e+00 3.762563e+00 -3.815911e+00 2.384079e+00 4.513976e+00 -1.249499e+00 -3.390885e+00 4.667513e+00 4.914021e+00
-1.288671e+00 1.954206e+00 7.818217e-01 4.803624e+00 9.993031e+00 -4.563293e+00 -4.861648e+00 -3.856555e-02 1.467444e+00 5.850701e+00 3.546991e+00 -1.272156e+00
-5.789143e+00 2.474957e+00 4.283585e+00 4.625434e+00 9.125469e+00 4.591606e+00 4.336420e+00 6.555028e+00 3.854271e+00 3.513951e+00 2.940038e+00 -5.638125e-01
-7.117079e+00 -3.687119e-02 2.252594e+00 3.658400e+00 2.851452e+00 -1.590621e+00 9.696454e-01 3.986824e+00 -6.566687e-01 -1.562686e+00 2.665706e-01 -6.292109e-01
-7.785362e+00 1.320635e+00 1.172899e+00 -1.060997e+00 1.821265e+00 -4.606895e+00 1.496235e+00 3.272594e+00 -4.668630e+00 -8.375334e-01 -1.529277e+00 -2.226947e+00
-2.018127e+00 2.553591e+00 -1.685285e+00 1.257352e+00 5.855797e+00 4.979427e+00 5.232595e+00 4.558043e+00 2.271730e+00 7.948518e-02 -4.280770e-02 -5.821200e+00
-7.953249e+00 -3.947076e-01 2.816360e+00 4.849255e-01 -1.177207e+00 -5.904677e+00 -6.662998e-01 8.935014e-01 -6.234440e+00 2.142096e-02 2.263048e+00 -1.190536e+00
-6.724764e+00 6.588888e-02 1.038038e+00 2.540460e-01 4.891521e+00 -1.737850e+00 2.966678e+00 1.871100e+00 -2.603152e-01 -5.372715e-02 -1.509582e+00 -5.517733e-01
-6.647388e+00 9.107746e-01 2.252937e+00 2.332690e+00 1.287565e+00 -6.424442e+00 2.880466e+00 8.933747e-01 -4.223324e+00 -2.210534e+00 -4.663568e+00 1.024681e+00
-8.166985e+00 9.437895e-01 2.668888e+00 1.422563e+00 3.818754e+00 -6.385360e+00 2.559830e-01 -1.311624e+00 -2.142651e-01 5.565407e+00 -4.236794e-02 2.989109e+00
-6.203867e+00 1.846061e+00 3.827874e+00 -2.610032e+00 2.953056e+00 -1.676254e+00 -8.641295e-01 -6.920003e-01 -8.085201e-01 6.845400e-01 -1.941584e+00 -2.993739e+00
-7.671524e+00 -1.708270e+00 -2.289393e+00 -3.903862e+00 -1.315806e+00 -4.388682e+00 4.272250e+00 7.390509e+00 2.778945e+00 -3.303785e+00 -3.451228e+00 -3.110353e+00
-6.710768e+00 2.799880e+00 3.524808e+00 1.598498e+00 2.382790e+00 -2.574788e+00 8.657832e-01 2.167903e+00 -3.546815e+00 -1.459843e-01 -1.144007e+00 -2.703070e+00
-9.657782e+00 -2.300069e+00 -6.188536e-01 -3.703614e+00 -2.398301e+00 -8.235966e+00 -2.390062e+00 -2.974080e+00 -5.159205e+00 -6.558213e+00 -4.836929e+00 -2.936439e+00
-8.119423e+00 -1.017889e+00 3.504801e-02 4.159802e+00 4.686084e+00 -3.013824e+00 1.416418e+00 2.194084e-01 -2.267190e+00 -3.048592e+00 -3.664685e-01 -2.746467e+00
-6.010773e+00 2.882825e-01 -6.257296e-01 1.729460e+00 4.855453e+00 1.667924e+00 2.043678e+00 -7.209085e-01 -1.652274e-01 1.137856e+00 4.923990e+00 -1.128654e+00
-6.642033e+00 3.319733e-01 1.568434e+00 4.274334e-02 2.617791e+00 -2.444355e+00 2.101640e+00 9.182875e-01 -3.492074e+00 -1.144083e+00 1.690988e+00 -2.554767e+00
-6.087656e+00 3.404099e+00 1.806155e+00 -4.811805e-02 1.098041e+00 -2.588487e-01 6.155984e+00 -1.053787e+00 -3.359800e+00 3.966165e+00 9.540648e+00 3.480343e+00
-6.500614e+00 3.421369e-01 3.381686e+00 1.700366e-01 7.957530e+00 3.802049e+00 7.812511e+00 4.913605e+00 -3.598157e+00 2.620864e+00 5.422440e+00 -1.756401e+00
-8.492447e+00 -7.372699e-01 2.137641e+00 2.445034e+00 3.965424e+00 -8.441173e+00 -4.516061e+00 1.181219e+00 -5.310017e+00 -3.665385e+00 2.943902e+00 3.061864e+00
-7.890509e+00 2.338424e-01 2.061631e+00 3.626587e-01 1.038157e+00 -5.344575e+00 -5.341590e+00 2.097668e+00 -9.665422e-01 7.656779e-01 1.778800e+00 -2.239781e+00
-6.027718e+00 1.759785e+00 2.915332e+00 1.279882e+00 4.120600e+00 -1.286808e+00 3.433689e+00 2.090695e+00 -5.332514e+00 -2.190176e+00 -1.619043e+00 -2.484471e+00
-5.986673e+00 4.403605e+00 5.700085e+00 1.711597e+00 3.908908e+00 2.310080e+00 7.614264e+00 6.604865e+00 1.990947e+00 5.567650e+00 7.021089e+00 -6.446419e-01
-5.654060e+00 2.418428e+00 2.163691e+00 1.270572e+00 4.817436e+00 5.269589e-01 3.490010e-01 1.106058e+00 -1.371308e+00 -2.397153e+00 -6.016604e-01 -6.366083e+00
-6.948761e+00 3.234976e+00 4.445884e+00 1.242749e+00 4.187721e+00 -3.961998e+00 -1.041379e+00 5.314329e+00 7.029694e+00 4.936825e+00 5.124694e+00 -1.893095e+00
-5.620190e+00 -1.825935e-01 2.879542e+00 2.805322e+00 4.352900e+00 2.056382e+00 7.697322e+00 1.939056e+00 -1.404089e+00 2.331773e+00 2.598221e+00 -7.073207e-01
-6.133301e+00 2.601403e+00 6.376443e-01 3.068052e-01 6.338697e+00 1.619586e+00 9.558138e-01 1.674740e+00 -1.923381e+00 6.809776e-01 5.833269e+00 3.278396e+00
-6.736225e+00 1.009144e+00 3.725394e+00 2.092192e+00 8.874672e+00 -1.199662e+00 -2.614660e+00 -2.141922e+00 -9.191449e-01 1.400843e-01 -5.255927e-01 -1.159360e+00
-8.287191e+00 -1.831316e-01 3.933682e+00 1.125834e+00 3.848015e+00 -1.272376e+00 -1.469703e+00 2.318962e+00 -3.504115e+00 -8.888039e-01 2.328017e+00 -1.651090e+00
-7.428860e+00 1.581683e+00 4.611534e+00 1.141511e+00 3.627826e+00 -3.864916e+00 -2.952640e+00 -2.070138e+00 -3.648567e+00 2.165600e+00 3.653723e+00 1.650626e+00
-6.701483e+00 7.477115e-01 4.167765e+00 3.617462e+00 3.411631e+00 -3.638861e+00 3.664192e-01 5.408230e-01 2.171407e+00 3.209073e+00 9.239401e-01 -3.393033e-01
-5.320281e+00 1.694995e+00 2.035975e-01 -2.104772e+00 3.243866e+00 1.320673e+00 7.310167e+00 1.031197e+00 -4.057385e+00 -1.160792e+00 -1.051742e+00 1.097355e-01
-5.643446e+00 3.149952e+00 4.279655e+00 1.727098e+00 8.172645e+00 -1.589994e+00 -1.458168e+00 3.572308e+00 2.315518e+00 3.647363e+00 5.020528e+00 -2.110277e+00
-7.297316e+00 -2.550821e-01 3.251537e+00 2.072526e+00 5.709492e+00 -7.551405e-01 6.630345e+00 3.634874e+00 -5.238439e+00 4.910010e+00 3.186659e+00 -4.301910e+00
-6.435076e+00 1.529908e+00 3.341032e+00 1.237894e+00 5.132249e+00 -1.368550e+00 -1.293783e-01 1.881873e+00 -2.065480e+00 8.536010e-01 -2.038578e-01 -6.277087e-01
-6.326649e+00 6.501940e-01 1.643533e+00 -2.883716e+00 1.921267e+00 -4.500809e+00 2.564390e+00 -7.984282e-01 -2.954566e+00 4.433331e+00 3.298875e+00 2.236102e+00
-6.080551e+00 2.041087e+00 9.783742e-01 -1.596805e+00 5.293748e+00 5.705333e-01 5.711440e+00 4.349187e+00 -1.693126e+00 1.899156e+00 5.744935e+00 6.972715e+00
-5.744072e+00 9.147058e-01 2.556844e+00 1.048989e+00 3.674017e+00 4.516025e-01 3.684476e+00 4.814665e+00 1.861100e+00 2.660163e+00 2.469636e+00 1.901626e+00
-7.232374e+00 6.538624e-01 4.707053e+00 -9.057111e-01 3.722886e+00 -2.116646e+00 3.038122e+00 3.465549e+00 2.165872e+00 3.173715e+00 6.325665e+00 6.482310e-01
-6.245794e+00 -4.196715e-01 2.820379e+00 4.549863e+00 5.124246e+00 -5.303182e+00 -4.187551e-01 2.075952e+00 2.398062e+00 2.589948e+00 1.899365e+00 -5.268667e+00
-3.807916e+00 4.810595e+00 2.890577e+00 2.953661e+00 4.106362e+00 -1.835130e+00 3.737628e+00 4.169636e+00 -7.237942e-01 2.558310e+00 3.742591e-01 -3.851912e+00
-6.368149e+00 7.255773e-01 2.318331e+00 3.535022e+00 2.879154e+00 -8.101934e+00 -4.305351e+00 3.255371e+00 2.127832e+00 1.294360e+00 2.926441e-01 -3.270938e+00
-5.306848e+00 1.974942e+00 3.468931e+00 1.141296e+00 5.215062e+00 1.086404e-01 7.285754e+00 3.192773e+00 -1.196475e+00 1.138438e+00 -6.461518e-01 -3.879790e-01
-5.715685e+00 3.663234e-01 1.837303e+00 1.536016e+00 4.741446e+00 -6.808717e-01 -2.487705e-01 -7.217859e-01 -6.070848e+00 -1.687337e+00 2.284395e+00 3.963688e+00
-6.242966e+00 -2.660555e-01 -1.898909e-01 -1.278061e+00 5.103088e+00 -1.597501e+00 5.246437e+00 5.345955e+00 -2.897888e+00 7.957113e-01 7.059386e+00 5.551930e+00
-6.997368e+00 4.115737e+00 4.859196e+00 1.709239e+00 8.561853e+00 -1.479445e+00 1.297390e-02 -1.353922e+00 2.994702e+00 4.017609e+00 3.732451e-01 1.526962e+00
-6.413464e+00 5.945966e-01 3.843900e+00 1.839763e+00 4.466602e+00 -1.319993e+00 1.430756e+00 1.827569e+00 -3.228499e+00 3.700769e-02 4.526267e-01 -5.318086e-01
-5.702223e+00 1.669187e+00 4.020202e+00 3.269709e+00 7.523183e+00 -2.040682e+00 9.795312e-01 -3.462317e+00 -1.759018e+00 1.508711e+00 4.126793e-02 -3.669856e+00
-5.633486e+00 -1.566603e+00 -1.728793e+00 1.913976e+00 5.925599e+00 2.396662e+00 6.830890e+00 7.243942e+00 1.780178e+00 1.461323e+00 5.940536e+00 2.291852e+00
-5.776020e+00 1.869274e+00 3.791677e+00 3.794619e-01 7.527444e+00 1.073198e+00 6.341968e+00 3.084880e+00 -2.968081e+00 3.504097e-02 -1.390835e-01 4.040974e+00
