5.254379e+00 -1.110862e+01 -4.262535e+00 -1.551733e+01 -3.899051e+00 1.163615e+01 4.098832e+00 -1.346325e+01 -6.373057e+00 -1.487434e+00 -5.961533e+00 2.539553e+00
6.092680e+00 -8.065899e+00 -4.009458e+00 -1.981087e+01 -1.532845e+01 1.223205e+01 5.408311e+00 -1.018709e+01 -5.530432e+00 -1.005488e+01 -5.774547e+00 1.006770e+00
5.776193e+00 -1.230720e+01 -4.868624e+00 -1.405090e+01 -1.362719e+00 1.199157e+01 3.254266e+00 -1.373840e+01 -4.778681e+00 6.170002e-01 -7.064157e+00 2.893383e+00
7.144154e+00 -6.652999e+00 1.168642e+00 -2.125264e+01 -1.917749e+01 1.095147e+01 8.458545e+00 -6.978656e+00 3.525804e-01 -9.971987e+00 -7.087398e+00 3.205315e+00
5.863208e+00 -1.144340e+01 -5.602944e+00 -1.317119e+01 3.504984e+00 8.481664e+00 1.682258e+00 -1.429625e+01 -1.057860e+00 2.471977e+00 -7.358510e+00 2.506835e+00
5.127302e+00 -7.471760e+00 -4.496306e+00 -1.724083e+01 -9.639414e+00 1.146543e+01 4.100052e+00 -1.060348e+01 -5.515588e+00 -6.100385e+00 -6.351853e+00 2.097472e+00
8.513653e+00 -5.763993e+00 5.469591e+00 -2.354412e+01 -2.035972e+01 3.094837e+00 1.195321e+01 -9.637055e+00 6.418165e+00 -1.280050e+01 -9.370450e+00 2.815317e+00
6.763294e+00 -1.171253e+01 -4.311619e+00 -1.201561e+01 5.002302e+00 8.210631e+00 -3.171601e+00 -1.350523e+01 4.522416e+00 1.400501e-02 -5.931689e+00 1.515890e+00
5.955063e+00 -8.925634e+00 -8.919621e+00 -6.679413e+00 5.155764e+00 5.465739e+00 -3.462710e+00 -1.405751e+01 6.982201e+00 3.200681e+00 -8.851663e+00 1.451293e+00
1.026688e+01 -3.375881e+00 5.655122e+00 -2.060003e+01 -2.216784e+01 3.333131e-01 1.192066e+01 -1.489882e+01 1.138212e+01 -1.266084e+01 -1.092249e+01 4.476429e+00
4.678636e+00 -8.442724e+00 -7.699378e+00 -4.593759e+00 5.632519e+00 2.646424e+00 -6.422746e+00 -8.285851e+00 6.058599e+00 4.764916e+00 -7.599854e+00 -6.873262e+00
4.764154e+00 -8.076357e+00 -6.567574e+00 -2.750819e+00 3.821389e+00 -7.776564e-02 -8.418977e+00 -3.839402e+00 3.572556e+00 5.330065e+00 -5.515035e+00 -9.045584e+00
1.148106e+01 -1.205286e-01 8.925416e+00 -1.541233e+01 -2.012959e+01 -3.428277e+00 4.414515e+00 -1.418617e+01 1.168213e+01 -5.950387e+00 -1.124044e+01 6.672759e+00
5.976821e+00 -7.385972e+00 -5.805565e+00 4.995064e-01 1.323301e+00 -2.458523e+00 -8.208523e+00 -3.367589e+00 2.202980e+00 5.580416e+00 -5.373594e+00 -8.363623e+00
1.135375e+01 3.306276e+00 1.255743e+01 -1.019036e+01 -1.901407e+01 -5.413664e+00 -1.330618e+00 -1.345554e+01 5.888731e+00 -5.347488e+00 -8.128252e+00 7.750284e+00
1.106685e+01 5.143324e+00 1.224664e+01 -8.104362e+00 -1.427495e+01 -5.873931e+00 1.145489e+00 -1.081956e+01 -1.006883e+00 -4.717963e+00 -6.489053e+00 7.574156e+00
7.342509e+00 -5.991952e+00 -5.757903e-01 2.900494e+00 2.066227e+00 -3.653613e+00 -5.354623e+00 -5.056218e+00 -5.074457e+00 2.302672e+00 1.395862e+00 -9.925630e+00
1.040187e+01 7.346561e+00 1.264511e+01 -5.263828e+00 -1.714615e+01 -5.562317e+00 3.177987e+00 -4.777745e+00 3.155035e-02 -7.883250e+00 -3.584935e+00 3.666785e+00
9.491320e+00 8.437579e+00 1.376344e+01 -3.739301e+00 -1.538875e+01 -9.772816e+00 3.717279e-02 -4.140494e+00 1.658918e+00 -2.373336e+00 -2.361280e+00 2.723106e-01
4.994340e+00 -2.071652e+00 9.551544e+00 7.666564e+00 4.481586e+00 -6.395462e+00 -4.169299e+00 -7.724075e+00 -6.983039e+00 -3.426750e+00 4.114847e+00 -9.170685e+00
1.166523e+01 8.428115e+00 1.185065e+01 -3.149600e-01 -1.696796e+01 -7.814065e+00 -2.065453e+00 -5.708764e+00 -2.190778e+00 -3.403020e-01 -2.218917e+00 3.278984e+00
5.467554e+00 -1.675457e+00 9.893579e+00 7.895658e+00 3.732624e+00 -7.109120e+00 -5.758933e+00 -6.965255e+00 -7.027767e+00 -4.782880e+00 6.021517e+00 -9.719193e+00
4.995395e+00 -1.245484e+00 9.950076e+00 7.715921e+00 5.370723e+00 -8.692683e+00 -6.428835e+00 -2.508953e+00 -1.005117e+01 -4.370115e+00 5.114269e+00 -9.116222e+00
4.900484e+00 -9.731603e-01 1.037656e+01 6.661221e+00 6.374193e+00 -9.320325e+00 -6.288509e+00 2.504063e-01 -1.203858e+01 -4.472099e+00 3.703154e+00 -8.945297e+00
5.231486e+00 -1.368445e+00 1.018796e+01 7.861422e+00 5.305539e+00 -7.627262e+00 -7.904242e+00 1.743877e+00 -1.149642e+01 -5.744349e+00 3.770616e+00 -8.740734e+00
6.405727e+00 -1.711553e+00 1.044578e+01 8.306020e+00 4.035992e+00 -6.964936e+00 -8.689550e+00 3.448146e+00 -1.172235e+01 -6.504305e+00 5.574687e+00 -9.514102e+00
8.246867e+00 -1.062662e+00 2.048433e+00 8.173022e+00 3.842488e+00 -5.462137e+00 -1.188796e+01 9.520569e+00 -6.581699e+00 2.553789e-01 -6.787267e+00 -5.624897e+00
7.926171e+00 -3.492631e+00 1.187424e+01 8.418311e+00 3.667440e+00 -6.168629e+00 -7.498887e+00 3.493137e+00 -1.375261e+01 -5.518073e+00 5.394062e+00 -1.092896e+01
8.189359e+00 -3.344897e+00 1.226748e+01 7.849472e+00 6.289654e+00 -6.179139e+00 -7.518616e+00 5.067697e+00 -1.781200e+01 -2.317779e+00 3.397941e+00 -1.029656e+01
7.293559e+00 -2.506368e-01 5.414204e+00 6.071743e+00 4.018033e+00 -1.200751e+00 -8.638627e+00 3.450632e+00 -1.425820e+01 -2.154672e+00 -2.004337e-02 -7.791310e+00
7.354525e+00 1.394660e+00 3.740707e+00 7.727503e+00 -2.626786e-01 -4.613061e+00 -1.222108e+01 1.005264e+01 3.485600e+00 1.488121e+00 -1.066945e+01 -1.040565e+00
1.140574e+01 1.064203e+01 1.252061e+01 -1.279711e-01 -1.555686e+01 -6.769129e+00 -1.317534e+00 -5.374646e+00 -5.826614e+00 -2.958030e+00 5.162261e+00 2.295413e+00
1.127947e+01 8.753180e+00 9.892005e+00 -4.066004e-01 -1.265872e+01 -7.286744e+00 1.606084e+00 -5.465633e+00 -5.774041e+00 -5.391590e+00 2.379790e+00 4.524319e+00
4.946654e+00 1.667195e+00 4.830449e+00 6.742760e+00 -1.319648e+00 -1.397830e+00 -2.636883e+00 8.473600e+00 -1.897145e+00 6.279412e+00 -6.780470e+00 1.237782e+00
4.252642e+00 -2.184417e-01 2.606993e+00 9.804561e+00 1.889441e+00 -1.399713e+00 1.836452e+00 1.097849e+01 -1.774894e+00 6.383595e-01 -4.291096e+00 -3.196021e+00
2.423226e+00 -4.896640e+00 1.692007e+00 7.292281e+00 6.133264e+00 1.538352e+00 1.636629e+00 1.373791e+01 1.584304e+00 1.236876e+00 -9.178539e+00 -4.370780e+00
9.268091e+00 1.315884e+01 4.040823e+00 -8.146015e-01 -6.925632e+00 -7.711106e+00 2.070724e+00 -1.696602e+00 -7.139266e+00 -5.903966e+00 2.009916e+00 2.219127e+00
-5.735807e-01 -9.035611e+00 -9.706521e-01 -2.130616e+00 2.183654e+00 7.133347e-01 -3.195072e+00 8.571305e+00 3.857996e-01 -3.095045e+00 -8.911199e+00 -3.552393e+00
-1.338303e+00 -9.366326e+00 -3.896137e+00 2.258484e+00 -1.097499e+00 -8.923705e+00 -5.858965e+00 5.360440e+00 6.088622e+00 -1.720841e+00 -3.943724e+00 -1.315628e+00
-7.510381e-01 -5.781962e+00 -3.694608e+00 4.871084e+00 -8.709044e-01 7.246197e-01 3.433137e+00 1.028357e+01 6.710113e+00 -2.340429e+00 -7.664159e+00 1.662032e+00
-3.377883e+00 -1.076103e+01 -9.339192e+00 1.788652e+00 -7.589388e-01 -3.646690e+00 -4.169129e+00 -1.619254e+00 2.840751e+00 4.377742e-01 -3.678946e-01 -3.695971e+00
-1.465685e+00 -5.398514e+00 -7.950112e+00 1.712461e+00 4.161815e+00 4.920137e+00 -6.582579e+00 -5.020665e+00 5.703352e+00 4.250336e+00 2.198687e-01 -3.955226e+00
-3.378208e+00 -9.974806e+00 -8.941775e+00 -6.603931e-01 -1.297020e+00 -4.044818e+00 -5.370792e+00 6.088389e-01 4.286549e+00 4.638257e+00 5.106239e+00 1.233662e+00
-1.457327e+00 -4.546096e+00 -4.214080e+00 5.837705e+00 4.286351e-01 -2.679036e+00 -4.420735e+00 5.020190e+00 1.272040e+00 -3.200841e-01 -4.576034e+00 -2.614843e+00
-3.368496e+00 -6.685255e+00 -1.060952e+01 -2.721298e+00 -3.310694e+00 -2.078741e+00 -7.442962e+00 -2.524916e+00 6.260395e+00 3.536079e+00 2.551953e+00 3.375957e+00
-2.337007e+00 -4.725498e+00 -9.276830e+00 1.650802e+00 8.806429e-01 -1.714712e+00 -5.859227e+00 -4.065345e+00 5.900297e+00 4.388015e+00 4.010268e+00 -2.284708e-01
-2.347834e+00 -4.835512e+00 -1.106144e+01 7.842683e-01 5.189328e+00 4.613137e+00 1.447771e-01 -5.580872e+00 1.834865e+00 8.119246e+00 2.913749e+00 1.132690e+00
-1.359773e+00 -2.503356e+00 -5.187321e+00 5.534114e+00 3.982113e+00 2.875111e-01 -5.707002e-02 7.876404e+00 1.108779e+01 1.628435e+00 1.630192e+00 7.025487e+00
-2.784964e+00 -1.191894e-01 -1.006946e+01 3.704509e-01 7.934856e+00 2.337682e-01 1.905825e+00 4.758917e-01 -2.379170e+00 2.266723e+00 5.306234e+00 -6.410552e-01
-2.731200e+00 -6.383583e-03 -1.089162e+01 -3.255495e+00 8.079048e+00 4.548708e+00 5.376009e+00 3.007451e+00 -2.083208e+00 -1.017593e-01 5.992667e+00 -3.645253e-01
-3.644412e+00 4.263625e-01 -1.086566e+01 -1.306678e+00 9.000362e+00 9.136507e+00 3.773882e+00 -4.855588e+00 -4.805848e+00 2.052036e+00 2.120853e+00 -2.000990e+00
-5.456424e+00 9.388956e-01 -1.045212e+01 -4.933489e+00 1.220819e+00 6.450694e+00 2.593290e+00 -5.894457e+00 -1.011211e+01 2.500990e+00 3.126263e+00 -7.663834e-02
-5.195911e+00 1.604438e+00 -1.088890e+01 -2.214334e+00 -1.676788e-01 1.003677e+00 -2.307659e+00 -5.579060e+00 -8.363611e+00 1.322488e+00 4.404794e+00 3.046891e+00
-7.364186e+00 1.277762e+00 -7.484065e+00 -3.280546e+00 3.342981e+00 6.205287e+00 4.608793e+00 -1.806723e+00 -6.930442e+00 5.943507e-01 5.498622e+00 5.630774e+00
-9.755054e+00 3.844017e+00 -1.824554e-01 7.923827e-02 3.726854e+00 1.575935e+00 3.188427e+00 -5.892467e-02 -6.444743e+00 -8.237520e-01 5.082468e+00 2.319300e+00
-1.048284e+01 3.671664e+00 -3.774763e+00 3.397229e-01 2.234377e+00 -2.390421e+00 -2.345856e+00 2.153926e+00 -4.226830e+00 1.497359e-01 1.752001e+00 1.817533e+00
-1.088248e+01 1.959081e+00 -1.180525e+00 1.183457e+00 -9.668875e-02 -2.038558e+00 2.501970e+00 6.284554e+00 1.110478e+00 1.315509e+00 5.311680e+00 -5.533630e-01
-8.178177e+00 4.342537e+00 -1.946372e+00 3.383796e+00 1.868330e+00 4.294465e+00 1.089880e+00 3.682146e+00 -1.226599e+00 1.228392e+00 5.138706e+00 6.323683e+00
-8.370655e+00 3.464760e+00 -8.892590e-01 -1.931308e+00 -1.376890e+00 2.782651e+00 1.118564e+01 1.263293e+01 2.921623e+00 1.235409e+00 2.905257e+00 3.575421e+00
-5.199116e+00 6.445810e+00 -1.621432e+00 -4.143188e+00 -6.282763e-01 3.122451e+00 7.382188e+00 7.676151e+00 2.286435e+00 8.895564e-01 4.233280e-01 -1.903080e+00
-2.108057e+00 9.331454e+00 -7.954069e-01 -1.350010e+00 -9.965186e-01 9.226172e-01 7.002225e+00 4.872183e+00 8.934747e-01 1.287834e+00 1.145227e+00 -2.132595e+00
-2.740469e+00 8.632545e+00 2.273459e+00 -1.897180e+00 -1.436220e+00 -5.151331e-01 7.798401e+00 4.701487e+00 -2.179123e-01 -3.854404e-01 -1.420395e+00 -2.932247e+00
-1.696243e+00 -8.500599e-01 -4.651700e+00 3.417536e+00 5.306201e+00 1.751150e+00 -2.344561e+00 7.639334e+00 1.063830e+01 1.396204e+00 5.800412e+00 1.129720e+01
-4.688763e+00 1.935576e+00 -5.621905e+00 6.959560e+00 4.461998e+00 -1.178834e+00 -6.260748e-01 5.276395e+00 8.751602e+00 -3.727533e+00 -4.352137e+00 3.674970e+00
-3.783415e+00 4.553023e+00 -6.644110e-01 8.391369e+00 6.966841e+00 -4.771172e-01 3.644599e+00 5.647351e+00 4.954220e+00 -9.189830e-01 -1.785188e+00 5.257150e+00
-3.799327e+00 6.399121e+00 7.058729e-01 7.706588e+00 6.098997e+00 5.880949e+00 8.252336e+00 1.137235e+01 7.616402e+00 -7.599544e-01 -1.726339e+00 2.070208e+00
-4.708655e+00 5.317765e+00 -1.368335e+00 5.528401e+00 7.275592e+00 9.385877e-01 2.677099e+00 9.566254e+00 8.819607e+00 1.786551e+00 1.471075e+00 1.546819e-01
-4.580775e+00 6.053727e+00 -2.471796e+00 3.233387e+00 4.471915e+00 -3.567954e-01 3.909895e-01 6.697535e+00 3.416364e+00 3.524245e+00 1.831379e-01 2.057015e-01
-7.195646e+00 4.950015e+00 5.107977e-01 5.825094e+00 7.637696e+00 1.302662e+00 3.775211e+00 8.337814e+00 6.282900e+00 5.117750e+00 3.893923e+00 1.571634e+00
-6.345775e+00 7.051139e+00 1.829831e+00 4.483203e+00 2.421479e+00 1.978589e-01 1.739311e+00 7.732946e+00 5.326871e+00 4.468801e+00 5.237825e+00 6.011493e+00
-6.567169e+00 7.358621e+00 -4.457707e-01 5.698105e-01 4.978123e+00 5.446696e+00 1.973374e+00 4.060791e+00 3.472594e+00 4.241281e+00 3.339379e+00 3.142061e+00
-7.469820e+00 4.814343e+00 2.591844e+00 2.597497e+00 3.720677e+00 3.249772e+00 1.463290e+00 -2.127192e+00 1.053915e+00 1.639326e+00 -5.219827e-01 -3.769055e+00
-7.614069e+00 5.842710e+00 2.204344e-01 5.022922e+00 4.419452e+00 5.272429e+00 4.374596e+00 4.290298e+00 1.875583e+00 -1.591928e+00 2.394642e+00 3.919757e+00
-7.720978e+00 7.090125e+00 2.841125e+00 7.376125e+00 6.278811e+00 3.752114e+00 2.948603e+00 4.953365e+00 2.892830e+00 2.654130e+00 6.726612e+00 2.541035e+00
-8.986090e+00 5.312354e+00 -1.961434e+00 4.107603e+00 8.701071e+00 6.008473e+00 3.926400e+00 4.084104e+00 1.390290e+00 3.889200e+00 6.993120e+00 2.508123e+00
-8.586969e+00 5.543200e+00 -1.339298e+00 3.540481e+00 7.328467e+00 3.996823e+00 5.668342e+00 3.357985e+00 2.751904e-01 2.863102e+00 6.126347e+00 4.376272e+00
-8.827341e+00 5.594861e+00 7.097661e-03 6.398896e+00 6.104578e+00 3.928368e+00 4.218783e-01 2.121788e+00 2.868386e+00 8.320074e+00 5.908116e+00 -2.096601e+00
-1.074567e+01 2.427760e+00 6.402639e-01 1.986503e+00 9.107323e-01 -1.717132e+00 -1.037702e+00 2.856217e+00 -4.882757e-01 8.760784e-01 1.087800e+00 -2.800245e+00
-1.007956e+01 1.775950e+00 -5.495363e-01 3.491971e+00 8.232076e-01 1.971491e+00 4.149658e+00 2.201222e+00 2.594280e+00 4.935371e+00 6.884146e+00 2.956259e+00
-8.460484e+00 5.145228e+00 -3.958355e-01 6.023973e+00 5.560308e+00 -2.205933e+00 1.969299e+00 6.247702e+00 1.919122e+00 5.178490e+00 5.014208e+00 3.828804e-01
-1.058507e+01 2.927525e+00 2.625011e+00 3.394641e+00 4.015156e+00 -4.155555e+00 1.171064e+00 3.847075e+00 2.406228e+00 4.877223e+00 3.447095e+00 2.897440e+00
-1.174172e+01 1.728078e+00 -6.328443e-02 4.342300e+00 6.988931e-01 -4.759833e+00 1.116366e+00 1.872602e+00 5.061651e+00 7.733279e+00 7.243096e+00 2.448757e+00
-9.204975e+00 4.262979e+00 -3.286341e+00 4.116993e+00 3.595758e+00 -2.626459e+00 1.487152e+00 3.274696e+00 2.730723e+00 3.593261e+00 7.797196e+00 4.736183e+00
-9.522675e+00 3.445544e+00 -3.738455e+00 5.530800e+00 5.959825e+00 5.819679e-01 1.077403e+00 5.008835e+00 3.189790e+00 5.903700e+00 7.954144e+00 6.000943e+00
