7.715659e+00 -4.595515e+00 7.664126e+00 1.465885e+00 -2.684254e+01 7.511117e-01 -1.141695e+01 -2.178689e-01 -6.869226e-01 -7.758997e+00 3.954912e+00 -5.742333e-01
7.939011e+00 -4.865492e+00 8.790250e+00 1.774626e+00 -2.650184e+01 2.782441e+00 -1.218415e+01 -2.993526e+00 -1.307211e+00 -9.343803e+00 5.783823e+00 -3.520541e+00
8.384825e+00 -5.541661e+00 7.479549e+00 -2.207683e-01 -2.413057e+01 -1.122645e+00 -1.085228e+01 7.075673e-01 1.782770e+00 -6.721338e+00 5.142849e+00 7.952337e-01
7.499285e+00 -3.312617e+00 1.097738e+01 2.326491e+00 -2.520376e+01 4.839717e+00 -1.285961e+01 -2.818559e+00 -2.781928e+00 -9.338603e+00 6.660110e+00 -5.003865e+00
7.284868e+00 -2.112497e+00 1.079677e+01 4.164435e+00 -2.490186e+01 5.014464e+00 -1.193464e+01 -5.006906e+00 -3.278732e+00 -9.528161e+00 6.649597e+00 -6.135182e+00
8.933578e+00 -5.443883e+00 4.288590e+00 -3.692430e+00 -2.174745e+01 -2.641352e+00 -7.984677e+00 -8.129702e-01 2.324014e+00 -9.218096e+00 2.908064e+00 2.510644e+00
6.253197e+00 5.907795e-01 1.331913e+01 1.130954e+00 -2.536980e+01 7.044343e+00 -1.098921e+01 -7.063133e+00 -6.502060e+00 -7.514436e+00 7.255383e+00 -6.653841e+00
-1.120128e+01 4.355568e+00 -5.322692e-01 -1.278842e+01 1.403265e+01 -8.768190e+00 6.747546e+00 -1.344487e+00 -3.759221e+00 -6.091534e-01 -3.926916e+00 1.233794e+00
9.176438e+00 -5.446360e+00 3.009446e+00 -3.161511e+00 -2.059595e+01 -2.905736e+00 -8.710905e+00 3.778732e+00 -2.435191e-01 -7.253514e+00 3.167841e+00 6.595170e+00
5.584887e+00 1.745697e+00 1.630793e+01 5.890901e-01 -2.483670e+01 7.868461e+00 -1.122076e+01 -7.247497e+00 -1.089184e+01 -6.617263e+00 8.553716e+00 -7.005895e+00
8.783556e+00 -9.649031e+00 2.646715e+00 2.550471e+00 -2.326628e+01 -1.591197e+00 -9.317037e+00 1.938843e+00 7.772697e-01 -3.189464e+00 8.336680e-01 3.890172e+00
5.468732e+00 3.235231e+00 1.539779e+01 3.150663e+00 -2.249943e+01 7.952410e+00 -1.051562e+01 -1.160382e+01 -9.604805e+00 -1.014023e+01 1.045654e+01 -9.517241e+00
4.936510e+00 2.613315e+00 1.640677e+01 4.281543e+00 -2.029403e+01 6.717635e+00 -1.108490e+01 -1.293395e+01 -1.104528e+01 -8.460039e+00 5.994200e+00 -8.948195e+00
2.814609e+00 3.095226e-01 1.921939e+01 4.745774e+00 -1.762063e+01 5.569545e+00 -8.979424e+00 -1.370187e+01 -1.138036e+01 -9.507958e+00 5.063709e+00 -1.157150e+01
-1.111351e+01 -4.019339e-01 4.485967e+00 -9.510021e+00 5.820905e+00 1.664250e+00 1.095998e+00 -3.123598e+00 -8.236297e+00 -6.353113e+00 -2.377969e+00 1.436652e+00
-9.991206e+00 -2.463873e+00 -2.542447e+00 -1.176804e+01 1.262094e+01 -5.677883e+00 7.210341e+00 -1.303639e+00 3.082844e+00 5.168016e+00 -5.332783e-01 -4.167431e+00
-1.048868e+01 -9.241762e-01 6.846726e+00 -6.344014e+00 8.996895e+00 3.738521e+00 3.827319e+00 1.166625e+01 3.474745e-01 -5.351101e+00 2.827208e-01 1.659619e+00
9.554152e+00 -8.070325e+00 -1.088793e+00 1.312301e+00 -1.798714e+01 -1.709828e+01 4.009861e+00 1.067727e+00 1.775922e+00 2.633339e+00 -8.336239e-01 1.840467e+00
5.184565e+00 1.187343e+00 2.074487e+01 5.690496e+00 -1.241033e+01 2.482300e+00 -7.701000e+00 -9.924493e+00 -1.539390e+01 -6.930088e+00 4.321038e+00 -1.086846e+01
-7.691106e+00 -5.396281e+00 3.716923e+00 -5.133598e+00 5.986137e+00 -1.985198e+00 2.363981e+00 1.179495e+01 -3.480066e+00 -2.836972e+00 4.781529e+00 2.280523e+00
-9.820176e+00 -1.643921e+01 9.132856e+00 -3.367270e-01 -3.296363e+00 3.428057e+00 -5.398121e+00 -9.339808e+00 5.102916e+00 3.775126e+00 -4.193215e+00 3.823145e+00
6.313957e+00 -5.409328e+00 9.360971e-01 -7.309904e-01 -1.476563e+01 -9.009892e+00 1.631268e+00 1.693022e+00 1.457109e+00 1.355841e+00 -3.432127e+00 1.221894e+00
-3.791612e+00 -6.839079e+00 1.783512e+00 -1.127842e+01 9.604163e-01 -2.149474e+00 -3.224043e+00 3.000550e+00 -5.328576e+00 -6.719128e+00 3.961255e+00 5.062986e+00
-1.228917e+01 2.274615e+00 1.407706e+01 4.079977e+00 -4.085038e+00 8.043912e+00 6.410949e+00 -4.166311e+00 1.130754e+00 9.141766e+00 -4.765186e+00 -5.010381e-01
4.537810e+00 2.885632e+00 9.834640e+00 -1.736850e+00 -3.206794e+00 6.992865e-02 2.277202e+00 -3.751939e+00 -1.698106e+01 -1.735602e+00 -1.984272e-01 -8.204983e+00
2.747703e+00 -3.215092e+00 4.943326e+00 -1.105013e+01 4.673567e+00 1.054332e+00 -4.087182e+00 3.468085e+00 1.450621e+00 -6.732419e+00 3.721035e+00 1.804279e+00
-2.831227e+00 -8.021071e+00 2.373122e+00 -7.759880e+00 6.815357e+00 4.906154e+00 -2.544433e+00 7.421584e+00 -7.425463e-02 8.826453e+00 1.882835e+00 -4.066095e+00
-2.468340e+00 -7.165707e+00 7.893486e+00 -1.961783e-01 -6.944869e+00 2.989864e+00 -2.116345e+00 -5.253131e+00 8.187445e+00 8.265393e-01 -4.430472e+00 4.289243e+00
-8.672248e+00 3.142642e+00 1.130390e+01 1.392408e+00 -2.253101e+00 1.021150e+01 6.896687e+00 -9.694217e+00 -3.532343e+00 8.331150e+00 -4.200959e+00 -8.325565e-01
-1.676172e+00 -5.474537e+00 7.273496e+00 -2.658603e-01 -7.170651e+00 3.563134e+00 -2.350916e+00 -5.331435e+00 4.665262e+00 5.026930e-01 -6.051882e+00 1.371142e+00
-3.902759e+00 8.202881e+00 1.009778e+01 -1.766433e+00 5.072697e+00 1.192489e+01 4.787742e+00 -3.492626e+00 -5.535046e+00 1.911598e+00 -1.216918e+01 -6.139779e+00
4.475092e+00 -1.008160e+00 -5.711571e-01 -3.880424e+00 2.168139e+00 -6.092689e-01 -1.698534e+00 1.013122e+01 5.302107e+00 -6.971975e+00 2.990964e+00 9.013319e-01
2.747601e+00 -8.715546e+00 -7.933422e+00 8.491454e-01 -1.010868e+00 -7.726802e+00 1.675048e+00 3.647250e+00 -4.596638e+00 -2.652338e+00 -2.382749e+00 1.594823e+00
6.995296e-01 -8.965404e+00 -8.322433e+00 1.436050e+00 5.334491e+00 -3.103975e+00 6.278610e-01 1.911492e+00 -2.478934e+00 1.160756e+00 -4.853105e+00 -2.548255e+00
1.914103e+00 -6.700351e+00 -3.322576e+00 2.683160e+00 4.240743e+00 -2.095584e+00 3.933026e+00 5.403070e+00 2.402390e+00 -4.555958e-01 -8.376659e+00 2.973969e-01
1.993136e+00 -5.631794e+00 -2.731098e+00 1.134120e+00 1.286902e+00 -5.891003e+00 -4.868935e+00 3.642623e+00 3.949568e+00 2.704353e+00 -4.884843e+00 1.165349e+00
2.288267e+00 -6.292213e+00 -4.185762e+00 1.757986e+00 7.807570e-01 -6.790358e+00 -2.024925e-01 3.910602e+00 -3.873661e-01 -2.010588e+00 -3.071794e+00 4.768475e+00
2.611856e+00 -8.214405e+00 -8.825530e+00 -1.355272e+00 4.071424e+00 -4.203044e+00 -4.189701e+00 8.793563e-01 -3.036651e+00 2.592071e+00 -2.034266e+00 2.909721e+00
1.831095e+00 -8.645265e+00 -1.072727e+01 -2.229469e+00 2.722861e+00 -8.126802e+00 -5.947390e+00 1.485634e-02 -3.036308e+00 4.138453e-01 -3.048021e+00 -2.798732e+00
1.704776e+00 -7.368513e+00 -5.789782e+00 3.321792e+00 4.451735e+00 -4.507429e+00 -2.813213e+00 -2.290309e+00 -5.072181e-01 -3.809098e+00 -5.031536e+00 -2.378986e+00
1.907785e+00 -7.047976e+00 -4.476493e+00 -2.311635e-02 8.301368e-01 -5.773978e+00 -1.497283e+00 1.283459e+00 7.666183e-02 -9.182553e-01 -2.290269e+00 2.337026e+00
-9.728527e-02 -7.802254e+00 -6.729584e+00 2.570134e+00 4.078488e+00 -4.940559e+00 2.519648e-01 1.427000e+00 -5.428112e-01 -3.819825e+00 -9.625318e+00 6.017752e-01
5.457315e-01 -9.580729e+00 -9.489381e+00 -2.714595e+00 1.513044e+00 -8.169175e+00 -2.468462e+00 6.228354e+00 -5.686097e-01 3.022903e+00 5.447845e-01 -6.843073e+00
6.165972e-01 -6.177223e+00 -4.540247e+00 7.249833e+00 7.078340e+00 -6.743400e+00 -3.578402e+00 -3.726975e+00 -3.431473e+00 1.806017e-01 1.705923e-01 1.416678e+00
-5.532846e-01 -7.526553e+00 -4.720719e+00 1.983999e+00 3.035994e+00 -4.960141e+00 1.391987e+00 2.280172e+00 3.787541e+00 4.263425e+00 7.368724e-01 9.405894e-01
1.939757e+00 -6.205245e+00 -6.339528e+00 3.284929e+00 1.524801e-01 -6.809920e+00 -3.813484e+00 -3.370265e+00 6.680859e-01 -2.088901e+00 -9.022277e+00 1.694978e+00
4.756765e-01 5.829651e-01 2.704865e+00 6.827378e+00 -2.988018e+00 -3.330118e+00 6.355811e+00 5.461259e+00 6.173250e+00 8.271712e+00 3.689876e+00 4.688373e-01
1.790769e+00 -5.554345e+00 -6.303036e+00 -7.854600e-01 4.633240e+00 -2.040300e-01 1.416212e+00 2.105554e-01 3.097125e+00 -4.114586e+00 -6.001122e+00 -1.143360e-01
7.579365e-01 -5.436934e+00 -4.875309e+00 2.994465e+00 -1.696406e+00 -3.537355e+00 1.784081e+00 3.055157e+00 -5.540109e-01 7.854080e-01 -4.503908e-01 4.443044e+00
4.098915e+00 3.667241e+00 -2.845370e+00 1.617597e+00 5.120744e+00 -4.820761e+00 -2.379035e+00 7.892866e+00 4.336937e+00 -2.939126e+00 6.191867e+00 5.148499e+00
1.540559e+00 -3.446637e+00 -2.351555e+00 2.465554e+00 1.357700e+00 1.667380e+00 8.071943e+00 2.597131e+00 5.698051e-01 2.048930e+00 -3.237499e+00 2.539791e+00
1.075188e+00 -3.008035e+00 -2.398849e+00 3.167060e+00 1.632578e+00 -2.499682e+00 4.229923e+00 4.458190e-01 4.208405e+00 -1.175669e+00 -9.462097e+00 -9.177911e-01
6.924219e-01 -3.300718e+00 -3.924563e+00 9.310811e-01 5.516519e+00 3.179423e+00 2.106732e+00 -5.451349e+00 2.189605e+00 1.122051e+00 -1.921151e+00 5.343040e+00
6.240664e-01 -4.008025e+00 -7.390900e+00 -1.021254e+00 6.940937e-02 -4.869462e+00 -2.757360e+00 -3.560570e+00 1.780674e-01 1.166247e+00 -1.548718e+00 7.701543e+00
5.763340e-01 -2.539875e+00 -3.734096e+00 6.305780e+00 2.402372e+00 -4.287524e+00 1.806873e+00 -6.416150e-01 -5.947733e+00 -2.297171e+00 -5.295959e+00 8.857374e-01
-3.888757e+00 5.505049e+00 1.925601e+00 4.307488e+00 9.191094e+00 -5.052352e-01 -1.534259e+00 -5.152168e-01 -2.637775e+00 7.849421e+00 5.880664e+00 -7.321858e-02
1.310275e+00 -1.218799e+00 -6.520824e+00 2.374552e+00 -1.471102e+00 -7.410331e+00 -2.642746e+00 -5.255118e+00 -4.896050e+00 -1.409419e+00 7.161973e-01 -1.298952e+00
-1.655796e+00 6.602594e+00 -6.108826e+00 -4.864321e+00 4.448300e+00 3.717930e+00 2.716934e+00 1.848324e+00 2.180686e+00 3.197351e+00 6.333845e-01 2.042767e+00
6.290321e-01 -9.661393e-01 -6.329145e+00 3.780891e+00 1.173761e+00 -5.129034e+00 1.126930e+00 -1.318846e+00 -7.972622e-01 1.792307e-01 -1.417281e+00 -2.382632e+00
-1.921096e+00 6.968622e+00 7.768536e-02 6.455176e-01 1.169802e+01 8.782154e+00 5.807770e+00 1.210962e+00 -6.452320e-01 3.103357e+00 -6.939558e-01 -3.220184e+00
2.666754e+00 2.910151e+00 -3.612814e+00 4.223395e+00 -1.142206e-01 -4.350892e+00 -6.639977e-01 4.471365e+00 -2.235752e+00 -1.048538e+01 -5.592750e+00 1.357273e+00
2.057882e+00 1.979231e+00 -3.855387e+00 1.365688e+00 2.798098e+00 5.832127e+00 8.398160e+00 5.111337e+00 -3.427660e+00 -6.994532e+00 -4.028946e+00 2.293313e-01
2.354091e+00 1.516202e+00 -4.297464e+00 1.659201e+00 -2.570910e+00 -5.777969e+00 5.117855e-01 2.642650e+00 7.268703e-02 -6.418469e+00 -1.702420e+00 8.871255e-01
-2.000131e+00 2.501281e+00 -4.741448e+00 2.069862e+00 8.890504e+00 3.912994e+00 4.634144e+00 -6.870393e-01 -2.581872e+00 6.759227e+00 3.544923e+00 6.384689e+00
5.098505e-01 -1.929030e-01 -3.455391e+00 4.237880e+00 8.093410e-01 -7.675973e+00 5.313349e-02 -3.541399e+00 -7.798514e-01 -2.706453e+00 -2.100773e+00 7.293748e+00
8.088884e-01 2.086854e+00 -7.822549e+00 8.528790e-01 3.502224e+00 2.115451e+00 3.652884e+00 2.091391e+00 -1.504076e-02 -4.704895e+00 7.376482e-01 5.375349e+00
3.046015e+00 5.663205e+00 -6.024188e+00 -3.010874e+00 1.391512e+00 -1.643545e+00 -1.285329e+00 1.419557e+00 3.203607e+00 3.133369e+00 3.408300e+00 3.800865e+00
-1.396369e+00 5.240150e+00 -5.393646e-01 1.144011e+00 9.519853e+00 3.175927e+00 4.303170e+00 5.969364e+00 3.478726e+00 8.352651e+00 -2.108818e+00 6.258089e+00
-2.399576e+00 7.964587e+00 -1.404502e+00 3.042933e+00 9.144590e+00 2.716176e+00 1.667759e+00 1.340020e+00 3.987030e+00 7.421809e+00 4.863821e+00 -2.147046e+00
-2.037620e+00 7.950385e+00 1.313754e+00 1.238343e+00 3.925678e+00 -4.310098e-01 -6.993546e-01 3.162833e-01 1.258271e+00 4.349385e+00 1.576853e-01 -1.315941e+00
-2.360442e+00 5.509160e+00 -1.504514e+00 2.450006e+00 6.211768e+00 5.938016e+00 4.690735e+00 8.529569e-01 5.876647e+00 3.105694e+00 -2.980463e+00 -2.477994e+00
-1.943957e+00 5.883442e+00 -2.752249e+00 2.196087e+00 7.065886e+00 3.071152e+00 -8.621292e-01 1.288219e+00 4.919562e+00 3.576327e+00 -2.394711e+00 -8.659184e-01
2.509560e+00 2.549890e+00 -5.810653e+00 1.818065e+00 2.528859e+00 1.095895e+00 4.559309e+00 4.182419e+00 -1.100703e-01 -6.078550e+00 -4.724757e+00 -4.512146e-01
-2.913492e+00 6.117458e+00 -4.614802e+00 -2.371642e+00 4.236314e+00 5.075349e+00 1.139476e+00 -4.245171e+00 5.426969e+00 2.367808e+00 -9.729187e-01 -4.751681e+00
3.904314e-01 8.316467e+00 -3.652264e+00 -7.929884e-01 8.717162e+00 8.785336e+00 4.206044e+00 2.693553e+00 1.133704e+00 8.663223e-01 -2.922931e+00 1.694794e+00
-2.590722e+00 6.316454e+00 -4.197092e+00 9.266472e-01 5.830239e+00 -7.550123e-01 -6.040916e-01 3.342716e+00 1.881907e+00 5.803357e+00 3.916795e+00 -8.254836e-01
-1.930333e+00 4.976427e+00 -8.027643e-01 -1.218838e+00 3.830823e+00 -6.500334e+00 4.065823e+00 2.514184e+00 6.452186e+00 5.992291e+00 3.131699e+00 5.470816e+00
-2.775359e+00 4.849512e+00 -3.030579e+00 -3.133305e-01 7.530739e+00 -5.846548e-02 -9.337959e-01 -3.439954e+00 6.810634e-01 3.969321e+00 2.976592e+00 1.301539e+00
8.249130e-01 2.734670e+00 -3.827053e+00 -3.112898e-01 -2.255039e-01 -5.581131e+00 3.956888e+00 6.070910e+00 8.062870e+00 1.634091e+00 -4.017467e-01 4.642152e+00
1.352821e+00 3.164868e+00 -7.019588e+00 -4.858742e+00 1.793382e+00 2.849545e+00 6.478843e+00 3.903575e+00 1.188921e-01 -1.772824e+00 -1.984077e+00 3.909988e+00
-3.895492e+00 3.386054e+00 -5.018316e+00 -3.821532e+00 4.261485e+00 1.719493e+00 2.349105e+00 7.204157e-01 1.668107e+00 2.681999e+00 1.801146e+00 -3.669655e+00
-5.843296e-01 9.125669e+00 8.515737e-01 -4.210293e-01 1.130257e+01 9.642704e+00 7.034268e+00 1.222417e+00 5.924238e+00 4.999372e+00 1.417011e+00 1.982944e+00
-3.332911e+00 6.289445e+00 9.772148e-01 -2.819367e+00 7.707512e+00 4.606852e+00 5.382673e+00 1.426984e+00 5.123017e+00 5.781256e+00 -3.363220e+00 -5.316092e+00
-3.381444e+00 5.485574e+00 -3.484777e+00 -1.324440e+00 6.208774e+00 6.071491e-01 -6.162016e-01 -2.695448e+00 -1.852441e-01 1.706471e+00 1.541171e+00 -2.809165e+00
-3.406613e+00 3.667484e+00 1.323099e-01 -3.008699e-02 6.568365e+00 -2.510177e+00 7.005009e+00 1.424079e+00 2.208984e+00 7.246758e+00 5.947385e-01 1.117496e+00
-1.121944e+00 2.976838e+00 -7.321543e+00 -1.744242e+00 5.707927e+00 -6.208754e-02 -2.053426e+00 -1.741058e+00 6.513739e-01 -4.292011e+00 2.601228e+00 5.497941e+00
5.266666e-01 7.494526e+00 1.899941e-01 1.825951e+00 8.926291e+00 3.190228e+00 5.346116e+00 4.258199e+00 9.173127e-01 5.888791e+00 6.115312e+00 1.522974e+00
1.283373e+00 6.762084e+00 -4.075820e-01 2.904701e+00 7.256999e+00 -4.458676e+00 7.748107e+00 2.506154e+00 2.868009e-02 4.689748e+00 6.015453e+00 2.638919e+00
-2.347971e+00 3.015688e+00 -2.928603e+00 7.766769e-01 9.075769e+00 2.587369e+00 -2.140203e-01 1.344670e-01 4.794561e+00 4.231462e+00 1.018054e+00 -4.092131e+00
-1.349707e+00 8.124277e+00 5.399930e-01 8.714201e-01 1.141050e+01 5.044920e+00 4.755410e+00 2.999051e+00 9.024294e+00 6.489310e+00 -1.542944e-01 -4.951224e-01
-2.869189e+00 5.986668e+00 -3.145077e-01 -1.206600e+00 8.321465e+00 1.353073e+00 2.324719e+00 -7.736969e-01 1.725592e+00 2.835961e+00 -1.596641e+00 2.341368e-01
-3.606158e+00 5.253429e+00 -3.282754e+00 -3.152431e+00 6.213003e+00 1.398404e+00 5.758080e+00 -1.719875e+00 2.826931e+00 2.879175e+00 -7.997515e-01 3.928523e+00
-1.807055e+00 6.091692e+00 -3.221766e+00 -6.216190e-01 7.514324e+00 8.406436e-01 1.506431e+00 -2.951654e+00 3.221351e+00 2.304169e+00 3.466895e-01 -1.409784e+00
-2.052395e+00 6.067615e+00 -3.171260e+00 -1.083298e+00 7.237291e+00 2.800961e+00 2.466785e+00 1.722049e+00 2.929419e+00 4.626231e+00 4.169833e+00 -2.500588e+00
-3.514832e+00 4.003358e+00 -3.357516e+00 5.876875e-01 8.254043e+00 -7.078218e-02 6.595993e-01 2.329755e-02 2.355182e+00 5.493613e+00 -2.533700e+00 -2.272402e+00
-3.816737e+00 4.271652e+00 -1.529386e+00 2.843007e+00 7.213979e+00 4.517648e-01 5.382489e+00 1.710163e+00 -2.590562e-01 6.365933e-01 1.891351e+00 1.247739e+00
-3.179979e+00 3.976877e+00 -1.051777e+00 1.135336e+00 5.366432e+00 1.808891e+00 4.879611e+00 1.676247e+00 4.973309e-01 -6.260893e-01 1.012077e+00 -2.680705e+00
-3.294477e+00 4.650295e+00 -7.285026e-01 -1.571649e+00 4.725949e+00 4.436850e+00 2.932207e+00 -2.467863e+00 1.321551e+00 3.625457e+00 5.802095e-01 -9.987907e-01
-2.462921e+00 3.089697e+00 -2.765327e+00 -1.015083e-01 4.062559e+00 3.214679e+00 5.252610e+00 -4.514954e+00 -1.918274e+00 6.821721e+00 2.727136e+00 2.207142e+00
-3.865268e+00 4.522689e+00 -3.261348e+00 -3.123719e+00 6.976712e+00 1.635055e+00 1.324711e-01 -2.018706e+00 2.643624e+00 5.797301e+00 4.626255e+00 -6.332459e-01
