-5.615460e+00 -7.035455e-01 5.181564e+00 -1.069419e+00 2.863816e+00 1.264561e+00 -3.695874e+00 -1.365186e+00 1.752572e+00 6.023142e-01 1.300956e+00 -1.425635e-01
5.308088e+00 -5.753926e+00 -7.560053e-01 -8.647646e+00 -1.297722e+00 1.146594e+00 -8.465464e-01 -6.100357e-01 -4.820636e+00 4.185090e-02 -3.201929e+00 -1.259136e+00
2.068954e+00 -5.735624e+00 -5.492930e-01 -6.196238e+00 -1.626952e+00 2.529162e-01 -9.913785e-01 -1.573607e+00 -5.043250e+00 -4.340511e-01 -2.816292e+00 -5.157732e-01
7.002097e+00 -3.611755e+00 -5.154564e-01 -7.638425e+00 -4.915372e-01 1.330237e+00 -1.096140e+00 -1.926079e-02 -3.847244e+00 -8.775922e-01 -2.272254e+00 -1.941679e+00
-4.864289e+00 -1.849560e+00 -4.642191e+00 -2.510636e+00 -1.314002e+00 1.947049e+00 3.047268e+00 1.333117e+00 1.170429e+00 1.382505e+00 1.829905e+00 3.619062e+00
-1.847618e+00 -1.145663e+00 -9.475573e-01 -1.347992e+00 -4.817129e-01 7.360543e-01 -9.955252e-01 5.798252e-01 -3.357729e-02 -1.893605e+00 -3.001468e-01 -2.364568e-01
-3.221952e+00 -5.490492e-01 3.341412e+00 -1.271863e+00 1.618490e+00 2.182247e+00 -1.096163e+00 -2.728757e-01 1.607726e+00 -5.641287e-01 -3.276068e-01 4.228687e-03
-1.653935e+00 -2.228435e+00 8.886005e-02 1.258787e-01 1.655075e-01 1.516316e-01 1.421385e-01 3.601273e-01 4.326950e-01 -2.511846e+00 -1.473203e+00 1.700071e+00
-2.654190e+00 -2.247206e-01 3.882175e+00 -1.570101e+00 1.910693e+00 9.969009e-01 -3.432817e+00 -3.548227e-01 -1.006385e-01 1.361706e+00 1.680907e+00 -1.666010e+00
-1.773699e+00 -7.046043e-01 -1.589429e+00 -1.753735e+00 7.213615e-01 9.024032e-01 -1.202456e+00 9.125630e-01 1.396009e+00 8.502863e-02 -1.038567e+00 -9.357735e-01
-7.283592e+00 -5.718478e-01 -3.492809e+00 -1.809504e+00 1.334719e-01 3.491450e+00 4.021804e+00 -2.003322e+00 9.067375e-01 -2.625790e-01 1.677337e+00 1.980401e+00
-1.798687e+00 -2.559047e+00 8.143098e-01 1.582911e+00 1.209218e+00 2.493956e-01 -1.834918e+00 2.759341e-01 1.250809e+00 -3.197182e+00 -1.836811e+00 1.934327e+00
-1.926394e+00 -6.915187e-01 -1.835521e+00 -1.524627e+00 8.656114e-01 -1.590061e-01 -1.579111e+00 5.790524e-01 9.500791e-01 -5.219617e-01 -4.656661e-01 -5.924488e-01
-1.873049e+00 1.223451e+00 1.279265e+00 -1.371632e-01 1.562137e+00 4.168624e-01 -3.035100e-01 7.106408e-01 2.557292e+00 -8.775119e-02 -2.725353e-01 7.527282e-01
-1.690329e+00 1.438801e+00 3.934449e-01 -9.534483e-01 1.293454e+00 -1.716517e+00 -1.489816e+00 2.280519e+00 3.081896e+00 -9.863539e-02 -4.016195e-01 -7.554407e-01
-2.088200e+00 -1.032531e+00 -2.567629e+00 -2.397279e+00 -2.460094e+00 -2.370016e-01 5.255328e-01 1.881633e+00 1.872893e+00 3.100985e+00 1.342857e+00 3.326432e+00
-1.582826e+00 -6.374753e-01 -1.860341e+00 -2.050520e+00 5.456123e-01 5.761852e-01 1.371362e-01 1.607626e-01 -1.586794e-01 -8.720108e-01 1.556214e+00 -1.211962e+00
1.089441e+00 -2.190705e-01 1.575547e+00 6.094877e-01 -7.726088e-01 -1.253415e+00 -6.106529e-01 -8.226465e-01 1.960022e-01 -3.308221e-01 -5.010957e-01 1.189882e-01
-1.129667e+00 -2.906941e-01 -1.309239e+00 -1.948678e+00 -7.409343e-01 -8.073206e-02 1.663987e+00 -7.112902e-01 -1.651235e+00 -3.551312e-01 1.620111e+00 -1.054063e+00
1.587532e+00 -2.126687e-01 8.068687e-01 3.504902e-01 -6.115653e-01 -1.720569e+00 6.177566e-01 -1.679413e-01 4.161513e-01 -3.400951e-02 1.718898e-02 -1.447302e+00
7.347807e-01 -9.368489e-01 1.064246e+00 4.224042e-01 -4.380495e-01 4.455736e-01 -1.263713e+00 -1.205401e+00 -7.452021e-02 -6.538755e-01 -1.215369e+00 4.303941e-01
-4.061340e-01 3.392175e-01 -5.393145e-01 -7.187440e-01 -5.030899e-01 -4.784427e-02 8.612793e-01 -4.976149e-01 -1.719221e+00 -3.918743e-02 6.422479e-01 -3.236362e-01
-5.336978e-01 -1.676268e+00 9.189146e-01 -3.067280e-01 5.839018e-01 -1.196505e-01 8.190103e-01 3.112246e-01 -1.594474e+00 -5.994928e-01 -1.756327e+00 9.542381e-01
1.876056e+00 -3.661643e-01 -1.865467e-01 1.027535e+00 -5.613147e-01 -1.947412e+00 2.210334e-01 -5.872738e-01 -2.068921e-01 -4.142920e-01 1.888412e-01 -1.359509e+00
-4.805660e-02 5.632926e-01 -2.246804e-01 -4.075330e-01 -1.979928e-01 7.889330e-02 9.440500e-01 5.566069e-01 -2.707599e-01 1.185782e+00 -5.116733e-01 1.063631e+00
1.197417e+00 5.208486e-01 7.705005e-01 3.643526e-01 -5.401697e-02 -1.752054e-01 -1.047063e-01 5.960896e-02 1.066717e+00 2.124942e+00 -5.352987e-01 7.264341e-01
-9.952936e-01 -2.109497e+00 1.123191e+00 2.050439e+00 7.214738e-01 -1.641278e+00 -2.600556e+00 -1.000327e+00 2.862939e-01 -3.061963e+00 -3.148942e+00 6.952674e-01
7.374323e+00 -6.584776e-01 6.454936e-01 -3.761430e+00 -1.764469e-02 2.062972e-01 -2.315745e+00 -2.766834e-01 -1.954177e+00 -9.531878e-01 -1.445222e+00 -3.001829e+00
-5.330752e-01 5.757822e-01 1.488313e+00 1.031259e-01 -6.321878e-01 1.220905e+00 5.554398e-01 9.754897e-01 2.797852e+00 1.601230e+00 5.381234e-01 1.862566e+00
3.636006e-01 -1.522922e-01 4.174713e-01 5.642287e-01 7.836683e-01 1.703930e+00 1.048539e+00 7.602744e-01 -1.619735e+00 2.093721e-01 -8.086200e-02 -1.101702e+00
1.235043e-01 -7.303623e-01 9.118124e-01 3.346176e-01 -8.226082e-01 1.218662e+00 -6.904910e-02 2.257242e-01 -4.815267e-01 1.880825e-02 -1.810788e-01 8.566926e-01
1.820803e+00 -8.718812e-01 -5.171831e-01 1.082239e+00 -1.372834e+00 -1.405060e+00 -1.379458e-01 -5.109584e-02 -4.886169e-01 -8.595416e-01 2.802376e-01 4.567139e-01
2.088744e-01 -2.762623e-01 2.122054e-01 1.235734e+00 1.407359e+00 8.284391e-01 2.575375e-01 2.350709e-01 1.589706e+00 5.431495e-01 1.780516e+00 -4.834080e-02
1.590410e-01 1.618595e-01 1.037496e+00 1.214476e+00 1.353908e+00 9.786562e-01 3.292519e-01 7.539442e-01 1.487468e+00 -3.173629e-01 7.642085e-01 2.182720e-01
2.910664e-01 2.440216e-01 7.971983e-01 1.581787e+00 1.324514e+00 1.517245e+00 2.399855e-02 9.466707e-01 2.277724e+00 1.801205e-01 1.919895e+00 -1.009974e-01
1.961262e-01 -1.614243e+00 1.101321e+00 1.825713e+00 -3.634154e-01 -1.107539e+00 -1.123860e+00 -1.726995e+00 -1.575024e-01 3.736077e-02 -1.026064e+00 -1.500016e+00
6.669289e-01 -1.689378e+00 -4.644991e-01 1.990080e-04 3.112888e-01 -6.654700e-01 1.724302e+00 1.526261e+00 -1.485384e+00 -1.040669e+00 -4.263322e-01 -5.524948e-01
9.891964e-01 -1.783207e+00 -1.449212e+00 7.169850e-01 -3.912787e-01 -1.973177e+00 5.600721e-01 3.643740e-01 -2.123320e+00 -9.738498e-01 -1.705764e-01 -3.953850e-01
-2.899215e-01 -4.911089e-01 -1.161131e+00 5.470297e-01 4.421165e-02 -2.777286e-01 -7.248527e-01 -1.086898e+00 -4.007612e-01 -4.556639e-01 1.002581e+00 -1.209047e+00
2.184601e+00 -5.020459e-01 -1.019912e+00 1.114942e+00 -3.552653e-01 -7.558399e-01 -1.467786e+00 1.779251e-01 -4.718668e-01 -2.359266e+00 -1.869224e+00 -4.662663e-01
2.473040e+00 4.991292e-01 1.347759e+00 1.335674e+00 1.657099e-01 2.158883e-01 -8.271199e-01 -7.944289e-01 5.684787e-01 5.976762e-01 1.421516e-01 -6.483459e-01
1.601672e-01 -8.889206e-01 1.893164e-01 1.450308e-01 4.387560e-01 1.494642e+00 2.937496e-01 6.080658e-01 -1.094341e-03 -1.186495e+00 -4.189923e-01 5.311426e-01
-3.731133e-01 1.585934e+00 -1.299004e+00 1.757285e-01 1.760476e-01 -3.141229e+00 -8.166693e-01 3.001750e-01 1.549537e+00 -6.893646e-01 -1.497855e-01 3.751391e-01
1.218072e+00 2.013722e-02 9.546520e-01 7.909373e-01 -1.374831e+00 -6.245674e-01 7.572562e-01 -1.527145e+00 -1.285506e+00 1.093992e+00 1.335081e+00 -2.264485e+00
1.541583e+00 -4.239191e-01 -2.363656e-01 -1.460975e+00 -5.632979e-01 1.149082e+00 1.504519e-01 2.538985e+00 1.537897e+00 1.629013e+00 1.464001e+00 4.265004e+00
1.134104e+00 5.081934e-01 -6.651812e-01 -4.654133e-02 4.595966e-01 6.503116e-01 -2.037552e-01 7.560647e-01 -3.166179e-01 -1.354604e-01 -1.072571e-01 -4.493593e-01
1.698308e+00 2.811541e-01 -8.233404e-03 6.117606e-01 -4.163143e-01 -2.982965e-01 9.181234e-01 2.131544e-01 -7.328272e-01 1.103578e+00 -4.289403e-01 -2.195082e+00
-3.679332e-01 -2.375202e-02 -1.424292e+00 7.104777e-01 -3.043593e-01 -1.824718e-01 -6.270143e-01 -6.020114e-01 -1.003063e+00 -2.032328e-01 1.237155e+00 -1.429210e+00
8.497688e-01 -7.047767e-01 -1.146935e+00 1.055351e+00 -4.021649e-01 -1.547714e+00 1.431275e-01 6.337570e-01 -6.354679e-01 -8.142210e-01 -4.305007e-01 -4.103488e-01
2.217326e-01 5.794679e-01 1.162356e-01 -1.837315e+00 -5.981866e-01 1.396164e+00 -4.474200e-01 -1.173978e+00 -1.192270e+00 -9.997074e-01 2.897575e-01 8.874774e-01
2.584357e-01 5.799235e-01 2.396940e-01 -2.086657e+00 -8.254347e-01 9.623333e-01 -2.229570e-01 -1.204856e+00 -2.006416e+00 -1.849273e-01 -6.364086e-02 1.574217e+00
-3.436062e-01 -1.109753e-01 -2.125216e-02 -1.383507e+00 -9.345890e-01 2.720975e-01 -6.659731e-01 -3.592011e-01 -3.079773e-01 1.201755e+00 1.880699e+00 2.151728e+00
-6.673654e-01 -7.986931e-01 -5.277054e-02 -2.992585e-01 -7.794763e-01 -1.013831e+00 -1.383740e+00 -6.807669e-01 2.767806e-01 8.376363e-01 1.256316e+00 7.370846e-01
-1.586835e-01 -7.607293e-01 -8.446380e-01 3.524186e-01 -6.596706e-01 -1.623317e+00 -1.433668e+00 2.715673e-01 1.433612e+00 -3.979571e-02 -7.712563e-01 -1.048059e+00
-1.496124e-01 -2.710769e-01 -4.387952e-01 5.865657e-01 -4.273140e-01 -6.428759e-01 -2.984983e-01 -1.749332e-01 1.187713e+00 -1.304277e+00 -7.389787e-01 -9.110616e-01
3.744834e-01 4.557241e-01 2.727757e-01 6.544699e-01 3.407307e-01 -3.835928e-01 9.203790e-01 5.995366e-01 -1.261030e-01 -2.228675e+00 -2.049963e+00 2.848805e-01
1.727953e-02 3.200577e-01 -3.286835e-01 6.643307e-01 9.836699e-01 -1.025852e-01 6.518129e-01 4.370257e-01 -5.445660e-01 -1.723809e+00 -1.209650e-01 1.117780e+00
-7.027535e-01 -9.162998e-01 1.211677e-02 7.405638e-01 9.715294e-01 -7.777129e-01 -1.279686e+00 -1.349943e+00 -1.260237e-01 -1.162141e-01 4.249081e-01 2.750353e-01
-1.862078e-01 -7.418107e-01 2.470553e-02 -3.330653e-01 6.049973e-01 -1.420740e-01 -9.854329e-01 -1.949874e-01 -6.715640e-01 -1.794846e-01 6.976854e-01 1.010881e-01
5.923592e-01 -3.303863e-01 -3.308665e-01 -6.798261e-01 -7.725226e-01 3.142161e-02 -1.874251e-02 -5.645857e-01 -4.887522e-01 1.047473e+00 9.213789e-01 -6.543025e-01
1.381600e+00 5.817999e-01 -1.130082e-01 -5.967041e-01 -1.095420e+00 6.253690e-01 1.525094e+00 8.829085e-01 -1.671590e-01 -4.708328e-02 1.361496e-01 -6.311683e-01
1.734720e+00 1.199019e+00 -8.632309e-01 -2.690607e-01 -1.145398e+00 8.711109e-01 1.711345e+00 7.023042e-01 -9.297217e-01 -2.313411e+00 -1.309756e+00 -9.681128e-01
1.151205e+00 1.749336e-01 -1.145118e+00 1.191082e+00 -8.607534e-01 -3.540225e-01 9.597839e-01 -3.304973e-01 -6.261338e-01 -7.512914e-01 -1.899661e+00 -1.318903e+00
-8.418357e-01 -1.265143e+00 4.201889e-01 5.284182e-01 1.622210e-01 8.725868e-01 2.188665e+00 1.276793e+00 2.540580e+00 1.543630e+00 2.107308e+00 1.297259e-01
-2.661487e-01 -8.995722e-01 -3.655115e-01 -2.756297e-01 -7.638196e-01 -1.026922e+00 4.267265e-01 1.155832e+00 -4.184552e-01 2.260844e-01 1.581821e+00 -3.259544e-01
4.252510e-01 2.495613e-01 -6.186913e-01 -8.714919e-01 -6.484050e-01 -3.467590e-01 7.588885e-01 1.253520e+00 -1.076591e+00 -6.520788e-01 2.808002e-01 -3.450104e-01
6.384328e-01 9.137740e-02 7.976055e-02 5.707361e-01 -1.264174e+00 -5.877270e-01 -2.180408e+00 1.150178e+00 1.046279e+00 1.232707e+00 1.511668e-01 5.958039e-01
4.165713e-01 1.186252e-01 5.156016e-03 3.124149e-01 -8.235129e-01 -9.632416e-01 -1.872373e+00 6.426990e-02 9.859118e-01 -6.163951e-01 -8.794563e-01 -5.295300e-01
-4.838495e-01 -1.086502e+00 6.358054e-01 6.755206e-01 -1.068296e+00 -1.576896e+00 -5.010712e-01 -5.709606e-01 -4.202182e-01 5.034927e-01 1.143376e+00 -1.260999e+00
-8.026270e-01 -1.536368e+00 3.112115e-02 4.021336e-01 -1.124365e+00 -1.276648e+00 1.118641e+00 3.828982e-01 -7.606518e-01 5.538710e-01 1.965055e+00 -9.464703e-01
-9.141331e-01 -1.070323e+00 -4.358234e-01 -1.248463e+00 -1.565874e-02 -4.940431e-01 1.091295e+00 -5.151178e-01 -1.386793e+00 -4.325622e-01 8.440902e-01 6.702844e-01
-5.830324e-01 -5.883730e-01 -3.711446e-01 -8.577477e-01 8.686718e-01 4.710472e-01 1.269762e+00 -5.957285e-01 -1.232668e+00 -8.545170e-01 3.429893e-01 2.307179e+00
4.602184e-02 4.312944e-01 -3.497402e-01 -1.045320e+00 1.610462e+00 1.007148e+00 -1.929777e-02 -4.862339e-01 4.273508e-01 -1.212688e+00 -6.116777e-01 2.278485e+00
7.341903e-01 9.405494e-01 1.120394e-02 -4.442812e-01 1.717308e+00 2.122658e+00 1.391529e-01 -9.850308e-01 1.997474e-01 -7.909141e-02 5.680222e-02 1.211356e+00
1.681208e+00 1.524468e+00 -8.699237e-02 4.883324e-01 8.647959e-01 1.688120e+00 1.459916e-01 -3.705639e-02 7.727008e-01 1.126130e+00 -1.108053e+00 -1.706660e+00
2.518728e+00 1.992622e+00 1.091534e-01 3.128377e-01 3.775354e-01 1.562052e+00 -2.760931e-01 2.528660e-01 -5.605016e-01 1.219127e-01 -1.321886e+00 -2.385340e+00
2.665465e+00 1.089959e+00 -3.210554e-01 6.357408e-01 2.868923e-02 4.786754e-01 -5.946643e-01 2.761244e-01 -1.706514e+00 -1.638825e+00 -1.506862e+00 -9.858038e-01
-3.522558e-01 -5.526416e-02 -4.706605e-01 -6.871665e-02 -1.304956e-01 -2.943250e-01 -9.354070e-01 5.808206e-01 1.432721e+00 2.646654e+00 -7.829083e-01 1.425726e+00
-6.390452e+00 1.426313e+00 -1.566655e+00 1.248920e+00 2.033494e+00 3.293748e+00 3.814725e+00 -5.938493e+00 6.339426e-01 -2.923001e+00 8.678889e-01 -2.316430e-01
5.442715e-02 3.243700e-02 -4.313635e-01 -9.871620e-01 1.060310e+00 1.195448e+00 1.769688e+00 1.446456e+00 -1.856973e-01 8.598394e-01 1.455458e-01 -7.402790e-01
-1.356037e-01 3.444231e-01 -4.395982e-01 1.181727e+00 1.938872e-01 2.863031e-01 -1.383567e-01 -3.683700e-01 1.839960e-01 6.707703e-01 8.283415e-02 2.381411e-02
1.416188e-01 6.748233e-01 6.853247e-01 3.431318e-02 -6.765090e-01 -5.058039e-01 -1.762141e+00 -4.343621e-01 -1.166325e+00 1.619694e+00 5.865890e-01 7.356611e-01
-1.026886e-01 -3.970528e-02 3.711757e-01 2.542320e-01 8.068843e-01 -4.115718e-01 6.270043e-01 -9.700705e-01 -3.333980e-01 1.298868e+00 -1.115766e+00 4.821748e-01
-2.570193e-02 1.456484e-01 -5.684903e-01 -1.311204e+00 2.895320e-01 3.186334e-02 9.041537e-02 -1.795673e-01 1.043530e+00 1.440757e+00 4.559927e-01 1.015948e+00
-4.830813e-01 5.472967e-01 -1.212064e+00 8.421930e-01 -1.938509e-01 1.622867e-01 -1.238462e-01 -5.984567e-01 -2.293885e-01 -7.495515e-01 2.192025e+00 -1.620504e+00
-1.383602e+00 1.842346e+00 1.813035e+00 1.381842e-01 -1.099162e+00 8.446169e-01 -1.121150e+00 -2.636304e+00 -2.892016e+00 1.116219e-02 1.814268e+00 1.328914e+00
-1.068218e-01 4.099266e-01 -4.685140e-01 -1.026567e+00 8.902500e-01 6.323102e-01 1.028221e+00 6.866608e-01 1.090032e+00 1.120887e+00 3.802003e-02 5.288012e-01
-1.764508e-01 -2.643291e-01 9.048920e-01 -6.160328e-01 1.055023e+00 -6.218790e-01 8.209332e-01 -1.238645e+00 -1.018998e+00 1.754930e+00 -2.623669e+00 1.391217e+00
-8.396415e-02 5.106310e-01 -3.535644e-01 1.327559e+00 -1.321753e-01 5.928303e-01 -6.699171e-01 2.899881e-01 4.131319e-01 3.092693e-01 -7.034717e-02 2.903519e-01
-3.794157e-01 7.687176e-01 -6.000655e-01 8.246195e-01 -1.473630e-01 1.052713e+00 -2.355577e-01 -1.609312e-01 3.281316e-01 -9.934486e-01 2.648870e+00 -1.308376e+00
2.385163e-02 6.032540e-01 1.048459e+00 -2.678955e-01 -2.254822e+00 -1.303541e+00 5.945586e-01 1.677454e+00 5.783259e-01 -1.517040e+00 9.239076e-01 -2.073035e-01
1.414111e-02 1.373558e-02 1.317836e+00 -8.212706e-01 1.620809e+00 -2.005344e-02 9.450432e-01 -6.434265e-01 -7.685628e-01 1.857741e+00 -2.646020e+00 2.319683e+00
-2.355680e-01 6.904623e-01 3.071580e-01 1.730911e-01 9.090969e-01 1.061052e+00 4.601768e-01 -3.337699e-01 4.403446e-01 -1.599155e-01 1.521788e+00 2.470644e-01
-1.512140e-01 6.404669e-01 -4.719239e-01 1.830432e+00 -5.390290e-01 8.786606e-01 -5.980338e-01 1.153996e+00 5.834270e-01 5.288388e-01 -7.561270e-01 9.575269e-01
2.589273e-01 -1.369094e-01 1.410107e+00 -4.372042e-01 -2.690288e-01 8.237213e-01 4.860549e-01 9.074480e-01 -1.949860e+00 1.884621e+00 7.162970e-01 -3.055168e+00
1.851824e-01 7.646171e-01 4.761115e-01 -1.530811e-01 -2.189386e+00 -6.824868e-01 3.127466e-01 1.614136e+00 5.697638e-01 -2.196458e+00 2.163935e-01 3.093641e-01
-1.207846e-01 6.810427e-01 7.757918e-01 3.802084e-01 -6.585638e-01 -6.767954e-01 1.344200e+00 2.413942e+00 -2.577496e-02 3.155969e-01 -1.527715e+00 1.535602e+00
-1.318873e-01 3.882614e-01 1.136102e+00 -6.455042e-01 1.569068e+00 3.872471e-01 8.120657e-01 -4.675952e-01 -4.010270e-01 1.151107e+00 -1.190948e+00 1.840770e+00
5.457954e-02 8.330967e-01 3.640957e-02 1.762626e+00 -1.452691e-01 -1.841063e+00 3.770947e-01 2.323018e+00 -8.129988e-02 3.894377e-01 -1.406417e+00 1.048091e+00
-2.788732e-01 5.121193e-01 -9.241570e-01 2.148848e+00 -1.148450e+00 9.462616e-01 -6.781487e-01 1.045428e+00 5.745371e-01 1.353795e-01 -8.974444e-01 1.163528e-01
8.438147e-01 8.353763e-01 8.858904e-01 9.794890e-01 9.294778e-01 -6.361485e-01 -5.534176e-01 -5.719589e-01 1.369168e+00 1.832970e+00 -7.726189e-01 -1.430443e+00
-2.852942e-02 1.285103e-01 -9.541563e-01 2.489071e+00 -1.424553e+00 -4.183378e-02 -9.317687e-01 1.095597e+00 5.002239e-01 -4.125961e-01 -7.798792e-01 -4.453938e-01
2.930636e-01 3.368851e-01 -3.902640e-01 2.108936e+00 -5.969869e-01 -1.007648e+00 -6.753691e-01 1.459837e+00 2.159549e-01 -4.752402e-01 -1.085264e+00 7.459879e-02
-1.206914e-01 1.123819e+00 1.560114e-01 1.300820e+00 6.090417e-02 -1.763665e+00 8.860974e-01 2.646935e+00 -2.227658e-01 5.373499e-01 -1.681070e+00 1.514587e+00
-1.407918e-01 5.048944e-01 6.687618e-01 3.940815e-01 5.386038e-01 -2.145514e+00 -1.453056e+00 1.087977e+00 -5.089623e-01 6.020332e-01 2.168758e+00 2.719575e-01
-1.600314e-01 1.060307e+00 4.966657e-01 -1.506574e-02 -3.353650e-01 -2.293234e+00 -8.211462e-01 9.255157e-01 -2.622692e-01 8.953139e-01 1.763586e+00 2.460689e-01
-1.678894e-01 2.097240e-01 -1.000735e+00 2.269591e+00 -1.495803e+00 7.252179e-01 -4.148113e-01 7.200769e-01 8.303054e-01 -8.045333e-02 -8.385972e-01 -3.829125e-01
-2.920638e-02 7.874380e-01 7.879068e-01 3.884668e-01 -2.004888e+00 -8.467057e-02 3.915042e-01 1.972838e+00 4.198712e-01 -1.008787e+00 -5.498486e-01 9.057903e-01
-1.808361e+00 1.314515e-01 -1.252340e-01 1.216041e+00 2.013610e+00 3.008787e+00 1.341508e+00 -3.318604e-01 2.830811e+00 1.845428e+00 -4.196389e-02 -8.762649e-01
-1.173043e-01 1.224950e+00 1.107574e+00 -2.367633e-01 -1.968197e+00 -1.917739e+00 7.837025e-01 1.247375e+00 4.745269e-01 1.230800e-02 1.137408e+00 -6.498135e-01
-2.121648e-01 9.817305e-01 1.402895e+00 9.259224e-04 -1.545144e+00 -1.818450e+00 2.058323e-01 7.146394e-01 7.230649e-02 1.766907e+00 1.084165e+00 -1.166759e-02
3.424875e-02 1.390135e+00 1.093302e+00 -4.325861e-01 -2.190422e+00 -2.030663e+00 1.306911e+00 6.047860e-01 5.045264e-01 1.125719e+00 7.839205e-01 -2.097469e-01
-2.987663e+00 2.166430e+00 1.769343e+00 -2.147438e-01 -8.173866e-01 4.025280e-02 -1.151087e+00 -4.175267e+00 -3.013219e+00 -2.744487e-01 2.168966e+00 1.326788e+00
2.341321e+00 -6.659167e-01 -6.410657e-01 -9.388676e-01 -6.688767e-01 -2.132212e+00 -1.053053e+00 2.704521e+00 -5.801730e-01 2.081715e+00 1.545962e+00 3.455621e+00
3.190108e-01 4.657930e-01 -2.679573e+00 1.577264e+00 -1.944927e+00 -1.123776e+00 2.000633e+00 -2.102336e+00 5.768576e-02 -1.307441e+00 2.521291e-01 1.857802e+00
1.021760e+00 2.064594e-01 -1.914436e-01 -4.810209e-01 6.413382e-01 -1.472806e+00 -1.855989e+00 9.502913e-01 -1.686653e+00 1.409415e+00 4.326312e-01 9.606268e-01
1.032352e-02 7.992840e-01 1.253825e+00 6.333124e-01 1.569106e+00 -1.712067e+00 -2.104878e+00 4.565548e-01 -5.378952e-02 4.910580e-01 1.914951e+00 -1.487629e-01
1.415723e+00 8.755051e-01 1.427664e+00 7.614835e-01 2.381104e+00 -8.383945e-01 -1.429374e+00 4.489900e-01 8.967339e-01 1.405391e+00 -2.656609e-01 -1.545107e+00
4.078798e+00 1.515103e+00 1.394121e+00 1.209349e+00 5.486854e-01 -6.079107e-01 -7.657664e-01 6.861677e-02 5.460686e-01 -1.226480e+00 -9.342141e-01 -2.659363e+00
-1.014300e+00 1.358022e+00 -6.342589e-01 1.500002e-01 1.654848e+00 8.574526e-01 -3.566537e-01 -1.824829e+00 -5.644813e-01 5.566611e-01 2.130211e-01 -2.925682e-03
5.907360e-01 1.890431e+00 4.982963e-01 1.828066e+00 1.671761e+00 -1.400054e+00 -1.699489e+00 -1.888090e+00 8.254185e-01 -1.426509e+00 9.655606e-01 1.380730e-01
-1.936325e+00 1.845691e+00 -3.644825e-01 -1.007338e+00 3.330914e-01 -1.941311e-01 3.916815e-01 -2.331315e+00 -4.413746e-01 -1.201349e+00 -3.002238e-02 1.751536e-01
-1.892648e+00 1.637578e+00 -8.453148e-01 1.089235e+00 2.658217e+00 2.801874e+00 -4.866530e-01 -2.139124e+00 2.172760e+00 1.422412e+00 -7.901825e-01 -3.077674e-01
-3.856056e+00 2.394568e+00 3.653320e-01 3.447789e+00 3.150214e+00 1.939052e+00 1.093701e+00 -6.484148e+00 1.494943e+00 -4.145370e+00 -4.048208e-01 -7.698960e-01
-1.029807e+00 2.360866e+00 1.270314e+00 2.620489e+00 2.094775e+00 -6.937023e-01 -7.924358e-01 -4.194284e+00 2.024006e+00 -2.682449e+00 1.628058e-01 -6.930959e-01
3.116633e+00 -1.397258e-01 1.592769e+00 1.485534e+00 1.959277e+00 5.347225e-01 1.026939e-01 2.017988e+00 9.822708e-01 9.767473e-01 3.632376e-01 -1.279483e+00
1.109362e+00 1.835773e-01 -1.330524e+00 -8.073514e-01 1.982651e-01 1.333204e+00 2.543365e+00 1.629738e+00 2.341508e+00 6.934325e-02 -3.346906e-01 -3.596842e-01
3.238887e+00 1.256676e-01 -2.396494e+00 2.191644e+00 -4.632615e+00 9.003641e-02 4.504241e+00 -2.267802e+00 -1.927991e+00 2.987063e-01 3.178840e-01 -2.590357e-01
4.679711e+00 -6.482017e-01 1.117963e+00 1.038854e+00 1.350820e+00 1.692679e+00 2.246546e+00 2.994192e+00 1.656128e+00 1.510866e+00 -3.386717e-01 -1.431860e+00
3.800692e+00 -1.794197e-01 -1.736473e+00 2.919449e+00 -2.893692e+00 1.610259e+00 3.597092e+00 -9.970241e-01 -3.329597e+00 1.677694e+00 -1.575244e-01 -7.250320e-01
3.903883e+00 -7.418502e-01 -5.163990e-01 -3.010648e-01 1.396781e+00 1.323919e+00 2.899581e+00 3.620901e+00 1.863879e+00 1.616941e+00 -5.757601e-01 -1.132107e+00
