-7.469495e+00 -4.106417e-01 2.404900e+00 -4.462609e+00 2.075634e+00 3.655197e-01 -4.419244e+00 2.672138e+00 2.120800e-01 -1.310876e+00 8.969622e-01 2.637447e-01
-3.845672e+00 -7.182223e-01 1.266623e+00 -1.789952e+00 1.511559e+00 1.486508e+00 -2.083338e+00 1.244102e+00 -1.770661e+00 -1.572199e+00 -4.748755e-01 -1.502860e+00
4.043033e+00 -5.346969e+00 -9.876922e-01 -4.315696e+00 -8.987368e-01 2.930819e+00 -5.672635e-01 1.693961e+00 -3.614785e+00 1.294347e+00 -2.527319e+00 -2.322474e+00
5.973025e+00 -4.111508e+00 -1.930254e+00 -6.089770e+00 -1.155577e+00 1.653573e+00 -1.929174e+00 1.123597e+00 -4.374118e+00 5.332890e-01 -3.332161e+00 -3.720330e+00
-1.728180e+00 -3.463914e+00 -1.198573e+00 8.557587e-01 -6.812890e-01 1.251383e+00 -5.525900e-01 -5.219663e-01 -1.823020e-02 -2.444516e+00 -2.041415e+00 -2.219550e+00
5.296425e-01 -3.962463e+00 1.056528e+00 -4.694982e-01 7.065588e-01 2.461146e+00 2.435811e-01 2.259188e-01 -1.646515e+00 1.399605e+00 -2.199084e+00 6.507760e-01
-1.688004e+00 -3.444314e-01 -1.604772e+00 8.396626e-02 6.294587e-01 2.177887e-01 3.060602e-01 -1.472239e-01 6.189765e-01 1.520677e+00 2.565229e+00 5.963048e-01
-1.325483e+00 -1.566402e+00 3.660533e-01 1.639421e-01 -9.692875e-01 1.641104e+00 -1.443241e-01 -8.267870e-01 -6.604484e-01 -1.946571e+00 -1.251055e+00 -1.673265e+00
7.268057e+00 -1.534201e+00 -1.715339e+00 -5.703169e+00 -2.781831e-01 4.066094e-01 -2.317159e+00 -1.209352e+00 -3.876742e+00 1.150247e-01 -2.677899e+00 -3.194796e+00
-6.077716e+00 -2.960117e+00 -3.761713e+00 -1.703522e+00 -2.164531e+00 2.531356e+00 3.208678e+00 8.352602e-01 1.956951e+00 3.215906e+00 1.588097e+00 2.757653e+00
-3.156404e+00 -1.402676e-01 8.348328e-01 -4.875640e+00 5.191268e-01 -3.428430e-01 -3.296078e+00 1.615839e+00 -4.478950e-01 -5.041475e-01 1.261695e-01 2.676712e+00
-3.698597e+00 -4.394299e+00 -4.982604e+00 -2.192892e+00 -2.612435e+00 1.174760e+00 1.610123e+00 1.447032e+00 3.434536e+00 5.184070e+00 3.001504e+00 1.816888e+00
-9.533755e-01 -2.215292e+00 -1.128818e+00 3.141092e-01 6.412240e-01 4.100207e-01 -1.887821e+00 -1.543306e+00 -1.127900e-01 -3.771361e-01 -9.634050e-01 -7.729861e-01
-7.678240e-01 5.441879e-01 -5.625906e-01 5.232062e-01 5.018792e-01 -9.205090e-01 8.266443e-01 1.464957e-01 -3.319711e-01 5.158697e-01 9.727294e-01 4.281267e-01
-5.849949e-01 4.024584e-01 1.280117e+00 5.985163e-01 -3.133647e-01 1.226378e+00 2.830681e-01 -8.498181e-01 -1.098255e+00 -1.838677e+00 -8.549345e-01 -1.494801e+00
-1.733135e+00 -4.575302e-01 -5.239862e-01 1.050109e-01 -4.239728e-01 4.017542e-01 5.821702e-01 2.689981e-01 1.834367e-01 8.093546e-01 1.821510e+00 7.439554e-01
1.403996e+00 -4.018996e-01 -3.764331e-01 -1.022929e+00 -6.192077e-01 -2.668355e-01 -9.126762e-01 -1.950255e-01 -1.033636e+00 -1.068176e+00 -2.695561e+00 -5.727077e-01
-1.979769e+00 -3.440558e+00 -3.649122e+00 -2.615931e+00 -2.702556e+00 -8.603836e-01 -4.805989e-01 1.021140e+00 2.477262e+00 2.113151e+00 9.461685e-01 3.899722e-01
-7.243099e-01 1.432144e+00 1.384477e+00 1.163726e+00 3.730688e-02 1.627313e-01 2.374680e+00 1.442134e+00 -3.644721e-01 -1.537898e+00 5.390521e-01 6.929045e-01
-3.511007e-01 -7.268589e-01 7.890740e-01 7.350439e-01 1.096506e+00 2.028371e+00 1.867451e+00 -1.080414e+00 5.932751e-01 1.692549e-01 8.331636e-01 1.073780e+00
-9.751745e-01 -1.855481e+00 2.300415e+00 2.481561e+00 -3.530414e-01 -2.414545e+00 2.912616e+00 9.293682e-01 -2.513507e+00 -1.276681e+00 2.905090e-01 -2.554817e+00
2.865464e+00 1.386720e+00 1.802303e-01 -8.223528e-01 8.638240e-01 -1.208512e+00 -2.041632e+00 -2.822963e+00 -5.820075e-01 4.197339e-01 -1.940427e+00 -3.346105e-01
-4.874040e-01 -1.553186e-01 1.663786e-01 1.434694e-01 -1.756555e+00 -2.963127e-01 2.501642e-01 1.441725e+00 -2.508340e-01 -7.773864e-01 -9.827728e-01 1.429368e-02
-6.938684e+00 8.797905e-01 -4.343282e-01 -6.326982e-01 1.527848e+00 1.757318e+00 4.567484e+00 -2.972381e+00 6.452597e-01 1.154831e+00 4.129046e-01 1.639698e+00
-1.042208e+00 -7.052862e-01 -1.164315e-01 1.466314e-01 -1.661284e+00 -1.134730e-01 3.569138e-01 1.351199e+00 2.838294e-01 2.081542e-01 -6.605732e-01 3.868863e-01
5.962321e+00 1.994869e+00 -1.086081e+00 -4.115970e+00 3.085279e-01 -1.019215e+00 -2.234486e+00 -4.108953e+00 -2.407749e+00 -6.462209e-01 -7.460535e-01 -2.146059e+00
-7.187910e-02 2.363863e-01 -7.417293e-01 1.010186e+00 -1.344088e+00 -9.581011e-01 -3.688397e-01 -1.014224e+00 2.357307e+00 -5.654986e-01 9.370716e-01 -1.500970e+00
-4.223711e-01 -2.863200e+00 2.192493e+00 3.087844e+00 -1.670939e+00 -1.292501e+00 1.415097e+00 -1.430393e-01 -3.949834e+00 2.281620e-01 6.037566e-01 -6.983594e-01
1.188853e+00 -2.445034e+00 -2.642018e-01 1.469174e+00 -1.003218e+00 -1.955700e-03 2.010375e+00 -1.982135e+00 -8.354831e-01 6.724464e-01 -1.276222e-01 1.265830e+00
-1.901035e-01 -9.107611e-01 1.337328e-01 2.402159e-01 -1.865748e-01 8.579432e-01 -2.247766e-01 -1.482988e+00 -2.557150e-01 -9.958550e-01 1.286153e-01 5.623436e-03
1.267850e+00 -1.581833e+00 -1.944039e+00 -1.176099e+00 -1.280907e+00 -3.089371e+00 -8.152193e-01 3.054305e-01 -1.613677e-01 -2.191847e-01 1.285270e-01 -7.064104e-03
-1.071104e+00 -6.339144e-01 3.410239e+00 2.078423e+00 -6.388196e-01 3.835301e-01 -5.503467e-01 -4.581524e-01 -2.718491e+00 -9.019659e-01 -7.998115e-01 -1.262091e+00
-3.663229e-01 4.590771e-01 1.019752e+00 9.491040e-01 -5.031457e-01 2.466484e-01 -1.582716e+00 -6.511148e-01 1.101928e+00 -1.075419e+00 9.609600e-01 1.837661e-01
2.175071e+00 -1.287140e+00 -4.553031e-02 3.629454e+00 -3.119730e-01 1.773783e+00 2.126884e+00 -1.511816e+00 -7.840880e-01 1.016623e+00 4.427893e-01 5.936245e-02
-1.416836e-02 -5.034245e-01 8.815853e-01 1.417230e+00 4.685860e-02 -1.555924e+00 1.539849e+00 1.787296e+00 -1.043019e+00 -1.785057e+00 2.568056e-01 -1.281093e+00
-2.090988e-02 -4.119312e+00 -3.190341e-01 2.721672e+00 -1.569838e+00 -1.825339e+00 2.338814e+00 2.171455e+00 -2.482927e+00 1.315892e+00 2.677261e+00 -1.070583e+00
-8.845441e-02 -1.248138e+00 -4.281320e-01 -1.115143e-01 -7.023770e-01 -2.015637e-01 -1.098626e+00 -1.390478e+00 -5.135754e-01 -1.031993e+00 -7.845400e-01 -5.812045e-01
3.980014e-02 -5.417654e-01 -4.867939e-01 7.069329e-01 1.903499e-01 -2.842523e-01 -2.980199e-01 -9.468973e-01 5.238705e-01 6.676338e-02 1.835658e-01 -4.515622e-01
-6.367294e-01 -7.879120e-01 1.850822e-01 7.378652e-01 2.467285e+00 6.998838e-01 -1.119051e+00 1.034203e+00 1.043984e+00 -9.718080e-01 -3.272747e-01 1.682200e+00
-7.307914e-01 -1.418137e+00 1.465732e+00 1.436926e+00 -3.451018e-01 -6.978170e-01 1.511626e+00 -3.222101e-01 -1.882941e+00 1.072633e-01 3.091220e-01 -4.237151e-01
-5.314239e-01 -1.257978e+00 -9.276533e-01 1.457273e+00 4.472190e-01 -2.280939e+00 1.988852e+00 2.775599e+00 9.756668e-01 6.920666e-01 2.357779e+00 5.402779e-01
2.132427e-01 -8.468916e-01 -7.068132e-01 -9.960403e-02 3.528543e-01 -1.174371e+00 -5.194800e-01 -1.433989e+00 -1.449990e-01 4.147901e-01 -6.192688e-01 -4.673270e-01
-1.221009e+00 -7.239643e-01 1.373702e+00 6.030082e-01 -8.993400e-01 6.973993e-01 -9.163876e-01 1.866155e+00 -5.652027e-01 -7.833378e-01 2.161167e-01 1.857833e-01
1.018504e+00 1.962972e-01 -7.059278e-02 1.813234e+00 1.458983e-01 5.730207e-01 1.281997e-01 -5.545312e-01 -1.745057e+00 1.915007e-01 -3.487867e-01 -2.258018e+00
6.335251e-01 2.395916e-01 3.840179e-01 7.017606e-01 2.115378e+00 -2.662314e-01 1.612739e+00 -2.927328e-01 1.727675e+00 1.636709e+00 1.301955e+00 8.248978e-01
-1.038198e+00 1.275818e+00 2.630383e+00 1.603427e+00 -5.486342e-01 -7.015810e-02 -1.159573e-01 -1.795792e+00 -1.021112e+00 1.443004e-01 4.043097e+00 -3.034657e-01
3.256949e-01 -8.874787e-02 5.757067e-01 -4.495365e-01 -6.980951e-01 -3.509659e-01 -1.012120e+00 1.062954e+00 -2.536525e-01 -1.213079e+00 -3.209512e-01 -1.011381e+00
2.564043e-01 -3.529546e-02 5.087544e-01 -6.663507e-01 -2.175682e-01 -7.849323e-01 -3.901719e-01 1.331209e+00 -7.556552e-01 -7.703835e-01 -8.174967e-01 -1.733224e+00
3.016645e-01 -1.391387e-01 -1.225570e-01 -1.580843e+00 -2.156442e-02 -6.647474e-01 -6.446829e-01 1.290386e+00 -5.418970e-01 2.992279e-01 -8.278644e-02 -9.303089e-01
3.612679e-01 5.293291e-01 -2.616505e-01 -1.342245e+00 3.023991e-01 1.801266e-01 -1.216072e-01 5.584897e-02 -6.613384e-01 4.099599e-01 -1.869388e-02 6.977860e-01
1.149557e+00 -4.995007e-02 -1.124976e+00 -1.708798e+00 -1.384537e+00 -2.238192e-01 2.401174e-01 -3.677372e-01 -2.821306e-01 -1.095849e-01 -5.920148e-01 -1.565321e-01
1.032650e+00 1.468089e-01 -8.776628e-01 -1.203582e+00 -2.285875e+00 -3.789341e-01 -3.094678e-02 4.873644e-01 4.175552e-01 -2.247264e-01 5.393235e-01 5.703349e-01
4.782871e-01 5.233669e-01 -7.238837e-02 -1.036915e-01 -1.567652e+00 -1.711919e-01 1.089103e+00 1.185434e+00 1.156914e-01 -2.149992e-01 3.487063e-01 -6.280975e-02
-5.921677e-01 1.110601e-01 8.942950e-01 1.426523e-01 1.533233e-01 -3.887649e-01 -4.873586e-01 1.053210e+00 9.957455e-01 -8.762551e-03 5.652334e-01 -3.755487e-01
-9.438885e-01 8.098869e-01 1.665020e+00 1.125091e+00 2.454961e+00 4.730528e-01 -1.418116e+00 -1.194377e-01 3.286583e-01 -8.652457e-01 5.099750e-01 1.876968e-01
-6.305054e-01 -2.547627e-01 6.997951e-01 9.971329e-01 1.689101e+00 -2.285693e-01 -5.314459e-01 -7.292566e-01 -2.767535e-01 -1.770373e+00 9.402771e-02 3.085459e-01
-1.270907e-01 6.118686e-02 -1.589533e-01 1.212165e+00 9.875416e-01 -2.184106e-01 -5.388300e-02 -8.125465e-02 1.553428e-02 -2.154210e+00 -1.200913e+00 -1.233741e-01
2.577658e-02 1.132315e-01 -1.421008e-01 7.331487e-01 -1.800484e-01 8.639945e-01 1.049520e+00 3.639700e-01 -4.755861e-01 -4.432820e-01 -1.081168e+00 -1.936337e-01
-1.991309e-01 -2.153174e-01 -1.058212e-01 2.195041e-01 -7.924531e-01 7.817599e-01 7.046719e-01 -4.491708e-01 2.442438e-01 6.072083e-01 -1.141855e+00 -1.135557e+00
1.700569e-01 1.269000e-01 -1.987019e-01 -3.277081e-01 3.563311e-02 8.882848e-01 6.993805e-01 -2.228901e-01 2.038573e-01 1.019305e+00 -1.340097e+00 -1.526687e+00
-1.440082e-01 -6.764120e-01 -5.894881e-01 -8.932388e-01 -5.638961e-01 -8.514802e-01 -7.791333e-02 -3.592820e-01 -7.970514e-02 6.202106e-01 2.343587e-01 -1.277883e+00
-2.909393e-01 -3.675534e-01 -9.084185e-01 4.806993e-02 7.183744e-01 -6.102557e-01 -1.657502e-01 -1.027632e-01 -3.769221e-01 -1.039687e+00 -1.387294e-01 -5.566187e-02
-1.035707e+00 -1.112758e+00 -5.246772e-01 -4.875127e-01 2.263842e-02 1.729592e-01 -1.216818e+00 -1.276222e+00 -4.450841e-01 5.346503e-01 5.279452e-01 1.261551e+00
-8.572497e-01 -7.385928e-01 1.066332e-01 2.563160e-02 -9.292361e-01 6.970297e-01 -9.182569e-01 -1.210748e+00 -6.227280e-01 1.315180e+00 1.755288e+00 1.651763e+00
1.222852e+00 -1.183951e+00 -1.248428e+00 7.474138e-01 1.580838e+00 9.991223e-01 1.417039e+00 8.236368e-01 4.127271e-01 -6.872531e-01 -1.399554e+00 -4.020914e-01
5.942794e-01 -7.623435e-01 -6.296685e-01 1.067084e+00 -2.528822e-01 1.647549e-01 9.825430e-01 6.919134e-02 -4.405261e-02 -4.571045e-01 -8.732767e-02 -6.236221e-01
-5.218720e-01 4.804344e-02 4.304543e-01 1.242983e+00 3.200986e-01 -1.232486e+00 -1.563442e+00 -7.624345e-01 4.410086e-01 6.120436e-01 1.470127e+00 -2.343784e-01
-9.602838e-01 1.281076e+00 1.226927e+00 3.984050e-01 8.317711e-02 -1.058830e+00 -1.007533e+00 -1.486553e+00 -5.565803e-02 1.371011e+00 1.250902e+00 -2.655933e-01
8.779678e-02 1.394552e+00 4.979947e-01 -6.505358e-01 -7.782985e-01 2.319256e-01 -3.823866e-01 -6.274831e-02 -1.083145e+00 -2.443194e-01 -4.777267e-02 -2.884542e-01
7.265807e-01 4.920441e-01 -1.210393e-01 -1.404391e+00 -4.699799e-01 9.109912e-01 8.111591e-01 1.181386e+00 -1.734494e+00 -1.949382e+00 -2.686537e+00 -6.290699e-01
1.015895e-01 5.728854e-01 3.932997e-01 -1.064117e+00 -7.826735e-01 9.695727e-01 1.234667e+00 -1.746078e-01 -6.482534e-01 -1.459040e+00 -1.971365e+00 3.549489e-01
-8.113879e-01 6.686651e-01 1.151260e+00 -4.253844e-01 -2.567341e-01 -2.379386e-01 -1.379586e+00 -1.839766e-01 -4.786655e-01 -1.011113e+00 2.253849e+00 5.497073e-01
-2.983413e-01 8.144524e-01 1.555707e+00 1.565148e+00 8.908308e-01 -1.511963e-01 -1.468092e+00 -4.722540e-01 1.017453e+00 5.864687e-01 2.116437e+00 -1.561112e-01
7.985950e-01 3.095071e-01 8.730510e-01 7.928189e-01 1.102004e-02 -4.912883e-01 -5.892978e-02 2.322330e-01 4.118905e-02 -4.639225e-01 6.585002e-02 -1.436383e+00
8.944370e-01 -2.808414e-01 1.321414e-01 -3.847180e-01 -4.594260e-01 -2.969683e-01 7.369922e-01 2.089404e-01 -6.119860e-01 -1.091805e+00 -2.516627e+00 -1.454560e+00
-2.483243e-01 -8.765413e-01 -1.165926e-01 -1.970027e-01 -6.441828e-01 -1.092198e+00 1.301190e+00 -7.258780e-01 9.548849e-01 3.722098e-01 -2.327350e+00 6.968473e-01
1.476683e-01 1.956458e-01 4.339736e-01 5.513598e-01 1.267470e+00 1.319891e+00 -1.290418e+00 -1.810343e+00 1.216703e+00 2.347899e-01 -1.796108e-01 4.747516e-01
2.725531e-01 -1.872130e-01 -1.480993e-01 -7.122365e-01 -8.685466e-01 2.233938e-01 -3.490425e-01 2.980595e-01 1.039001e+00 -9.145231e-01 1.438835e+00 7.990152e-01
1.376614e+00 -2.200491e-01 -1.427127e+00 -2.289445e+00 -2.434005e+00 3.023939e-01 1.163481e-01 -4.415069e-01 6.229134e-01 -3.571480e-01 6.795717e-01 1.112872e+00
1.146761e+00 -4.532140e-01 -1.116098e+00 -1.675396e+00 -2.900658e+00 -4.531994e-01 1.805938e+00 -7.326678e-01 -1.077029e+00 3.506199e-01 -5.964579e-01 -1.100056e+00
6.871591e-01 -1.026515e+00 -2.667462e-01 4.384999e-01 -1.818618e+00 -2.171928e+00 1.472012e+00 1.009464e+00 -5.767082e-01 3.364761e-01 -1.785723e+00 -1.824690e+00
-1.990507e-01 -6.075716e-02 1.599018e+00 2.015017e+00 2.185051e+00 -5.288949e-01 -6.833550e-01 5.960056e-01 6.172538e-01 8.000778e-01 -1.080481e+00 1.227655e-02
-1.113277e+00 -3.837645e-01 1.271984e+00 1.834509e+00 3.627570e+00 3.051605e-01 -1.343500e+00 7.898654e-01 6.895781e-01 -2.386021e-01 1.574450e-01 6.392090e-01
-7.117656e-01 -2.270849e-01 1.525854e-01 5.090243e-01 7.024883e-01 -1.200589e+00 4.604267e-01 -4.308279e-01 5.586872e-01 -9.117956e-01 3.382450e-01 -4.153215e-01
5.915616e-01 3.274248e-02 3.155689e-02 -1.003348e+00 -7.520313e-01 1.958753e-01 4.972886e-01 6.426904e-01 -2.786912e-01 1.572537e+00 2.424619e-01 1.141861e-01
-1.452152e-01 2.579365e-01 9.005072e-01 -2.541650e-02 -1.431086e+00 -6.127469e-01 -9.009565e-01 -6.389559e-01 3.555912e-01 2.772673e+00 2.384232e+00 9.788508e-01
-6.928220e-01 -1.855463e-01 3.417631e-01 6.579928e-01 -1.500287e+00 -1.790016e+00 -1.857297e+00 -2.024951e+00 -2.742510e-01 1.199155e+00 1.740892e+00 8.608946e-01
-3.449877e-01 5.998806e-01 3.033611e-01 1.359032e+00 -3.964531e-01 -7.391590e-01 -6.241699e-01 -1.011874e-01 3.725509e-01 -1.198000e-01 1.241649e-01 2.047483e-01
1.772900e-02 2.749011e-01 -3.206984e-01 1.127323e+00 6.813263e-01 2.940284e-01 9.327453e-01 5.135765e-02 -2.693470e-01 -1.819978e+00 -7.408093e-02 3.027902e-01
3.494142e-01 4.722695e-01 3.928547e-01 1.068332e+00 1.482679e+00 1.348813e+00 8.151627e-01 4.053881e-01 -3.050127e-01 -5.069766e-01 1.417850e+00 7.669626e-01
-2.209082e-01 -3.895497e-02 4.643151e-01 -1.851746e-01 8.289989e-01 -3.718926e-01 -1.694767e-01 3.446267e-01 7.407834e-02 5.745541e-01 6.330374e-01 1.215761e-01
-3.510353e-01 -6.634816e-01 -8.676045e-02 -9.559177e-01 2.861388e-01 -1.210655e+00 -1.810056e+00 -3.969151e-01 2.405501e-01 8.403543e-01 -6.168946e-01 2.522183e-01
-2.989470e-01 1.957583e-02 9.975050e-02 -9.751440e-01 -6.401675e-01 -3.152986e-01 -6.121122e-01 3.232441e-01 1.025563e-01 7.244804e-01 -2.690519e+00 -3.338824e-01
-1.742691e-01 2.983032e-01 1.550472e-01 -4.624457e-01 -5.458712e-01 3.225222e-01 9.611378e-01 1.356560e-01 -4.620670e-01 -7.581242e-01 -1.568148e+00 3.610546e-01
-2.621598e-01 -1.535413e-02 3.909375e-01 -1.478591e-01 -4.338932e-01 1.078993e+00 8.938534e-01 -1.266475e+00 -1.712335e+00 -1.307570e+00 8.035754e-01 1.004657e+00
-8.740368e-02 1.844362e-01 3.794527e-01 -1.086985e-01 -1.251029e+00 3.537274e-01 6.818771e-03 -4.440608e-02 7.105382e-01 -4.897105e-01 3.392327e-01 -1.491369e+00
1.480923e-02 -2.943392e-02 -5.411637e-01 -5.398517e-01 -7.430444e-01 1.932374e-02 -5.553383e-01 -3.527763e-01 1.707875e+00 5.351734e-01 9.232248e-01 -6.159650e-01
3.189272e-01 -3.277202e-01 -5.546688e-01 -4.759078e-01 -5.342994e-01 -2.888118e-01 -2.152833e-01 5.374019e-01 1.328967e+00 9.048374e-01 6.149284e-01 -9.885422e-01
4.765075e-01 1.793601e-01 -5.887555e-01 -1.169426e-01 5.348203e-01 1.561804e-01 1.235013e+00 3.413831e-01 -1.741333e-01 -2.077240e-01 4.123171e-01 3.773539e-01
4.838324e-02 -2.409510e-01 -4.201162e-01 -3.709356e-02 1.697788e+00 8.927910e-02 8.927536e-03 5.636126e-01 -9.351241e-01 -8.980227e-01 5.580937e-01 2.287419e+00
5.473032e-02 -4.487328e-01 -2.869473e-01 7.997091e-02 8.529881e-01 7.358682e-01 -4.202756e-01 1.665397e+00 -2.093389e-01 -4.544437e-02 -4.399655e-01 3.908177e-01
-2.415121e-01 -7.134745e-01 -4.864916e-01 -3.975386e-01 -3.034399e-02 9.728963e-01 -3.948590e-01 1.109490e+00 -1.851183e-01 4.555690e-01 -5.936108e-01 3.654492e-01
-1.418052e-01 -9.630591e-01 4.849131e-02 -2.467745e-01 -3.966434e-01 9.302806e-01 3.505259e-02 9.868913e-01 -7.057118e-02 6.011840e-01 1.599561e-01 -4.772325e-01
-1.008822e-01 -5.936043e-01 -7.943550e-01 -4.525147e-01 1.218231e+00 -6.953076e-01 3.063744e-01 1.176170e+00 8.577460e-01 -1.443182e+00 -3.038124e+00 -5.250629e-01
3.347073e-01 -1.050362e+00 -1.077264e+00 -1.187360e+00 6.250639e-01 -2.533605e-01 7.133484e-01 1.122620e+00 4.783264e-01 -4.607036e-02 -2.207432e+00 -1.037577e-01
2.036512e-01 4.679626e-01 -6.176689e-01 -6.546956e-01 1.196686e+00 1.993742e-01 -1.368637e+00 -2.396512e-01 1.725674e+00 3.516870e-01 -1.245110e-01 5.078095e-01
4.210480e-01 2.073021e-02 1.490269e-01 6.180007e-01 8.936443e-01 -9.773183e-02 6.742446e-01 -8.645550e-01 1.303723e+00 3.123622e-01 1.205735e+00 1.354313e-03
-8.696833e-01 -3.945006e-01 1.020002e+00 6.391506e-01 -4.399478e-01 2.976551e-02 -3.039895e-01 1.198534e+00 -8.708420e-02 -1.399314e-02 -3.131576e-01 5.739260e-01
2.530828e-01 -6.734899e-01 7.254877e-02 -1.813898e-01 1.375470e-02 -5.635234e-01 -5.391484e-01 -1.400305e+00 1.086588e-01 -8.736235e-01 2.279947e-01 -4.481564e-01
-1.609842e+00 2.189873e+00 2.491032e+00 -1.920086e-01 -1.599787e+00 3.507622e-01 -1.264836e+00 -2.986112e+00 -3.323607e+00 -4.023630e-01 3.673512e+00 1.568831e-01
2.542237e-01 8.672993e-01 -2.932757e-01 1.213710e+00 1.127933e-01 7.680162e-01 4.797232e-01 7.507951e-01 9.351141e-01 3.935958e-01 6.024075e-02 8.214954e-01
-4.373736e-02 3.640806e-01 -4.933483e-01 3.592470e-01 -5.760286e-01 4.640613e-02 -2.647400e-02 -3.182947e-01 -1.181159e-01 -6.089205e-01 -8.112150e-01 2.301533e-01
1.611310e-01 -2.740353e-01 1.330505e-01 2.304185e-01 2.087029e-01 -1.627490e-01 -6.611692e-01 -5.010904e-01 -2.647944e-01 -3.895427e-01 3.625870e-03 4.108237e-01
-4.344665e-01 4.947720e-01 -1.772056e-01 -8.205710e-02 -4.567953e-01 2.323521e-01 -1.808193e-01 -3.310445e-01 -4.430704e-02 -1.122811e+00 -1.064468e-01 -7.502155e-02
-1.562193e-01 2.169762e-02 -9.391766e-01 1.012160e+00 -8.016281e-01 -7.817154e-02 -1.552585e+00 4.726360e-01 -2.040298e-01 -6.764222e-01 -7.088413e-02 -1.026523e+00
2.630288e-01 6.190805e-01 -3.148569e-01 1.373726e+00 -1.017390e-01 5.806180e-01 7.076816e-02 9.124315e-01 5.849892e-01 5.113223e-01 -2.612391e-01 4.909647e-01
1.004110e-01 9.307861e-03 -1.071159e-01 8.157749e-01 -1.240987e-01 -2.080240e-02 -7.687201e-01 7.741919e-01 5.877981e-02 7.028389e-02 -1.807374e-01 -3.236625e-01
-1.003768e-01 2.119928e-01 9.055672e-02 2.092333e-02 2.401755e-01 2.919893e-01 -9.645538e-01 2.128044e-01 -3.877455e-01 -4.431394e-01 1.087805e-01 7.173567e-01
-5.756161e-01 -5.952713e-01 1.401332e+00 1.119630e+00 -1.002692e+00 -1.465624e-01 -1.171516e-01 1.614674e+00 -1.175594e-01 -1.357914e+00 6.159908e-01 -1.429307e-01
-1.317610e-01 8.352886e-01 3.665736e-01 3.458850e-01 3.124061e-01 1.074206e+00 2.229678e-01 6.779990e-01 3.876114e-01 -1.131237e-01 6.453759e-01 1.039920e+00
-4.798567e-02 4.086378e-01 4.963098e-01 -2.819998e-01 6.753004e-01 4.289475e-01 -4.114940e-01 7.666025e-01 -4.872795e-01 1.467490e-03 6.485462e-02 1.168303e+00
-8.687635e-02 7.178116e-03 -9.133716e-01 1.165131e+00 -8.136913e-01 1.104622e-02 -1.231550e+00 7.844611e-01 -8.472042e-02 -3.676677e-01 1.569260e-01 -5.496844e-01
5.012778e-01 3.481886e-01 -8.527784e-02 1.430941e+00 -6.250954e-02 6.689368e-01 -5.045805e-02 9.319912e-01 7.945455e-01 6.189164e-01 -6.703568e-02 4.452320e-01
-1.407502e-01 1.165347e+00 3.373182e-01 1.131677e-01 -1.256061e+00 -1.393287e+00 9.858271e-01 2.768808e+00 -6.594308e-01 -5.237097e-01 -6.082588e-01 2.832544e-01
-6.238960e-01 9.624119e-02 -3.046564e-01 1.033466e+00 -8.849794e-01 -1.947897e-01 -8.259689e-01 7.429733e-01 9.529801e-02 -3.575888e-01 -5.632854e-01 3.733330e-02
-2.579091e-01 1.183406e+00 3.704864e-01 3.888593e-01 -1.810637e+00 -1.563438e+00 1.049616e+00 2.438975e+00 -6.737868e-01 -9.245577e-02 -4.184980e-01 -7.058945e-02
-5.891125e-01 3.328865e-01 -8.302960e-01 1.317888e+00 -9.283992e-01 4.913969e-02 -1.221069e+00 1.014868e+00 3.881407e-02 -3.313029e-01 -7.104035e-02 -4.390567e-01
1.163543e+00 2.361585e+00 -1.372532e+00 -2.505317e+00 7.643312e-01 2.771309e+00 -2.039750e+00 -2.822460e-01 3.320854e+00 1.591585e+00 -1.520989e-01 2.090807e+00
-2.521098e-01 1.373339e+00 7.061450e-01 1.719072e-01 -2.304495e+00 -1.421691e+00 6.899046e-01 2.049735e+00 -1.024428e-01 -6.737385e-02 2.881354e-01 -5.906354e-01
3.931110e-01 1.107796e+00 1.258022e+00 4.650156e-01 -3.395275e-01 -1.691391e+00 -4.636287e-01 6.341847e-01 6.865928e-01 6.452733e-01 1.537573e+00 1.187227e-01
3.155479e+00 4.350501e-01 2.744635e-01 -4.588415e-02 1.991490e-01 -2.409139e+00 2.984040e-01 8.379539e-01 -8.515846e-01 -7.719695e-01 6.098124e-01 -2.147610e-01
-3.316771e-02 1.366256e+00 1.445581e+00 4.702415e-02 -1.432584e+00 -1.217612e+00 5.652609e-02 1.475667e+00 1.035030e-01 7.732979e-01 9.795142e-01 2.015266e-01
-1.442737e-01 1.367012e+00 1.294300e+00 1.519693e-02 -2.147539e+00 -1.155454e+00 4.647971e-01 1.784562e+00 -2.452173e-02 5.567769e-01 5.355139e-01 -2.907557e-01
-1.273243e+00 2.378200e+00 1.364335e+00 -2.682119e-01 -1.222250e+00 9.151388e-01 -1.855242e+00 -2.236662e+00 -1.853905e+00 1.791274e+00 2.230107e+00 6.182529e-01
-1.771442e-01 2.743193e-01 7.346683e-01 1.125148e+00 -9.078101e-01 -8.454868e-01 -1.782579e-01 1.920845e+00 1.381149e-02 -1.610370e+00 4.131351e-01 -6.974679e-01
1.828946e+00 9.054075e-01 -1.968589e+00 -1.650804e+00 8.978223e-01 2.390120e+00 -1.612488e+00 2.213689e-01 2.847000e+00 9.399349e-01 -9.350269e-01 1.404904e+00
2.880868e-01 1.374125e+00 -2.677732e-02 5.608883e-01 -9.523377e-01 -1.832046e+00 9.020017e-01 2.340350e+00 -4.606884e-01 -7.569744e-01 -8.521379e-01 9.765110e-02
-8.321705e-02 2.375821e+00 -7.104131e-02 -9.408329e-01 2.263143e+00 1.593786e+00 -6.741480e-01 -2.563161e+00 1.966461e+00 1.805825e+00 -6.217123e-01 1.695922e+00
8.117254e-01 1.286653e+00 4.477505e-01 1.358416e+00 1.032248e+00 -1.846563e+00 -1.403251e+00 -5.677490e-02 8.683669e-01 7.730480e-01 1.436039e+00 -1.094551e-01
-7.353105e-02 1.650911e+00 -2.068846e+00 -1.010069e+00 3.114546e+00 2.149809e-01 4.006673e-01 1.266320e+00 4.017983e+00 1.277203e+00 1.132765e+00 2.909877e+00
3.290400e-01 9.236540e-01 1.122608e-01 7.411300e-01 -8.745301e-01 -1.724680e+00 3.349741e-01 1.878683e+00 -3.061925e-01 -1.396768e+00 -5.353510e-01 -4.956836e-01
-5.773906e+00 4.034193e+00 2.263161e+00 5.492144e-02 4.216360e+00 1.154423e+00 4.366164e+00 -5.774714e+00 7.409020e-01 -1.114506e+00 -6.071852e-01 1.018140e+00
-2.837308e-01 3.364604e+00 -4.171376e-01 -1.355626e+00 3.353163e+00 2.969351e+00 2.905056e-01 -1.246301e+00 2.442907e+00 1.611980e+00 -3.848458e-01 1.658390e+00
3.315279e+00 1.392614e+00 2.074758e+00 -2.112054e-01 6.805488e-01 -6.892548e-01 1.889228e+00 2.459641e+00 -5.104129e-01 -1.503198e-01 1.277759e+00 7.873517e-01
1.296345e+00 1.996949e+00 1.240990e-01 1.821701e+00 2.276391e+00 -1.248054e+00 -1.671896e+00 -1.605727e+00 1.938484e+00 -1.811923e-01 1.377962e+00 -5.049517e-01
1.630764e+00 7.864544e-01 -1.147870e+00 -2.598492e+00 -2.780151e-01 -8.854923e-01 4.629536e-02 1.031180e+00 -3.460987e-01 4.455261e-01 -1.300405e+00 1.754030e+00
-3.125093e+00 4.986370e+00 2.748241e+00 3.097615e-01 5.728265e+00 3.131143e-01 2.313179e+00 -5.955192e+00 1.488170e+00 -1.593732e+00 -9.052759e-01 3.950569e-01
2.323346e-01 1.357684e+00 -9.458007e-01 1.801765e-01 1.218229e+00 2.149904e+00 -2.012788e+00 -1.326049e+00 -5.403519e-01 -2.385761e-01 -2.384839e+00 6.492664e-01
1.167402e-01 3.694788e+00 1.035792e+00 9.862814e-01 4.965249e+00 -1.285936e+00 -8.063316e-02 -3.993869e+00 2.502019e+00 -8.878635e-01 5.914457e-01 -4.713732e-01
3.521692e+00 1.290289e+00 -3.900475e+00 1.437532e-01 -2.381762e+00 -1.681707e+00 1.310384e+00 -6.727247e-01 1.854573e+00 1.709186e+00 8.730734e-01 -5.645617e-01
3.259525e+00 6.639313e-01 2.057664e+00 9.412959e-01 2.456685e+00 2.127420e+00 2.074124e+00 2.171648e+00 1.088675e-01 6.297781e-01 9.294349e-01 8.540328e-01
1.749722e+00 1.304546e-01 -1.564678e+00 5.450856e-01 2.697530e+00 1.701429e+00 -8.481293e-01 7.518791e-01 1.256170e+00 -4.173298e-01 -3.306962e+00 1.240423e-01
2.294947e+00 2.384525e-01 5.532234e-01 1.474646e+00 2.602764e+00 2.424804e+00 1.150092e+00 1.937248e+00 1.977388e+00 3.539565e-01 -1.227809e+00 -6.103389e-01
5.317920e+00 2.437840e+00 -4.067844e+00 -5.457950e-01 -2.354101e+00 -2.313862e+00 1.559759e+00 -6.714493e-01 2.799014e-01 1.557810e+00 -4.868867e-01 -3.132942e-02
