-1.369038e+00 -3.912069e-01 -3.244797e+00 1.744565e+00 1.375916e+00 -1.224158e+00 1.491841e+00 -2.387685e+00 5.258163e-01 -8.266350e-01 -6.570574e-01 -1.108321e+00
-3.136504e+00 5.107849e+00 -3.244153e+00 1.668727e+00 5.596671e-01 1.352416e+00 1.045317e+00 -2.375073e+00 2.321465e+00 -4.781508e-01 2.333144e+00 1.119239e+00
-4.624369e+00 1.729015e+00 -3.531927e-01 1.620182e+00 8.315790e-01 -2.701975e-01 1.303915e+00 -1.146673e+00 2.195155e+00 -6.825313e-01 -1.157481e+00 -8.196293e-01
-3.877028e+00 2.525383e+00 -1.072588e+00 -2.328668e-01 -1.231940e-01 -2.182829e-01 3.319820e+00 -5.101207e+00 3.094568e+00 -5.360221e-01 -7.341965e-01 5.304546e-01
-1.906406e+00 4.029212e+00 -3.767376e+00 2.274317e+00 9.787958e-01 2.023374e-01 -7.971448e-01 8.125451e-01 5.181268e-01 -1.174212e+00 2.069626e+00 -8.124352e-02
2.619821e+00 -1.202410e+00 -5.217238e+00 8.681973e-01 2.310271e+00 -1.533935e-01 8.898617e-01 -2.640674e+00 1.007728e+00 -9.801497e-01 -1.611784e+00 -1.430125e+00
-1.115165e+00 1.495418e+00 -2.822313e+00 1.581690e+00 9.242770e-01 -6.086790e-01 -2.765968e+00 3.973181e+00 -3.044730e+00 -1.846120e+00 1.116788e+00 -1.121225e+00
-7.135062e+00 3.653944e+00 2.139434e+00 7.784575e-01 -2.311293e-01 3.140357e-01 -1.861133e-01 1.501927e+00 1.999593e+00 -2.765580e-01 -8.765349e-01 -5.378574e-01
-2.445463e+00 2.836839e-01 -9.677210e-01 4.159531e-01 -8.606486e-01 -1.161817e+00 3.116610e+00 -3.766086e+00 1.514496e+00 -8.916287e-02 -2.094774e+00 -2.478841e-01
2.364323e+00 -1.911708e+00 -3.803151e+00 7.120088e-01 1.984141e+00 6.294976e-01 -1.639530e-01 -1.831898e+00 2.344911e-01 -4.558609e-01 -9.494850e-01 -9.192590e-01
-4.388846e+00 3.277433e+00 9.510319e-01 -3.073663e-01 -5.368218e-01 -1.103774e+00 -1.165129e+00 1.369010e+00 1.050401e+00 -1.282602e+00 -1.051475e+00 -1.851722e-01
3.687608e+00 -7.247560e+00 3.273977e+00 -2.798913e+00 -3.070545e+00 2.906000e+00 -1.097431e+00 6.154271e+00 2.120402e-01 1.551251e+00 2.622966e+00 -1.320803e+00
6.723461e-02 -4.529671e-01 -7.861415e-01 3.684424e-01 2.765156e-01 -4.638684e-01 -2.070113e+00 3.288833e+00 -3.933065e+00 7.779319e-01 -2.065331e-01 3.062798e-01
8.587614e-01 -3.308056e+00 1.975507e+00 -1.770094e+00 -7.228634e-01 2.658802e+00 7.423350e-01 3.109215e+00 -1.425516e+00 3.491446e-01 2.108599e+00 1.202373e+00
-6.216720e-01 9.568677e-01 -7.338872e-01 -1.739214e-01 8.604119e-01 7.764938e-01 -5.352700e-01 -8.903858e-01 2.065929e-01 3.813683e-01 4.051508e-02 -7.322149e-01
-1.150315e+00 -1.550360e+00 6.569464e-01 -1.324756e+00 -3.045333e-01 8.550175e-01 -1.310826e+00 1.117074e+00 -8.922912e-01 1.363851e+00 -8.768581e-01 -1.569388e-02
-1.961691e-01 1.845763e-01 6.772906e-01 2.226162e-03 1.675627e-01 1.726330e+00 -1.093391e+00 -4.645527e-01 1.593014e-01 5.053897e-01 -7.729832e-01 -6.070954e-01
-8.140458e-01 -9.402126e-01 -9.977661e-01 3.386555e-01 -4.487273e-01 -2.100332e+00 1.515039e+00 -1.042658e-01 3.046682e-01 -2.413102e+00 -3.336301e+00 -1.890524e+00
-4.724806e-01 1.194728e+00 -1.066289e+00 2.919620e-01 1.118209e+00 8.168308e-01 -1.464085e-01 -1.054383e+00 -7.039547e-01 1.188201e-02 -2.909753e-01 1.439091e-01
6.049538e-03 6.155623e-01 9.620436e-01 -1.999726e-02 2.841355e-01 8.387232e-01 1.637611e+00 3.325123e-01 4.328245e-01 -6.638607e-01 4.210481e-01 5.470914e-01
-2.095222e-02 5.559446e-01 8.275484e-01 6.957045e-01 -1.783788e-01 1.089674e+00 4.916597e-01 4.325171e-01 -6.382232e-01 -5.649526e-01 1.236252e-01 1.187307e+00
-1.060353e+00 2.914309e+00 -1.680988e+00 -8.178095e-01 -4.239241e-01 -1.838356e+00 7.699478e-02 -2.577916e-01 7.410993e-02 -1.545970e+00 -6.206805e-01 1.606890e+00
-3.222115e-01 -1.394622e+00 3.049151e-01 -8.321578e-01 -7.829117e-01 9.657690e-01 8.333019e-01 -1.941162e-01 -2.486157e+00 -8.940846e-01 1.058743e+00 1.763240e+00
-1.968670e-01 1.872261e+00 -1.053964e+00 1.311190e+00 1.686866e-02 -5.877489e-01 1.154527e+00 -9.002626e-02 -2.498342e+00 -1.115531e+00 5.065726e-01 2.986766e+00
7.450679e+00 -8.182089e+00 4.286942e+00 -3.345331e+00 -4.948414e+00 -1.008892e+00 -4.782540e+00 5.046111e+00 -6.430588e-01 -3.483390e-01 -8.823498e-01 -2.930671e+00
5.605553e-01 1.740467e+00 -5.784516e-01 1.679371e+00 -7.937572e-01 1.029226e+00 9.979774e-01 -3.620397e-01 -1.652966e+00 9.316134e-01 -7.171693e-01 2.388641e+00
-1.799607e-01 -7.221702e-01 8.870196e-02 5.533233e-01 1.011467e+00 8.390223e-01 1.962404e+00 6.128175e-01 -1.883135e-02 -2.228912e+00 -5.988930e-01 -7.764086e-01
4.788465e-02 -5.438758e-01 7.306929e-01 7.724283e-02 -3.930200e-01 2.588367e-01 1.267689e+00 -9.243550e-02 3.591490e-01 -7.617260e-01 -3.630915e-02 -7.497308e-02
3.767908e-01 -1.759447e-01 6.956462e-01 -9.377837e-01 -1.732991e+00 9.141550e-02 1.379455e+00 3.245423e-02 -7.743408e-01 1.805799e-01 4.300507e-01 4.723170e-01
1.558193e-01 7.551598e-03 6.523743e-02 -1.413224e+00 -1.939466e+00 -5.881604e-01 8.876159e-02 8.289444e-01 -6.861845e-01 1.615050e+00 1.264504e+00 8.597541e-03
-2.644194e-01 -8.234744e-02 -5.619997e-01 -4.824673e-01 -7.995039e-01 6.300312e-01 1.589575e+00 1.559459e+00 -4.854643e-01 1.613915e-01 2.421651e-02 -1.296986e+00
-4.455716e-01 -1.491429e-01 -6.044730e-01 5.832719e-01 6.651285e-01 1.558450e+00 1.509187e+00 1.300896e+00 3.186774e-01 -9.734928e-01 -5.172696e-01 -1.232779e+00
-5.030055e-01 -1.129652e-01 1.041537e-01 9.807279e-01 7.686861e-01 6.417329e-01 4.501908e-02 1.074713e-01 9.630077e-01 -6.941999e-01 -5.746956e-02 -2.996017e-01
-2.916979e-01 5.098718e-01 3.014929e-01 -9.716670e-02 7.012051e-01 1.291528e+00 4.672109e-01 -7.867643e-01 -5.082764e-01 -8.343581e-01 7.276362e-01 9.977998e-01
-7.372608e-01 7.828045e-01 3.965578e-01 -4.079379e-01 2.692476e-01 2.665317e-01 -1.302013e-02 5.765070e-02 -8.688490e-01 1.168058e-01 1.971568e+00 1.231337e+00
-5.665904e-01 1.102241e+00 3.713711e-01 -7.609247e-01 6.278642e-01 -1.991255e-01 -1.612158e-01 1.563454e-01 -1.537120e+00 2.830352e-01 1.018662e+00 2.921268e-01
-4.955358e-01 1.465735e+00 6.366220e-01 -1.127750e+00 9.862358e-01 8.770470e-02 -3.878741e-01 -9.043341e-01 1.327844e-01 1.376539e+00 5.560610e-01 3.976520e-01
-4.819155e-01 1.365145e+00 9.434586e-01 -1.140263e+00 8.226504e-01 -1.457472e+00 -1.082177e+00 -1.504327e+00 1.577116e-01 1.896622e+00 4.323913e-01 8.895215e-01
-6.360723e-01 1.267400e+00 1.225831e+00 -4.839792e-01 1.179588e+00 3.663581e-01 -5.585071e-01 -5.702694e-01 1.103159e+00 1.851269e+00 -2.359788e-01 4.809639e-01
-8.783934e-01 8.766072e-01 1.179689e+00 4.806031e-01 8.909858e-01 9.702438e-01 -2.086796e-01 -6.896162e-01 9.062115e-01 6.679495e-01 -6.598087e-02 5.707316e-02
-9.832600e-01 6.849185e-01 4.749990e-01 7.918637e-01 -1.293902e+00 1.212608e+00 8.768343e-01 -3.403405e-01 7.428913e-02 -5.845826e-02 1.067726e+00 -2.271685e-01
-7.381805e-01 -1.142369e-01 2.571499e-01 4.026585e-01 -1.602605e+00 1.701982e+00 6.130679e-01 -6.920166e-01 2.058644e-01 1.071324e+00 2.769665e+00 -7.338807e-01
-4.103767e-01 -5.004914e-01 -5.731254e-02 -7.860330e-01 -1.283538e+00 -4.241312e-01 6.358601e-01 -3.251844e-01 -1.219552e+00 1.004550e+00 2.956126e+00 2.698777e-01
6.374588e-02 -4.797072e-01 -2.543399e-01 3.280020e-01 -8.381289e-01 4.242501e-01 3.791070e-01 1.857170e+00 1.870186e-01 1.463419e+00 1.335289e+00 8.228485e-01
5.868742e-01 -1.551072e+00 -6.838639e-01 2.078950e-01 -3.137589e-04 -1.098618e+00 -2.927538e-01 8.290785e-01 5.038389e-01 -8.602744e-01 -2.851259e+00 -1.215326e+00
-1.332084e+00 -6.329598e-01 -8.412212e-01 -8.686164e-01 -1.177757e-01 1.421495e+00 -2.241994e-01 -8.949375e-01 1.358843e+00 4.013057e-01 -2.546993e-01 -3.486027e-01
-7.021524e-01 -5.669200e-01 -3.998577e-01 -1.955046e+00 -8.289811e-01 -6.050339e-01 -6.351858e-01 1.707522e+00 6.975265e-01 -5.055597e-01 -6.838547e-01 -5.353247e-01
-7.320772e-01 -2.587325e-01 -5.134923e-01 -1.659956e+00 -9.532686e-01 -4.707960e-01 -8.751011e-02 8.431467e-01 -8.517321e-01 -2.405488e-01 -4.735283e-01 -6.542183e-01
-6.648456e-01 -4.387472e-01 -2.806538e-01 -1.011286e+00 8.767174e-01 2.571722e-02 3.580950e-01 8.492962e-01 1.242409e-01 1.648674e-01 -2.626180e-01 7.956491e-02
-3.503055e-02 5.110550e-02 1.090539e-01 6.717043e-01 1.281396e+00 9.313747e-01 1.045259e-01 6.120381e-01 5.383868e-02 1.085344e-01 -1.983056e-01 6.989968e-02
-6.116184e-01 2.704749e+00 -3.004006e-01 7.525728e-01 2.277897e+00 -2.234422e+00 -1.355084e+00 -9.532418e-01 -9.407331e-01 1.510891e+00 -1.143526e-01 -5.759163e-01
-5.074326e-01 3.287664e+00 6.757265e-01 2.602074e-01 2.158763e+00 1.134502e+00 8.174971e-01 -6.373616e-01 -7.025027e-01 -7.558373e-01 -8.506382e-02 7.970290e-02
-3.506459e-01 2.960201e+00 1.122156e+00 -1.305838e+00 1.747299e-01 2.802313e+00 1.576915e+00 -7.192567e-01 -1.988741e+00 -9.611564e-01 8.277959e-01 5.608479e-01
-3.184079e-01 2.519419e+00 2.058915e+00 -1.083671e+00 -3.775311e-01 2.012323e+00 1.455548e-01 -9.349347e-01 -5.999767e-01 1.142925e+00 1.403764e+00 1.535544e+00
-4.455562e-01 1.386644e+00 1.806330e+00 -1.041971e+00 -8.343867e-01 1.530722e+00 1.669989e+00 6.942531e-01 9.345915e-01 5.683397e-01 2.272497e-01 1.534070e+00
-6.672974e-01 1.302975e+00 1.806777e+00 -1.007869e+00 -2.394467e-01 -9.152493e-01 4.584890e-01 6.152450e-01 1.827899e+00 2.349699e+00 6.250299e-01 1.808218e+00
-9.304072e-01 3.297486e-01 1.037212e+00 -8.809249e-01 -3.411548e-01 -1.433932e+00 5.993686e-01 7.994086e-01 2.689053e+00 1.593844e+00 8.669201e-01 1.597511e+00
-8.177506e-01 -1.863685e-02 6.127659e-01 -1.894114e-01 -2.052836e-01 -4.328907e-01 1.158954e+00 1.640854e+00 2.498467e-01 -9.644160e-02 -1.575448e-01 6.768582e-02
-3.794690e-01 6.248249e-01 1.112678e+00 4.415867e-01 5.464831e-01 6.552423e-01 1.030925e-01 8.543582e-01 7.771042e-01 7.844556e-01 3.683127e-01 -2.003533e-01
-1.006919e-01 -3.716230e-04 3.050996e-01 1.795163e+00 3.985458e-01 1.114644e+00 9.347759e-01 1.572796e+00 8.269955e-01 2.039674e-01 2.978725e-01 -7.385825e-01
4.114096e-01 3.432715e-01 -3.064681e-01 1.428134e+00 9.243320e-01 2.051452e+00 8.131840e-01 1.130542e+00 6.374498e-01 -2.084724e-01 -6.462294e-01 -8.505383e-01
6.225058e-01 2.683010e-01 -6.049492e-01 3.606997e-01 -4.046748e-01 2.665871e-02 4.422341e-02 -5.210670e-01 -6.964108e-01 -2.512411e-01 5.676421e-01 2.028139e-02
6.834853e-01 2.735000e-02 -8.372744e-01 4.794611e-01 -1.051262e+00 -1.811877e+00 -1.350359e+00 -1.028517e+00 -1.072754e+00 -6.872942e-01 1.288351e+00 1.313910e+00
4.767331e-01 5.199143e-01 3.035412e-01 3.733013e-01 -6.340553e-01 -4.385696e-01 -1.402334e+00 -1.059144e+00 9.034546e-02 -5.235117e-02 1.020385e+00 4.457085e-01
4.212724e-01 3.551393e-01 7.452161e-01 7.418852e-02 3.843594e-03 -4.198222e-01 -5.750390e-01 -2.069110e-01 9.030284e-01 9.958177e-01 1.657781e+00 -3.151738e-01
1.612511e-02 -2.917220e-01 5.856937e-01 -4.336216e-01 9.593846e-01 5.247245e-01 -7.579556e-01 -5.070667e-01 5.547516e-01 1.556815e-01 -9.064738e-01 -1.819087e+00
-8.948965e-02 1.496871e-01 1.283742e+00 -4.041798e-01 8.862169e-01 3.985557e-01 4.227417e-01 -3.734612e-01 -5.713564e-01 -3.197796e-01 -1.360817e+00 -5.153493e-01
-7.482729e-02 3.108935e-01 3.498603e-01 -1.326906e+00 -4.400143e-01 -3.573190e-01 2.458514e-01 7.314181e-01 3.614653e-01 -1.436312e-01 -5.709832e-01 1.482643e+00
-5.759255e-01 3.538930e-01 3.094766e-01 1.653603e-01 -5.997124e-01 2.931927e-01 4.400428e-01 9.982730e-01 6.068306e-01 -3.727505e-01 -6.119855e-01 1.680159e-01
-6.046410e-01 -2.852797e-01 1.244752e-01 1.650634e-02 -6.685772e-01 5.149618e-01 5.191437e-01 8.330112e-01 3.147978e-01 -2.371054e-01 -6.495241e-01 -3.632361e-01
-6.714652e-01 -8.784295e-01 -1.682009e-01 5.022281e-01 -5.199465e-01 4.937875e-02 -3.505952e-01 7.278355e-01 -6.311701e-01 -7.490684e-01 -1.414942e+00 -1.273930e+00
-3.920630e-01 -5.694942e-01 2.372219e-01 1.046282e+00 -2.674271e-01 -1.779489e-01 -1.920062e-01 8.197287e-01 -7.861234e-01 -4.590701e-01 -1.565660e+00 -2.155239e-01
-2.070054e-01 -2.582045e-01 -1.962723e-01 2.134964e-01 -4.029065e-01 1.523003e-01 1.190207e-01 1.591086e+00 7.839885e-01 3.491685e-01 -8.088543e-01 1.181407e+00
-8.734322e-02 -9.106799e-01 1.742341e+00 -6.100313e-01 -1.943016e-02 -1.308187e+00 1.858109e+00 -7.420834e-01 6.494152e-01 -4.739596e-01 7.493173e-01 -9.568068e-01
2.941591e-01 -3.859539e-02 9.109865e-01 -2.104106e-01 -1.000231e+00 -8.185298e-01 -2.194047e-01 7.826654e-01 -2.382039e-01 -4.051000e-01 1.604398e-01 6.355988e-01
2.253393e-01 2.546318e-01 -8.266773e-01 -2.978958e-01 4.442715e-01 9.353960e-03 -4.148878e-01 -4.135658e-01 -7.235008e-01 1.012493e-01 6.602200e-02 4.698181e-01
6.033864e-02 -6.725718e-01 -1.103799e+00 -2.637649e-01 -1.330424e+00 3.653611e-01 -2.049204e+00 -3.022175e-01 -6.769156e-01 8.328374e-02 1.336509e-01 5.534074e-01
3.062065e-01 6.645678e-01 -9.329515e-01 -4.248869e-01 -5.881678e-01 4.413071e-01 8.231537e-01 -3.890084e-01 -7.340428e-01 2.166370e+00 -9.291335e-01 1.066753e+00
-2.179376e+00 8.036381e-01 -9.491383e-01 7.685096e-01 2.403725e+00 3.728817e+00 1.181447e-01 -3.058779e+00 1.454707e+00 8.439239e-01 -1.810463e+00 -5.232886e-01
-1.270385e-02 2.169119e+00 -1.357706e+00 3.092327e-01 1.918821e+00 -1.827321e+00 -1.388014e+00 9.617646e-02 -6.800566e-01 4.671708e-01 -1.028681e+00 -6.193244e-01
3.629417e-02 1.205523e+00 -1.251746e+00 5.677375e-01 4.834159e-01 -1.278152e+00 -2.125820e+00 -8.580917e-03 -1.162069e+00 4.915935e-01 -8.660877e-01 -2.161194e-01
-9.337175e-01 -1.159860e+00 -6.679718e-01 -8.116282e-01 -1.952644e-01 -1.015458e+00 -1.096493e+00 -1.348803e-01 -3.501626e-01 1.009956e-01 1.124295e-01 -1.405399e-01
-2.767120e-01 -8.714959e-01 6.553770e-01 9.318514e-02 -2.948759e-01 -1.153634e+00 -1.149311e+00 1.688718e-01 8.647408e-02 -4.917897e-01 -9.368922e-02 4.261838e-01
7.119492e-01 7.224493e-02 -2.638182e-01 -1.160379e+00 -1.427103e+00 1.544695e-02 4.097409e-01 3.733180e-02 -4.115718e-01 1.033612e+00 4.468055e-02 -1.286117e+00
-2.130509e-01 2.509094e-01 -3.010511e-02 1.193695e-02 -3.558523e-01 6.881379e-01 8.780851e-01 3.287206e-01 -1.919441e+00 -1.659641e-02 1.023709e+00 4.005675e-01
1.647482e+00 -2.021722e+00 -3.486343e-01 -4.689373e-01 -4.559416e-01 2.710874e+00 -1.589112e+00 1.143586e+00 3.972824e-02 -1.612729e+00 4.513087e-01 2.401038e-01
8.607834e-01 -1.375930e+00 -4.130315e-01 -1.618359e+00 -1.542371e+00 2.128382e-01 -2.950816e-01 7.144248e-01 8.530798e-01 1.800679e-01 -5.875400e-01 -2.802981e+00
1.205422e+00 -2.966721e+00 8.321745e-01 -8.612484e-01 -8.676111e-01 1.774620e+00 1.807086e-01 9.664416e-01 -3.996089e-01 -1.310265e+00 9.427889e-01 -3.206534e+00
3.017282e+00 -1.744102e+00 2.470814e+00 -1.726456e+00 -1.408827e+00 -6.064803e+00 -1.055286e+00 -2.031011e+00 -1.095219e+00 -1.485105e+00 -2.097435e+00 -1.281160e+00
8.657614e+00 -7.904661e+00 4.689950e+00 -3.197736e+00 -5.957523e+00 -5.240581e+00 -5.933138e+00 2.296394e+00 -2.172654e+00 -1.724285e+00 -2.235491e+00 -3.217139e+00
1.014235e-01 1.900201e+00 -2.051360e-01 9.029511e-01 7.727396e-01 7.132748e-01 1.216660e+00 1.467335e+00 3.402028e-01 1.531894e+00 1.985924e+00 -3.856289e-01
3.016701e+00 -4.063929e+00 -7.647105e-01 -1.142082e-01 3.678900e-01 1.917600e+00 -9.023622e-01 9.880127e-01 -2.319088e-01 -4.184601e-01 1.388473e+00 -8.584679e-01
2.457859e+00 -3.250081e+00 3.100053e+00 -1.572819e-01 -1.834950e+00 1.872847e+00 -5.638413e-01 7.328159e-01 -2.811452e-01 -1.168651e+00 2.256793e-02 -1.885155e+00
2.945853e-01 2.830252e+00 3.747657e-01 1.098794e+00 2.441231e+00 7.796431e-01 1.374459e+00 3.213103e+00 7.671488e-01 3.574194e+00 2.657404e+00 4.881821e-01
-3.584274e+00 2.770922e+00 -2.832469e+00 2.530949e+00 4.492648e+00 3.743606e+00 1.646396e+00 -4.887524e+00 2.300654e+00 7.741170e-01 -2.746269e+00 7.703635e-01
1.668637e-01 3.105754e+00 8.831769e-01 1.044124e+00 2.543037e+00 -2.375561e-01 1.286122e+00 2.137532e+00 7.746311e-01 3.012621e+00 3.341760e+00 1.963517e+00
7.411368e+00 -4.583446e+00 3.843510e+00 -2.799971e+00 -4.602477e+00 -8.221842e+00 -4.059204e+00 -1.500537e+00 -2.220630e+00 -1.853836e+00 -3.523473e+00 -2.178623e+00
3.283551e+00 -3.997712e+00 3.298415e+00 -3.239121e-01 -6.091569e-01 -1.215614e+00 6.285863e-01 -7.506186e-01 -2.649570e-01 4.206666e-01 -1.122206e+00 -2.109761e-01
4.681333e+00 -4.460191e+00 7.391213e-01 1.950328e-01 3.904956e-01 1.078729e-01 -4.035237e-01 9.033650e-01 -9.303510e-02 -7.512166e-01 -1.418863e-01 -2.533899e-01
-3.420636e+00 4.723722e+00 -3.122852e+00 3.845258e+00 3.789547e+00 2.674090e+00 2.182235e+00 -5.821567e+00 2.385887e+00 1.321848e-01 -1.864740e+00 1.731278e+00
-1.130846e+00 3.752733e+00 -5.896171e-01 2.128660e+00 1.632023e+00 -1.160962e+00 2.003276e+00 -2.778517e-01 1.496822e+00 8.495949e-01 3.412680e+00 3.201654e+00
4.652800e+00 -4.315243e+00 2.254215e+00 7.065439e-02 1.953150e-01 -1.606407e+00 1.049546e+00 -4.215102e-01 -4.140881e-01 -8.128633e-01 -2.634139e-02 5.302914e-01
-2.581933e+00 4.712567e+00 -1.966594e+00 3.066721e+00 2.898819e+00 2.281785e-01 2.052832e+00 -2.883258e+00 1.591618e+00 1.084394e-01 5.166151e-01 2.745477e+00
