5.115643e+00 -1.061229e+00 1.443872e+00 -8.185617e-01 -3.454505e+00 -3.456524e+00 -2.182138e+00 1.287278e+00 -1.763366e+00 -1.634093e+00 -8.434799e-01 -4.000701e+00
3.642914e+00 -3.511188e+00 1.876784e+00 2.400780e-01 -1.990423e+00 -2.060785e+00 -2.145223e+00 2.577604e+00 1.201119e+00 7.977152e-03 -7.783518e-02 -2.914798e+00
4.178253e+00 1.354808e+00 1.273493e+00 -1.976208e+00 -3.869615e+00 -4.592128e+00 -2.663254e+00 -1.519343e+00 -4.436590e+00 -1.566291e+00 4.291945e-02 -3.125559e+00
1.149661e+00 -4.862272e+00 1.543764e+00 1.090822e+00 2.737107e-01 -8.493385e-02 -1.603546e+00 2.245404e+00 1.059616e+00 3.143994e-01 1.364464e-01 -2.578783e+00
1.506836e+00 2.121335e+00 1.636114e+00 -2.089705e+00 -1.543765e+00 -2.812069e+00 -1.943629e+00 -2.344462e+00 -3.562210e+00 -1.289814e-01 1.014068e+00 -2.340540e+00
-1.822701e-01 -3.231245e+00 -3.241465e+00 -2.402600e+00 3.394297e-01 5.824037e+00 -1.955297e+00 -1.726170e+00 2.766163e+00 -2.824998e+00 -1.923459e+00 5.033994e+00
-4.709587e-01 -1.885308e+00 -3.309117e+00 -2.570001e+00 1.347244e+00 6.019353e+00 -2.290717e+00 -1.194318e+00 3.224024e+00 -1.433447e+00 -8.502043e-01 4.994935e+00
-1.029643e-01 -2.536783e+00 -2.175557e+00 -1.060295e+00 3.708854e-01 3.980768e+00 -2.427902e-01 -1.862028e+00 2.809762e+00 -2.181498e+00 -1.037827e+00 2.704969e+00
-2.295306e-01 -2.223917e+00 8.244435e-01 6.938263e-01 1.546156e+00 5.466982e-01 -2.185143e+00 7.451579e-01 1.896560e+00 1.226987e+00 5.952232e-01 -3.093561e+00
-3.863597e-01 -1.565430e+00 -2.923911e+00 -2.618972e+00 9.969174e-01 4.190404e+00 -3.247060e+00 -9.223036e-01 1.363062e+00 -4.627882e-01 -7.470927e-01 1.132451e+00
-4.865965e-01 -1.217156e+00 -1.364305e+00 -7.626106e-01 1.200010e+00 1.923345e+00 -2.442698e+00 -1.368973e+00 6.247484e-01 8.088130e-01 2.235779e-01 -1.574441e+00
2.707208e-01 9.681715e-01 1.541086e+00 2.926173e-01 -5.280007e-01 -1.700309e+00 -6.651001e-02 -1.730234e+00 1.103706e+00 -2.373126e+00 4.875194e-01 -3.048339e-01
3.533428e-02 -1.287375e+00 -7.419483e-01 -5.568717e-01 4.449035e-01 2.512210e+00 8.956623e-01 -2.440218e+00 2.122915e+00 -8.949187e-01 -4.364201e-01 1.198680e+00
1.252756e-02 3.716702e-01 7.434216e-01 9.895443e-01 -1.375728e-01 -7.970020e-01 -2.040194e-01 -6.019245e-01 -5.288141e-01 -6.796528e-01 -5.977608e-01 -1.525735e+00
2.245701e-01 -8.850620e-01 -2.762240e-01 -1.636801e+00 4.478245e-01 1.462437e+00 -1.610100e-01 -1.191039e+00 8.746301e-01 -5.766999e-01 -7.121448e-02 1.357816e-01
3.070796e-01 4.378690e-01 2.816701e-01 1.536245e-02 -3.741215e-01 -9.359852e-01 3.592356e-01 -8.337534e-01 2.144772e+00 9.038227e-01 1.269598e+00 -9.963907e-01
3.456786e-01 2.008124e-01 7.232986e-02 3.040891e-01 3.874352e-01 6.856968e-01 1.649386e-01 -2.263727e-01 -1.183374e+00 2.992084e-01 -1.500353e+00 -1.392545e+00
6.080548e-01 3.447978e-01 2.076541e-01 5.240307e-01 3.148301e-01 9.141124e-01 -1.069860e-01 -6.799608e-01 1.654195e+00 -4.179153e-01 3.212340e-01 4.580412e-01
-3.997083e-01 -3.251679e-01 1.500292e+00 -3.347699e-01 3.938093e-01 -4.808452e-01 9.953985e-02 -9.097811e-01 -3.537000e+00 9.449149e-01 9.030414e-01 -1.870185e+00
3.738775e-02 1.037539e+00 1.437371e+00 2.538654e-01 4.067939e-01 9.647819e-01 1.208120e+00 1.502004e+00 5.098206e-01 -1.370629e+00 -1.568593e+00 5.335198e-02
3.878403e-02 -2.282466e+00 -1.751798e-01 1.969441e+00 6.517233e-01 -7.517553e-01 -3.801325e-01 1.303994e-01 -2.071281e+00 -2.761888e+00 -2.635790e+00 -2.251450e+00
1.499268e+00 -3.648405e-02 -1.436679e-01 1.671567e+00 -6.841889e-01 -1.194030e+00 -2.786089e-01 -1.271542e+00 -3.082117e+00 -3.531909e+00 -1.894441e+00 -4.777910e-01
-4.836740e-02 4.106527e-01 2.098763e-01 1.551012e-01 -6.043847e-02 5.528005e-01 1.020738e+00 8.049906e-01 1.065888e+00 -7.939129e-02 1.636004e-01 -7.047978e-01
1.162360e-01 -3.001240e-01 1.496490e-01 3.478951e-01 1.012966e-01 3.039274e-02 -7.100906e-02 1.757600e-01 -1.552482e-01 1.791455e-01 -4.718871e-01 5.827672e-01
4.359648e-02 3.377113e-02 2.224212e-01 -1.447789e+00 1.370404e+00 8.927189e-01 -4.274673e-02 2.755003e-02 9.448922e-01 2.399716e-01 8.632877e-01 8.929468e-01
-1.056194e-01 -4.033895e-01 -3.734943e-02 -5.709950e-01 -6.242003e-02 -8.291752e-01 -2.630272e-01 -9.702414e-01 -3.930368e-01 -8.318102e-01 -8.027431e-01 7.006983e-02
8.018640e-01 4.148536e-01 -4.506725e-01 1.949875e-01 1.197840e+00 2.157786e+00 2.140293e-01 -2.990108e-01 -1.415887e+00 5.208788e-01 -2.024237e+00 -1.847378e+00
3.697985e-01 2.526585e-01 -2.682962e-01 3.523729e-01 -1.848133e-01 3.032697e-01 -1.810271e-01 -9.887595e-02 8.689997e-01 5.225886e-01 4.053190e-02 1.084019e+00
2.760863e-03 -2.635805e-01 2.378848e-01 -1.603884e+00 8.986519e-01 2.561638e-01 -4.825634e-01 4.568197e-01 -2.434342e-01 4.329691e-02 8.808237e-01 -9.440937e-02
8.007906e-02 9.470101e-02 2.910664e-02 1.170420e+00 -1.052139e-01 3.876879e-01 2.346279e-01 4.542392e-01 8.641766e-01 -1.195385e-01 4.154491e-01 2.926872e-01
-1.737713e-01 2.065350e-01 3.844502e-02 -8.368369e-01 9.059440e-01 3.306363e-01 7.020702e-02 5.560014e-01 -1.930267e-01 3.012179e-01 1.250647e+00 -2.538735e-01
-7.871438e-01 7.669201e-02 2.495588e-01 9.347118e-01 -2.465661e+00 -1.031570e+00 -2.983818e-02 1.699239e+00 -1.319573e+00 -1.450341e+00 3.835597e-01 -1.793518e+00
-9.241333e-02 -1.016178e-02 -1.175534e-01 -4.817921e-01 1.517309e-01 -3.545184e-01 -1.429291e-01 -9.548358e-01 1.136761e-01 -8.738886e-01 1.168814e-02 6.203485e-02
-7.569128e-01 -1.532080e-01 -2.067327e-03 1.053167e+00 -2.769001e+00 -7.776567e-01 -6.955454e-01 1.368863e+00 -1.152193e+00 -1.719106e+00 1.932541e-01 -2.451096e+00
-2.883583e-01 -4.261717e-01 -8.869036e-01 2.202853e-01 -7.547229e-01 -1.256938e+00 8.664402e-01 2.997681e-01 -2.286597e-01 -2.131185e-01 7.384563e-01 1.027139e+00
-9.410739e-01 -1.879321e+00 9.178140e-01 9.462417e-01 1.030451e+00 -1.016701e+00 1.566401e-01 -5.712175e-03 -1.805544e+00 7.096581e-02 -7.556270e-01 -2.563404e+00
-1.354962e-01 5.240108e-01 1.017836e-01 -6.834742e-01 1.212561e+00 -3.039331e-02 7.674640e-01 -5.181868e-01 8.232613e-01 -4.186592e-02 1.192602e+00 6.803823e-02
-1.798483e-01 -3.725279e-01 1.216313e-01 1.022423e+00 -8.328598e-01 -5.070407e-01 -7.108196e-01 5.597485e-01 4.079011e-01 4.732933e-02 -1.058532e+00 -1.363275e-01
4.507678e-02 -1.288313e-01 -1.833318e-01 1.185354e+00 -4.408825e-01 -1.478399e-01 -3.750847e-01 3.439022e-01 7.890296e-01 -4.092762e-01 1.611152e-02 -2.027257e-01
-3.577273e-01 -1.830513e-01 -9.523471e-01 -8.134102e-03 -9.578905e-01 -6.778227e-01 6.350888e-01 4.271234e-01 -6.321064e-01 1.257067e+00 1.417882e+00 3.079821e-01
-7.910411e-02 1.288780e-01 -5.904675e-04 -8.836060e-01 7.336141e-01 -4.157018e-01 1.270891e-01 -1.149151e+00 3.203428e-01 -5.502908e-01 2.832692e-01 3.673100e-02
-1.978968e-01 -2.242462e-01 -3.777576e-01 1.132553e+00 -1.170807e+00 -2.239337e-01 -1.052245e+00 3.665082e-01 5.405680e-01 -7.531826e-01 -3.881429e-01 -6.599290e-01
2.315073e-01 -6.917097e-01 9.359419e-01 1.078878e+00 -3.188602e-01 -4.740280e-01 -1.554680e-01 1.614582e+00 -2.856679e-01 1.498231e+00 -1.435207e+00 7.279621e-01
2.439391e-01 -2.087380e-01 -8.239014e-01 9.574396e-01 4.358463e-01 -4.718197e-01 -1.121128e+00 -5.634310e-01 -3.911551e-01 1.398695e+00 9.959354e-02 5.526148e-01
-3.122541e-01 -4.922739e-01 4.562522e-01 9.956814e-01 -1.815269e+00 -8.281878e-01 -2.978889e-01 1.189076e+00 -7.795307e-01 -5.887273e-01 -6.126909e-01 -1.231644e+00
2.450411e-01 2.014883e-01 -6.773020e-01 -5.784606e-01 1.000348e+00 9.442369e-01 -1.267568e+00 -1.283578e+00 -5.196843e-01 -6.055583e-01 -3.927509e-01 2.558649e-01
1.151783e-01 4.543746e-01 -8.310806e-01 -4.107998e-01 8.917287e-01 9.067696e-01 -1.657198e+00 -2.047823e+00 -3.916216e-01 -6.785464e-01 -2.981641e-01 3.277946e-01
-1.014807e-01 -3.008404e-02 -4.335481e-01 -7.011223e-01 -2.164771e-01 -2.250900e-01 -1.809736e+00 -1.349328e+00 -3.912874e-01 -7.599046e-01 -1.214491e+00 -1.366710e-01
-3.398085e-01 -4.059079e-01 -3.680539e-01 -5.099437e-01 -9.473842e-01 -9.974359e-01 2.062820e-01 4.941402e-01 -6.783408e-01 -1.460219e+00 -1.097395e+00 7.091850e-01
-1.525421e-02 1.561007e-02 1.075491e-01 6.011968e-02 3.080010e-01 -7.202496e-01 3.726377e-01 5.209743e-01 -4.595701e-01 -6.455885e-01 -5.064064e-01 4.212075e-01
3.021578e-01 1.608121e-01 4.349141e-01 4.010673e-01 1.219597e+00 9.707001e-01 1.127811e+00 1.085787e+00 -1.449158e-01 -5.137700e-01 5.528474e-01 5.153069e-01
3.810636e-01 8.547026e-01 5.201058e-01 1.992462e-01 1.397734e+00 1.606734e+00 5.700598e-01 -4.301306e-01 3.576803e-01 4.586659e-02 1.163114e+00 5.964594e-02
4.008648e-01 7.149638e-01 8.060560e-01 -5.119951e-01 5.797011e-01 6.317170e-01 -9.722155e-01 -9.096395e-01 6.805644e-01 6.567249e-01 1.909115e-01 -3.107535e-01
5.570211e-02 2.894548e-01 2.544793e-01 -5.020175e-01 -5.799506e-01 2.063880e-01 3.661219e-01 1.730533e-02 7.529720e-01 -2.136419e-02 -1.005094e+00 5.792532e-02
-1.062178e-01 3.196048e-01 3.354485e-01 -1.675497e-01 -6.713967e-01 1.886520e-02 6.386822e-01 -3.756952e-02 9.518246e-02 6.052616e-01 8.302274e-02 -8.967222e-01
-5.562258e-02 -2.338867e-01 4.622096e-01 1.044219e+00 -3.577901e-01 -1.513941e-01 4.194104e-01 5.565774e-01 -5.325127e-01 1.942321e-01 -2.063161e-01 -7.696442e-01
-8.144760e-02 -6.599225e-01 7.292024e-01 1.268538e+00 -4.812681e-01 -3.337666e-01 -2.185233e-01 9.936087e-01 -1.577655e-01 -8.041074e-02 -1.062095e+00 -1.322465e+00
1.114727e+00 7.558549e-01 8.478830e-01 6.919369e-01 -4.456713e-01 -6.805490e-01 -1.226614e-01 3.706346e-01 -3.935397e-01 -2.102776e-01 -7.756292e-01 -1.913196e-01
2.076584e+00 1.416317e+00 2.686646e-01 5.215109e-01 -1.144794e+00 -2.773655e-01 -1.425934e-03 -2.100424e-01 -2.150046e-01 -1.339073e+00 -1.428488e+00 1.223593e+00
1.920297e+00 1.123277e+00 8.182539e-02 6.761556e-01 -7.680675e-01 -1.360677e-01 4.969297e-02 -1.365947e+00 -1.306801e+00 -2.614335e+00 -4.893340e-01 6.153552e-01
-1.845133e-01 6.934131e-01 2.220362e+00 2.663786e-01 5.188679e-01 9.365844e-01 5.514131e-01 1.999247e+00 -4.803794e-01 -1.755271e+00 -1.093613e+00 2.954918e-01
1.311764e-02 -4.398794e-01 7.612580e-01 1.266666e+00 -1.023302e+00 -4.388463e-01 2.777290e-03 1.705961e+00 -4.249765e-01 6.411594e-01 -7.427616e-01 -6.700845e-02
-5.980077e-01 4.110504e-01 7.292987e-01 6.568468e-01 -1.810848e+00 -1.577996e+00 9.620966e-01 2.293647e+00 -1.782264e+00 -1.045020e+00 9.510152e-01 -9.893339e-01
-9.124660e-02 -3.617640e-01 5.081851e-01 -4.926997e-01 3.055021e-01 1.119960e+00 -9.747338e-02 1.382056e+00 -1.668708e+00 -8.334084e-01 7.942818e-01 1.020640e+00
5.004861e-01 -4.955141e-01 -1.070444e+00 -1.109037e-01 5.467965e-01 -1.812908e-01 -6.136205e-01 -1.843884e+00 -1.450849e+00 4.568458e-01 8.703980e-01 8.910697e-01
6.015616e-02 -8.625734e-01 -1.069865e+00 -1.246037e+00 -2.016552e-01 -5.851499e-01 -2.867543e-01 -9.817932e-01 -2.429042e+00 8.690818e-02 1.143541e+00 8.203505e-01
9.182120e-03 1.096433e+00 -1.247918e+00 1.643008e+00 1.758176e+00 -1.103920e+00 -2.208225e-01 -1.021693e+00 5.111559e-01 4.862123e-01 1.044193e-01 -1.662726e+00
-5.016869e-01 2.801170e-02 -1.093994e+00 5.926212e-01 -2.006982e-01 -1.747359e+00 -1.114449e+00 -2.206634e+00 1.488301e+00 -1.220676e+00 -2.588735e+00 -2.821573e-01
-3.885621e-01 4.338516e-01 7.936691e-01 -1.327365e-01 -3.941612e-01 -7.614779e-01 -4.583130e-01 -7.742249e-01 -2.266130e-01 6.494306e-01 -4.691065e-01 -3.600979e-01
-3.514450e-01 7.957071e-01 1.179918e+00 7.666829e-01 -1.805879e+00 -1.578618e+00 1.749909e+00 2.597071e+00 -1.925078e+00 -1.074763e+00 1.820831e+00 -3.080216e-01
-2.201484e-01 1.206603e+00 1.627687e+00 -5.340719e-01 -8.972772e-01 3.230061e-01 -2.586405e-01 -1.405176e+00 3.221059e-01 -6.352397e-01 -1.317485e+00 -1.613370e-01
-1.309360e-01 2.213517e+00 2.346776e+00 6.116240e-02 9.733948e-01 2.846574e+00 7.589626e-02 -1.645384e+00 4.958778e-01 -1.114324e-01 -6.632196e-01 -1.258855e+00
-8.419583e-01 2.518841e-01 -1.525725e+00 -4.826373e-01 -5.801230e-02 -1.351620e+00 -2.350789e+00 -3.316753e+00 7.157173e-01 -1.464903e+00 -2.630254e+00 8.232927e-01
-2.806463e-01 -5.771621e-01 -7.562513e-01 -1.557124e+00 -1.766859e+00 4.406942e+00 -4.774355e-01 -1.177794e+00 3.511561e+00 3.622280e-01 2.165946e+00 4.498586e+00
-7.744895e-01 6.829467e-01 -1.153556e+00 -7.128209e-01 6.197785e-01 3.417825e-01 -2.220937e+00 -1.915169e+00 -1.288025e+00 -2.851272e-01 4.473705e-02 2.577870e+00
-3.240346e-01 2.387453e-01 2.191808e-02 -8.284057e-01 3.154677e-01 2.697234e+00 -1.563574e+00 -1.846478e+00 1.173406e+00 1.190008e+00 2.059480e+00 3.330061e+00
1.304179e-02 1.197309e+00 1.755894e+00 5.787727e-01 -1.278102e+00 -1.323966e+00 2.307372e+00 2.583102e+00 -2.518371e+00 -2.439865e-01 1.946050e+00 1.048664e+00
-6.814216e-01 -2.772376e-01 -8.233337e-01 -1.436482e+00 -3.716322e+00 2.948429e+00 2.624764e+00 6.059560e-01 2.817688e+00 -9.049839e-01 1.180840e+00 4.881451e+00
7.846414e-02 1.454168e+00 1.607950e+00 5.991095e-01 -1.625072e+00 -9.933499e-01 2.089050e+00 1.668064e+00 -2.557554e+00 -6.679808e-01 2.370516e+00 1.028738e+00
1.329440e-01 7.698421e-01 9.172084e-01 -1.354116e+00 -1.425305e+00 6.695841e-01 1.539669e+00 1.866648e+00 -1.823111e+00 9.272100e-01 -1.636497e+00 -5.098303e-01
-4.294443e-03 3.161805e+00 1.970404e+00 5.408839e-01 1.238466e+00 1.743616e+00 1.552913e+00 -5.928682e-01 -8.242511e-01 1.244145e+00 9.379334e-01 3.070203e-01
2.968187e-01 1.053011e+00 1.481396e+00 2.991606e-02 -2.019499e+00 -1.123180e+00 1.571102e+00 8.688356e-01 -3.283677e+00 -3.128120e-01 8.044592e-01 1.639973e+00
-1.244230e-01 6.555916e-01 4.932572e-01 -1.311509e+00 -2.738153e+00 -5.576306e-01 8.854021e-01 1.665337e-01 -3.045991e+00 -2.241024e-01 -1.685862e+00 -4.091467e-01
6.387348e-02 7.529696e-01 7.998824e-01 -1.142577e+00 -2.401036e+00 -1.663083e+00 1.054935e+00 -1.183047e-02 -3.990067e+00 -5.146483e-01 -8.640913e-01 6.498453e-01
3.062330e-01 8.552070e-01 5.276157e-01 -9.754389e-01 -4.196302e-01 9.676307e-01 1.499453e+00 2.169901e+00 -3.986565e-01 5.610269e-01 -1.167625e+00 -7.791184e-01
6.487287e-01 2.137319e+00 -1.129964e+00 2.273149e+00 4.393876e+00 -1.586778e+00 2.982416e-01 -6.506282e-01 1.164114e-01 2.750973e+00 1.124389e+00 -2.654237e+00
1.190927e-01 1.440904e+00 -1.823102e+00 6.199379e-01 2.396400e+00 -8.439245e-02 -1.945744e+00 -3.245731e-01 1.797957e+00 8.742212e-01 1.513187e+00 2.709854e-02
-1.323276e-02 3.561813e+00 9.671040e-01 8.240522e-01 1.224863e+00 2.959754e-01 2.703209e+00 -4.854177e-01 -4.031338e-01 3.520984e+00 2.076778e+00 1.155621e+00
-1.281002e-01 3.277718e-01 -2.623987e+00 2.446880e-01 3.596050e+00 1.180276e+00 -7.233654e-01 2.558156e+00 2.901446e+00 1.163851e+00 2.623075e+00 1.862626e-02
-8.610510e-01 -8.650878e-01 -2.183034e+00 4.420235e-01 4.076881e+00 2.113554e+00 1.766302e+00 3.560542e+00 3.956316e+00 1.304293e+00 2.414423e+00 1.999367e-01
-9.758365e-01 -7.291019e-02 -4.730561e-01 -7.865471e-01 -3.871897e+00 9.390711e-01 3.606861e+00 3.264447e-01 1.605959e+00 -1.267300e+00 -9.983293e-01 4.265822e+00
6.779967e-01 9.317956e-01 -9.412575e-02 -2.520391e-01 1.793294e+00 -8.362421e-01 3.388986e-01 9.646840e-01 7.978218e-01 7.823895e-01 -1.640509e+00 -1.127734e+00
7.823483e-01 2.520036e+00 -1.684475e+00 1.876239e+00 5.198264e+00 -2.545858e+00 -3.052259e-01 -1.191071e-01 -1.069049e+00 2.950540e+00 4.149401e-01 -2.812772e+00
6.623907e-02 2.588521e+00 -9.142405e-01 1.029203e+00 5.366830e-01 -1.232976e+00 2.366400e-01 -1.671682e-01 7.530478e-01 1.919934e+00 7.610710e-01 1.074535e+00
8.852844e-01 1.936200e+00 -1.192200e+00 7.348381e-01 4.577360e+00 -2.760232e+00 -6.262112e-02 2.238569e-01 -5.250950e-01 1.899683e+00 -4.349028e-01 -2.401435e+00
1.892615e-01 3.596866e+00 -2.065906e-01 1.050907e+00 1.729740e+00 -2.657566e-02 2.244438e+00 -1.208949e+00 -4.576040e-01 3.350590e+00 1.168296e+00 9.515031e-01
-1.245389e+00 -1.310070e+00 -5.882710e-01 1.057563e+00 4.935891e+00 3.322999e+00 3.127800e+00 1.542489e+00 3.929940e+00 1.350948e+00 4.382420e-01 -1.391310e+00
-1.249828e+00 3.050371e-01 7.421650e-01 2.935889e-01 -1.350020e+00 -1.092816e+00 3.461046e+00 -8.585925e-02 -4.479561e-01 -2.033667e-01 -9.838222e-01 2.108014e+00
-1.621305e+00 -1.666499e+00 1.367694e+00 2.031651e+00 3.825691e+00 2.232127e+00 3.558120e+00 -1.782634e-01 2.782036e+00 1.791810e+00 -1.409836e+00 -1.740068e+00
-1.505110e+00 -3.362499e-01 2.555430e+00 1.566624e+00 1.741828e+00 -9.129245e-01 3.001539e+00 -1.335299e+00 -3.031150e-01 1.157439e+00 -1.539324e+00 -6.372971e-01
