-1.429674e+01 4.844448e+00 3.720356e+00 -6.778903e+00 -6.372622e+00 9.318414e-01 3.821607e+00 -1.299121e+00 1.881627e+00 1.038794e+00 4.252269e+00 1.925981e+00
-1.429209e+01 3.006339e-01 5.527996e+00 -4.694049e+00 -6.164952e+00 1.725858e+00 4.643931e+00 -3.949411e-01 1.363455e+00 6.743619e-01 4.557611e+00 -4.662998e-01
-8.310720e+00 8.367193e+00 -2.536166e+00 -1.063268e+01 -2.105362e+00 -1.574192e+00 1.193889e+00 1.211786e+00 3.584174e+00 6.510223e-01 -1.150429e+00 4.166447e+00
6.911894e+00 -1.445056e+01 1.190333e+01 -3.562891e+00 -1.848328e+01 -1.228760e+01 -9.222874e+00 1.059995e+01 -2.100990e+00 -1.557928e+01 1.417378e+00 -1.079982e+01
6.452579e+00 -1.406877e+01 1.062455e+01 -4.891818e+00 -2.132718e+01 -1.077847e+01 -1.254568e+01 7.408103e+00 -3.639272e+00 -1.641319e+01 -3.320336e-01 -9.298091e+00
1.093484e+01 -1.533978e+01 1.160417e+01 1.825670e-01 -1.832821e+01 -1.711630e+01 -2.717215e+01 7.283260e+00 -9.450443e+00 -8.757400e+00 4.737701e+00 -1.144736e+00
8.089999e+00 -1.290892e+01 1.417929e+01 -2.251050e+00 -2.017359e+01 -9.668304e+00 -1.308851e+01 8.172097e+00 -3.322899e+00 -1.317309e+01 4.949421e+00 -5.392260e+00
6.851504e+00 -1.457887e+01 1.057856e+01 -5.219787e+00 -2.248175e+01 -1.116926e+01 -1.537865e+01 5.262640e+00 -5.888177e+00 -1.534397e+01 -5.847703e-01 -9.345148e+00
7.826577e+00 -1.473466e+01 1.175126e+01 -1.654161e+00 -1.796989e+01 -1.138269e+01 -1.390211e+01 1.290359e+01 -1.834873e+00 -1.230283e+01 -2.974822e+00 -1.039553e+01
8.063945e+00 -1.332280e+01 1.244667e+01 -2.803458e+00 -2.359030e+01 -1.098303e+01 -2.100919e+01 7.991841e+00 -1.157738e+01 -1.293921e+01 2.951848e+00 -5.586236e+00
8.807533e+00 -1.373985e+01 1.167525e+01 -1.300587e+00 -2.189343e+01 -1.596182e+01 -2.396050e+01 5.463955e+00 -9.476175e+00 -1.416145e+01 5.092368e+00 -3.853293e+00
1.161922e+01 -1.505066e+01 1.093216e+01 -4.680589e-01 -1.539135e+01 -1.413128e+01 -2.370464e+01 9.636163e+00 -6.703059e+00 -5.705786e+00 3.383919e+00 7.516818e-01
-1.112693e+01 -8.968678e-01 4.131467e+00 -1.355009e+00 -4.501758e+00 2.294427e-01 6.200210e+00 4.634520e-01 6.306130e+00 5.562731e+00 4.024946e+00 7.069222e+00
-1.081087e+01 -1.059664e+00 -6.012887e+00 -1.810352e+00 3.296052e+00 -4.153919e-02 -1.133886e+00 1.576129e+00 -7.382393e-02 7.422844e-01 1.518985e+00 1.576536e+00
1.087127e+01 -1.379678e+01 9.184908e+00 -1.672959e+00 -1.303080e+01 -1.008552e+01 -2.092272e+01 7.362113e+00 -7.065760e+00 -4.959105e+00 -7.875702e-01 -4.925878e-01
7.941240e+00 -1.422761e+01 8.037920e+00 -4.236231e+00 -1.655420e+01 -1.131471e+01 -1.714122e+01 -6.070599e-01 -9.887350e+00 -1.405651e+01 -3.853857e+00 -1.275760e+01
-9.604372e+00 -1.714704e+00 4.067057e+00 -8.352845e-01 -4.387355e+00 1.892494e+00 9.009521e+00 5.660961e+00 6.300341e+00 5.635047e+00 6.879778e+00 5.523137e+00
1.087872e+01 -1.208209e+01 6.275844e+00 1.899765e-01 -1.188160e+01 -4.965991e+00 -2.297056e+01 5.796551e+00 -6.229796e+00 -7.919354e+00 -8.722576e-01 -3.820260e+00
1.097490e+01 -1.032250e+01 5.860818e+00 2.946490e-01 -1.101262e+01 -2.591068e+00 -2.583061e+01 6.073304e+00 -5.109340e+00 -6.294883e+00 -1.681892e+00 -2.265848e+00
1.248909e+01 -1.013204e+01 3.522680e+00 3.110262e+00 -9.165805e+00 -1.763734e+00 -2.749639e+01 4.310627e+00 -1.732492e+00 -6.839862e+00 3.117682e-01 -5.287378e+00
-6.790367e+00 -3.779579e+00 4.884476e+00 -3.126459e-01 -1.771011e+00 4.636624e-01 7.090350e+00 2.647160e+00 4.381325e+00 -2.636075e-01 6.826565e+00 -1.057978e+00
-2.241753e+01 -2.374721e+00 1.765160e+00 3.544785e+00 1.399025e+01 4.990892e-01 3.862217e+00 -3.023400e+00 -5.440731e-01 3.034635e+00 -4.306517e+00 7.912804e+00
6.354575e+00 -4.864566e+00 8.338284e+00 -4.389887e+00 -1.031853e+01 -1.072015e+01 -1.123407e+01 -3.916018e+00 -1.334597e+01 -9.523974e+00 -4.204051e+00 -9.013961e+00
1.318803e+01 -8.210900e+00 1.918059e+00 3.073816e+00 -6.393619e+00 -2.025303e+00 -2.823475e+01 2.652758e+00 -1.167941e-01 -3.721751e+00 2.422526e+00 -7.073421e+00
-3.250438e+00 -2.622865e+00 7.895681e+00 1.966169e+00 5.450931e+00 -3.339952e+00 3.294296e+00 6.762165e+00 -3.200405e+00 -3.329008e+00 6.370003e+00 1.244698e+00
1.501186e+01 -5.929965e+00 2.691475e+00 3.881090e+00 -3.955371e+00 -2.755851e+00 -2.632111e+01 1.898131e+00 -8.463926e-01 -1.293030e-01 5.382353e+00 -5.268364e+00
1.542385e+01 -5.583516e+00 2.921583e+00 9.495351e-01 -2.119431e+00 -2.376154e+00 -2.581367e+01 -1.122476e+00 -8.810005e-01 -7.327635e-01 8.211711e+00 -3.942382e+00
1.543514e+01 -2.344598e+00 1.296995e+00 1.112489e+00 -3.467740e+00 7.383257e-01 -2.383134e+01 -1.911428e+00 -2.312332e+00 6.978551e-01 1.020004e+01 -3.918311e+00
1.578362e+01 -1.729896e-01 -3.656160e-01 -2.272887e+00 -1.121183e+00 9.867523e-01 -2.099647e+01 -2.329542e+00 -6.104100e+00 -7.120082e-01 1.182554e+01 -2.338973e+00
1.582028e+01 1.555444e+00 -7.905473e-01 -5.238675e+00 -1.050708e+00 1.723484e+00 -1.837628e+01 -6.593177e-01 -1.016783e+01 -1.999161e+00 1.202813e+01 -4.769530e-01
-4.977628e+00 -6.502118e+00 -4.685724e+00 -1.209116e+00 1.868371e+00 6.509718e-01 -1.573263e+00 1.956537e+00 -4.810691e-01 -1.335200e+00 3.159683e+00 -1.388980e+00
1.621846e+01 1.721859e+00 -1.907625e+00 -4.682429e+00 -1.980569e+00 3.773898e-01 -1.069999e+01 -2.373469e+00 -1.234333e+01 -1.540392e+00 9.623181e+00 -2.635556e+00
-1.753831e+01 -7.867157e-02 -4.509140e-01 -2.619234e+00 6.700022e+00 -3.152604e+00 4.889842e+00 -4.383935e-01 1.579294e+00 3.214206e+00 -5.228478e+00 3.792068e+00
1.412025e+01 3.847343e+00 4.641445e-01 5.699036e-01 -1.193003e+00 -1.438281e+00 -5.480887e+00 -3.216665e+00 -1.564496e+01 2.804200e+00 7.898962e+00 -6.408077e+00
1.375647e+01 5.893029e+00 -4.815440e+00 -1.111095e+00 6.890909e+00 5.634548e+00 4.242043e+00 -5.051565e+00 -1.656099e+01 -2.063590e+00 -8.073637e-01 -1.294333e+01
1.350916e+01 1.292885e+00 -5.371822e+00 1.120512e+00 2.084211e+00 5.836717e+00 6.703176e+00 -7.379915e-01 -1.728664e+01 -2.146432e+00 1.095556e+00 -1.170388e+01
-1.339942e+01 -3.860540e+00 2.580042e+00 -9.602589e+00 3.835511e+00 -1.804109e+00 -2.248284e+00 -2.916339e+00 1.050055e+00 -2.068625e+00 -3.739624e+00 3.179170e+00
1.336164e+01 5.542264e+00 -2.600213e+00 -1.416597e+00 3.621937e+00 -5.628264e-02 8.880904e+00 -4.186980e+00 -1.774381e+01 -2.228432e+00 -2.706913e+00 -6.981302e+00
-1.211117e+01 -6.976205e+00 1.290025e+01 -1.820706e+00 -1.212680e+01 7.234438e+00 1.274468e+01 -8.506121e-01 6.572128e+00 1.500682e+01 -2.158235e+00 -2.987839e+00
-1.246855e+01 -3.233476e+00 3.133151e+00 -9.335038e+00 2.735607e+00 -3.180120e+00 -3.649237e+00 -3.609972e+00 1.340888e+00 -2.285161e-01 -1.266900e+00 5.452098e+00
9.929611e+00 3.086594e+00 -1.464174e-01 -3.428179e+00 3.619053e+00 2.472787e+00 1.201935e+01 -1.481014e+00 -2.115768e+01 -9.371543e-01 2.115797e+00 -5.600523e+00
-1.022878e+01 4.392148e+00 -2.196403e+00 -4.726913e+00 8.564888e+00 -9.764862e-01 2.815805e+00 -6.071518e+00 -5.360643e+00 -5.397542e-01 -5.955072e+00 8.587501e+00
-1.382992e+01 9.800593e-01 4.080632e+00 -7.206230e+00 -3.202864e+00 3.599222e+00 3.398885e+00 -6.562942e+00 5.787692e+00 3.792444e+00 -6.066999e+00 4.869872e-01
7.910398e+00 -2.839949e-01 -5.172876e+00 -5.361657e+00 7.943143e+00 4.761521e+00 1.223076e+01 -3.833370e+00 -1.708087e+01 -4.412305e-02 4.033071e+00 -3.911024e+00
-1.075049e+01 7.632074e+00 2.454657e+00 -9.540679e+00 9.961941e+00 7.647297e+00 1.928522e+00 -1.662464e+00 5.023390e+00 -2.438385e+00 -7.649300e+00 8.180419e-01
5.694715e+00 -3.133162e+00 -8.926603e+00 -4.476657e+00 8.943683e+00 8.624149e+00 1.215123e+01 -4.822766e+00 -1.668669e+01 -7.864243e+00 -3.268063e+00 -8.321643e+00
-7.150755e+00 -5.289723e+00 5.410056e-01 4.967545e+00 -1.152032e+01 -2.079144e+00 4.363806e+00 -1.467362e+00 -5.798440e+00 1.320842e+01 -3.106200e+00 -5.136902e+00
4.049736e+00 -2.988121e+00 -6.605733e+00 1.105536e+00 7.843506e+00 6.481674e+00 1.527382e+01 -2.219561e+00 -1.554949e+01 -8.095209e+00 -6.753192e+00 -8.616413e+00
1.763894e+00 8.717446e+00 -3.107146e+00 -2.021528e+00 6.670690e-01 -2.849582e+00 -2.513531e+00 4.374454e+00 3.175952e+00 -4.941967e+00 -5.059739e-01 2.014332e+00
5.055786e+00 -9.177374e-01 -5.886491e+00 1.073675e-01 4.519350e+00 7.671256e+00 1.968109e+01 -2.878917e+00 -4.858044e+00 -2.230428e+00 4.271185e-01 -5.787461e+00
-6.587915e-01 7.306257e-01 -1.404879e+00 -2.908089e-01 -2.194800e+00 5.156367e+00 8.450881e+00 1.692554e+00 3.356016e+00 8.367509e+00 5.841776e+00 -4.402375e+00
5.000246e+00 5.143416e+00 -2.118467e+00 4.149572e+00 7.184748e+00 8.084833e+00 1.428439e+01 -5.030584e-02 2.482721e+00 2.008528e-01 3.533173e-02 -9.238076e-01
-3.973591e+00 -1.856813e+00 -1.032572e+00 1.010218e+00 -3.438255e+00 2.503299e+00 1.325453e+01 -1.053227e+01 -1.280384e-01 7.079566e+00 -1.549896e+00 -6.707945e+00
-4.954609e+00 -2.397592e+00 -7.029984e+00 8.256897e+00 2.903510e+00 2.258391e+00 1.609816e+01 4.783506e+00 5.793070e+00 5.952567e+00 2.340465e+00 1.158290e-01
3.758696e+00 4.500686e+00 -1.824126e+00 7.811666e+00 9.416142e+00 5.693449e+00 9.209388e+00 -1.128123e+00 6.442048e+00 7.332723e+00 4.675163e+00 2.735874e+00
1.415549e+00 4.402699e+00 -3.884005e+00 -1.252570e+00 3.540673e-01 2.499270e+00 5.454207e+00 -3.786822e+00 2.483853e+00 2.421623e+00 3.040406e-01 2.393928e+00
-5.572762e+00 -4.003683e-01 -1.658794e+00 7.616420e-01 -3.624797e-01 -2.615381e+00 9.121698e+00 -4.880588e+00 4.891490e+00 6.517225e+00 3.620351e+00 1.516429e+00
-5.746431e+00 3.964934e+00 -1.197387e+00 1.658151e+00 1.518792e+00 7.290526e-01 1.392878e+00 -8.557694e-01 7.197752e-01 -2.340129e+00 -5.291407e-01 4.275643e+00
-1.480839e+00 4.945154e+00 -4.419608e+00 -1.036952e+00 1.620588e+00 5.773913e-01 6.505910e+00 -1.738111e+00 -4.508371e-01 3.888986e+00 -9.233602e-01 3.804100e+00
-1.232358e+00 3.202962e+00 -6.958461e+00 1.043892e+00 1.463041e-01 3.655617e-01 5.679239e+00 6.091448e-01 2.111393e+00 -3.636818e+00 -1.074986e+01 1.031210e-01
2.614528e+00 6.646693e+00 -1.750652e+00 5.232899e+00 5.645415e+00 5.504239e+00 6.878179e+00 -5.784695e+00 6.602118e+00 5.878194e+00 1.000615e+00 5.887953e-01
-4.311070e+00 2.912906e+00 -3.792010e+00 -3.217397e+00 3.692719e+00 -5.929501e+00 3.617329e+00 4.843010e+00 8.624907e+00 6.967965e+00 -1.713777e+00 3.803998e+00
1.472796e+00 7.572156e+00 -1.005412e+00 6.353100e+00 1.190177e+01 9.463511e+00 8.020063e+00 3.371596e-03 3.968447e+00 -3.057172e+00 -4.410202e+00 2.062676e-01
1.849328e+00 8.527608e+00 -4.428366e-01 6.094916e+00 1.561591e+01 1.048767e+01 7.887020e+00 -3.414028e+00 7.069898e+00 3.900518e+00 -1.808300e+00 1.618637e+00
3.829575e-02 7.107722e+00 -1.905067e+00 4.371573e+00 6.374855e+00 6.134701e+00 9.980962e+00 3.982783e+00 5.527635e+00 5.660655e+00 3.198174e+00 3.458161e+00
-3.790774e+00 3.583828e+00 -2.453143e+00 7.133603e-01 -1.917932e+00 -1.462262e+00 2.120672e+00 -9.739088e-01 1.039751e+01 8.829698e+00 1.663765e+00 5.159578e+00
-6.600588e+00 1.393834e-01 -2.058368e+00 1.300648e+00 5.337448e-01 2.382266e+00 9.005482e+00 -5.448555e-01 8.972258e+00 8.691711e+00 2.383744e+00 3.282362e+00
1.167326e+00 9.876293e+00 4.074170e+00 4.156345e+00 4.394219e+00 3.124409e+00 4.484247e+00 8.746711e-01 9.169033e+00 6.610475e+00 -7.124698e+00 -5.310660e+00
-5.560014e+00 7.758086e-01 -3.529859e+00 3.135283e+00 6.536584e-01 1.171680e+00 6.808437e+00 -3.092885e-02 6.153861e+00 1.027212e+01 3.635993e+00 2.699263e+00
-3.618441e-01 8.737116e+00 1.374269e+00 6.895210e+00 8.753922e+00 7.350100e+00 6.141021e+00 -4.601088e-01 6.203162e+00 5.607079e+00 1.102416e+00 3.974892e+00
9.373379e-01 6.878319e+00 1.236779e+00 5.972442e+00 7.495591e+00 3.814244e+00 6.747035e+00 1.249089e-01 3.892454e+00 3.968151e+00 -3.049315e+00 3.881872e+00
-3.005048e+00 2.650771e+00 -6.818263e+00 -2.018643e-01 3.552816e+00 -4.266447e+00 -9.512296e-01 8.816665e-01 3.616366e-01 -6.695695e+00 -8.544754e+00 6.869981e-01
-4.198824e+00 4.724738e+00 -1.806853e+00 2.983580e+00 3.323536e+00 1.321640e+00 5.229384e+00 1.333613e+00 6.338400e+00 2.160686e+00 -2.707558e+00 4.765110e+00
1.087032e+00 7.756023e+00 -3.211545e-01 6.641609e+00 1.159064e+01 4.881769e+00 4.862211e+00 -5.051699e-01 6.842347e+00 1.005548e+00 -4.843816e-01 2.039845e+00
-5.200830e+00 2.511909e+00 -4.286654e+00 1.831632e+00 1.551589e+00 -1.471161e+00 3.348978e+00 -1.813761e+00 1.207603e+00 4.865224e+00 -1.577528e+00 3.889475e+00
-1.944809e-01 9.950597e+00 3.704140e-01 3.591035e+00 7.972637e+00 5.623035e+00 1.256761e+01 5.968622e+00 9.261745e+00 4.968156e+00 2.903201e+00 3.148697e+00
2.446063e+00 7.660660e+00 1.395690e+00 7.468804e+00 1.424599e+01 4.480979e+00 3.964784e+00 1.526325e+00 6.102093e+00 4.669044e+00 -1.442251e+00 -6.312039e-01
7.622919e-01 5.900970e+00 -2.943494e+00 2.062776e+00 5.807545e+00 2.696126e+00 5.849979e+00 -2.497021e+00 7.611938e-01 -3.800783e+00 -1.191172e+01 3.502789e-01
-1.112738e-01 3.342293e+00 -9.116539e+00 -4.595006e+00 -3.682243e+00 -4.692616e+00 3.085572e+00 -3.833315e+00 -5.101857e-01 2.594657e+00 3.355627e+00 8.968040e+00
-1.902497e+00 1.376480e+00 -7.002346e+00 -9.559111e-01 2.188392e+00 -9.060113e-01 1.402896e+00 -5.728807e+00 -2.488657e+00 -2.469460e+00 -6.027812e+00 3.623721e+00
-4.676990e+00 1.998048e+00 -2.550693e+00 -2.188522e-01 -1.201735e-01 3.055992e+00 3.082417e+00 -3.194640e+00 1.030579e+00 6.165352e+00 -4.080558e-02 6.261729e+00
1.414423e+00 8.479000e+00 2.301018e+00 4.720872e+00 8.103149e+00 3.697309e+00 5.056252e+00 -9.080774e-01 -8.181100e-01 2.129658e+00 9.451451e-01 3.938886e+00
-6.907253e-01 7.695690e+00 3.154593e+00 6.817180e+00 9.540465e+00 4.659437e+00 5.830616e+00 -4.254472e+00 1.802683e+00 6.793192e+00 1.039711e+00 4.854854e+00
-3.211740e+00 4.630584e+00 -3.477578e+00 -2.458951e+00 2.078454e+00 4.345826e+00 -2.811890e-01 -4.865407e+00 -5.109558e-01 1.575802e+00 -4.693995e+00 4.874023e+00
-5.216866e+00 1.361283e+00 -2.019165e+00 3.277597e+00 3.891023e+00 8.383573e-01 -5.148768e-01 -2.467719e+00 5.108511e+00 2.949871e+00 -3.456182e+00 4.406100e+00
-7.468271e-01 7.914174e+00 8.504975e-01 3.742349e+00 6.905910e+00 6.433085e+00 9.875427e+00 3.941850e+00 7.557623e+00 3.551500e+00 -4.500936e+00 2.997054e+00
1.228666e-01 7.756276e+00 -1.409003e+00 1.614077e+00 7.665377e+00 1.279293e+01 1.279785e+01 3.055007e+00 1.046488e+01 4.565000e+00 -1.566212e-01 2.531995e+00
-5.947448e+00 4.858631e-02 -7.691359e+00 1.467425e+00 3.041294e+00 -4.376645e-01 2.689004e-01 -1.016598e+01 -3.868543e+00 -2.389403e+00 -5.775330e+00 -2.136162e+00
-4.161302e+00 1.986757e+00 -5.676222e+00 1.113614e+00 2.675792e+00 -4.382777e-02 4.473475e+00 -4.959701e+00 5.893820e+00 -5.312560e-01 -6.579929e+00 2.305709e+00
-5.486753e+00 6.048647e-01 -6.844877e+00 3.679875e-01 4.723047e+00 4.469426e+00 2.963909e+00 -3.862420e+00 5.894419e+00 -1.398854e+00 -2.268978e+00 2.230139e+00
-6.482252e+00 1.912630e+00 -3.383093e+00 8.953294e-02 3.621335e+00 -1.511222e+00 8.113995e-01 1.931492e+00 6.658180e+00 5.022025e+00 6.313120e+00 1.038873e+01
-6.910887e+00 -3.471964e-01 -5.891228e+00 -2.043572e+00 -6.121325e-01 -4.350962e+00 3.416055e+00 -3.657581e+00 8.029201e+00 3.031710e+00 -4.120007e+00 3.234775e+00
-5.930824e-01 6.455755e+00 -7.932057e-01 2.286531e+00 4.598521e+00 5.566418e+00 7.699957e+00 2.202834e-01 8.682911e+00 3.827658e+00 -3.818858e+00 2.393149e+00
-5.510147e+00 1.620337e-01 -5.835086e+00 3.043927e+00 5.678183e+00 -5.002131e-01 2.208927e+00 1.455349e-01 7.840427e+00 2.066874e+00 -3.778495e+00 5.251728e+00
-5.354291e+00 1.225767e+00 -3.674648e+00 7.389390e-01 1.447561e+00 2.636926e+00 8.686739e+00 -4.846743e-01 5.837756e+00 6.020199e-01 -6.662542e+00 -8.333080e-01
-2.816633e+00 2.456553e+00 -6.523299e+00 -3.863406e+00 -1.163638e+00 -6.999464e+00 2.650704e+00 -3.494472e+00 -1.306462e-01 -4.471642e+00 -4.501759e+00 1.382183e+00
-5.199013e+00 1.239888e+00 -3.403512e+00 7.336361e-01 3.092486e+00 -1.539526e+00 1.180376e+00 1.733319e+00 2.697335e+00 6.091146e+00 4.196804e+00 3.077947e+00
-5.382201e+00 -8.966595e-02 -6.435788e+00 7.140277e-01 4.662915e+00 3.131053e+00 6.440454e+00 -1.539591e+00 5.106329e+00 1.881119e+00 -1.098751e+00 4.418612e+00
-5.947531e+00 1.221704e+00 -3.385934e+00 1.473701e+00 3.787372e+00 3.769208e-01 2.505298e+00 -2.706133e+00 4.448205e+00 6.718226e+00 8.839424e+00 9.188241e+00
-6.048339e+00 1.524253e+00 -4.926317e+00 -9.839155e-01 5.474075e+00 -3.469160e+00 -7.428303e-01 -2.277012e-01 7.243009e+00 1.904290e+00 -1.179901e+00 7.110960e+00
-5.142803e+00 2.575850e-01 -6.863044e+00 1.130039e+00 2.641980e+00 -3.621342e+00 3.573077e+00 -2.964871e+00 -9.254885e-02 -9.066367e-01 -4.164434e+00 5.464734e-01
-5.798182e+00 4.552915e-01 -4.391634e+00 -1.314623e+00 4.209401e+00 1.054650e+00 -1.181967e+00 -4.328206e+00 5.243701e+00 -8.626783e-01 4.904976e-01 5.263573e+00
-1.038189e-01 7.114736e+00 1.066620e-01 1.359326e+00 5.159769e+00 4.960762e+00 9.229044e+00 2.083776e+00 5.243704e+00 3.543427e+00 -1.088655e+00 4.621471e-01
-1.548083e+00 6.468594e+00 -1.238716e+00 3.009637e+00 4.555230e+00 1.880299e+00 5.480710e+00 5.082265e+00 8.295508e+00 -7.721515e-01 -1.182358e+00 4.653193e+00
