-1.762414e+01 7.898440e+00 -3.545976e-02 -5.771177e+00 1.341747e+01 3.752003e+00 6.327652e+00 -9.734811e+00 2.367498e+00 3.516183e+00 -4.463161e+00 5.827944e+00
-1.918206e+01 5.342948e+00 -9.763758e-01 -4.065296e+00 1.013094e+01 2.067736e+00 5.710706e+00 -9.113258e+00 -3.675423e+00 2.198850e+00 -3.459433e+00 -1.396595e+00
-1.785310e+01 6.168327e+00 -1.943525e-01 -4.911732e+00 7.571554e+00 1.342682e+00 5.777326e+00 -6.495913e+00 -8.189453e-01 3.310358e+00 -2.558176e+00 1.361871e+00
-1.677747e+01 5.997733e+00 -2.576987e+00 -8.413840e+00 4.255451e+00 1.281137e+00 4.261034e+00 -4.215098e+00 1.165792e+00 2.464026e-01 -1.819732e+00 1.237155e+00
-1.778396e+01 5.472328e+00 -1.528409e+00 -7.154362e+00 1.340909e+01 3.979376e+00 3.492694e+00 -8.111538e+00 1.436382e+00 -6.895503e-01 -9.947841e-01 5.767200e+00
-1.400982e+01 7.575791e+00 -3.829052e+00 -7.808859e+00 1.680517e+00 -9.944372e-01 1.497594e+00 -4.573630e+00 -5.925910e+00 -4.160897e+00 -5.000911e+00 1.067500e+00
-1.565446e+01 1.089505e+01 4.051805e+00 -4.008345e+00 1.227522e+01 1.750414e+00 2.467726e+00 -8.667704e+00 5.082449e+00 4.751473e+00 -2.696280e+00 8.773108e-01
-1.584498e+01 8.551930e+00 4.346021e+00 -3.173140e+00 1.298917e+01 4.660305e+00 2.006336e+00 -1.035602e+01 -2.126679e+00 2.569697e+00 2.171874e-01 3.971855e+00
2.033037e+01 -1.593327e+01 1.436977e+01 2.381984e+00 -1.711987e+01 -1.231484e+01 2.153811e-01 2.178297e-01 4.559714e+00 2.837614e+00 6.521378e+00 -2.076174e+00
2.058417e+01 -1.474709e+01 1.335257e+01 3.709705e+00 -1.894876e+01 -9.649832e+00 2.019930e-01 -1.956733e+00 3.761600e+00 4.330222e+00 2.735390e+00 3.669258e-01
-1.699397e+01 3.249513e+00 -3.495420e+00 -7.128851e+00 1.480506e+01 4.887071e-01 7.249267e+00 -3.191306e+00 -8.953263e-01 2.195676e+00 -2.675389e+00 -1.096035e-01
1.869183e+01 -1.147094e+01 1.485320e+01 1.940029e+00 -1.267327e+01 -1.151896e+01 -1.708433e+00 -7.131812e+00 3.067300e+00 5.593315e+00 -1.772511e+00 2.056318e+00
1.912593e+01 -1.289577e+01 1.477131e+01 3.057091e+00 -1.436740e+01 -1.055263e+01 -1.217862e+00 -4.074541e+00 3.249040e+00 4.095890e+00 3.043330e-01 2.020821e+00
2.045058e+01 -1.708528e+01 1.408606e+01 3.637953e+00 -1.665839e+01 -1.099632e+01 -2.669430e+00 1.886729e+00 4.528908e+00 -1.986049e-01 8.900636e+00 -3.035261e+00
-1.971124e+01 -3.275549e-01 -2.991262e+00 -4.378941e+00 1.474067e+01 2.389910e+00 2.171180e+00 -4.927976e+00 -6.382074e+00 -4.366669e+00 -6.072996e+00 -2.414272e-01
2.030848e+01 -1.505662e+01 1.568161e+01 2.349811e+00 -1.529490e+01 -9.584803e+00 -1.063535e+00 -5.386798e-01 2.719763e+00 4.901632e+00 9.907178e-01 -7.663162e-01
-1.575715e+01 6.634632e+00 -4.048642e+00 -7.865800e+00 -1.783442e-02 9.397478e-01 1.893275e+00 -8.922623e-01 1.161102e+00 3.590143e-01 -2.898500e+00 -2.105138e+00
-1.750303e+01 3.236215e-01 -2.852523e+00 -6.115815e+00 1.208871e+01 1.575839e+00 -9.332090e-01 -5.538958e+00 1.843276e+00 4.503820e+00 6.781406e-01 4.151493e+00
-1.542465e+01 3.786014e+00 -3.570816e+00 -1.119306e+01 1.077411e+01 3.442772e+00 5.029980e+00 -7.481573e+00 -1.844745e+00 9.617701e-01 -8.297756e-01 3.728863e+00
-1.735361e+01 8.372691e+00 4.715930e+00 -4.873694e+00 1.195503e+01 5.706076e+00 5.890199e+00 -9.949451e+00 -2.497411e+00 5.168644e+00 -1.367309e-01 1.251452e-01
-1.768965e+01 2.157688e-01 -4.836669e+00 -1.369341e+01 7.417900e+00 3.123150e+00 8.735375e+00 -7.436746e+00 -6.294348e+00 7.525375e-01 -1.278247e+00 2.203745e+00
1.950394e+01 -1.085590e+01 1.755377e+01 -2.377490e+00 -1.112390e+01 -1.283087e+01 -3.054864e+00 -8.663634e+00 5.047325e+00 4.541121e+00 -2.841378e+00 2.385254e+00
1.994618e+01 -1.694784e+01 1.223694e+01 6.383107e+00 -1.469935e+01 -1.304600e+01 -7.207600e-01 5.217657e-01 6.732281e+00 8.860834e-01 7.619016e+00 -4.411070e+00
1.979435e+01 -9.754570e+00 1.582566e+01 -9.967303e-01 -1.172163e+01 -1.105479e+01 -7.120637e+00 -7.306933e+00 1.040802e+00 8.813578e+00 -6.671247e+00 3.555868e+00
-1.584258e+01 1.012007e+00 -4.928112e+00 -3.907651e+00 1.527531e+01 1.442854e+00 3.418792e+00 -4.184366e+00 -1.127658e-01 1.578673e+00 -2.133872e+00 9.757512e-01
-1.543180e+01 3.419611e+00 -2.031649e+00 -7.478050e+00 8.383391e+00 -2.486484e+00 2.030634e+00 -5.636038e+00 -2.049721e-01 9.232649e-01 -5.809355e+00 2.193618e+00
-1.728288e+01 8.631818e-01 -4.064927e+00 -7.082921e+00 1.278551e+01 1.773787e-01 3.525521e+00 -2.713127e+00 2.537647e+00 5.849779e-01 -3.287949e+00 4.486719e+00
-1.983102e+01 2.408321e+00 -1.771696e+00 -9.400659e+00 1.865838e+00 -1.164746e+00 3.024000e+00 -7.916166e+00 -1.579875e+00 1.714679e+00 -6.914875e+00 -7.768834e-01
1.986491e+01 -1.791932e+01 1.235082e+01 7.476431e+00 -1.611929e+01 -1.061171e+01 -2.206126e+00 5.708077e-01 6.952674e+00 -1.211943e+00 8.239733e+00 -2.588590e+00
-1.391403e+01 4.442486e+00 7.861342e-01 -6.070173e+00 1.378015e+01 3.187212e+00 3.668531e+00 -2.607102e+00 -2.596229e+00 9.359756e-01 -2.950649e+00 9.377716e-01
-1.616041e+01 -2.000988e+00 -6.391618e+00 -1.173739e+01 5.256526e+00 -3.869964e+00 3.407313e+00 -1.321356e+00 -3.398246e+00 -2.576692e+00 -1.049648e+00 6.615722e+00
-1.578232e+01 -3.310128e+00 -3.764529e+00 -8.459453e+00 5.246231e+00 -1.608038e+00 1.689230e+00 5.205741e+00 -2.372521e-01 1.348466e-01 -5.323666e+00 4.219230e+00
-1.429989e+01 3.943820e+00 1.185194e+00 -9.183822e+00 7.856211e+00 2.889850e+00 8.325788e+00 -3.096302e+00 -7.561896e-01 4.831827e-02 6.903965e-01 -4.657179e-01
-1.438760e+01 -1.577134e+00 -5.141770e-01 -6.492620e+00 6.879696e+00 -9.807811e-01 4.844120e+00 4.720627e+00 1.855212e+00 2.405811e+00 -4.283215e+00 1.317137e+00
2.051513e+01 -7.909743e+00 1.306865e+01 1.319864e+00 -1.073001e+01 -7.473742e+00 -8.611624e+00 -1.157973e+01 6.525641e-01 9.610125e+00 -6.542072e+00 2.771346e+00
-1.713170e+01 6.090787e+00 2.991697e+00 -4.160581e+00 6.723690e+00 9.420075e-01 3.794569e+00 -4.379195e+00 -2.026422e+00 1.963801e-01 -1.661607e+00 3.140788e+00
-1.262662e+01 5.775732e+00 3.243293e-01 -6.604712e+00 2.797799e+00 -7.553768e-01 -1.817474e+00 4.434757e-01 1.121464e+00 2.401023e+00 -3.774974e+00 -2.923071e+00
-1.475708e+01 -1.728377e-01 -2.069979e+00 -6.845722e+00 7.999362e+00 1.223874e+00 6.397870e+00 4.460886e-01 -9.038926e-01 7.103813e-02 -3.591501e+00 6.300927e-01
-1.616903e+01 5.497451e+00 1.362964e+00 -5.215648e+00 6.484621e+00 2.392266e+00 3.473998e-01 -7.684510e+00 1.461000e+00 6.603381e-01 4.021677e+00 2.724672e+00
-1.482872e+01 -3.145130e+00 2.565271e+00 -8.409240e-01 8.307794e+00 -4.051980e+00 1.706756e+00 5.480116e+00 -7.871336e-01 -3.403572e+00 -2.800503e+00 1.133786e-01
-1.421486e+01 2.218598e+00 1.922336e+00 -3.537994e+00 6.770079e+00 -5.435848e+00 2.511185e+00 -4.432590e+00 -4.898734e+00 -6.702858e-02 8.702928e-01 9.414539e-01
-9.808348e+00 -2.064926e+00 2.274168e+00 -3.839068e+00 6.950448e+00 -8.106579e+00 -2.425762e+00 5.013261e+00 7.265125e-01 2.971999e+00 -3.164265e+00 -8.296732e-01
1.756911e+01 -3.340807e+00 1.204454e+01 4.553685e+00 -6.855617e+00 -1.109723e+01 -6.483146e+00 -1.169270e+01 3.902384e+00 5.119933e+00 -6.637047e+00 1.652487e+00
-1.240725e+01 1.662173e+00 2.668979e-01 -5.525172e+00 3.353156e+00 -2.182457e+00 3.140083e+00 -8.234415e-01 -5.720547e-01 -4.841071e+00 -5.227133e+00 4.657859e-01
-5.931442e+00 4.868935e+00 4.738524e-01 -8.391912e+00 -2.761415e+00 -6.953967e+00 2.183140e+00 -4.912391e-01 4.452397e-01 4.316284e+00 8.518059e-01 -4.877809e+00
-1.628301e+01 3.042426e+00 6.519528e-01 -3.912580e+00 3.218349e+00 2.007077e+00 6.018088e+00 -6.580671e+00 2.824724e+00 4.825740e+00 2.817522e+00 1.838624e-01
1.271953e+01 -3.879577e+00 1.930983e+00 8.721612e+00 -1.213144e+01 -1.174452e+01 -2.718337e+00 1.590050e+01 -8.711696e-03 -8.633242e+00 5.325419e+00 1.047750e+00
-1.078739e+01 -3.204733e+00 3.019917e-01 -4.747557e+00 5.935558e+00 -3.588546e+00 -8.354476e-01 -3.334535e+00 -3.211548e+00 -1.883328e+00 -3.341755e+00 -3.836738e+00
1.689242e+01 -8.250205e+00 1.021589e+01 5.046455e+00 -1.102496e+01 -6.840893e+00 -1.969079e+00 2.432898e+00 8.552309e+00 -1.071109e+01 4.957534e+00 2.622346e+00
-9.008335e+00 -2.577789e+00 2.209317e+00 -2.909879e+00 2.253485e+00 -5.619504e+00 3.415478e-01 -1.214183e+00 -3.512201e-01 5.384779e+00 5.775602e+00 -4.396291e-01
-8.090855e+00 -2.966479e+00 2.508842e+00 -3.593742e+00 4.266260e+00 2.069926e-01 2.790813e+00 9.356611e-01 7.623863e-01 6.026277e-01 3.868483e+00 3.290202e+00
-2.700069e+00 3.040576e+00 5.881470e+00 -4.580998e+00 2.132956e+00 1.691225e+00 5.457201e+00 9.635592e-01 1.399418e+00 2.419851e+00 -5.911565e-02 -3.001572e+00
-4.900568e+00 -4.713524e+00 -2.801931e+00 -4.901142e+00 6.361404e+00 -5.664686e+00 -4.737992e+00 9.237726e-01 -1.426891e+00 -2.289543e+00 -1.148756e+00 6.552995e-01
-6.438053e+00 -1.161061e+00 4.621529e+00 -3.526042e+00 1.393931e+00 -1.850609e+00 4.129385e+00 1.667645e+00 -2.898078e+00 5.092108e-01 1.000463e+00 2.082133e-01
-1.349665e+01 3.502787e+00 1.729433e+00 -9.798064e+00 5.579578e-01 3.113251e+00 3.535033e+00 -9.760403e+00 3.887325e+00 -2.566024e+00 7.080142e-01 7.443536e+00
-5.036457e+00 -4.571764e-01 6.700252e-01 -4.576490e+00 5.052742e+00 1.712837e+00 7.761724e+00 8.271794e-01 -2.735618e+00 3.359299e+00 2.512186e+00 -4.527584e-01
8.753807e+00 8.044877e+00 9.112463e+00 2.209811e-01 3.590359e+00 -8.361797e-01 -3.390123e+00 -7.030027e+00 9.854209e-01 -1.172046e+00 -5.119830e+00 -2.449750e+00
3.641733e+00 -3.935557e+00 5.325780e+00 7.984240e+00 -6.300463e+00 -2.105694e+00 1.369135e+00 9.262957e+00 3.072512e-02 1.072881e+00 6.853655e+00 -5.166578e-02
8.819427e+00 -3.390642e+00 -9.691286e+00 1.505499e+01 -9.548793e+00 4.419489e-01 -1.097563e+01 5.074447e+00 -5.182851e+00 -2.998074e+00 2.715808e+00 -1.402945e+00
-9.307707e+00 -1.605079e-01 9.487315e-01 -1.268142e+01 2.172592e+00 6.306028e+00 6.894096e+00 -4.837533e+00 7.463231e+00 -2.741956e+00 -2.075828e+00 1.211461e+00
2.310136e+00 -2.990039e+00 -8.261232e+00 5.042989e+00 -1.288954e+00 -2.878865e+00 -9.387560e+00 2.619587e+00 -3.344073e+00 -2.970394e+00 1.343254e+00 2.788983e+00
-7.346935e-01 2.239028e+00 -1.123444e+00 -4.150693e+00 4.146476e+00 -3.332608e+00 1.393966e+00 1.238121e+00 -4.994773e+00 -2.111377e+00 1.832212e+00 -9.857273e-02
-7.274361e-01 -1.646098e+00 -1.599106e+00 -5.231497e+00 3.789899e+00 -5.887156e-01 7.488604e+00 3.241935e+00 3.730410e-02 3.816117e+00 -9.387474e-01 -2.143381e+00
1.492632e+00 -7.634105e+00 2.462667e+00 9.392551e+00 -7.140485e+00 4.056580e+00 -3.123327e+00 6.628628e+00 -2.728010e-01 2.805326e+00 5.875783e+00 1.178045e+00
9.651499e-01 -3.948625e+00 -3.021677e+00 -6.684880e+00 -9.645039e-01 -2.655385e+00 1.894215e+00 2.103307e+00 -4.534012e+00 -4.727805e+00 -7.730416e+00 -7.001458e+00
1.678566e+00 -2.871320e+00 -2.322526e+00 -4.917117e+00 -2.923059e+00 -7.557279e+00 7.965815e-01 1.112460e+01 9.611134e-01 -5.315035e+00 -3.859853e+00 1.934116e-01
-2.941751e+00 -5.163376e+00 -3.534948e-01 -8.566940e+00 3.288191e+00 1.168893e+00 8.593425e+00 -2.626905e+00 -3.486465e-01 -5.208335e+00 -7.381828e-01 1.953035e+00
4.892707e+00 -5.195930e+00 7.607984e-01 8.265292e+00 -1.150383e+01 4.473348e+00 1.081260e+00 5.242294e+00 -7.672740e+00 5.974792e+00 -3.033882e+00 -1.588997e+00
3.017936e+00 -4.073435e+00 1.173733e+00 -1.759063e+00 8.976915e-01 3.950127e+00 5.294028e+00 4.330993e+00 -2.049846e+00 3.276603e-01 2.061596e+00 4.096675e-01
6.870825e+00 -4.447617e+00 1.430657e+00 -5.444126e+00 -3.205930e+00 -1.027824e+00 3.319350e+00 1.255646e+01 -6.802389e-01 -5.564837e+00 -1.516159e-01 -1.156076e+00
8.089865e+00 -3.924706e+00 1.182167e+00 -2.973152e+00 -4.245192e+00 -2.884065e+00 -1.044807e+00 1.204648e+01 2.575166e+00 -5.159134e+00 -2.403568e+00 -1.554257e+00
9.172699e+00 -3.016062e+00 -8.693748e+00 1.407605e+01 -7.749802e+00 -1.718402e-01 -7.536825e+00 3.743117e+00 -4.052829e+00 -7.027424e-01 1.398381e+00 -7.991927e-01
7.359962e+00 -4.358231e+00 -1.409962e+00 -2.429304e+00 -2.900075e+00 -2.503908e+00 -6.562756e-01 9.239580e+00 4.905504e+00 -3.489324e+00 -2.046080e+00 -5.006081e+00
2.233527e+00 -5.174505e+00 -2.278422e+00 -2.865081e+00 5.637461e+00 -2.212489e+00 1.277735e+00 -4.502368e-02 -3.374126e-01 -1.235117e+00 1.536944e-01 -2.354780e+00
9.156687e+00 -2.830871e+00 5.329221e-01 2.361457e+00 1.086809e+00 -8.756938e-01 -8.517220e+00 5.235271e+00 1.056532e-01 -4.017672e+00 -3.201480e+00 -6.379096e+00
8.523499e+00 -5.663084e+00 -1.893491e+00 1.642317e+00 -2.540771e+00 -4.790926e-02 -4.850591e+00 3.963040e+00 3.019507e+00 -8.113716e+00 -1.049705e-01 1.174037e+00
8.737473e+00 -6.301898e+00 -2.461485e+00 1.630918e+00 -6.687778e+00 -6.521649e+00 -8.644107e+00 4.399330e+00 3.855120e+00 -6.836599e+00 4.075944e-01 -5.546356e+00
-2.309622e+00 -4.290758e+00 1.524303e+01 1.190321e+01 -8.629153e-01 1.854219e+00 5.218464e+00 2.930694e+00 -5.893959e+00 2.676620e+00 6.071754e+00 7.089992e-01
9.512461e+00 -2.269134e+00 -1.868018e-01 2.445978e+00 -3.256650e+00 -1.145516e+00 -9.073564e+00 7.868944e+00 3.174058e+00 -9.211558e+00 -3.811100e+00 -5.658861e-01
5.653921e+00 -7.157803e-02 4.358132e+00 9.863529e+00 -1.137173e+01 2.116860e+00 7.551808e+00 5.776073e+00 -4.884276e+00 3.931445e-01 8.847139e-01 1.785143e+00
7.517936e+00 -2.110660e+00 -9.017326e+00 6.188251e+00 -1.288575e+00 1.172796e+00 -3.028548e+00 8.603960e+00 -3.118145e-01 -1.224410e+01 -5.220866e+00 -6.926585e+00
9.652767e+00 -8.041327e-01 -2.532551e+00 4.711576e+00 -1.476143e+00 -3.711605e-01 -3.852715e+00 4.800685e+00 -1.714062e+00 -6.061432e+00 -4.557519e-01 2.494863e+00
-2.883530e-01 -2.090789e+00 9.068736e+00 1.049413e+01 -3.970177e+00 3.282621e+00 5.243935e+00 3.088736e+00 -4.734049e+00 4.361789e+00 8.987031e+00 -1.048173e+00
8.302240e+00 -2.010747e+00 -5.534146e+00 4.492255e+00 -1.143085e+00 -1.311312e+00 -2.885676e+00 3.850766e+00 1.609073e+00 -3.029702e+00 9.261457e-01 -1.936513e+00
9.444883e+00 -1.434360e+00 -6.260070e+00 4.596946e+00 1.063687e+00 1.672075e+00 -8.758661e+00 -5.404437e+00 -3.557481e+00 -6.654103e+00 -5.113559e+00 -5.414375e+00
8.083478e+00 1.376851e+00 -1.732564e+00 1.136826e+01 6.699828e+00 4.717760e-01 -6.959209e+00 3.458081e+00 3.547609e-03 -1.674399e-01 -3.831889e+00 -4.339352e+00
5.502323e+00 2.251923e+00 -5.246089e+00 6.478496e+00 3.211823e+00 2.780967e+00 -2.331862e+00 3.709964e+00 -1.191370e+00 -3.129300e+00 -3.134654e+00 -2.872853e+00
6.753059e+00 -9.832530e-01 -6.690929e+00 4.155684e+00 -3.044356e+00 1.080894e+00 -5.941265e+00 -6.702727e-01 -5.860393e-01 -3.512999e+00 -5.924013e-01 1.444762e-01
7.195164e+00 4.676595e-01 -7.915122e+00 1.312017e+00 -2.686471e+00 -5.216327e-01 -5.820767e+00 1.122568e+00 -4.751089e+00 -2.563862e+00 1.712851e+00 2.020593e+00
6.922235e+00 7.943048e-01 -5.741558e+00 5.531519e+00 -1.920543e+00 3.633122e+00 -1.207805e+00 4.806614e+00 1.727090e+00 -6.183518e+00 -1.682581e+00 -4.424356e-01
5.950792e+00 1.338377e+00 -5.959274e+00 1.550686e+00 -5.042037e+00 1.200668e+00 -2.836629e+00 7.749238e-01 1.550005e+00 -2.741723e+00 1.065451e+00 -3.971690e-01
4.411064e+00 -3.971186e-01 -9.351702e+00 -1.008800e+00 -1.081266e+00 6.436547e+00 1.040009e+00 5.695720e+00 6.157099e+00 -2.409742e+00 -9.855254e-01 -3.894744e+00
3.982815e+00 -1.671576e+00 -8.895508e+00 2.124568e+00 -3.571645e+00 3.046147e+00 1.549012e+00 1.062287e+01 7.654167e+00 -3.394192e+00 -4.846160e-01 2.143143e-01
5.698150e+00 -9.833531e-01 -8.707378e+00 4.187016e+00 -4.671156e+00 -3.821243e+00 -4.184296e+00 1.958419e+00 -1.572952e+00 5.838504e-01 2.689677e+00 1.325045e+00
6.200031e+00 1.316405e+00 -6.317853e+00 3.595567e+00 -2.879519e+00 -2.483168e+00 -4.814607e+00 -1.125321e+00 -3.048347e-01 -1.247497e+00 -2.918787e-01 -1.606587e+00
6.331810e+00 1.799386e+00 -3.398210e+00 2.177617e+00 -3.971452e+00 2.414290e+00 -1.277257e+00 5.514874e+00 -2.137568e+00 -1.637051e+00 5.196337e+00 2.469179e+00
5.179698e+00 2.459293e+00 -3.803360e+00 2.970913e+00 -2.153388e+00 1.645003e+00 -7.076075e+00 1.172699e+00 -3.433337e+00 -4.118968e+00 -1.523538e-01 -2.233375e+00
4.130832e+00 1.793129e+00 -4.580027e+00 6.134398e+00 1.038351e+00 3.499414e+00 -1.096430e-01 1.638722e+00 -2.285105e+00 -3.111630e+00 2.736948e+00 -1.707448e-01
4.065507e+00 3.146198e-01 -5.562558e+00 3.802772e+00 -2.313653e-01 3.866422e+00 9.634657e-01 -4.893807e-01 -1.391959e+00 -6.020284e+00 -2.929788e+00 -1.381063e+00
5.555778e+00 5.227417e+00 -2.866836e+00 -9.831793e-01 -3.984282e+00 8.252601e+00 5.101090e+00 3.476682e+00 -3.511057e+00 -1.188897e+00 5.422983e-01 2.191387e+00
5.110139e+00 5.608875e+00 -3.287454e+00 7.821301e-01 -4.608745e-01 1.376055e+01 1.804687e+00 2.369508e+00 7.867625e-01 3.787214e+00 2.575472e+00 1.176274e+00
3.642867e+00 5.680885e+00 -2.616201e+00 3.029029e-01 1.852191e-01 6.254943e+00 2.382264e+00 1.034469e+00 -1.385103e+00 2.021025e+00 5.782084e+00 6.000072e-01
3.585739e+00 4.909192e+00 -2.426852e+00 2.458698e-01 7.765954e-01 9.552111e+00 2.999888e+00 2.292337e+00 2.825794e+00 6.730099e+00 7.538641e+00 2.354470e+00
2.601950e+00 5.067214e+00 -1.255048e+00 4.014358e+00 -6.252303e-01 7.504999e+00 -1.132194e+00 1.451586e+00 -1.257314e+00 3.555430e+00 2.806750e+00 -2.351448e+00
1.814095e+00 6.639526e+00 6.629300e-02 1.260956e+00 -4.454147e+00 6.577297e+00 2.435453e-01 1.425738e+00 3.155837e+00 2.594279e+00 4.318048e+00 1.371172e+00
3.119990e+00 6.754106e+00 7.429087e-02 4.855340e+00 -1.823348e+00 5.008789e+00 -1.937602e+00 -2.901869e+00 2.736204e+00 3.104076e+00 2.059730e+00 -3.416078e+00
2.391994e+00 4.282663e+00 -4.661230e+00 3.712229e+00 1.253160e+00 6.343548e+00 -9.885243e-01 -3.199507e+00 -3.654231e+00 1.379335e+00 2.140162e+00 -3.265206e+00
6.280481e+00 9.257779e-01 -6.949758e+00 1.394603e+00 -1.135038e+00 4.949667e+00 4.601277e-01 5.444920e-01 -1.633259e+00 4.304970e+00 5.146690e+00 -6.339128e-01
3.953730e+00 7.754675e+00 2.119099e+00 3.008264e+00 2.605870e+00 6.052126e+00 2.233806e+00 -2.443645e+00 -1.608667e+00 7.426255e-01 8.473825e-02 -1.052951e-01
3.250326e+00 4.353660e+00 1.137883e-01 6.692834e+00 -1.344423e+00 7.568617e+00 -1.609947e+00 -3.545063e+00 -7.592271e-01 1.447069e+00 2.328237e+00 3.462386e-02
2.522801e+00 5.802201e+00 -6.051898e-02 7.227952e+00 -2.353708e+00 6.874280e+00 -1.663812e+00 -4.168611e-01 2.282303e-01 5.940961e+00 6.713267e+00 1.820689e+00
3.004692e+00 6.003385e+00 -3.741431e-02 4.122996e+00 -1.153493e+00 1.093045e+01 4.955281e+00 -2.708581e+00 -3.635622e-01 -4.086953e-01 5.712851e+00 1.997300e+00
1.213517e+00 4.488536e+00 1.513907e+00 6.755313e+00 -7.269539e-01 4.545403e+00 -2.638973e+00 -2.846298e+00 6.933363e-01 3.368800e+00 5.355000e+00 -3.982381e-01
7.956076e+00 1.179138e+00 -6.063648e+00 3.618171e+00 -3.569805e+00 -8.508024e-01 -4.748478e+00 9.396004e+00 5.596836e+00 -3.455403e-01 -4.584533e+00 -1.430162e+00
5.825539e+00 4.542887e-01 -6.814044e+00 3.647914e+00 -8.119316e-01 4.256908e+00 4.951852e-01 4.979166e+00 1.809290e+00 -3.482641e+00 -3.175246e+00 -6.031625e+00
5.816632e+00 -2.705622e-01 -6.686841e+00 4.601909e+00 3.201906e+00 -3.066210e+00 -6.091662e+00 2.012403e+00 -1.857507e+00 -4.194164e+00 -1.494430e+00 -1.070994e+00
6.785014e+00 4.861109e+00 -4.647404e+00 8.803685e+00 4.709056e-01 -2.465603e+00 -2.580163e+00 4.723668e+00 3.238075e-01 -4.787985e+00 -4.454525e+00 1.042577e-01
7.211865e+00 6.139585e+00 -3.250432e+00 5.491142e+00 -2.779037e-01 7.550244e-01 -5.067261e+00 2.483502e+00 -4.618028e-01 -2.221001e+00 -2.707381e+00 -3.143936e+00
5.692901e+00 4.253979e+00 -1.269727e+00 5.469865e+00 8.066427e-01 2.461460e+00 -1.725246e+00 2.525861e+00 2.577664e+00 3.763114e+00 -4.999198e+00 -3.190395e+00
4.544413e+00 4.229467e+00 -3.976997e+00 -2.456656e-01 -2.061915e+00 3.223392e+00 -4.162796e+00 8.454158e-01 6.430097e-01 -4.676228e-01 1.348929e+00 1.532773e+00
5.700567e+00 7.553172e+00 -2.974398e+00 3.684791e+00 -3.759560e+00 3.424084e+00 -1.229901e+00 4.951807e+00 -2.164791e+00 2.115175e+00 -9.117210e-01 -3.770561e+00
5.657269e+00 5.736841e+00 -3.699697e+00 4.356484e+00 -2.142158e+00 3.772762e+00 -5.185843e+00 -2.788516e+00 -5.285995e+00 -3.226834e+00 -3.003411e+00 -1.263769e+00
1.744760e+00 5.415486e+00 -3.774832e+00 1.517306e+00 -3.406605e+00 1.695250e+00 -4.608568e+00 -6.034644e+00 -4.165506e+00 1.885979e+00 -2.777762e-01 -1.121296e+00
1.884120e+00 3.182450e+00 -3.471540e+00 -1.539570e-01 1.299419e+00 2.821208e+00 2.388411e-01 2.880380e+00 2.810086e+00 4.292962e+00 7.530074e+00 6.305099e+00
3.783624e+00 5.725340e+00 -1.997149e+00 4.376933e+00 -1.580139e+00 2.602107e+00 6.890744e-02 -1.540011e+00 1.451764e+00 4.958403e+00 8.156724e+00 5.187504e+00
2.964268e+00 3.947845e+00 -2.816074e+00 3.808634e+00 -2.844116e+00 2.597251e+00 -1.959969e+00 -1.302260e+00 1.349625e+00 5.403582e+00 4.961348e+00 3.775234e+00
2.901993e+00 7.194679e+00 1.751450e+00 1.258905e+00 -2.364710e-01 7.025666e+00 -3.019452e+00 -3.233734e+00 1.848716e+00 7.009573e+00 3.950990e+00 -1.575068e+00
