6.886233e+00 -8.541591e+00 1.602298e+01 4.259346e+00 -1.301536e+01 -7.467563e+00 5.301497e-01 -9.852943e+00 4.980862e-01 1.970048e+00 -3.441457e+00 9.639243e+00
5.390441e+00 -8.344789e+00 1.389247e+01 4.185870e+00 -1.324479e+01 -5.448309e+00 -1.958900e+00 -4.938364e+00 3.718193e+00 1.440321e+00 -1.218659e+00 9.647848e+00
5.488052e+00 -7.827446e+00 1.407411e+01 6.577426e+00 -1.230226e+01 -5.783694e+00 1.185046e+00 -9.552467e+00 -4.218442e-01 3.784248e+00 -2.063514e+00 1.120888e+01
5.404460e+00 -7.714449e+00 1.274347e+01 3.603134e+00 -1.105264e+01 -7.990294e+00 -5.287024e-01 -5.288513e+00 5.561881e+00 3.270089e+00 -1.670482e+00 7.158791e+00
7.901707e+00 -8.894359e+00 1.844715e+01 3.667779e+00 -1.554520e+01 -4.851874e+00 -1.395759e+00 -1.064561e+01 1.318254e-01 -1.352841e-01 -2.857206e+00 1.039215e+01
6.596903e+00 -7.211169e+00 1.939850e+01 3.822737e+00 -1.631183e+01 -3.398857e+00 1.870365e+00 -1.210971e+01 -1.246789e+00 1.843975e-01 -4.664248e+00 9.417576e+00
5.760768e+00 -7.527730e+00 8.959606e+00 2.504671e+00 -7.176099e+00 -8.271667e+00 3.249073e+00 1.856818e-01 2.700677e+00 5.656593e+00 -5.844988e+00 8.291142e+00
6.087530e+00 -5.692780e+00 1.974084e+01 3.594168e+00 -1.400485e+01 -2.722147e+00 1.840048e+00 -1.233652e+01 -2.996941e-01 -3.547240e+00 -4.547040e+00 6.706148e+00
5.176071e+00 -5.413752e+00 2.373053e+01 2.703320e+00 -1.150426e+01 -6.140241e+00 2.609285e+00 -1.260027e+01 -2.140882e+00 -9.386685e-01 -6.540236e+00 5.420481e+00
4.786065e+00 -4.685769e+00 2.474225e+01 1.924139e+00 -9.414054e+00 -3.555127e+00 9.009858e-01 -1.137008e+01 -3.957247e+00 -3.205325e+00 -7.795048e+00 2.514910e+00
6.120280e+00 -3.660089e+00 7.026568e+00 2.068793e+00 -9.668630e+00 -6.539772e+00 2.378082e+00 -1.466803e+00 3.765794e+00 6.034162e+00 -2.492694e+00 9.333688e+00
6.228115e+00 -3.203732e+00 7.397631e+00 2.175578e+00 -8.046123e+00 -1.026073e+01 2.708182e-01 1.973338e+00 2.977036e+00 9.872459e+00 -6.980207e+00 6.704579e+00
7.398409e+00 -5.285775e+00 8.578821e+00 1.117334e+00 -7.243224e+00 -6.263762e+00 -2.520781e+00 3.145714e+00 2.158715e+00 6.195926e+00 -7.502903e+00 7.407731e+00
8.054634e+00 -6.494709e+00 7.952899e+00 5.053547e+00 -9.939248e+00 -4.496408e+00 -8.390786e+00 2.062863e+00 1.002123e+01 1.316842e+00 -5.991977e+00 5.345978e+00
6.429520e+00 -4.171810e+00 2.493733e+01 2.402680e-01 -7.643662e+00 -5.756273e+00 5.916772e-01 -8.821535e+00 -6.408954e+00 -3.051600e+00 -8.753553e+00 6.030362e+00
7.817842e+00 -5.835257e+00 7.261713e+00 4.556850e+00 -1.037189e+01 -7.217685e+00 -3.792228e+00 1.141894e+00 7.587552e+00 4.864663e+00 -9.567326e+00 1.026584e+01
4.911829e+00 -3.026734e+00 2.532199e+01 -7.026529e-02 -7.255490e+00 -2.747237e+00 1.279529e+00 -1.148534e+01 -9.827185e+00 -2.113213e+00 -6.571757e+00 6.159573e+00
5.057415e+00 -3.988338e+00 2.431995e+01 9.903679e-01 -8.688413e+00 -5.890388e-01 -3.715355e-01 -1.112209e+01 -7.131765e+00 -7.803509e+00 -3.144966e+00 4.665194e+00
8.550866e+00 -6.388595e+00 5.175490e+00 1.242051e+00 -7.826558e+00 -3.067098e+00 -2.299205e+00 -1.393068e+00 7.958653e+00 2.017073e+00 -9.826319e+00 6.026711e+00
9.193632e+00 -1.001480e+01 2.147342e+00 -7.082538e+00 -7.403218e+00 2.422598e+00 -6.449469e-01 1.356446e+01 1.136874e+01 -7.173842e+00 -5.400484e+00 2.532911e+00
4.825976e+00 -4.432135e+00 2.385275e+01 -5.257945e-01 -4.499031e+00 -2.583403e+00 -4.072998e+00 -5.423179e+00 -9.652225e+00 -9.274299e+00 -6.355364e-01 -3.139014e-01
3.343270e+00 -9.754833e-01 2.382723e+01 4.912286e-01 -3.808543e+00 -8.390136e+00 -2.286322e+00 -2.245202e+00 -1.434564e+01 -8.137683e+00 1.758615e+00 -4.248341e+00
2.845473e+00 -3.623142e-01 1.936442e+01 1.058750e+00 6.032019e-01 -1.178173e+01 -1.276845e+00 -8.711357e+00 -1.754749e+01 -3.894805e+00 -1.100776e+00 -1.059389e+00
8.538707e+00 -1.170027e+01 -1.000016e+00 -8.950598e+00 -5.001242e+00 1.732567e+00 -8.618471e-01 1.021095e+01 1.067523e+01 -6.774884e+00 -1.140830e+00 1.388977e+00
1.799105e+00 1.822437e+00 2.095390e+01 5.340050e+00 -3.691889e+00 -1.025747e+01 -5.657001e+00 -4.869271e+00 -2.679139e+01 -8.237303e+00 2.404836e+00 -5.883419e+00
9.308309e+00 5.305208e+00 -2.964706e+00 1.113654e+01 7.260799e-02 -4.706470e+00 3.366252e+00 -4.558230e+00 -9.265907e+00 -6.678168e+00 8.181593e+00 -5.547058e+00
1.621485e+00 -5.669208e+00 -4.700012e-01 -6.479088e+00 4.455119e+00 -1.118792e+00 -6.615590e+00 1.032393e+01 -4.726312e+00 -5.161678e+00 1.145127e+00 -1.786008e+00
2.945482e+00 -2.348472e+00 -2.822566e-01 -8.074214e-01 8.215389e-01 3.623407e+00 -4.009545e+00 6.643552e+00 -4.061728e+00 -3.706602e+00 4.176354e+00 -8.007935e+00
2.873151e+00 9.142359e+00 -1.557938e+00 1.045351e+01 4.520660e+00 -2.231403e+00 9.972471e+00 -1.050459e+01 -1.125303e+01 -9.211478e+00 8.403348e+00 -6.989780e+00
-4.911626e+00 -1.503000e+00 -1.191352e+01 1.460926e+00 -3.721645e+00 -5.226467e+00 9.403331e+00 -1.233861e+01 -9.032860e+00 -5.079729e+00 9.907290e+00 -2.951584e+00
-3.870907e+00 -2.807014e+00 -1.236109e+01 2.580657e-01 -1.466331e+00 -2.308310e+00 8.918191e+00 -6.857147e+00 -1.689440e+00 -2.753697e+00 2.709141e+00 -2.721262e+00
-1.114450e+00 -1.553388e+00 -3.578281e+00 6.152474e+00 5.386982e-01 -1.508471e+00 6.237682e+00 1.620748e+00 -1.068401e+01 1.767757e+00 9.493980e+00 -4.908267e+00
-3.221429e+00 -3.635477e+00 -1.156776e+01 3.202200e+00 4.560819e+00 3.385631e+00 4.114713e+00 -1.149711e+01 -6.541577e+00 -3.750797e+00 5.209508e+00 -7.944088e-01
-3.356801e+00 -3.357471e+00 -9.881701e+00 1.144685e+00 -2.270041e-01 2.384334e+00 5.604739e+00 -9.404343e+00 -4.073072e+00 1.631846e+00 5.714169e+00 -3.973938e+00
-2.612843e+00 -4.188618e+00 -1.043656e+01 -2.283947e+00 -4.162102e-01 3.400843e+00 7.183744e+00 -5.480862e+00 -3.513877e+00 6.222379e-02 4.192036e-01 -6.327139e+00
-3.515305e+00 -5.145172e+00 -8.129959e+00 2.758376e+00 3.738452e+00 3.716125e+00 6.350340e+00 -3.876058e+00 -2.050181e+00 1.178428e-01 -1.305634e+00 -6.449403e+00
7.663012e-01 7.949006e+00 8.236618e-01 7.337714e+00 4.217854e+00 -6.710816e+00 -9.473130e-01 -1.064749e+00 -1.424152e+01 -8.072633e+00 3.184430e+00 -3.472859e+00
-3.494514e+00 -4.441500e+00 -1.192956e+01 7.918110e-01 1.974784e+00 1.891991e+00 4.937147e+00 -5.248078e+00 -7.266093e+00 -7.219212e-01 -1.140781e+00 -1.162427e+01
-3.077278e-01 -4.445051e-01 -6.480268e+00 -4.582243e-01 7.301965e+00 -2.860763e+00 -9.057720e+00 9.585805e+00 2.524931e+00 -5.754548e+00 -1.962155e+00 -6.398051e-01
-3.311434e+00 -3.496569e+00 -9.062022e+00 1.804914e+00 2.862850e+00 4.248426e+00 -1.532439e-01 -2.144325e+00 -1.073669e+00 1.064708e+01 1.211825e+01 -1.977581e+00
-3.487982e+00 6.578937e+00 -8.687080e+00 -4.754335e+00 7.080776e+00 6.729995e+00 1.419433e+00 5.929798e+00 4.769446e+00 -1.314840e+00 -5.243654e-01 9.881513e-01
-5.241817e+00 6.014095e+00 -9.356865e+00 -3.708431e+00 7.694009e+00 8.289092e+00 1.410761e+00 6.338160e+00 -3.172872e-01 -3.482048e+00 -6.408226e-02 -1.778869e+00
-6.366339e+00 5.033939e+00 -8.567245e+00 -1.891804e+00 5.229118e+00 3.636829e+00 -5.112623e+00 -1.562900e+00 1.340612e+00 1.340424e+00 6.855776e-01 -1.029184e+00
-6.358893e+00 4.382915e+00 -9.197491e+00 -2.552528e+00 5.822693e+00 3.166469e+00 -5.109684e+00 9.493607e-01 3.819374e+00 3.660456e+00 -2.595584e-01 -1.988925e+00
-5.869429e+00 3.868973e+00 -1.021734e+01 -1.496961e+00 7.519517e+00 5.928975e+00 6.075228e-01 2.182557e+00 5.777600e+00 7.562316e+00 3.005610e+00 -6.426945e-01
-5.294871e+00 5.824809e+00 -8.341089e+00 -2.305691e-01 5.786106e+00 6.431558e+00 2.998114e+00 7.375761e+00 3.030623e+00 6.065305e+00 4.347979e+00 -4.711957e-01
-5.214248e+00 5.251771e+00 -7.219563e+00 -1.483312e+00 8.565131e+00 4.008373e+00 7.512487e-01 7.170086e+00 3.830301e+00 3.586876e+00 1.026188e+00 1.397381e+00
-6.741117e+00 5.392835e+00 -6.873125e+00 -2.885136e+00 6.646084e+00 3.284672e+00 -1.981357e+00 3.320596e+00 3.998194e+00 1.126892e-01 3.307517e+00 -9.707900e-01
-6.808444e+00 6.092888e+00 -6.495723e+00 -2.233160e+00 6.945113e+00 4.392544e+00 1.582941e-01 5.676103e+00 7.311246e+00 7.205108e+00 5.538349e+00 -3.829470e+00
-1.699224e+00 8.271395e+00 -8.693415e+00 -3.230259e+00 5.905322e+00 6.266486e+00 8.616036e+00 1.089076e+01 7.535601e+00 9.027658e-01 -5.340197e+00 -2.875881e+00
-1.025786e+00 4.358326e+00 -1.115250e+01 -4.400656e+00 5.640144e+00 3.922378e+00 1.680598e+00 1.005379e+01 1.273836e+01 2.978209e+00 -2.631297e+00 -6.633760e+00
-4.395245e+00 6.376503e+00 -8.212127e+00 -3.519731e+00 5.665335e+00 5.076167e+00 2.131278e+00 9.844086e+00 3.852148e+00 6.510219e+00 6.072914e+00 -1.309025e+00
-5.158570e+00 4.608089e+00 -8.299099e+00 -1.532043e+00 3.858019e+00 7.257757e+00 -7.941401e-01 4.825629e+00 4.993269e+00 2.519038e+00 1.647136e+00 -9.481477e-01
-5.394686e+00 5.179307e+00 -8.013715e+00 -3.584455e+00 2.804338e+00 6.812377e+00 -2.174724e+00 2.359122e+00 3.515752e+00 5.806887e+00 5.642119e+00 -1.719431e+00
-6.628711e+00 5.559557e+00 -4.069881e+00 -2.645854e+00 2.716176e+00 5.034539e+00 -8.470524e-01 3.231526e+00 5.019561e+00 3.829471e+00 3.361736e+00 -2.920809e+00
-6.604255e+00 2.447792e+00 -8.545819e+00 -4.486424e+00 5.961139e+00 7.173157e+00 -1.490966e+00 -6.807590e-01 1.194831e+00 3.564753e+00 3.933128e+00 6.453199e-01
-7.317492e+00 1.594057e+00 -1.103286e+01 -5.746892e+00 3.288704e+00 4.093359e+00 -2.622346e+00 3.653187e+00 3.773937e+00 4.634154e+00 1.138537e+00 -2.283192e+00
-7.233899e+00 3.834590e+00 -9.270037e+00 -5.391719e+00 3.487320e+00 3.707059e+00 -1.739088e+00 -1.773548e-02 2.251822e+00 4.659391e+00 2.806265e+00 -3.622048e+00
-6.526812e+00 5.030663e+00 -8.492714e+00 -3.907063e+00 2.862167e+00 4.636031e+00 -2.358930e+00 2.408656e+00 4.228190e+00 2.574406e+00 2.392285e+00 3.272510e-02
-6.344954e+00 2.124614e+00 -1.208162e+01 -3.908787e+00 1.868708e+00 -6.404004e-01 -2.029693e+00 3.883046e+00 3.003344e+00 2.649795e+00 1.388744e+00 -3.600507e+00
-2.816340e+00 8.229417e+00 -4.464209e+00 3.175524e+00 9.968738e+00 3.793797e+00 -3.155733e+00 -4.993100e-01 -3.486068e+00 -4.654781e+00 1.184952e-01 -3.815721e+00
-4.142402e+00 7.817124e+00 -5.662603e+00 -1.186333e+00 9.674226e+00 7.226404e+00 -3.190516e+00 4.721887e+00 3.294847e+00 6.823059e+00 1.554372e+00 -4.569999e+00
-4.315832e+00 3.050513e+00 -8.671517e+00 -1.293190e+00 9.059215e+00 2.658314e+00 -3.622727e+00 2.268705e+00 -3.338615e+00 -6.071998e-01 -7.744195e-01 -4.617620e+00
-3.420323e+00 6.983610e+00 -6.653155e+00 -1.469861e+00 4.129750e+00 1.606259e+00 -1.292345e+00 6.369046e+00 3.926225e+00 -2.356281e-01 1.026256e+00 -2.230294e+00
1.126659e+00 7.054695e+00 -2.166548e+00 1.855624e+00 4.482135e+00 -1.869398e+00 -1.688559e+00 5.070077e-01 -6.986875e+00 -1.007056e+00 3.743630e+00 -4.524874e+00
-7.092571e-02 1.633908e+00 -1.261659e+01 1.046748e+00 1.248402e+01 -2.466640e+00 -5.053926e+00 7.408219e+00 5.358242e+00 -6.473145e+00 -2.781892e+00 -6.650257e+00
-2.634999e+00 -5.876914e-01 -1.313560e+01 -4.777768e-01 9.182990e+00 1.186057e+00 1.151931e+00 1.196596e+01 7.964742e+00 -1.734956e+00 8.364609e-01 -1.775603e+00
-1.036720e+00 3.944880e+00 -1.207454e+01 -4.808216e+00 9.129122e+00 4.558014e+00 -4.077567e-02 1.091434e+01 9.597891e+00 -6.564454e+00 -4.792153e+00 -1.685901e+00
-1.745020e+00 2.470437e+00 -1.279907e+01 -3.698009e+00 2.101898e+00 3.260206e+00 -3.175644e+00 6.018946e+00 5.555243e+00 2.125011e+00 2.897286e+00 -1.262331e+00
-2.265110e+00 4.075000e+00 -1.267245e+01 -3.547486e+00 3.964063e+00 4.284306e+00 -1.961647e+00 6.489047e+00 3.855898e+00 1.836380e+00 -5.330515e-01 -7.367699e-01
-3.251413e+00 6.960662e+00 -7.433956e+00 -3.222606e+00 1.016750e+01 9.275019e+00 5.195254e+00 8.536604e+00 5.495605e+00 2.136192e+00 -5.045919e-01 3.755522e-02
-4.105784e+00 6.306645e+00 -7.908444e+00 -3.805037e+00 5.131571e+00 2.726315e+00 -2.630394e+00 4.216227e+00 6.917763e-01 -2.663461e+00 1.069956e+00 -1.190200e+00
