-1.914671e+00 1.780608e+00 -2.770797e-01 -5.167160e-02 -2.663004e+00 -2.060637e+00 -1.080837e+00 -1.995314e+00 -2.405134e+00 -1.564315e+00 -3.580275e-01 -1.193798e+00
6.839255e+00 1.949752e+00 3.907015e+00 -5.830618e+00 -5.799111e+00 -3.002141e+00 2.622542e+00 -3.123610e+00 1.029490e+00 -1.313207e+00 -3.725312e+00 3.562659e+00
4.818442e+00 1.538261e+00 3.404809e+00 -5.226957e+00 -3.820839e+00 -1.852244e+00 4.018955e+00 -1.909578e+00 3.977874e-01 -5.116916e-03 -2.816615e+00 3.422893e+00
3.202423e+00 -3.966598e+00 -9.850329e-01 -3.005326e-01 1.386660e+00 -7.705469e-01 -3.272037e+00 -1.039790e+00 -7.344006e-01 -4.326901e-01 4.821478e-01 -1.009681e+00
-2.058703e-01 8.397234e-01 8.596770e-01 5.037460e-01 -1.577679e+00 -1.586696e+00 -1.572758e+00 -3.583530e+00 -4.000211e+00 -8.180292e-01 -8.695670e-01 -5.995919e-01
6.257875e+00 1.501832e+00 2.208270e+00 -4.414462e+00 -4.305149e+00 -1.247141e+00 2.680184e+00 -1.323903e+00 2.790331e+00 -5.285071e-01 -2.010917e+00 2.433739e+00
1.954538e+00 -8.573593e-01 1.609053e+00 -2.605443e+00 -1.957151e+00 -1.677051e+00 2.854805e+00 -1.331094e+00 -1.271123e-01 3.723215e-01 -1.260771e+00 2.152626e+00
1.308829e+00 8.216637e-01 1.178471e+00 -9.280379e-02 -1.915624e-01 -7.234975e-01 -6.377079e-01 -2.634242e+00 -3.347668e+00 5.267927e-01 7.045246e-01 1.225797e+00
3.301761e+00 1.479456e+00 -1.214460e+00 -5.055413e-01 -1.536732e+00 -1.101913e+00 7.138732e-01 1.705772e+00 2.221278e+00 2.040736e-01 3.656940e-01 2.263614e-01
-6.273991e-01 1.044493e+00 -2.760489e+00 5.250453e-01 5.360460e-03 1.561922e-01 1.420095e+00 1.896603e+00 1.824923e+00 8.755948e-02 1.482951e+00 2.213926e-01
-1.863565e+00 -6.969476e-01 -9.484652e-01 -4.764357e-01 9.091773e-02 -5.722605e-01 -8.534068e-01 2.785657e+00 2.137143e+00 -2.066827e+00 2.310416e+00 -1.014406e-01
-2.575711e+00 3.027527e+00 -2.289251e+00 6.844215e-01 -9.075514e-02 1.323515e+00 7.011439e-01 2.035741e+00 7.437421e-01 -5.243608e-01 1.462486e+00 -5.894951e-01
-1.269022e+00 2.555712e-01 2.552847e+00 -6.156610e-01 -1.385764e+00 -5.484660e-02 9.625055e-01 1.857003e+00 -9.213300e-01 8.877554e-01 2.325827e-01 -1.119224e+00
1.948124e+00 -9.602243e-01 1.174432e+00 4.494430e-01 2.341496e-01 -8.648399e-01 1.057393e+00 1.169830e-01 -1.332546e+00 1.152450e+00 9.229040e-01 8.209572e-02
6.440414e-01 -3.475637e+00 -1.076591e-01 2.064762e-01 1.709306e-01 5.848327e-01 1.304854e+00 1.881162e+00 2.732635e+00 -1.649224e+00 -6.884195e-01 -2.545389e+00
-1.203877e+00 5.812280e-01 1.601611e+00 2.762739e-01 -1.800287e+00 4.768813e-01 -1.166706e-02 1.203663e-02 -2.263389e+00 1.435903e+00 -6.110405e-01 -1.014609e+00
2.731752e+00 -2.325568e+00 -8.420267e-01 -2.331943e-02 9.386442e-01 -1.873376e+00 -4.770043e+00 -1.768008e+00 -3.553630e-01 1.782245e+00 -5.394205e-01 -8.169072e-01
-1.208437e+00 -4.534725e-01 -1.302877e+00 -2.236889e-01 5.140029e-01 -1.688344e+00 -1.617499e+00 1.035028e+00 2.577033e+00 -2.638497e+00 9.950727e-01 5.782757e-01
1.214061e+00 -1.946684e+00 -1.544970e+00 6.949194e-01 1.205403e+00 2.496258e-01 -3.920657e-01 -1.212023e+00 -2.367668e-01 -1.606607e+00 1.007763e+00 -1.731839e+00
6.281710e-01 -2.937541e+00 -1.686954e-01 8.078421e-01 1.490251e+00 5.606700e-01 -6.118631e-02 1.340353e-01 1.232599e+00 -1.151292e+00 -1.734820e+00 -1.483133e+00
-5.151445e-01 3.159730e-01 4.653286e-01 5.413698e-01 -4.758570e-01 3.102275e+00 -2.021705e-01 -2.599988e-01 -2.550479e-01 1.351420e+00 -1.479237e-01 -2.142896e-01
1.534064e+00 -1.742438e+00 -1.587125e-01 1.544360e+00 1.532112e+00 4.534289e-01 1.689922e+00 2.666718e+00 1.011015e+00 -5.690730e-01 3.475738e-02 -1.980602e+00
-3.199717e-01 -4.919462e-01 1.155254e-01 4.341444e-01 -2.889247e+00 3.670789e-01 -4.455861e-01 -2.114003e-01 3.998483e-01 7.521847e-01 -1.376285e+00 1.056867e-01
-6.898502e-01 6.361781e-01 -9.915094e-02 1.351996e+00 -1.194267e+00 9.638546e-01 -1.935661e+00 -1.107733e+00 -1.493613e+00 1.034559e+00 5.956272e-02 -4.853316e-01
6.364635e-01 -8.797163e-01 5.951064e-01 3.776635e-01 -5.584379e-01 -1.623379e+00 3.428898e-02 7.445587e-01 -2.918489e-01 1.137966e+00 -2.292438e-01 -2.738934e-01
-4.864452e-01 -3.657442e-01 1.833867e+00 -1.294833e+00 -2.415023e-01 6.441659e-01 1.293133e+00 1.803855e+00 1.087726e+00 -1.429570e-01 1.113715e-01 -1.123096e+00
3.203120e-01 -1.088660e+00 -1.093122e+00 -7.504683e-01 1.031814e+00 1.535294e+00 -5.381352e-01 2.205890e-01 2.797289e-01 -2.746317e+00 1.007967e+00 5.631124e-01
6.476216e-02 -6.995741e-01 -6.914295e-01 -1.266494e+00 1.522658e+00 3.570678e-01 -4.231872e-01 8.950583e-01 -2.174889e-01 -1.484774e+00 8.177627e-01 1.364332e-01
-1.095158e-01 -3.963358e-01 -1.738341e-01 2.022325e-01 6.066647e-01 7.227272e-01 7.565576e-01 2.539226e+00 9.331861e-01 -4.555841e-01 1.727886e+00 -1.712981e+00
3.389110e-02 -5.639073e-01 1.284070e-01 1.063756e+00 -2.608571e+00 -9.118719e-01 1.578476e-01 1.312076e-01 6.630504e-01 2.601348e-01 -1.244620e+00 8.601114e-01
9.547039e-01 -1.125158e+00 -1.974861e+00 -1.151897e-01 7.405460e-01 2.489278e+00 -6.704376e-01 -7.003450e-01 8.752642e-01 -3.447097e+00 7.464837e-01 1.577507e+00
-4.521799e-02 -1.929275e-01 -3.450696e-01 -9.789437e-01 1.122340e+00 -9.556685e-02 -1.130799e+00 1.612202e+00 -6.408168e-01 -1.032124e-01 6.976007e-01 -5.930850e-01
3.788356e-01 1.008930e+00 1.635073e+00 8.422581e-01 2.316660e+00 1.343789e+00 7.751392e-01 1.946319e+00 -4.147541e-01 2.197354e-01 1.361486e+00 -1.453071e+00
-2.221550e-01 -7.931034e-02 1.496264e-01 -1.614632e-01 3.507899e-01 -1.009995e+00 -1.109795e+00 8.610744e-01 -1.085113e+00 6.119472e-01 2.234586e+00 7.807899e-01
-4.353541e-01 -2.857360e-01 1.873558e-01 -5.656985e-01 1.035911e+00 -1.545115e-01 -8.432233e-01 1.001877e+00 9.437954e-02 1.824991e+00 2.484545e+00 5.479015e-01
-1.825750e-01 -4.611205e-01 7.890608e-02 -5.529094e-01 9.660996e-01 9.001548e-01 1.653629e-01 5.038649e-01 4.190420e-01 6.893336e-01 6.910739e-01 3.471845e-01
1.345621e-01 -2.223219e-01 -2.785777e-01 -5.428392e-01 -4.892302e-01 1.139095e+00 1.134809e+00 -2.538873e-01 7.550826e-01 -2.583465e-01 -1.311393e+00 -2.171240e-01
4.236836e-01 4.689333e-01 -2.385845e-01 9.745573e-01 -3.451518e-01 6.181194e-01 1.683662e-02 -9.838085e-01 -2.305970e-01 -8.222300e-01 -1.037739e+00 -7.696963e-02
2.458573e-01 1.591347e-01 -1.729414e-01 1.065606e+00 -7.464682e-01 -1.023910e+00 3.190491e-01 1.577400e-01 4.632577e-01 1.942082e-01 -1.618584e-01 5.771994e-01
-1.624922e-01 2.105265e-01 -5.304145e-01 -3.811229e-01 -1.484010e+00 -2.303167e+00 -7.898198e-01 7.584859e-01 3.287328e-01 1.068834e+00 1.101650e+00 7.319635e-01
1.735839e-01 2.358516e-01 -2.421275e-01 -6.021475e-01 -6.443788e-01 -3.983603e-01 -1.016237e-01 5.919881e-01 -7.867764e-01 1.383060e+00 1.015902e+00 6.712616e-01
2.616823e-01 8.937843e-02 6.907377e-02 -1.360080e+00 -9.394199e-01 -1.797027e-01 1.232677e+00 1.211228e+00 -9.611426e-02 5.557860e-01 7.234364e-01 -2.666855e-01
5.956678e-02 -2.106326e-01 -1.319705e-01 -2.430011e-01 1.426637e-01 7.789111e-01 3.030993e-01 -2.555394e-03 1.379536e-01 -8.173345e-01 -2.354643e-01 -1.239617e+00
-3.596802e-02 -5.234550e-01 5.951179e-01 5.965085e-01 1.714339e+00 9.673039e-01 1.352110e+00 1.030706e+00 2.021447e+00 -3.293242e-01 -9.179535e-02 1.081397e-01
-1.347609e-01 -1.127030e-01 9.157825e-02 2.482094e-01 1.397287e+00 -8.609757e-01 -3.755207e-01 7.501377e-01 1.531596e+00 -1.870746e+00 -2.755687e-02 1.013640e+00
-2.020605e-01 1.934836e-01 2.925892e-01 9.070143e-01 1.993724e+00 1.058299e+00 -1.160525e+00 -7.359199e-01 -1.266806e-01 -4.085247e-01 1.938363e-01 7.346677e-01
-1.027492e-01 -1.559849e-02 4.364988e-01 9.684922e-01 1.073499e+00 6.859410e-01 -1.657656e+00 -9.046995e-01 -8.035857e-01 3.016174e-03 7.421604e-01 4.932698e-01
-5.483436e-03 5.927983e-01 9.444639e-01 -1.148570e+00 -6.926253e-01 4.497128e-01 8.482965e-01 5.891013e-01 3.877364e-01 1.598243e+00 9.713686e-01 -1.109483e-01
6.663360e-02 8.683494e-01 5.316646e-01 -1.628873e+00 -1.810995e+00 -3.018730e-01 1.347474e+00 4.992264e-01 -6.353975e-01 -8.887100e-01 -8.505977e-01 4.313046e-01
2.013308e-01 8.024197e-01 4.616482e-01 -1.225105e+00 -2.690290e+00 -2.958056e-01 1.435478e+00 6.964475e-01 -1.142096e+00 -1.845372e+00 -7.167663e-02 1.527001e+00
-1.078857e-01 4.925496e-01 6.399748e-02 -6.298693e-01 -1.673771e+00 2.378748e-01 1.060091e+00 1.764574e+00 6.830589e-01 -7.294294e-01 -1.210680e+00 3.589941e-01
-3.783793e-01 1.667266e-01 -7.245153e-01 -4.572710e-02 7.782280e-01 2.386487e+00 1.312787e+00 5.421478e-01 1.259745e+00 -3.342590e-02 -1.925280e-01 3.128522e-01
-8.318879e-01 1.679652e-02 -2.974391e-02 1.085974e+00 1.558451e+00 2.286544e+00 2.804866e+00 2.871672e-01 -4.949563e-01 -5.180683e-01 1.344762e+00 -1.018117e+00
-3.674822e-01 5.180641e-01 8.352417e-01 -1.352118e+00 2.016783e-01 -2.218826e-01 -4.113589e-01 2.006170e+00 1.144216e+00 1.303440e+00 1.077499e+00 8.189050e-01
-2.042900e-01 3.610752e-01 -1.397209e-01 -4.728819e-01 -3.913789e-01 3.166779e-01 -6.444597e-03 9.370134e-01 -3.172751e-01 -1.071149e+00 3.943671e-01 -2.837396e-01
-2.297974e-02 -6.347677e-01 -1.486159e+00 3.519514e-01 1.856929e-01 7.283228e-01 2.072341e-01 -5.889941e-01 -1.897051e+00 -7.477180e-01 -4.547163e-01 -2.737732e-01
-1.941166e-01 -3.605104e-01 -4.165514e-01 -1.105791e-01 -2.973688e-02 6.403261e-01 -1.115666e+00 -1.005591e+00 -7.984358e-01 -9.773935e-01 -6.750570e-01 4.925241e-01
-2.594605e-02 -1.077096e+00 -4.226226e-01 -1.416009e-01 1.435299e+00 1.212767e+00 -1.432646e+00 -1.311782e+00 -1.291252e-01 -1.140980e+00 -1.425993e+00 9.357786e-01
-8.839594e-01 1.276535e+00 1.020630e+00 4.921159e-01 6.241351e-01 1.479172e+00 -9.215490e-02 1.811427e+00 2.145290e+00 -5.329225e-02 -8.662672e-01 -4.170703e-01
-6.957763e-01 2.416678e-01 4.200778e-02 -3.061121e-01 -5.795043e-02 1.286798e+00 4.332545e-01 2.719494e+00 2.998302e+00 1.897555e+00 -8.210279e-01 2.920510e-01
-4.454810e-01 -4.763639e-01 -1.117912e+00 -1.680256e+00 -1.208610e+00 8.104971e-01 4.613314e-01 1.421146e-02 1.237664e+00 2.989457e+00 2.608549e-01 2.206917e-01
-5.484627e-01 -4.942552e-01 -1.850966e+00 -2.171799e+00 -8.559870e-01 -3.284614e-01 -6.663179e-01 -2.676148e+00 -1.240363e-02 2.410540e+00 4.992074e-01 1.058411e+00
-6.517839e-01 -3.932837e-01 -1.011261e+00 -1.754313e+00 -7.337767e-01 -1.000209e+00 -1.029573e+00 -2.305305e+00 -7.981759e-01 1.140507e+00 1.005827e+00 1.161134e-01
-8.944102e-02 -5.769629e-02 -2.058580e-01 -7.369402e-01 -1.038370e-01 -1.530044e+00 -8.026057e-01 -8.522987e-01 -4.923088e-01 1.785690e-01 4.041656e-01 6.665687e-01
-1.374254e-02 1.777894e-01 4.900159e-01 2.711373e-01 -1.139715e-01 -9.351612e-01 6.098651e-01 1.499476e+00 -3.566632e-02 4.788111e-01 8.927816e-01 1.633526e+00
-2.584306e-01 -1.102208e-01 4.570208e-01 4.818903e-01 4.772670e-01 -5.937924e-01 1.307809e+00 1.327605e+00 -1.770213e+00 3.471397e-01 2.093966e+00 1.773877e-02
-4.015951e-01 4.057748e-01 7.081785e-02 4.254459e-01 2.200676e-01 7.755555e-01 1.103181e+00 5.662244e-01 -1.709036e+00 -5.701905e-01 1.056414e+00 -7.428483e-01
-4.294923e-01 -3.225392e-01 -7.932024e-02 5.809735e-01 -6.905776e-01 8.834419e-01 9.379047e-01 5.799694e-02 -6.423764e-02 -6.340957e-01 -2.217663e-01 -5.790862e-01
1.322229e-01 -1.038351e-02 5.834196e-01 7.010406e-01 6.019167e-01 2.760479e-01 2.044183e-01 -4.361516e-01 -3.405588e-01 -9.638767e-01 -1.261883e+00 -3.981212e-01
5.803918e-01 1.893012e-01 5.869282e-01 1.255810e+00 3.875967e-01 -1.258612e-02 5.138845e-02 -2.381064e-01 1.514014e+00 -5.559269e-01 -2.945620e+00 4.095938e-01
3.903129e-01 6.387763e-02 1.449330e-01 8.962888e-01 3.977042e-01 -1.487788e+00 -8.640245e-01 -1.223600e+00 1.668522e+00 5.427421e-01 -3.463356e-01 -2.219411e-01
3.866947e-01 6.388060e-01 2.174646e-01 6.240085e-01 9.461357e-01 -3.589906e-01 -9.679764e-01 8.112908e-04 1.254322e+00 -5.450770e-01 1.894511e-01 -6.345399e-01
1.329539e-01 7.368436e-02 -6.684141e-02 1.628972e-01 3.893944e-01 5.099176e-01 -1.130594e+00 1.189809e+00 1.787429e+00 -1.252207e-01 1.107248e+00 3.311123e-01
-2.617239e-01 -1.821301e-01 -5.389590e-02 -2.350200e-01 1.180905e+00 9.334601e-01 -1.288729e+00 1.852099e+00 2.912993e-02 -8.575843e-02 1.977093e+00 1.248729e+00
-2.400401e-01 -4.058065e-01 -1.850878e-01 -2.038792e-01 9.598122e-01 9.312220e-01 -1.085749e+00 1.964299e+00 4.811263e-02 8.653612e-02 4.634822e-01 7.939016e-01
-1.991630e-01 2.258077e-01 8.443182e-01 -7.588607e-01 8.101085e-01 3.941042e-01 -1.183345e+00 -2.226723e+00 -3.323929e-01 2.469751e+00 6.141211e-01 -7.328502e-01
4.827839e-01 -6.763201e-01 9.931471e-01 5.142403e-02 -4.371143e-01 -6.993809e-01 1.139080e-01 3.530779e-02 5.465873e-01 1.145262e+00 -3.593010e-01 -2.867407e-01
1.312305e+00 -8.698136e-01 -2.338762e+00 -4.480362e-03 1.042400e+00 2.043710e+00 -7.212293e-01 -8.669683e-01 9.812645e-01 -2.346285e+00 -2.730626e-01 3.062970e+00
-1.593173e-01 3.730012e-01 -5.514575e-01 -1.423124e-01 5.104210e-01 8.441874e-01 -3.558946e-01 -1.625488e+00 -1.012193e+00 6.670463e-01 2.101369e-01 -4.809327e-01
-9.894490e-02 1.319236e-01 1.038737e-01 -7.310362e-01 6.404526e-01 -5.210540e-01 -8.173372e-01 1.225736e+00 -3.587722e-01 4.286284e-01 5.111728e-01 -6.915814e-01
1.911011e-01 -3.251135e-01 7.896585e-01 6.284008e-02 -5.373821e-01 -3.193484e-02 -2.455067e-01 1.104819e-01 1.084837e+00 7.118465e-01 -2.528709e-01 -3.985568e-01
-3.821363e-02 1.325413e-01 3.389874e-01 -2.958191e-01 1.157461e-01 -2.540151e-01 -4.694605e-01 4.512918e-01 6.804970e-01 6.192764e-01 1.234074e-02 -5.471424e-01
5.995687e-01 -1.767198e-01 -1.787596e+00 7.274503e-01 1.703912e+00 -8.767856e-01 -3.380333e-01 -8.471138e-01 1.284016e+00 -1.110151e+00 -2.552895e-01 1.352007e+00
-2.073706e+00 3.361083e-01 1.635090e+00 -1.331076e+00 -1.201631e+00 -7.539086e-01 1.183114e+00 2.112029e+00 1.731597e+00 -2.865973e-02 3.929946e-01 1.522587e+00
-1.177318e+00 2.219373e+00 2.520119e+00 -8.097439e-02 8.950987e-02 1.154804e+00 6.032218e-01 -6.417327e-02 -1.876241e-01 -1.101949e+00 2.747307e-01 -1.630740e+00
6.227535e-01 1.236957e-01 -3.225641e-01 1.214085e+00 3.998944e-01 -2.244183e+00 1.061498e-01 2.499693e-01 -1.429756e-01 -6.134748e-01 -1.200544e+00 -1.586999e-02
1.227404e+00 -9.004096e-01 -2.401534e+00 3.691998e-01 1.594119e+00 2.642966e+00 -2.112609e+00 3.295944e-01 7.352334e-01 -8.084605e-01 -4.731778e-01 3.122240e+00
-1.608176e-02 6.048741e-02 4.104328e-02 4.022375e-01 -3.043421e-01 -9.242876e-01 -1.745593e+00 -1.201486e+00 7.660977e-01 1.625121e+00 -6.459265e-01 9.984023e-01
5.694588e-01 -1.842483e-01 -3.015212e-01 -1.656041e-01 9.430698e-01 -3.310146e-02 -4.780550e-01 -1.973220e+00 -3.932670e-01 3.404254e+00 -3.652025e-01 -8.879515e-01
-1.215226e+00 2.599572e+00 3.193773e+00 3.800098e-01 -5.837594e-01 -8.263192e-01 7.650117e-01 -8.985054e-01 -1.744327e+00 -1.275140e+00 2.464895e-01 -2.618710e-01
4.609822e-01 -5.897702e-01 -2.593296e+00 5.283636e-01 3.138144e+00 1.783858e+00 -2.360518e+00 2.516158e-01 6.250855e-01 9.063359e-02 8.947673e-02 2.044220e+00
1.398202e+00 6.852000e-01 2.230610e-01 1.365021e+00 2.597825e+00 -1.648280e+00 3.519387e-01 -6.151594e-01 -1.737948e+00 -1.209715e+00 9.986949e-02 -1.140191e+00
3.103428e-01 -1.087570e+00 1.499129e-01 -1.717051e+00 6.088362e-02 -1.211228e+00 -4.683885e-01 1.957204e-01 1.323693e+00 -2.529629e+00 -1.021446e-01 3.262284e-01
2.384729e-01 3.979151e-01 -1.737331e+00 -3.573768e-01 1.007357e+00 -4.048066e-01 -1.105424e+00 -1.432641e+00 -5.613524e-01 -2.848227e-01 -1.298643e-01 1.012536e+00
-4.576620e-01 -1.587085e-01 -2.422524e+00 8.329233e-01 4.652071e+00 1.105453e+00 -3.341721e+00 7.694455e-01 3.593325e-01 3.426207e-01 1.217490e+00 3.151226e-02
1.233964e+00 -8.902703e-02 -3.625384e-01 4.914306e-01 1.413726e+00 3.660304e-01 7.168089e-01 -2.558825e+00 -2.938865e-01 2.441272e+00 -1.227592e+00 4.437003e-01
-1.003916e+00 -7.237933e-01 -1.073271e+00 -1.053030e-01 -3.274313e+00 -3.261957e+00 2.828471e+00 -2.236045e+00 -1.408955e+00 2.471181e+00 -4.186092e-01 1.044518e+00
-8.144697e-01 9.857531e-02 -1.939249e+00 6.173725e-01 5.485156e+00 1.066289e+00 -3.656653e+00 1.579700e-01 4.551933e-01 2.805880e-01 2.389579e+00 -2.322768e+00
-1.011756e+00 -8.057982e-01 -2.288718e+00 -7.562682e-01 -3.306738e+00 -4.504755e+00 1.407308e+00 -2.016679e+00 -1.441512e+00 2.380203e-01 -8.948261e-01 -9.085098e-02
-1.155875e+00 2.873940e+00 2.694501e+00 4.685733e-01 -8.655950e-01 -5.035124e-01 1.394070e+00 -1.077647e-01 -2.380607e+00 -1.288453e+00 4.982657e-01 -1.213731e+00
-8.222195e-01 6.127013e-01 -1.094116e+00 1.573191e-01 5.473193e+00 8.010899e-01 -3.374070e+00 4.020272e-01 2.885610e-01 9.237849e-01 2.242314e+00 -3.576941e+00
-1.185894e+00 -8.108572e-01 -1.484913e+00 2.672008e-01 -1.724765e+00 -2.535081e+00 8.917685e-02 -2.085447e-02 -1.618352e+00 -5.553614e-01 -9.930800e-01 -9.676442e-01
-1.726342e+00 -1.252771e+00 6.967605e-01 2.235037e+00 9.462223e-02 9.244899e-02 5.387186e-01 1.843241e+00 -6.412941e-01 -5.178216e-01 -1.481397e+00 -5.039083e-01
-1.100155e+00 3.459132e-01 8.692819e-01 1.146240e+00 -2.349040e+00 -1.324149e+00 3.532755e+00 -1.649774e+00 -1.593233e+00 2.563903e+00 9.912284e-02 6.231905e-01
-6.385880e-01 6.420866e-01 -1.580081e-01 7.410490e-01 3.955743e+00 2.812408e+00 -3.463605e+00 1.788276e+00 -3.669882e-02 9.337722e-01 2.476910e+00 -4.526361e+00
5.127608e-01 -5.023774e-01 -1.921058e+00 -1.094885e-01 7.010293e-01 -6.476444e-01 -1.203835e+00 2.056222e-01 2.168944e+00 -1.228641e+00 7.660996e-01 1.952281e+00
-1.911072e+00 -1.422542e+00 1.605844e+00 4.181797e+00 1.017443e+00 8.669149e-01 7.374163e-01 1.181632e+00 -4.400434e-01 -2.380226e-01 -1.179487e+00 4.559214e-01
-1.103196e+00 2.726106e+00 2.766003e+00 1.502933e+00 -4.481428e-01 4.343556e-01 2.866401e+00 1.627097e+00 -1.781650e+00 -4.847421e-02 -1.559989e-01 -1.448033e-02
-1.163405e+00 1.737457e+00 2.550229e+00 2.433344e+00 -6.901101e-01 6.047530e-02 3.346216e+00 1.402869e+00 -6.531262e-01 1.653651e+00 -4.849489e-01 5.181941e-01
-1.687507e+00 -7.787725e-01 1.465915e+00 4.145286e+00 2.149701e+00 1.891390e+00 7.988359e-01 8.437888e-01 3.188767e-01 4.921280e-01 -7.409256e-01 1.131505e+00
2.220629e+00 -3.063568e-01 -4.250736e-01 4.025303e-01 -4.804096e-02 6.695814e-01 1.587090e+00 -4.171253e+00 -1.953509e+00 3.847118e+00 -5.640683e-01 -4.270468e-01
-7.528327e-01 9.268062e-01 5.329388e-01 1.726222e+00 2.538858e+00 3.557480e+00 -2.605325e+00 1.820061e+00 -2.677702e-01 1.035845e+00 2.157435e+00 -4.119539e+00
-3.323651e+00 2.168983e+00 1.175506e+00 4.554258e-01 -1.841812e+00 -2.221338e-01 2.032319e+00 -7.187015e-01 -2.077749e-02 4.410484e-01 -7.946919e-01 1.863229e+00
-3.691273e+00 2.776004e+00 1.592933e+00 1.428681e-01 -2.502541e+00 -1.170092e+00 2.074564e+00 7.398416e-01 1.574112e+00 -1.015018e+00 -3.287842e-01 1.315196e+00
-1.365499e+00 1.733571e-01 6.646917e-01 3.877699e+00 1.351353e+00 2.151253e+00 5.085056e-01 7.326841e-01 1.277440e+00 5.488871e-01 1.542139e-01 4.463140e-01
-1.048023e+00 8.383695e-01 3.638237e-01 3.409702e+00 1.631574e+00 2.537229e+00 -1.623160e+00 1.786002e+00 6.448478e-01 7.937460e-01 1.276759e+00 -2.121827e+00
