-4.412158e+00 5.333015e-01 1.246848e-02 -7.176263e-01 1.435696e+00 -1.025166e-01 4.145803e-02 -1.744669e+00 -1.523989e+00 -2.669014e+00 -4.283485e-01 -2.486640e+00
-4.778300e+00 -8.504759e-01 2.371512e+00 2.982813e-01 1.513924e+00 -1.273490e-01 -1.929866e+00 -1.430724e+00 -3.582250e-01 -2.514886e+00 5.742844e-01 -1.563924e+00
-3.303006e+00 -2.317780e+00 3.066609e+00 -3.917480e-01 1.609754e+00 2.520164e-01 -3.318358e+00 8.307450e-02 4.320297e-01 -2.915094e+00 5.547819e-01 -8.963087e-01
-2.972321e+00 1.051131e+00 -7.923145e-01 -7.721205e-01 6.215114e-01 4.658051e-01 2.040702e+00 -3.722011e-01 -7.853807e-01 -6.664774e-01 5.038452e-02 -1.773249e+00
2.952489e+00 -5.206834e+00 -6.756701e-01 -1.578956e+00 -2.759890e+00 5.240612e-01 -1.679982e+00 1.439252e+00 2.537771e+00 1.572197e+00 2.347921e+00 -4.879304e-01
-1.433295e+00 1.430560e+00 -3.484595e-02 -3.821715e-01 -1.379400e-01 2.443555e-01 2.622217e+00 -2.641221e-01 2.783560e-01 1.080073e+00 2.669322e-01 -1.315867e+00
-3.018703e-01 -2.258811e+00 -1.540255e+00 -1.874950e+00 -8.503949e-01 1.393604e+00 7.227905e-01 2.251837e+00 1.732666e+00 2.114303e+00 -9.884768e-01 -3.506003e-01
-1.409099e+00 1.031437e+00 5.980393e-01 -2.615630e-01 -8.071073e-01 -2.205126e-01 2.132799e+00 4.100378e-01 1.617951e+00 1.344875e+00 -5.632258e-03 5.667537e-01
7.452558e+00 -4.294828e+00 6.067646e-01 4.926820e-01 -3.334808e+00 -1.784056e+00 -4.574813e+00 -1.919621e-01 1.392786e+00 7.594255e-01 3.330497e+00 -3.056241e-01
-3.331914e-01 -2.436626e+00 1.653003e+00 -1.953381e+00 2.971835e-01 5.959839e-01 -3.217494e+00 1.542405e+00 1.011575e+00 -1.187211e+00 3.717441e-01 -8.806845e-01
-7.522236e-01 6.534651e-01 1.872884e-01 8.995273e-01 1.591556e-01 -4.128864e-01 7.339432e-01 -1.234962e+00 1.508701e+00 1.623219e+00 2.887245e-01 4.330529e-01
-4.212176e-01 -3.022977e-01 3.436980e-02 -6.699020e-01 1.520511e+00 -1.115295e+00 -5.683544e-01 1.227586e+00 1.133450e+00 1.486774e+00 -1.465396e+00 -2.052572e+00
-1.637336e+00 -2.582866e+00 3.144660e+00 -2.648881e+00 -3.877359e-02 -2.287197e-02 -2.767517e+00 4.332448e-01 -8.657047e-01 -9.128097e-01 1.735887e-01 -6.187371e-01
-3.180891e+00 3.129127e+00 -4.041456e+00 -1.475375e+00 1.273632e+00 -1.746188e+00 -1.080883e+00 -1.420962e+00 -4.383166e-01 -2.080297e-01 -2.183752e-02 1.156285e+00
-2.654349e+00 -8.043724e-01 6.379043e-01 -1.754460e+00 -3.300133e+00 2.476582e+00 4.243722e+00 -3.413924e+00 -2.499392e+00 4.462627e-01 2.348381e+00 -6.077117e-01
-7.462885e-01 6.874813e-02 -3.348509e-01 5.957385e-01 1.794044e-01 -3.415577e-01 -1.154483e+00 -1.655321e+00 -4.094129e-01 6.682647e-01 -3.530771e-01 -7.602471e-01
8.178589e-01 -1.156020e+00 -6.993032e-01 2.792660e+00 -1.626140e+00 -9.659435e-01 2.400993e+00 -1.116710e+00 -3.836017e-01 1.196073e+00 1.310145e+00 -2.540636e-02
-2.290234e+00 -1.125551e+00 9.951042e-01 -3.037429e+00 -1.120625e+00 2.390914e+00 -6.051111e-01 -2.121737e+00 5.036418e+00 -8.133793e-01 -2.225518e-01 1.143643e+00
1.616001e-01 -4.059042e-01 -1.321501e-01 -2.189201e-01 7.785508e-01 -2.746918e-01 -3.592892e-01 4.586772e-01 1.205388e+00 1.444649e+00 -1.800382e+00 -1.762672e+00
-2.198831e-01 -7.215127e-01 -1.973393e+00 -1.604374e+00 9.497857e-01 1.277801e+00 1.614243e+00 2.206779e+00 7.269999e-01 7.823621e-01 -1.173358e+00 -8.183958e-01
-7.979469e-01 -1.410406e+00 2.052967e+00 -1.567836e+00 -6.909676e-01 -7.915794e-01 1.274589e-01 -4.088437e-01 -9.188336e-01 2.423236e-01 1.324324e+00 8.258456e-01
-8.773004e-01 1.228190e-01 -1.867700e-01 4.858462e-01 1.759598e+00 -1.465970e+00 -7.229233e-03 5.857871e-01 1.186486e+00 1.081327e+00 -1.364049e+00 -1.149626e+00
-2.117399e+00 -2.973218e+00 2.693927e+00 -4.399102e+00 -8.360084e-01 1.269308e+00 -2.603698e+00 -4.725387e-01 -5.094684e-01 -1.797686e+00 -7.063976e-01 -6.930951e-01
-2.203411e+00 -5.974001e-01 4.361262e-01 -2.333227e+00 5.286706e-01 8.846175e-01 -1.029243e+00 3.629260e-01 9.524082e-01 -1.587383e+00 -1.101200e+00 -2.047580e-01
-2.406212e-01 -8.967750e-02 -4.643704e-02 1.279150e-01 5.152792e-01 6.046948e-01 -5.174760e-01 -1.698455e-01 -7.680938e-01 9.472755e-01 -1.401976e+00 -6.201347e-01
-1.818286e+00 5.358332e-01 1.758285e+00 -1.337461e+00 -7.819815e-01 5.588935e-02 -1.273896e+00 -1.407877e+00 2.571870e+00 -1.108696e+00 -1.012372e+00 1.539435e+00
-1.404490e+00 -7.242156e-01 3.759356e-01 -9.534491e-01 -1.773192e+00 1.157921e+00 1.930071e+00 -1.867739e+00 -6.308278e-01 1.132899e+00 5.449435e-01 -6.716025e-01
-1.522869e+00 -2.657213e-02 1.087037e-01 -1.480774e+00 -1.661251e+00 1.772621e+00 2.066611e+00 -3.084249e+00 -1.715462e+00 4.131797e-01 8.062990e-01 -1.143514e+00
-2.365129e-01 1.936883e-01 -2.519840e+00 -9.401127e-01 1.662489e+00 7.965941e-01 2.426847e+00 1.758303e+00 -7.084118e-01 2.845366e-02 -1.263062e+00 -2.860935e-01
2.282722e+00 -2.162340e+00 2.832542e-01 3.551857e+00 -1.866812e+00 1.707351e+00 3.631428e+00 5.997243e-01 1.399082e-01 2.760751e-01 1.309616e+00 1.460177e+00
-3.292187e-01 1.678770e-01 3.681534e-01 -6.991445e-01 -8.042192e-01 -1.011422e+00 -1.204332e+00 -2.292105e-01 -2.901620e-01 -6.226422e-01 -3.986472e-01 -7.911341e-01
5.101826e-01 -7.754420e-02 -4.596971e-01 -2.306422e+00 -2.112861e+00 1.759788e-01 1.177360e-01 8.883432e-01 1.736417e+00 -8.146812e-01 -1.600778e-01 -7.950183e-01
1.514484e+00 -1.508585e+00 -2.064504e+00 -2.635878e+00 -3.287946e+00 4.936169e-01 1.612432e+00 9.818842e-01 1.402267e+00 -1.316661e+00 -6.124603e-01 -7.860984e-01
1.851067e+00 -1.299517e+00 -2.453776e+00 -1.272133e+00 -2.394796e+00 4.685163e-01 2.932587e+00 2.233961e+00 8.777091e-01 -9.949848e-01 -4.427950e-01 -9.379084e-02
3.054177e-01 -1.697557e-01 -8.892967e-01 1.304548e-01 4.571932e-01 2.548490e-01 7.068276e-01 9.659554e-01 -8.300987e-01 1.783436e-01 -4.655443e-01 -1.777405e-01
-3.547899e-01 1.015756e+00 2.074539e-01 1.296834e+00 2.567252e+00 2.944096e-01 -6.473259e-01 -1.191575e+00 -2.074647e+00 -5.689675e-01 -1.407411e+00 -4.620569e-01
-1.141000e-01 2.028702e+00 6.868668e-01 3.736165e-01 3.349225e+00 2.758815e+00 -2.246483e-01 -7.037370e-01 -9.874603e-01 -7.223190e-01 -7.272185e-01 -7.313945e-01
-4.579536e-01 2.881071e-01 1.910695e-01 -7.140480e-01 1.085620e+00 1.645268e+00 -8.236984e-01 -1.609576e+00 -1.991517e-01 4.608764e-01 5.652703e-01 -1.299337e+00
-3.370873e-01 -2.068421e-01 4.119925e-01 -1.411892e-01 -3.839168e-01 -7.821444e-01 -5.257223e-01 -5.365758e-01 -1.287079e-01 7.566821e-01 1.215573e+00 -3.794135e-01
-6.629330e-01 2.651766e-01 1.109032e+00 2.103840e-01 -4.837076e-01 -6.616175e-01 -1.737974e-01 -7.735769e-01 4.182567e-02 1.824146e+00 1.411679e+00 5.307864e-01
1.656016e-01 2.383740e-01 -5.311419e-01 -3.994948e-01 -4.194875e-01 -9.000761e-01 -5.152994e-01 -1.413888e+00 2.072902e-02 6.537912e-01 -5.324827e-01 5.214442e-01
1.467294e+00 -8.843085e-01 -1.475027e+00 6.037585e-01 2.101057e-01 9.366217e-01 1.177686e+00 2.788799e-01 -1.298087e+00 -1.922779e+00 -2.645782e+00 3.027342e-01
6.102436e-01 -2.255363e+00 -3.666953e-01 1.428791e+00 -2.210944e-01 5.653790e-01 2.561180e-01 1.490538e+00 -6.701943e-01 -2.151646e+00 -2.049447e+00 9.642208e-02
-7.391164e-01 -1.764858e+00 1.066950e+00 2.375130e+00 1.014365e-01 -1.309842e+00 -8.279288e-01 1.438982e+00 -2.224557e-01 -6.754561e-01 3.016172e-01 1.127165e+00
-1.210796e+00 8.266174e-01 2.201551e+00 1.323224e+00 3.452671e-01 -1.137896e+00 -2.373982e-01 3.567525e-01 -1.153783e-01 1.033308e+00 2.944189e+00 6.047668e-01
-1.297005e+00 2.591136e+00 1.437432e+00 -3.340972e-01 3.150514e-01 -1.337235e+00 -1.261404e-01 -1.605701e+00 1.670588e-01 1.725650e+00 3.080781e+00 -1.869121e-01
-1.230470e-01 1.445042e+00 -1.076202e+00 -1.231515e+00 -1.706650e-01 -6.198858e-01 3.182760e-01 -1.589924e+00 2.480720e-01 7.350129e-01 5.277823e-01 -7.553695e-01
5.347891e-01 -1.466169e+00 -6.771972e-01 -7.094820e-01 -3.830613e-01 1.050165e+00 8.258476e-01 -9.645091e-01 3.921629e-01 -2.986336e-02 -7.001454e-01 -1.868663e+00
-7.692025e-01 -2.424704e+00 1.582559e-01 -6.207548e-01 -8.559557e-01 1.506954e+00 1.950426e-01 -9.634142e-01 2.367828e+00 -3.481781e-01 -2.135524e-01 3.871165e-01
4.467430e-02 2.129856e+00 -1.466452e-01 2.617298e-01 4.281012e-01 -2.055186e+00 -1.025503e+00 9.768974e-01 -1.796157e-01 -3.072600e-01 -1.942456e+00 1.865384e+00
7.633283e-01 9.431189e-01 1.394724e+00 1.717494e+00 2.015179e+00 1.595000e+00 1.228499e-01 2.858347e-01 4.623417e-01 6.558472e-01 6.724051e-01 -2.265643e+00
-2.648908e-01 -9.063336e-01 1.472080e+00 1.542886e+00 -3.743022e-01 2.381462e+00 -5.281955e-01 -1.592076e+00 -1.433361e-02 1.291572e+00 1.444007e+00 -1.870783e+00
-1.125468e+00 -1.675849e+00 1.075072e+00 1.331596e+00 -2.035173e+00 -4.994793e-01 -5.159682e-01 -1.038811e+00 -1.844870e+00 2.085506e+00 1.545138e+00 -6.829139e-01
-5.644706e-01 -6.401088e-01 -3.710265e-02 -9.217407e-01 -3.301429e+00 -2.022719e+00 -4.513043e-01 3.739710e-01 -1.988785e+00 5.662791e-01 -7.389109e-01 6.753021e-01
1.259685e-01 1.010301e+00 4.670215e-03 -2.850723e-01 2.761158e-01 -8.195719e-01 -8.791494e-01 -2.814661e-01 -1.430108e+00 -1.188809e+00 -1.026743e+00 7.851269e-01
2.947916e-01 1.500849e+00 -1.575018e-01 -2.969934e-01 1.389849e+00 -4.258402e-01 -1.246976e+00 8.691663e-01 -4.724128e-01 -1.410915e+00 -9.228138e-01 9.992550e-02
2.090724e+00 -5.861899e-01 1.122929e+00 1.570379e+00 2.829577e-01 9.239829e-01 6.003398e-01 1.033774e-01 8.394893e-01 -8.203535e-01 -4.496930e-01 -1.493746e+00
2.407161e+00 -1.908348e+00 2.307894e+00 3.155073e+00 -9.633169e-01 -4.568561e-01 1.797627e+00 5.941474e-01 1.100986e+00 -1.705853e-01 -7.133011e-01 -2.899071e+00
1.053009e+00 -6.142383e-02 1.258470e+00 1.226788e+00 -1.044106e+00 -9.701519e-01 1.380564e+00 -1.548692e-01 -1.812989e-01 7.370513e-01 -3.604722e-01 -1.175380e+00
-1.993871e-02 2.144283e+00 -7.332103e-01 -1.691342e-01 -2.550760e-01 -7.087153e-02 -7.044734e-01 6.947426e-02 -9.672982e-01 3.612329e-01 -3.486361e-01 4.829772e-01
-2.469656e+00 3.994908e+00 -3.787305e+00 -2.079424e+00 1.180916e+00 -5.481433e-01 -9.846789e-01 -2.442991e-01 -1.178180e+00 7.032919e-02 5.400962e-01 1.877845e+00
-2.715959e-01 1.269435e+00 -2.332699e+00 -1.267138e+00 1.626687e-01 -7.991248e-01 6.119134e-01 -1.276077e+00 -2.289044e-01 3.351732e+00 -1.536409e+00 -3.598912e-01
-7.199867e-01 9.894260e-01 -3.811522e-01 -1.468783e+00 2.935746e-01 -8.704300e-01 6.841817e-01 -1.291128e+00 -5.558267e-01 2.503567e+00 -1.093215e+00 -1.013051e+00
-4.544813e-01 7.574109e-01 -5.116463e-02 -4.637966e-01 1.412974e+00 2.170861e-01 3.276729e-01 -7.135363e-01 -4.046874e-01 1.148719e+00 -4.083296e-01 4.340601e-02
-2.408648e-01 4.351562e-01 3.578822e-01 1.428365e-01 8.377471e-01 5.291671e-01 -3.648280e-01 -4.681984e-01 -9.433670e-01 -3.047012e-01 5.590326e-01 -5.943017e-01
-8.248653e-02 6.184119e-01 -6.894970e-03 -1.477748e-01 9.930037e-01 1.543213e+00 1.614021e+00 -4.459455e-01 -9.977310e-01 6.541111e-01 1.743602e+00 3.534608e-01
1.486887e-01 3.584297e-01 -3.657680e-01 -5.580956e-01 -4.292511e-01 4.602681e-01 1.882636e+00 7.505020e-01 3.944320e-01 1.625073e+00 2.121776e+00 7.008008e-01
9.315346e-01 4.078367e-01 -2.282288e-01 -1.141164e+00 -1.106407e+00 4.547539e-01 1.117261e+00 4.010617e-01 4.068583e-01 4.012879e-01 1.164380e-01 3.638279e-01
1.856778e+00 -7.970051e-01 -1.903422e+00 -2.641733e+00 -6.132257e-01 4.931364e-01 -1.550373e-01 1.598158e+00 1.090090e+00 -1.667240e+00 -9.390348e-01 7.458175e-01
1.764544e+00 -2.126465e+00 -9.977771e-01 -2.205912e+00 -5.903773e-01 4.086684e-01 -2.168176e+00 2.749581e+00 1.281689e+00 -1.736135e+00 1.536479e-02 -2.402285e-01
6.595659e-01 2.177103e+00 4.735436e-01 -6.665176e-01 -1.743172e+00 -8.915390e-01 1.816784e-01 -1.492321e+00 -2.388938e+00 -1.761669e+00 -1.035923e+00 7.789611e-01
4.563355e-01 2.336542e+00 1.509212e+00 -4.078579e-02 -1.320546e+00 1.072158e-01 7.643601e-01 -1.323657e+00 -7.844111e-01 -1.398416e+00 6.868968e-02 3.983102e-01
-1.534843e-01 1.751954e+00 1.586270e+00 -4.934885e-01 5.330316e-01 9.802536e-01 5.100616e-01 -8.980729e-01 1.162004e-01 2.533233e-01 2.148001e+00 1.675703e-01
-9.630054e-01 4.009358e-01 2.666306e-01 -2.418544e-01 1.250218e+00 1.548947e+00 3.937500e-01 3.279810e-01 1.088470e+00 1.842476e+00 1.214363e+00 -9.199184e-01
-1.627080e+00 -3.444368e-01 -6.251862e-01 -7.048731e-02 -2.253453e-01 8.807461e-01 4.679387e-01 1.495247e+00 6.504824e-01 2.172616e+00 1.244073e+00 -7.170694e-01
-7.336231e-01 -1.646810e-01 -9.364564e-01 -9.915314e-02 1.472739e-01 1.702685e-01 3.131527e-01 8.016802e-01 -1.390228e-01 1.348845e+00 -1.711957e-01 7.753091e-02
-3.048626e-01 3.565156e-01 9.077823e-02 1.319001e-01 -5.862658e-02 -1.070204e-02 -2.675770e-01 -7.660824e-01 -2.281536e-01 -7.639349e-02 -9.935584e-01 3.719087e-01
-2.195255e-01 5.335329e-01 5.879757e-01 -2.794576e-01 1.028579e+00 6.346501e-01 7.197003e-01 -1.324468e+00 -8.338577e-01 -3.438087e-01 -8.124927e-01 1.217437e+00
1.783232e-01 1.163369e+00 1.236380e+00 -3.675123e-01 9.138047e-01 1.196991e+00 -6.605551e-02 -2.345852e+00 -1.113086e+00 -3.264558e-01 -1.239986e-01 8.689944e-01
-1.410192e-01 8.039612e-01 1.368448e+00 1.442974e-01 1.085661e+00 2.170482e+00 9.996799e-01 -6.839727e-01 4.552485e-01 1.044527e+00 5.514760e-01 -3.033834e-01
9.623937e-02 7.826849e-01 9.132378e-01 1.826756e-01 7.127702e-01 1.318959e+00 6.652174e-02 2.523300e-01 6.728995e-01 6.442882e-01 1.486208e+00 9.448625e-01
7.301845e-02 4.725652e-01 2.071641e-01 2.348083e-01 -1.935535e-01 1.503378e+00 -2.632548e-01 1.490553e+00 6.821610e-01 -2.814771e-01 8.378913e-01 1.948791e-02
-3.463064e-01 -5.903816e-02 -7.687573e-01 -3.018171e-01 -2.575722e-02 6.864838e-01 5.999017e-01 2.294671e+00 1.249412e+00 2.766898e-01 4.167751e-01 1.524462e+00
-8.281870e-02 3.968703e-01 -3.803044e-01 -1.366964e+00 -3.292964e-01 -5.688158e-01 1.438731e-01 1.260988e+00 3.144701e-01 2.447646e-01 5.928172e-01 1.283933e+00
2.500108e-01 7.757526e-01 6.678564e-01 -9.866852e-01 8.976324e-01 2.334213e-01 5.240235e-01 -1.107775e-01 -5.044283e-01 -1.290384e-01 -4.970096e-01 1.104757e-01
2.296200e-01 1.132704e+00 5.938830e-01 -1.473910e+00 -3.484642e-01 -1.197896e+00 -1.834404e+00 -2.603149e+00 -2.005651e+00 -1.296984e+00 3.692559e-01 1.207520e-01
2.870264e-01 1.127643e+00 8.271281e-01 -1.104807e-01 -1.206084e-01 -1.954760e-01 -1.737555e+00 -2.068944e+00 -1.525382e+00 -1.462246e+00 3.857839e-01 -1.000599e+00
-3.733648e-01 9.765015e-02 -1.685532e-01 -4.860264e-01 -7.657221e-01 4.187829e-02 -1.233363e+00 -7.535809e-01 -1.116702e-01 1.905291e-01 1.240655e+00 2.643838e-01
-5.656719e-01 -3.011145e-01 -5.893550e-02 -2.746168e-01 -5.508432e-01 -2.809219e-01 4.173424e-01 4.007177e-01 1.078897e+00 3.123693e-01 -4.484192e-01 6.242830e-01
-7.469667e-01 -1.030007e+00 -5.442419e-02 7.218720e-01 1.725023e-01 5.672145e-01 1.528657e+00 2.489597e+00 2.027572e+00 6.765507e-01 -2.661505e-01 1.264307e+00
-1.279400e+00 -1.417769e+00 -8.146912e-01 -2.724051e-01 -8.474526e-01 -5.683907e-01 -6.829490e-01 4.298703e-01 1.234651e+00 1.156444e+00 -3.537270e-01 9.155922e-01
-5.700970e-01 -8.512366e-01 -7.147852e-01 2.860646e-01 7.301558e-01 -3.759591e-01 -9.744356e-01 2.851958e-01 1.054556e+00 3.751604e-01 -2.624930e-01 1.661977e-01
-3.131036e-01 -2.202603e-01 -1.683818e+00 -7.000424e-01 -3.212087e-01 2.121828e-01 -8.401799e-01 -3.425589e-01 -1.188792e-01 7.728300e-01 8.161324e-01 -3.399379e-01
-2.758988e-01 -4.455439e-01 -4.477445e-01 -5.041144e-01 -3.830665e-01 -4.913687e-01 1.890142e-01 1.104167e+00 9.851116e-01 4.043588e-01 1.354743e+00 1.438007e+00
-9.864990e-01 -6.796887e-01 -1.787568e-01 -9.979174e-01 -1.837743e+00 -9.929248e-01 6.868415e-01 1.377326e+00 1.259764e+00 2.751504e-01 3.622600e-01 7.583485e-01
1.406567e-01 -6.239575e-01 -1.317480e+00 -1.366750e+00 -2.191652e+00 -7.941867e-01 6.337540e-01 -4.573936e-01 -3.452069e-01 2.681437e-01 -9.577137e-01 -1.422689e-02
8.400398e-01 -6.874171e-01 -2.777303e+00 -1.019549e+00 -6.445368e-01 -6.451302e-01 -1.523498e+00 -1.896820e+00 -1.466314e+00 9.918332e-02 -3.705395e-01 -1.414763e+00
2.306702e-01 -4.906081e-01 -1.735508e+00 -1.267068e+00 4.077489e-01 -7.680504e-01 -1.593324e+00 -1.707011e+00 -1.577217e+00 -9.175543e-01 3.872986e-02 -6.472073e-01
-3.863011e-02 1.189115e-01 -5.679936e-01 8.610207e-02 4.996813e-01 -3.255294e-01 -5.243457e-01 -1.582087e-01 -5.862606e-03 -6.933672e-01 7.015489e-01 5.817896e-01
-1.164415e+00 1.732488e-02 1.408279e+00 2.633284e-01 -5.600908e-02 -5.364303e-01 4.431376e-01 1.705197e+00 8.122425e-01 -5.566314e-01 4.930159e-01 1.238669e+00
-1.263982e+00 -4.072742e-01 1.981788e+00 1.123950e+00 -5.703650e-01 1.072936e-01 1.237616e+00 -3.936437e-01 -1.649531e-02 1.971392e-01 -5.468030e-01 1.497994e+00
-2.636277e-01 -6.479193e-01 3.995604e-01 1.806632e-01 -3.226806e-01 8.644681e-02 1.229655e-01 -8.402056e-01 -3.919513e-01 8.464193e-01 4.609060e-03 6.185757e-01
-3.925627e-01 -6.438725e-01 2.590202e-01 -7.311207e-01 -2.921115e-01 -1.171005e+00 -8.357006e-01 1.682788e-01 -4.548555e-01 -2.728884e-01 -4.764927e-01 -3.750263e-01
-2.775326e-02 4.400807e-02 -4.230234e-01 -4.397511e-01 -8.614439e-01 -3.802003e-01 6.453723e-01 2.265642e+00 -6.083144e-01 -4.497538e-01 -6.293932e-01 1.713985e+00
9.642019e-02 1.408306e-01 -4.379366e-01 -1.106624e-01 2.756550e-01 -8.334972e-01 4.495035e-01 8.992893e-01 6.448598e-02 -1.623410e-01 -7.069382e-01 2.178146e-01
-2.513712e-01 -3.449938e-01 1.380271e-01 8.171612e-01 4.290484e-01 -4.281476e-01 3.612872e-01 -7.744607e-01 3.238387e-01 -9.102533e-01 -8.290749e-01 -7.240227e-01
-3.693689e-01 -1.511810e-01 5.662628e-01 4.837836e-01 2.146858e-01 4.565980e-01 -6.652911e-01 -2.412120e+00 1.704460e+00 6.254952e-02 4.409239e-01 -9.208794e-01
-2.662590e-01 -2.184049e-01 6.759828e-01 -1.165247e-01 2.179985e-01 8.345111e-02 -1.808719e+00 -1.414307e+00 1.525788e+00 2.556633e-01 9.307708e-01 -1.759580e+00
9.396420e-02 -1.401158e-01 -1.194426e-01 -8.075565e-01 -2.929741e-01 4.156577e-01 -2.859320e-01 1.962851e+00 1.171160e-03 -1.905978e-01 8.287542e-01 3.047238e-01
2.317942e-01 -7.740179e-01 -1.075123e+00 -4.906801e-01 -7.119236e-02 -3.569237e-01 1.033706e-01 7.885852e-01 -6.621783e-01 3.018084e-01 5.059955e-01 8.268340e-01
3.972149e-02 -5.850201e-01 -9.393193e-01 3.427936e-01 -5.058206e-01 -3.573055e-01 -3.210633e-02 3.923921e-01 -5.218326e-01 -1.418824e+00 -3.751082e-02 2.578534e-01
-5.203018e-02 5.664741e-01 1.980323e-01 5.128950e-01 -2.440287e-01 4.751428e-01 -2.196012e-01 -4.391369e-01 6.096758e-02 -5.911168e-01 -6.812633e-01 -7.238450e-01
1.598358e-03 1.018677e+00 5.794154e-01 1.213094e+00 -3.006498e-01 5.604981e-01 2.203670e-01 2.558979e-01 -7.470250e-01 3.175015e-01 -7.980406e-02 -1.059282e-01
3.283461e-01 1.799129e+00 1.156596e+00 9.118328e-01 5.714612e-01 3.404095e-01 8.129075e-01 1.803741e+00 -6.673309e-01 7.333189e-01 5.077111e-01 2.682611e-01
3.769061e-01 6.640886e-01 5.253740e-01 3.562222e-02 4.272302e-01 -3.309278e-01 1.176523e+00 2.074398e+00 -8.626406e-02 1.232910e+00 4.875970e-01 1.529707e+00
4.164429e-01 2.208797e-01 -9.981100e-01 -8.369564e-01 5.367646e-01 1.291468e+00 1.242424e+00 -2.210195e-01 -3.360474e-01 5.902944e-01 3.559501e-01 1.293658e+00
4.168252e-01 2.970564e-01 -1.355046e+00 -1.316595e+00 1.146370e+00 2.539483e+00 1.296007e+00 -9.596672e-01 -2.700896e-01 5.597515e-01 -5.132142e-01 -2.471798e-01
2.361578e-01 -6.933264e-02 -1.997486e+00 -7.753421e-01 9.520723e-01 2.472772e+00 1.279571e+00 -1.183353e+00 -9.524106e-01 3.812016e-01 -3.509486e-01 -3.763952e-01
-7.183528e-03 -2.083590e-01 -1.727576e+00 -6.161693e-01 1.475784e+00 1.035285e+00 2.235066e+00 6.933022e-01 -1.920853e+00 -3.722585e-01 3.724222e-02 2.424525e-01
-3.126591e-01 1.029823e+00 -8.452414e-01 -1.340002e+00 -1.905024e+00 -1.489471e+00 -3.371927e-01 4.515936e-01 -1.007458e+00 -1.658432e+00 -2.101982e+00 1.097142e+00
3.077439e-01 -5.242828e-01 -7.783586e-01 -8.139393e-01 7.577317e-01 1.471290e+00 1.318877e+00 5.675507e-03 -2.821706e+00 -4.726033e-02 9.708672e-01 9.937504e-01
-8.730243e-01 6.626882e-01 -3.440444e-01 1.957532e+00 4.571997e-01 -4.621442e-01 -1.310108e+00 4.746753e-01 1.579167e+00 -4.431197e-01 -1.118493e+00 2.303288e-01
-4.767703e-01 2.826335e-01 -1.306775e+00 -1.196923e+00 3.141687e-01 -1.046924e+00 -1.111776e+00 1.262484e+00 1.087418e+00 -4.655525e-01 -1.614526e+00 5.386931e-01
4.151286e-01 3.511699e-01 -4.335541e-01 5.602291e-01 -1.591197e-01 7.849714e-01 -1.541166e+00 7.681570e-01 3.464360e-01 1.174330e+00 -1.489059e+00 -1.792637e+00
9.932024e-01 -2.944651e-01 -6.112557e-02 2.903721e-01 1.270991e+00 -3.377971e-01 -9.574388e-01 3.232985e-01 1.615086e-01 -1.966448e-02 -1.154261e+00 -1.099320e-01
9.463503e+00 -1.990760e+00 1.163050e+00 2.295505e+00 -2.297737e+00 -2.699293e+00 -3.940556e+00 1.693910e-01 5.788656e-01 6.837116e-01 1.539619e+00 1.880034e-01
-6.885959e-01 3.287941e-01 -9.677961e-01 -1.320558e+00 7.638651e-01 8.136454e-01 -5.861198e-01 -2.212559e-01 2.037526e+00 5.083434e-01 -1.285126e+00 -4.980773e-01
2.771469e+00 1.729903e+00 -1.343221e+00 1.549233e+00 1.028630e+00 -2.569294e+00 -4.926467e-03 3.175851e+00 -2.986930e+00 1.818459e-01 -1.828581e+00 3.899202e-02
4.564677e-01 3.199182e-01 -2.662048e-01 -6.115016e-01 -9.972129e-02 1.781657e+00 2.223680e-01 -3.468667e-01 -3.479650e+00 1.479066e+00 8.645861e-01 2.140212e+00
2.519861e+00 7.619680e-01 -1.524087e+00 1.968041e+00 3.522068e+00 -1.492471e+00 -3.589121e+00 3.308879e+00 1.712924e+00 -2.441762e-01 -8.706946e-01 3.919497e-01
1.700621e+00 3.323367e-01 -1.202360e+00 6.489400e-01 2.839464e+00 -1.167280e+00 -2.416543e+00 2.815208e+00 1.871256e+00 2.495038e-01 2.392530e-02 1.192507e+00
-1.054446e+00 -4.917177e-01 -9.766467e-01 -1.286760e+00 -3.189135e-01 1.862554e+00 -4.625837e-01 -1.241651e+00 2.118178e+00 2.711121e-01 -1.519935e+00 -1.177495e+00
2.625097e+00 1.744281e+00 6.018102e-01 3.758739e+00 3.771272e+00 -7.614189e-01 4.460950e-01 2.377861e+00 -2.047147e+00 1.002419e+00 7.062199e-01 -1.237154e+00
2.986088e-02 1.236843e+00 -3.011629e+00 -4.998530e-01 1.031507e+00 -1.327881e+00 -7.261665e-01 -7.285016e-01 9.255877e-01 1.201616e+00 -8.569956e-01 7.345541e-02
3.460140e+00 1.383745e+00 1.055559e+00 1.801409e+00 8.194793e-01 -4.892209e-01 -1.771888e+00 -2.408765e-01 -2.182028e+00 1.344827e-02 -2.036081e+00 -3.866982e-02
6.872539e-02 9.268227e-01 -1.401409e+00 7.786077e-01 1.345138e+00 -2.417049e+00 -2.209911e+00 2.886171e-01 1.689725e+00 -1.292351e+00 -3.746021e-01 1.313299e+00
2.255127e+00 -2.930405e+00 1.174475e+00 1.604246e+00 -2.875563e+00 1.495517e+00 6.736698e-01 2.514175e+00 2.191662e+00 -6.792987e-01 2.224028e+00 1.909068e+00
-1.339184e+00 -6.104559e-01 -1.293885e+00 -1.375135e+00 -8.586627e-01 1.688176e+00 3.691294e-01 -4.785784e-01 1.154375e+00 -7.792208e-01 -1.360574e+00 -1.448590e+00
-5.410619e-01 1.653963e+00 9.586619e-01 4.014678e+00 2.497458e-02 -2.662516e+00 7.688314e-01 -1.434341e-01 5.640104e-01 -1.720966e+00 -1.012633e+00 -5.687342e-02
1.679622e+00 -8.119971e-01 -1.333440e-01 2.789331e+00 3.755175e-01 -5.437930e-01 -1.179502e+00 2.102653e+00 2.400940e+00 -1.879929e+00 7.221704e-01 9.903603e-01
4.708790e-01 1.107684e+00 -2.972310e-01 1.240911e+00 1.485582e-01 1.297083e+00 -1.914773e+00 7.283953e-01 -3.642105e-01 -7.347851e-01 -1.956868e-01 -1.297130e+00
7.904748e+00 7.910347e-03 1.241639e+00 1.856824e+00 -1.063493e+00 -2.283178e+00 -2.934435e+00 1.088997e+00 -1.174968e+00 -4.939506e-02 -2.178562e-01 1.676946e-01
9.620600e-01 7.110782e-01 7.432300e-01 -3.822338e-01 -5.917430e-02 1.192052e+00 2.095221e-01 -1.792306e+00 -3.144733e+00 7.752937e-01 1.313018e+00 2.822343e+00
4.359813e-01 1.899118e+00 2.031798e-01 3.809388e-01 -3.971955e-01 1.488283e+00 5.429956e-01 -4.666881e-01 8.084835e-01 -7.020392e-02 2.537410e-01 -9.441661e-01
7.310965e-01 1.234583e+00 1.256994e+00 2.602122e+00 -3.691558e-02 -3.389536e+00 4.585192e+00 -1.331173e+00 -3.378220e-01 -1.127832e-02 -4.111083e-01 -1.769422e+00
-1.476310e+00 -1.034536e+00 -1.523797e+00 -1.013251e+00 -1.275351e+00 1.746341e+00 1.016535e+00 1.818564e+00 1.812005e+00 -8.992812e-01 -1.724157e+00 -4.995963e-01
2.445430e-01 1.154305e+00 2.334307e+00 4.141478e+00 -3.107252e-01 -4.153025e+00 3.689205e+00 -1.185932e+00 -2.747896e-01 -1.861423e+00 -4.581815e-01 -1.183821e+00
4.949227e-01 8.396161e-01 2.938520e+00 2.723098e+00 4.800715e-01 -4.387547e+00 4.102918e+00 -5.170084e-01 -1.197639e+00 -9.468889e-01 -1.278435e-01 -2.164031e+00
-2.936496e-01 1.658630e+00 2.640001e-01 2.330046e+00 7.504388e-01 1.327744e+00 -1.520933e-01 -6.518334e-01 6.620135e-02 6.486138e-01 9.422417e-01 3.636664e-01
-1.252288e+00 -1.799259e+00 -1.151232e+00 2.524971e+00 -3.469169e-01 -5.790762e-01 1.658154e+00 1.667881e+00 8.149713e-01 -1.580298e-01 -7.046741e-01 2.108434e+00
-6.548184e-01 2.139882e-01 7.579468e-01 3.333291e+00 7.436645e-01 1.025526e+00 1.359259e-01 -8.682078e-01 -1.124498e-01 2.049623e+00 1.723016e+00 1.276867e+00
-1.179618e+00 -1.171837e+00 2.748308e-01 2.723823e+00 1.142708e+00 5.354227e-01 1.655529e+00 1.802696e+00 -2.393738e-01 1.529075e+00 6.473343e-01 1.767002e+00
9.756631e-01 1.403022e+00 1.079005e+00 1.732762e-01 1.053596e+00 3.141287e-01 6.589053e-01 -2.275671e+00 -2.845519e+00 -1.304837e+00 1.399822e+00 3.119976e+00
6.193193e-01 1.689639e+00 3.917884e-01 1.264823e+00 1.198353e+00 7.680415e-01 -3.636271e-01 -7.142256e-01 -1.372981e+00 -2.433019e+00 7.632739e-01 1.158481e-01
8.298987e-01 1.743303e+00 8.609385e-01 8.007329e-01 1.169613e+00 2.713732e-01 3.451379e-01 -1.860837e+00 -2.256860e+00 -2.526478e+00 1.379221e+00 1.842907e+00
