7.125517e+00 -4.069854e+00 3.149153e+00 1.447727e+00 -4.286101e+00 -1.962210e+00 -7.982793e-01 -3.944477e-01 -6.991185e-01 -2.134895e+00 3.571662e-01 5.209250e-01
1.107435e-02 -1.225706e+00 1.573261e+00 -7.741582e-01 -1.235533e+00 -3.333488e+00 -1.176510e+00 2.949333e+00 9.922463e-01 -1.601309e+00 3.094102e-01 1.439316e+00
2.161614e-01 -2.381967e+00 2.640662e+00 -1.567794e+00 -4.071619e+00 -2.328071e+00 3.971300e-01 2.068156e+00 -5.521600e-01 -2.474501e-01 1.561472e+00 3.193491e+00
4.403759e+00 -2.506716e+00 2.562247e+00 4.767970e-01 -4.301971e+00 -2.337052e+00 -6.661332e-01 5.514086e-01 -9.007832e-01 -1.146282e+00 1.727823e+00 1.026516e+00
7.856241e+00 -3.392799e+00 2.766514e+00 1.554751e+00 -1.211380e+00 -2.388192e+00 -4.533780e-01 -1.213711e+00 4.525107e-01 -2.530092e+00 -2.200973e-01 -3.230626e-01
-1.035444e+00 -2.214209e+00 7.540002e-02 -2.002993e-02 1.635439e+00 -3.007678e+00 -2.469759e+00 1.632389e+00 3.540889e-01 -2.157055e+00 -1.801240e-01 -1.158807e+00
-4.165292e+00 -4.628184e-01 1.393031e+00 -4.337807e-01 -1.859268e+00 -7.959936e-01 -1.850989e+00 6.985330e-03 -4.164491e-01 -1.683033e-02 1.980934e+00 -5.031580e-01
-4.520836e-01 -2.682206e+00 2.138667e+00 -2.588300e+00 -5.559729e+00 -7.888463e-01 4.221758e-01 1.784873e+00 1.738676e+00 9.255997e-01 1.683708e+00 3.876293e+00
-3.418644e+00 6.125990e-01 6.356997e-01 -1.445815e+00 8.095352e-01 -2.683334e+00 -8.283110e-01 1.273614e-01 -7.542130e-01 5.444805e-01 1.987082e+00 -3.945752e-01
4.763400e-01 2.416338e-01 1.223875e+00 -4.243208e-01 -1.743571e+00 -9.201279e-02 -9.159518e-01 -3.268104e-01 -3.105021e-01 -1.732683e-03 -1.724477e-01 2.467608e+00
4.959978e+00 -2.131992e+00 1.286997e+00 -1.166402e-01 2.012847e+00 -3.786147e+00 5.073529e-01 -1.898785e+00 1.167809e+00 -1.443211e+00 -1.209380e+00 4.605584e-02
-2.085348e+00 -4.385200e-01 1.847423e+00 7.242308e-01 -2.024910e+00 2.702834e+00 -7.589130e-01 4.657979e-01 -8.372892e-01 -8.109404e-01 1.624557e+00 6.274779e-01
-1.651425e+00 1.565625e-01 6.722956e-01 -1.881509e+00 3.124162e+00 -2.972252e+00 -4.977016e-01 -1.134855e+00 2.050180e+00 3.990023e-01 -8.036215e-01 3.776420e-01
-8.477208e-01 6.074487e-01 9.985132e-01 -2.230966e-01 -1.798927e-01 9.596052e-01 -1.347821e+00 2.153215e-01 -2.145008e+00 2.572896e-01 2.271091e-01 3.080533e-01
-6.854375e-01 8.367131e-01 1.071270e+00 -4.061753e-01 -2.648670e-01 7.354490e-01 -7.248719e-01 -5.477238e-01 -1.308187e+00 -4.559995e-01 6.114273e-01 -2.709197e-01
-8.777491e-01 6.654787e-01 6.138281e-01 4.119889e-01 -1.005148e-01 5.282456e-01 -9.611334e-01 -8.541862e-02 -1.630703e+00 4.714241e-02 3.795923e-01 -4.089031e-02
-3.476460e-02 7.565743e-01 1.278175e+00 -4.452895e-01 -7.609829e-01 1.038863e+00 -6.150668e-01 -7.264671e-01 -8.259323e-01 -5.562562e-01 1.577828e-01 4.735395e-01
1.030721e-01 5.120891e-01 -3.253588e-01 -1.150771e+00 -1.045444e+00 -5.140399e-01 -5.619126e-01 5.670058e-01 -1.887591e-01 -6.805527e-01 1.901111e-01 -8.008944e-01
-1.556894e-01 2.647059e-01 1.026864e-01 -1.047939e+00 -7.217696e-01 -1.231658e+00 -1.297592e+00 5.179347e-01 1.046836e+00 1.756318e-01 5.168195e-01 2.507722e-01
-6.243172e-02 -1.445920e-02 5.571755e-01 -2.304481e-01 1.683553e-01 -1.080874e+00 -1.254421e+00 6.992694e-01 1.314661e+00 3.083435e-01 -1.047314e+00 9.495294e-02
-5.760536e-02 -3.124442e-01 1.104656e+00 1.078490e+00 1.666638e+00 -7.438549e-01 7.004339e-01 -2.890840e-01 4.072851e-01 9.763660e-01 -1.905454e+00 3.111442e-01
-4.497276e-01 -1.574045e-01 1.274884e+00 1.033607e+00 1.736241e-01 -7.207730e-01 9.074961e-01 -2.682437e-01 2.573187e-01 6.796167e-01 -8.265746e-01 6.534851e-01
1.728344e-02 -5.705010e-02 5.187717e-01 -1.302137e-01 2.823855e-01 2.320814e-02 8.499432e-01 1.475126e+00 5.273531e-01 -4.553108e-02 -3.891574e-01 -4.161656e-01
6.087247e-01 2.166863e-01 -6.146962e-01 -8.383177e-01 -3.538345e-01 9.354069e-01 7.789112e-01 2.595726e+00 1.000803e+00 -2.708507e-01 1.531119e+00 1.268344e+00
1.115811e+00 -3.568620e-01 -1.578699e+00 3.346419e-02 -7.216544e-01 1.258420e+00 7.670523e-01 2.835700e+00 1.549809e+00 -2.799063e-01 2.492150e+00 2.410165e+00
1.065466e+00 -9.987256e-01 -2.175558e+00 5.885619e-01 -3.667656e-01 5.279478e-01 1.429626e+00 1.542023e+00 -1.678827e+00 -1.398307e+00 1.293843e+00 1.679689e+00
-3.332859e-01 -1.189251e+00 2.885849e-01 1.157840e+00 -7.718146e-01 -8.480487e-02 1.687645e+00 1.366433e-01 -1.484296e+00 8.381744e-02 7.150248e-01 3.104164e-01
-1.812819e+00 -3.126688e-01 2.174093e+00 -8.232359e-01 3.804893e-02 1.258268e+00 5.861721e-01 -2.255417e+00 -1.180540e+00 1.756716e+00 1.286060e+00 -6.275253e-01
-2.112826e+00 1.078376e+00 2.225007e+00 -2.452650e+00 3.701083e-01 1.828680e+00 8.097483e-01 -1.920634e+00 -1.531737e+00 1.746956e+00 1.227340e+00 -5.467466e-01
-1.507493e+00 1.145524e+00 1.257868e+00 -1.440982e+00 3.214977e-01 1.085232e+00 5.964611e-01 -1.075246e+00 3.401295e-01 1.625556e+00 2.239418e+00 6.289080e-01
-4.433284e-01 3.569804e-01 -7.628614e-01 -5.885615e-01 -3.426294e-01 -7.561640e-01 -1.389715e+00 -5.085150e-01 -8.460758e-02 8.199823e-01 1.230954e+00 3.293787e-01
-1.539312e-01 -3.774255e-01 -1.313576e-01 1.186308e+00 2.146208e-01 -2.008279e+00 -2.788051e-01 1.558491e+00 1.487205e+00 1.307058e-01 -5.033917e-02 6.985469e-02
-5.050480e-01 -2.604673e-01 4.477997e-02 4.545786e-01 -2.949230e-01 -2.400050e+00 -1.098944e+00 2.419794e-01 2.268945e+00 3.826075e-02 -5.244178e-01 -7.839264e-01
-2.636871e-01 3.150577e-01 -6.502397e-02 -5.201767e-01 -5.194575e-01 -6.487752e-01 8.056269e-01 3.413211e-01 5.065080e-01 -4.714281e-01 -1.030634e+00 5.918016e-02
-5.528954e-01 -7.390155e-01 4.303347e-01 -7.061108e-01 -1.682424e+00 -4.870687e-02 8.614141e-01 1.530613e+00 1.049357e+00 -1.597558e+00 -9.456177e-01 7.616226e-01
-1.772079e-01 -9.198686e-01 2.047618e-01 -3.688769e-01 -1.604864e+00 1.308666e+00 -2.415759e-01 4.955175e-01 -2.485137e-01 -1.363827e+00 -3.990497e-01 1.207807e+00
-2.460424e-01 -1.550910e-01 -3.721462e-01 -1.143856e-01 1.890520e+00 1.769644e+00 3.751426e-01 -1.027035e+00 -7.925478e-01 -1.819388e+00 -2.117059e+00 -2.103193e+00
-1.062692e-01 2.130825e-01 -1.270436e-01 -6.185813e-01 9.177383e-01 1.385052e+00 -1.813598e-02 -6.406559e-01 -6.276450e-01 -1.491240e+00 -1.415898e+00 -3.214702e+00
-1.471186e+00 -1.615972e+00 -2.738692e-01 -2.825576e+00 -1.470994e+00 1.858622e+00 -6.748048e-01 -1.519133e+00 -1.810168e-01 1.940498e-01 2.249739e+00 -8.399187e-01
-1.139405e+00 -1.883407e+00 -2.918477e-01 -2.484251e+00 -2.154226e+00 5.987750e-01 -5.116725e-01 -4.643916e-01 1.000035e+00 1.037165e+00 1.953030e+00 1.557984e+00
-2.485047e-01 1.293920e+00 2.327064e+00 1.445923e+00 -1.564553e-01 7.745134e-01 1.122129e+00 -9.319857e-01 -2.517838e+00 -1.533761e+00 1.788502e-01 -5.837106e-01
-2.467526e-01 3.091248e-01 5.527539e-01 -5.680388e-01 -1.195110e+00 3.207501e-01 9.535292e-01 6.493742e-01 3.352446e-01 -1.567563e+00 1.447650e-01 -6.769146e-01
-2.383505e-01 1.159150e-01 2.717856e-01 -1.485745e+00 -7.971227e-01 5.025803e-01 -6.855955e-01 9.529093e-01 1.888678e+00 -6.196223e-01 3.423585e-01 8.858818e-01
-2.353905e-01 4.278542e-01 -3.425462e-01 -9.821626e-01 -5.838323e-01 1.613714e-01 -4.891641e-01 -9.781908e-01 1.194115e+00 4.543524e-01 3.676097e-01 1.515527e+00
-4.483367e-01 3.382525e-01 4.425939e-01 2.012923e-01 2.576431e-01 1.175167e+00 6.122958e-01 -1.207209e+00 9.369763e-01 1.786946e+00 9.161674e-01 1.219396e+00
-2.247117e-01 6.246309e-01 1.217472e+00 1.421914e+00 7.995632e-01 1.819537e+00 2.736157e+00 -1.323845e-01 -1.243605e+00 8.593438e-01 -2.075936e-01 4.540911e-01
2.350916e-01 1.228844e+00 9.407607e-01 5.927824e-01 9.235395e-02 -3.503194e-01 2.130483e+00 1.323793e+00 6.070876e-03 6.956078e-02 -1.298563e+00 -5.030582e-01
5.731237e-01 1.385221e+00 1.121338e+00 -4.443172e-01 -5.043809e-01 -2.932016e-01 2.697847e-01 1.052988e+00 5.882528e-01 3.180238e-01 -1.611717e+00 -1.081108e+00
3.003324e-01 1.101207e+00 8.630342e-01 -4.331431e-01 -1.244318e-01 1.494882e-01 -6.201364e-01 -6.258712e-01 2.960075e-01 3.947423e-01 6.730413e-02 2.140996e-01
-5.966607e-01 8.083652e-01 7.916790e-01 2.401092e-01 1.113693e+00 3.724545e-01 -1.204071e+00 5.915679e-01 7.916887e-01 -5.284529e-01 4.638107e-01 1.001848e+00
-1.074180e+00 -1.089931e-01 -1.843481e-01 6.898426e-01 1.849435e+00 1.842045e+00 5.412217e-01 1.173286e-02 -1.247998e-01 -9.899678e-01 5.273173e-01 1.306462e+00
-4.706982e-01 3.061088e-01 -3.692318e-01 1.447538e-01 7.375875e-01 -4.234245e-01 7.527065e-02 -1.315481e-01 -3.352067e-01 -1.396412e+00 -7.576933e-01 4.767537e-01
7.962274e-03 5.817022e-01 -6.158791e-01 -3.383185e-01 1.571640e-01 -5.458323e-01 -5.897830e-01 -1.194142e+00 -1.685803e+00 -9.506102e-01 -1.596715e+00 -5.417209e-01
4.179671e-01 4.741376e-01 -7.022031e-02 3.525098e-01 4.425454e-01 2.521860e-01 -4.961452e-01 -2.113714e+00 -1.684222e+00 6.059383e-01 -4.609762e-01 -4.168918e-01
2.775696e-01 4.660577e-01 5.077318e-01 7.310627e-01 -3.820717e-01 -8.017812e-01 -1.606096e-01 -2.696106e-01 -4.410493e-01 5.465099e-01 -9.370343e-01 2.491112e-01
-1.050203e-01 -8.643017e-02 9.894355e-01 1.148015e+00 3.951034e-01 7.341639e-01 2.452073e-01 -1.224600e+00 -8.700886e-01 -3.124908e-01 3.160873e-01 1.283438e+00
-9.759941e-02 -3.392229e-01 1.096513e+00 7.705088e-01 -1.774645e-01 5.608634e-01 7.430937e-02 -1.007527e+00 -2.392884e-01 -1.390602e+00 4.038734e-01 6.427639e-01
-3.170803e-01 -4.102325e-01 5.413746e-01 -3.691950e-02 1.214258e-01 7.780026e-01 -6.433042e-01 -1.026109e+00 -7.427226e-01 -1.553239e+00 4.575072e-01 3.401693e-01
-2.191998e-01 4.090818e-01 5.608873e-01 7.854184e-01 -4.801903e-02 1.336630e-01 -2.569623e-01 -5.577316e-01 -1.203860e+00 -4.942510e-01 2.145425e-01 7.908793e-02
-3.237707e-01 1.297821e+00 1.365036e+00 1.174931e+00 -5.701503e-01 5.965025e-01 5.929112e-01 -3.493288e+00 -2.207019e+00 4.243622e-01 4.263424e-01 2.217188e-01
-7.740596e-01 -5.603575e-01 -7.316981e-01 -1.239064e+00 1.677527e+00 3.702825e+00 3.411568e-01 9.743250e-01 3.778659e+00 1.792346e+00 -2.316638e+00 -1.122625e+00
7.056322e-02 1.332912e-01 6.662035e-01 4.822394e-01 2.926118e-01 2.739559e-01 -5.321452e-01 -5.880406e-01 -8.618320e-01 -1.228657e+00 1.595288e-01 -6.543254e-01
-7.586475e-02 2.397633e-02 9.285959e-01 -1.475668e-01 1.304518e+00 -9.588064e-01 6.621089e-01 -1.275138e+00 -9.932656e-01 -1.231051e+00 -4.638503e-01 -9.394464e-01
-5.953460e-01 1.549213e+00 6.941455e-01 1.034164e+00 3.919416e-02 1.416554e+00 2.197890e-01 -4.302745e+00 -2.264472e+00 -2.850497e-01 -1.550816e+00 -1.271737e+00
-3.165958e-01 9.849396e-01 4.223716e-01 8.102596e-01 -8.363675e-02 2.590548e+00 6.119658e-01 -1.514398e+00 -1.454521e-01 3.676216e-01 -1.048727e-01 -3.933206e-01
2.934020e-01 5.559367e-01 6.457090e-02 -1.719551e-01 -1.018059e+00 -2.490645e-02 1.587101e+00 1.078575e+00 2.744429e+00 1.873957e+00 2.362239e+00 -4.013559e-01
2.754512e-01 7.460175e-01 1.686692e-02 2.451905e-01 -6.750110e-01 2.135347e+00 2.293128e+00 5.026750e-01 2.137392e+00 1.866040e+00 1.383076e+00 -8.805275e-01
7.113470e-01 8.393849e-01 -2.768816e-01 -4.679375e-01 2.428871e-01 -1.062363e-01 -6.326525e-01 -5.420303e-02 1.180790e+00 3.131566e-02 -8.106506e-01 -1.457094e+00
2.241948e-01 9.999093e-01 -9.221982e-01 -5.427812e-01 4.906317e-01 -8.243191e-01 -5.199209e-01 1.149438e+00 2.349917e+00 4.847004e-01 -1.798412e-01 -3.908402e-01
-8.022687e-01 -1.509195e+00 -1.499859e+00 9.746186e-01 5.407488e+00 -1.894554e+00 -1.788280e+00 6.340112e-01 -6.828511e-02 -2.010293e+00 -7.914875e-01 -1.954667e+00
4.479094e-01 1.597137e+00 -9.616410e-01 5.030642e-01 1.143028e+00 -6.644886e-01 -1.126766e+00 7.629436e-01 1.952894e+00 5.597965e-01 1.539658e+00 2.005229e+00
1.372022e-01 7.523652e-01 -1.406745e+00 -9.480219e-01 3.008885e-01 -2.294476e-01 -2.817938e-01 1.980071e+00 2.504639e+00 -1.374471e-02 1.364815e+00 1.258481e+00
-6.078434e-03 3.167825e-01 1.535585e-01 7.319315e-01 7.500402e-01 -5.116112e-01 6.810564e-01 -1.004757e+00 -1.949111e+00 -1.537332e-01 -1.699044e+00 -2.674732e-01
2.137852e-01 8.230400e-01 -7.734194e-02 -8.323116e-01 -7.359813e-01 -6.318240e-02 1.711093e+00 7.045369e-02 1.745728e+00 8.950216e-01 1.970356e+00 8.090984e-01
2.319976e+00 -9.345840e-01 -1.863474e+00 9.760417e-01 -9.264961e-01 -4.777363e-01 -1.939679e+00 1.422046e+00 1.607167e-01 2.815328e+00 9.541024e-01 2.793938e-01
1.613949e+00 7.347431e-01 -9.992696e-01 -8.331327e-02 -7.121207e-01 -3.931499e-01 -1.615393e+00 1.491451e-03 -8.958683e-01 6.377957e-01 -1.213300e+00 -9.879490e-01
3.911150e-01 1.971832e+00 -7.202994e-01 1.441348e+00 1.707231e+00 -2.545475e-01 -2.169598e-01 -1.206500e+00 -7.598266e-01 6.596990e-01 -5.860001e-01 9.381240e-01
2.279716e-01 1.963050e+00 4.466834e-02 1.508061e+00 2.383176e+00 9.855191e-01 1.520120e-01 -2.300845e+00 -1.190004e+00 -4.867818e-01 -2.076546e+00 -8.420846e-01
2.662437e+00 -2.167702e+00 -1.857738e+00 9.194993e-01 -2.232440e-01 9.286108e-01 -4.106115e-01 3.406408e+00 3.867321e-01 2.238689e+00 4.863272e-01 6.033698e-01
-1.896821e-01 1.522472e+00 -1.000502e-01 4.358635e-01 1.875980e+00 1.193104e+00 -2.276380e-01 -3.735534e+00 -2.548609e+00 -9.430151e-01 -2.398738e+00 -7.509698e-01
-1.760287e-01 1.021337e+00 -9.486561e-02 -8.250624e-01 3.424592e-01 1.198487e-01 9.103756e-01 -3.172270e+00 -1.302709e+00 -7.865329e-01 -2.546825e-01 -7.397615e-01
-5.423108e-01 1.344596e+00 -1.074558e+00 1.904622e+00 8.068430e-01 -1.273521e+00 1.696231e+00 -7.128823e-01 -2.780896e+00 8.222605e-01 -2.383419e+00 -1.649613e-01
2.376849e+00 -2.751995e+00 -1.082886e+00 2.510246e+00 1.437662e+00 -3.497542e-01 1.432436e+00 2.806142e+00 -5.884492e-01 1.293821e+00 -1.444302e+00 -1.634996e+00
-1.049070e+00 2.955744e-01 -4.117187e+00 3.218672e-01 2.398665e+00 3.975014e+00 6.226343e-01 1.408784e+00 5.618613e+00 2.935850e+00 -3.508161e+00 -1.328628e+00
7.064511e-01 -2.366110e+00 -7.679346e-01 2.464169e+00 3.926393e+00 -5.406463e-01 1.481128e+00 1.626501e+00 -3.469529e-02 -8.884445e-01 -1.678448e+00 -2.029489e+00
-1.809494e-01 1.982731e+00 -8.859249e-01 1.457947e+00 1.872176e+00 -1.271099e+00 1.659854e+00 8.234052e-02 -2.831390e+00 5.005448e-01 -1.568426e+00 -1.292810e+00
-1.525256e+00 1.924825e+00 -5.237638e+00 6.417230e-01 1.378762e+00 3.906732e+00 1.344510e+00 4.704530e-01 4.413952e+00 3.383450e+00 -4.358094e-01 2.064649e-01
-6.448426e-02 3.016652e+00 -2.756004e-01 1.157318e+00 1.339082e+00 -8.580732e-02 6.951677e-01 8.440865e-01 -3.330348e+00 -5.799985e-01 1.314668e-01 -1.460386e+00
-4.727558e-01 3.120616e+00 -3.857538e+00 1.129245e+00 1.586880e+00 2.993931e+00 2.010498e-01 1.505281e+00 1.579585e+00 1.513648e+00 8.490521e-01 -6.065110e-01
-2.570454e-01 3.652936e+00 -2.179679e+00 1.094119e+00 2.015449e+00 3.766781e-01 5.413408e-01 7.755068e-01 -2.222406e+00 -1.021827e+00 5.157034e-01 -8.086277e-01
