5.318320e+00 -3.160409e+00 3.701653e-01 -6.723735e+00 -2.841155e+00 6.871338e-02 2.227729e+00 -3.150965e+00 4.322774e-02 -3.038848e+00 1.325853e+00 4.020518e+00
3.743147e+00 -2.673537e+00 5.201654e-01 -4.701752e+00 -3.192987e+00 -3.005120e-01 1.598246e+00 -2.108627e+00 -1.507619e+00 -1.935636e+00 4.502201e-01 5.130698e+00
5.081180e+00 -1.651671e+00 4.972107e-01 -5.615231e+00 -1.582924e+00 1.427451e-01 1.002252e+00 -2.276711e+00 2.113985e+00 -3.194137e+00 7.713774e-01 1.059152e+00
6.051393e-01 -1.947719e+00 -7.723337e-01 -1.582373e+00 -2.422403e+00 -3.063600e-01 1.071121e+00 -2.597616e-01 -2.135516e+00 -6.247769e-02 -3.374090e-01 4.891782e+00
-5.214869e-01 -8.190466e-01 1.162328e+00 9.803753e-01 5.873563e-01 -9.914808e-01 6.504341e-01 3.289785e+00 3.144944e+00 -2.198516e+00 -1.210462e+00 1.918728e+00
4.495125e-01 -1.304557e-01 -7.072217e-01 -1.184748e+00 -1.208318e+00 -7.587970e-01 8.766937e-01 -5.324047e-01 -1.016253e+00 4.365848e-01 -9.147457e-01 2.916303e+00
-3.733833e-01 -4.691365e+00 9.541235e-02 2.241088e+00 2.786105e+00 6.324247e-01 -3.825445e+00 -4.080939e-01 3.231040e+00 -2.348283e+00 -1.251703e+00 1.621863e-01
-1.556098e+00 6.946427e-01 -4.530517e-01 1.443679e+00 2.443555e+00 2.721415e+00 -1.878573e+00 -3.126934e-01 -1.838692e+00 2.740127e+00 6.363386e-01 5.425298e-01
-3.511905e-01 -4.034822e+00 6.673953e-01 1.153580e+00 1.603323e+00 2.117197e+00 -3.156671e+00 -1.145542e+00 2.987111e+00 -1.320929e+00 -1.212896e+00 5.351958e-02
-1.862000e+00 -4.726123e+00 7.493477e-01 2.365315e+00 7.152199e-02 1.442947e+00 -1.346713e-01 1.189518e+00 -8.731154e-01 -4.428342e-01 -4.950030e-01 6.785311e-01
3.973389e+00 6.981300e-01 -7.365527e-01 -1.364557e+00 -1.717653e+00 -4.869233e-01 8.019258e-01 -1.077783e+00 3.638882e+00 -1.056111e+00 -2.801677e+00 -1.973384e+00
-1.406941e+00 -3.190155e+00 2.349886e-01 1.655626e+00 2.726604e-01 1.467315e+00 -6.399398e-02 1.782690e+00 -7.159847e-01 6.423141e-01 -1.086245e-01 1.233328e+00
-1.782591e+00 6.158359e-01 9.700165e-02 9.692459e-01 -1.077233e+00 -2.887090e+00 1.936218e+00 3.340607e+00 1.616942e-01 -3.615478e+00 2.378667e-01 3.212312e-01
-1.630668e+00 -8.237896e-01 1.581068e+00 -3.251659e+00 2.468441e+00 -6.178524e-01 -6.038184e-01 -6.967762e-01 -1.358038e+00 -1.124601e+00 2.732607e+00 1.443701e+00
-1.501032e+00 3.756263e-01 -1.074747e+00 1.078949e+00 -1.744214e+00 -5.958498e+00 3.240783e+00 2.357666e+00 -2.320823e-01 -2.937948e+00 1.028048e+00 -3.241379e-01
-1.484270e+00 -1.067103e+00 1.810386e+00 -3.252895e+00 2.587368e+00 5.419586e-01 1.766193e-01 -1.836065e+00 -2.771775e+00 -1.570375e+00 5.028003e+00 2.866634e+00
4.381248e-01 4.460483e-01 -6.182699e-01 -6.902504e-03 -3.889435e-01 -4.615065e-01 7.739210e-01 -2.749873e-01 -8.110803e-01 -4.253415e-01 -4.999542e-03 8.306926e-01
-4.383372e-01 3.272650e+00 -1.215063e+00 -6.697730e-01 1.311795e+00 1.897443e+00 -1.042681e+00 -4.823314e-01 -8.341485e-01 1.349458e+00 8.566149e-01 5.851656e-01
2.738185e-01 2.379536e-01 3.154603e-01 4.710830e-01 4.933377e-01 1.619955e-01 -3.911303e-01 -2.236380e+00 -1.073747e+00 3.374105e+00 4.337208e-01 -6.763434e-01
-4.127031e-01 -1.954839e+00 2.367497e-01 1.889471e-01 -1.025271e+00 -3.750997e-01 -2.231458e-01 -7.957023e-01 -5.127686e-01 -1.074030e+00 -5.953733e-01 -8.062699e-01
-2.286524e-01 -4.846038e-01 9.560946e-01 8.175745e-01 3.899507e-01 2.705123e+00 -1.314484e+00 -4.994259e-01 2.295796e+00 1.471596e-02 -8.401884e-01 -1.864170e-01
9.116840e-02 -5.009227e-01 -7.532064e-01 -7.772758e-01 2.386578e-01 -9.927841e-01 -7.780445e-01 -1.108378e-01 3.646626e-02 3.727577e-01 1.895828e+00 7.512873e-01
7.390506e-01 1.183224e-02 -5.906088e-01 9.568363e-01 -3.658963e-01 -1.087092e+00 1.288340e+00 -8.616915e-01 -3.389226e-01 -8.832960e-01 5.387915e-01 -1.059036e-01
-3.018204e-01 -8.008091e-02 1.544956e-02 -3.668545e-01 1.280167e+00 1.655602e+00 3.976510e-01 -9.675835e-01 -2.499563e+00 -6.936215e-01 3.218013e+00 1.288688e+00
2.883277e-01 4.779202e-01 -8.959988e-01 3.983842e-01 -1.092602e+00 -2.514648e+00 8.967768e-01 5.059338e-03 -5.934138e-01 -4.066369e-01 6.236712e-01 -7.189021e-01
5.587265e-01 9.436412e-02 -6.093199e-01 1.154232e+00 -9.703579e-02 -1.212777e+00 9.792849e-01 -5.870994e-01 -7.420763e-02 -1.096945e+00 6.667992e-01 -5.946509e-01
3.412402e-01 3.472584e-01 -3.321567e-01 7.004125e-01 1.741393e+00 1.816397e+00 -6.035013e-01 1.245709e+00 -2.750592e-01 5.361277e-01 1.413619e+00 5.312136e-01
-1.758461e-02 6.747779e-01 -1.544527e-02 6.497995e-01 1.241100e+00 1.182033e+00 -4.833871e-01 1.692266e+00 -3.292654e-01 9.055601e-01 1.802153e+00 6.920846e-01
9.289809e-02 5.910124e-01 6.473219e-02 6.699087e-02 2.735240e-01 4.317729e-01 3.195785e-01 3.580892e-01 -1.633146e+00 4.178720e-01 1.189753e+00 3.930305e-01
1.654472e-02 2.001740e-01 -3.701169e-01 -6.931093e-01 -6.868635e-01 -1.067008e+00 6.524013e-01 -5.983652e-01 -1.789968e+00 -1.360471e+00 1.995495e-01 -8.718530e-01
3.908761e-01 8.328746e-02 -7.338059e-01 -6.010339e-01 -3.961147e-01 3.909458e-01 3.716930e-01 2.703082e-01 -8.380731e-01 -3.750896e-01 -6.869940e-01 -2.008102e+00
5.321276e-01 -3.270672e-02 -1.690710e-02 -5.282825e-01 -4.673245e-01 6.053451e-01 4.168608e-01 7.083081e-01 -7.950747e-01 -1.006631e+00 -1.100620e+00 -1.333960e+00
4.421740e-02 1.821471e-01 3.906891e-01 -1.312019e-01 -7.303558e-02 -1.612939e-01 -2.150053e-01 2.233294e-01 -3.403490e-01 6.662057e-01 -1.035393e-01 -4.975053e-01
1.736205e-01 -2.429757e-02 -5.553252e-01 -2.576651e-01 9.516315e-02 -6.788676e-01 -4.942424e-01 -8.935801e-01 -1.363487e+00 3.932683e-01 -2.047300e-01 -5.831616e-01
-1.061504e-01 -8.407410e-01 -1.900177e+00 -3.686883e-01 -1.832958e-01 -1.441869e+00 -7.559806e-01 -6.414062e-01 -3.073791e-01 6.300960e-02 1.063150e+00 4.432228e-01
-8.755007e-02 -1.252899e+00 -2.543645e+00 -6.636714e-01 -2.078019e-01 -7.592795e-01 -8.615300e-01 -1.343183e+00 7.770137e-01 4.028583e-01 -2.382302e-02 -8.361273e-02
4.915342e-02 -2.511302e+00 -1.654608e+00 7.902635e-01 -3.839485e-01 -7.825049e-01 -1.555421e+00 -1.306999e+00 2.195529e+00 1.176943e+00 -6.417314e-01 -1.081320e-01
-4.952335e-03 -1.737249e+00 5.002098e-02 1.448975e+00 1.707597e-01 -7.281909e-02 -2.954050e-01 -1.358163e+00 1.979016e+00 1.533786e+00 -6.658432e-01 -6.491361e-02
2.932516e-01 2.235274e-02 1.354931e+00 6.263570e-01 5.208939e-01 6.178858e-01 3.358694e-01 2.240583e-01 2.966864e-02 1.835287e-01 -1.184652e-01 -1.024962e+00
2.651784e-01 1.425724e+00 1.939397e+00 9.956913e-02 4.612187e-01 1.128945e+00 1.691540e+00 1.867693e+00 -1.048606e+00 -8.849567e-01 3.412620e-01 4.176761e-01
4.601927e-02 1.662629e+00 7.655895e-01 -1.911388e+00 1.237615e-01 8.817824e-01 1.435159e+00 1.080469e+00 -2.009024e+00 -2.700292e+00 -2.914148e-01 2.026282e-01
8.914270e-02 3.716368e-01 -9.130993e-02 -9.937389e-01 2.132069e-01 -2.113771e-01 -3.058825e-01 -5.292625e-01 -7.513699e-01 -9.425749e-01 -3.707457e-01 -4.612695e-01
5.412359e-02 -1.265211e-01 -6.366458e-01 9.054458e-03 7.098218e-01 -8.440925e-01 -1.237515e+00 -1.694319e+00 -9.144766e-01 -5.847629e-01 -1.216906e+00 -1.084112e+00
4.261223e-01 -1.817953e-01 3.504360e-02 7.081197e-01 1.862260e-01 1.435535e-02 -1.720271e+00 -1.055893e+00 -1.580989e-01 1.146875e+00 2.910037e-01 -2.478845e-01
3.244537e-01 1.097138e+00 7.464889e-01 1.609485e+00 4.195163e-01 6.666306e-01 -2.651494e-01 1.184119e+00 -3.399141e-01 1.685298e+00 -2.974756e-02 7.808080e-01
-5.628420e-01 9.382190e-01 7.606267e-01 9.726483e-01 9.957436e-01 1.174264e+00 1.313314e+00 5.910023e-01 -1.981522e-01 1.442312e+00 1.339371e-01 -1.127362e-01
-3.258810e-02 -6.852457e-01 -1.356524e+00 -8.179965e-01 -3.470661e-01 2.919862e+00 4.317290e-01 1.379820e+00 1.179292e+00 7.033160e-01 -1.261744e-01 -6.592636e-01
-1.035975e-01 -4.516425e-01 -9.478359e-01 -1.106758e+00 7.483236e-02 1.791755e+00 1.514706e+00 1.655522e+00 1.636786e+00 1.199643e+00 1.996458e+00 4.395137e-01
-2.317079e-01 5.659033e-01 6.083142e-01 -2.341574e-01 1.146676e+00 5.975955e-02 1.736749e+00 9.488524e-01 -6.795605e-02 1.109004e+00 1.822155e+00 2.545996e-02
-1.090894e+00 1.268507e+00 2.739206e+00 1.024631e+00 1.666391e+00 -1.733782e+00 1.448499e+00 -1.783361e+00 -7.404321e-01 5.716174e-01 3.339023e+00 2.257855e+00
-1.753754e+00 8.844231e-01 2.455912e+00 8.540842e-01 2.876672e-01 -1.749169e+00 1.082103e+00 -1.583639e+00 -1.303694e+00 -4.742952e-01 1.986720e+00 3.659288e+00
-2.142635e+00 -1.706066e-02 2.223524e+00 -1.998384e-01 -6.534511e-01 -8.676635e-01 -8.705660e-01 -8.581305e-03 -4.459994e-01 -2.016617e+00 5.238339e-01 5.017625e+00
-1.428617e+00 -6.972249e-01 9.383006e-01 -3.271779e-01 -1.428631e+00 -4.079490e-01 -2.152452e-01 2.013142e-01 -5.711406e-01 -2.200885e+00 -8.453810e-01 2.122278e+00
-3.578507e-01 -2.785055e-01 2.674162e-01 -9.804203e-02 -1.049124e+00 1.802789e-01 -3.456635e-01 1.731326e+00 1.622270e-01 -5.393335e-01 -2.319191e+00 -1.305604e+00
-2.701111e-01 6.400919e-02 9.558038e-01 5.831037e-01 -7.864703e-01 -6.066208e-01 -3.592252e-01 7.267770e-01 6.251218e-01 6.154242e-01 -9.881056e-01 -1.906521e+00
-2.222067e-01 8.426200e-02 1.670847e+00 -1.059463e-01 7.856707e-02 -1.036749e+00 2.485066e-01 1.191141e-01 5.392064e-01 5.102295e-01 -1.144166e-01 -1.723678e+00
-6.691614e-01 4.175388e-01 1.226541e+00 3.915221e-01 1.919923e+00 1.263234e+00 -9.263326e-01 -1.805907e+00 -1.029692e+00 1.386379e-01 -4.202042e-01 -1.023195e+00
-5.979578e-01 -1.570241e-01 5.038636e-01 -8.670484e-01 1.292882e+00 4.678156e-01 -3.964682e-01 -4.011544e-01 8.393859e-03 4.228285e-01 -6.997646e-01 -4.781477e-01
-7.268038e-01 -6.453009e-01 -6.992074e-01 -7.684245e-01 -6.084692e-01 -1.674651e+00 -8.357496e-01 -1.898426e-01 3.288320e-01 1.830577e+00 1.206010e-01 -6.754791e-01
-3.660145e-01 -6.208336e-01 -1.737676e+00 -2.716115e-01 -1.473686e+00 -8.614290e-01 1.495210e-01 6.559941e-01 5.398100e-01 9.630766e-01 -1.448861e+00 -1.953855e-01
-2.917895e-01 -4.534431e-01 -1.585433e+00 -2.422219e-01 -6.526207e-01 2.093723e-01 -9.890565e-01 -6.892251e-01 -8.339645e-01 -1.022186e+00 -1.252259e+00 4.100052e-01
-3.018705e-01 -3.934939e-01 -6.613333e-01 -5.321005e-01 -5.491189e-01 8.845729e-01 -8.055145e-01 -2.046628e+00 -2.667124e+00 -1.338920e+00 -1.070675e+00 -1.543186e+00
6.441107e-02 3.503995e-01 1.073650e+00 3.196513e-01 1.244558e+00 1.324517e+00 1.814961e-02 -6.037675e-01 -1.478799e+00 -1.204264e+00 -3.503123e-01 -9.028776e-01
-5.324221e-02 1.276664e+00 1.580819e+00 3.385809e-01 1.141666e+00 1.349484e-01 -5.265036e-01 -2.552147e-01 2.379825e-01 -2.262143e-01 1.066719e+00 2.259739e-01
1.405600e-01 9.288403e-01 1.153460e+00 9.013029e-01 4.321924e-01 -3.296255e-01 -2.003333e-01 6.303864e-01 7.474694e-01 3.035693e-02 -6.667207e-01 6.086468e-01
1.225199e-01 1.131191e-01 6.717314e-01 7.234121e-01 -3.771950e-01 -7.823375e-01 5.140916e-01 8.252387e-01 2.051078e-01 -1.046136e+00 -8.892090e-01 1.810795e+00
-2.968712e-02 -5.243487e-01 -3.828929e-01 1.759902e-01 -1.378093e+00 -4.421189e-01 2.883021e-01 -4.973127e-01 -1.620370e-01 -6.864910e-01 -1.215219e+00 6.789345e-01
3.330938e-01 -3.227703e-01 -1.771725e-01 1.495518e-01 -1.128274e-01 8.165180e-01 7.771488e-01 -8.596224e-01 -3.121832e-01 8.619320e-01 6.691858e-01 -1.832724e-02
1.753454e-02 2.027457e-01 -7.562951e-01 -1.133135e+00 1.257040e-01 1.178578e+00 -2.981970e-02 -1.641975e+00 -1.132750e-01 -1.636739e-01 7.534457e-01 -1.088767e+00
-1.293166e-01 3.652299e-01 -9.295712e-01 -6.931767e-01 1.471950e-01 3.495226e-01 -6.373314e-01 -8.199160e-01 -3.342391e-01 -8.756353e-01 -7.619892e-01 -1.685371e+00
-2.881016e-01 -2.016430e-02 -4.320152e-01 -1.505033e-01 3.160818e-02 -3.843947e-01 6.897677e-01 1.776554e+00 1.163327e+00 1.926953e-01 -1.835895e-01 -2.690780e-01
-5.305237e-01 3.598576e-01 1.576837e-01 6.394610e-01 2.644064e-01 1.958820e-01 1.623420e+00 2.451048e+00 9.031826e-01 -9.013271e-03 -8.271279e-02 9.552829e-01
-3.327023e-01 6.282263e-02 6.963156e-01 6.471745e-01 9.710952e-01 3.543608e-01 8.514921e-01 7.819548e-01 1.528027e+00 1.792795e+00 2.139547e+00 1.741377e+00
-1.373539e-01 2.777796e-01 3.093782e-01 -2.468713e-01 4.166648e-01 4.590648e-01 -9.012802e-01 -9.796526e-01 2.780778e-01 -6.807288e-01 1.373131e+00 7.221690e-01
2.738186e-01 9.567191e-01 6.319801e-01 -6.074110e-01 -4.172035e-02 4.722686e-01 -1.487989e+00 -1.622591e+00 -3.313252e-01 -1.920918e+00 -1.603607e+00 -1.581369e+00
4.371889e-01 9.552046e-01 8.027681e-01 2.047742e-01 -3.100696e-02 2.335569e-01 -1.003616e+00 -3.840402e-01 3.135346e-01 -9.472997e-01 -1.776123e+00 -6.157526e-01
1.715566e-01 1.019465e+00 8.137755e-01 9.443126e-01 2.688604e-01 6.400567e-01 5.656948e-02 8.618817e-01 4.052467e-01 1.856728e-01 -1.364043e+00 -2.923216e-01
-1.370255e-01 3.060476e-01 7.161583e-01 1.126681e+00 6.317368e-01 3.720802e-01 3.835199e-01 3.140706e-01 8.574646e-01 1.563581e+00 4.910786e-01 1.330915e+00
5.532287e-01 5.942397e-02 -6.131965e-01 1.448567e+00 -6.081548e-01 -8.199364e-01 7.027032e-01 -4.903877e-01 1.295465e-01 -1.309289e+00 8.664042e-01 -1.149833e+00
2.389274e-01 5.379500e-02 2.470821e-01 1.899693e-01 -4.521516e-01 -3.404582e-02 2.496834e-02 -7.487068e-01 1.022172e+00 -1.687504e+00 9.363650e-01 -1.427689e+00
-3.388041e-01 3.641489e-01 5.553020e-01 -3.020405e-01 -9.158882e-01 9.795173e-01 -4.520744e-01 -7.677748e-01 1.298209e+00 -1.678295e+00 8.186204e-01 -1.356669e+00
4.972830e-01 -3.508404e+00 3.097353e+00 -3.157700e+00 -5.170888e-02 7.432108e-01 -3.487801e+00 -7.074078e-01 6.085945e-01 -5.547007e-01 -1.119206e+00 -7.982666e-01
-3.219928e-01 3.417543e-01 7.030432e-01 -3.035902e-01 -1.024916e+00 1.191717e+00 -8.468849e-01 -2.230921e-01 6.124145e-01 -1.096666e+00 5.268482e-01 -1.299309e+00
-1.361964e+00 7.344027e-02 8.255623e-01 1.235799e+00 2.224111e+00 5.014213e-01 -2.475113e+00 -1.447213e+00 1.139251e-01 3.526572e-01 1.232116e+00 3.981013e-01
-2.264644e-01 4.121656e-01 6.217959e-01 -1.162956e-01 -8.467382e-01 1.047221e+00 -1.696604e+00 1.315311e+00 -5.348684e-01 -4.905409e-01 -4.649353e-02 -6.890877e-01
9.028213e-02 4.272405e-01 2.599545e-01 4.704273e-01 -9.642543e-01 6.287258e-01 -1.944063e+00 2.518239e+00 -1.617198e+00 2.978224e-01 -9.480075e-01 1.641573e-01
8.498254e-02 5.341991e-01 3.254778e-01 1.983036e-01 -4.268131e-01 -2.770347e-01 -9.753836e-01 2.220015e+00 -1.639012e+00 3.503171e-01 -1.302916e+00 4.017220e-01
8.779373e-02 1.046276e+00 -6.461587e-02 -7.806663e-02 -1.258120e-01 -9.776504e-02 -9.854648e-01 1.914464e+00 -1.128716e+00 7.518139e-02 -1.160159e+00 -1.282888e-01
3.118327e-01 1.251309e+00 -2.580275e-01 -9.595299e-03 1.844181e-01 -7.960372e-02 -7.420226e-01 9.921066e-01 -5.093913e-02 -6.076714e-01 -6.721162e-01 -1.184997e+00
9.880428e-01 1.243105e+00 -8.500826e-01 3.470053e+00 -1.120988e+00 1.213704e+00 -1.317835e-02 5.707366e-02 -3.861493e-01 6.007792e-01 -3.494218e-01 -5.166675e-01
7.225058e-01 8.897613e-01 -2.670930e-02 -3.212528e-02 4.399580e-01 -3.372423e-01 -4.360951e-01 4.641174e-01 8.571783e-01 -1.291794e+00 -3.366215e-01 -1.673526e+00
2.617085e+00 -2.354040e+00 2.896590e+00 5.634145e-01 1.594873e+00 6.952727e-01 -5.074452e-01 8.583991e-01 4.508557e+00 -3.261403e-01 -2.198815e+00 2.215253e+00
8.299040e-01 5.752264e-01 2.684790e-01 2.336842e-01 4.499422e-01 -7.293576e-01 3.210136e-01 -1.240977e-01 1.581241e+00 -1.553612e+00 -4.324254e-01 -1.544775e+00
1.184375e+00 3.264817e-01 -7.197980e-01 -7.621287e-01 -1.202707e+00 -5.169363e-02 -7.589871e-01 -7.089366e-01 6.702766e-01 -2.132571e+00 3.344394e-01 -4.165533e-01
7.125214e-01 5.323372e-01 1.428754e-01 1.038620e+00 -4.807126e-01 -1.130098e+00 1.432559e+00 1.977763e-01 1.415461e+00 -1.438587e+00 9.133134e-02 -2.100960e+00
9.094467e-01 2.957964e+00 -2.499370e+00 -2.953723e+00 -2.725075e+00 2.634727e+00 2.802946e+00 1.994484e-01 -2.137255e+00 2.422537e+00 -4.406861e-01 -3.104543e+00
5.765643e-01 3.081512e+00 -2.134913e+00 -2.357044e+00 -8.869587e-01 -2.032479e-01 3.981724e+00 -6.831137e-01 -4.587254e+00 1.503062e+00 -1.062542e-01 -3.035699e+00
4.246122e-01 2.920165e+00 -1.887686e+00 2.046345e+00 4.396661e-01 -2.058308e+00 8.686868e-01 4.479381e-01 -1.145974e-01 2.030963e+00 1.631542e+00 1.816853e+00
-2.048806e+00 -9.920942e-01 2.625449e-01 8.613275e-01 -3.117845e-01 -1.285617e+00 -9.848488e-01 -1.795005e-01 1.627612e+00 1.246865e+00 1.010609e+00 4.491730e-01
4.407210e-01 8.532629e-01 6.294014e-02 1.476713e+00 -1.046386e+00 4.389450e-01 5.021833e-01 1.079142e+00 6.511577e-01 -8.420372e-03 -3.825334e-01 -1.676304e+00
7.671595e-01 1.085744e+00 -2.732346e+00 -9.313413e-01 -7.422832e-01 -1.103165e+00 -8.978643e-02 -3.406594e-01 -1.566584e-01 2.567514e-01 -2.818487e-01 -9.839748e-01
2.079915e+00 1.498405e+00 -1.202287e+00 4.416126e+00 -2.140653e+00 6.173283e-01 2.042851e-01 1.426088e+00 2.915700e+00 9.255463e-01 -3.436797e+00 -2.660402e+00
5.967944e-01 -7.607079e-01 -4.121624e-01 -2.318204e+00 -1.089183e+00 1.298562e+00 -1.863943e+00 -3.763077e-01 -9.722639e-01 -3.271396e-01 -5.382261e-01 -1.954532e+00
1.599802e-01 1.910500e+00 -4.043342e-01 1.789048e+00 -8.929940e-01 1.351123e+00 2.137544e-02 1.131719e+00 7.210730e-01 1.610485e-01 -4.317406e-01 -1.522701e+00
2.839981e+00 -4.177798e+00 3.171198e+00 -2.338684e+00 8.326012e-01 1.159025e+00 -3.756051e+00 -2.137524e+00 2.729357e+00 2.275672e-02 -2.213797e+00 1.097868e+00
-2.164005e+00 -1.444357e+00 7.037002e-02 2.095556e-01 -1.346696e+00 -1.925599e+00 -2.316762e-01 -9.781486e-01 -9.102345e-03 2.075241e+00 -1.351808e-01 -9.846119e-01
-1.508426e+00 -9.226052e-01 -1.183320e-01 2.044451e-01 -5.236224e-01 -6.531217e-01 2.417260e+00 2.822935e-01 -1.677613e+00 4.241076e+00 -1.243382e-01 -6.990570e-01
-3.144789e-02 2.960902e+00 -4.694868e-01 6.650451e-01 8.163521e-01 8.716317e-01 1.113949e-01 1.101180e+00 3.907986e-01 3.913330e-01 -7.106996e-01 -1.085461e+00
1.358043e+00 3.654932e+00 -3.686811e+00 2.418831e+00 4.156756e-01 -2.177233e+00 1.900906e+00 8.826043e-01 5.012724e-01 1.140571e+00 2.574040e-01 6.975392e-01
1.255184e+00 5.415192e+00 -2.145253e+00 -3.386979e+00 -2.618242e+00 9.355953e-01 4.002912e+00 -1.604116e+00 -3.479942e+00 2.665459e+00 -1.856597e-01 -3.552905e+00
1.817909e+00 4.133608e+00 -1.475882e+00 -1.417609e+00 3.196547e-02 -8.396744e-01 -1.366119e-02 -1.193905e+00 3.504764e-01 -2.202709e-01 6.835291e-01 1.619316e-01
-1.168183e+00 -7.391208e-01 -5.113584e-01 3.650652e+00 2.551205e+00 -1.092352e+00 3.430475e+00 1.515564e+00 -5.513697e-01 5.606351e+00 -3.730569e-01 -1.261811e+00
-2.756751e-01 2.887213e+00 7.152227e-01 -2.770030e-01 1.570198e+00 1.948831e+00 -3.543737e-01 1.050287e+00 6.770076e-01 1.656061e-01 -1.811498e+00 -1.094131e+00
-1.163735e+00 -6.984656e-01 8.896761e-02 5.603132e+00 3.967357e+00 4.782642e-01 1.482080e+00 2.965440e+00 -3.232507e-01 4.357976e+00 -2.768652e-01 -1.139867e+00
-1.000120e+00 1.557192e+00 9.246002e-01 1.979183e+00 3.213149e+00 6.148490e-01 -1.729608e-01 1.970598e+00 1.733748e+00 -1.775156e-01 -1.637739e+00 -1.091717e+00
-1.293879e+00 -1.684831e-01 6.509004e-01 4.040335e+00 4.020864e+00 4.519189e-01 4.445952e-01 3.657161e+00 1.346241e+00 3.043526e+00 -2.380065e-01 -7.564619e-01
