1.123895e+01 -6.027045e+00 -2.754099e+00 -1.877663e+01 -1.969111e+01 2.810782e+00 -2.585553e-01 -5.596838e+00 -3.486214e+00 -1.161678e+01 1.040567e+00 -7.445436e+00
9.728501e+00 -6.415138e+00 -4.517628e+00 -1.728221e+01 -1.567600e+01 6.936274e+00 1.022330e+00 -5.117681e+00 -6.085024e+00 -9.998869e+00 7.108333e-01 -6.615267e+00
1.246117e+01 -3.744601e+00 -6.564023e+00 -1.722724e+01 -2.605152e+01 -1.126500e+00 -7.134720e+00 -9.235605e+00 -3.434062e+00 -1.592747e+01 -4.306061e-01 -6.933823e+00
1.347781e+01 -7.549536e-02 -5.365027e+00 -1.374799e+01 -2.380116e+01 -3.981122e+00 -5.405213e+00 -9.939432e+00 -2.269746e+00 -1.174186e+01 2.841991e+00 -6.312961e+00
1.102791e+01 -9.824027e+00 -8.307716e+00 -1.578378e+01 -8.665306e+00 1.592793e+00 3.429760e+00 -6.383503e+00 -6.625524e+00 -4.524862e+00 3.599879e+00 -4.782178e+00
1.027477e+01 -6.817348e+00 -4.894652e+00 -1.902685e+01 -1.533334e+01 5.449268e+00 2.270603e-02 -5.933175e+00 -5.862761e+00 -1.014228e+01 1.887411e-01 -6.221240e+00
9.370290e+00 -1.055118e+01 -9.119020e+00 -1.566260e+01 -6.749321e+00 2.638687e+00 3.745214e+00 -8.754902e+00 -5.037495e+00 -3.618099e+00 3.876120e+00 -5.222178e+00
1.318703e+01 1.867781e+00 -3.735138e+00 -1.200612e+01 -2.364116e+01 -1.989344e+00 -4.434096e+00 -8.828913e+00 -9.397432e-01 -1.214570e+01 3.585912e+00 -5.412171e+00
1.254588e+01 -7.564973e+00 -3.980557e+00 -1.898327e+01 -1.257621e+01 3.870421e+00 3.990921e+00 -5.488199e+00 -4.869594e+00 -5.731688e+00 8.716568e-01 -1.895329e+00
9.828734e+00 -9.914096e+00 -1.089161e+01 -1.308732e+01 -3.310325e+00 3.201602e+00 5.915157e+00 -9.451324e+00 -3.599985e+00 -4.250828e+00 6.834751e+00 -6.631547e+00
1.473022e+01 2.534687e+00 -2.825665e+00 -9.900782e+00 -2.013637e+01 2.686994e+00 -3.673383e+00 -3.913140e+00 3.436476e+00 -1.178652e+01 4.951494e+00 -4.217426e+00
1.115585e+01 -1.140947e+01 -1.169063e+01 -1.186213e+01 -2.843710e+00 5.217404e+00 6.865220e+00 -1.407509e+01 -4.860585e+00 -5.171771e+00 2.457312e+00 -8.228605e+00
1.396661e+01 2.035249e+00 -3.476165e+00 -1.064136e+01 -2.151658e+01 9.176975e-01 -2.458220e+00 -5.960202e+00 1.909526e+00 -1.485553e+01 5.008050e+00 -6.775306e+00
1.288720e+01 -8.734652e-01 -3.342563e+00 -1.167772e+01 -2.458182e+01 -4.830999e-01 -1.011137e+01 -5.885137e+00 -4.551478e+00 -1.589348e+01 3.128385e+00 -4.222186e+00
1.357565e+01 2.049025e+00 -3.321778e+00 -1.010722e+01 -1.999349e+01 1.145401e+00 -3.021286e+00 -5.418962e+00 2.270007e+00 -1.353005e+01 6.188663e+00 -6.391054e+00
1.261695e+01 1.747139e+00 -3.203521e+00 -1.148244e+01 -2.295987e+01 -2.178712e-01 -5.476647e+00 -5.811932e+00 -1.784090e+00 -1.459185e+01 3.316236e+00 -5.177555e+00
1.338020e+01 -2.554182e+00 -5.637846e+00 -1.278114e+01 -2.217023e+01 -3.168144e+00 -9.899899e+00 -7.310137e+00 -8.799939e+00 -1.464747e+01 2.191718e+00 -2.776501e+00
1.277255e+01 -2.285031e+00 -7.146694e+00 -1.386569e+01 -1.942544e+01 -5.228299e+00 -6.183659e+00 -6.367959e+00 -1.316867e+01 -1.288667e+01 2.126368e-01 -1.032412e+00
1.554953e+01 -1.977799e+00 -5.316211e+00 -1.101435e+01 -1.714388e+01 -1.005259e+00 -2.757821e+00 6.741732e-01 -1.144976e+01 -8.843985e+00 -5.428357e-01 1.711759e+00
1.302876e+01 -7.235665e+00 -1.319315e+01 -6.391576e+00 -1.389306e+00 4.166091e+00 7.391331e+00 -1.232867e+01 -5.512556e+00 -1.575637e+00 -3.331349e+00 -6.401997e+00
1.549255e+01 4.646612e-01 -7.809805e+00 -1.274968e+01 -1.423844e+01 -7.093102e+00 -5.521016e+00 -1.098799e+00 -1.361292e+01 -1.234783e+01 -8.154501e+00 2.440207e+00
1.162403e+01 -2.853849e+00 -7.977921e+00 -3.159474e+00 3.416533e+00 7.291645e+00 2.334237e+00 -1.483300e+01 -1.271911e+00 -2.610299e+00 -5.979285e+00 -1.964415e+00
1.088069e+01 -2.313952e+00 -2.270221e+00 3.183274e+00 7.704898e+00 9.705825e+00 -1.852387e+00 -1.477433e+01 -1.711347e+00 -5.171263e-01 -1.447028e+01 3.265355e+00
-1.223336e+01 -4.586019e+00 -7.515516e-01 1.127662e+01 4.446865e+00 -2.963944e+00 -5.300319e+00 6.576299e+00 -3.098240e+00 4.361755e+00 -4.417861e+00 4.489801e+00
2.646718e+00 -8.182779e-01 -1.588278e+01 8.501380e+00 -3.411578e+00 8.101693e+00 -9.359867e+00 1.720541e+00 -1.329812e+00 4.845850e+00 -3.781942e+00 5.530435e+00
-1.503050e+01 -3.416249e+00 4.112256e-01 1.160088e+01 5.787027e+00 1.810699e+00 -4.273864e-01 4.285835e+00 4.195097e+00 5.258209e+00 -4.497012e+00 4.348492e+00
-9.521643e+00 -6.740345e+00 -2.348647e+00 7.112992e+00 5.473951e+00 -9.618914e-01 -1.309351e+00 9.668179e+00 -2.907355e+00 2.492004e+00 -3.842522e+00 1.414887e+00
8.651013e+00 -3.439335e+00 3.949604e+00 7.691436e+00 1.059719e+01 1.457992e+01 -3.764160e+00 -8.105797e+00 1.209142e+00 1.402127e+00 -1.142598e+01 -3.372349e+00
6.338887e+00 9.327408e-01 -1.325734e-01 -2.703518e+00 -7.863144e+00 -4.769655e+00 -8.965790e+00 4.043973e+00 -6.256463e+00 -6.039381e+00 -7.361894e+00 8.937933e-01
-6.317029e+00 3.010309e+00 -9.241252e+00 8.748045e+00 8.031225e-01 -2.775368e-01 -4.014926e+00 9.217576e-01 -4.404723e+00 -2.946401e-01 -2.059906e+00 3.589571e+00
7.627908e+00 -2.231580e+00 3.309405e+00 9.189823e+00 1.692010e+01 9.219138e+00 1.713530e+00 2.282818e+00 2.085743e+00 -6.267822e+00 -7.397174e+00 -1.113389e+00
-9.555943e+00 1.358447e+00 -2.793312e-01 1.209910e+01 3.344881e+00 4.528405e+00 -4.529723e+00 2.787450e+00 9.867622e-01 7.498362e+00 5.112082e+00 5.011877e+00
-1.021850e+01 -2.574620e+00 3.523822e-01 1.112764e+01 -2.201128e-01 -2.055652e-01 -5.068484e+00 3.619040e+00 1.140354e+00 2.377806e-01 -1.868837e+00 3.998554e+00
5.038490e-01 -1.633310e+00 7.982511e+00 5.344367e-01 2.364132e+00 1.786189e+00 2.517657e+00 -1.042073e+00 -3.587461e-02 4.511132e-01 -3.794984e+00 -4.349656e+00
5.019630e+00 -4.321563e-01 6.676424e+00 6.185802e+00 1.459098e+01 4.472259e+00 2.488126e+00 4.586897e+00 4.975953e+00 -1.174268e+00 -9.088182e+00 -3.132247e+00
-2.034270e+00 -2.225782e+00 7.733654e+00 -4.818702e-01 2.946712e+00 2.903103e+00 2.206768e+00 -1.789373e+00 2.987731e+00 3.782743e+00 -1.680438e+00 2.852937e+00
3.211891e+00 -2.049967e+00 -1.286154e+01 3.151547e+00 2.921324e+00 3.754216e+00 -6.386374e+00 9.002962e-01 8.812938e-01 5.113957e+00 -5.142551e+00 6.544762e+00
-3.670861e+00 -2.728288e+00 7.079302e+00 8.947176e-01 1.786583e+00 3.197736e-01 2.830966e+00 2.848005e+00 2.506690e+00 2.870441e+00 -6.721183e+00 -1.944778e+00
-4.601684e+00 -3.464207e+00 6.620348e+00 -4.109025e-02 -4.573650e-01 -3.943316e+00 4.913497e+00 8.277935e+00 5.115087e+00 5.868699e+00 -4.414712e+00 -1.457195e+00
-5.056731e+00 -2.935271e+00 8.755076e+00 4.880805e+00 7.184048e-01 -5.747812e+00 -5.807382e-01 1.938324e+00 3.630028e-01 4.841280e+00 -2.257424e+00 -5.001766e-01
-5.060901e+00 -3.118967e+00 5.456707e+00 2.750826e-01 2.409668e-01 5.513455e-01 5.380275e+00 -1.883850e+00 -1.399023e+00 2.639710e+00 -2.163656e+00 5.711285e-01
-4.564176e+00 -8.991110e-01 6.138002e+00 3.843815e+00 1.238749e+00 -2.882369e+00 2.650100e+00 -2.657741e+00 2.313354e+00 4.680058e+00 -2.998253e+00 -1.185905e+00
-3.181611e+00 1.080287e+00 5.924896e+00 5.382463e+00 6.495190e+00 9.239919e-01 -1.685203e+00 -4.304874e-01 -1.292944e+00 4.089948e+00 -1.651853e+00 -3.616292e+00
-2.920959e+00 4.006997e-01 5.424498e+00 7.547654e+00 4.001930e+00 -1.744325e+00 -1.805534e+00 3.002417e+00 4.467025e+00 8.909174e+00 2.933093e+00 -2.618981e+00
-2.763893e+00 2.206813e+00 2.933483e+00 6.724599e+00 6.061430e-01 -2.576324e-01 1.293801e+00 2.702409e+00 3.257533e+00 5.135589e+00 -1.573062e+00 7.353057e-01
-6.627174e+00 2.504715e+00 2.118546e+00 2.646537e+00 6.502249e+00 -1.452560e+00 6.093333e-01 3.776749e+00 4.844801e+00 7.968757e+00 2.679378e+00 2.948567e+00
-7.176998e+00 2.154709e+00 2.233188e+00 2.425165e+00 7.367817e+00 -4.394311e+00 -1.614278e+00 2.816403e+00 4.172657e+00 7.396295e+00 2.489003e+00 1.488883e+00
-4.076122e+00 5.500438e+00 2.061303e+00 2.189626e+00 6.890500e+00 -2.601067e-01 -1.504430e+00 2.711010e+00 3.421957e+00 6.249407e+00 2.414696e+00 1.285506e+00
-5.798524e+00 3.507233e+00 2.102108e+00 5.935969e+00 1.171025e+01 -1.725008e+00 2.496850e+00 1.046880e+00 1.250535e+00 1.182022e+01 3.201525e+00 4.199484e+00
-5.737511e+00 3.906907e+00 4.073071e-02 4.116558e+00 9.647167e+00 4.627418e+00 7.976130e+00 5.058263e+00 1.462140e+00 4.490787e+00 3.031389e+00 2.576255e+00
-7.446037e+00 2.455575e+00 2.884206e+00 5.194749e+00 8.234979e+00 -2.166466e+00 -3.968815e-01 2.209376e+00 9.787016e-01 3.307243e+00 4.343496e+00 4.210207e+00
-8.611824e+00 1.458829e+00 7.337728e-01 3.667814e+00 6.692924e+00 -2.913853e+00 4.879927e+00 3.677302e+00 3.656358e+00 5.423251e+00 5.276426e+00 7.420524e+00
-7.271410e+00 2.493304e+00 -2.299108e+00 2.844594e-01 6.541901e+00 -3.675479e+00 1.342016e+00 4.917444e+00 -4.693768e-01 2.858966e+00 6.032481e+00 3.852319e+00
-7.283350e+00 1.388574e+00 5.470514e-03 3.204716e+00 9.247348e+00 -3.542688e+00 -3.134180e+00 6.781328e+00 7.191392e+00 2.799639e+00 2.048413e-01 -3.582978e-01
-6.842657e+00 1.400302e+00 1.745730e+00 3.958268e+00 6.635572e+00 -4.890850e+00 -5.297397e+00 -3.500821e+00 6.019583e-01 4.111919e+00 -3.300501e-01 1.662975e+00
-6.205433e+00 1.648295e+00 -9.796154e-01 3.463670e+00 9.037487e+00 -2.934343e+00 -1.224362e+00 9.692549e-01 2.278203e-01 1.182464e+00 2.136428e-01 1.623785e+00
-5.462649e+00 5.112315e+00 8.711011e-01 2.892044e+00 1.077149e+01 -5.906821e-01 -1.012056e+00 3.304685e+00 2.735486e+00 1.698181e+00 -4.891439e-01 6.924925e-01
-6.820980e+00 6.087973e+00 2.804731e+00 9.259936e-01 7.543433e+00 -4.705077e+00 1.660333e+00 5.005897e+00 6.543612e+00 5.633693e+00 -3.892315e+00 -4.271452e+00
-6.345417e+00 4.362747e+00 5.330858e-01 -1.001949e-01 6.606443e+00 -1.749932e+00 4.622547e+00 3.526034e+00 1.412530e+00 1.821538e+00 -1.268345e+00 -3.410690e-01
-8.711678e+00 3.542171e-01 1.208959e-01 1.221138e+00 5.699343e+00 -5.068091e+00 -3.882980e-02 1.055944e-01 8.533413e-01 5.605969e+00 4.217043e+00 1.412119e+00
-7.204870e+00 2.879552e+00 2.779303e+00 1.651620e+00 1.024961e+01 -7.341375e-01 -4.810568e-01 3.785396e+00 -4.200709e-01 7.312132e-01 2.895995e+00 3.004052e+00
-7.998093e+00 2.417549e+00 2.096345e+00 1.796295e+00 9.832392e+00 -9.538836e-01 3.983674e-01 4.200461e+00 2.852386e+00 2.276086e+00 2.341976e+00 1.197888e+00
-5.598883e+00 3.762226e+00 3.174782e+00 2.673380e+00 6.552542e+00 -2.521573e+00 1.057582e+00 9.641584e+00 6.892749e+00 2.328787e+00 4.527778e+00 5.875096e+00
-6.404801e+00 4.946931e+00 3.371507e+00 4.867564e+00 6.293692e+00 -3.199890e+00 4.153589e+00 5.486052e+00 9.672695e-01 2.907806e+00 -1.519224e+00 4.360847e-01
-5.658945e+00 4.666575e+00 3.693325e+00 7.427865e+00 1.020822e+01 -1.128018e+00 7.925067e-01 7.002899e+00 2.857919e+00 3.540886e+00 1.530553e+00 1.160103e+00
-4.101455e+00 6.363931e+00 3.799932e+00 7.697317e+00 8.462814e+00 -1.465890e+00 6.068171e-01 6.486398e+00 6.630882e+00 1.402412e+00 -7.125002e-01 4.300139e+00
-3.242978e+00 3.390804e+00 4.670224e+00 6.686660e+00 8.776856e+00 2.720627e+00 3.983622e+00 4.126976e+00 6.247765e+00 2.217240e+00 -4.900218e+00 -3.980152e+00
-5.826266e+00 2.103330e+00 4.367526e+00 5.143828e+00 5.879695e+00 -1.046086e+00 4.369174e+00 4.128808e+00 3.776440e+00 5.495273e+00 1.235684e+00 2.244556e+00
-5.459898e+00 1.272774e+00 4.259160e+00 7.728909e+00 5.692799e+00 -1.210372e+00 2.262877e+00 2.141915e+00 2.065427e+00 1.875224e+00 2.003488e+00 4.299809e+00
-3.896730e+00 3.660771e+00 2.876089e+00 5.745336e+00 7.185760e+00 7.343301e-01 3.330633e+00 -1.372974e-01 -3.116880e+00 1.525231e+00 -1.307257e+00 -3.645207e-01
-5.745689e+00 2.986292e+00 4.940543e+00 7.454421e+00 5.356387e+00 -1.587233e+00 2.556053e+00 5.553646e+00 -4.564629e-01 8.190926e+00 5.098092e+00 3.606172e+00
-4.896254e+00 3.987397e+00 2.411426e+00 6.315680e+00 3.030910e+00 -7.147514e+00 -3.247919e+00 1.737738e+00 7.701864e-01 6.813029e+00 2.091954e+00 7.447453e+00
-4.072529e+00 5.388269e+00 6.678987e+00 4.089916e+00 3.516358e+00 -3.084392e+00 5.749174e+00 7.424038e+00 1.816153e+00 4.096619e+00 -1.521309e+00 9.861284e-01
-6.077537e+00 3.543164e+00 4.897454e+00 5.854872e+00 4.744150e+00 -1.065982e+00 7.518308e+00 8.265327e+00 5.822661e+00 9.497475e+00 2.544210e+00 -9.245036e-01
-7.148195e+00 5.525213e-02 4.110902e+00 6.687108e+00 8.356729e+00 -5.793866e-01 2.076549e+00 1.057031e-01 4.155612e+00 8.532394e+00 5.629279e+00 -2.208573e-01
-5.418577e+00 3.927543e+00 3.646657e+00 5.442743e+00 6.622732e+00 1.688763e+00 1.018760e+00 1.964101e+00 5.356273e+00 5.533143e+00 4.372321e+00 5.364004e+00
-7.040541e+00 2.888565e+00 3.235574e+00 3.749899e+00 5.281316e+00 2.253500e+00 -6.004349e-01 -9.522698e-01 1.384075e+00 9.301548e+00 9.182034e+00 2.985711e+00
-5.722323e+00 5.406561e+00 6.923079e+00 7.933866e+00 6.128145e+00 7.333385e-01 3.344729e+00 4.371078e+00 3.388126e-01 -6.174417e-01 -1.072884e+00 3.486898e+00
-6.363315e+00 3.103459e+00 5.402702e+00 4.675447e+00 7.756102e+00 -8.985171e-01 4.447312e+00 5.726743e-01 1.048554e+00 1.256971e+00 -1.699703e+00 3.528303e+00
-6.297679e+00 3.992226e+00 4.364994e+00 9.571425e+00 6.677423e+00 -4.490073e+00 3.437973e-01 2.526257e+00 4.637372e-01 3.318735e+00 -2.132572e+00 1.909357e+00
-7.476309e+00 9.636551e-01 3.415159e+00 5.271256e+00 1.707593e+00 -4.110408e+00 7.629382e+00 6.743015e+00 -2.780353e+00 5.662090e+00 5.286404e+00 5.807674e+00
