1.375277e+01 -1.101620e+01 -1.177242e+01 -1.333117e+01 -7.044866e+00 4.098124e+00 6.025966e+00 -1.315294e+01 -2.314044e+00 -5.623987e+00 8.424375e+00 -4.881140e+00
1.337164e+01 -1.158949e+01 -1.238898e+01 -1.239256e+01 -8.837255e+00 5.342156e+00 3.901712e+00 -1.254815e+01 -2.430502e+00 -7.714734e+00 6.811683e+00 -3.628932e+00
1.326941e+01 -1.216344e+01 -9.970325e+00 -1.372133e+01 -9.618963e+00 5.253570e+00 1.624518e+00 -1.053371e+01 -3.009373e+00 -5.291942e+00 5.688508e+00 -4.950649e+00
1.191330e+01 -1.103297e+01 -1.184735e+01 -1.236252e+01 -6.835840e+00 2.215955e+00 6.449722e+00 -1.356617e+01 -7.013486e-01 -8.884912e+00 8.393430e+00 -6.138855e+00
1.369193e+01 -1.375740e+01 -6.617851e+00 -1.679492e+01 -9.698742e+00 2.914979e+00 6.103508e-01 -1.008627e+01 -3.942736e+00 -4.609167e+00 2.464195e+00 -3.738115e+00
1.320640e+01 -1.297707e+01 -4.322905e+00 -1.725976e+01 -1.074326e+01 4.431714e+00 -4.012251e-01 -7.439993e+00 -2.603729e+00 -4.440869e+00 3.056799e+00 -4.474889e+00
1.275077e+01 -1.243778e+01 -2.824440e+00 -1.808116e+01 -1.131218e+01 5.226513e+00 -1.268457e+00 -6.724308e+00 -2.749432e+00 -5.111423e+00 2.787421e+00 -4.818780e+00
1.183202e+01 -1.055506e+01 -2.727953e+00 -1.828309e+01 -1.277676e+01 5.396647e+00 -1.922193e+00 -6.746795e+00 -3.341262e+00 -5.270329e+00 9.860942e-01 -4.598454e+00
1.083905e+01 -1.258730e+01 -9.919613e+00 -1.233886e+01 -5.869281e+00 1.849914e-02 4.891951e+00 -1.126898e+01 -1.541641e+00 -9.298410e+00 7.666774e+00 -7.769838e+00
1.106536e+01 -9.452373e+00 -3.298665e+00 -1.902316e+01 -1.490306e+01 5.629215e+00 -2.304840e+00 -7.792131e+00 -5.118360e+00 -6.010266e+00 -1.368562e+00 -4.362673e+00
1.082310e+01 -9.194298e+00 -1.640904e+00 -1.991380e+01 -1.598027e+01 6.760165e+00 -1.714638e+00 -8.154042e+00 -4.714989e+00 -8.051125e+00 9.288595e-01 -7.236668e+00
1.039651e+01 -1.455934e+01 -7.642464e+00 -1.276348e+01 -4.523478e+00 -1.122432e+00 4.363998e+00 -9.254672e+00 -1.695543e+00 -8.670598e+00 6.777816e+00 -7.905691e+00
1.034064e+01 -8.402147e+00 -1.183396e+00 -1.889088e+01 -1.779045e+01 7.448065e+00 1.016505e-01 -8.817902e+00 -3.697280e+00 -8.805543e+00 3.078647e+00 -9.399467e+00
8.833786e+00 -1.395888e+01 -4.465277e+00 -1.352094e+01 9.893231e-01 -2.020216e+00 7.728395e+00 -6.791071e+00 -4.375264e-01 -4.772909e+00 7.503304e+00 -5.325073e+00
1.115399e+01 -7.013997e+00 7.679563e-01 -1.947005e+01 -1.696849e+01 8.103544e+00 1.656006e+00 -7.406551e+00 -2.463129e+00 -8.259111e+00 1.913681e+00 -8.194113e+00
1.292932e+01 -4.499061e+00 2.359502e-01 -1.940528e+01 -1.989257e+01 1.046408e+01 -1.800217e+00 -5.901538e+00 -1.326905e+00 -1.177551e+01 8.157969e-03 -9.439624e+00
1.104731e+01 -9.673290e+00 -8.310963e+00 -9.700989e+00 -5.534744e-01 -2.217581e+00 8.555759e+00 -4.848987e+00 -1.758187e-01 -4.849212e+00 6.202634e+00 -7.417879e+00
1.455604e+01 -8.569286e+00 -1.206447e+01 -6.428931e+00 2.642641e+00 -6.017673e+00 1.228613e+01 -7.087542e+00 -1.788429e+00 -1.533126e+00 6.852478e+00 -5.361176e+00
1.499188e+01 -2.731540e+00 7.318603e-01 -1.696803e+01 -2.304387e+01 1.187961e+01 -1.837302e+00 -5.462844e+00 1.064783e-01 -1.219285e+01 -3.325293e+00 -9.441744e+00
1.250817e+01 -9.212976e+00 -1.158040e+01 -8.592800e+00 5.216376e+00 -9.995085e+00 1.141168e+01 -8.366273e+00 -1.882230e+00 -1.249623e+00 2.312989e+00 -5.530562e+00
1.643516e+01 3.137631e-01 -1.173292e+00 -1.247025e+01 -2.474984e+01 1.278173e+01 -1.917928e+00 -7.700064e+00 6.361418e-01 -9.903441e+00 -6.984552e+00 -9.478569e+00
6.903327e+00 -6.712877e+00 -1.430542e+01 -1.022446e+01 7.884437e+00 -1.675153e+01 3.358210e+00 -5.266464e+00 -3.379650e+00 6.990825e+00 1.629298e+00 -3.330781e+00
1.756282e+01 5.553884e+00 -4.096762e+00 -8.968443e+00 -2.136951e+01 1.263601e+01 -3.218536e+00 -6.851236e+00 4.970100e+00 -9.388452e+00 -9.997728e+00 -6.280213e+00
7.189991e+00 -5.763562e+00 -1.938046e+01 -1.065137e+01 8.916307e+00 -1.101354e+01 5.223880e+00 2.546170e+00 -2.234174e+00 1.528089e+01 6.035559e+00 -8.048735e+00
1.493601e+01 1.036223e+01 1.079020e+00 -7.410416e+00 -1.651617e+01 1.227513e+01 -1.820583e+00 -4.092124e+00 7.729218e+00 -6.644594e+00 -1.228377e+01 -6.525700e+00
1.337048e+01 1.022309e+01 5.504815e+00 -3.282635e+00 -8.760269e+00 1.316369e+01 -1.181562e+01 -2.596045e+00 8.811644e+00 -5.170022e+00 -9.885649e+00 -2.906837e+00
5.824001e+00 -5.853593e+00 -1.096300e+01 -6.180970e+00 6.599304e+00 -1.596308e+01 2.649886e+00 -5.493380e+00 -2.502080e+00 5.876754e+00 1.492574e+00 8.595539e-01
1.058104e+01 1.221187e+01 1.036544e+01 -1.471764e+00 -5.001018e+00 7.080100e+00 -7.036020e+00 -2.578794e+00 4.020915e+00 -1.570247e+00 -8.440660e+00 -1.495363e+00
-1.376563e+01 -1.204637e+00 -1.095371e+00 1.783775e+00 1.543744e+01 -1.024299e+01 -3.674394e+00 6.383883e+00 -1.913244e+00 9.355774e+00 3.951161e+00 5.973705e+00
9.645528e+00 1.030798e+01 1.132894e+01 2.089625e+00 3.141859e+00 7.318677e+00 -1.018181e+01 -1.411652e+00 1.129354e-01 -4.204973e-01 -8.608244e+00 -1.633072e+00
-2.604784e+00 -1.656713e+01 -6.667760e+00 4.112165e+00 -1.284356e+00 -1.613936e+00 -3.049293e+00 2.842431e+00 3.085117e+00 -2.432935e-01 -1.637440e+00 4.792246e+00
7.666302e+00 1.000380e+01 1.396621e+01 7.338634e+00 5.465607e+00 1.499085e+00 -7.779018e+00 2.884426e+00 1.254886e+00 -3.597012e-01 -8.020962e+00 -3.168225e+00
7.372202e+00 -4.120010e+00 -8.407325e+00 -4.116636e+00 7.538858e+00 8.004874e-02 7.526194e+00 2.405610e+00 -2.630068e+00 6.063607e-01 -6.966655e-01 -3.946063e+00
6.638449e+00 9.826012e+00 1.065863e+01 4.434417e+00 1.270797e+01 4.607340e+00 -7.079408e+00 3.615007e+00 -1.390633e+00 -2.152421e+00 -8.176095e+00 -5.540579e+00
-9.867614e+00 1.042857e-01 2.779909e+00 -9.561483e+00 -7.777271e-01 -1.268394e+01 -1.301543e+01 2.989306e+00 1.663014e+00 2.933699e+00 5.374350e+00 8.213761e+00
-1.423925e+01 8.519957e+00 -2.277033e-01 1.010142e+00 7.937986e+00 -1.140908e+01 -1.050556e+01 6.827924e+00 -4.011666e+00 6.923462e+00 7.099547e+00 1.039936e+01
5.490656e+00 8.396266e+00 1.344113e+01 7.461935e+00 7.660401e+00 2.101140e+00 -3.411449e+00 8.625733e-01 -5.915520e+00 -2.713121e+00 -6.407250e+00 -4.231938e+00
-4.287179e+00 -1.159064e+01 -2.797034e+00 7.493793e+00 4.795609e+00 1.723451e+00 -2.560348e+00 2.232316e+00 -1.498465e+00 -6.062599e+00 4.493233e+00 8.743941e+00
-1.187254e+01 5.539138e+00 9.520762e-01 6.191652e+00 5.519487e+00 -9.537681e+00 -4.415965e+00 6.116191e+00 -7.606860e+00 1.476887e+00 6.374066e+00 6.502321e+00
-1.191467e+01 -1.702238e+00 3.612592e-01 5.742022e+00 7.049035e+00 -8.516392e+00 -8.895666e+00 6.068031e+00 2.920603e+00 8.083199e+00 -1.903097e+00 2.897140e+00
-5.628914e+00 -6.251307e+00 4.076118e+00 9.396201e+00 -1.015216e+01 -1.435929e+01 -6.161895e+00 8.847732e+00 7.989489e+00 2.026230e+00 -3.056378e+00 -2.803299e+00
-4.518059e+00 3.064306e+00 7.238499e+00 4.464624e+00 -4.987316e-01 -6.741082e+00 -4.113527e+00 9.628155e+00 3.128327e+00 -4.770515e-01 2.232380e-01 8.834679e-01
3.404253e+00 6.785678e+00 1.026219e+01 4.918083e+00 6.950598e+00 5.830449e+00 -4.230814e+00 -2.638819e+00 -6.912509e+00 -2.901637e+00 -4.898742e+00 -7.026772e-01
-9.641095e+00 -2.295442e+00 9.133557e-01 7.078608e+00 2.062011e+00 1.566688e+00 -1.188004e+01 7.502487e+00 4.845353e+00 3.321490e+00 3.067138e+00 -2.173204e+00
-2.495453e+00 -1.081159e+01 -5.937442e+00 6.438738e+00 1.430717e+00 -7.378317e-01 6.765468e-01 4.479138e+00 4.078478e+00 1.882818e+00 1.242776e+00 3.300762e+00
-8.626204e+00 3.186657e+00 2.881211e+00 1.007224e+01 6.279685e+00 -1.970987e+00 4.673070e+00 3.270762e+00 1.545505e+00 1.136449e+00 -2.559202e-01 5.711843e+00
-6.956075e+00 4.464301e+00 3.830191e-01 4.995834e+00 3.011377e+00 -6.496941e-01 3.906863e+00 1.678100e+00 -1.316204e+00 5.003293e+00 -5.161898e-01 7.530295e-01
-8.950868e+00 3.715282e+00 1.145057e+00 1.039401e+00 2.205329e-01 -2.622461e+00 4.166675e-02 5.587442e-01 -2.970281e+00 -2.249608e+00 1.993988e-01 2.846072e+00
-6.836605e+00 3.776711e+00 2.150836e-01 4.586164e+00 2.492455e+00 -2.135685e+00 1.377079e+00 4.257360e+00 3.937531e+00 5.107596e+00 2.327139e-01 4.945401e+00
-7.204377e+00 2.583490e+00 -1.018028e+00 3.726996e+00 6.030582e+00 9.689562e-01 5.026354e+00 7.291940e+00 4.627272e+00 1.539894e+00 3.198659e+00 5.576168e+00
-9.062184e+00 2.263286e+00 -1.768640e+00 3.425072e+00 4.201356e+00 -6.897984e+00 -4.853084e+00 3.003640e+00 6.386341e+00 4.640989e+00 1.029576e+00 1.240075e+00
-7.149093e+00 4.706053e+00 5.237503e-01 5.701046e+00 5.768019e+00 -2.461986e+00 5.345980e+00 7.761075e+00 -1.341388e+00 -1.790348e+00 1.648611e+00 6.232481e+00
-7.802579e+00 5.193501e+00 5.112803e+00 7.499302e+00 2.859590e+00 -5.556672e+00 -4.474586e+00 5.900580e+00 3.288475e+00 3.134960e+00 -3.131142e+00 2.551515e+00
-8.097165e+00 3.594223e+00 2.653680e+00 6.178661e+00 8.259563e+00 -1.742611e+00 1.134443e+00 4.582784e+00 4.861241e+00 4.618554e+00 -1.553934e-01 2.292505e+00
-7.881381e+00 3.926543e+00 -2.124820e-01 2.684032e+00 5.733182e+00 -1.418196e+00 9.057136e-01 2.119717e+00 3.193005e+00 2.252702e+00 -2.094788e+00 1.305178e+00
-7.719230e+00 3.911372e+00 9.428669e-01 8.929127e+00 6.198228e+00 -8.910359e-01 1.006793e+00 2.567766e+00 4.227432e+00 2.843751e+00 2.512614e+00 7.044055e+00
-8.425445e+00 -2.805789e-01 1.268155e+00 9.080711e+00 5.842047e-01 -3.928613e+00 2.538305e+00 3.867405e+00 -1.000124e+00 5.667874e+00 -7.313862e-01 -3.877747e+00
-7.213429e+00 4.679429e+00 5.031754e-01 3.665514e+00 4.882643e+00 -2.573369e+00 2.986235e+00 1.344335e+00 -3.304722e-01 6.249007e+00 2.543505e+00 2.609225e+00
-6.976125e+00 4.704330e+00 1.403514e+00 4.841726e+00 8.183756e+00 2.074054e+00 1.110579e+00 1.822237e+00 3.779422e-01 8.394455e+00 2.805220e+00 3.341024e+00
-7.839463e+00 3.887902e+00 2.176663e+00 7.414696e+00 3.368944e+00 1.041222e-01 4.625490e+00 3.438087e+00 5.301871e+00 4.184243e+00 -3.246836e+00 5.554364e+00
-8.337111e+00 3.230851e+00 4.462495e+00 4.732413e+00 -3.129582e-01 1.187732e+00 2.162798e+00 -6.873002e-01 7.587732e-01 1.505836e+00 -3.092586e+00 4.185647e-01
-7.261649e+00 2.311860e+00 2.519136e+00 5.946169e+00 3.032973e+00 -9.803101e-02 -9.994779e-01 2.651137e+00 2.762646e+00 4.789135e+00 -7.475240e-01 8.055188e-01
-6.573680e+00 6.032383e+00 1.140939e+00 5.831581e+00 3.935543e+00 2.259739e+00 2.859770e+00 4.415767e+00 1.635904e-01 4.851614e+00 1.252465e+00 5.882503e+00
-7.097011e+00 5.021991e+00 4.018226e-01 4.716526e+00 4.646563e+00 -1.902878e+00 3.023368e+00 1.980366e+00 3.804207e+00 8.604460e+00 6.516479e+00 3.106124e+00
-6.368071e+00 5.914248e+00 2.296038e-01 6.480724e+00 7.886820e+00 1.245135e+00 3.380374e+00 8.149085e+00 8.509613e-01 8.225193e+00 4.554635e+00 3.330198e+00
-4.945304e+00 2.125122e+00 -6.453352e-01 7.087404e+00 8.171365e+00 1.611394e+00 -2.974168e+00 1.679363e-01 3.237912e+00 4.804405e+00 8.755391e-01 3.461458e+00
-3.995454e+00 -2.481925e+00 4.111511e-01 2.410704e+00 -3.512439e+00 -3.617647e+00 -3.003979e+00 8.175653e+00 1.082125e+01 -2.298137e-01 -9.558456e-01 1.230955e+00
-8.480853e+00 1.293068e+00 -1.102529e-01 6.933851e+00 2.629743e+00 1.032530e-01 -7.033361e+00 1.441635e+00 2.161703e+00 2.791051e+00 2.232302e+00 2.678824e+00
-8.684646e+00 2.150319e+00 1.490828e-01 4.443869e+00 4.833459e+00 -4.914908e+00 -3.842276e+00 1.623722e+00 1.649840e+00 2.339662e+00 2.265224e+00 2.364767e+00
7.610960e-01 5.070507e+00 7.267920e+00 4.923387e+00 8.923736e-01 2.728103e+00 -2.317472e+00 -4.796411e+00 -6.576801e+00 -7.066782e-01 -4.927887e+00 4.211582e+00
-2.447083e+00 2.021623e+00 5.152751e+00 4.196537e+00 8.351693e-01 2.417998e+00 9.606489e-01 -1.462307e+00 -6.126685e+00 -1.666109e+00 -3.791962e+00 1.783343e+00
-3.897854e+00 3.248896e+00 5.981347e+00 6.055313e+00 9.708118e-02 1.007232e+00 -9.994841e-02 3.040257e+00 -5.484059e-01 1.804581e+00 -1.929835e+00 2.578610e+00
-5.018440e+00 1.351096e+00 5.126812e+00 5.818306e+00 3.389109e+00 2.509362e+00 -3.187680e+00 -1.492643e-02 7.063659e-01 6.146768e+00 -5.015805e+00 3.249069e+00
-2.709801e+00 3.980357e+00 2.983649e+00 7.964839e+00 1.592612e+00 -1.395059e+00 -2.421093e+00 -3.270979e+00 -3.189433e+00 5.420253e-01 -2.394277e+00 6.771631e-01
-4.263025e+00 3.527763e+00 3.156498e+00 8.852556e+00 3.695340e-01 -2.368984e+00 2.905006e+00 6.547726e+00 9.959258e-01 -6.598073e-01 3.621519e+00 1.002709e+01
-4.827898e+00 2.559643e+00 5.728786e+00 7.195781e+00 1.209880e+00 1.601285e+00 2.707330e+00 1.133943e+00 -4.059156e+00 -1.946328e-01 1.950562e+00 1.541692e+00
-4.563733e+00 4.870285e+00 2.593317e+00 5.281917e+00 3.018878e+00 8.745800e-01 1.258207e+00 -2.348018e+00 -8.554872e+00 3.987311e+00 6.750161e+00 8.327410e+00
-3.896928e+00 7.511495e+00 7.120174e+00 6.219281e+00 2.693686e+00 9.467021e-01 6.018370e+00 3.996697e+00 -5.318348e-01 -1.246654e-01 -6.394315e+00 3.686430e+00
-4.961711e+00 4.791714e+00 2.962921e+00 1.011738e+01 3.931802e+00 3.118607e+00 3.096133e+00 1.320699e+00 1.155589e+00 4.957217e+00 -2.720139e-01 1.318708e+00
-6.094619e+00 5.597978e+00 2.888423e+00 7.892283e+00 6.617692e+00 7.200790e-01 2.347719e+00 4.817577e+00 3.447923e+00 2.278643e+00 -3.668933e+00 3.848780e-01
-5.269732e+00 6.252925e+00 5.982013e+00 5.297451e+00 2.680493e+00 -2.617970e+00 1.387274e-01 3.035312e-01 -9.439732e-02 4.887202e-01 -7.966444e-01 2.046776e+00
-6.209577e+00 4.507979e+00 4.813306e-01 7.567654e+00 3.977146e+00 1.125288e+00 -4.572074e-01 1.399358e+00 -7.913596e-01 2.090721e+00 2.234747e-01 2.633008e+00
-6.332991e+00 3.177101e+00 -1.208655e+00 7.700686e+00 3.179489e+00 4.473540e-01 9.224886e-01 3.177337e+00 -1.455100e+00 8.039331e-01 -5.214923e+00 3.674398e+00
-7.093524e+00 2.935257e+00 4.512442e+00 6.935737e+00 -1.276903e-01 -1.319469e+00 4.639087e-01 3.273026e+00 -5.149776e+00 -1.930691e+00 -6.242644e+00 -8.356440e-01
-6.267402e+00 5.584492e+00 4.180045e+00 6.906260e+00 1.342714e+00 6.297536e-01 4.406201e+00 3.488551e+00 4.157945e+00 6.860476e+00 -3.163916e+00 -7.319412e-01
-5.713188e+00 4.902614e+00 1.325908e+00 6.087684e+00 4.479208e+00 5.328328e-01 2.175005e+00 4.094076e+00 -6.610344e-01 3.272088e-01 -3.006189e+00 2.835585e+00
-6.858490e+00 2.108455e+00 -2.847620e+00 5.656212e+00 3.148524e+00 -2.963126e+00 4.632018e-01 5.945428e+00 3.528733e+00 2.184674e+00 -1.146255e+00 2.593302e+00
-7.475274e+00 4.099720e+00 3.072111e+00 9.586541e+00 4.818730e+00 -8.231279e-01 1.410253e+00 6.375885e+00 2.354787e+00 4.000170e+00 9.602535e-01 3.071279e+00
-5.363953e+00 5.939425e+00 2.474058e+00 1.085790e+01 2.981918e+00 2.164450e-01 5.248155e+00 3.999420e+00 -2.019096e+00 3.039048e+00 -4.235089e-01 3.643457e+00
-5.872323e+00 4.354710e+00 2.285388e+00 1.093719e+01 6.469791e+00 -2.056416e+00 3.121109e-01 8.690241e+00 -2.347702e+00 -3.767181e+00 -5.039447e+00 1.441386e+00
-2.597967e+00 8.740231e+00 6.978499e+00 9.153026e+00 8.573286e+00 1.593874e+00 3.695607e+00 3.254416e+00 -6.642057e-01 -3.212748e+00 -4.166452e+00 4.751632e+00
