-1.329618e+00 -1.285437e+00 -3.610978e-01 -2.820964e+00 -1.657999e+00 -2.034767e+00 1.434579e-01 -8.479600e-02 -2.018725e+00 1.876266e+00 1.440106e-01 1.632989e-01
-7.174456e-01 -3.024665e+00 -5.632772e-02 -3.805782e+00 -9.335438e-01 -4.505656e-01 8.114535e-01 1.277339e+00 -1.891729e+00 2.427885e-01 -8.799886e-01 -9.241456e-01
-1.094973e+00 4.768555e-01 -8.166037e-01 -7.777053e-01 -1.301667e+00 -2.244001e+00 1.281880e+00 1.503761e-01 -1.135631e+00 6.524190e-01 -1.025623e-01 1.102171e+00
-1.854662e+00 -1.166894e+00 -4.430219e+00 3.109184e+00 3.492835e+00 1.429286e+00 -2.473799e+00 4.625606e-03 3.902420e+00 -7.953969e-01 -2.584972e+00 1.416552e+00
-5.230032e-01 -2.508466e+00 6.773220e-01 -2.375535e+00 -5.771815e-01 2.657687e-01 -6.858329e-02 1.174785e+00 -1.317284e+00 -1.297747e+00 -5.114516e-01 -3.061875e-01
-1.175423e+00 -1.007795e+00 -3.360070e+00 1.289555e+00 2.140901e+00 1.249452e-01 -1.865244e+00 -2.970094e-01 2.609791e+00 -9.680302e-01 -1.922872e+00 4.484188e-01
1.512954e+00 -1.480474e+00 1.510490e-01 -3.994958e-01 -2.400687e+00 -1.203737e-01 -2.505910e+00 2.255612e+00 -1.620389e-01 1.843924e-01 3.227631e+00 8.282279e-01
2.596393e-02 -2.747607e+00 1.110360e+00 1.851785e-01 -6.160685e-01 -4.228230e-01 -5.615700e-01 1.030000e+00 3.709340e-02 1.214604e+00 2.244130e+00 1.590158e+00
3.814027e+00 6.168174e-01 9.467163e-01 -3.712046e-01 -2.333057e+00 4.463358e-02 -4.103498e+00 1.650138e+00 -1.655595e+00 -2.226908e+00 1.040462e+00 -3.024317e+00
-8.156439e-01 -8.295668e-01 -1.876966e+00 1.811459e+00 1.977675e+00 1.445362e+00 -2.962431e-01 -6.813836e-02 9.627951e-01 3.098358e-01 -1.634839e+00 7.066490e-01
-2.488272e-01 2.336680e+00 -1.657933e-01 2.844931e+00 -1.083843e+00 -1.016580e+00 3.143386e+00 6.772110e-01 1.873691e-01 1.548228e-01 1.143759e+00 2.654611e+00
-2.787056e-02 -2.044691e+00 1.674527e+00 -2.256122e-01 -1.603182e-01 -7.185583e-01 -4.302384e-01 3.145082e-01 2.439971e-01 9.346910e-01 1.181062e+00 1.355140e+00
1.433650e-01 -1.439542e+00 9.199654e-01 -3.068762e-01 3.641363e-01 -8.664324e-01 -5.723866e-01 3.875400e-01 1.600471e-01 5.339387e-01 8.368417e-01 7.289759e-01
3.182806e+00 2.826972e+00 4.112628e-01 4.663839e-01 -1.278993e+00 -8.049378e-01 -7.802764e-01 5.937741e-02 -1.081852e+00 -1.816056e+00 -1.976983e+00 -1.183627e+00
1.956868e+00 1.554457e+00 -6.036080e-01 2.888001e-01 -7.837428e-01 -3.037121e-01 -1.465137e+00 -1.014775e+00 -1.289233e+00 -7.431031e-01 -2.255682e+00 -6.879119e-01
2.203612e+00 1.606992e+00 1.164817e+00 1.721828e+00 3.961161e-01 1.649993e-01 5.787598e-01 5.804204e-01 -7.166367e-01 -1.072169e+00 -1.398194e+00 -1.963625e+00
-2.826921e-01 -1.676192e-01 -1.002486e+00 -6.002568e-01 -1.324228e+00 9.519074e-02 -7.161615e-01 -7.666216e-01 -1.259911e+00 -2.080360e+00 2.524594e-01 -4.172163e-02
2.202288e-01 -4.649632e-01 -1.496675e+00 6.496690e-01 5.213746e-01 -6.613470e-01 -8.882868e-01 -5.207969e-01 -1.762535e+00 -6.796516e-01 -7.765042e-01 -1.151288e+00
-1.404573e-01 7.455096e-01 7.605169e-01 7.711033e-01 -1.397729e+00 -2.565490e+00 -5.398022e-01 3.126406e-01 4.034230e-01 -1.637857e-01 -5.735841e-02 1.918750e-01
-1.822231e-01 2.280021e-01 1.153490e-01 8.197959e-01 3.352867e-01 -2.100507e-01 1.418732e+00 9.915106e-01 -1.739216e+00 -4.485599e-01 3.827705e-02 3.338212e-01
4.559864e+00 1.066675e+00 1.614617e+00 -9.865158e-01 -2.456564e+00 -3.070401e-01 -5.175840e+00 2.855645e-01 -1.757913e+00 -3.262441e+00 -1.146440e+00 -5.335541e+00
1.385803e-01 4.386646e-01 7.369158e-01 9.799001e-01 2.266219e-01 -2.347858e-01 -5.040321e-01 -2.085806e-01 9.815460e-01 -7.185050e-01 -3.171906e-01 5.718236e-01
-1.590473e-01 -3.374224e-02 -8.527734e-01 -2.178800e-01 3.385269e-02 5.830001e-01 8.105434e-01 -1.942995e+00 -1.224487e-02 1.892089e+00 1.620800e+00 1.358195e+00
4.237987e-01 5.200655e-01 -4.493097e-01 -3.557547e-01 -7.457086e-01 -9.350782e-03 2.790211e-01 6.842209e-01 3.802337e-01 -4.279395e-01 -8.259546e-01 -4.688585e-01
-3.005362e-01 2.464349e-01 -2.195884e-01 -6.160638e-01 6.945288e-01 -1.137961e+00 1.785019e-01 -2.164636e-01 -2.319885e-01 -1.085768e+00 -1.422086e+00 -3.031991e-01
-2.661009e-01 -2.009201e-01 -1.925044e-01 -3.101575e-01 6.589325e-01 4.763621e-01 -1.562182e+00 -1.165935e+00 -1.069808e+00 -1.261679e+00 -3.009585e-01 6.946041e-01
-1.080585e+00 -2.806902e+00 -1.343868e-01 -5.045186e-01 -6.285183e-01 4.973408e-01 2.722776e+00 4.490144e+00 -6.566969e-01 -1.895800e+00 1.685495e+00 -2.454498e-01
-1.102562e-01 -2.646797e-02 -1.983891e-01 1.359139e+00 9.604738e-01 -2.962445e-01 1.476367e+00 -5.473050e-01 -8.459316e-01 -1.053559e+00 -5.238561e-01 6.494294e-01
-2.342245e-01 -8.546784e-02 -4.676765e-01 -4.694545e-01 9.404717e-02 1.007176e+00 -4.836430e-01 -3.704606e-01 7.322178e-01 1.429839e+00 1.424542e-01 -1.288303e+00
-2.158802e-01 -5.498539e-01 -1.060615e+00 4.902419e-01 3.684872e-01 -1.105806e+00 -2.252552e+00 -1.062411e+00 -2.007514e+00 -1.434552e+00 -1.239494e+00 -1.060710e+00
2.913105e-01 -1.025664e+00 4.487964e-01 1.323939e-01 5.400305e-01 -1.455625e+00 -2.473783e-01 5.717405e-01 -1.494860e-01 2.132684e-01 7.535095e-01 4.706158e-01
-1.882313e+00 -4.664405e+00 -1.121338e+00 1.189927e+00 -1.520753e-01 5.173067e-01 3.620766e+00 3.574030e+00 5.739642e-01 -1.072707e+00 -1.617079e-02 5.060378e-01
-4.416154e-01 4.394692e-01 1.552773e-01 -3.102712e-01 6.904787e-01 3.414725e-01 1.599445e-01 -6.527436e-01 4.279060e-01 8.712196e-01 -1.920669e-01 -5.796923e-02
8.263798e-02 -3.176320e-01 4.832027e-02 1.026382e+00 -2.548552e-01 1.921520e-01 -3.944359e-01 1.644201e+00 5.073929e-01 -5.809150e-02 1.831302e-01 -8.489680e-01
4.884272e-02 -2.855424e-01 3.140391e-02 1.218308e+00 1.992773e-01 3.590376e-01 8.089137e-01 7.719070e-01 -5.436383e-01 -1.170437e+00 -8.606780e-02 -3.357919e-01
-2.178528e-01 -2.984144e-01 -1.000343e+00 -1.085074e+00 -8.630702e-01 2.061766e-02 8.330816e-01 -1.011860e+00 4.378026e-01 1.724455e+00 1.647182e+00 -9.054005e-02
7.098396e-01 4.783693e-01 -4.789609e-01 5.334880e-01 1.236615e+00 1.434055e+00 4.563088e-01 -8.794816e-01 -3.043814e-01 4.868036e-01 -5.666060e-01 -8.164190e-01
1.520016e-01 8.012865e-01 7.592937e-01 -3.786554e-01 5.431115e-01 -6.450791e-01 7.275898e-01 1.209171e+00 3.486660e-01 -1.103070e+00 -2.318850e-01 -8.903251e-02
1.986906e-01 5.049077e-01 4.951542e-01 5.783259e-01 2.559137e-02 3.489757e-01 2.366168e-02 1.262924e+00 1.752244e+00 -1.469985e-01 7.064119e-01 1.031647e+00
1.644077e-01 1.380641e-01 5.384082e-01 1.405478e-01 -2.319997e-01 1.761035e-01 -2.653020e-01 6.088167e-01 2.887410e-01 -8.105516e-04 -8.548514e-02 2.641459e-01
-1.412798e-01 -6.725709e-01 -7.799325e-01 -1.373456e-01 3.370000e-01 8.275738e-02 -1.205310e+00 -1.819759e+00 -1.385579e+00 1.411900e-02 -1.821945e+00 1.407642e-01
-4.653486e-01 -4.656952e-01 -7.796941e-01 -5.959604e-01 -1.564806e+00 -1.491620e-01 -4.641551e-01 -4.139591e-01 -2.633234e-01 2.210669e-01 2.679586e-01 -6.051797e-01
2.857613e-01 -8.045628e-02 6.686448e-01 1.218464e+00 -1.410343e+00 -2.214013e-01 7.845147e-02 1.220745e+00 1.623984e+00 9.376975e-01 -1.081733e+00 2.215210e-01
-4.711113e-02 -1.915962e-01 -5.404172e-02 6.600720e-01 2.894093e-01 -1.862151e-01 -1.347724e+00 -3.185213e-01 -6.876472e-01 -7.399616e-01 2.405313e-01 4.181956e-01
-2.535154e-01 -2.089972e-01 1.917518e-01 1.368456e-02 6.338776e-01 -4.442886e-01 -1.348704e+00 -1.560527e+00 -2.139556e+00 -7.707192e-01 1.498265e+00 -6.602655e-02
-4.158745e-01 -4.309891e-01 -1.362786e+00 -1.433692e+00 -1.231117e+00 -7.922732e-01 -8.344016e-02 -1.829303e+00 -1.679764e+00 -7.038139e-01 -4.456263e-01 4.185271e-02
-2.513477e-01 1.277169e-01 -6.458197e-02 1.744712e-01 1.059476e+00 7.511432e-01 5.165638e-01 -1.789396e+00 -1.009811e+00 -3.325228e-01 5.739778e-01 1.546468e+00
-5.487646e-01 -3.936404e-02 8.152499e-01 1.039508e+00 -5.033995e-01 -1.190437e+00 -8.851978e-01 -9.003466e-01 1.297079e-01 9.321418e-01 4.756536e-02 -3.224588e-01
-5.796583e-01 -5.706686e-01 -5.712844e-01 -1.459157e-01 -9.276729e-01 -7.822042e-02 -4.357165e-01 2.416883e-01 -1.286163e+00 -2.232262e+00 8.111002e-01 -1.584066e-02
-6.935402e-01 1.071075e+00 2.066167e+00 1.076690e+00 -1.151595e+00 2.396993e-01 2.503552e-01 6.318286e-01 -2.064462e+00 -3.647066e-01 1.862715e+00 2.406789e+00
1.831709e-01 6.254332e-01 1.299336e+00 3.957317e-01 -4.698076e-02 -1.525635e-01 1.374388e+00 5.753121e-01 -7.502079e-03 2.510813e-01 1.010956e+00 7.638693e-01
-2.860199e-01 -4.273278e-01 6.648190e-02 -1.082703e-01 1.213828e-01 -7.001628e-01 -3.925346e-01 -6.423535e-02 -5.954221e-01 -2.732887e-02 1.645489e+00 7.425682e-01
4.302178e-02 1.169381e-01 6.019769e-01 -2.728414e-01 -4.377962e-01 4.109857e-01 6.355273e-01 3.345617e-01 -8.009634e-02 2.504185e-01 1.195312e+00 7.457648e-02
2.240408e-01 2.802411e-01 8.283297e-01 1.268457e+00 8.892167e-01 -8.574354e-01 3.844286e-01 8.834789e-01 -5.878856e-01 -4.142880e-01 1.138772e+00 1.484522e+00
-6.422424e-02 -2.759546e-01 -4.928689e-01 -5.060581e-01 8.541217e-01 -4.370312e-01 -1.000415e+00 -2.577505e-01 -1.179688e-01 7.799150e-01 -6.711857e-01 -8.261774e-01
-3.703225e-01 -5.610247e-01 -2.189374e-01 -1.070393e+00 4.148878e-01 1.428877e-01 -1.714836e+00 -2.366384e-01 1.579430e+00 1.597960e+00 7.133563e-01 -9.259940e-01
1.713106e-01 -8.870934e-02 -1.775764e-01 -2.574197e-01 5.079324e-01 1.334793e+00 6.857872e-04 -2.397451e-01 1.659784e-01 -3.304702e-01 7.807733e-01 1.352170e+00
-9.367676e-02 3.634540e-01 6.426524e-01 -3.432165e-01 -9.151272e-01 -9.587158e-02 -7.761873e-01 3.515662e-01 1.750767e+00 -1.840737e-01 7.071180e-01 1.408564e+00
1.652717e-01 -2.990846e-01 8.913342e-01 3.623621e-01 1.178401e-01 -1.690650e-01 1.476272e+00 1.043032e+00 -1.397755e+00 -9.584422e-01 4.065530e-02 -8.188152e-01
-1.501539e-01 7.878442e-01 5.548881e-01 -4.920354e-01 -2.027676e-01 5.924152e-01 -1.360093e-01 -5.694327e-01 1.482420e+00 1.689932e+00 9.586252e-01 2.960300e-02
-5.714602e-01 9.442083e-01 2.049238e+00 1.753037e+00 4.638421e-01 -2.794306e-02 2.384503e-01 1.148960e+00 5.101396e-01 2.608225e+00 2.873813e+00 1.630345e+00
-5.322858e-01 -2.575242e-01 3.478658e-01 5.968533e-01 5.068922e-01 1.747290e-01 6.952584e-01 9.850236e-01 -4.973603e-01 5.574622e-01 7.979746e-01 1.988482e-01
-3.268701e-01 2.886392e-01 -3.689301e-01 -5.742249e-01 1.349624e+00 4.923396e-01 -1.672928e-02 -1.464226e+00 -8.809687e-01 -4.644046e-01 -3.423738e-01 -3.621459e-02
9.891977e-02 6.155059e-02 -2.225512e-01 4.313063e-01 3.551986e-01 8.111286e-02 1.251670e+00 -1.305871e+00 -1.181657e+00 -5.827087e-01 3.021511e-01 1.367957e+00
1.516645e-01 -3.817756e-02 6.940671e-01 1.903508e+00 -9.985668e-01 -5.336494e-01 4.453319e-01 3.221102e-01 4.543914e-01 2.486507e-01 3.744159e-02 -2.487508e-01
3.127136e-01 9.540511e-01 4.063458e-01 2.218363e-01 9.798054e-02 -3.045973e-01 4.374765e-01 8.545442e-01 -1.595299e+00 -7.339570e-01 1.187640e-01 -5.768339e-01
-1.774940e-01 -1.630100e-01 -1.537074e-01 4.535203e-01 -6.679909e-01 -1.127596e+00 -6.198646e-01 -1.797899e-01 1.501229e+00 -8.821473e-02 -4.740819e-01 -1.937346e-01
5.396290e-02 5.641762e-01 4.663674e-01 -1.299113e-01 -9.971937e-01 -9.300388e-01 -4.680494e-01 -7.120709e-02 4.751830e-01 1.166240e+00 2.694272e-01 -8.928375e-02
-7.592086e-02 3.346989e-02 6.488562e-01 7.718986e-01 -1.356711e+00 8.391929e-03 6.405639e-01 6.237361e-01 9.335879e-01 2.930509e-01 9.403089e-01 2.216779e-01
2.619843e-01 4.585267e-01 2.593618e-02 7.387377e-01 5.779455e-01 6.620139e-01 -6.335393e-01 -1.877216e-01 4.231730e-01 -6.203137e-02 -1.358904e+00 -1.833100e+00
6.927691e-01 4.420802e-01 6.331699e-02 1.023313e-01 1.206807e+00 2.095330e+00 2.141541e+00 8.303555e-01 5.945461e-01 6.995953e-01 -3.539990e-01 1.715603e-01
3.891748e-01 -1.465841e-01 4.578163e-01 3.808522e-01 -7.965862e-01 1.060922e-01 -1.252687e+00 1.331178e+00 1.167769e+00 1.004273e+00 4.113230e-01 -6.804410e-01
-1.492840e-01 -2.876595e-01 -1.125657e+00 -3.345084e-01 4.690734e-01 -5.704234e-01 1.499885e-01 -6.879546e-01 -1.855819e+00 -3.899428e-01 1.124310e+00 7.480361e-01
-2.484239e-01 3.021829e-01 6.635464e-01 -2.774109e-01 3.696966e-01 1.699293e+00 1.996334e+00 1.173126e+00 -6.789027e-01 1.334945e-01 -9.979858e-02 -8.499001e-01
3.376929e-01 2.909659e-01 -7.393618e-02 -1.583779e-01 4.240734e-01 1.514627e+00 1.836508e+00 -7.245804e-01 -6.364780e-01 -4.512343e-01 -3.998648e-01 -1.312674e+00
5.145264e-01 -9.583483e-02 -6.660710e-02 6.833501e-02 -8.256227e-01 -5.703570e-01 -7.715467e-01 1.491156e+00 1.506999e+00 1.088028e+00 -2.658075e-01 5.322517e-01
1.920290e-01 1.987462e-01 8.159388e-01 9.155401e-01 6.420231e-01 6.198880e-01 1.882643e-01 1.617928e+00 1.541053e+00 2.716527e-01 -2.184397e-01 -7.686941e-01
-9.613037e-02 -5.222217e-01 1.022456e-01 -1.535647e-01 -2.391186e-01 -2.433494e-01 -7.628470e-01 6.749767e-01 -2.177715e-01 -1.815461e+00 -1.252944e+00 -8.478659e-01
-3.873203e-01 -4.227550e-01 4.210339e-01 1.041595e-01 1.952569e-01 -4.552295e-01 -2.263206e-01 3.523228e-01 5.460535e-01 4.393914e-01 -3.651913e-01 -7.752384e-01
8.922806e-02 9.750669e-02 7.512648e-01 -3.862692e-01 3.341258e-01 -6.335902e-02 -7.344859e-01 -1.505386e+00 -6.735654e-01 1.217039e-01 7.816686e-02 1.149384e+00
1.997655e-01 3.609853e-01 4.989300e-01 5.406745e-01 -3.536494e-01 -1.283295e+00 4.348140e-01 6.891478e-01 -1.546524e-01 -1.626794e+00 6.704679e-01 1.204788e+00
-7.046051e-02 -1.680893e-01 -2.883204e-01 -4.617375e-01 -5.114374e-01 -5.706781e-01 6.869184e-01 2.919608e-01 1.339520e+00 1.284565e-01 2.263928e-01 -1.016973e+00
3.277472e-01 -4.285876e-01 -1.031471e-01 -8.568834e-01 -1.180485e-01 7.942672e-01 9.354912e-01 8.912107e-01 1.298644e+00 4.171913e-01 -1.781504e-01 1.646999e-01
3.424971e-01 4.861634e-02 5.913949e-02 4.847778e-01 -4.061851e-01 -3.949057e-01 -1.066893e-01 -1.654444e-02 2.804682e-01 -3.882528e-01 -1.104495e+00 -9.304237e-01
6.955441e-01 6.948484e-01 5.302706e-01 -1.640249e-01 2.270358e-01 4.763969e-01 6.482937e-01 2.033322e+00 1.682325e+00 8.125368e-01 -8.360157e-01 -5.049742e-01
3.065171e-01 -2.742296e-01 -2.410459e-01 1.831057e-01 3.052161e-02 1.231401e+00 9.394884e-03 4.302821e-01 -4.095519e-01 -3.631781e-01 4.569139e-01 3.974417e-01
-5.371971e-01 -2.195065e-01 -3.966537e-01 5.487397e-02 7.833852e-01 4.730293e-01 -1.033806e+00 -8.737556e-01 1.117141e+00 7.493246e-01 1.030800e+00 6.263870e-01
-8.867281e-01 -6.101704e-01 1.231379e-01 -7.363400e-01 -7.133506e-01 -4.225216e-01 -6.177180e-01 2.923660e-01 1.747415e+00 1.277923e+00 1.604317e+00 -6.167216e-01
-6.773905e-01 -2.265007e-01 7.116203e-01 5.999732e-01 1.201590e+00 -2.830354e-02 -2.449052e-01 -9.609276e-01 -3.654079e-01 2.582610e+00 1.610067e+00 1.846992e+00
-9.040027e-01 -4.549492e-01 1.130767e-01 -7.679823e-01 -1.104850e-01 -5.671082e-01 -9.609148e-01 -7.522916e-01 1.671296e+00 2.112452e+00 4.756180e-01 4.452127e-02
-3.636079e-01 -3.475999e-01 2.664164e-01 1.181946e+00 -9.272154e-01 -2.298581e+00 -2.676702e+00 -1.534170e+00 5.350949e-01 -7.821901e-01 -2.917431e+00 -2.334546e+00
3.721946e-01 -8.000128e-02 -4.494753e-01 -1.409071e+00 -1.178618e+00 -1.131013e+00 1.183792e+00 5.413314e-01 -5.518368e-01 -1.656760e+00 -7.464772e-01 -7.330007e-01
-3.076082e-01 -2.025135e-01 1.450361e+00 -1.752841e-01 7.085941e-02 -3.355898e-01 -1.416237e+00 -3.996481e-01 6.537706e-02 3.507459e-01 -1.218218e-01 6.051108e-01
-1.503696e+00 -6.063712e-01 2.297745e-02 -5.397695e-01 6.854426e-01 1.970959e-01 -1.731822e+00 -1.166830e+00 1.052242e+00 1.197594e+00 1.704571e+00 1.786797e+00
5.346044e-01 -6.147807e-01 4.008485e-01 2.902749e-01 5.980341e-01 -1.183594e+00 -3.048639e-01 9.409625e-01 -5.474256e-01 1.426637e-02 1.651436e-01 6.671337e-01
1.417887e-01 -5.023843e-01 -4.454746e-01 -1.672893e+00 -5.135038e-01 -3.264709e-01 -3.368425e-01 -3.759631e-01 5.063506e-01 -1.151581e+00 -1.380489e+00 -1.251809e+00
-2.576365e-01 -6.917749e-02 2.503565e-01 4.354052e-01 -1.125694e-01 1.373530e+00 9.864267e-01 1.697886e+00 7.218144e-01 -1.023304e+00 7.530483e-01 8.422288e-01
-2.640425e+00 -2.444336e+00 4.342954e-01 3.590078e-01 1.372236e+00 2.840421e-02 3.510162e-01 -5.371329e-01 -4.490894e-01 -5.655747e-02 4.979563e-01 8.689270e-01
2.116786e-01 -4.551501e-01 -3.147472e-01 3.864497e-01 -3.344701e-01 4.959469e-01 -3.777435e-02 -1.081975e+00 -2.441449e+00 -1.157856e+00 -5.866964e-01 4.078080e-01
7.423880e-01 2.397502e-01 2.400125e-01 2.297907e-01 1.026427e+00 1.972633e-01 3.739542e-01 2.063231e+00 2.342437e+00 1.506059e+00 -1.227277e+00 -3.671108e-01
-1.272558e+00 1.281153e+00 1.944172e+00 5.159492e-01 -4.715267e-01 1.147813e+00 1.570381e+00 3.765960e-01 -2.105070e+00 -1.189154e+00 2.619490e+00 1.173917e+00
-2.384165e+00 -1.827566e+00 -2.088279e-01 -2.107297e-01 1.046295e+00 4.213815e-01 1.344984e-01 -1.967593e-01 8.591270e-01 7.751320e-01 1.992754e+00 2.141810e+00
-1.044707e+00 -8.465719e-01 -3.364094e-01 1.983370e-01 -1.051088e+00 -2.101475e+00 -2.346024e+00 -1.434764e+00 1.459055e+00 -5.069056e-01 -2.406894e+00 -4.899430e-02
5.557169e-01 2.160722e-01 4.400272e-01 2.878185e-01 2.485458e-01 6.484248e-02 6.527206e-01 3.684552e-01 9.001859e-01 1.687351e+00 4.947428e-01 9.713010e-01
-4.073216e-01 1.494077e-01 2.705624e-01 -2.913695e-01 -8.775536e-01 -1.307807e+00 -1.630031e+00 -1.431468e+00 -1.278241e+00 -1.549080e+00 -3.092783e+00 -1.469034e+00
-5.582236e-01 1.014085e+00 7.270953e-01 -5.093155e-01 -3.673037e-01 2.679100e-01 3.825692e-01 3.340318e-01 1.309125e-01 -9.154854e-01 -1.356733e+00 2.131234e-01
-8.238565e-01 1.018351e+00 1.435717e-01 -1.186112e+00 -4.437534e-01 6.404909e-01 1.515617e+00 -6.399588e-01 -1.337397e+00 -1.630273e+00 -1.651456e+00 1.087914e+00
-1.254488e+00 1.567946e+00 1.129279e+00 -1.129887e+00 -8.580508e-01 1.018674e+00 1.477502e+00 -1.144646e+00 -1.210830e+00 -1.898105e+00 -1.718709e-01 1.372029e+00
9.361830e-01 -1.378381e-01 1.831789e-01 2.905014e-01 1.001374e+00 -6.915561e-01 -6.922754e-01 8.158037e-01 -5.914879e-01 -2.006616e-01 -6.224853e-01 9.491255e-01
-4.215426e-01 8.879255e-01 -6.103982e-01 -1.894748e+00 -4.916186e-01 5.284160e-01 2.553677e+00 3.538699e+00 1.215630e+00 -2.847924e-01 8.652580e-01 -1.418203e+00
2.914160e-01 -3.260930e-01 6.959828e-01 2.408404e+00 -1.642237e+00 -1.358872e+00 1.674459e+00 -3.176589e-01 8.688137e-01 1.211555e-02 1.472247e+00 1.751484e+00
-1.540153e+00 -3.728644e-01 -1.562976e+00 -1.442176e+00 -1.532980e+00 -9.813821e-01 7.658496e-01 5.942218e-01 2.891738e+00 6.893010e-01 -2.296879e+00 8.806750e-01
-1.725502e+00 -3.944435e+00 -2.358384e+00 3.273835e+00 1.841236e+00 9.379392e-01 3.788397e+00 8.536549e-01 2.470648e+00 6.780916e-01 -1.185839e+00 1.779920e+00
1.123955e+00 6.058270e-01 -4.585256e-02 3.891807e-01 1.542794e+00 4.164534e-02 -1.044461e+00 4.260351e-01 2.558163e-01 -3.112178e-01 -1.017923e+00 1.642182e-01
4.227954e+00 7.828652e-01 2.499458e+00 3.624713e-01 -2.734185e+00 -9.321157e-01 -3.567838e+00 -1.952672e+00 -1.195289e+00 -2.333709e+00 -2.155303e+00 -5.423900e+00
4.389458e-01 8.724958e-02 1.039327e+00 -1.360906e+00 -3.790003e-01 5.378071e-01 6.821734e-01 -3.864689e-02 -1.247350e+00 -1.649063e-01 8.172951e-01 7.239301e-01
-1.904592e-01 2.058918e+00 -7.920236e-01 -1.765894e+00 2.156235e+00 2.449958e+00 9.831047e-03 -2.019208e+00 -2.407820e-01 6.766850e-01 1.634527e+00 -6.470728e-01
-6.064421e-01 1.395549e+00 4.321252e-01 -1.336694e+00 4.499127e-01 2.001327e+00 1.343739e+00 -1.390287e+00 -8.155934e-01 6.209506e-01 1.266833e+00 3.390233e-01
2.072267e+00 -1.187856e+00 2.307753e+00 1.923665e+00 -1.249080e+00 -7.128327e-01 -1.159740e-01 -1.915963e+00 -5.399609e-03 -1.609907e+00 -1.937514e+00 -3.472488e+00
4.725181e-01 2.896146e+00 -2.028655e+00 -7.581619e-01 3.528395e+00 1.944542e+00 -8.037369e-01 -2.633156e+00 1.650524e-01 1.656231e+00 9.284983e-01 -1.285018e+00
-6.397220e-01 9.115028e-01 -3.698561e-01 5.716603e-01 5.103757e-01 1.071402e+00 1.856727e+00 -1.508424e+00 9.064844e-01 4.778974e-01 -2.380951e-01 6.804485e-01
1.102413e+00 1.369879e+00 -8.298475e-01 1.097832e+00 1.960907e+00 3.369429e-01 -1.574122e+00 -1.606192e-01 5.901320e-01 4.297299e-01 -1.687839e+00 -7.036859e-01
-9.540610e-01 -1.441168e+00 -1.546319e+00 2.966690e+00 1.665579e+00 1.490179e+00 3.336285e+00 -2.242732e+00 1.059987e+00 4.376968e-01 -6.082664e-01 1.533446e+00
1.064114e+00 2.865961e+00 -2.594999e+00 4.647104e-01 3.801394e+00 1.334867e+00 -1.156742e+00 -2.599647e+00 8.849378e-02 2.344476e+00 -1.705080e-01 -1.531649e+00
-5.663997e-01 2.150195e+00 -1.828993e+00 -2.792441e+00 6.761176e-01 1.962793e+00 3.521482e+00 1.248284e+00 1.027047e+00 -5.508757e-03 5.103441e-01 3.598445e-01
1.204720e+00 2.696271e+00 -2.207130e+00 1.403364e+00 3.130026e+00 6.055111e-01 -1.293826e+00 -1.705647e+00 3.814028e-01 2.065231e+00 -1.209711e+00 -1.656609e+00
1.115146e+00 2.152491e+00 -1.547453e+00 1.688534e+00 2.335928e+00 5.394427e-01 -1.491677e+00 -9.911531e-01 4.447508e-01 1.725348e+00 -1.910032e+00 -1.280648e+00
-1.157326e+00 9.799049e-01 -2.539489e+00 -1.975372e+00 1.956011e-01 1.548998e+00 2.842610e+00 1.935231e+00 4.328504e+00 1.320447e+00 -4.816092e-01 1.909231e+00
1.388147e+00 1.259411e+00 3.033010e+00 -2.990926e+00 -3.185239e+00 -7.019600e-01 1.690184e+00 5.917800e-01 -3.286979e+00 -4.225898e-02 1.057617e-01 -1.778622e+00
1.767254e+00 1.256038e+00 3.897195e+00 -4.325107e+00 -3.357399e+00 -7.799929e-01 2.466584e+00 8.210517e-01 -3.077253e+00 -3.613124e-02 1.344913e+00 -1.846466e+00
