-3.218407e+00 -4.188775e-01 -2.364090e+00 -2.180513e+00 -2.337667e+00 -3.121059e-01 5.488733e-01 -1.916131e+00 3.584972e-01 -5.972125e-01 2.755857e+00 1.622144e+00
-1.631870e+00 -1.836257e+00 -2.610096e+00 -1.287877e+00 -3.525972e+00 2.025350e-01 1.702338e+00 -2.494066e+00 6.555820e-02 -4.974602e-01 2.944447e+00 1.967813e+00
-1.444343e+00 4.492396e-01 -1.882384e+00 -8.348562e-01 -4.468416e-01 7.127551e-01 -1.441299e+00 -1.206287e+00 1.381716e+00 -6.294595e-02 2.132061e+00 1.426260e+00
3.845532e+00 -2.397618e+00 -2.522441e+00 -2.975091e+00 -5.912435e+00 -2.110854e+00 2.793855e+00 -3.924060e-01 -4.814524e+00 -1.015711e+00 -1.413098e+00 -9.528675e-01
-1.675756e+00 1.092143e-01 -6.652583e-01 7.656035e-01 -1.137441e+00 -7.500939e-02 4.602261e-01 3.689433e-01 -4.101773e-01 1.678040e+00 1.073001e+00 1.109474e+00
2.318041e+00 -3.744565e+00 1.571897e+00 -2.097591e+00 -1.496567e+00 -3.184374e-01 -1.472691e+00 3.941433e+00 7.376202e-01 -1.109855e-01 -3.592683e-01 -1.778822e+00
3.493425e+00 -2.699258e+00 -2.032835e+00 -2.636636e+00 -3.769589e+00 -1.751235e+00 1.590879e+00 -1.947070e-01 -3.204422e+00 -4.590881e-02 -1.425013e+00 -5.791319e-01
-1.827928e+00 1.062304e+00 3.330867e-01 -1.997617e-01 1.918077e+00 -1.996242e+00 -1.082041e+00 -1.501842e-01 1.983744e+00 -6.047493e-01 -9.289120e-01 -1.166463e+00
-8.670505e-01 -5.008676e-02 -9.125700e-01 1.489923e-01 -2.294953e+00 -1.724060e+00 -1.065557e+00 -2.330298e-01 -4.197464e-02 4.568879e-01 -4.317464e-01 -9.451731e-01
-2.958826e-01 1.268115e+00 -1.249998e+00 1.678155e+00 2.604586e+00 1.787654e+00 8.745793e-01 1.208806e+00 1.043205e+00 -2.910614e-03 -1.312769e-01 5.080430e-01
-5.418501e-01 -2.850852e+00 1.587982e+00 -1.999301e+00 1.334980e-01 2.141281e+00 4.412672e-01 2.876356e+00 -2.611025e-01 7.954623e-01 -2.631515e-01 -2.130970e-01
5.034028e+00 -3.599710e+00 2.500641e+00 -1.271548e+00 -2.758723e+00 -2.504404e+00 -4.911283e+00 9.801706e-01 -5.709227e-01 -2.546996e+00 -1.236884e+00 -3.918564e+00
1.433455e+00 -1.163807e+00 -1.693464e+00 3.296825e-01 -2.633060e+00 -4.121933e-02 1.841895e+00 -2.220646e-01 -5.039525e-02 -1.126267e+00 9.971873e-01 5.953183e-01
1.533825e+00 1.076398e-01 -7.851717e-01 1.338733e+00 -2.971917e-01 -1.139725e+00 2.066902e-01 -2.038758e-01 1.096205e+00 -1.105778e+00 -1.580691e+00 -1.589556e+00
1.063570e+00 -1.712954e-01 -1.476998e+00 -9.637413e-01 -3.500032e+00 -1.377780e+00 1.366301e+00 -4.646555e-01 -2.461012e+00 -4.835735e-01 -4.971984e-01 1.089723e-01
-8.182578e-02 -7.235864e-01 8.310982e-01 -8.122078e-01 -2.275538e+00 3.795797e-01 -1.098389e+00 2.177981e+00 -2.061380e-01 -6.740103e-01 -3.250790e-02 1.121209e+00
-6.140504e-01 -1.517675e+00 6.780149e-01 -1.682875e+00 7.192236e-01 2.013660e+00 1.836556e+00 1.385859e+00 -1.232774e+00 1.188298e-01 -8.956715e-01 2.577591e-03
1.474387e+00 1.121164e+00 4.732265e-01 8.305963e-01 3.107222e-01 -3.097002e+00 -2.132419e+00 -3.643645e-01 1.994120e+00 -3.757848e-01 -1.811751e+00 -2.688068e+00
-1.461197e-01 -1.725509e+00 2.884730e-01 -1.047577e+00 5.661467e-01 1.498503e+00 2.061148e+00 1.031280e+00 -9.110295e-01 -1.016762e+00 -9.161099e-02 -3.995638e-01
1.696252e-01 -2.435882e-01 3.855403e-01 -8.957499e-01 -1.634418e+00 -1.561298e-01 -8.049582e-01 2.447458e+00 -7.538329e-02 -3.590602e-01 -5.340902e-01 1.168687e+00
-2.784054e-01 5.654423e-01 6.417030e-01 -1.784517e-01 -6.180171e-01 -1.225809e-01 5.234818e-01 -1.905213e-01 -1.788554e+00 -8.714120e-02 -4.101481e-01 -1.705105e-01
-1.462357e-01 -4.475369e-01 7.237979e-01 -3.301812e-01 -1.646346e+00 4.541370e-01 -6.106512e-01 1.352321e+00 -2.800069e-01 -1.848035e+00 5.635570e-01 8.159712e-01
1.199599e-01 -1.529016e+00 2.631821e-01 -7.086782e-01 6.230774e-01 4.138336e-01 1.718596e+00 1.095392e+00 -9.869779e-01 -9.069312e-01 -4.982687e-01 -1.096942e-01
2.246429e-01 1.423783e+00 -3.240204e-03 2.935899e+00 2.840902e+00 2.153622e+00 2.180542e+00 2.556356e+00 2.561544e-01 -2.061256e-01 -8.922410e-01 8.970754e-01
6.005758e+00 -2.942705e+00 3.029861e+00 -4.281232e-01 -3.629000e+00 -2.990626e+00 -4.822600e+00 -1.429413e-01 -1.100925e+00 -4.102437e+00 -2.320875e+00 -5.114005e+00
-6.367795e-01 -2.247200e-01 5.037446e-02 7.838025e-02 4.448557e-03 -1.093809e-01 8.177822e-01 -3.632218e-01 1.388557e+00 2.783324e-01 -1.646863e-01 1.154738e+00
-5.037575e-01 -4.092377e-01 -8.691633e-03 -4.068720e-03 -8.511430e-01 4.730132e-01 3.515642e-01 -3.370825e-01 -1.108869e+00 3.208086e-01 -5.138427e-01 -1.351951e+00
1.638494e-01 -1.379578e-01 1.258995e-01 6.332762e-01 -5.983629e-01 -1.242521e+00 -1.295413e+00 -3.909068e-01 1.045639e+00 3.326454e-01 6.292589e-01 -5.680361e-01
-3.947945e-02 -2.574829e-01 -8.604873e-01 8.588910e-03 5.074097e-01 1.212268e+00 -1.178974e+00 -1.062578e+00 -2.216737e+00 1.262724e-01 1.860871e+00 8.934913e-01
-3.730085e-01 -2.273114e-02 2.691285e-01 -2.790664e-01 -5.188406e-01 -4.703823e-01 5.188386e-01 -2.634422e-01 2.441158e+00 1.200955e+00 1.774702e+00 1.411469e+00
-2.135660e-01 3.361804e-01 1.565201e+00 7.301339e-01 1.256561e-02 -4.632530e-02 1.462513e+00 4.455878e-01 8.435290e-01 -6.924848e-02 3.035019e-01 2.007541e-01
3.248148e-01 7.938013e-02 -3.599513e-01 -3.971423e-01 4.157619e-01 5.912794e-01 -6.632601e-01 -1.171416e+00 -7.953317e-01 -1.728277e+00 -2.248701e+00 -9.170986e-01
-4.436284e+00 1.348478e+00 9.126919e-01 8.815719e-01 4.602422e+00 5.849253e-01 -2.823368e+00 -1.316389e+00 2.328436e+00 9.376427e-01 1.360574e+00 -1.745580e-01
1.579111e-01 -7.408342e-01 1.664156e-01 -2.463182e-01 6.286689e-01 -2.101863e-01 7.430708e-01 1.220485e+00 -4.154227e-01 -6.955027e-01 -8.287805e-01 1.812326e-01
2.157909e-01 -7.521012e-02 -5.434724e-01 7.120104e-02 -2.153358e-01 -3.622453e-01 -4.685078e-01 9.762806e-01 4.218119e-01 -1.574338e+00 -2.038414e+00 -1.604488e+00
-2.923092e-01 -4.247855e-01 -4.052549e-01 -2.840801e-01 -1.171450e+00 -6.769176e-01 1.679589e+00 1.043881e+00 1.188493e+00 -8.968350e-01 -8.422796e-01 1.460448e+00
-5.897608e-02 -9.212136e-03 1.486276e-01 -2.640762e-02 -6.479272e-01 -3.279983e-01 2.392675e-01 -1.086416e+00 1.837465e+00 7.459891e-01 6.720163e-01 6.102777e-01
6.537028e-02 -3.251804e-01 -1.346592e+00 -5.360599e-01 1.100527e+00 1.785793e+00 -2.182335e-01 -9.860051e-01 -9.593891e-01 -1.768590e-01 -2.895950e-01 -1.279264e-01
-2.267284e-01 -1.631799e-02 -4.800193e-01 6.619848e-01 3.492514e-01 8.790927e-01 1.310712e+00 -1.770348e-01 -2.580150e-01 2.732734e-01 -1.198604e-01 1.191598e-01
-3.118504e-01 -5.678419e-01 -3.689982e-01 -2.648641e-01 -2.925735e-01 1.535592e+00 8.275805e-02 2.337313e-03 -7.686254e-01 9.790694e-01 -6.740294e-01 -9.593976e-01
-5.244646e-01 -6.256276e-01 -8.893249e-02 -8.486077e-01 -1.573207e+00 -1.287496e+00 -3.940392e-01 1.444041e+00 -5.547504e-02 1.017308e+00 1.458295e+00 8.511701e-01
6.531219e-02 3.779328e-01 4.976174e-01 6.226270e-01 1.185592e+00 -3.620468e-01 5.736629e-01 4.535765e-01 1.221644e+00 1.204025e+00 -3.432214e-01 -1.070173e+00
5.102883e-02 -2.160209e-01 -4.795995e-01 1.932224e-01 5.258309e-01 1.039503e+00 -4.168955e-01 -1.814929e-01 -1.191557e+00 1.377028e-01 1.478340e+00 2.254749e-01
1.282616e-01 2.371943e-01 4.304054e-01 -5.577353e-01 -3.085239e-01 -6.752375e-01 5.838245e-01 8.539220e-01 7.264560e-01 -7.718136e-01 -9.919844e-02 7.532102e-01
3.855686e-02 5.203294e-01 1.842936e-01 1.739957e-01 5.173500e-01 8.850395e-02 1.020542e+00 1.201253e+00 6.411433e-01 5.497997e-01 -1.197406e+00 -1.268034e+00
1.336487e+00 -2.376428e-01 -6.041446e-01 -9.424549e-02 -1.901499e-01 -6.775044e-01 2.393917e-01 -2.566147e-01 -2.779148e-01 -9.719237e-02 5.240957e-01 3.748140e-01
-4.098164e-01 -5.959148e-01 -1.349931e+00 -6.181924e-01 7.952185e-01 5.641635e-01 2.221324e-01 1.062867e+00 5.657343e-02 -5.508485e-02 -8.011362e-01 3.087308e-01
5.696179e-01 1.756778e+00 6.528956e-01 7.824124e-01 -3.313285e-01 -5.322788e-01 -3.616166e-01 -1.850600e+00 5.414765e-01 3.343169e-01 -1.197363e+00 -8.974621e-01
1.328749e-01 8.700044e-01 1.233797e+00 5.202738e-01 7.392225e-01 -8.259559e-01 5.110435e-01 6.289197e-01 1.803395e+00 1.030477e+00 4.924006e-01 2.776382e-01
-1.020582e-01 3.101857e-01 -1.243086e-01 3.919421e-01 8.178548e-01 9.688309e-01 -4.748820e-01 -1.746787e+00 -3.057251e-01 -1.321059e+00 -1.340229e+00 -9.770213e-01
-3.155441e-02 -7.152138e-01 -1.876255e+00 -3.478015e-01 6.917479e-01 9.493625e-01 -1.727438e-01 2.924900e-01 -5.095858e-01 -2.580723e-01 -2.236639e+00 -4.518342e-01
1.002150e-01 6.538252e-01 1.464885e-01 8.756851e-02 9.396250e-01 1.843405e+00 9.563804e-02 -1.405389e+00 -3.357173e-01 -1.084074e+00 -3.892335e-01 7.593800e-01
3.318599e-01 2.226222e-01 7.109008e-02 -2.669269e-01 1.122697e+00 1.552646e+00 -8.817806e-02 -1.302791e+00 -6.290876e-01 -1.296097e+00 -4.647273e-01 -1.246082e+00
-3.188324e-03 -4.233037e-01 -2.649108e-01 2.366505e-01 1.756890e-01 -1.738172e-01 -1.283417e+00 -6.581570e-01 -8.846090e-01 -1.689217e-02 2.346993e-01 -1.100208e+00
-1.971254e-02 4.483094e-01 4.144487e-01 6.639385e-01 -1.438176e-01 -1.371419e+00 4.243591e-01 -2.261605e-02 8.798081e-01 5.183330e-01 -5.549533e-01 1.129262e-02
-1.932096e-01 -6.022450e-01 -2.676051e-01 -4.916670e-01 -1.099001e+00 -8.212425e-01 -2.034502e-02 2.500475e+00 1.845295e+00 4.322639e-01 -1.734019e-01 -6.694041e-01
3.503063e-01 4.452721e-01 -3.002390e-01 -4.850154e-01 -5.395659e-01 -5.464631e-01 -1.085738e+00 4.578486e-01 3.551339e-01 -1.274841e-01 -4.399539e-01 -2.772112e-02
-8.296883e-01 -7.396463e-01 -9.879009e-01 -3.596296e-02 -3.942525e-01 -7.812883e-01 -3.257432e-01 9.695905e-01 4.528128e-01 2.083930e-01 -2.073466e-01 8.786322e-01
5.943023e-01 2.085671e+00 1.701160e+00 7.973580e-01 -2.187526e-01 7.241571e-02 -8.683058e-01 -2.395649e+00 -1.605576e+00 -2.651081e-01 3.420385e-01 -4.753197e-01
-6.657375e-01 -1.411776e+00 -6.968778e-01 -6.391729e-01 -3.922785e-01 -5.048633e-03 1.216162e+00 1.152105e+00 -1.447257e-01 1.504617e+00 1.266936e+00 8.571264e-01
3.494883e-01 -4.324902e-02 -7.930935e-01 -9.164736e-01 -9.910628e-01 -1.541119e-02 -1.041184e+00 4.380228e-01 -2.678970e-01 -7.600574e-01 -4.979016e-01 -5.353598e-01
1.556644e-02 -8.573286e-01 -9.991636e-01 -1.564743e-01 1.224359e-01 1.391303e+00 -1.167551e-01 5.445864e-02 -9.342703e-01 -6.152075e-01 -8.897812e-01 -5.883676e-01
1.281185e-02 -2.238796e-01 4.557625e-01 -6.213894e-02 -1.007076e-01 6.125324e-01 9.549482e-01 1.652616e+00 2.455771e-01 1.650780e-01 1.941761e+00 5.892192e-01
1.549354e-01 3.299554e-01 5.951234e-01 -2.216733e-01 8.600704e-01 1.012509e+00 7.933582e-01 -4.450715e-01 -1.696310e+00 -1.272155e+00 5.415517e-01 1.305197e+00
2.032690e-02 -9.849515e-02 7.040363e-01 -5.434588e-01 8.528426e-01 8.572868e-01 1.415218e+00 -7.510713e-01 -1.004486e+00 -7.990663e-02 1.610468e-01 -7.249931e-01
2.205696e-01 -2.880454e-01 -3.663402e-01 -6.331289e-02 -2.112067e-01 -1.891172e-01 -1.751694e+00 -3.404882e-01 -1.271260e+00 -7.968720e-01 6.657339e-01 -8.472117e-01
3.724760e-01 4.014818e-01 6.151911e-01 2.100417e+00 1.354580e+00 1.764452e+00 2.192980e+00 1.709862e+00 4.576848e-01 1.710698e+00 4.215600e-01 1.669843e+00
-7.834069e-01 -4.687504e-01 -1.039634e+00 -9.666806e-01 3.395907e-01 8.258333e-01 -2.892179e-01 2.947807e-03 6.053654e-01 -1.306917e-01 -5.644284e-01 -7.472525e-02
3.600328e-01 -3.420214e-01 3.116095e-01 -8.040033e-02 3.689272e-01 -3.740640e-01 -4.117492e-01 1.215734e+00 -2.751967e-01 3.455895e-01 -8.688396e-01 2.820415e-01
1.234948e-01 2.035197e+00 2.102635e+00 1.027623e+00 1.812374e+00 1.731988e+00 4.672533e-01 -5.334097e-01 -6.852914e-01 1.254917e-01 5.246068e-01 -1.075303e+00
-2.829251e-01 -5.806381e-01 -5.645025e-01 -6.417614e-01 3.512476e-01 1.435274e+00 -6.866569e-01 -1.821404e-01 -9.727559e-02 -6.187045e-01 3.213429e-01 -4.893107e-02
-2.359001e+00 1.933304e+00 7.987748e-01 1.165707e+00 1.260325e+00 1.273939e+00 -8.596522e-01 2.971187e-01 1.019682e+00 5.822701e-01 7.918614e-01 3.969390e-01
-1.321177e-01 2.251868e+00 2.305446e+00 5.852137e-02 1.973004e+00 7.837094e-01 -3.026690e-01 1.847637e-01 -4.019675e-01 8.814475e-01 1.972836e+00 1.633374e-01
-1.179872e-01 4.997617e-01 2.203958e-01 2.005384e-01 -2.949351e-01 1.065639e-01 4.778416e-01 4.206666e-01 -9.692116e-01 -2.921644e+00 1.197216e+00 4.998591e-02
-4.680277e-01 2.949655e-01 -1.110864e-01 -5.339341e-01 5.965856e-01 1.269822e-01 -1.431440e+00 -8.186571e-01 -2.236712e-01 1.433647e+00 8.317534e-01 1.307317e+00
9.417315e-02 1.862593e+00 2.258418e+00 5.158901e-04 2.156864e+00 3.841639e-01 -1.750946e-01 6.869431e-01 7.177900e-02 1.337778e+00 1.447481e+00 1.823784e+00
-1.138934e+00 -6.369455e-01 -4.588316e-01 -7.046526e-01 3.291551e-01 1.340490e+00 -6.914007e-01 9.753324e-01 1.570889e+00 1.508515e+00 -3.241494e-02 5.994406e-01
2.586157e-01 1.097970e+00 -5.629969e-01 9.845662e-03 -2.707289e-01 -1.931713e-01 8.937373e-02 1.677781e+00 -1.419665e-01 -1.760871e-01 -8.356352e-01 8.276362e-01
3.063475e-01 1.496342e+00 9.698796e-01 -2.050190e-01 1.152814e+00 7.326760e-01 -6.569070e-01 -5.311299e-01 -1.949863e-01 1.378755e+00 1.015776e+00 1.256336e+00
7.471507e-01 -2.745461e-01 3.809265e-01 -3.546715e-04 5.808274e-01 -6.327175e-01 -1.847308e+00 1.016326e+00 2.152524e-01 1.661606e+00 -6.574191e-01 3.169207e-01
1.580389e-01 -4.700034e-01 2.369698e-01 4.687021e-01 1.721101e+00 1.002282e+00 -5.933205e-02 7.587467e-01 2.245844e-01 1.521739e+00 9.653822e-01 2.736416e-01
5.946563e-01 -7.393616e-01 1.500652e+00 4.669238e-01 -5.357035e-01 1.023692e+00 2.255736e+00 2.336941e+00 1.631426e-01 2.150046e+00 8.780475e-01 5.188501e-01
-1.645179e+00 -1.054759e+00 -1.851608e+00 -2.072615e+00 -1.414155e+00 4.960074e-01 -6.130843e-01 -1.433983e-01 2.196800e+00 1.712201e+00 1.142613e+00 1.231182e+00
-2.264263e-01 2.013743e+00 -1.203937e-01 2.106471e+00 1.093675e+00 -2.213793e+00 2.029688e+00 4.043589e-01 -3.831834e-01 1.011475e+00 -6.017562e-01 -1.375596e+00
-1.994229e-01 1.839805e+00 -1.200822e-01 2.413130e+00 5.592800e-01 -5.600501e-01 2.011275e+00 -1.230343e+00 2.172332e+00 -2.210017e-01 -3.149334e-01 -1.661383e-01
-2.731243e-01 1.582522e+00 5.096340e-02 1.021845e+00 8.901307e-01 -1.251512e+00 1.583884e+00 7.768550e-01 -3.672540e+00 -1.288659e+00 1.387214e+00 -1.740564e+00
-3.840431e-01 1.939493e+00 -2.759863e-01 2.041804e+00 1.345974e+00 -2.031201e+00 2.043855e+00 5.532080e-01 -3.595127e+00 1.510792e+00 9.924666e-01 -1.837774e+00
4.658919e+00 -1.379449e+00 2.661918e+00 -1.386458e+00 -3.022987e+00 -2.207436e+00 -2.983468e+00 -2.110440e+00 -2.325202e+00 -2.207868e+00 -1.873873e+00 -3.601020e+00
1.064262e+00 -2.916500e-01 8.854424e-01 -1.072937e-01 1.162184e+00 -9.060294e-01 -2.522996e+00 -1.579549e-01 1.198753e+00 2.026515e+00 3.299019e-02 -2.228718e-02
-8.116224e-01 1.438004e+00 -4.820094e-02 3.014831e+00 1.204115e+00 -1.058740e-01 1.164715e+00 -2.055329e+00 3.211239e+00 -2.567829e-01 -1.791651e-01 -8.007779e-02
-4.431871e-01 1.919962e+00 -8.875303e-02 1.717128e+00 1.387615e+00 -1.847050e+00 2.055068e+00 9.086460e-01 -4.715676e+00 5.347960e-01 1.486617e+00 -2.134040e+00
-1.760309e+00 -1.118369e+00 -2.691763e+00 -2.498830e+00 -1.231801e+00 8.611328e-01 1.010407e+00 -1.602014e-01 9.669445e-01 -5.505886e-02 -1.040566e+00 1.721174e+00
1.530462e+00 -1.056436e+00 2.725423e+00 -4.429756e-01 -1.896115e+00 3.397687e-01 -1.197954e+00 -1.352133e+00 -1.675888e+00 -3.449068e-02 7.517362e-02 -2.396056e-02
-1.600562e+00 4.763713e-01 -8.226690e-01 2.359696e+00 2.136350e+00 1.415749e+00 1.417512e+00 -1.936350e+00 1.875601e+00 -1.177009e+00 -1.465493e+00 -3.977744e-01
-1.838892e+00 -6.795254e-01 -2.518325e+00 5.393459e-01 1.382833e+00 1.669323e+00 1.285242e+00 -2.268200e+00 4.312436e-01 -1.788485e+00 -7.335880e-01 3.226399e-01
-1.582145e+00 -6.584805e-01 -2.916760e+00 -1.560934e+00 -1.396636e-01 1.469745e+00 1.340278e+00 -1.056193e+00 7.034382e-01 -1.701424e+00 -1.366279e+00 5.913080e-01
1.241097e+00 -6.353097e-01 5.371250e-01 -6.050228e-01 5.430866e-01 -1.130136e+00 1.804670e-01 5.628839e-01 1.539263e+00 -3.616553e-01 6.710829e-01 8.383046e-01
1.187880e-01 2.363107e+00 -8.976356e-01 1.558013e+00 1.212248e+00 8.661077e-02 7.585446e-01 -4.392552e-01 4.270949e-02 -4.024301e-01 -1.145096e+00 1.455677e+00
9.253685e-01 2.736866e-01 1.259402e+00 6.692621e-01 2.009715e+00 -6.953232e-01 -2.693973e+00 -1.382606e+00 1.204095e+00 2.185694e+00 -6.068258e-02 5.285014e-01
1.591633e+00 -5.481672e-01 5.110559e-01 -9.220909e-01 9.345121e-01 -1.848766e-01 6.356239e-03 -4.186535e-02 4.284773e-02 -7.671537e-02 5.736836e-01 -2.086921e-01
-3.910950e+00 2.906019e+00 1.578879e+00 3.083632e+00 5.003277e+00 3.055784e+00 -2.782900e+00 -2.958924e-01 3.767890e+00 9.953064e-01 2.499020e+00 7.435554e-01
1.351969e-01 2.610484e+00 -3.500538e-01 2.465661e+00 1.859710e+00 4.702159e-01 -1.682158e-01 -1.831718e+00 4.944538e-01 -4.412520e-03 -6.654724e-01 1.525040e+00
4.456005e-01 1.551173e+00 7.946853e-01 1.836531e+00 2.115775e+00 2.554430e-01 -1.772032e+00 -2.136107e+00 1.030244e+00 1.030584e+00 5.805373e-02 8.636677e-01
