1.092600e+01 -8.579453e+00 2.788072e+00 -1.933316e+01 -3.091586e+00 5.441213e-02 2.079468e+00 8.096573e-01 1.420835e+00 -7.863683e+00 1.205925e+01 1.061807e+01
1.205521e+01 -7.658899e+00 -1.597410e+00 -1.516672e+01 -7.545659e+00 3.248860e+00 9.742248e-01 -3.941763e-01 1.969556e+00 -5.889671e+00 1.058153e+01 1.221958e+01
1.009779e+01 -5.783875e+00 1.464996e+00 -1.648675e+01 -6.366458e+00 -3.398274e-01 5.428918e+00 -3.485531e+00 4.579729e+00 -8.557533e+00 1.215178e+01 9.313344e+00
1.058257e+01 -5.585890e+00 3.389524e+00 -1.772581e+01 -6.303491e+00 -1.251601e+00 5.876894e+00 -3.325465e+00 3.068210e+00 -8.320919e+00 9.214208e+00 1.029090e+01
1.243734e+01 -6.549249e+00 -4.010791e+00 -1.409041e+01 -7.084036e+00 -9.072100e-01 5.667299e+00 -5.533707e+00 7.311990e+00 -1.003232e+01 1.372227e+01 1.009850e+01
1.017575e+01 -4.091461e+00 3.402882e+00 -1.789121e+01 -7.619081e+00 -1.259016e+00 6.171072e+00 -3.795987e+00 3.417912e+00 -9.646536e+00 1.051715e+01 8.384723e+00
1.058585e+01 -3.160073e+00 2.830542e+00 -1.733442e+01 -9.686912e+00 -1.224410e+00 6.902595e+00 -4.355643e+00 4.435370e+00 -9.938031e+00 1.072561e+01 8.006574e+00
1.346633e+01 -5.388433e+00 -7.015663e+00 -1.398082e+01 -3.512578e+00 -3.381171e+00 2.552474e+00 1.268441e+00 -3.290755e-02 -6.919471e+00 1.574241e+01 7.116019e+00
1.361540e+01 -4.438919e-01 2.648998e+00 -1.742734e+01 -1.637207e+01 -9.334903e-01 6.419283e+00 -3.146695e+00 3.202526e+00 -9.985835e+00 6.889629e+00 3.448655e+00
1.613832e+01 2.086674e+00 -6.218507e-01 -1.560449e+01 -1.371336e+01 -8.961937e+00 1.212530e+01 -7.107664e+00 2.876868e+00 -7.100012e+00 3.171226e+00 3.120591e+00
1.539448e+01 1.348034e+00 6.503476e-01 -1.623761e+01 -1.404236e+01 -7.574429e+00 1.268424e+01 -1.010497e+01 5.013450e+00 -7.584060e+00 5.079718e+00 1.666525e+00
1.325950e+01 -1.618666e+00 2.925020e+00 -1.744418e+01 -1.585406e+01 1.108023e+00 4.421163e+00 -6.023192e-01 1.915289e+00 -8.922226e+00 6.140433e+00 5.653019e+00
1.140926e+01 -3.251065e+00 3.694402e+00 -1.794492e+01 -1.070317e+01 -1.438915e+00 5.642912e+00 -1.332382e+00 3.238822e+00 -9.719469e+00 1.042065e+01 7.379550e+00
1.414163e+01 6.746730e-01 1.947201e+00 -1.681787e+01 -1.534956e+01 -4.674209e+00 8.990520e+00 -7.455208e+00 5.833955e+00 -9.372912e+00 5.633803e+00 4.682188e+00
1.287449e+01 -3.126673e+00 4.262425e+00 -1.790732e+01 -1.364065e+01 9.610977e-01 3.276715e+00 1.434852e+00 5.393820e-01 -8.153490e+00 8.749068e+00 6.203968e+00
1.650067e+01 4.387851e+00 -1.348696e+00 -1.617970e+01 -1.332208e+01 -7.148890e+00 8.460743e+00 -3.438562e+00 7.675570e-01 -6.539865e+00 3.455080e+00 1.972063e+00
1.681211e+01 5.968324e+00 -8.383628e-01 -1.765631e+01 -1.036844e+01 -8.303058e+00 4.383674e+00 3.676422e-01 6.491662e-01 -7.237199e+00 5.001375e+00 -1.672089e+00
1.768619e+01 6.323112e+00 1.736972e+00 -1.804343e+01 -1.298758e+01 -1.481564e+00 -2.152853e+00 1.247871e+00 3.696887e+00 -7.533594e+00 3.094527e+00 -3.757322e-01
1.371941e+01 -4.281727e-01 -6.442435e+00 -1.474745e+01 -5.965295e+00 -2.550033e+00 6.162739e+00 -5.332665e+00 2.530348e+00 -5.287366e+00 1.141446e+01 8.452455e+00
1.675556e+01 9.314960e+00 2.047286e+00 -1.992755e+01 -1.498691e+01 3.607236e+00 -2.569884e+00 -3.963701e+00 8.934163e+00 -6.212986e+00 -2.146445e+00 9.321344e-01
1.216992e+01 -1.115798e+00 -8.663965e+00 -1.207745e+01 7.475986e-01 -3.854144e+00 -1.201377e+00 4.334080e+00 4.613975e+00 -1.119484e+01 1.385985e+01 1.286577e+01
1.720421e+01 9.788813e+00 4.048339e+00 -1.364828e+01 -1.929600e+01 -7.972444e+00 8.971584e+00 -1.356969e+00 5.880727e-01 -3.100826e+00 -2.680998e-01 -1.929930e+00
1.769430e+01 1.016849e+01 2.405141e+00 -5.346049e+00 -1.794253e+01 -8.847097e+00 5.560899e-01 -2.395830e+00 5.571646e+00 4.829426e-01 -4.199340e+00 -4.414627e+00
1.690384e+01 1.099800e+01 -1.618755e+00 -3.076124e-02 -1.057328e+01 -7.194343e+00 8.450632e+00 -2.547171e+00 3.670916e+00 -3.330098e+00 -1.985302e+00 -3.097753e+00
1.570416e+01 8.660387e+00 3.262385e-01 2.071936e+00 -1.111806e+01 1.735174e+00 9.282555e+00 5.524746e+00 -3.703721e+00 -2.023792e-01 -1.597422e+00 -7.796029e+00
1.123166e+01 4.137737e+00 -3.423114e+00 -9.275850e+00 2.968278e+00 -2.428565e+00 -5.875958e+00 5.958625e+00 -3.489713e-01 -7.359592e+00 1.070360e+01 4.058980e+00
-1.892733e+00 -1.431078e+01 -7.337869e+00 2.943308e+00 1.283316e+00 -2.170643e+00 2.656853e+00 -1.674100e+00 -6.040541e+00 -3.481538e+00 -1.565479e+00 2.979922e+00
-2.428505e+00 -1.476401e+01 -7.859342e+00 2.426100e+00 3.203285e-01 -3.086899e+00 2.007207e+00 -2.231178e+00 -4.360480e+00 -2.524814e+00 -2.330420e+00 2.095356e+00
1.290314e+01 6.809494e+00 4.055730e+00 3.452578e+00 -3.898949e+00 1.038201e-01 5.243545e+00 5.133452e+00 -5.892522e+00 5.174904e+00 -1.391141e+00 -1.116849e+01
7.814161e+00 6.440820e+00 1.276712e+01 8.409036e+00 3.830144e+00 -3.486688e+00 -2.814645e+00 3.193889e+00 -3.118392e-01 9.617085e+00 -2.924704e+00 -8.994390e+00
-8.265038e-01 -5.558365e+00 -1.059021e+01 -7.802520e+00 6.142839e+00 2.605528e+00 -1.700165e+01 -2.640633e+00 -1.394713e+01 9.459131e-01 3.394686e+00 -4.762505e+00
5.348903e+00 3.215606e+00 1.122343e+01 8.127514e+00 5.617959e+00 4.468159e+00 3.601758e+00 1.045391e+00 -3.535835e+00 5.004315e+00 5.367837e-01 -9.881978e-02
2.922617e+00 2.492229e+00 -4.509359e+00 -4.504668e+00 -2.067224e+00 2.025008e+00 2.409527e-01 -2.737513e+00 -6.676544e+00 -3.455104e+00 6.232987e+00 -6.947275e-01
-4.613564e+00 -4.116115e+00 -6.533897e+00 -6.897322e+00 -9.731768e+00 5.122501e-01 1.001572e+01 -4.087712e+00 -8.367098e-01 6.726233e+00 9.950566e+00 7.945309e-01
1.743218e+00 -9.835827e-02 2.352371e+00 4.824524e+00 7.432010e+00 9.381021e+00 6.596527e-01 -5.030976e-01 -4.240880e+00 1.030428e+01 -1.679392e+00 -7.320568e+00
2.343028e+00 1.671774e+00 4.937423e+00 7.575119e+00 6.259386e+00 4.287029e+00 1.210840e-01 -1.195697e+00 -5.456542e+00 2.944554e+00 -9.352306e+00 -4.034873e+00
1.756547e+00 4.049677e+00 6.149243e+00 1.234746e+01 8.031059e+00 7.650117e+00 -1.396509e+00 -2.789850e+00 1.632043e+00 4.972707e+00 -8.071466e+00 -9.502258e+00
-8.005297e+00 -9.191137e+00 -2.292414e+00 6.521317e+00 3.404152e+00 2.090462e+00 -7.297077e+00 -4.824814e+00 -3.437136e+00 4.559683e+00 2.304295e+00 -5.976655e+00
-7.461069e+00 -6.154166e+00 -9.635728e-01 6.491385e+00 5.515048e+00 4.216002e+00 -7.188398e+00 -8.238027e+00 -3.540305e+00 6.656935e+00 1.380027e+00 -1.638235e+00
-3.240356e-01 1.499357e+00 4.608921e+00 1.244310e+01 8.101260e+00 7.924006e+00 1.528903e+00 -2.402340e-01 -3.601190e+00 6.529109e-01 -7.029943e+00 -8.221045e+00
-2.585220e+00 2.411667e+00 5.872192e+00 1.066667e+01 5.277404e+00 3.248412e+00 2.950794e+00 4.475846e+00 -4.095525e-01 2.309518e+00 -7.157615e+00 -3.286500e+00
-3.425629e+00 1.765197e+00 -3.798526e+00 4.441672e+00 7.141289e+00 8.797064e-01 -9.662706e+00 -5.884389e+00 -1.324487e+01 5.628440e-01 -2.276272e+00 6.108199e-01
-2.739960e+00 1.139150e+00 -6.541782e+00 -4.430667e+00 2.017381e+00 1.607897e+00 2.924408e+00 5.316168e+00 2.798634e-01 2.977491e+00 7.557299e+00 -4.650058e-01
-1.283572e+00 3.277268e+00 1.713359e+00 8.145905e+00 1.417647e+00 -1.605419e+00 -5.725822e+00 4.348842e+00 2.863349e-01 -1.447036e-01 -6.816797e+00 -6.699707e+00
-2.988070e+00 3.030783e+00 2.661698e+00 7.257894e+00 1.233789e+00 -2.675594e-01 -1.638353e+00 1.067543e+00 -2.889569e+00 -2.457327e+00 -1.096304e+01 -6.844293e+00
-1.286428e+00 4.451913e+00 6.384747e-01 3.849203e+00 3.080359e-01 -1.048226e+00 -6.270530e+00 -3.426640e+00 4.959036e-01 -2.793725e+00 -1.091652e+01 -4.070237e+00
-3.582875e+00 2.582306e+00 2.939007e+00 6.695983e+00 1.020161e+00 -2.214337e+00 -8.252514e+00 -3.404495e-01 -4.057959e+00 -7.060694e+00 -7.702079e+00 -3.519679e+00
-6.593407e+00 3.955377e-01 1.307837e+00 6.691578e+00 5.637507e+00 -1.588295e+00 -4.419482e+00 -6.842520e+00 -7.801307e+00 -4.882775e+00 -1.242982e+01 -6.931220e+00
-6.627390e+00 1.190049e+00 3.533441e+00 8.933750e+00 3.939526e+00 -3.105188e+00 -1.218842e+01 -4.477849e+00 -1.120169e+01 -7.109805e+00 -6.984026e+00 -2.601200e+00
-1.007865e+01 -3.729468e+00 -3.028929e+00 3.803030e+00 1.650089e+00 2.148864e+00 3.690127e+00 8.853086e+00 5.660384e+00 7.947123e+00 1.441505e+00 -5.541245e-01
-3.671710e+00 2.506605e+00 3.003216e-01 6.547918e+00 3.225006e+00 1.130577e+00 -6.656003e+00 -3.601892e+00 -3.064693e+00 4.822359e-01 -6.856267e+00 -3.408777e+00
-4.208627e+00 2.607366e+00 1.307542e+00 5.412618e+00 -5.929003e-01 -1.280832e+00 -5.776187e+00 -3.120834e-01 -2.683690e+00 -4.612106e+00 -8.654535e+00 -6.622958e+00
-7.532572e+00 2.152513e-01 -1.919120e+00 4.850743e+00 4.441647e+00 1.596590e-01 -4.808990e+00 1.269449e+00 -2.813861e+00 -1.138077e+00 -7.818775e+00 -1.950317e+00
-4.437664e+00 3.461833e+00 1.546352e+00 4.526749e+00 3.131364e+00 -1.669176e+00 -5.985480e+00 -5.764332e+00 -7.331866e+00 -1.643537e+00 -9.984574e+00 -6.707055e+00
-7.974125e+00 -1.616900e+00 -4.877221e-01 8.763381e+00 9.597602e+00 5.627958e+00 4.252434e-03 2.310153e+00 1.093351e+00 4.489380e+00 3.023466e+00 8.489894e-01
-5.964206e+00 3.305421e+00 1.558438e+00 7.882439e+00 4.995847e+00 -3.202562e+00 -3.544813e+00 1.110275e+00 4.879558e-01 2.091293e+00 -3.239995e+00 -2.283209e+00
-6.377762e+00 -1.691495e+00 -2.331977e+00 -7.775400e-01 1.395780e+00 -2.300737e-01 1.660102e+00 4.683729e+00 -2.660958e-01 5.771714e+00 6.071737e-01 1.228370e+00
-5.217396e+00 -3.779984e-01 -3.272451e+00 -3.979690e-01 -2.195704e+00 5.644481e-01 1.458048e+00 3.130314e+00 -2.941989e+00 2.867293e-01 -1.535151e+00 1.106712e-01
-5.816886e+00 3.196813e+00 3.376569e+00 9.979397e+00 6.744069e+00 -5.434594e-01 -4.684110e+00 -3.317039e+00 -2.211973e+00 3.324003e+00 -6.552259e+00 -3.659103e+00
-7.437693e+00 7.910770e-01 -5.811505e-01 8.911866e+00 7.335477e+00 3.073047e+00 2.127077e+00 5.359802e+00 6.650659e+00 7.319949e+00 1.170183e+00 1.205935e+00
-7.001274e+00 -1.674794e+00 -2.838743e+00 3.208599e+00 1.886816e+00 2.224499e+00 3.988805e+00 5.835551e+00 6.274798e+00 8.524301e+00 4.028462e+00 2.297556e+00
-5.638061e+00 5.773903e-01 -1.969039e+00 7.311908e+00 3.969380e+00 3.063271e+00 2.020319e+00 2.939152e-01 -3.178077e+00 -1.094682e-01 -3.601832e+00 -3.467985e+00
-6.997448e+00 -4.042170e-01 -1.916564e+00 1.526419e+00 3.010642e+00 7.422338e-01 -1.258820e+00 4.460241e+00 -1.459926e+00 2.234634e+00 5.486610e-01 1.614620e+00
-8.896938e+00 2.677917e-02 1.373004e+00 4.499952e+00 6.992438e-01 1.793607e+00 -1.027564e+00 2.974459e+00 5.455817e+00 5.967270e+00 4.154186e-01 -3.128311e-01
-8.128233e+00 -1.422982e+00 1.581935e+00 4.250251e+00 5.257177e+00 8.067379e-01 1.567304e+00 3.542515e+00 2.160258e+00 3.483111e+00 2.080925e-01 1.035204e+00
-4.278930e+00 1.485607e+00 7.278377e-01 6.370697e+00 1.535870e+00 -7.714841e-01 2.321887e-02 -2.667564e+00 -2.739481e+00 -3.442378e-01 -1.160740e+01 -5.560899e+00
-8.395515e+00 -1.926501e+00 -1.054156e+00 6.167910e+00 2.423186e+00 -7.922477e-01 -3.436776e+00 6.310567e+00 5.987004e+00 4.462723e+00 -4.418400e+00 -8.787012e-01
-6.316086e+00 1.389010e+00 5.352164e+00 1.022964e+01 4.873281e+00 2.047677e+00 -7.266493e+00 -4.108825e+00 -3.223426e+00 -1.436069e+00 -7.191793e+00 -6.367292e+00
-6.332443e+00 2.138062e+00 2.990745e+00 9.383401e+00 9.299857e+00 3.709308e+00 -4.977296e+00 -3.276046e+00 -1.833271e+00 3.543780e+00 -2.774777e+00 7.633587e-01
-9.251278e+00 -2.143006e+00 -2.978931e-01 7.252372e+00 5.171473e+00 2.432193e+00 -5.384002e-01 4.344988e+00 9.465454e-01 2.835893e+00 -3.100737e+00 2.174496e+00
-8.440321e+00 -1.329501e+00 -2.113028e+00 4.403461e+00 3.245923e+00 -5.134115e-01 -2.747892e+00 4.999035e+00 5.655711e+00 1.113381e+01 1.398448e+00 -1.031768e+00
-7.231216e+00 3.569952e-01 -4.365845e+00 3.029880e+00 4.951711e+00 9.721639e-01 2.003929e+00 6.445460e+00 5.714004e+00 6.775055e+00 -2.111508e+00 -2.818205e+00
-8.428780e+00 -1.485296e+00 1.636423e+00 8.367121e+00 6.416819e+00 5.428405e+00 -3.215786e+00 -1.236866e+00 5.073081e+00 5.881814e+00 -1.480248e-01 2.534856e+00
-8.489204e+00 -6.148721e-01 -3.105262e-01 6.640009e+00 6.726362e+00 -1.456103e+00 -2.466403e+00 5.454375e+00 5.359684e+00 4.968743e+00 -1.230889e+00 9.919468e-01
-7.385307e+00 1.128287e+00 -1.577862e+00 4.209823e+00 4.419658e+00 -8.136344e-02 7.965641e-01 6.357262e+00 4.831627e+00 8.887857e+00 3.621926e+00 5.336747e+00
-7.128387e+00 8.461622e-01 -5.457515e-01 9.418915e+00 5.947804e+00 2.618014e+00 1.467938e+00 2.673173e+00 2.306277e-01 4.254885e+00 1.194837e+00 -2.349952e+00
-7.646931e+00 -2.260050e+00 -1.801458e+00 3.671830e+00 2.651112e+00 5.717194e-01 -3.176162e+00 3.022546e+00 6.516688e-01 1.040456e+01 3.239480e+00 4.370845e+00
-6.920940e+00 2.259954e+00 5.237347e+00 8.753775e+00 3.085913e+00 6.347668e-01 -1.711795e+00 -1.691810e+00 -6.344058e+00 -4.863205e+00 -5.704728e+00 1.898201e+00
-8.832756e+00 -1.205580e+00 -1.113304e+00 4.570224e+00 2.440352e+00 2.369902e-01 -8.316097e-01 5.717577e+00 1.734138e+00 5.212157e+00 1.510693e+00 -1.041814e+00
-7.697725e+00 -2.705369e+00 2.047337e-01 7.473371e+00 7.727192e+00 2.955067e+00 -4.696070e+00 5.768185e+00 4.370045e+00 5.297050e+00 2.917470e+00 1.701035e+00
-4.982178e+00 4.317563e+00 2.961144e+00 4.670467e+00 1.370715e+00 1.173208e+00 -7.358458e+00 -7.432783e+00 -1.090167e+00 4.065571e-01 -2.268199e+00 -1.441435e+00
-7.909418e+00 -2.633485e+00 -5.487473e+00 1.710282e+00 -6.798425e-01 -6.621047e-01 1.685691e+00 2.484238e-02 -2.564350e-01 5.771087e+00 -2.557888e-01 3.509552e+00
-5.219102e+00 -1.327410e-01 -3.697567e+00 -3.614679e+00 1.356766e+00 -2.010945e+00 7.244048e+00 6.203463e+00 4.277772e-02 3.760933e+00 2.997571e+00 1.282363e+00
-3.862603e+00 1.854651e+00 9.732299e-01 7.739390e+00 3.365230e+00 -3.021441e+00 -5.017114e+00 -4.346254e-01 -2.318371e+00 -1.135298e+00 -6.426067e+00 -3.546269e+00
-8.752089e+00 -2.230202e+00 -4.020970e+00 -2.917337e-02 1.711659e+00 -3.543818e+00 -4.704440e+00 1.444696e+00 2.023960e+00 3.454651e+00 -1.276377e+00 3.103333e+00
-9.401304e+00 -2.885020e+00 -2.985685e+00 1.785200e+00 6.715770e-01 8.918161e-01 -1.812054e+00 3.247939e+00 1.720295e+00 4.011753e+00 -6.527917e-01 3.997591e-01
-5.977455e+00 2.401817e+00 3.610800e+00 1.034673e+01 6.646189e+00 -4.564849e-01 -6.952361e+00 -9.640629e+00 -4.518198e+00 3.439677e+00 -8.019188e+00 -1.676923e+00
-7.228506e+00 5.807507e-02 -3.264191e+00 2.617218e+00 2.889966e+00 7.577677e-01 -2.126633e+00 -1.300438e-01 -4.421821e+00 3.540545e+00 -4.820085e+00 -7.294520e-01
-7.399307e+00 -6.009803e-01 -8.257548e-01 4.093032e+00 3.432042e+00 2.774949e+00 1.116776e-01 4.455726e+00 1.745271e+00 -9.924886e-01 -6.077026e+00 2.064547e-01
-4.487062e+00 2.325247e+00 4.378268e-01 7.649034e+00 9.130248e+00 2.979329e+00 -7.768229e-01 1.723367e-02 -4.998881e+00 -4.895003e+00 -1.087606e+01 -7.103843e+00
-8.997707e+00 -2.263243e+00 -9.193459e-01 8.225829e+00 1.145099e+01 3.536011e+00 2.683397e+00 1.940891e+00 1.780411e+00 2.318139e+00 -3.789703e+00 -1.820289e+00
-8.087492e+00 -2.045071e+00 -1.265097e+00 5.731929e+00 3.666814e+00 9.587972e-01 -8.297027e-01 6.339802e+00 7.521451e-01 5.462023e+00 -4.651232e-01 -1.254884e+00
-8.408245e+00 -1.831970e+00 1.113723e-01 7.233847e+00 3.617335e+00 -1.828475e+00 -1.657820e+00 -1.259690e+00 -3.972744e+00 3.500535e+00 3.337077e+00 1.361809e+00
-6.261019e+00 -1.299625e+00 3.821146e-01 9.836606e+00 5.731278e+00 -2.218802e+00 -2.419987e+00 -4.243315e-01 -3.500095e+00 -3.133362e+00 -1.012382e+01 -5.696592e+00
-8.109072e+00 -2.254203e+00 4.422752e-01 8.242132e+00 5.770989e+00 3.518463e-01 -3.019340e+00 8.873625e-01 6.929135e+00 1.037857e+01 -3.953102e-01 4.712542e+00
-7.247253e+00 -2.509338e+00 -2.099646e+00 5.491546e+00 5.588353e+00 5.048677e+00 1.858451e+00 3.277692e+00 2.346628e+00 2.656978e+00 2.563229e+00 1.291649e+00
-7.224436e+00 -1.281409e+00 6.584740e-01 5.673429e+00 4.308665e+00 1.454556e+00 -6.853524e-01 -1.175441e+00 2.518581e+00 6.044403e+00 -2.143167e+00 1.456718e+00
