-1.646724e+01 4.448910e+00 3.214018e+00 -5.244271e+00 6.513865e+00 -6.164384e+00 1.446826e+01 1.934548e+00 -3.591288e+00 6.361881e+00 -5.418894e-01 2.980512e+00
-9.918694e+00 3.027451e+00 -4.185328e+00 -1.215054e+01 4.067033e+00 -8.703788e+00 6.824574e+00 -1.175575e+00 -1.108062e+01 6.684340e+00 8.851798e-01 6.954384e-01
-1.153431e+01 3.517307e+00 -2.691320e+00 -1.493097e+01 6.257824e+00 -6.674148e+00 2.238604e+00 -2.764602e+00 -8.034748e+00 1.401991e+00 -2.066295e-01 1.323485e+00
-1.298860e+01 3.349999e+00 5.831929e+00 -1.224429e+00 8.460210e+00 -8.419408e+00 1.770527e+01 6.690055e+00 9.448486e-01 2.504140e-01 1.113530e+00 5.987783e+00
-1.139748e+01 -1.698395e+00 3.884787e+00 -6.044533e+00 3.816271e+00 -4.239987e+00 1.849856e+01 4.140441e+00 -3.081267e+00 -1.112300e-01 -2.928648e+00 2.935374e+00
-9.529455e+00 1.015349e-01 -6.200970e+00 -1.115950e+01 5.586023e+00 -7.165192e+00 4.312632e+00 2.323444e+00 -8.106419e+00 4.293077e+00 3.026898e-01 2.572795e+00
-1.116495e+01 -4.475983e+00 4.855587e+00 2.265620e-01 3.825709e+00 -2.400746e+00 1.620347e+01 6.707391e+00 -2.525514e-02 2.273668e+00 -3.014909e+00 2.818706e+00
7.824756e+00 -6.530351e+00 3.165465e+00 4.144819e-01 -1.914849e+01 -1.186547e+01 -1.095441e+01 -2.206828e+00 3.856483e+00 -1.143814e+01 -2.233614e+00 -8.555391e+00
7.841508e+00 -7.578572e+00 3.501668e+00 -1.111764e+00 -1.859407e+01 -1.170576e+01 -1.093783e+01 -2.547483e+00 1.849926e+00 -1.116553e+01 -3.176439e+00 -1.006266e+01
8.917021e+00 -6.203869e+00 3.765813e+00 1.129570e+00 -1.948392e+01 -1.167523e+01 -1.194622e+01 -3.184347e-01 1.821676e+00 -9.694924e+00 -2.451626e+00 -6.877565e+00
8.359054e+00 -6.279815e+00 2.599977e+00 -9.902005e-01 -1.711759e+01 -1.165186e+01 -9.993080e+00 -3.906878e+00 6.857800e-01 -9.653765e+00 -4.330596e+00 -8.223660e+00
9.146341e+00 -5.781404e+00 4.384908e+00 1.216367e+00 -1.901054e+01 -9.906199e+00 -1.281984e+01 1.608157e-01 1.418422e+00 -1.035167e+01 -2.675345e-01 -8.770876e+00
8.545954e+00 -6.106437e+00 8.808836e+00 3.187325e+00 -1.836631e+01 -1.017776e+01 -1.446683e+01 2.601850e+00 -1.007671e+00 -1.177631e+01 4.249583e+00 -6.139299e+00
8.344296e+00 -5.225931e+00 6.743141e+00 2.407074e+00 -1.884158e+01 -1.099567e+01 -1.391710e+01 9.486485e-01 1.378892e+00 -1.278446e+01 3.528129e+00 -8.228989e+00
8.631664e+00 -5.867259e+00 6.811732e+00 1.470302e+00 -1.907024e+01 -9.820883e+00 -1.364089e+01 9.895597e-01 6.775454e-01 -1.135103e+01 3.019727e+00 -9.223249e+00
8.630365e+00 -5.647967e+00 5.641157e+00 1.413736e-01 -1.877800e+01 -9.310889e+00 -1.445365e+01 1.228350e+00 1.037711e+00 -1.294981e+01 3.358453e+00 -1.198798e+01
9.928339e+00 -3.582856e+00 2.317562e+00 1.531240e+00 -1.600496e+01 -1.017913e+01 -8.837173e+00 -4.153995e+00 1.355319e+00 -8.811078e+00 -2.039442e+00 -4.009251e+00
8.482154e+00 -5.875268e+00 9.883820e+00 3.731092e+00 -1.874485e+01 -9.306923e+00 -1.655282e+01 1.684251e+00 -9.362795e-01 -1.415508e+01 8.266676e+00 -7.991531e+00
8.264101e+00 -5.410914e+00 1.093885e+01 4.496040e+00 -1.869955e+01 -7.700631e+00 -1.679386e+01 1.711632e+00 -3.751497e+00 -1.347697e+01 8.986604e+00 -6.735836e+00
8.206921e+00 -5.600220e+00 1.191690e+01 5.087422e+00 -1.823401e+01 -9.052598e+00 -1.660691e+01 4.596090e-01 -4.969465e+00 -1.453307e+01 9.147457e+00 -6.663382e+00
9.468088e+00 -6.263097e+00 1.346393e+01 5.111245e+00 -1.750967e+01 -8.198481e+00 -1.775577e+01 1.177974e+00 -5.319408e+00 -1.653974e+01 1.114890e+01 -6.724823e+00
1.013113e+01 9.390998e-01 3.652333e+00 7.382164e-01 -1.471565e+01 -9.632659e+00 -1.016816e+01 -3.110702e+00 -3.904753e+00 -6.936914e+00 -1.187386e+00 -3.224509e+00
9.582850e+00 -6.708772e+00 1.496187e+01 5.247208e+00 -1.664733e+01 -7.964333e+00 -1.785714e+01 1.993996e+00 -6.961233e+00 -1.662771e+01 1.144605e+01 -5.489132e+00
9.473014e+00 -6.319909e+00 1.496712e+01 7.350643e+00 -1.680440e+01 -7.568996e+00 -1.851925e+01 3.125545e+00 -7.778680e+00 -1.687251e+01 1.119033e+01 -4.071733e+00
1.000587e+01 -5.617898e+00 1.447297e+01 7.943476e+00 -1.596135e+01 -7.711843e+00 -1.750267e+01 2.222799e+00 -7.863523e+00 -1.781871e+01 1.157989e+01 -3.770394e+00
-6.366772e+00 -4.312680e+00 2.136855e+00 -2.625314e+00 -9.225416e-02 -4.205554e+00 1.496103e+01 -3.562012e-01 -1.682667e+00 8.189201e+00 2.098134e+00 -1.479883e-01
1.032942e+01 -5.871585e+00 1.494774e+01 7.651087e+00 -1.447444e+01 -7.702363e+00 -1.859117e+01 2.519166e+00 -8.220058e+00 -1.662828e+01 8.929996e+00 -1.936888e+00
1.134986e+01 -5.783755e+00 1.437374e+01 8.137461e+00 -1.382704e+01 -8.287927e+00 -1.923072e+01 4.714204e+00 -7.706385e+00 -1.888663e+01 8.257164e+00 -2.420976e+00
-2.370170e+00 -6.498322e+00 -9.099154e+00 -1.046343e+01 4.299216e-01 -7.324018e+00 1.827954e+00 -3.258383e+00 -7.730045e+00 5.113159e-01 -4.449332e+00 -8.127930e-01
1.262154e+01 -4.971363e+00 1.330846e+01 7.751479e+00 -1.155340e+01 -9.321243e+00 -1.827917e+01 4.423082e+00 -5.976316e+00 -1.892694e+01 5.170530e+00 -4.382937e-01
4.541334e+00 4.190061e+00 4.746721e+00 -2.880952e+00 1.420865e+00 -6.423585e+00 1.060675e+01 5.981669e-01 -1.253248e+01 5.000713e+00 -2.811846e+00 -3.635075e+00
1.348641e+01 -3.517851e+00 1.179236e+01 7.290914e+00 -8.347669e+00 -9.845228e+00 -1.754608e+01 3.376842e+00 -5.364522e+00 -1.657149e+01 1.266536e+00 1.313166e+00
1.321312e+01 -1.300714e+00 1.063758e+01 8.628584e+00 -6.515206e+00 -9.090613e+00 -1.912765e+01 -3.297014e-01 -3.317718e+00 -1.472281e+01 4.451082e-01 1.059326e+00
1.380881e+01 7.914585e-01 9.073563e+00 7.580211e+00 -3.417453e+00 -7.583085e+00 -1.926994e+01 -2.176593e+00 -4.702591e+00 -1.293162e+01 1.748755e+00 -2.366239e+00
1.391595e+01 3.907633e+00 6.327022e+00 6.641807e+00 8.431358e-01 -7.048301e+00 -1.686490e+01 -4.905587e+00 -9.448216e+00 -1.030509e+01 3.818319e+00 -3.294544e+00
1.370860e+01 7.448511e+00 3.442624e+00 5.440159e+00 4.325300e+00 -2.326022e+00 -1.685945e+01 -7.565639e+00 -8.056839e+00 -9.003010e+00 -2.454472e-01 -2.847486e+00
9.661124e+00 -7.671066e+00 -3.032607e+00 -2.629323e+00 -3.713982e+00 1.109831e+01 5.650613e+00 -2.019699e-01 -3.658764e+00 3.508264e+00 5.607240e+00 -9.858923e+00
1.077220e+01 -6.138563e+00 -3.390331e+00 -2.191239e+00 -2.214977e+00 7.297086e+00 3.623251e+00 -4.230151e+00 -3.976747e+00 6.407226e+00 5.192614e+00 -1.110768e+01
1.201888e+01 3.527494e+00 -2.691034e-01 3.855840e+00 1.303226e+01 2.230398e+00 -1.758062e+01 -4.702159e+00 -5.070672e+00 -7.088380e+00 -1.573797e+00 -4.438386e+00
-7.443195e+00 4.116425e+00 -6.123949e+00 4.155788e+00 3.023086e+00 3.999789e+00 6.533589e-01 3.769141e+00 6.356706e+00 -2.115913e+00 1.316151e+00 2.497894e+00
7.810121e+00 -4.660492e+00 -7.924762e+00 6.288472e+00 1.248245e+01 4.855979e+00 3.337816e+00 1.530550e+00 1.999636e+00 7.803167e+00 2.623699e+00 -3.163300e+00
-8.195324e+00 1.933975e+00 -6.870302e+00 3.392652e+00 2.228566e+00 2.787760e+00 -3.786979e-01 -6.293682e-01 3.738710e+00 -2.507727e+00 -3.584362e+00 1.268931e+00
7.993818e+00 -1.472202e-01 -1.875616e+00 9.302050e+00 1.203626e+01 7.495052e+00 7.407183e+00 2.374490e+00 -9.954811e-01 3.374685e+00 3.784528e+00 1.706291e-01
7.472325e+00 -3.474092e+00 -6.984719e+00 7.636413e+00 1.488459e+01 8.558026e+00 5.493221e+00 3.305197e+00 1.100942e+00 3.025185e+00 1.688342e+00 1.007899e+00
8.957626e+00 -2.708342e+00 -7.878382e+00 4.188556e+00 1.064469e+01 2.688787e+00 4.434362e+00 6.501625e+00 6.288598e+00 7.002363e+00 2.659145e+00 -1.545977e+00
-1.089840e-01 6.206030e-01 2.490470e-01 3.536140e+00 9.381952e+00 8.681350e+00 7.268695e+00 1.909518e-01 5.341428e+00 3.325254e+00 3.816411e+00 -2.810427e+00
-8.357254e+00 -3.769080e+00 4.148230e+00 -7.384949e+00 -1.122339e+00 2.299989e+00 1.766213e+00 -1.699281e+00 -2.317555e+00 1.714862e+00 -1.272611e+00 4.625086e+00
3.083232e+00 -1.249010e+00 -2.319503e+00 2.385265e+00 8.706476e+00 1.034792e+01 7.950840e+00 1.839498e+00 -8.600581e-01 -1.031457e+00 2.716546e+00 5.335809e-01
-7.516279e+00 -2.139781e+00 6.113228e+00 -5.301264e+00 1.812587e+00 5.112378e+00 4.169599e+00 3.348163e+00 1.809479e+00 6.064624e+00 -5.891693e-01 4.163987e+00
1.539413e+00 -6.838623e+00 -7.482196e+00 -6.396594e+00 1.509764e+00 -2.381245e+00 3.394756e+00 -4.716568e-01 -5.379569e+00 2.323700e+00 -3.582711e+00 1.341600e+00
7.175441e+00 1.666420e-01 -2.006474e+00 1.547396e+00 5.564290e+00 6.666740e+00 8.231905e+00 6.194651e+00 -7.485727e-01 7.074178e-01 9.240301e-01 -2.248874e+00
3.704343e+00 3.143157e-01 -3.608959e+00 4.426463e+00 1.076232e+01 1.044783e+01 1.167099e+01 7.363410e+00 6.182706e+00 1.110725e+00 -8.365799e+00 -8.241329e+00
1.627223e+00 -5.381916e-01 -2.093760e+00 7.101830e+00 1.094167e+01 9.827069e+00 1.267987e+01 7.414888e+00 5.415435e+00 -1.208370e+00 -4.499859e+00 -5.946237e-01
4.749136e-01 1.616236e+00 -4.484138e+00 1.631968e+00 1.009394e+01 7.949697e+00 3.249381e+00 4.456287e+00 6.338564e+00 5.870422e+00 -7.146111e+00 -4.551054e+00
-4.372646e+00 2.317223e+00 -2.507242e+00 2.926998e+00 1.455917e+00 4.751539e+00 8.918326e+00 3.218545e+00 5.022277e-01 6.646934e+00 4.260771e-01 2.127253e+00
7.201004e-01 2.292150e+00 -8.396792e-02 1.064383e+00 7.403392e+00 5.067604e+00 8.952139e+00 4.668434e+00 2.801528e+00 -1.333709e+00 -6.517158e+00 1.662620e-01
-3.657027e+00 2.709105e+00 -3.214324e+00 3.523427e+00 3.150351e+00 6.988313e+00 4.248202e+00 1.721127e+00 1.371552e+00 1.092046e+01 8.139439e-01 3.324870e+00
-7.349110e-01 -1.436605e+00 -6.278354e+00 -1.284633e+00 8.895453e+00 8.811543e+00 -1.820753e+00 -4.573294e+00 7.924486e+00 1.497682e+01 -2.145547e+00 -4.443539e-01
-3.587043e+00 2.129638e+00 -3.526741e+00 1.846528e-01 5.037902e+00 5.748934e+00 5.189559e+00 -2.180152e-01 1.142957e+00 8.057667e+00 -1.468202e+00 1.678521e+00
-1.335882e+00 3.155678e+00 -2.891327e+00 2.795677e-01 -2.504942e-01 6.282889e-01 2.172068e+00 -3.038336e+00 6.629469e-01 1.364675e+00 -4.963605e+00 1.626261e+00
-5.108730e+00 1.344471e+00 -1.697009e+00 -1.966257e+00 1.076791e+00 4.169754e+00 1.301965e+00 -1.835266e+00 6.015916e+00 9.647958e+00 -2.506816e+00 4.431752e+00
4.435291e-01 3.878867e+00 -2.297821e+00 1.524371e+00 5.550178e+00 8.038212e+00 5.283586e+00 1.465207e+00 5.828819e+00 5.805248e+00 -4.204161e+00 -4.601572e-01
-2.760744e-01 2.587655e+00 -2.472078e+00 1.129731e+00 5.747293e+00 7.451602e+00 5.773760e+00 3.047382e+00 3.445058e+00 2.376164e+00 -7.849701e+00 -1.667131e+00
-5.716883e+00 1.084980e-01 -3.817482e+00 -4.471147e+00 9.732454e-01 -1.212590e+00 -1.776581e+00 1.748268e+00 3.059011e+00 8.427896e+00 4.357209e+00 2.162263e+00
-2.828114e+00 3.155005e+00 -2.467428e+00 -2.640594e+00 5.165525e+00 3.965682e+00 4.362319e+00 -2.968252e+00 -3.326485e+00 4.127442e-01 -2.774963e-01 4.592220e+00
-2.652541e+00 1.877800e+00 -2.433330e+00 -7.745504e-01 5.102880e+00 4.867650e+00 5.409926e+00 -1.076030e+00 2.006143e+00 2.379717e+00 -7.311575e+00 7.002360e-01
2.021202e+00 4.310845e+00 -1.810397e+00 2.214097e+00 6.235926e+00 4.375382e+00 3.738319e+00 -1.041639e+00 6.632382e-01 -1.339320e+00 -8.763558e+00 3.055234e+00
-1.050634e+00 -3.238810e+00 -8.030708e+00 -2.846247e+00 6.745660e+00 2.929604e+00 1.041943e+00 -7.351345e+00 6.571547e+00 1.034013e+01 -2.146338e+00 2.318175e+00
-5.044445e+00 1.790277e+00 -3.013023e+00 -2.490139e+00 3.403956e+00 3.501942e+00 6.371733e+00 -2.541580e+00 2.259272e+00 4.711725e+00 2.188997e+00 6.165258e+00
-2.893661e+00 3.079383e+00 -1.094911e+00 1.400044e+00 2.852970e+00 3.490531e+00 5.418839e+00 9.273303e-01 2.463690e+00 -3.030129e+00 -2.041137e+00 4.216305e+00
-4.640083e+00 1.940740e+00 -2.656788e+00 -1.497808e-01 3.557734e+00 4.305744e+00 5.007348e+00 4.956656e-01 4.931616e+00 9.569386e+00 3.025448e-01 -1.823897e+00
-4.032469e+00 2.327387e+00 -2.045372e-01 2.011816e+00 3.390404e+00 2.526631e+00 3.168902e+00 -9.780407e-01 2.698267e+00 4.659632e+00 -1.351439e+00 1.021484e+00
-3.617066e+00 1.013436e-01 -2.559425e+00 8.908715e-01 6.096478e+00 5.369557e+00 5.845003e+00 -7.577122e-01 2.509484e+00 2.081913e+00 -3.737074e+00 6.488537e-01
-4.049742e+00 2.315484e+00 -5.291471e-01 4.330794e+00 6.492100e+00 1.349878e+00 7.287844e+00 2.207824e+00 2.364699e+00 6.587641e+00 -2.814469e+00 -1.787796e+00
-3.550968e+00 3.820712e+00 -1.273144e+00 -1.639605e+00 9.215693e-01 1.541827e+00 3.562436e+00 -3.872226e+00 -1.191428e-02 1.491338e+00 -5.828616e+00 1.039308e+00
-2.926872e+00 4.212524e+00 -1.625966e+00 -1.503597e+00 -4.838679e-01 1.892453e+00 5.756535e+00 1.834192e+00 3.201959e+00 1.440453e+00 -2.934787e-01 1.596784e+00
-4.954153e+00 2.688487e+00 -2.364914e-01 -3.145969e-01 2.283616e+00 2.977997e+00 -4.621572e-01 -5.000823e+00 2.968454e+00 7.466920e+00 3.653918e+00 2.277385e+00
-3.604322e+00 3.478724e+00 -1.139332e+00 -4.547419e+00 2.739511e+00 4.665716e+00 2.663491e+00 9.388757e-01 4.078728e+00 8.825361e+00 -8.528821e-01 1.223543e-01
-5.781034e+00 1.588075e+00 -1.189225e+00 4.050438e-01 2.014269e+00 -4.165039e+00 -3.060147e+00 -6.005813e+00 1.561618e+00 7.405941e+00 -6.975150e-02 6.118264e+00
-4.369249e+00 1.392758e+00 -2.907037e+00 -1.335370e+00 3.778627e-01 -2.834451e-01 2.671468e+00 3.853910e-01 2.006474e+00 3.573145e+00 3.463683e-01 1.100017e+00
5.836248e-01 1.731723e+00 -4.518522e+00 -2.912191e+00 5.411014e+00 4.388169e+00 7.063592e+00 6.654416e+00 1.055761e+00 -4.015719e+00 -9.139770e+00 -3.452434e+00
-3.593739e+00 2.065672e+00 -2.953509e+00 1.694691e-01 4.351852e+00 2.808355e+00 4.380159e+00 -1.940093e+00 5.726552e+00 6.605762e+00 -2.431725e+00 3.103367e+00
-3.336458e+00 3.153668e+00 -6.760787e-01 -1.715560e+00 1.979758e+00 4.220040e+00 -1.531240e+00 -2.109371e+00 4.047899e+00 8.865764e+00 1.016135e-01 -6.574631e-02
-2.184276e+00 1.047721e+00 -3.958586e+00 -5.769751e-01 1.816520e+00 4.779176e+00 7.941167e+00 -7.815042e-01 1.346609e+00 4.634332e+00 -2.351158e+00 1.779956e-02
-1.459072e+00 4.738845e+00 -3.942346e+00 -3.423108e+00 2.553777e+00 1.731099e+00 3.907868e+00 3.828725e+00 5.503163e+00 7.424465e-01 -5.835401e+00 -4.091988e+00
-4.212683e+00 1.865428e+00 -4.756144e+00 -3.914380e+00 -1.291856e+00 5.933225e-01 1.045762e+00 -2.328865e+00 -1.610976e+00 1.957586e+00 -8.936152e-01 4.658567e-01
-9.472752e-01 2.688203e+00 -3.694061e+00 -9.031518e-01 3.891984e+00 1.885029e+00 7.163660e+00 1.399542e+00 -4.259372e-01 -1.585558e-01 -6.789246e+00 -3.147361e+00
-2.808486e+00 4.433205e+00 -4.383023e-01 -1.612273e+00 2.648912e+00 2.336268e+00 4.672742e+00 4.933178e+00 4.699888e+00 4.368857e+00 9.504559e-01 3.123233e+00
-4.434027e+00 5.557635e-01 -4.133125e+00 -5.952412e+00 1.528645e+00 4.662536e+00 4.525409e+00 -8.761244e-01 6.922024e-01 -2.715481e+00 -5.292349e+00 1.308959e+00
-3.251482e+00 7.747717e-01 -3.069745e+00 5.381117e-01 3.275525e+00 3.047937e+00 2.027025e+00 -4.984834e+00 -7.579312e-01 3.704360e+00 -2.188879e+00 1.667267e+00
-4.994757e+00 2.285700e+00 -1.883670e+00 -1.614682e+00 -4.601295e-01 -1.209638e+00 2.086095e+00 6.892934e-01 2.416318e+00 2.884541e+00 -8.634541e-01 -1.022687e+00
-4.579575e+00 2.209156e+00 -5.018299e+00 -2.463471e+00 1.745914e+00 -2.534917e+00 -2.865754e+00 -1.672744e+00 5.196681e+00 -5.669445e-01 6.038611e-01 7.578872e+00
-4.772102e+00 1.067671e-01 -2.819728e+00 -2.922527e+00 1.924605e+00 4.288280e+00 1.773866e+00 -3.982322e+00 -2.907738e+00 1.271669e+00 -1.996292e+00 1.616229e+00
-3.636714e+00 6.978307e-01 -5.206091e+00 -4.391598e+00 1.276092e+00 3.976537e+00 5.347311e+00 1.174249e+00 -3.134847e+00 5.974170e+00 1.391042e+00 5.713371e+00
-3.676877e+00 8.374505e-01 -4.451887e+00 9.964805e-01 6.509521e+00 -2.974398e-01 6.797030e-01 2.102217e+00 4.667183e+00 5.556894e+00 -8.708642e-01 6.560988e+00
-4.874178e+00 7.145810e-01 -3.850073e+00 -5.136818e+00 1.546950e+00 3.043255e+00 4.909968e+00 2.200076e+00 4.158089e+00 6.073723e+00 2.239440e+00 4.203567e+00
-2.481009e+00 4.558319e+00 -7.441623e-01 -1.412722e+00 1.929435e+00 3.199450e+00 2.068569e+00 -4.137434e+00 -1.089414e+00 7.606033e+00 9.679825e-01 4.512076e+00
-1.225596e+00 4.508399e+00 4.232996e-01 2.625832e+00 5.843078e+00 5.175043e+00 5.220808e+00 -3.814390e+00 -4.837363e+00 3.592871e+00 -3.241647e+00 -4.360560e-01
-5.094513e+00 1.969072e+00 -1.259960e+00 -8.967700e-01 3.170765e+00 4.107671e+00 8.109760e-02 3.224277e-02 4.183666e+00 3.564644e+00 -9.339094e-03 5.575888e+00
-5.146624e+00 1.210613e+00 -1.558087e+00 -3.824294e-01 2.535064e+00 1.989172e+00 4.506278e-02 -3.770920e+00 -8.365636e-02 7.725126e+00 4.732442e+00 6.501558e+00
-5.046890e+00 1.301369e+00 -3.584426e+00 -1.616330e+00 3.338304e-01 -4.193567e+00 1.121037e+00 -4.993641e-01 9.895032e-01 3.826724e+00 -4.929841e+00 2.658315e+00
-1.297297e+00 2.973006e+00 -4.922524e+00 -3.451407e+00 6.768312e+00 6.545641e+00 4.671645e-01 -1.788556e+00 1.768762e+00 1.449195e+00 -2.208494e+00 3.931525e+00
-3.788410e+00 2.683573e+00 -2.443011e+00 -3.016342e+00 2.236237e+00 -1.617732e+00 3.160167e-02 -2.388012e+00 -2.815305e+00 3.148396e+00 2.208108e+00 5.338569e+00
-4.442186e+00 1.859605e+00 -1.991600e+00 -6.588013e-01 3.055851e+00 1.731105e+00 3.936577e+00 7.862051e-01 2.301687e+00 3.373898e+00 3.976073e+00 2.161699e+00
-3.538936e+00 1.886579e+00 -3.808638e+00 1.044119e+00 7.542388e+00 4.021130e+00 7.155358e+00 2.868651e+00 3.832859e+00 1.873427e+00 -1.754778e+00 3.100068e-01
-4.996439e+00 1.613802e-01 -2.923956e+00 -1.331035e+00 3.046121e+00 4.236684e+00 5.287913e+00 -1.604101e+00 7.861888e-01 6.675355e+00 5.179602e+00 7.254135e+00
-2.961445e+00 5.768837e-01 -4.304347e+00 -3.514797e+00 -8.690386e-01 2.544896e+00 1.502141e+00 -5.238872e-01 1.173967e+00 4.346303e+00 -1.247716e-02 -7.106031e-01
-4.401148e+00 1.751729e+00 -4.542611e+00 -2.385454e+00 4.557808e+00 1.487106e+00 2.464607e-01 -5.193130e+00 -6.905352e-01 3.851844e+00 8.041065e-01 2.600272e+00
-4.489965e+00 1.326326e+00 -1.833960e+00 -2.627690e+00 2.664539e+00 3.428480e+00 2.573378e+00 -2.658404e+00 -2.469320e+00 3.673716e+00 6.616273e-01 7.128887e-01
-4.924311e+00 3.269571e-02 -3.147654e+00 -8.176639e-01 4.331403e+00 4.611030e+00 5.167751e+00 -5.769081e+00 -8.619028e-01 5.227939e+00 -5.317113e-01 5.835556e+00
-4.277315e+00 8.154449e-01 -2.899455e+00 -6.421645e-01 2.185541e+00 3.130424e-01 1.294231e+00 -2.567148e-01 1.301320e+00 4.696650e+00 4.501600e+00 6.634897e+00
-2.303535e+00 1.720788e+00 -2.733605e+00 -2.888601e+00 -2.280049e-01 2.194767e-01 3.976643e+00 -2.002201e+00 1.882661e+00 -2.467990e+00 -8.897916e+00 -3.395044e+00
-2.607885e+00 5.083750e+00 1.566695e+00 4.131610e+00 2.250436e+00 1.567893e+00 7.224729e+00 1.249465e+00 -6.616882e+00 -8.647613e-01 -3.620184e+00 2.350291e+00
-4.646231e+00 1.050304e+00 -2.269202e+00 -3.156207e+00 2.053432e-01 -1.313310e+00 4.953390e+00 3.789447e+00 4.830050e+00 2.341974e+00 -2.366261e+00 1.202526e+00
-4.565845e+00 1.604492e+00 -7.486441e-01 -2.110904e+00 4.422678e+00 1.650551e+00 3.998642e-01 -5.553476e+00 2.720490e+00 4.626421e+00 -1.423012e+00 9.198832e+00
-3.405590e+00 2.616307e+00 2.061725e-01 -1.319636e+00 -5.415850e-01 1.542512e+00 2.055097e+00 -2.650882e+00 -2.811917e-01 2.790332e+00 -2.168684e+00 6.362869e-01
-3.227879e+00 1.551042e+00 -2.447611e+00 -2.394269e+00 3.048240e+00 2.331654e+00 3.170083e+00 -1.167365e+00 6.147380e+00 4.454515e+00 -3.161227e+00 4.861815e+00
-1.836505e+00 9.663987e-01 -3.291029e+00 -3.868231e+00 4.061739e+00 1.187634e+00 4.181367e+00 -4.454660e-02 -9.451002e-03 3.951911e+00 6.676507e-02 5.141856e+00
-4.965078e+00 4.796286e-01 -1.117555e+00 -1.072507e-01 4.436379e+00 9.776908e-01 9.386625e-01 -3.906880e+00 -3.086894e+00 2.424896e+00 4.161522e+00 6.716668e+00
-3.755975e+00 2.566901e+00 -1.651413e+00 -2.280380e+00 3.484196e+00 3.777606e+00 3.277973e+00 -8.987322e-01 1.834230e+00 9.492682e+00 6.195402e+00 1.714077e+00
-2.394066e+00 2.180425e+00 -1.441922e+00 -3.256636e+00 3.286360e+00 3.844814e+00 4.886452e+00 3.143238e+00 1.345649e+00 2.521198e+00 -1.201755e+00 1.382839e+00
-4.091963e+00 3.079059e+00 -1.763372e+00 -1.023508e+00 5.957356e+00 2.548996e+00 -2.593991e+00 -2.256915e+00 1.927845e+00 -7.815440e-01 -1.294327e+00 5.339036e+00
