1.072221e+01 -9.294667e+00 -2.817082e+00 1.086745e+00 -1.504132e+01 -9.138324e-01 -2.981629e+00 -1.300334e-01 5.356943e+00 -1.431854e+01 -4.216316e+00 -6.376014e+00
9.257196e+00 -7.848452e+00 3.958913e+00 -1.760447e+00 -1.435518e+01 -5.587114e+00 -4.298826e+00 -3.413963e-01 4.991982e+00 -1.211930e+01 2.379453e+00 -5.163965e+00
1.041358e+01 -9.463713e+00 -5.783452e+00 -6.310241e-01 -1.109577e+01 -8.978803e-01 4.641706e-01 -1.687853e+00 3.864825e+00 -1.376606e+01 -8.639595e+00 -4.177317e+00
1.070851e+01 -9.480803e+00 -2.953471e+00 -7.558206e-01 -1.299783e+01 -1.533425e+00 -1.076869e+00 -2.026922e-01 3.261374e+00 -1.418627e+01 -4.997322e+00 -6.186926e+00
1.138806e+01 -1.116559e+01 -5.071447e+00 4.335673e-01 -1.180694e+01 -1.265264e+00 1.667362e+00 -1.440000e+00 3.396618e+00 -1.175306e+01 -1.020128e+01 -2.791946e+00
1.002952e+01 -1.168506e+01 -6.120375e+00 1.430640e+00 -1.028319e+01 -2.731821e+00 3.614640e+00 -2.493534e+00 8.141958e+00 -1.407533e+01 -6.601601e+00 -6.248147e+00
9.482183e+00 -7.926421e+00 5.284036e+00 -2.940545e-01 -1.813502e+01 -2.028050e+00 -6.738565e+00 -1.453242e-01 2.644245e+00 -9.581737e+00 2.730002e+00 -3.020476e+00
9.954129e+00 -8.856812e+00 2.449159e+00 -1.267115e+00 -1.499714e+01 -2.640776e+00 -4.154383e+00 -1.014887e+00 4.378209e+00 -1.242231e+01 2.611120e-01 -5.010201e+00
9.703747e+00 -7.866165e+00 -1.260177e+00 4.902244e-01 -1.420184e+01 -3.388983e+00 -9.781108e-01 -2.305842e+00 6.638955e+00 -1.404307e+01 -1.024740e+00 -6.266997e+00
1.045492e+01 -1.054601e+01 -5.491391e+00 2.693918e-01 -1.087939e+01 -1.506363e+00 1.358615e+00 -7.162414e-01 4.889432e+00 -1.391188e+01 -8.420751e+00 -5.755339e+00
1.150021e+01 -9.451469e+00 -3.987962e+00 -4.287616e-01 -1.211624e+01 1.343775e-01 -2.710345e-01 -1.139790e+00 4.427707e+00 -1.323620e+01 -7.415311e+00 -3.488228e+00
9.300285e+00 -8.011254e+00 8.146145e+00 -2.027309e+00 -1.778485e+01 -5.141891e+00 -5.192051e+00 -2.380748e+00 2.562268e+00 -8.286593e+00 3.316553e+00 -2.997830e+00
9.299838e+00 -7.010479e+00 1.064773e+01 -2.759326e+00 -1.757686e+01 -5.222637e+00 -5.196326e+00 -3.194457e+00 2.117659e+00 -8.457294e+00 6.630331e+00 -2.183949e+00
8.530148e+00 -5.527721e+00 1.202276e+01 -2.156396e+00 -1.920749e+01 -5.854922e+00 -5.147974e+00 -4.845603e+00 5.666388e-01 -7.768814e+00 6.655895e+00 -1.644235e+00
7.989380e+00 -3.245605e+00 1.363458e+01 -1.027758e+00 -1.908123e+01 -5.489511e+00 -6.225252e+00 -5.151122e+00 -1.487349e+00 -7.192675e+00 7.863676e+00 -1.187178e+00
1.087363e+01 -1.075290e+01 -5.623844e+00 6.391988e-01 -9.216579e+00 -3.150641e+00 5.768320e+00 -3.069278e+00 8.651227e+00 -1.391462e+01 -5.749885e+00 -7.370265e+00
7.762886e+00 -2.206858e+00 1.584105e+01 -1.076703e+00 -1.865318e+01 -6.503201e+00 -5.836709e+00 -6.519679e+00 -2.397315e+00 -7.933192e+00 7.093749e+00 3.298856e-01
7.548668e+00 -1.739861e+00 1.791109e+01 -2.008468e+00 -1.903824e+01 -3.557039e+00 -9.221257e+00 -4.813576e+00 -2.971934e+00 -8.859655e+00 5.842903e+00 -8.738860e-01
7.674894e+00 -8.309972e-01 1.939994e+01 -2.801719e+00 -1.861430e+01 -2.825874e+00 -8.730718e+00 -3.626132e+00 -3.256595e+00 -9.603284e+00 3.597992e+00 -8.479016e-01
6.611747e+00 -1.155656e+01 -3.016368e+00 2.560864e+00 -4.727818e+00 2.295406e-01 2.881846e+00 6.275188e-01 3.340021e+00 -1.336216e+01 -1.269517e+00 -5.109489e+00
7.514020e+00 -1.870818e-01 2.103369e+01 -2.321465e+00 -1.815499e+01 -2.394425e+00 -1.009755e+01 -1.112237e+00 -3.992983e+00 -1.078370e+01 4.065171e+00 -1.818645e+00
8.104285e+00 1.150570e+00 2.019716e+01 -4.983102e-01 -1.891029e+01 1.191435e+00 -1.173477e+01 -7.106768e-01 -5.584818e+00 -9.175719e+00 2.996283e+00 -2.234931e+00
-9.206959e+00 -3.146613e-02 3.062129e+00 -6.982363e+00 5.060472e+00 -1.337371e+01 6.024089e+00 5.757482e+00 -9.058384e+00 4.150927e-01 -5.401543e+00 3.992283e+00
-3.920458e+00 -4.234547e+00 2.581308e+00 -1.024993e+01 8.328435e+00 -7.209845e+00 3.675998e-01 -1.636326e+00 -8.635734e+00 5.136602e+00 -6.110364e+00 6.666871e+00
-3.282845e+00 9.492013e-01 -9.019808e-01 -8.268975e+00 2.483196e-01 -9.614780e+00 4.057331e+00 1.762543e+00 -6.309628e+00 1.036441e+00 -2.468398e+00 3.671702e+00
8.851641e+00 1.695262e+00 1.804865e+01 2.923978e+00 -2.041586e+01 2.638970e+00 -1.133585e+01 1.304290e+00 -8.551311e+00 -8.597909e+00 4.305542e+00 -4.399912e+00
-2.962992e+00 -6.531229e+00 1.278973e+00 -1.184555e+01 5.221086e+00 -2.543987e+00 -2.249238e+00 -1.147017e-01 -8.554745e+00 4.606266e+00 -5.993692e+00 5.286216e+00
-8.672857e+00 -4.391706e+00 -1.198682e+00 -2.937180e+00 2.140482e+00 -1.609875e+01 6.617764e+00 1.598939e+00 -5.249370e+00 3.763158e+00 -5.662402e+00 6.426910e+00
9.331387e+00 3.727092e+00 1.617028e+01 4.942975e+00 -1.839281e+01 -1.862704e+00 -5.696067e+00 -1.205409e+00 -1.132418e+01 -5.200470e+00 3.382618e+00 -3.331573e+00
-6.263016e+00 -4.177827e+00 1.783724e+00 7.569296e-01 3.504273e+00 -1.052215e+01 1.416951e+01 4.171421e+00 -4.476975e-01 7.217366e+00 -1.698079e+00 1.068049e+01
-1.241561e+00 -2.378969e-01 5.780149e+00 4.804380e+00 5.934284e+00 -9.815670e+00 1.246176e+01 7.159032e+00 -6.446976e-01 6.217876e+00 -6.299668e+00 2.175415e+00
9.572824e+00 5.572607e+00 1.548628e+01 7.350681e+00 -1.389814e+01 -9.885706e+00 -2.326652e+00 6.582869e-01 -1.408617e+01 -6.506024e+00 3.070655e+00 -3.720880e+00
4.313908e+00 -1.197035e+01 -4.638411e+00 1.514598e+00 -3.136723e+00 1.476898e+00 3.505899e+00 1.840136e+00 3.943713e+00 -6.563593e+00 -2.760766e-01 -1.894636e+00
2.090165e+00 4.715118e-01 3.054537e+00 6.153502e+00 1.145748e+01 -8.338528e+00 9.664084e+00 7.394620e+00 -1.012857e+01 -1.888486e+00 -7.938643e+00 -6.822940e-01
-1.392103e+01 -1.282355e+00 1.849280e+00 6.019526e+00 -2.869740e-01 -5.583529e+00 8.672574e+00 8.041761e+00 2.185056e+00 7.393428e+00 -5.806040e+00 -5.163000e+00
6.076979e+00 -8.190182e+00 -1.594761e+01 -3.502254e+00 8.969409e+00 7.048134e+00 -1.048277e+01 -1.010913e+01 -5.116925e+00 3.707163e+00 1.135036e+00 -7.496083e+00
3.195560e+00 -1.361643e+01 -1.685330e+01 -7.278944e+00 5.856024e+00 1.165205e+01 -1.168145e+00 -6.988468e+00 -4.468485e+00 6.859595e+00 2.176481e+00 -3.354833e+00
2.808603e+00 1.126505e+00 5.651325e+00 6.154752e+00 8.698652e+00 -1.006215e+01 2.979010e+00 7.414648e+00 -5.292155e+00 7.174176e-01 -1.008886e+01 -6.606191e+00
8.445901e+00 9.654578e+00 7.107404e+00 7.318573e+00 -3.172035e+00 -1.259717e+01 -2.339621e+00 4.563445e+00 -9.744476e+00 -1.030636e+01 7.653935e-01 -4.174345e+00
-5.907923e+00 7.143034e+00 -4.621082e+00 -7.543945e-02 1.190306e+00 3.704919e+00 5.437474e+00 -4.352259e+00 4.694354e+00 2.768005e+00 5.298769e+00 -2.400334e+00
-1.882693e+00 5.379883e+00 -5.169326e+00 -1.116989e-01 -2.959336e+00 4.586188e+00 8.919518e-01 -8.693569e-01 -3.064398e+00 -6.316961e+00 -4.953885e+00 -7.257403e+00
-5.164549e+00 -6.538600e+00 -2.302197e+00 -4.758948e-01 4.851948e+00 -5.041945e-01 -9.764293e-01 8.736012e+00 -4.556148e-01 6.120993e+00 4.337578e+00 -2.502682e+00
-8.101027e+00 3.706052e-01 2.019125e+00 5.273907e+00 3.177797e+00 -4.022470e+00 4.875609e+00 5.848456e+00 8.024461e-01 1.016897e+01 3.456540e+00 1.871783e+00
2.498312e+00 2.828846e+00 1.782083e+00 4.711334e+00 8.763388e+00 8.872281e-01 9.450314e+00 1.424724e+01 -1.641431e-01 5.130180e+00 -3.089748e+00 2.512654e+00
-4.356152e+00 6.378212e+00 -5.351380e+00 7.840092e-01 3.095685e+00 2.036562e+00 1.855678e+00 1.637256e+00 -6.311076e-01 -1.128657e+00 1.994149e+00 -8.390375e-01
-4.418741e+00 -3.761842e+00 1.370511e-01 5.009444e-01 -4.721961e-01 -4.510989e+00 3.678425e+00 1.152171e+01 3.037114e+00 1.839179e+00 3.896421e+00 -3.700522e+00
-5.762066e+00 5.969902e+00 -1.477221e+00 3.963692e-01 4.019954e+00 -6.130447e-01 -3.313260e+00 -4.777833e+00 -3.258413e+00 -3.563565e+00 -4.417056e+00 -6.652710e+00
-5.801722e+00 -4.180058e+00 -5.877990e+00 1.559539e+00 8.839907e+00 -2.647217e+00 -4.342436e+00 2.100923e+00 1.146209e+00 3.949062e+00 3.430786e+00 -7.026790e+00
-4.087046e+00 4.246888e+00 8.167744e-03 2.022644e+00 4.640139e+00 4.670048e+00 -1.071407e+00 2.140852e+00 -1.015703e+00 2.513105e+00 7.350456e+00 8.396585e+00
1.864624e+00 8.834157e+00 8.901927e-01 2.858110e+00 8.073018e+00 5.410201e+00 9.928413e+00 1.278981e+01 5.834653e+00 4.547152e+00 -7.806518e-01 -1.992579e+00
-5.178274e+00 -2.115873e+00 -3.853557e+00 1.727756e+00 7.510401e+00 -2.807427e+00 -5.151572e+00 8.713921e-01 1.412723e-01 1.259031e+00 1.635772e+00 -9.744013e+00
-2.740344e+00 -1.961823e+00 -1.219346e+01 -7.154754e+00 9.204847e+00 1.070961e+01 2.089649e+00 -2.087405e+00 -2.120431e+00 5.475762e+00 5.862875e+00 2.672330e+00
1.231305e+00 7.865325e+00 8.730721e-02 8.999341e-01 4.659585e+00 1.785154e+00 -2.260624e+00 -6.088539e+00 -8.401978e+00 -4.760616e+00 -6.262621e+00 -3.832244e+00
-3.254014e+00 5.191580e+00 -4.264879e+00 1.101168e+00 7.120988e+00 7.052290e+00 3.057716e+00 9.240700e-01 -3.993648e-01 9.695784e+00 1.131758e+00 5.322812e+00
1.370602e-01 2.134429e+00 -7.307914e+00 -6.258175e-01 1.242805e+01 4.269065e+00 -5.438193e+00 -9.505619e+00 -2.342928e+00 7.905184e+00 3.137819e+00 -5.697634e+00
1.781551e+00 9.473090e+00 1.767142e+00 2.692761e+00 1.127441e+01 9.694294e+00 6.217672e+00 -1.432933e+00 -1.890003e+00 4.604111e+00 -4.303677e-01 1.744932e+00
-5.124876e+00 3.029136e+00 6.278822e-01 -8.604842e-01 2.546224e+00 -1.811724e+00 -6.735623e-01 9.722170e-01 3.626793e-01 -1.266416e-01 5.302246e+00 4.048951e+00
-4.131004e+00 2.749367e+00 -3.496704e+00 5.614645e-01 5.409735e+00 8.667451e+00 3.207464e+00 1.013004e-01 1.792483e+00 8.996055e+00 3.324057e+00 2.599517e+00
-4.318823e+00 2.705246e+00 -3.052181e+00 -3.168821e-02 8.752837e+00 7.120840e+00 2.899613e+00 -2.046174e+00 -4.765580e+00 4.748136e+00 9.942505e-01 6.121386e+00
-1.968710e+00 6.546313e+00 -1.443563e-01 3.528204e+00 5.366603e+00 5.330333e+00 9.424269e+00 4.383049e+00 4.915318e+00 6.132185e+00 -1.599847e+00 2.502407e+00
-4.181572e+00 5.447526e+00 -2.011593e+00 1.488254e+00 8.277916e+00 7.725008e-01 -1.813381e+00 -3.485693e+00 -1.585504e+00 9.452799e+00 2.796328e-01 2.546090e+00
-5.856911e+00 2.994495e+00 -2.644156e+00 6.419117e-01 5.760924e+00 5.756939e+00 -2.734963e-01 -4.245474e-01 4.125596e+00 6.547788e+00 3.537105e+00 8.175048e-01
-4.894659e+00 2.231260e+00 -6.334597e-01 4.655448e+00 3.639238e+00 -3.389210e+00 -2.109868e+00 -2.449984e+00 4.577011e-01 6.469320e+00 1.689593e+00 4.349399e+00
-4.482914e+00 3.810855e+00 -2.203623e+00 4.587984e+00 3.629403e+00 -3.436944e-01 9.728954e-01 2.267364e-01 9.511095e-01 1.257500e+01 3.021508e+00 3.273346e+00
-5.066847e+00 3.298479e+00 -2.623141e+00 4.409196e-01 5.527643e+00 2.949420e+00 6.456131e-02 -2.111027e+00 3.798821e+00 8.881936e+00 3.624719e+00 5.386261e+00
-5.070425e+00 3.146582e+00 -3.602342e+00 -1.556342e+00 3.554505e+00 -1.910751e+00 -2.451481e+00 8.771039e-01 3.480551e+00 2.891011e+00 -1.806921e+00 2.232345e+00
-4.599949e+00 3.434926e+00 -3.209855e+00 -2.438236e+00 6.962220e+00 2.885931e+00 -1.549891e+00 -2.913483e+00 2.911087e+00 7.237145e+00 4.845407e+00 5.709111e+00
-3.369101e+00 5.372543e+00 -1.005370e+00 1.526896e+00 4.879550e+00 1.472309e+00 1.533267e+00 1.289801e+00 3.986553e+00 4.473956e+00 2.045689e+00 1.301742e+00
-3.919888e+00 1.728350e+00 -3.169860e+00 5.344653e-01 7.363758e+00 4.595460e+00 -2.711217e+00 -1.448674e+00 3.570014e+00 3.809393e+00 -3.595076e+00 -1.853086e+00
-3.189393e+00 4.377958e+00 -1.610328e+00 3.709317e+00 8.382190e+00 4.796729e+00 7.359238e+00 1.027436e+00 3.834824e+00 8.110679e+00 9.751117e-01 4.348658e+00
-4.694681e+00 3.555944e+00 -4.379580e+00 -1.107477e+00 5.800170e+00 5.875309e+00 -6.508420e-01 -2.018759e+00 -2.068877e+00 2.587123e+00 -3.363717e-01 5.696923e+00
-4.252195e+00 2.571949e+00 -4.557666e+00 -3.063313e+00 3.687436e+00 3.182238e+00 -5.293567e+00 -2.599835e+00 3.122855e+00 4.721045e+00 3.682382e-01 1.820361e+00
-3.937220e+00 3.907468e+00 -4.491285e+00 -9.246588e-03 2.264059e+00 -1.402908e+00 1.244951e+00 3.823435e-02 3.966438e+00 5.841136e+00 -5.555415e-02 2.686688e+00
-4.062769e+00 3.739260e+00 -3.712232e+00 -1.357592e+00 4.106018e+00 3.026615e+00 2.454202e+00 2.840890e-01 1.671152e+00 1.994951e+00 4.140441e+00 3.732155e+00
-2.977389e+00 5.141717e+00 2.745507e-01 4.849099e+00 5.366892e+00 4.474656e+00 3.305629e+00 -2.298766e+00 -4.078707e+00 -3.199747e+00 -3.952808e+00 6.319113e+00
-4.738621e+00 3.147815e+00 -2.017950e+00 1.377252e+00 5.888668e+00 3.074328e+00 -2.262220e+00 -8.396112e-01 4.536104e+00 3.723281e+00 4.463011e+00 4.284341e+00
-3.016849e+00 2.786287e+00 -2.840357e+00 8.225372e-01 5.521920e+00 6.178099e+00 9.433202e-01 -2.829611e+00 -2.711660e+00 1.675743e+00 -1.645608e+00 -5.231965e-01
-3.502847e+00 2.442873e+00 -1.263855e+00 -8.165359e-03 6.372794e+00 1.105071e+00 -6.605445e-01 2.008108e+00 1.910324e+00 1.379528e+00 -4.029829e+00 8.030336e-01
-2.768567e+00 4.147143e+00 -3.609135e+00 -1.143680e+00 6.229740e+00 4.416629e+00 5.517097e-01 4.058935e+00 -4.261439e+00 3.663700e+00 2.808687e+00 3.819237e+00
-3.851572e+00 1.220669e+00 -3.124776e+00 2.501750e-02 4.716004e+00 2.484006e+00 3.024148e+00 5.417103e-01 -1.657739e+00 -5.753356e-02 -3.677024e+00 -2.947378e-02
-3.261377e+00 3.657485e+00 -2.673935e+00 -3.108747e-01 8.125080e+00 3.558959e+00 -1.983740e+00 -1.573135e+00 1.036480e+00 1.629347e+00 -1.058887e+00 1.499844e+00
-4.814510e-01 7.350445e+00 1.692810e+00 3.767694e+00 8.969418e+00 3.728141e+00 2.458464e+00 2.062504e-01 -8.907243e-01 2.958511e+00 2.529731e-01 1.247358e+00
-4.514605e+00 2.594088e+00 -1.608279e+00 -7.437227e-01 4.505057e+00 4.837516e+00 -3.152336e+00 -2.323656e+00 4.536683e+00 6.957274e+00 -3.719399e+00 5.428591e-01
-4.315617e+00 2.685831e+00 -1.850703e+00 4.628887e-01 7.847753e+00 7.769549e-01 8.373851e-01 3.851815e-01 -4.020698e-01 4.944203e+00 8.628542e-01 3.974750e+00
-5.469049e+00 2.620661e+00 -3.002219e+00 -1.170104e+00 7.266227e+00 3.122345e+00 -6.315424e-01 -1.724941e+00 2.085454e+00 6.103647e+00 3.905138e+00 3.412364e+00
-3.751060e+00 3.421878e+00 -2.707150e+00 -1.945066e-01 3.692536e+00 1.851305e+00 -2.210345e+00 -4.082770e+00 5.336987e+00 5.704682e+00 -2.706201e-01 3.446645e+00
-4.368828e+00 3.298059e+00 -2.493838e+00 -1.584178e+00 5.785923e+00 4.812415e+00 2.876455e+00 3.055268e+00 3.024489e+00 6.583158e+00 2.436535e+00 2.978855e+00
-2.940995e+00 4.249390e+00 -2.602473e+00 -1.976127e+00 6.865201e+00 3.525142e+00 6.725945e-01 2.028178e+00 -5.678106e-01 5.368217e+00 1.507299e-01 -7.964727e-01
-3.771690e+00 2.062456e+00 -2.968813e+00 -1.897231e+00 3.504082e+00 3.935881e-01 -3.871770e+00 6.139728e-01 3.186505e+00 2.849868e+00 -5.662816e-01 -1.059300e+00
-3.467608e+00 2.208720e+00 -3.755592e+00 1.374416e+00 6.135679e+00 7.366478e-01 -3.449854e+00 -2.249924e+00 2.337124e+00 3.811350e+00 -5.535684e+00 -3.977971e+00
-4.044947e+00 2.720430e+00 -5.088629e+00 -3.409427e+00 4.967659e+00 5.771735e+00 3.065261e+00 1.314805e+00 2.730854e+00 4.614456e+00 5.161325e+00 3.719093e+00
-4.018850e+00 1.399896e+00 -4.803526e+00 -5.725937e-01 6.259929e+00 3.104492e+00 1.700699e-02 -5.311048e+00 2.317299e+00 8.408404e+00 1.702796e+00 5.400499e+00
-4.289640e+00 8.070624e-01 -4.869045e+00 1.089096e-01 3.613865e+00 2.728721e+00 -1.375224e+00 -3.734711e+00 -2.501500e+00 -8.613070e-01 -2.597138e+00 4.707716e+00
-4.158592e+00 2.705279e+00 -8.249918e-01 -2.698070e+00 7.247366e+00 4.051777e+00 3.841923e-01 1.383865e+00 1.136777e+00 7.682740e+00 5.710231e+00 4.791258e+00
-3.128687e+00 3.899919e+00 -2.668247e+00 -1.814770e+00 4.142612e+00 8.962870e-02 1.190493e-01 5.803048e+00 1.629123e+00 -3.754779e+00 -1.213553e+00 3.737791e+00
-3.142920e+00 2.929158e+00 -5.271670e+00 -1.687979e+00 1.015564e+00 1.875712e+00 5.021065e+00 -5.245781e-02 2.152939e+00 8.136427e+00 -1.274171e+00 2.280389e+00
-3.793896e+00 5.568465e+00 -9.891056e-01 -2.882401e+00 5.390029e+00 1.799045e+00 -1.035043e+00 -9.832475e-01 4.620020e+00 6.872986e+00 1.745152e+00 3.574195e+00
