2.017568e+01 -2.686211e+00 6.190717e+00 -9.783392e+00 -1.942151e+01 -4.692845e+00 -3.549507e-01 5.373927e+00 -6.879139e+00 -6.426586e+00 -2.447340e+00 -3.071875e+00
2.011752e+01 -4.428704e+00 5.958816e+00 -7.509986e+00 -2.035829e+01 -1.172986e+00 4.906399e-01 2.103377e+00 -5.263415e+00 -6.253559e+00 -5.208699e+00 1.309968e+00
1.895372e+01 -3.756905e+00 3.583986e+00 -5.204234e+00 -2.069482e+01 2.276332e+00 1.535221e-01 -1.678925e+00 -2.325694e+00 -1.034572e+01 -5.046596e+00 4.020148e+00
2.031933e+01 -7.113347e-01 6.091861e+00 -9.424915e+00 -2.088701e+01 -5.537877e+00 -6.131951e-03 4.240489e+00 -7.017121e+00 -3.872652e+00 -3.540514e+00 -2.113806e+00
2.108728e+01 -4.851350e-01 5.600430e+00 -7.638062e+00 -2.195037e+01 -5.571690e+00 -1.020358e+00 3.563913e+00 -6.542976e+00 -4.144813e+00 -3.644707e-01 -3.875041e+00
2.034649e+01 2.229620e+00 5.501968e+00 -8.648141e+00 -1.985086e+01 -8.776021e+00 5.630084e-01 3.014465e+00 -4.651968e+00 -5.317729e+00 9.945657e-01 -5.348302e+00
2.051994e+01 3.707097e+00 4.209521e+00 -6.579610e+00 -2.100959e+01 -1.007954e+01 1.618090e+00 1.989336e+00 -5.144645e+00 -3.359471e+00 1.243029e+00 -5.286344e+00
1.997192e+01 -3.171152e+00 3.683867e+00 -5.360734e+00 -1.745367e+01 2.568153e+00 -2.569473e-01 -9.861989e-01 -3.348974e+00 -1.023395e+01 -5.717692e+00 3.880272e+00
2.106196e+01 4.919562e+00 2.729069e+00 -6.255429e+00 -1.937394e+01 -1.158710e+01 1.491171e+00 1.393155e+00 -5.010664e+00 -3.057602e+00 1.318166e+00 -5.247866e+00
2.189849e+01 6.363876e+00 -2.112264e+00 -8.146972e+00 -1.573262e+01 -1.340967e+01 1.859236e+00 4.711548e+00 -5.073261e+00 -5.573817e+00 -1.785599e+00 -3.854876e+00
2.123799e+01 6.287436e+00 1.019302e+00 -6.759751e+00 -1.620102e+01 -1.334161e+01 3.115600e-01 2.163525e+00 -4.779705e+00 -3.693690e+00 -3.334143e-01 -2.787248e+00
2.147027e+01 5.614826e-02 -8.922743e+00 -3.884427e+00 -1.126467e+01 -9.570874e+00 5.816798e-01 1.297931e+01 -9.402448e+00 -9.508997e+00 -4.632801e+00 -8.994790e-01
2.142725e+01 6.676869e+00 -1.180456e-01 -7.608431e+00 -1.517283e+01 -1.431952e+01 3.622653e-01 4.293149e+00 -6.996379e+00 -4.422294e+00 8.025844e-01 -5.849792e+00
2.173778e+01 3.176890e+00 -4.131609e+00 -6.437702e+00 -1.396688e+01 -1.298007e+01 1.263456e+00 7.545315e+00 -6.163065e+00 -9.165468e+00 -2.208618e+00 -6.540210e-01
2.142059e+01 1.493136e+00 -7.337426e+00 -3.065181e+00 -1.332675e+01 -1.197409e+01 2.203607e+00 1.134409e+01 -1.197499e+01 -5.712071e+00 -4.432234e+00 -7.330294e-01
2.032567e+01 -3.171508e+00 -9.243366e+00 -4.358216e+00 -5.916842e+00 -6.443944e+00 -2.595265e+00 1.145059e+01 -8.373140e+00 -8.674190e+00 -7.186587e-01 -2.158259e-01
2.035011e+01 -2.453994e+00 -8.005261e+00 -4.558530e+00 -7.100948e+00 -9.300625e+00 -2.435643e+00 1.334286e+01 -9.722312e+00 -8.762543e+00 -1.478931e+00 -7.838007e-01
2.002708e+01 -4.341415e+00 -8.980050e+00 -4.886465e+00 -2.812867e+00 -4.518934e+00 -5.775382e+00 1.223682e+01 -1.003358e+01 -4.092366e+00 -2.034874e+00 -1.394431e+00
-1.811493e+01 -9.763282e+00 9.532756e-01 6.234959e+00 -1.098385e-01 6.190065e+00 -4.737997e+00 -3.167210e+00 -4.764964e+00 -6.422157e-01 -5.462221e+00 2.276879e+00
1.864608e+01 -3.898523e+00 -8.286933e+00 -3.900882e+00 -2.538090e-01 -3.394182e+00 -7.923944e+00 1.142441e+01 -1.110280e+01 6.719531e-01 -1.527891e+00 -3.313478e+00
1.865641e+01 -3.262348e+00 -9.127216e+00 -2.286703e+00 6.838283e+00 -5.009461e+00 -6.149477e+00 8.420176e+00 -9.662808e+00 8.376417e-01 1.857763e+00 -5.609607e+00
1.577617e+01 3.086946e+00 3.831577e-01 -3.608981e+00 -9.999864e+00 -1.814585e+00 2.466578e-01 -1.370489e+00 -1.901390e+00 -8.769620e+00 -8.736726e+00 2.861819e+00
-9.986608e+00 -3.418135e+00 -1.088313e+01 7.015210e+00 -1.305283e+00 5.441650e+00 -2.285277e+00 -8.001756e+00 -6.475522e+00 -7.650744e+00 -5.282444e+00 3.089537e+00
-1.257852e+01 -7.417924e-01 -8.679892e+00 9.770127e+00 2.238206e+00 7.012544e+00 5.843689e-01 -1.281279e+00 -1.010522e+00 2.581266e+00 2.530730e-01 1.469130e+00
1.644751e+01 -2.389599e+00 -6.288663e+00 -1.052827e+00 8.036272e+00 -1.392856e+00 -2.019878e-01 2.539356e+00 -6.772341e+00 2.860412e+00 6.673601e-01 -6.614390e+00
-1.075626e+01 -8.158645e+00 -4.866354e+00 5.571841e+00 -7.337161e+00 1.529154e+01 2.192040e-01 -1.152530e+01 -3.386390e+00 4.213097e+00 1.166843e+01 3.272218e+00
-1.321513e+01 -5.633051e-02 -8.768012e+00 1.059356e+01 1.310463e+00 2.190030e+00 -3.888507e+00 -4.488125e+00 1.183342e+00 3.293304e+00 -1.438892e+00 6.698411e+00
-1.465374e+01 -7.305736e+00 3.462460e-01 3.414442e+00 -2.925111e+00 8.374846e+00 6.566693e-01 3.724221e+00 8.135989e-01 4.358821e+00 -2.010304e+00 5.839694e+00
-1.215912e+01 1.543519e+00 -1.102814e+01 7.842774e+00 2.427073e-01 7.130695e+00 1.554244e+00 4.463971e+00 -1.803154e+00 -4.396570e-02 -3.479724e+00 4.158257e+00
-3.500874e+00 -1.623753e-01 -4.369143e+00 6.837600e+00 7.734278e+00 1.037116e+01 2.575922e+00 -5.284441e+00 -9.405041e-01 -2.454532e+00 -1.260572e+00 4.606988e+00
-1.050547e+01 -6.503427e+00 -5.422160e+00 3.360141e+00 -6.741270e+00 1.061146e+01 -5.726716e+00 -9.415887e+00 7.835654e-01 1.631696e+00 4.817479e+00 2.033154e+00
-1.268709e+01 8.519887e-01 -9.127716e+00 1.422143e+01 4.617976e+00 5.332005e+00 6.422612e-01 5.217401e+00 2.243287e+00 2.558712e+00 -1.784876e+00 -2.079249e+00
-4.098013e+00 -1.236320e+01 -1.493041e+00 -1.356718e+01 4.284735e-01 -3.355523e+00 1.461599e+01 -9.600616e+00 -1.082306e+01 -8.225985e+00 3.859851e+00 3.587365e+00
-1.227041e+01 1.451101e+00 -5.437894e+00 1.149961e+01 1.621160e+00 4.312982e+00 -2.988755e+00 -6.930375e-02 1.186336e+00 -2.468511e+00 -3.433683e+00 -5.381056e-01
-1.244576e+01 -1.155010e+00 -8.624566e+00 6.601020e+00 2.792535e+00 2.101505e+00 -2.624409e+00 3.971138e+00 3.619682e+00 1.211480e+00 6.890934e-01 2.601460e+00
1.125295e+01 -2.274096e+00 -4.291219e+00 2.029755e+00 1.243855e+01 4.180418e+00 4.750608e+00 5.006608e+00 -4.876172e+00 4.951979e+00 2.852978e+00 -2.865200e+00
-9.980138e+00 -6.001952e-01 -6.234034e+00 4.880697e+00 9.403005e-01 3.512123e+00 -2.345675e+00 -4.783859e-01 2.688101e+00 2.616265e+00 8.508151e-01 8.081617e+00
9.186808e+00 -4.974679e+00 -4.888382e+00 6.219366e-01 1.500182e+01 6.748246e+00 1.752570e-01 2.598851e+00 -3.934325e+00 3.344922e+00 5.900515e+00 -4.312397e+00
6.697630e+00 -1.002281e+01 -4.286731e+00 -9.182270e-01 1.124523e+01 5.676300e+00 5.273467e-01 -3.917622e+00 -4.895747e+00 7.431146e+00 8.623309e+00 -9.946164e+00
3.664062e+00 -1.088949e+01 -1.407003e+00 6.460834e-02 6.845510e+00 2.415621e+00 -2.065292e+00 -3.808243e+00 -5.473782e+00 3.578396e+00 9.255558e+00 -8.346916e+00
-4.913980e+00 -8.882993e+00 -1.103587e+00 -1.309646e+01 2.355650e+00 3.184450e+00 1.048540e+01 -1.070200e+01 -9.122611e+00 -1.045893e+01 7.602428e+00 1.254477e+01
-6.386988e+00 -3.190626e+00 -7.277987e+00 5.244334e+00 -4.077930e-01 1.282461e+00 -8.307411e+00 -5.537073e+00 -2.794640e+00 4.384019e+00 2.341918e+00 5.451780e+00
-1.173976e+01 -2.353075e+00 3.790849e+00 4.722842e+00 -6.932974e-02 3.100075e+00 -2.701713e+00 -2.835835e+00 -7.472017e-01 1.396547e+00 -7.670708e-01 3.995264e+00
1.059268e+00 -1.049201e+01 -3.970860e+00 -4.868196e+00 8.640018e-01 -3.303589e+00 -5.221116e+00 2.364985e+00 6.600720e-01 1.798562e+00 3.560410e+00 -1.037305e+01
1.555964e+00 -8.030171e+00 -1.934158e+00 -2.053966e+00 6.321618e+00 4.813334e+00 -3.289161e+00 -2.591829e-01 7.133102e-02 1.821533e+00 7.772541e+00 -8.173175e+00
-1.278857e+00 -2.627421e+00 5.410563e+00 2.115854e+00 -1.433514e+01 -7.185523e+00 -2.349198e+00 -4.151974e+00 8.465972e-01 8.181249e-01 5.750441e+00 4.079381e+00
-1.226086e+00 -2.928476e+00 4.786911e+00 2.363231e+00 -1.373247e+01 -5.769112e+00 5.023118e-01 -2.565709e+00 -1.826391e+00 -3.415439e+00 2.434191e+00 1.407782e+00
1.357279e-01 -6.523437e+00 -7.185307e-01 -6.648932e+00 3.714943e-02 2.887873e+00 -1.521527e+00 -4.954645e+00 -5.871177e+00 3.055525e+00 7.950075e+00 -4.530323e+00
-1.132113e+01 -6.356916e+00 3.744712e+00 -1.565136e+00 1.031025e+01 6.402371e+00 -2.738850e-01 -1.022943e+01 1.965664e+00 -1.033093e+00 2.348119e+00 7.097787e+00
-1.097348e+01 -5.424974e+00 5.908150e+00 1.028183e+00 1.393195e+01 1.019527e+01 1.767372e+00 -8.064243e+00 5.462461e+00 1.353541e+00 1.507731e+00 4.551374e+00
-3.225642e+00 2.267770e-01 -1.778711e+00 4.797958e+00 -2.821342e+00 2.034459e+00 3.101323e+00 3.552500e+00 9.239312e-01 2.697827e+00 -6.430326e-01 -4.994013e+00
-1.492373e+00 -3.898435e+00 -1.157129e-01 -4.757414e+00 -5.629695e+00 2.395709e+00 2.295094e+00 1.429242e+00 -3.688489e+00 -6.518636e-01 1.302342e-01 -1.099306e+01
-4.642838e+00 -2.883285e+00 -3.575115e+00 3.873856e+00 1.319178e+00 1.204287e-01 -4.620834e+00 -7.462708e+00 -1.173747e+00 -4.089652e-01 -4.248843e+00 -4.852378e-01
-2.548733e-01 -2.018163e+00 1.416958e+00 -7.581751e-01 1.479924e+00 2.745972e+00 7.111513e+00 2.040660e-01 -4.747946e-01 2.460981e+00 2.075787e+00 -7.177505e+00
-5.791566e+00 5.518279e+00 2.445013e+00 2.169421e+00 4.086289e+00 9.671035e-01 -3.449677e+00 -2.416954e+00 5.481794e+00 6.846702e-02 -3.574988e+00 -1.203396e+00
-2.396791e+00 -7.253042e-01 2.427119e+00 4.102184e+00 4.501007e+00 4.396524e-01 6.196805e+00 -3.701396e+00 -2.460323e+00 2.746494e+00 1.536594e+00 -1.177169e+00
-5.741404e+00 4.593815e+00 4.008579e+00 6.830048e+00 7.653172e+00 -7.564605e-01 -4.014234e+00 2.669483e+00 4.115395e+00 1.565636e+00 -3.281697e+00 8.950055e-02
-5.058449e+00 4.418682e+00 2.814126e+00 1.631543e+00 -8.993626e-03 1.604224e+00 1.366769e+00 4.240591e+00 5.907157e+00 -2.048799e+00 6.543438e-01 1.419165e+00
-3.226922e+00 7.217110e+00 3.403219e+00 -1.966370e+00 5.384484e+00 4.192329e+00 3.485220e+00 3.696981e+00 4.346972e-01 -1.926756e+00 -4.770199e+00 -2.202785e+00
-3.344107e+00 3.081574e+00 4.138011e+00 5.766562e+00 4.731260e+00 2.420763e+00 6.271317e+00 5.621101e+00 -2.655425e+00 2.371595e+00 2.518235e+00 5.033976e+00
-6.987584e+00 4.534189e+00 2.184881e+00 -1.142869e+00 4.966094e+00 3.067185e+00 2.075926e+00 -5.524130e+00 1.663454e+00 1.133460e+00 -2.950113e+00 2.574614e+00
-6.096721e+00 6.209173e+00 6.355838e+00 5.419061e+00 7.500346e+00 6.766651e-01 1.524569e+00 -7.088575e-01 5.918202e+00 3.004044e+00 -7.921526e-01 3.187003e-01
-7.136920e+00 2.798204e+00 6.206665e+00 2.085697e+00 7.527103e-01 2.610346e+00 5.152142e+00 2.451373e+00 3.639812e+00 2.493145e+00 -1.251250e+00 -1.294493e+00
-6.185644e+00 -3.314453e-02 1.971861e+00 -3.212755e+00 -1.957113e+00 1.828855e+00 7.976497e+00 5.575002e+00 4.932050e+00 8.310030e-01 -2.251497e+00 4.901833e+00
-3.528509e+00 4.554019e+00 8.314586e-01 1.210178e+00 6.699359e+00 2.602162e+00 2.710902e+00 9.004030e-01 2.202380e+00 2.206827e+00 1.649948e+00 -2.178932e-01
-1.140292e+00 2.424727e+00 5.900481e+00 4.116097e+00 7.506590e+00 1.206832e+00 4.705034e+00 3.539426e+00 5.545104e-01 9.956993e-01 1.139634e+00 6.032864e-01
-7.616633e+00 3.051135e+00 1.160451e+00 6.358323e-01 7.294795e+00 3.312638e+00 -1.079207e+00 -8.021925e+00 2.744216e+00 2.259992e+00 -1.120580e+00 1.305695e+00
-5.944715e+00 3.314470e+00 2.059617e+00 3.562129e-01 8.332298e+00 2.940150e+00 1.669094e-01 -2.964283e+00 4.112612e+00 4.077863e+00 -2.643272e+00 -3.450099e-01
-7.675557e+00 5.775266e-01 2.713976e+00 -2.143822e+00 1.958546e+00 -6.651197e+00 -9.100065e-01 6.822597e+00 4.721783e+00 -1.840826e+00 -3.425254e+00 8.963565e-01
-5.285599e+00 5.928382e+00 2.282114e+00 3.568033e+00 1.007109e+01 4.632720e+00 4.637726e+00 3.133090e-01 7.053871e+00 3.494505e+00 2.211550e+00 -1.737752e+00
-3.850650e+00 -5.801352e-01 4.102976e+00 4.839958e+00 3.560730e+00 -5.648131e+00 -8.142406e+00 -2.374320e+00 6.163092e+00 7.702960e+00 6.974002e+00 2.475811e+00
-7.042140e+00 4.177402e+00 4.288234e+00 1.216202e+00 7.496081e+00 2.279722e+00 1.044215e-01 -6.714987e+00 5.036009e+00 1.859272e+00 -2.610848e+00 3.615075e-01
-6.062996e+00 2.864131e+00 7.535071e-01 -5.536955e-01 4.375198e+00 5.114485e+00 1.885389e+00 2.279520e-02 2.771405e+00 2.646005e+00 -2.414130e+00 1.888677e+00
-5.586306e+00 3.351518e+00 -2.082300e-01 4.355079e-01 7.094251e+00 2.727140e+00 9.466676e-01 1.468554e+00 9.647661e+00 3.561279e+00 3.374532e+00 2.469500e+00
-2.540055e+00 6.544028e+00 2.943597e+00 -1.222249e+00 6.616149e+00 4.527690e+00 5.039436e+00 6.597933e+00 7.692645e+00 2.888384e+00 -2.326805e+00 -2.031291e+00
-8.663770e+00 2.969962e+00 2.141475e+00 -4.038464e-01 8.468542e+00 1.957430e-01 -6.151813e-01 -2.684192e+00 4.975139e+00 3.704152e+00 4.305291e-02 4.471475e+00
-4.379677e+00 3.077870e+00 3.195695e+00 2.553745e+00 8.970451e+00 -4.330133e-01 3.223003e+00 -4.745364e+00 2.107146e-01 3.432869e+00 3.446985e+00 7.100959e+00
-6.303105e+00 4.264007e+00 2.297767e+00 1.568195e+00 4.883225e+00 2.349442e+00 -8.524272e-01 -1.640387e+00 5.588182e+00 3.646787e+00 -3.002775e+00 -4.971759e-01
-7.076900e+00 4.821872e+00 3.978871e+00 2.285140e+00 6.888177e+00 -1.063259e+00 -2.569426e+00 -2.951379e+00 2.847409e+00 4.022255e+00 -2.463782e+00 -1.454605e+00
-8.070308e+00 3.313543e+00 5.212900e+00 4.722455e+00 9.422962e+00 1.112005e+00 -1.523512e+00 -2.256043e-01 8.521481e+00 3.837593e+00 2.054901e+00 2.899895e+00
-8.239497e+00 2.973806e+00 2.428696e+00 2.659340e+00 8.516890e+00 1.559035e+00 -1.568664e+00 -3.904193e+00 2.854436e+00 -4.183490e-01 -3.208174e+00 7.576424e-01
-7.786910e+00 1.429715e+00 2.147841e+00 -2.776916e+00 5.001648e+00 2.975970e-01 -4.266025e-01 4.374056e+00 3.534902e+00 3.840235e+00 2.420138e+00 -2.417775e+00
-8.036296e+00 3.027313e+00 3.107027e+00 1.317814e+00 2.760202e+00 -5.500414e+00 -3.130224e+00 -6.045638e+00 2.277424e+00 2.713276e+00 -6.672935e-01 -1.827863e-01
-5.398585e+00 4.190896e+00 3.883081e+00 1.237166e-01 2.482250e+00 -2.003806e-01 1.594246e+00 -1.274721e+00 6.102824e+00 -4.223570e+00 -2.640466e+00 -2.644317e+00
-6.871576e+00 3.924673e+00 5.559664e+00 2.024321e+00 4.692451e+00 9.079456e-03 -2.126461e+00 -8.701775e+00 7.865723e+00 5.434675e+00 3.518690e+00 7.128280e-01
-5.820214e+00 3.222157e+00 2.298177e+00 1.032480e+00 8.461490e+00 -5.176001e-01 -1.569239e+00 1.503487e+00 6.381073e+00 2.952697e+00 8.452394e-01 -2.969210e+00
-7.167525e+00 1.990490e+00 2.212207e+00 2.664108e+00 7.310251e+00 -1.367284e+00 -2.894386e+00 -7.331602e+00 8.752378e+00 4.979344e+00 6.397393e-01 1.209085e+00
-8.688239e+00 1.892634e+00 1.792828e+00 -1.507610e-01 1.548702e+00 -3.089055e+00 -2.849604e+00 -2.342367e+00 6.555859e+00 5.327147e-01 -3.108440e+00 4.046805e+00
-9.028016e+00 5.934368e-01 3.245680e+00 -2.248522e+00 1.823497e-01 -5.825453e+00 4.868113e-01 2.816623e+00 5.770655e+00 1.717515e+00 -6.562374e-01 2.640984e+00
-8.715922e+00 4.030101e-01 3.632840e+00 2.198462e+00 3.212957e+00 -3.056516e+00 -3.197552e+00 -3.752470e+00 6.842442e+00 6.169652e-01 -1.272889e+00 -2.133721e+00
-6.223834e+00 3.399229e+00 2.432405e+00 -2.872338e-01 3.082355e+00 3.513762e+00 1.772756e+00 -8.633231e-01 9.510811e+00 6.540370e+00 3.037179e+00 -5.916500e-02
-6.159662e+00 2.540107e+00 1.138795e+00 -8.830563e-01 5.709916e+00 -8.360541e-01 3.932782e-01 4.296586e+00 6.238503e+00 3.354120e-01 1.963908e+00 2.105706e+00
-6.401430e+00 3.397623e+00 2.476765e+00 9.335978e-01 7.655227e+00 9.624288e-01 1.888803e+00 -2.369092e+00 2.618588e+00 4.632861e+00 2.261782e+00 1.079916e+00
-4.406074e+00 4.319653e+00 3.143434e+00 1.185594e+00 5.830873e+00 5.119537e-01 -3.491047e+00 -4.697127e+00 5.352317e+00 1.778050e+00 -9.862249e-01 2.621516e+00
-7.716762e+00 2.029277e+00 2.110557e+00 1.771443e+00 2.709275e+00 4.224309e+00 2.397420e+00 6.670661e-01 7.595299e+00 3.046841e+00 3.374365e+00 5.211998e+00
-5.471427e+00 2.762997e+00 -7.855365e-01 -3.099456e+00 6.913978e+00 1.398663e-01 -2.206134e+00 -2.981524e-01 6.334665e+00 -9.063656e-01 -7.177514e+00 -1.386177e+00
-6.254262e+00 2.320999e+00 1.090637e+00 -8.441131e-01 5.893610e+00 -3.478909e+00 -4.282805e-01 -6.149336e+00 3.370243e+00 6.070566e-01 -4.169954e+00 -1.690155e+00
