1.180987e+01 -1.429782e+01 2.719251e+00 -1.185222e+01 1.195018e+00 -2.481276e+00 7.067070e+00 1.182395e+00 -4.146572e+00 4.365706e+00 -2.183060e+00 -2.272441e+00
1.304214e+01 -1.530175e+01 6.869520e-01 -9.005558e+00 -2.326791e+00 1.654081e+00 6.865269e+00 -3.661031e-02 -2.713549e+00 2.919473e+00 -3.166822e+00 -1.028417e+00
1.181537e+01 -1.303490e+01 3.119169e+00 -1.000016e+01 2.655005e-01 -1.861116e+00 4.990158e+00 1.637012e+00 -3.814866e+00 4.378682e+00 -1.818130e+00 -5.444913e-01
1.291958e+01 -1.503891e+01 4.605637e-01 -1.025118e+01 -9.069371e-01 2.930507e+00 6.384314e+00 2.769381e+00 -6.663163e+00 5.511691e+00 -5.792610e+00 -4.147053e-02
1.307232e+01 -1.488631e+01 -1.458447e-01 -1.010130e+01 -3.314586e-01 3.097221e+00 6.412893e+00 3.271813e+00 -7.068995e+00 4.484301e+00 -4.622617e+00 6.829927e-01
1.282799e+01 -1.229059e+01 3.494045e+00 -9.086326e+00 -3.641063e+00 1.140476e+00 -6.417942e-02 3.803335e+00 -5.087960e+00 5.782033e+00 -1.398840e+00 6.578658e-01
1.301627e+01 -1.372346e+01 -7.594681e-02 -8.275302e+00 3.103552e-01 5.698099e+00 7.183722e+00 1.235088e+00 -7.079986e+00 3.225221e+00 -5.924695e+00 -2.705352e-01
1.272617e+01 -1.265195e+01 -6.855173e-01 -8.283063e+00 1.901559e+00 5.174104e+00 7.363169e+00 -1.103747e+00 -8.437049e+00 4.302348e+00 -7.705448e+00 2.810633e+00
1.278545e+01 -1.361351e+01 -1.251602e-01 -7.886908e+00 1.833982e-01 6.478222e+00 6.538917e+00 -5.926772e-01 -4.943521e+00 1.040476e+00 -6.174509e+00 1.592650e+00
1.239562e+01 -1.187017e+01 -2.065622e+00 -5.207724e+00 -5.167060e-01 6.671081e+00 5.506664e+00 -2.271810e+00 -5.075643e+00 3.759589e-01 -4.102854e+00 -1.304030e-02
1.449140e+01 -1.295331e+01 -1.707059e+00 -3.702294e+00 -3.442611e+00 8.949634e+00 5.223341e+00 -5.304408e+00 -2.645132e+00 -6.044269e-01 -5.587907e+00 1.477599e+00
1.435284e+01 -1.337745e+01 -8.562121e-01 -4.364337e+00 -1.687431e+00 7.066004e+00 5.517356e+00 -5.939236e+00 -2.450313e+00 -7.256477e-01 -4.237884e+00 5.615399e-01
1.398820e+01 -1.317357e+01 -7.459664e-01 -3.981236e+00 -1.944138e+00 6.704858e+00 4.625422e+00 -4.215403e+00 -4.467413e+00 -7.699780e-01 -3.643021e+00 -1.763870e-01
1.423103e+01 -1.300403e+01 -1.371557e+00 -3.068531e+00 -2.930725e+00 7.659570e+00 3.340045e+00 -4.829160e+00 -3.889641e+00 2.464676e-02 -2.658637e+00 -1.268300e+00
1.418472e+01 -1.050153e+01 2.476942e+00 -5.801234e+00 -5.741958e+00 2.575988e+00 -2.381362e+00 6.144141e-01 -3.492808e+00 2.746453e+00 2.612709e+00 1.518828e+00
1.411818e+01 -1.218528e+01 -1.341150e+00 -1.957013e+00 -2.373070e+00 7.412849e+00 2.004465e+00 -3.283629e+00 -4.564042e+00 -4.984617e-03 -1.398790e+00 -3.427001e+00
1.249225e+01 -1.096489e+01 -7.605076e-02 -7.714134e-01 -2.576203e+00 5.355578e+00 -3.047496e+00 -1.530161e+00 -1.431496e+00 -1.007372e+00 -1.246150e+00 -5.899456e+00
1.307505e+01 -1.106353e+01 -7.929494e-01 8.921649e-01 -4.525228e+00 6.872775e+00 -2.162349e+00 -1.609662e+00 -2.879058e+00 3.680065e-01 -2.323247e+00 -4.209924e+00
1.331162e+01 -1.058237e+01 -2.111298e+00 -8.344069e-01 -1.870712e+00 5.891414e+00 1.396504e+00 -3.327988e+00 -3.569576e+00 1.168600e+00 -3.381798e+00 -3.459315e+00
1.234899e+01 -1.034812e+01 -4.879210e-01 -2.523397e-01 -2.911412e+00 4.935955e+00 -3.467817e+00 -2.117953e+00 1.797535e-01 -2.589938e+00 1.226604e-02 -5.491067e+00
1.265729e+01 -9.979206e+00 -1.257617e+00 2.363170e+00 -5.117984e+00 5.870670e+00 -6.059989e+00 9.753770e-02 -4.263482e-01 -8.625722e-02 -2.792307e+00 -4.546667e+00
1.184933e+01 -1.015489e+01 6.670303e-01 1.947668e+00 -5.052170e+00 4.757478e+00 -7.202731e+00 1.369563e+00 -1.376239e+00 1.710365e+00 -4.349069e+00 -2.967877e+00
1.232560e+01 -9.741796e+00 1.343375e+00 2.488918e+00 -5.769147e+00 4.771150e+00 -8.485199e+00 2.213585e-01 3.038154e-01 2.169883e+00 -3.899124e+00 -2.971297e+00
1.041333e+01 -6.859188e+00 -3.256447e-01 4.635019e+00 -7.381730e+00 3.617432e+00 -9.170691e+00 -8.050437e-01 2.586622e+00 6.143403e-01 -1.725727e+00 -4.113709e+00
1.160463e+01 -7.411290e+00 1.810485e+00 2.763846e+00 -6.511551e+00 1.245605e+00 -1.004339e+01 1.959582e+00 2.048800e-01 1.648767e+00 -8.925539e-01 -3.761100e+00
1.169771e+01 -5.895756e+00 6.371622e-01 4.541616e+00 -8.023686e+00 1.129397e+00 -1.133555e+01 2.381241e+00 -9.031816e-01 2.843785e+00 -6.009406e-01 -3.263676e+00
1.329133e+01 -5.136569e+00 1.513630e+00 3.177449e+00 -7.019290e+00 2.120548e+00 -1.263275e+01 8.680660e-01 -6.328886e-01 1.378341e+00 1.366760e+00 -2.244562e+00
1.257718e+01 -2.328703e+00 1.667713e+00 4.416673e+00 -5.255153e+00 1.316926e+00 -1.257904e+01 -1.743204e+00 -1.187149e+00 9.607427e-01 1.366691e+00 1.860689e+00
1.149825e+01 -4.400567e+00 -8.455782e-01 -3.312984e+00 -1.465922e+00 -1.983361e+00 -1.483189e+00 1.100279e+00 -5.032519e+00 7.875872e-02 3.338433e+00 -2.282849e+00
1.186579e+01 1.801314e+00 1.902246e+00 5.169196e+00 -4.039692e+00 2.450785e+00 -1.102074e+01 -3.237314e+00 -4.618603e+00 -7.152257e-01 3.051326e+00 4.213397e+00
1.034516e+01 4.829881e+00 3.427327e+00 5.308877e+00 -3.280144e-01 6.557879e-01 -6.687641e+00 -3.748734e+00 -5.654804e+00 -4.196486e-01 3.704835e-01 1.160887e+00
-1.041955e+01 -1.251808e+00 -2.548366e+00 3.448761e-01 -2.866940e-01 4.315563e+00 -6.076245e-01 6.456355e+00 8.202885e+00 -3.958911e+00 -8.177604e+00 -2.097239e+00
-7.954652e+00 3.892803e-01 -1.283833e+00 2.886555e-01 2.104538e+00 -2.403378e-01 -6.267576e-01 3.257271e+00 1.898939e+00 1.645401e+00 -4.796589e+00 -7.761744e-01
-1.303280e+01 6.460525e+00 -2.430857e+00 8.300829e+00 -4.591060e-01 -1.369025e+00 -1.341548e+00 -2.201886e+00 -6.247091e-02 -2.190096e+00 1.701599e+00 -3.736495e-01
-7.888850e+00 2.039486e+00 1.118361e+00 4.885051e+00 2.288167e+00 4.211968e+00 3.201585e+00 4.920082e+00 9.315857e-01 -5.296901e+00 -2.765685e+00 1.941200e+00
-5.935666e+00 6.815810e-01 1.004448e+00 4.284083e+00 2.601113e+00 -2.077013e+00 -2.693945e+00 1.985574e+00 2.484920e+00 -3.591151e+00 -4.837654e+00 -6.132033e+00
6.546330e+00 8.767856e+00 6.238873e+00 3.830030e+00 4.588882e+00 4.339922e+00 -5.216207e+00 -4.431881e+00 -3.640475e+00 -1.554952e+00 -9.511805e-02 -2.542974e+00
-1.655419e+01 3.817681e+00 -2.952572e+00 9.100992e+00 1.065463e+00 -2.285324e+00 -5.815256e+00 -3.316790e+00 9.642791e-01 2.367167e+00 1.236395e+00 1.064019e+00
-2.552395e+00 3.241256e+00 -6.449962e-02 8.386110e-01 9.529314e-01 -8.122720e+00 1.043218e+00 4.315426e+00 4.592916e+00 1.870312e+00 1.078420e+00 -3.362008e+00
-4.917976e+00 1.450511e+00 2.626620e+00 3.547884e+00 2.630143e+00 -5.020804e+00 -1.481572e+00 5.089716e-01 -3.103850e+00 3.517880e+00 5.606674e+00 1.723714e+00
-5.259627e+00 7.569579e+00 7.237499e+00 6.909886e+00 9.399570e+00 7.096785e+00 4.106827e+00 2.198036e+00 -8.618667e-01 -3.434571e+00 -1.900316e+00 -3.502546e+00
-1.040089e+01 5.710799e+00 -9.321356e-01 3.794989e+00 3.098946e-01 -1.238657e+00 -1.154558e+00 -4.483428e+00 -5.933191e+00 -5.751774e+00 1.608110e+00 -2.306896e+00
-3.659103e+00 6.650181e-01 1.874346e+00 -4.051771e-01 6.444931e-02 -4.567462e+00 2.279246e+00 2.637127e+00 6.524492e+00 3.518023e+00 2.240566e+00 -4.000932e+00
-1.526352e+01 4.183753e+00 -6.060238e+00 1.008176e+01 1.786224e+00 -2.028928e-01 -4.179523e+00 -4.249793e-01 2.875710e-02 7.846832e-01 1.690392e+00 1.477632e+00
-6.247330e-02 8.627169e+00 7.547963e+00 7.374294e+00 1.075084e+01 6.966533e+00 3.270510e+00 1.402076e+00 -1.512136e+00 1.380525e-01 -2.872448e+00 -5.315901e+00
-1.640725e+01 2.806735e+00 -5.615443e+00 6.032710e+00 2.365485e+00 1.365778e+00 6.880029e+00 1.139758e+00 2.171261e+00 -4.151110e+00 -3.192801e+00 -2.961420e-01
-1.500681e+01 3.436868e+00 -5.514463e+00 4.939162e+00 1.279154e+00 4.838719e-01 2.658608e+00 -1.892636e+00 -3.674138e-01 -3.887692e+00 1.544735e+00 4.993285e+00
-3.012910e+00 1.102566e+00 2.672650e+00 -4.159399e+00 2.130799e+00 1.151659e+00 -3.060806e-01 1.101638e+00 1.009622e+00 -1.610086e+00 -8.870614e-01 1.367834e-01
-1.125166e+01 -8.897147e-01 8.840740e+00 9.991038e+00 -6.526239e+00 -7.905624e-01 7.572457e+00 8.231837e-01 4.558625e+00 4.570303e+00 4.230219e-01 5.042458e-01
-1.442975e+00 1.605511e-02 -3.344626e-01 1.174231e-01 8.003988e-01 -6.738737e-01 -3.634534e+00 -4.091023e+00 4.524930e-01 -6.580999e+00 -7.032341e+00 -5.264761e+00
-2.301299e+00 8.068662e-01 1.461344e+00 -1.579369e+00 2.851705e+00 9.360476e-01 7.245371e-01 7.301309e-01 2.910040e+00 -3.762645e+00 -1.008045e+00 -2.598667e+00
-2.264760e+00 -1.732050e+00 -4.141268e+00 1.431825e+00 -1.065897e+00 -1.596672e+00 -3.761062e+00 -9.829667e-01 4.094942e+00 -5.605927e+00 -6.348122e-01 -5.685830e-02
-1.907573e+00 8.673859e-02 -4.301729e+00 -2.808352e+00 1.952061e+00 3.673117e-01 -3.134851e+00 1.777462e+00 4.584387e+00 -5.328190e+00 1.000742e+00 8.420205e-01
-1.137514e+00 1.679656e+00 -3.788735e+00 -1.973340e+00 -1.849679e+00 -4.158711e+00 -3.321881e+00 -2.682995e+00 -4.461477e+00 -1.100744e+01 4.802176e+00 -1.757224e+00
-1.177014e+01 4.198535e+00 2.888860e+00 1.185777e+01 1.251110e+00 -2.489780e+00 -1.800167e+00 -4.613473e+00 3.479117e+00 5.207408e+00 2.331916e+00 2.265952e+00
-1.297964e+01 4.593807e+00 -1.386745e-01 -4.646323e+00 -1.786570e+00 -5.044057e+00 -6.695574e+00 8.052973e-01 4.379207e+00 3.246009e+00 1.078129e+01 8.045414e+00
-1.490574e+00 3.350910e+00 -4.070988e+00 3.378648e-01 7.806759e-01 -3.706033e+00 2.156744e+00 1.419138e-01 -1.862836e-02 -7.536789e+00 -9.291425e-01 3.109322e-01
-1.279292e+00 1.273339e+01 -4.212720e+00 -1.255613e+01 -1.361723e+01 -1.651348e+01 2.825308e-02 -2.442891e+00 -9.290171e-01 -3.319113e+00 -2.871720e-01 1.141284e+00
-1.491701e+01 9.864038e+00 2.698437e+00 -3.599339e+00 5.210584e+00 -1.788415e+00 -2.331526e+00 -7.708081e-01 -1.178804e+00 3.583401e+00 4.632117e+00 2.081258e+00
-2.277310e+00 3.350315e+00 -2.202909e+00 -7.373310e-01 -1.636411e+00 -5.414079e+00 -2.880049e+00 -8.484341e-01 2.475364e+00 -2.895279e+00 4.187096e-01 1.188085e+00
-3.537393e+00 2.367997e+00 -3.789362e+00 1.868165e+00 4.310709e+00 -1.904654e+00 -4.147902e-01 1.329144e+00 -9.107218e-01 -4.357028e+00 1.599687e+00 8.135962e-01
-4.162088e+00 3.390964e+00 -3.831397e+00 -5.680512e-02 1.316140e+00 -7.591415e+00 -3.230203e+00 -8.199477e-01 1.246539e+00 -3.682314e+00 2.662011e+00 -1.216699e+00
-2.320229e+00 1.132218e+01 -2.119196e+00 -1.248123e+01 -1.041001e+01 -1.099213e+01 1.310825e+00 3.611026e-01 1.166270e+00 -3.212511e+00 9.654490e-01 5.462027e-01
-4.856208e+00 5.027185e+00 -4.118038e+00 3.344685e+00 1.543955e+00 -6.059732e+00 1.867704e+00 1.813306e+00 1.588786e+00 -6.570619e+00 3.906179e+00 2.999531e+00
-4.972980e+00 6.636155e+00 -6.626258e+00 -2.604965e+00 -2.605913e+00 -5.970073e+00 1.380842e+00 1.459974e+00 -7.831061e-01 -1.252527e+00 4.841904e+00 5.736262e+00
-1.270451e+01 9.020631e+00 2.098931e+00 3.251288e-01 1.870610e+00 5.436563e-02 -3.553713e+00 -2.489559e+00 2.657333e+00 -1.727788e+00 5.932655e+00 9.278442e+00
-5.576398e+00 6.338589e+00 -5.075008e+00 -8.283696e-01 -7.225866e-01 -6.004591e+00 8.505802e-01 3.515621e+00 1.790328e+00 -3.134086e-01 2.368706e+00 2.122481e+00
-4.041996e+00 9.170774e+00 -9.407167e-01 9.972627e-01 5.207758e+00 -8.022070e-03 4.255369e+00 5.080127e+00 8.139483e-01 -3.866982e+00 -6.417629e-01 4.270709e-01
-1.237776e+01 7.069050e+00 1.909941e+00 1.808496e+00 2.607127e+00 -3.732574e+00 4.363711e-01 2.016974e+00 8.252601e+00 1.090961e+00 4.819778e+00 2.534205e+00
-5.885282e+00 1.055947e+01 -4.114647e+00 1.689641e-01 5.215780e+00 -2.420645e+00 9.012971e-01 -3.585930e+00 4.312658e-02 1.125460e+00 5.150839e+00 8.172179e+00
-4.030677e+00 1.207091e+01 8.783000e-01 4.840016e+00 5.210472e+00 -2.449228e+00 1.164902e+00 7.261860e-01 1.176900e+00 -1.397059e-01 1.675042e+00 4.261452e+00
-8.665905e+00 7.943370e+00 2.511747e+00 -9.643792e-01 -2.877353e+00 -4.541905e+00 3.027081e+00 6.059623e-01 1.912237e+00 2.492242e+00 2.004297e+00 -2.507315e+00
-6.202895e+00 1.361934e+01 1.390093e+00 1.962561e+00 5.044656e+00 -2.853364e+00 2.476882e+00 3.569877e+00 6.088366e+00 6.817279e-01 2.862981e+00 -2.564135e+00
-1.015772e+01 1.086653e+01 1.456760e+00 -2.074121e+00 -2.193471e+00 -6.348594e+00 7.166650e-01 7.147279e-01 8.609568e+00 6.578267e+00 1.256159e+00 5.851984e-02
-4.813313e+00 9.049150e+00 -3.331204e+00 -2.620295e-02 6.441755e+00 7.692931e-01 5.600224e+00 7.493162e-01 -1.491983e+00 -5.641215e-01 1.690412e+00 2.985094e+00
-5.814413e+00 9.774448e+00 1.348190e+00 4.171127e+00 5.346107e+00 -8.998010e-01 6.140697e-01 -5.824678e-01 -3.433597e+00 -1.594347e+00 1.943464e+00 2.454139e+00
-1.169664e+01 1.029760e+01 3.157022e+00 6.142728e-01 5.056743e+00 -6.820029e+00 2.867012e+00 1.977550e+00 6.660900e+00 2.599418e+00 1.754508e+00 9.586453e-02
-7.804759e+00 7.318800e+00 -4.288280e+00 -1.103900e+00 1.330484e+00 -3.456095e+00 -3.083608e+00 -5.235287e+00 -4.617883e+00 -1.173436e+00 4.206757e+00 6.940102e+00
-1.253007e+01 8.031900e+00 3.185495e+00 2.889345e+00 1.446160e+00 -3.038388e+00 4.811014e+00 3.476640e+00 5.949470e+00 7.413880e+00 5.753871e+00 -7.126021e-02
-6.267064e+00 8.842004e+00 -1.381535e+00 -2.278067e+00 6.205514e+00 8.951714e-01 5.054456e+00 4.469667e+00 8.560309e-01 -6.321340e-01 -1.930830e+00 1.529973e+00
-1.169288e+01 8.217138e+00 2.364031e+00 2.890465e+00 3.502583e+00 1.491385e+00 2.289764e+00 7.444227e-01 6.456296e+00 1.929177e+00 5.120535e+00 1.757653e-01
-1.170981e+01 8.842853e+00 3.190426e+00 4.927411e+00 5.132711e+00 -6.316080e+00 3.723188e+00 2.481563e+00 9.465614e+00 3.121986e+00 -1.264730e+00 5.926752e-01
-1.245627e+01 8.473573e+00 3.626095e+00 1.701524e+00 2.228947e+00 -1.340025e+00 4.455482e+00 -1.392191e+00 1.244574e+00 1.064038e-01 1.847396e+00 4.976637e+00
-1.033700e+01 1.010932e+01 2.439092e+00 4.022473e+00 7.173475e+00 -8.326800e-01 2.218161e+00 3.847147e-01 9.292445e+00 5.963038e+00 2.893804e+00 -8.751786e-01
-1.171433e+01 8.022911e+00 3.534465e+00 3.520973e-01 2.516237e+00 -1.444170e+00 4.725925e+00 7.980728e-01 3.268898e+00 1.824247e+00 6.408882e+00 9.190750e-01
