-3.199006e+00 1.784470e+00 -1.131766e+00 1.035103e+00 -1.282842e+00 3.352822e-01 1.051544e+00 -1.447341e-01 -1.109727e-01 -1.210273e+00 -2.642286e-01 -1.460771e+00
1.093925e+00 -5.037712e+00 3.817839e-01 1.449795e+00 -1.799991e+00 -4.325441e-01 -3.244367e+00 4.314276e-01 3.363322e+00 -2.667625e+00 -1.660527e+00 -6.343285e-01
4.146390e+00 -1.690817e+00 -7.887599e-01 2.539178e+00 7.798012e-01 -3.149239e+00 -2.139575e+00 -9.253242e-02 -3.071601e+00 -6.339624e+00 -3.733891e+00 -7.380360e-01
6.307343e+00 4.308706e+00 -1.208038e-01 -4.141462e+00 -6.632376e+00 -8.328126e-01 -2.119717e+00 -2.947249e-01 -1.410903e+00 -3.191726e+00 7.067604e-01 -5.177182e+00
3.051811e+00 3.520357e+00 -2.845809e-01 -2.725518e+00 -4.705122e+00 -3.270904e-01 -2.031522e+00 2.235976e+00 7.314767e-01 -1.505974e+00 2.461800e+00 -3.612380e+00
-1.687340e+00 1.126946e+00 -1.292387e+00 8.307307e-01 -1.476799e+00 4.042519e-01 2.369309e-01 -8.910400e-01 -7.647008e-01 -7.623158e-01 7.704626e-01 -1.566402e+00
3.271226e+00 -1.843498e+00 -2.980621e-01 1.543838e+00 6.948163e-01 -1.784972e+00 -1.951129e+00 1.147481e-01 -7.941626e-01 -4.015088e+00 -1.747494e+00 -1.205904e+00
8.615155e-01 -4.179600e+00 8.316219e-03 1.388473e+00 -3.652070e-01 8.228685e-01 -3.259892e+00 6.187075e-01 3.864988e+00 -9.427406e-01 -2.566251e+00 -1.288635e+00
-1.278818e+00 -4.692844e-01 -1.469778e+00 -4.504766e-01 -9.272206e-01 8.686609e-01 -4.720912e-01 -8.154286e-01 -1.845768e+00 -6.231335e-01 -3.134313e-01 7.397441e-01
-1.512675e+00 -1.158402e-02 -6.581758e-01 -4.759812e-01 -2.483124e+00 2.113343e-01 -1.528870e+00 -1.147113e+00 -1.752335e-01 -9.820652e-03 -6.019329e-01 1.477043e+00
-1.675496e+00 8.174949e-01 -1.723805e+00 6.312112e-01 -4.719468e-01 1.830173e-01 1.008642e+00 7.640811e-01 1.516539e+00 8.557701e-03 4.501719e-01 1.432816e-01
-1.804541e+00 3.156411e-01 -2.820017e-02 8.836803e-01 -2.337647e+00 2.469139e-02 -1.463425e+00 6.864800e-02 1.445021e+00 -3.839023e-01 7.561527e-01 1.078717e-01
-1.159506e+00 3.945792e-01 -4.420697e-01 2.267209e+00 4.526220e-01 8.099982e-01 -1.775615e+00 5.441406e-01 8.543620e-02 -8.221321e-01 4.598061e-01 8.469473e-01
2.719226e+00 -3.357599e+00 -1.825058e+00 -1.528609e+00 8.090541e-01 -1.676841e+00 -4.871286e-01 -5.100046e-01 3.171004e-01 -1.193338e+00 -1.476748e+00 -2.084830e+00
-2.778578e-01 -1.203401e+00 -1.852081e+00 -2.138178e-01 -1.718054e-01 5.647663e-01 6.863204e-01 -8.430747e-01 -1.463516e+00 -1.563081e+00 -1.004915e+00 8.373300e-01
9.741136e-01 -2.559013e+00 5.576485e-01 3.572662e+00 1.406870e+00 -1.137948e+00 -4.775559e-01 3.218609e-01 -1.738632e+00 -5.929109e+00 -4.574217e+00 2.958341e-01
-7.878205e-01 -2.707374e-01 -1.520681e+00 2.074753e+00 3.928689e-01 -5.423223e-01 -9.070336e-01 -1.247659e-01 -1.040468e+00 -3.804483e-01 1.114005e+00 1.017833e+00
6.079926e+00 3.806086e+00 2.144034e-01 -4.992162e+00 -6.283413e+00 9.679403e-02 -1.110175e+00 -1.678129e+00 -2.963502e+00 -2.769714e+00 -8.899093e-01 -3.810021e+00
1.682602e+00 -2.760189e+00 -1.672272e+00 -1.347572e+00 1.503558e+00 -1.304174e-01 1.149421e-01 -8.074726e-01 -6.580568e-01 -1.555954e+00 -1.835497e+00 -5.489239e-01
-2.131509e-01 -3.049839e-02 -9.175279e-01 1.842735e+00 1.169253e+00 -6.723856e-01 -1.351758e+00 -1.322178e+00 -1.937516e+00 -1.123438e-01 -1.926303e-01 -8.052860e-01
-1.659862e+00 2.160990e+00 8.086295e-01 1.070368e+00 1.757761e+00 1.438713e+00 -1.459036e+00 1.486208e+00 -1.873378e+00 -1.180012e+00 -2.144682e-01 1.281050e+00
2.039650e-01 1.748254e+00 2.002140e-01 -7.478175e-01 -6.716652e-01 -6.083745e-01 -2.819242e+00 5.878268e-01 1.862516e+00 -9.782326e-01 2.197752e+00 -6.297638e-01
5.988332e-01 -2.562084e+00 4.195899e-01 1.559853e+00 -7.635388e-01 -1.055128e+00 -2.225445e+00 -7.745980e-01 1.680031e+00 -1.475551e+00 -6.316270e-01 -2.098437e-01
2.786433e-01 -1.828241e+00 8.809119e-01 -1.236340e+00 -6.274980e-01 -1.850011e-01 -6.994731e-01 -1.841033e-01 9.216242e-02 -6.973484e-01 -5.063339e-01 -1.327383e+00
-7.762784e-01 1.069717e+00 8.551974e-01 1.967105e+00 2.069892e+00 2.316216e+00 3.279918e-01 1.308393e+00 -5.021400e-01 -4.036229e-01 8.752643e-01 1.020312e+00
2.089952e+00 -2.992339e+00 -5.383626e-01 -1.742525e+00 5.923070e-01 -5.799441e-01 -1.717170e-01 5.195676e-01 6.912819e-01 6.636733e-01 -2.414167e-01 5.707378e-02
8.777319e-01 -2.779480e-01 -5.031889e-01 6.462712e-01 -8.185396e-01 4.324373e-01 1.243193e+00 3.018499e-01 -2.920588e-01 -1.429135e-01 -9.173584e-01 -2.884818e-01
2.371637e-01 3.261291e-01 5.778829e-01 1.754036e+00 2.304424e-02 1.646838e+00 4.807358e-01 1.295610e+00 1.314579e+00 1.199267e+00 7.502668e-01 -2.397202e-01
2.221319e-01 2.761062e-01 6.901941e-02 -5.580508e-01 -1.341697e-01 -5.528654e-01 9.211403e-01 -1.169972e+00 -1.483377e+00 -2.865577e-02 -1.391899e+00 -8.331364e-01
7.751307e-01 -8.140415e-01 -3.198509e-01 -2.383709e-01 -8.345691e-01 -4.612632e-01 2.309787e-01 1.682057e-02 -9.900351e-02 -3.375783e-02 -5.415691e-01 -3.569029e-01
1.303666e-01 -1.799331e-01 -1.062824e+00 -1.372021e-01 4.880406e-01 1.327074e+00 3.078581e-01 1.130454e-01 -1.993795e-01 -1.362142e+00 1.168154e-01 1.111937e+00
3.859959e-02 2.476272e-01 -9.641169e-01 -7.634778e-01 -1.924588e+00 -2.361159e-01 6.402124e-01 1.161892e+00 3.122546e-01 7.845936e-01 3.555259e-01 9.405721e-01
-3.184872e-02 3.597935e-01 -6.537296e-01 -1.105471e+00 -1.956073e+00 5.142107e-02 1.102941e-01 6.381599e-01 -8.171892e-01 9.734617e-01 2.722214e-01 -8.253034e-01
1.416618e-01 5.222237e-01 3.002300e-02 7.446512e-01 -7.366705e-03 -1.726778e+00 -8.052329e-01 -5.750729e-01 -7.239841e-01 -1.788194e+00 -8.018258e-01 2.666468e-01
2.451806e-01 -7.656622e-03 -2.480551e-01 2.360400e-01 -1.972363e-01 8.375193e-01 1.041254e+00 -5.497642e-01 -7.338630e-01 -1.139333e+00 -3.748418e-01 -7.537290e-01
4.964420e-01 1.152090e+00 9.642204e-01 4.908486e-01 -7.213744e-01 -1.932978e-01 -4.691825e-01 -1.476902e+00 -1.372595e+00 -1.414757e+00 -1.165860e+00 -9.501985e-01
-3.564487e-01 6.241558e-01 4.062045e-01 -2.550550e-01 5.999775e-02 -5.307648e-01 -2.345705e+00 9.613544e-01 -1.227283e-01 -3.102394e-01 -5.124504e-02 2.006171e+00
4.089797e-01 8.014442e-01 3.918336e-01 1.463788e-01 -6.934065e-01 5.586057e-01 -1.165502e+00 -8.586362e-01 -7.781413e-01 -1.016350e+00 -6.307529e-01 -1.001956e+00
3.547854e-01 5.562550e-01 1.596674e+00 1.311027e+00 -1.031798e+00 1.347734e+00 1.485977e+00 1.311043e+00 1.095957e+00 -1.287937e-03 -4.199740e-01 -1.153303e+00
-2.314191e+00 -2.308207e+00 1.571878e+00 -2.280099e+00 -3.609935e+00 -4.557312e-01 1.747914e+00 2.434829e+00 1.297240e-01 1.355035e+00 2.892539e+00 2.361408e-01
2.167584e-01 5.722741e-01 7.130975e-01 1.536514e+00 3.733646e-01 -7.353508e-02 5.223804e-02 -1.608248e-01 3.186857e-01 -6.261099e-02 -1.954958e-02 1.304530e+00
6.219172e-02 1.720760e+00 -5.179109e-02 -1.145909e+00 3.111851e-01 -1.316180e+00 -2.038090e+00 -2.157267e+00 1.656780e+00 -7.707172e-01 5.326751e-01 3.788443e-01
3.163360e-01 6.889272e-01 2.056574e-01 -9.006739e-01 -7.895223e-01 1.821369e-01 -1.189127e-01 1.530434e+00 -1.450179e+00 -1.022559e+00 -9.723922e-01 -6.298429e-01
-4.027324e-01 1.281106e-01 -1.372391e-01 1.105189e+00 -4.982383e-01 -3.234208e-01 -5.269377e-01 -6.228107e-01 2.940650e-01 -8.868232e-01 -1.805929e+00 -6.119547e-02
1.597984e-01 3.713856e-01 -2.220412e-01 -9.633064e-04 -1.716154e+00 6.951703e-01 -8.351763e-02 2.602352e-01 1.067926e+00 1.567903e+00 2.482325e-01 3.360287e-01
-1.667535e-01 1.915073e-01 2.466566e-01 1.013386e+00 1.171100e+00 7.911209e-01 -2.054935e-02 2.182218e-01 -2.119923e-01 2.626638e-02 -1.050605e+00 1.622464e+00
-3.510055e-01 -8.399460e-01 -8.768695e-01 -1.901102e+00 -1.354802e+00 1.725347e-01 -9.813756e-01 -2.455051e+00 -1.177803e+00 -7.134736e-01 7.918147e-01 -4.484940e-02
-3.065925e-01 3.456033e-01 2.064961e-01 3.461949e-01 2.584098e-01 5.575199e-02 2.460476e-01 4.497215e-01 8.245363e-02 1.453100e+00 -1.667921e+00 5.694461e-01
4.092131e-01 -5.575420e-01 -7.475392e-01 -5.640206e-01 1.686433e+00 1.299697e+00 -3.828026e-02 3.520541e-01 2.495842e-01 -2.902542e-01 1.493134e+00 3.562578e-01
7.350718e-01 1.040306e+00 7.735479e-01 1.070285e+00 1.057821e+00 1.431031e+00 -6.051979e-02 -6.037106e-01 1.161128e+00 6.995498e-01 -1.140234e-01 8.911169e-01
-4.067578e-02 -1.842209e+00 -1.196879e+00 1.624423e+00 1.573471e+00 5.177717e-02 4.945933e-01 -3.997170e-01 4.602374e-01 9.744689e-01 3.514602e+00 1.428125e+00
-6.927547e-01 -4.587273e-01 -3.837625e-01 6.673447e-01 9.986475e-01 -1.196698e+00 -9.013101e-02 -6.722666e-01 -4.408022e-01 -1.571113e+00 -1.223270e+00 8.768581e-01
5.048018e-01 8.734254e-01 9.314041e-01 9.264554e-01 2.395159e-01 7.253042e-01 5.197316e-01 -4.353848e-01 1.943056e+00 1.603293e+00 1.466707e+00 2.258303e+00
-1.097222e-01 -5.070025e-01 -1.328843e+00 -4.619011e-01 7.798914e-01 1.614650e+00 7.729419e-01 9.163639e-01 1.617880e+00 8.614731e-03 -4.818656e-01 5.322448e-01
-2.928829e-03 8.829059e-02 -2.142601e-01 -2.039789e-01 7.992292e-01 1.428249e+00 -1.966414e-02 1.527295e-01 1.566986e+00 4.312600e-01 -4.703501e-01 2.601685e-01
1.326189e-02 -2.097352e+00 -8.136560e-01 1.094650e+00 1.250401e+00 1.149560e-01 1.850305e+00 5.707934e-01 9.509053e-02 5.020866e-01 3.051030e+00 1.315473e+00
7.499854e-01 9.264263e-01 -1.085818e-03 4.540404e-01 9.329838e-01 1.129404e+00 1.013278e-01 -7.253785e-02 1.439262e-01 2.274471e-01 -7.957650e-01 -7.814433e-01
8.874464e-02 -2.621992e-02 3.582284e-01 4.882760e-01 -8.241663e-02 9.205320e-01 6.860442e-01 -5.626300e-01 8.613695e-01 -9.162831e-03 1.101030e+00 -1.947649e+00
-4.060154e-01 -6.677940e-02 -3.912762e-01 8.503222e-02 4.874311e-01 1.003315e+00 -2.279530e-01 -7.610868e-01 1.238058e-01 -1.407875e+00 -9.134575e-01 -2.599443e-01
-3.063156e-01 -4.157249e-01 1.032523e+00 3.685457e-01 3.122554e-02 -3.960592e-01 -2.444968e-01 1.412010e-01 -1.883816e-01 1.245851e+00 7.313635e-01 -1.546028e+00
2.087526e-02 2.168922e-01 5.925678e-01 1.808589e-01 8.054457e-02 1.760008e-01 -1.690259e-01 -1.190849e+00 8.689952e-01 1.727665e+00 1.623259e+00 2.063457e+00
4.202395e-02 4.766381e-01 5.120354e-01 1.217724e+00 2.517376e-01 -9.424137e-01 -1.017434e-01 -3.791547e-01 2.084955e-01 1.109724e+00 -1.296450e-01 4.463782e-01
-7.997417e-02 3.033930e-01 -3.073155e-01 -8.901719e-01 -1.236584e+00 1.396868e+00 -1.654881e-01 5.221709e-01 7.430984e-01 2.416878e+00 1.718943e+00 1.097592e+00
-1.683831e-01 5.912220e-01 1.326817e+00 1.599574e+00 8.526232e-01 3.405816e-01 1.206196e+00 8.505295e-01 6.479385e-01 9.562877e-01 4.226233e-01 8.441014e-01
3.319354e-02 -1.506663e+00 -1.322521e+00 2.429257e+00 2.817882e+00 -2.824130e-02 -1.129938e-01 4.834089e-01 7.708191e-01 2.163157e+00 2.891285e+00 1.966600e+00
-2.860491e-01 3.183416e-01 -9.884350e-01 -1.572425e+00 -7.490498e-01 2.318655e+00 4.047189e-01 1.003222e+00 5.721999e-01 1.781929e+00 2.386807e+00 1.542828e+00
-5.630900e-01 -6.858507e-01 5.154699e-01 4.833257e-01 3.080022e-01 -1.330680e+00 -3.343741e-01 -1.160785e-01 6.430716e-01 1.235248e+00 -7.287127e-01 3.214884e-01
2.930154e-01 8.904045e-01 5.722404e-01 -2.517864e-01 8.020481e-01 7.505763e-01 5.387291e-01 8.574187e-01 1.214471e+00 -2.305478e-01 -4.974097e-01 -1.041756e+00
-7.252219e-01 -1.026241e+00 -1.147268e+00 -1.211807e+00 1.805279e-01 1.857209e-01 -9.340066e-01 4.950250e-01 7.815089e-01 7.956411e-01 5.509552e-01 -5.285329e-01
-6.638422e-02 6.532006e-01 6.563812e-01 4.109005e-01 1.454831e+00 1.001006e+00 1.107042e+00 6.705341e-01 2.316617e+00 1.692783e+00 -8.847027e-02 4.174811e-01
3.684549e-02 -5.254624e-01 3.178229e-02 -6.651109e-01 -3.520892e-01 -1.690163e+00 -2.895718e-01 1.091457e+00 1.162955e+00 8.711222e-01 2.415605e-02 7.875957e-01
-1.984270e-01 1.296807e-01 2.679681e-01 1.168048e+00 -2.991204e-01 -7.147887e-02 7.953115e-01 -6.338202e-01 -1.604952e+00 -5.337383e-01 -4.992483e-01 6.169909e-01
-8.700840e-01 -1.476069e+00 -5.962413e-01 4.486079e-01 -8.612354e-01 2.001956e+00 1.286148e+00 1.370898e+00 6.515632e-02 -1.574674e+00 1.611140e+00 -1.747661e+00
-4.008812e-01 -1.937012e+00 -9.177318e-01 9.785736e-01 -6.021462e-02 1.316687e+00 1.278342e+00 1.573994e+00 -5.884138e-01 -5.485962e-01 2.169771e+00 -2.176020e-01
1.688657e-01 5.452321e-01 -4.568953e-02 -4.220777e-01 -2.037895e-01 -5.469745e-01 5.507803e-02 9.619532e-01 5.415190e-01 -1.252725e+00 -1.265394e-01 5.323282e-01
3.422084e-01 4.946447e-01 1.289988e+00 -4.357415e-01 -1.427440e+00 -6.778441e-02 2.134227e+00 -3.610558e-01 4.087819e-01 -6.039440e-01 -7.334927e-01 -1.518294e+00
1.908922e-03 1.200386e+00 -4.508007e-01 -1.445290e+00 -1.934328e-01 -9.950637e-01 -1.328076e+00 -2.301837e+00 2.793735e-01 -1.481009e+00 9.941578e-02 5.104712e-01
-9.301608e-01 -9.721104e-01 4.387999e-02 7.101448e-01 -1.623205e+00 2.569553e+00 1.576420e+00 1.475805e+00 6.396099e-01 -1.410396e+00 1.147417e+00 -2.017226e+00
4.609631e+00 2.794427e+00 7.734046e-01 -2.750305e+00 -2.451928e+00 7.998582e-01 -3.477240e-02 -1.922693e+00 -1.925568e+00 -3.968851e-01 -6.291154e-01 -8.475525e-01
-1.146539e-01 2.059615e-01 -5.905554e-01 -1.470761e-01 -8.967921e-01 -1.352807e+00 -3.456302e-01 1.470696e+00 1.225303e+00 -1.467413e-01 7.282989e-01 1.653290e+00
-7.930743e-01 -2.024701e-02 -6.330503e-01 -1.175382e+00 4.499647e-01 1.351451e+00 -3.690762e-01 -5.847345e-02 3.487300e-02 -1.387861e-01 2.399908e+00 1.685422e+00
2.662311e-01 1.153774e+00 4.338955e-01 -4.763427e-01 4.361841e-01 8.274425e-01 1.465305e+00 3.113060e-02 -1.486722e-01 2.004982e+00 9.456167e-01 7.534410e-01
-6.197109e-02 -7.178366e-01 7.848766e-01 -1.527820e-01 1.014462e+00 6.000925e-01 1.535207e-01 -4.714761e-02 -1.576233e-01 7.863018e-01 1.209817e+00 -8.456004e-02
2.684546e-01 5.841995e-01 -3.548346e-01 -1.273472e+00 -4.471157e-01 8.937192e-01 5.216570e-01 -1.531058e+00 -2.263363e+00 -9.234329e-01 -4.593094e-01 -1.652492e+00
-3.794394e-02 6.264047e-02 -7.468758e-01 -4.765848e-01 -1.582538e-01 -8.537385e-01 6.414974e-01 8.369890e-01 -2.237798e-01 -1.696717e+00 6.063046e-02 1.337815e+00
-1.991506e-01 5.557314e-01 4.933894e-01 -2.465813e-01 -2.791331e-01 5.325949e-01 7.483292e-02 -1.080077e+00 9.266865e-01 1.948520e+00 1.318457e-01 2.272149e-01
-7.856016e-01 -1.026287e+00 3.305454e-02 5.871754e-02 -2.489262e+00 2.146674e+00 1.243697e+00 3.616868e-01 -6.199803e-01 -2.363407e+00 4.923514e-01 -1.940199e+00
-2.023758e-01 3.526160e-01 -7.816355e-02 -2.566241e-01 -1.304719e+00 1.297378e-01 -5.382513e-01 -1.860000e+00 -2.099323e+00 -7.878131e-01 -3.494703e-01 -5.230868e-01
3.406107e-01 1.027225e+00 -3.947895e-01 -2.621531e-01 1.306208e+00 5.019829e-02 3.205481e-01 -1.068637e-01 4.815140e-01 4.068228e-01 -8.415327e-02 1.334316e+00
-5.343157e-01 -7.825246e-02 -9.343257e-01 -7.187594e-01 -1.353491e+00 -1.135960e+00 5.754604e-02 2.873864e-01 1.517745e+00 2.149201e+00 4.667947e-01 1.402653e+00
4.148781e-01 7.363065e-01 -7.875805e-01 1.033013e-01 1.306224e+00 3.021141e-01 8.208967e-01 9.306958e-01 -6.263511e-01 4.479334e-01 -1.889099e-01 1.614521e+00
3.669516e-01 -1.659993e-01 -2.904802e-01 7.031808e-01 8.248404e-01 6.199154e-01 1.773152e+00 1.854746e+00 -1.253970e+00 2.518468e-01 -4.867679e-01 1.895217e+00
1.682305e-02 -8.499591e-01 -8.035097e-02 6.883450e-02 -6.125780e-01 1.260139e+00 1.943373e+00 6.351527e-01 -1.207546e+00 -8.038298e-01 -1.012113e+00 2.500013e-01
-2.503256e+00 -1.889420e+00 1.435716e+00 -2.590985e+00 -3.105840e+00 2.724442e-01 1.626966e+00 1.931076e+00 -5.759128e-01 7.747346e-01 2.915899e+00 4.065125e-01
2.991576e-01 1.100472e+00 3.893063e-02 -1.739009e+00 1.153173e-01 9.483238e-01 5.754770e-01 -1.249426e+00 -1.114098e+00 4.136502e-01 8.442110e-01 3.957549e-01
-1.334902e+00 -3.691085e-01 1.121506e+00 -1.077695e+00 -2.297585e+00 -1.155091e+00 1.155360e+00 1.078969e+00 -8.050091e-01 5.180597e-02 -7.331309e-02 -1.018629e+00
6.432076e-01 -1.399853e-01 8.730257e-02 6.342454e-02 1.717829e-01 -3.202726e-01 1.909901e-01 6.396968e-01 4.979372e-03 6.657506e-01 -5.440225e-02 -1.207142e+00
-8.823755e-01 1.932431e+00 -2.211862e-01 6.519905e-01 6.886836e-01 9.311328e-01 1.100865e+00 6.921002e-01 -1.766078e+00 1.924829e+00 3.412722e+00 1.066252e+00
-4.404612e-02 6.057473e-01 3.944481e-01 -9.245081e-02 6.069918e-01 1.525309e+00 1.728012e+00 -1.587655e-01 -1.088066e+00 3.090217e-01 -1.554077e+00 9.405603e-01
2.401450e+00 -1.030953e+00 2.775828e-01 -1.807968e+00 5.056788e-01 4.403575e-01 -3.226495e-01 -7.579599e-01 -1.106606e+00 5.650177e-01 4.079308e-01 7.575830e-01
-3.916861e-01 -1.683301e+00 -1.498080e+00 2.783988e+00 3.192175e+00 -3.943484e-01 -1.361754e+00 9.962965e-01 8.353125e-01 2.151664e+00 1.344639e+00 8.971771e-01
-4.913259e-01 1.211751e+00 8.667942e-01 5.138104e-01 2.958296e-01 1.671314e-03 -4.173133e-01 -5.679168e-01 6.063597e-01 -1.235661e-01 -8.397139e-01 -1.729447e+00
-5.180014e-01 -1.787904e+00 -1.277021e+00 2.691062e+00 3.608661e+00 -1.102662e+00 -1.948948e+00 2.005391e+00 1.101432e+00 1.725184e+00 -8.967134e-01 2.690908e-01
2.627362e-01 1.195066e+00 6.255408e-01 4.423134e-01 2.258493e+00 2.767704e+00 1.652937e+00 6.856070e-02 -2.927369e-01 4.414228e-01 -2.048101e-01 2.782542e-01
1.305708e-01 -1.965474e+00 2.179905e-02 -2.110750e+00 -2.064483e-01 -1.300852e+00 -4.563858e-01 -7.915221e-01 1.359893e-02 1.000363e+00 9.356659e-01 1.021613e+00
3.579940e-01 -6.251973e-01 3.224063e-01 -1.239301e+00 -6.368755e-01 -1.645912e+00 6.617661e-01 -1.149225e+00 2.037588e+00 1.344418e+00 6.754031e-01 -2.362509e+00
2.345633e-01 2.015848e+00 5.850278e-01 3.838414e-01 2.299309e+00 2.760620e+00 3.397416e-01 -4.370483e-01 7.032347e-01 1.286364e-01 -2.942973e-01 -2.448895e-01
7.630093e-01 -6.545115e-01 3.456454e-01 -7.965498e-01 -5.617999e-01 -2.047297e+00 1.115103e+00 -2.487702e-01 2.254855e+00 1.426454e+00 -6.964929e-02 1.003134e-01
-1.094095e-01 2.117329e+00 3.487984e-01 1.441574e-02 1.871732e+00 1.634729e+00 -5.862792e-01 -1.468696e+00 8.992531e-01 9.994763e-01 -1.737221e+00 -1.673284e+00
-1.534599e+00 3.600293e+00 -1.517808e+00 -2.696645e+00 1.756344e+00 -8.553805e-01 2.309978e+00 -2.969256e-01 -3.089673e+00 2.339325e+00 2.949378e+00 1.173515e+00
-2.070088e+00 -4.542484e-01 1.695633e-02 1.220013e+00 4.297004e+00 -3.311039e+00 -4.078657e-01 1.465469e+00 2.346474e+00 3.878199e+00 -2.165079e+00 5.344024e-01
-1.810717e+00 3.903615e+00 -1.087810e+00 -2.064618e+00 1.789180e+00 -6.908703e-01 2.470360e+00 -1.666585e-01 -3.460861e+00 2.658391e+00 4.152773e+00 1.775592e+00
-4.113420e+00 -3.930830e-01 2.396711e+00 2.943939e+00 3.342908e+00 -6.499572e-02 2.502692e+00 5.672483e-01 -1.577663e-01 -2.202447e-01 -4.471549e+00 1.675813e+00
3.087023e+00 -1.652989e+00 8.986546e-01 -1.500962e+00 1.875051e-01 -8.720884e-01 -6.069261e-01 1.963709e-01 -8.197873e-01 1.420856e+00 -8.236591e-01 8.477720e-02
2.520377e+00 -2.368733e+00 9.400088e-01 -2.187999e+00 1.420460e-01 -1.495264e+00 -7.692093e-01 8.720876e-02 -1.154109e-01 2.304537e+00 1.094512e+00 1.441972e+00
-4.518128e+00 3.127571e-01 2.316757e+00 1.605415e+00 4.880564e+00 -2.006089e+00 1.592448e+00 5.736677e-01 4.098029e+00 5.085364e+00 -3.780127e+00 5.748385e-01
-5.573277e+00 3.941781e-01 3.257695e+00 1.983806e+00 4.641260e+00 -1.014170e+00 2.386328e+00 6.329155e-02 2.238790e+00 3.466341e+00 -5.644422e+00 1.190104e+00
