3.753437e+00 -3.722113e+00 1.496803e+00 -2.709389e-04 -3.847565e+00 -2.718636e-01 -1.270028e+00 8.156155e-01 -1.075387e+00 -3.390204e+00 -6.842312e-01 9.654589e-01
4.528605e+00 -1.399570e+00 2.063078e+00 -1.162826e+00 -1.701393e+00 -2.870160e-01 -1.390603e+00 2.450862e-01 -7.352351e-01 -1.484402e+00 -1.018361e+00 6.535278e-02
8.167049e-01 -2.675739e+00 4.593163e-01 -3.552710e-01 -3.915241e+00 4.758034e-01 -2.483955e-01 1.151715e+00 -1.537034e+00 -1.803992e+00 7.212949e-01 2.154234e+00
3.891890e+00 2.497732e+00 2.244425e+00 -7.057758e-01 2.017817e+00 5.799733e-01 7.118968e-01 2.711755e-01 1.217179e+00 9.193228e-01 7.986715e-01 2.703312e-01
2.948868e+00 -3.173031e+00 -3.697580e-01 -1.131355e+00 -2.071689e+00 9.771074e-01 -1.368191e+00 1.073937e-01 1.570562e+00 -4.498010e+00 2.350417e+00 1.475639e+00
1.855938e+00 -3.614090e+00 -1.415035e+00 -2.762453e+00 -3.535391e+00 1.222402e+00 -1.998313e+00 -1.510220e+00 -2.854629e-01 -4.696841e+00 6.220637e-02 -4.822545e-02
2.906669e+00 2.376915e-01 5.396376e-01 -1.676113e+00 -3.761579e-01 1.136016e+00 4.878087e-01 1.288081e+00 2.685601e+00 -2.190216e+00 3.127575e+00 1.035449e+00
3.776730e+00 2.076007e+00 2.526730e-01 -1.335507e+00 1.634593e+00 8.093783e-01 8.666833e-01 1.636306e-01 2.021488e+00 7.919159e-01 1.386231e+00 -4.208234e-01
-4.999087e-01 5.700607e-02 -2.797717e-01 8.423890e-01 -2.094325e+00 7.263013e-01 7.194133e-02 6.375558e-01 -1.223953e+00 3.269730e-02 -2.099671e-01 1.047428e+00
-1.041384e+00 2.334022e+00 -3.515631e-01 2.568439e+00 2.748725e-01 1.425483e+00 -5.493705e-01 -1.733223e-01 6.001173e-01 1.074365e-01 6.268662e-01 -8.938953e-01
5.603144e-01 2.276108e+00 4.571258e-01 1.004852e+00 -2.570476e-01 -1.236878e+00 -1.064794e-01 -7.470859e-01 -3.896172e-01 -1.211352e+00 -1.026559e+00 -1.631647e+00
-3.950857e-01 -1.129306e+00 -7.634704e-01 -1.383803e+00 -7.855752e-01 1.626248e+00 -1.074733e+00 -1.436614e+00 -1.543667e+00 -2.297156e+00 9.670683e-01 2.015764e-01
2.328053e-02 -1.147541e+00 -1.713888e+00 -1.875214e+00 -3.477544e-01 6.526480e-01 -1.523216e+00 -1.993371e+00 -2.612853e+00 -5.301520e-01 3.388777e-01 -7.516109e-01
5.409070e-01 5.782563e-01 1.059405e+00 2.675028e-01 2.887670e-01 5.661525e-01 -4.800429e-01 2.219517e-01 1.724885e+00 -1.141340e+00 -8.156695e-02 -9.085919e-01
-3.303997e-01 -3.750345e-01 1.365682e-01 1.244052e+00 1.954144e+00 9.824324e-01 1.905640e+00 1.706542e+00 9.415668e-01 -4.793962e-01 -4.804152e-01 -1.331182e+00
4.541756e-01 2.936037e-01 9.816877e-01 -1.312019e-01 -1.021088e+00 -1.625769e-01 -2.172771e-01 1.330766e+00 3.041426e+00 -3.767486e-01 1.765958e-01 -7.356174e-01
-1.927819e-01 -4.075890e-01 1.038556e-01 8.459498e-01 1.502805e+00 -2.509358e-01 5.090712e-01 7.412955e-01 1.321653e+00 1.883630e+00 5.176723e-01 -6.767132e-01
-4.507509e-01 -2.341617e-01 3.788007e-01 6.401728e-01 9.655283e-01 9.554729e-01 2.040296e+00 1.853539e+00 2.354208e-01 -5.166629e-01 -4.413958e-01 -1.037172e+00
4.662320e-01 1.739113e+00 -1.997559e-02 8.022016e-01 -1.074712e-01 -6.669275e-01 5.785287e-01 -1.244399e+00 -2.737159e+00 -2.605375e+00 -9.794766e-01 -1.002981e+00
1.700593e-01 3.928909e-02 2.705044e-01 -1.942769e-01 -1.608859e+00 2.106262e-01 7.057317e-01 6.941741e-01 2.375955e+00 2.115069e-01 -1.445322e-01 -5.240892e-01
-1.161819e-01 8.611142e-01 -6.844171e-01 4.983132e-01 -1.179926e+00 4.514198e-02 5.598770e-01 -7.740013e-02 -5.657763e-01 1.087103e-02 3.196746e-01 8.734908e-01
2.223372e-01 9.906721e-02 -3.161382e-01 -3.981599e-01 -3.608620e-01 2.113504e-01 8.843889e-01 -6.603329e-01 -1.457059e+00 1.718498e-01 2.025505e-01 -5.111579e-01
5.185900e-02 9.738331e-02 7.286015e-01 6.055881e-01 1.318670e+00 1.048678e+00 1.631779e+00 -7.841134e-02 -1.438763e+00 -2.745319e-01 2.867872e-01 -2.028149e+00
-5.052387e-01 -6.673241e-02 -3.116982e-01 1.983524e-01 -8.786625e-01 8.762009e-01 1.438468e+00 1.046667e+00 8.403758e-01 -1.084960e+00 -1.100187e+00 1.654589e-01
-4.588064e-01 -4.806260e-01 -1.205456e+00 -1.317487e+00 -1.203052e+00 -2.358757e-01 9.085617e-01 4.299423e-01 1.004042e+00 8.707325e-01 1.706247e-01 -4.685824e-02
-4.940595e-02 -9.108982e-02 -7.904138e-02 -3.207589e-01 6.701779e-01 1.583232e-01 1.250645e+00 1.525640e-01 -2.277084e+00 -3.760338e-01 3.597392e-01 -3.788303e-01
1.999336e-01 -2.396654e-01 -5.152316e-01 -8.444756e-01 -4.287773e-01 -4.050600e-01 -6.453037e-04 -2.918209e-01 2.872483e-01 6.844429e-01 -1.851069e+00 -1.704803e-01
4.515165e-01 5.200812e-01 -1.388368e-01 -5.932038e-01 8.556435e-01 2.616435e-01 -1.782229e+00 -6.023091e-01 -5.107497e-01 6.216758e-01 5.432462e-01 -9.231666e-01
-1.373105e+00 1.730019e+00 -1.686399e+00 1.880149e+00 8.821890e-01 2.038796e+00 -5.757124e-01 3.953133e-01 1.491060e+00 1.311949e+00 1.802158e+00 4.394059e-01
-7.760528e-01 1.366110e-02 3.323078e-01 1.206653e+00 1.414942e+00 1.221898e+00 2.488188e+00 2.341634e+00 7.015263e-01 -4.426668e-01 -9.074907e-01 -6.985164e-01
-1.862595e-01 5.370108e-01 -6.983148e-01 -4.766249e-01 -1.051212e+00 -2.789511e-01 -6.534119e-01 -6.330208e-01 -2.025137e-02 1.171142e-01 -4.515823e-01 2.178265e+00
5.384153e-01 1.076104e+00 -1.156940e+00 6.254131e-01 -7.794574e-01 -6.610774e-01 8.861811e-01 1.062597e-01 -8.084210e-01 8.022976e-02 -2.684266e-01 2.316926e-01
8.552433e-01 1.049430e+00 -1.156486e+00 7.586130e-01 -8.491482e-01 -8.625925e-01 1.370160e+00 -3.011286e-02 -6.185234e-01 -5.013884e-01 -2.545926e-01 -3.786532e-01
4.100946e-01 3.852651e-01 3.962699e-01 2.397063e-01 1.155711e+00 -3.387272e-01 -8.016418e-01 -2.454747e-01 -5.847977e-01 4.061628e-01 -1.038620e-01 -2.867754e-01
1.156315e+00 7.634435e-01 -3.984506e-01 1.229364e-01 -6.475264e-01 -6.370269e-01 6.845075e-01 7.943091e-01 -1.329990e+00 -7.286549e-02 -4.175545e-01 -1.098578e+00
7.003852e-02 2.902049e-01 -3.030325e-01 -8.080187e-02 1.786489e-01 -3.650488e-01 -1.299395e+00 -3.169368e+00 -3.720030e+00 -1.666019e+00 -7.459560e-01 -9.371399e-01
7.408752e-01 1.323967e+00 1.999829e-02 -6.525335e-01 -7.649122e-01 5.221463e-01 -8.974851e-01 2.079777e+00 -1.990938e+00 2.209294e-01 -3.638059e-01 -1.621263e+00
4.645259e-01 1.568152e+00 4.360493e-01 -8.320904e-01 -1.130723e+00 1.182456e+00 -1.100810e+00 1.594390e+00 -1.480893e+00 7.006102e-01 -1.076046e+00 -8.828249e-01
-1.150821e-01 -2.474690e-01 -5.363212e-02 -6.602774e-01 -4.405920e-01 -2.107968e+00 -2.260415e+00 -1.238725e+00 9.342375e-01 2.305399e+00 8.336428e-01 -3.619833e-01
1.297149e-01 1.522447e+00 2.695609e-01 2.036497e-01 -6.277735e-01 -1.662754e+00 1.245649e+00 -1.968685e-01 -8.741579e-02 7.492151e-02 -9.774022e-01 -9.125748e-01
-1.464669e-01 1.643914e+00 3.427798e-01 1.795038e-01 -1.141304e+00 -4.635872e-01 8.740956e-01 -2.016683e-01 1.778126e-01 -2.132525e-01 -6.739560e-01 -1.203330e+00
3.281211e-01 1.870036e+00 6.283452e-01 -5.979503e-01 -1.249416e+00 1.174747e+00 -1.241488e+00 1.606980e+00 -1.109215e+00 8.978524e-01 -1.168683e+00 -1.004566e+00
4.066124e-02 1.216461e+00 1.050269e+00 -6.161814e-02 3.396847e-01 -2.326954e+00 1.631317e-01 8.303932e-01 -2.716692e-01 -2.246774e-01 -2.027898e-01 -1.102254e+00
-6.382303e-02 1.619591e+00 2.469555e-01 5.270733e-01 -1.359671e+00 8.795700e-02 7.932144e-01 -2.975939e-01 2.429146e-01 4.122349e-01 -1.347165e+00 -5.378181e-01
-1.637588e-01 2.268256e+00 1.050248e-02 2.100889e-01 -1.427182e+00 7.491061e-01 -6.472845e-02 2.311027e-01 -1.372732e-01 5.001994e-01 -1.144172e+00 -6.456316e-01
-4.613171e-01 -2.102550e-01 -1.215175e+00 -1.745324e+00 -1.346839e+00 -1.998474e+00 -2.909652e+00 -9.678372e-01 -1.866658e-01 1.219615e+00 6.854311e-01 2.219039e+00
-2.897869e-01 1.431912e+00 8.396524e-01 5.604882e-01 5.844133e-01 -1.158962e+00 -8.214110e-01 -4.247073e-01 1.057956e+00 3.625930e-01 -8.351469e-01 -7.968982e-01
-1.481417e+00 -2.675592e-01 -1.311093e+00 7.413027e-01 -1.562793e+00 -3.018368e+00 2.033420e+00 1.823959e+00 2.544309e-01 6.561413e-02 -3.597555e-01 1.606298e-01
-1.615685e+00 -5.551101e-01 1.012058e+00 8.925021e-01 6.689044e-01 1.435647e+00 7.383428e-01 5.028075e-01 -4.463600e-01 -6.134906e-01 9.845016e-02 4.923900e-01
-4.874810e-01 -1.252477e+00 -8.163505e-01 -1.110779e+00 9.174290e-01 -1.477875e+00 -2.073577e+00 -2.069453e+00 -7.261706e-01 7.598289e-01 -9.613490e-03 9.615747e-01
-9.833403e-01 1.367823e+00 -8.604836e-01 -6.919809e-02 8.783449e-01 6.116018e-01 -6.587943e-01 5.109544e-01 1.403206e-01 1.131833e+00 1.375344e+00 9.060104e-01
-9.560164e-01 1.565502e+00 2.110445e+00 9.602789e-01 4.411632e-01 -5.220890e-01 -7.916301e-01 -3.240972e-01 2.767079e+00 -4.414764e-01 -1.391225e+00 -4.998439e-01
-1.758289e+00 1.238261e-01 -1.084270e+00 2.140463e+00 -9.974285e-01 -3.725154e+00 1.844525e+00 2.587349e+00 9.499757e-01 5.120440e-01 4.189318e-01 5.243522e-01
-1.354895e+00 3.083515e-01 -2.318711e-01 2.777366e+00 -5.470909e-01 -3.909624e+00 2.343625e+00 2.649406e+00 -7.718589e-02 -1.145729e+00 -1.775053e-01 2.169085e-01
-1.341451e+00 -3.011664e-01 2.497443e+00 -4.901475e-01 9.331098e-01 3.425511e-01 -1.553849e-01 -9.895769e-01 -1.027450e+00 -1.094005e+00 -9.215630e-01 -4.037976e-01
-7.150897e-01 9.908543e-01 9.359010e-01 -7.411698e-01 8.170260e-01 6.490116e-02 -4.187366e-01 2.202685e-01 -3.536041e-01 2.998055e-01 1.235032e+00 2.185061e+00
-1.281608e+00 -2.410317e+00 -8.051525e-01 5.230801e-02 2.614972e+00 -1.306572e+00 -8.771707e-01 -3.791108e-01 7.539713e-01 2.531989e+00 -6.683931e-02 9.423708e-01
-1.098714e+00 1.528265e+00 1.878209e+00 9.793423e-01 1.014919e+00 6.805133e-01 6.125060e-01 -5.726628e-02 2.012756e+00 -7.931827e-01 -1.578896e+00 8.063011e-01
-4.458187e-02 3.922334e-01 2.797471e+00 -1.581121e+00 1.268173e+00 -3.373411e-01 2.808862e-02 -1.610657e+00 -2.166498e+00 -5.988874e-01 -3.004381e-01 4.987853e-01
-1.677729e+00 -3.143757e+00 -1.373438e+00 1.973865e+00 3.735515e+00 -2.468739e+00 1.534620e-01 9.792520e-01 4.183884e+00 4.663726e+00 5.548685e-02 -2.077766e-01
-1.172393e+00 5.897377e-01 8.482230e-01 2.097208e+00 2.328407e+00 4.228031e-01 1.715955e+00 -5.823160e-01 1.228377e+00 9.451814e-01 -1.026303e+00 5.258700e-01
-1.479410e+00 -1.031263e+00 -5.818108e-01 3.417994e+00 5.147646e+00 5.308976e-01 3.525027e+00 4.514243e-01 3.939836e-01 1.853864e+00 -5.217265e-01 -1.144405e+00
-1.384341e+00 -2.585326e+00 -2.434714e+00 3.138241e+00 5.736511e+00 -4.579498e-01 2.924348e+00 1.027963e+00 1.717594e+00 4.027734e+00 -6.169791e-01 -7.326813e-01
