4.496552e+00 -3.584206e+00 -2.188115e-01 -6.123112e-01 -5.952855e+00 -1.203547e+00 -2.552199e+00 -2.934106e+00 5.251370e-02 -5.084681e+00 1.299595e+00 1.139574e+00
3.247012e+00 -2.506410e+00 -9.336281e-02 4.868405e-01 -3.728569e+00 1.773027e+00 -1.439483e+00 -2.488566e+00 -3.726175e-01 -5.054996e+00 2.197572e+00 3.551748e-01
3.420544e+00 -3.339301e+00 6.443548e-01 -1.491708e+00 -5.703456e+00 -2.274077e+00 -2.683097e+00 -3.322004e+00 1.465361e+00 -3.670687e+00 -3.769499e-01 1.818593e+00
2.750523e+00 1.813424e-01 -3.074205e-01 -1.377294e-02 9.359581e-01 4.509428e+00 9.443406e-01 3.138347e-01 -6.879033e-01 -4.414619e+00 2.399941e+00 -1.302421e-02
5.476243e-01 -2.142368e+00 1.331224e+00 -2.674491e+00 -2.726341e+00 -1.097543e+00 -1.302431e+00 -1.582980e+00 1.881167e+00 -7.019402e-01 -1.438417e-01 1.302242e+00
2.107999e+00 1.040180e+00 7.088336e-01 -5.374380e-01 2.363570e+00 5.751987e+00 2.065738e+00 1.854559e+00 2.694199e+00 -1.693106e+00 2.251954e+00 3.368378e-03
3.168719e+00 1.046453e+00 2.866651e-01 -1.193982e+00 1.038336e+00 2.601975e+00 8.653952e-01 8.626549e-01 2.960841e+00 -1.124635e+00 1.128250e+00 2.912708e-01
-4.163865e-01 -1.699458e-01 7.041855e-01 -2.390806e+00 5.521494e-01 -6.884489e-02 -2.257793e-01 -8.007035e-02 -9.524342e-01 -1.061497e-01 -3.058359e-01 1.458359e-01
-1.618787e-01 -1.560082e-01 4.156744e-01 -1.176222e+00 1.326866e-02 9.930133e-01 -6.746792e-01 4.342375e-01 -1.414226e+00 -5.945206e-02 -3.085871e-01 3.872807e-01
3.036010e+00 2.374021e-01 -6.302420e-01 -1.477140e+00 -4.852429e-01 -1.168913e+00 -1.116304e-01 2.142943e-01 9.258925e-01 -5.398692e-01 1.630426e+00 3.821990e-01
-4.166360e-02 4.129753e-02 2.352793e-01 -3.993431e-01 1.588631e-01 5.398251e-01 -4.033120e-01 7.737435e-01 -1.251309e+00 -3.766069e-01 -4.392512e-01 5.914626e-01
-5.423434e-01 -3.914497e-01 -1.375461e-01 -1.226760e-01 -5.832505e-01 -1.277567e+00 -2.298295e+00 -7.240152e-01 1.139251e+00 1.355090e+00 1.375927e+00 1.307567e+00
9.890213e-02 -1.464112e-01 -7.080204e-01 -3.379677e-01 2.753480e-01 -1.289815e-01 -7.349917e-01 -1.170567e+00 -1.488849e+00 -3.111351e-01 -1.275433e+00 -8.533387e-01
-5.843269e-01 -9.386811e-02 -8.072568e-01 1.200721e-01 -7.452033e-01 -2.724372e-01 -1.271196e+00 2.772446e-01 1.222254e+00 -3.569893e-01 5.074537e-01 -6.735015e-02
-1.641340e+00 1.452758e+00 1.872625e+00 1.950865e+00 4.701405e-01 1.928615e-01 4.801456e-01 -7.832634e-01 -1.178514e+00 -3.653420e-01 2.722085e-01 2.261120e+00
-1.820010e+00 1.267499e+00 1.883187e+00 2.616548e+00 7.496065e-01 -2.937237e-02 -8.154675e-01 -5.495995e-01 -8.195993e-01 -5.536979e-01 -9.696907e-01 5.249949e-01
5.165863e-01 4.727584e-01 1.087707e+00 9.780768e-01 -6.288274e-01 -5.892620e-01 -8.468787e-01 -1.550373e-01 2.259368e-01 -1.561114e-01 4.356023e-01 1.085897e-02
4.108572e-02 -1.680522e-01 -8.329548e-01 -1.057759e+00 -7.380672e-01 -5.661273e-01 -2.189843e+00 -8.027664e-01 -2.576977e+00 -1.234883e+00 -1.508369e+00 -3.094178e-01
-4.994761e-01 -9.846779e-01 -3.539060e-01 -2.419879e-01 -1.565366e+00 -2.175996e+00 -2.134604e+00 -2.013273e-01 7.899728e-01 2.127173e+00 2.534101e+00 2.242947e+00
-6.609001e-02 5.394751e-01 6.436535e-01 -3.133081e-01 -5.310940e-01 1.614838e+00 -7.669050e-01 1.075644e+00 -1.299597e+00 2.013605e-01 -8.033901e-01 4.022390e-01
1.079053e+00 -2.167856e-01 -7.482342e-01 -1.377739e+00 -1.819797e+00 -1.361848e+00 -1.271179e-01 -7.075081e-01 -5.502728e-01 5.762944e-01 7.645833e-01 -3.939082e-02
2.030371e-01 2.395351e-01 -9.098840e-03 -2.666907e-01 -8.700796e-01 2.837250e-02 -9.396235e-01 -8.951491e-01 -1.082401e+00 7.665833e-01 6.267177e-01 -5.581369e-02
7.156500e-03 5.774635e-02 -8.080717e-02 -1.952235e-01 -2.965356e-01 -3.034716e-01 -1.970130e-01 -3.679169e-01 -4.814583e-01 3.984147e-01 9.019354e-01 1.293945e-01
-1.887241e-01 -1.240424e-01 -1.525155e-01 -1.237564e-01 2.770083e-01 -6.353158e-01 5.455974e-01 1.593153e-01 1.194843e-01 3.024611e-02 1.177153e+00 3.146026e-01
-3.164291e-01 -9.107697e-03 3.568363e-02 2.980187e-01 2.092567e-01 -1.499978e+00 -5.643844e-01 -6.799402e-01 -1.754760e-01 2.924771e-01 2.126462e+00 8.358790e-02
-4.041672e-02 2.900433e-01 2.838612e-04 -5.690866e-02 -2.279245e-01 -2.187131e-01 -5.918444e-01 -6.324363e-01 -3.445536e-01 7.308160e-01 1.350040e+00 -3.005291e-02
2.816906e-01 -2.756989e-01 -3.867249e-01 -9.553501e-01 -2.298844e+00 -1.160542e+00 -9.549249e-01 -7.361422e-01 -1.424363e+00 6.123764e-01 2.200304e-01 1.068864e-01
2.162785e-01 -5.116849e-02 -1.385882e+00 -1.572078e+00 -3.871972e-01 -6.909990e-01 -1.166025e+00 -1.161765e+00 -4.968317e-01 -1.214114e+00 -1.876969e+00 -5.430700e-01
-6.734201e-01 2.606233e-01 -2.096997e-01 -4.132410e-01 5.825394e-01 1.092517e+00 4.452111e-01 4.364863e-01 5.279625e-01 -7.491393e-01 3.598319e-01 -1.552742e+00
7.478717e-01 7.479767e-01 9.353887e-01 -3.675165e-02 -6.034363e-01 -1.232470e+00 -7.353326e-01 8.558758e-02 1.178183e+00 -8.718656e-01 -8.867766e-01 -1.269099e-01
-2.010153e-01 -6.805073e-01 -1.740899e-01 -4.382338e-02 -1.550823e-01 -8.561310e-01 4.824619e-01 5.842572e-01 1.002126e+00 1.731410e+00 2.867658e+00 2.184212e+00
3.591971e-01 4.150706e-01 4.566169e-02 -1.124111e+00 -7.776322e-01 -8.017814e-01 -4.014002e-01 -3.914104e-01 3.299874e-01 -1.609470e+00 -1.469708e+00 -5.373673e-01
4.159886e-01 2.260030e-01 -1.732443e-01 3.529471e-01 1.846446e-01 -2.022812e-02 8.014259e-01 -1.093279e-01 4.770544e-01 -8.191768e-02 -7.102644e-01 -5.744584e-01
-1.428678e+00 5.715931e-01 2.266751e+00 1.368957e+00 1.245791e+00 8.244988e-01 5.316520e-01 -4.205458e-02 -8.859376e-01 4.561606e-01 2.050519e+00 8.559796e-01
-1.257404e-01 5.430827e-01 5.887079e-01 2.311612e-01 -7.295700e-01 7.264045e-01 -1.660083e-01 7.934815e-01 -3.021271e-01 6.366968e-02 -1.284530e+00 2.057747e-01
-6.834394e-01 1.179428e-01 -7.642581e-01 -5.989032e-01 -7.237162e-02 5.869970e-01 1.799039e+00 1.663663e+00 4.675373e-02 2.042021e-01 3.713575e-01 -7.072672e-01
-1.920746e-01 7.990167e-01 2.431448e-01 4.650001e-01 -1.060555e+00 3.842096e-01 2.101739e-01 3.925262e-01 3.633141e-01 -1.804346e-01 -1.029925e+00 -3.023010e-01
-6.078086e-02 7.923397e-01 -2.865019e-01 8.884055e-01 -1.403515e+00 -8.762074e-03 7.596074e-01 5.995266e-01 -1.780612e-02 -5.333692e-01 -5.335053e-01 -2.469005e-01
1.560264e-02 5.119747e-01 -5.861062e-01 1.074228e+00 -9.399942e-01 -1.197695e+00 1.014538e+00 1.095374e+00 -7.566499e-01 -7.246035e-01 -5.025976e-01 6.262809e-01
-2.552171e-02 8.018034e-01 -3.361050e-01 3.551264e-01 -1.304142e+00 -5.758305e-02 2.855301e-03 1.519934e+00 -1.753576e+00 -1.095875e-01 -3.482359e-01 3.731809e-01
-6.229210e-02 -2.079098e-01 4.453741e-01 -1.184485e-01 4.566831e-01 7.904037e-01 2.151102e+00 4.370189e-01 9.016468e-01 3.065590e-02 1.253128e+00 6.898391e-01
7.009931e-02 1.039725e+00 -2.004116e-01 -2.123011e-01 -7.109127e-01 -1.212028e-01 -1.223516e-03 1.493233e+00 -1.918288e+00 1.575747e-01 -6.385620e-01 9.858771e-02
4.622583e-01 1.387285e+00 2.350720e-01 -1.310176e+00 3.725197e-01 -2.013880e-01 3.012425e-01 8.111963e-01 -9.528154e-01 2.010382e-01 -8.828750e-01 -7.475330e-01
8.958691e-01 2.672411e+00 -3.663944e-01 -1.620786e+00 1.281082e+00 -9.699237e-01 1.771277e+00 -1.600398e-02 4.883396e-01 3.350172e-01 -1.796827e+00 -1.401068e+00
-9.172528e-01 -1.283224e+00 -7.029675e-01 -1.144854e+00 -3.495359e-01 4.375753e-01 1.126477e+00 1.452117e+00 5.137874e-01 1.394391e+00 -1.099141e+00 -2.180005e+00
-8.532323e-01 -4.891366e-01 1.299297e+00 3.618909e-01 5.732095e-01 1.426111e+00 8.536462e-02 3.067452e-01 -2.132745e-02 3.373314e-01 1.813906e+00 5.192869e-01
-9.110659e-01 1.741365e+00 2.175334e+00 1.874684e+00 1.159894e+00 -1.485565e+00 -2.078402e+00 -1.434638e+00 -2.184284e+00 -1.206703e+00 -1.996876e+00 -1.389287e+00
8.438307e-01 2.695403e+00 -5.207742e-01 -1.323154e-01 1.666557e+00 -2.107217e+00 1.497298e+00 1.199260e+00 -1.076358e-01 9.636099e-01 -1.121264e+00 -2.095680e+00
1.997934e-01 2.740376e+00 -5.483212e-01 9.983636e-01 9.568073e-01 -1.435969e+00 6.167490e-01 1.892179e+00 -7.201062e-01 1.183253e+00 -5.005327e-01 -1.639850e+00
-1.302496e-01 -7.060552e-01 1.060800e+00 -5.259665e-01 6.017910e-01 1.488867e+00 5.936044e-01 1.493848e-01 1.678802e-01 1.048908e+00 -5.336205e-01 -2.731312e+00
-5.950679e-01 5.444013e-02 -1.291751e+00 -4.341068e-01 -3.635571e-01 -2.374103e+00 -1.347585e-01 -1.437344e+00 -6.851267e-01 1.176896e+00 -1.435667e+00 -9.381774e-01
-6.478534e-01 1.632890e+00 1.231335e+00 6.864052e-01 7.911023e-01 -2.077567e+00 -3.605841e+00 -2.691062e+00 -2.123590e+00 -2.251756e-01 -2.864190e-01 -4.136155e-01
-5.963665e-01 -1.852089e+00 -2.760336e+00 -2.143928e-02 1.883043e+00 -1.110968e+00 2.214959e+00 8.720452e-01 2.137921e+00 1.754212e+00 -1.776874e+00 -1.780222e+00
-7.933038e-01 1.428853e+00 8.305774e-02 -1.975547e-01 2.780347e-01 -1.786880e+00 -1.783249e+00 -1.173964e+00 -1.350978e+00 1.538186e+00 1.201737e-01 -7.930888e-01
-6.702100e-01 -1.875585e+00 -3.836982e+00 1.022770e+00 3.455680e+00 -1.108756e+00 5.026541e+00 2.615780e+00 1.618113e+00 1.681154e-01 -1.312512e+00 -4.868402e-01
-7.657322e-01 2.100531e+00 3.232439e-01 1.339723e+00 4.342459e-01 -3.510620e-01 -2.904595e-01 1.035857e+00 -3.293524e-01 1.740263e+00 -7.901384e-01 -8.669429e-01
-7.431833e-01 -1.812277e+00 -2.551774e+00 2.259863e+00 4.481017e+00 -4.658318e-02 3.964451e+00 1.839935e+00 1.263120e+00 3.302165e-01 -2.647027e-01 4.054520e-01
-1.423272e+00 2.789590e-01 2.592772e+00 1.644998e+00 8.524448e-01 1.103999e+00 -1.840789e+00 -5.294337e-02 3.136957e-01 2.779744e+00 -9.645509e-01 -4.634302e-01
-1.287909e+00 5.382284e-01 1.991209e+00 1.845225e+00 1.305919e+00 1.996889e+00 2.039002e-01 -1.291409e+00 9.200984e-01 1.822353e+00 -1.659704e+00 7.597593e-01
-1.072747e+00 -8.543661e-01 -4.180495e-01 2.439423e+00 3.854943e+00 1.517895e+00 2.583148e+00 8.471748e-01 1.730194e+00 1.633664e+00 -4.544960e-01 4.338146e-01
