-1.539450e+01 7.116095e-01 -7.524551e+00 -1.121707e+00 7.540803e-01 -2.461153e+00 2.818032e+00 4.066758e-01 6.176897e+00 -5.771892e+00 -7.136821e+00 -3.576673e+00
-1.583804e+01 1.319137e-01 -4.168765e+00 -2.532161e+00 3.019137e+00 -8.165899e+00 7.246125e+00 -3.442931e+00 1.464766e+00 -1.210962e+00 -4.051431e+00 -6.438369e-01
-1.532289e+01 1.716929e+00 -6.787105e+00 -4.456015e+00 4.859215e+00 -5.886575e+00 7.109081e+00 -5.835252e-01 3.343933e+00 2.098559e+00 -2.044392e+00 -3.783530e+00
-1.580612e+01 -1.347493e+00 -6.538161e+00 -3.705202e+00 4.831895e+00 -6.114792e+00 8.105431e+00 1.162435e+00 4.708718e+00 1.146443e+00 -4.206305e+00 2.030632e+00
-1.369827e+01 4.460700e-01 -4.838365e+00 2.116546e+00 4.743128e-01 -1.752862e+00 4.826038e+00 -6.102760e-01 5.510932e+00 -6.943712e+00 -8.518245e+00 1.623473e+00
-1.588894e+01 7.821966e-01 -5.848228e+00 -3.519576e+00 3.195400e+00 -2.969031e+00 2.724986e+00 -1.806168e+00 3.180074e+00 -3.505797e-01 -7.362067e+00 -1.993933e+00
-1.637844e+01 -2.066484e+00 -5.835318e+00 -5.718193e+00 8.793889e+00 -1.819388e+00 9.793550e+00 3.677691e+00 3.108820e+00 4.194326e+00 -4.326457e+00 4.744875e-01
-1.269380e+01 -3.523177e+00 -4.905674e+00 2.161319e+00 -2.930933e+00 1.398017e+00 4.030541e+00 -1.272851e+00 1.419952e+00 -2.035857e+00 -5.600624e+00 -1.190585e+00
-1.553233e+01 -1.234773e+00 -3.340637e+00 -5.658216e+00 2.342653e+00 -6.063745e+00 1.875777e+00 2.231289e+00 -1.568098e+00 1.718180e+00 -7.107109e+00 -1.741942e+00
-1.555882e+01 -2.051831e+00 -3.705783e+00 -5.838259e+00 5.203532e+00 -1.150163e+00 4.894514e+00 -3.032301e+00 -1.362438e+00 1.917976e+00 -3.837031e+00 -1.375008e+00
1.645957e+01 -6.762760e+00 1.146588e+01 -7.632205e-01 -1.101552e+01 -8.984484e+00 -1.563839e+01 -1.565609e+00 6.499968e+00 -1.652253e+01 9.050442e+00 -4.737584e+00
-1.336931e+01 -2.418233e-01 -1.741489e+00 -3.921719e+00 -3.354623e-01 -6.726327e+00 4.237924e+00 -3.261179e+00 -2.369064e+00 3.705510e+00 -1.725403e+00 -3.774478e+00
1.617246e+01 -3.133470e+00 7.984210e+00 -3.739017e+00 -5.448335e+00 -1.040159e+01 -1.974200e+01 -1.694004e+00 7.428432e+00 -1.929582e+01 1.088914e+01 -3.893687e+00
1.832395e+01 -5.577503e+00 1.182827e+01 -2.315054e-01 -1.452970e+01 -4.452333e+00 -1.797131e+01 -6.775401e-01 5.991840e+00 -1.217791e+01 4.459433e+00 -1.291706e-01
2.084398e+01 -7.805086e-01 9.588940e+00 -2.278401e+00 -1.899118e+01 3.021623e+00 -1.920317e+01 -8.179157e+00 1.065915e+01 -1.130119e+01 3.029104e+00 1.030833e+00
-1.403175e+01 -2.335212e+00 -4.496729e+00 -9.829667e+00 -1.997333e-01 -3.963017e+00 4.264228e+00 -3.533318e+00 -2.215286e+00 1.693952e+00 -2.293126e+00 -1.265625e+00
2.055078e+01 5.386200e-01 7.787185e+00 1.479116e+00 -1.490800e+01 -3.934234e+00 -1.470047e+01 -1.215428e+01 1.286274e+01 -1.428768e+01 2.490099e+00 3.110126e+00
-9.925631e+00 -6.663850e+00 -4.310533e+00 6.446105e+00 -4.666637e+00 -7.636833e+00 4.696489e+00 -7.173003e-01 -2.800175e+00 4.854310e-01 -3.683111e+00 -3.005094e+00
1.768117e+01 -2.798642e+00 7.800445e+00 6.854501e-01 -1.064904e+01 -8.386465e+00 -2.210288e+01 2.743161e-01 4.631015e+00 -2.135615e+01 1.130716e+01 -4.579175e+00
-1.253783e+01 -3.631582e+00 -2.150911e+00 -2.612045e+00 1.178995e+00 -8.550215e-02 9.621797e+00 -1.029825e+00 -2.933196e+00 6.866192e+00 6.406789e-01 -4.599544e+00
1.971736e+01 2.211620e+00 6.430215e+00 4.257209e+00 -8.010945e+00 -1.212487e+01 -1.366741e+01 -6.163909e+00 6.339793e+00 -1.213621e+01 4.505322e+00 2.368014e+00
-9.683550e+00 -1.079904e+01 -6.025738e+00 8.129849e-01 -1.630006e+00 -8.334826e+00 -5.033901e+00 5.861055e+00 -2.268987e+00 5.532188e+00 -5.302179e+00 -1.328035e+01
-1.062824e+01 -7.012935e+00 -5.403240e+00 -1.334287e+00 -5.928850e+00 -1.008595e+01 -4.201755e+00 2.935961e+00 -4.549525e+00 2.929816e+00 -4.855785e+00 -5.680184e+00
-8.565718e+00 -9.996853e+00 -7.059695e+00 6.777551e+00 6.598071e+00 -5.499505e+00 -9.828416e+00 1.324221e+00 -5.519197e+00 9.414064e+00 -7.103529e-01 -1.047231e+01
-9.656824e+00 -3.790283e+00 -5.622484e+00 -4.294420e+00 -5.371340e+00 -5.105582e+00 -2.876079e+00 -5.519660e-01 -4.348720e+00 8.416125e+00 3.487582e-01 -6.645166e+00
-9.979244e+00 -3.984062e+00 -6.824525e+00 -3.627712e+00 -6.795508e+00 -5.507318e+00 -3.396697e+00 1.052863e+00 -8.119818e+00 3.453022e+00 -2.106471e+00 -7.848950e+00
-1.114334e+01 -6.037756e+00 -3.580808e+00 -5.101788e+00 1.921694e-01 -8.955843e+00 6.392507e+00 1.951422e+00 4.558490e+00 7.616523e+00 1.258603e+00 1.726434e-01
-9.080456e+00 -1.075349e+01 -7.168086e+00 -8.423190e-01 -7.109146e-01 -7.146282e+00 -7.086353e+00 5.807109e+00 -4.765267e+00 7.858526e+00 9.591007e-01 -8.755213e+00
-1.025420e+01 -3.706119e+00 -6.583676e+00 -3.893298e+00 2.125458e+00 -4.797845e+00 -3.160465e+00 1.777480e+00 -4.543211e+00 6.804270e+00 -5.599737e-01 -7.133291e+00
-1.028214e+01 -2.797281e+00 -6.470692e+00 -5.481360e+00 1.587791e+00 -5.205318e+00 -4.587865e+00 2.658668e-01 -1.026577e+01 4.692439e+00 -3.901410e+00 -2.410564e+00
-5.314663e+00 -7.079984e+00 -3.579832e+00 4.605365e+00 -7.298882e+00 -1.361267e+01 5.205447e+00 3.053153e+00 -3.240632e+00 -9.068789e-01 -4.746797e-01 -6.597107e+00
-1.026433e+01 -6.266004e+00 -2.925365e+00 -2.043985e+00 -3.413280e+00 -7.335562e+00 9.514881e+00 7.386069e-01 6.722341e+00 7.637377e+00 5.756053e+00 1.625714e+00
1.993468e+01 -2.966078e+00 8.403510e+00 3.046151e+00 -6.228059e+00 -1.370822e+01 -2.523467e+01 8.748188e+00 -3.014135e-01 -1.997475e+01 1.007500e+01 -1.791522e+00
-6.105125e+00 -1.337404e-01 -4.252701e+00 4.331654e-01 4.284474e+00 -1.327796e+00 1.430590e+00 -4.040392e+00 -8.933045e+00 6.269253e+00 1.498255e+00 -4.125199e+00
-5.876488e+00 4.309977e-01 -4.210766e+00 1.966862e+00 -1.413498e+00 -4.255358e+00 6.333658e+00 -1.894855e+00 -8.511866e+00 5.179720e+00 -4.945673e+00 -8.379899e+00
-1.013641e+01 -5.241192e+00 -1.723117e+00 -5.273433e-01 -6.719223e+00 -7.123616e+00 1.191328e+01 -3.207543e-01 -3.994880e-01 3.122873e+00 4.042574e+00 1.206696e-02
1.479533e+01 -3.290545e+00 9.950686e+00 8.687665e+00 -5.090193e+00 -1.596166e+01 -2.107338e+01 7.860555e+00 -4.256567e+00 -2.195581e+01 9.532455e+00 -5.259867e+00
1.830913e+01 5.843206e+00 4.740376e+00 5.157420e+00 -5.263390e+00 -1.066622e+01 -8.520054e+00 -5.898524e+00 -1.741377e+00 -8.670378e+00 6.038040e+00 -3.167689e+00
7.319241e-01 2.271852e+00 -1.819585e+00 -1.472307e+00 -4.525295e+00 -4.876199e+00 1.337421e+01 4.899977e+00 -1.338852e+01 2.922559e+00 -1.360809e+00 -8.697724e+00
-8.157267e+00 -4.244086e+00 -2.451222e+00 -3.260402e-01 -1.343916e+00 -9.420090e+00 9.544998e+00 4.395905e+00 3.970480e-01 4.472371e+00 2.958030e+00 -6.086215e+00
-5.457134e+00 -8.694410e+00 -5.653858e+00 3.152828e+00 1.268881e+01 -7.055710e+00 -1.512032e+01 9.931483e-01 4.195056e+00 1.326290e+01 6.140633e+00 -4.226736e+00
1.542006e+01 3.570637e-01 1.293569e+01 1.068549e+01 -1.782827e+00 -1.879022e+01 -2.200474e+01 1.070869e+01 -6.846392e+00 -2.417644e+01 8.003519e+00 -3.116233e+00
-1.094087e+01 8.804799e-01 1.127132e+00 -1.775954e+00 3.139913e+00 4.890252e+00 1.469304e+00 -1.011276e+01 5.320493e+00 1.576385e+00 -5.750272e+00 1.052198e+01
-5.809931e+00 -4.667532e+00 -2.736362e+00 2.291626e+00 4.643147e-01 -1.417404e+01 -9.500384e-01 3.454366e-01 3.688378e-01 6.960686e+00 5.475313e+00 1.982419e+00
9.190094e+00 -1.021973e+01 -7.577485e+00 -1.741796e+00 7.405447e+00 -5.581355e-02 -1.228564e+01 -3.530890e+00 1.274342e+00 -9.638706e-01 3.604202e+00 -9.685087e+00
9.964491e+00 -1.213787e+01 -6.027634e+00 -4.242438e+00 6.475328e+00 -8.072364e-01 -1.086631e+01 -3.729163e+00 -1.086749e+00 -2.710677e+00 9.539309e-01 -8.909883e+00
4.522791e+00 -1.430641e+00 5.494995e-01 7.342474e+00 2.152029e+00 -7.082732e+00 3.555931e-01 7.881927e-01 -1.564849e+00 -2.489864e+00 2.373865e-01 -6.250271e+00
7.763710e-01 -2.202344e+00 -5.440510e+00 1.347062e+00 1.932774e+00 6.839492e-01 1.443353e+01 6.462234e+00 -1.194258e+01 -3.163042e+00 5.930719e-01 -1.511357e+00
-1.013441e+01 1.364288e+00 8.608172e-01 -3.325634e+00 1.755533e+00 4.519812e+00 3.175077e+00 -7.145083e+00 5.238770e+00 2.178033e+00 -4.204114e+00 1.006832e+01
-6.765963e+00 7.249313e+00 -8.370907e+00 -9.835952e+00 6.541048e-01 1.512301e+01 4.426992e+00 1.697601e+00 1.447281e+00 -3.701654e+00 6.045959e+00 1.218399e+01
-8.904705e-01 -7.316028e+00 -7.561310e+00 1.128350e+00 6.685210e+00 -1.243698e+01 -6.678864e+00 4.412548e+00 3.650304e+00 2.173280e+00 1.600760e+00 -4.669174e+00
8.768965e+00 -4.737566e+00 1.008089e+01 9.793484e+00 1.712407e+00 -1.912751e+01 -2.353514e+01 1.667477e+01 -6.550395e+00 -1.822467e+01 1.406938e+00 9.333428e-01
2.744179e-01 -7.490647e+00 -1.042095e+01 -2.184333e+00 6.243587e+00 4.902887e+00 1.067435e+01 8.717483e+00 6.135142e-01 2.744745e+00 -6.581643e+00 -8.721238e+00
2.137130e+00 -7.696457e+00 -7.751467e+00 -2.696998e+00 9.822441e+00 -1.224778e+00 -1.260598e+00 4.012927e+00 7.525130e+00 7.684537e+00 4.262071e+00 -6.033245e+00
-2.154251e+00 4.442776e+00 -5.303763e+00 -3.562738e+00 -2.267238e+00 1.565813e+01 5.142088e+00 -2.624738e-01 2.759523e+00 4.178907e+00 5.105365e+00 1.081489e+01
4.222095e+00 -7.508742e+00 -8.688510e+00 1.266600e-01 4.348954e+00 1.045492e+00 8.952448e+00 6.870949e+00 -5.979552e+00 -3.067503e+00 -3.951506e+00 -4.350034e+00
5.273554e+00 -7.101856e+00 -5.383977e+00 -5.180264e+00 -2.889098e+00 1.819810e+01 -2.433697e+00 -1.144431e+01 -3.746797e+00 -2.140123e+00 1.573703e+00 6.309876e+00
1.333939e+01 9.607618e+00 8.449967e+00 1.204219e+01 -2.376079e+00 -1.048306e+01 -4.418960e-01 5.054922e+00 -4.879652e+00 -1.355204e+01 -6.649056e+00 4.447053e+00
5.775893e+00 -8.042683e+00 -8.807352e+00 -5.335670e-01 4.617408e+00 -1.515334e-01 6.229305e+00 1.480871e+00 -7.520271e+00 1.738236e+00 -4.514117e-01 -9.503576e+00
5.529346e+00 -8.863211e+00 -1.068071e+01 -1.992892e+00 4.177419e+00 8.707224e+00 6.329512e+00 1.603826e+00 -3.533111e-01 1.542339e-01 -3.507379e+00 4.528437e-01
2.038212e+00 3.971975e+00 -1.571919e+00 2.866008e+00 -2.874903e+00 3.272491e+00 5.698422e-01 8.168864e-01 -9.211990e-01 4.076590e+00 -2.726433e+00 -8.868337e-02
1.134064e+01 6.847751e+00 6.476065e+00 8.400264e+00 -3.154944e+00 -1.022253e+01 -3.882690e+00 2.663034e+00 -8.159679e+00 -1.169666e+01 -5.623045e+00 5.136861e+00
-2.437572e-01 5.806018e+00 3.913226e-01 1.172317e+00 3.084619e+00 1.111056e+01 4.679917e-01 -4.990835e+00 -3.088185e+00 -4.324353e+00 4.200716e-01 7.162501e+00
1.214005e+00 3.871967e+00 2.282591e+00 3.116884e+00 -4.487186e+00 2.919115e+00 -7.621095e-01 -2.416813e+00 2.084582e-01 4.346702e+00 -4.683933e-01 -2.355639e+00
6.665608e+00 -2.019886e+00 -1.131842e+01 -7.489330e+00 -6.928616e+00 -2.495191e+00 8.118911e+00 9.245884e+00 5.972335e+00 5.849669e+00 -5.913940e+00 3.648621e-01
1.552439e+00 4.643987e+00 3.741922e+00 5.815471e+00 1.006502e+00 7.464564e+00 8.167871e+00 7.657557e+00 3.621333e+00 1.967302e+00 -3.879582e+00 2.787305e-01
1.669830e+00 3.830538e+00 -3.178306e-01 -2.132797e-02 -1.634357e+00 5.762448e+00 2.311024e+00 5.372720e+00 8.572936e-01 3.105116e+00 -9.112496e-01 -7.974315e-01
2.797565e-01 1.107060e+00 -3.016006e+00 -2.469078e+00 8.446021e-01 1.089700e+01 5.418514e-01 -1.084128e+01 -6.258254e+00 2.101730e+00 5.063588e+00 3.922102e+00
6.674685e+00 -2.811767e+00 -7.937330e+00 -3.100513e+00 -2.958569e+00 5.859711e-01 7.576858e+00 2.153901e+00 -3.277309e+00 -2.718777e+00 -3.292436e+00 -4.794068e+00
8.597927e-01 3.847988e+00 3.948893e+00 4.589796e+00 2.589015e+00 6.562413e+00 9.843028e-01 8.753371e-02 -1.905339e+00 2.365839e+00 -2.939660e+00 7.787331e+00
3.481175e+00 -2.691135e+00 -2.814341e+00 -5.320025e+00 2.224046e+00 1.173463e+01 1.448696e+00 -6.647258e+00 -3.732246e+00 1.785944e-01 2.161637e+00 5.028962e+00
-6.756573e-01 5.614194e-02 2.697227e+00 8.587707e-01 -3.630831e-01 8.007702e+00 9.463387e-01 -2.789170e+00 3.501890e+00 1.575037e+00 3.158678e+00 6.814751e+00
1.043158e+00 4.637679e+00 1.484890e+00 5.700895e-01 -3.139396e-01 5.134466e+00 2.235247e+00 5.256331e+00 2.852270e+00 2.263890e+00 -2.105211e+00 1.374946e+00
1.107407e-02 3.201382e+00 3.677919e+00 1.197347e+00 9.563996e-01 3.059225e+00 4.978398e+00 -1.761541e+00 3.015016e+00 3.990326e+00 -4.910517e-01 7.889041e+00
-7.060566e-01 2.210187e+00 6.601365e-01 -1.762340e+00 -4.315575e+00 3.065994e+00 -1.688830e+00 -3.478436e+00 -4.875713e+00 -1.926243e+00 -1.973287e+00 -2.038303e+00
3.146035e+00 4.217117e+00 3.092813e-01 3.260248e+00 -1.040535e+00 5.253677e+00 4.018634e+00 5.024406e+00 1.265636e+00 2.809855e+00 -2.211123e+00 -4.642388e+00
1.494677e+00 5.018506e+00 4.036494e+00 4.648953e+00 4.843314e+00 8.366548e+00 -2.926812e-01 2.510434e+00 1.217406e+00 4.195642e+00 4.345586e+00 6.438637e+00
5.111992e+00 2.934269e+00 -2.221869e+00 -1.419104e+00 -2.641845e-01 2.238090e+00 2.787451e+00 1.920582e+00 -1.403984e+00 1.653980e+00 -5.459324e+00 -5.030031e+00
8.261521e+00 2.116475e+00 -4.301775e+00 -2.229760e+00 1.841644e+00 3.504680e+00 6.248762e+00 1.326745e+00 -3.135837e+00 -3.892720e+00 -1.796352e+00 -2.672222e-01
1.113632e+00 3.692201e+00 4.270630e+00 2.774391e+00 3.681023e+00 5.485610e+00 4.783731e+00 2.598279e+00 1.203986e+00 1.331702e+00 -1.885370e+00 -1.007800e+00
2.101560e+00 6.041943e+00 1.569035e+00 2.211809e+00 1.582149e+00 5.404842e+00 4.467743e+00 1.763577e+00 1.983732e+00 4.499924e+00 4.034883e+00 1.925268e+00
4.189915e+00 2.684045e+00 -5.441602e+00 -1.019518e+01 -1.010998e+01 -4.836138e+00 -2.165880e-01 4.911065e+00 6.438868e+00 3.649163e+00 -1.826170e+00 1.046935e+00
4.597076e+00 7.392786e+00 6.820045e+00 5.713015e+00 3.034965e+00 4.017841e+00 1.847200e+00 -2.611983e+00 -6.003200e+00 -6.003824e+00 -2.307024e+00 -2.127333e+00
2.698059e-01 -2.904811e-01 2.755366e+00 1.763269e+00 -2.088723e+00 5.541088e+00 1.682577e+00 -2.818197e+00 1.412205e+00 2.020129e+00 1.636112e+00 7.201119e+00
3.673707e+00 3.257362e+00 -9.549775e-01 -7.029485e-01 5.006319e+00 7.895277e+00 3.926840e+00 2.494088e+00 3.449783e-01 6.380544e-01 -4.190086e+00 -2.926284e+00
1.407868e+00 2.713886e+00 -5.204735e-01 1.746692e+00 5.916245e+00 5.704310e+00 4.331900e+00 2.637892e+00 1.822617e+00 -1.178467e+00 6.268449e-01 2.918536e+00
-5.037060e-01 2.024040e+00 2.141395e+00 8.969621e-01 -2.592467e+00 4.253583e-01 -3.323031e+00 -3.972215e+00 3.711161e+00 -8.935691e-01 -9.064326e-01 3.005647e+00
5.592802e+00 1.217813e+00 -2.262188e+00 -8.124774e-01 3.039647e+00 8.366771e+00 3.816306e+00 2.987385e-03 -3.332710e+00 -1.706421e+00 -6.378262e+00 -5.122576e+00
1.477013e-01 2.606285e+00 2.797189e+00 -1.429426e+00 -8.551223e-01 1.331061e+00 -1.683639e+00 8.455408e-01 2.965130e+00 6.753416e+00 1.772869e+00 3.995671e+00
-5.747623e-01 3.583544e+00 2.944561e+00 -1.862002e+00 5.996046e-01 1.476996e+00 -4.765847e+00 -1.152694e+00 1.758054e+00 4.103018e+00 -4.554453e-01 -3.780977e-01
1.554753e+00 4.020236e+00 1.425594e+00 1.112681e+00 7.107431e-01 7.200644e-01 1.134757e+00 6.049360e+00 3.749480e+00 1.778586e+00 3.925047e-01 4.844273e+00
2.471352e-01 4.452067e+00 4.496498e+00 -7.879812e-01 9.029933e-01 7.106045e+00 2.711640e+00 -1.490077e+00 2.066522e+00 2.015405e+00 -5.283711e+00 -3.112272e-01
7.306099e+00 1.185466e+00 -2.815384e+00 -4.930026e+00 1.247127e+00 3.093585e+00 2.336409e+00 1.429176e-02 -1.113879e+00 -1.403220e+00 -2.769660e+00 -5.767437e+00
3.263344e+00 1.663269e+00 -7.894073e-01 -3.244430e+00 1.248046e+00 8.368426e+00 2.065897e+00 -8.650372e-01 6.321406e-02 3.038689e+00 -2.103932e+00 -4.728230e+00
9.048538e-01 3.951510e+00 4.491841e+00 1.524659e+00 2.593521e+00 5.014470e+00 5.278713e+00 -2.645676e+00 -1.968365e+00 -1.179283e+00 1.853163e+00 3.247251e+00
4.886227e-01 6.019307e-01 2.194489e+00 7.646008e-01 -1.610674e+00 5.744982e+00 3.627796e+00 -8.818793e-01 -1.058370e+00 2.233895e+00 2.032900e-01 5.839257e+00
-3.805161e-03 1.496884e+00 2.703726e+00 -6.723164e-01 4.114892e+00 4.652023e+00 -1.097477e+00 -7.252498e-01 1.612236e+00 3.745177e-01 -1.474411e+00 -3.002286e+00
-1.013777e+00 2.788984e+00 5.940789e+00 1.897045e+00 1.449590e+00 -1.056333e+00 -5.564419e+00 -2.040371e+00 6.000084e+00 4.825323e+00 4.023974e+00 2.500816e+00
6.940479e-01 2.149627e+00 4.065639e+00 5.172020e-02 7.230376e-01 2.034622e+00 1.279211e+00 -2.759945e+00 -7.073960e-01 3.352326e+00 2.144978e+00 2.897601e+00
-3.572083e-01 3.962484e+00 4.418443e+00 1.906638e+00 3.410023e+00 6.474499e+00 2.119003e+00 7.347345e-03 -4.043968e-01 7.833746e+00 3.495846e+00 6.882514e+00
2.388325e-01 1.927609e+00 8.153985e-01 9.497694e-01 -1.652188e+00 -1.322149e+00 9.672527e-01 -1.963553e+00 2.327468e-01 1.031419e+00 1.001372e+00 2.340998e+00
1.246028e+00 3.497285e+00 3.112709e+00 -1.269092e+00 -1.342809e+00 1.635205e+00 1.170429e+00 -5.630007e-01 3.210707e+00 6.979422e+00 3.347697e-01 1.004053e+00
1.261920e+00 1.159113e+00 2.056837e-03 -1.153311e-01 2.574272e+00 7.735451e+00 1.656038e+00 -6.108073e+00 -1.754287e+00 3.326969e+00 -3.110480e+00 1.845003e-01
6.106968e-01 2.505492e+00 2.285995e+00 3.091416e+00 1.222311e+00 3.883705e+00 6.515790e-01 1.740994e+00 4.543468e+00 2.825019e-01 2.191396e-01 -7.854949e-01
9.409580e-01 2.319896e+00 -2.837908e-01 -3.753672e-01 3.905617e+00 5.909904e+00 1.578313e+00 -2.110083e+00 1.646059e-01 2.433321e+00 1.994912e+00 1.867700e+00
-1.045437e-01 2.644085e+00 2.876727e+00 1.553477e+00 1.033946e+00 2.525840e+00 7.552123e-02 -3.661325e+00 1.976539e+00 -5.440495e-01 3.950367e-01 3.773254e+00
3.029243e+00 6.626850e+00 3.335189e+00 8.632496e-01 2.658540e+00 2.394534e+00 4.833230e-01 4.470232e-01 -1.564017e+00 -3.797422e+00 3.439904e+00 5.946635e+00
1.045895e-01 3.409471e+00 2.994015e+00 1.282200e+00 4.042089e+00 5.796257e+00 2.783269e-01 -3.999247e+00 3.797092e-01 8.070445e-01 1.560745e+00 2.345361e+00
1.809940e-01 2.171498e+00 2.126688e+00 -2.361363e-02 2.889622e+00 3.720418e+00 3.943058e+00 -2.358181e+00 -2.624431e-01 -2.094636e-01 -1.665285e+00 5.144683e+00
7.090950e-02 1.964681e-01 1.265415e+00 -1.277881e+00 -1.703472e+00 2.679451e+00 2.160985e+00 -3.055747e+00 3.723593e-01 1.122971e-01 2.056263e+00 4.238881e+00
1.110872e+00 2.820796e+00 2.283028e+00 1.141677e-01 1.838831e+00 3.596035e+00 2.008397e+00 1.244158e+00 1.032634e+00 2.752658e+00 1.530695e+00 4.414419e+00
2.673419e+00 2.635502e+00 2.327284e+00 -6.907164e-01 -4.762204e-01 4.850441e+00 4.519349e+00 8.889940e-01 2.154047e+00 -1.709533e+00 9.693413e-01 3.598447e+00
8.647976e-01 2.644365e+00 4.025136e+00 2.914586e+00 -5.208557e-01 3.459310e+00 2.597786e+00 -1.157496e-01 2.658271e+00 1.287794e+00 -1.241483e+00 -1.323814e+00
1.809269e+00 3.666917e+00 3.580458e+00 -1.810839e+00 -1.359110e+00 2.108445e+00 -1.269189e+00 1.931101e+00 4.024658e+00 3.590604e+00 1.030711e+00 5.550047e+00
2.227573e-01 2.357313e+00 2.978064e+00 7.364166e-01 4.231429e+00 5.333095e+00 -4.007454e-01 -3.801260e+00 -2.753883e+00 2.108505e+00 1.349896e+00 5.795069e+00
-2.115631e-01 1.575247e+00 4.330687e+00 1.811899e+00 -1.754441e+00 6.650970e-01 4.149934e-01 -3.700051e-01 -1.120610e+00 -2.601404e-01 -9.291997e-01 3.125526e+00
-1.504002e-01 1.527006e+00 1.706356e+00 -9.371213e-01 1.137004e+00 5.097000e+00 4.078198e+00 -6.818099e-01 4.900793e+00 4.650190e-01 3.313584e+00 9.738391e+00
-2.500057e-01 1.757748e-01 3.524212e+00 -4.743000e-01 -3.527770e+00 2.306492e+00 1.070535e+00 -6.700916e-01 1.522657e+00 2.749980e+00 -2.433222e+00 1.826872e+00
9.304867e-01 3.335012e+00 5.355753e+00 4.318928e-01 -1.059175e-01 1.940917e+00 5.183483e+00 6.617508e-01 -8.266987e-01 2.191947e+00 -2.641422e+00 1.545742e+00
2.286892e-01 1.945677e+00 2.217777e+00 -2.743297e+00 -1.080039e+00 3.269413e+00 1.058146e+00 -4.758426e+00 -1.483498e-01 1.501673e+00 -4.427125e+00 1.327897e-01
7.243271e-01 3.589704e+00 3.197902e+00 2.365822e+00 3.312830e+00 4.738750e+00 -7.172663e-01 8.577201e-01 1.692123e+00 5.083548e+00 7.649616e+00 3.553033e-01
7.161732e-01 3.205438e+00 3.030527e+00 3.393657e+00 4.658615e+00 4.838502e+00 1.900158e+00 3.088446e-01 2.314796e-01 -1.866265e+00 -1.775768e+00 3.904387e+00
1.090254e+00 1.649020e+00 3.506327e+00 8.106425e-01 1.426372e+00 1.519568e+00 6.900882e-01 -1.812605e+00 1.778219e+00 4.987905e+00 -1.531593e+00 5.076996e+00
1.057839e+00 2.429196e+00 4.127059e+00 2.459604e+00 1.289568e+00 4.215743e+00 1.856973e+00 -1.813396e+00 -3.588293e-01 2.421558e+00 3.457122e+00 2.337282e+00
1.718826e-01 2.479012e+00 1.409126e+00 -6.832108e-01 3.753092e-01 4.220031e+00 3.417185e+00 -3.060465e+00 -3.590502e+00 2.108169e+00 1.419906e+00 3.748139e+00
-1.822033e-01 3.564727e+00 4.831313e+00 1.901297e+00 1.996013e+00 2.763836e+00 -4.419784e+00 -3.549622e+00 3.476120e+00 2.378424e+00 3.129816e-02 2.162899e+00
9.681091e-01 3.158618e+00 2.771297e+00 -7.765470e-01 6.837392e-02 4.304011e+00 5.100560e+00 -3.698530e+00 -2.574717e+00 1.371290e+00 4.167756e+00 5.290067e+00
8.889008e-01 2.985325e+00 3.924523e+00 7.714828e-01 4.748641e-01 1.794030e+00 -6.461210e-01 1.650748e+00 -7.716250e-02 2.494264e-02 -5.141522e+00 1.569655e+00
1.403844e+00 3.413351e+00 5.179834e+00 5.893443e-01 3.101242e+00 2.820408e+00 3.064816e+00 1.304134e+00 -4.239257e+00 1.430523e+00 3.749951e+00 2.364684e+00
5.768967e-01 1.763812e+00 3.019340e+00 1.242873e-01 -7.549098e-01 -2.740761e+00 -3.546731e+00 -2.949125e+00 9.583473e-02 1.243296e+00 2.626375e+00 3.043199e+00
