1.130803e+01 -1.714150e+01 -7.190486e+00 -1.907711e+00 -1.020709e+01 9.428651e+00 4.999068e+00 -2.263282e+00 -8.562737e-01 -5.171598e+00 1.310727e+00 3.468311e+00
1.211405e+01 -1.717470e+01 -7.407035e+00 -1.155558e+00 -1.012807e+01 7.655118e+00 6.893128e+00 -3.305966e+00 -3.869843e-01 -4.890381e+00 1.842981e+00 2.897200e+00
1.132894e+01 -1.721443e+01 -6.254236e+00 -1.374746e+00 -1.070195e+01 9.675065e+00 3.924106e+00 -2.160472e+00 -1.324753e+00 -4.951395e+00 1.344944e+00 1.910784e+00
1.233996e+01 -1.690898e+01 -5.770823e+00 -1.894983e+00 -8.856544e+00 5.745317e+00 5.689056e+00 -2.641850e+00 -1.245093e+00 -5.473813e+00 4.299305e+00 1.421318e+00
1.125988e+01 -1.644556e+01 -7.060359e+00 -1.471161e+00 -1.051983e+01 9.598789e+00 2.960917e+00 -3.331314e+00 2.763278e-01 -5.522084e+00 4.354358e-02 2.218955e+00
1.123537e+01 -1.713631e+01 -5.520073e+00 -1.828547e+00 -1.072104e+01 1.129832e+01 -2.103043e-01 -1.524848e+00 -1.775856e-01 -5.058631e+00 -5.248595e-01 3.145570e+00
1.342821e+01 -1.738980e+01 -3.808484e+00 -5.127829e+00 -7.290857e+00 4.894263e+00 5.708750e+00 -3.378130e-01 -4.263960e+00 -4.312465e+00 3.904945e+00 2.935701e+00
1.199229e+01 -1.741099e+01 -4.417204e+00 -1.758059e+00 -1.195021e+01 1.260738e+01 -1.848115e+00 1.483989e-01 -6.916423e-01 -4.999847e+00 -5.538408e-01 2.370015e+00
1.239933e+01 -1.741376e+01 -4.624976e+00 -1.799409e+00 -1.049903e+01 1.217225e+01 -9.701028e-01 -8.502665e-01 -5.725689e-01 -5.828229e+00 1.879436e+00 1.725459e+00
1.304855e+01 -1.823321e+01 -4.062302e+00 -1.388848e+00 -1.142332e+01 1.242619e+01 -1.328785e+00 -4.184892e-01 -1.161602e+00 -5.720845e+00 2.437930e+00 -6.015253e-02
1.346651e+01 -1.842948e+01 -4.001898e+00 -5.623057e-01 -1.289250e+01 1.322123e+01 2.170155e-01 -3.549141e+00 2.302751e+00 -5.454633e+00 8.202482e-01 1.456576e+00
1.428943e+01 -1.673993e+01 -4.129059e+00 -3.242947e+00 -8.655474e+00 3.115355e+00 5.096543e+00 -2.043111e+00 -3.384414e+00 -3.694108e+00 7.713582e+00 4.056024e+00
1.275528e+01 -1.746056e+01 -4.701012e+00 -1.402523e+00 -1.165826e+01 1.274438e+01 2.509199e+00 -5.274299e+00 4.453012e+00 -7.374404e+00 1.801484e+00 -4.505908e-01
1.184749e+01 -1.646909e+01 -5.515575e+00 -2.209753e+00 -9.921089e+00 9.243165e+00 4.322172e+00 -6.913459e+00 4.830563e+00 -7.236070e+00 1.639911e+00 -2.388255e+00
1.103616e+01 -1.530069e+01 -5.456392e+00 -2.239774e+00 -1.097793e+01 9.695280e+00 3.030753e+00 -6.669286e+00 5.562318e+00 -7.228261e+00 2.055500e+00 -3.652632e+00
1.001198e+01 -1.234670e+01 -6.562182e+00 -2.785728e+00 -6.412535e+00 4.849720e+00 5.533486e+00 -7.311617e+00 4.026692e+00 -5.527750e+00 7.309173e-01 -2.750888e+00
1.433093e+01 -1.460641e+01 -3.095508e+00 -3.443347e+00 -9.305719e+00 2.429929e+00 5.366985e+00 -7.373099e-01 -4.824037e+00 -5.098484e+00 9.264235e+00 5.165969e+00
1.240537e+01 -1.332745e+01 -5.570168e+00 -6.353045e-01 -7.579252e+00 6.913566e+00 2.834812e+00 -6.123812e+00 4.742343e+00 -5.258986e+00 4.208494e-01 -3.583950e+00
1.121503e+01 -1.079280e+01 -5.920688e+00 -8.857132e-01 -6.872391e+00 8.309674e+00 2.799991e+00 -4.465224e+00 3.739499e+00 -4.015611e+00 7.697119e-01 -4.931793e+00
1.119229e+01 -1.042087e+01 -5.305881e+00 -2.719625e+00 -6.984067e+00 6.909145e+00 -1.221311e-01 -3.393237e+00 4.559296e+00 -7.935121e-01 -1.762539e+00 -5.782588e+00
1.083362e+01 -1.113016e+01 -6.271312e+00 -8.883197e-01 -7.517598e+00 8.709963e+00 1.430959e+00 -2.120204e+00 5.852226e+00 -2.143139e+00 1.607700e+00 -5.430279e+00
1.114237e+01 -8.898647e+00 -5.240625e+00 -2.142742e+00 -3.336826e+00 1.466926e+00 -7.172282e-01 -8.441511e-01 4.924535e+00 -3.358294e+00 3.542060e-01 -5.975864e+00
1.630153e+01 -3.798961e+00 -7.403801e+00 -5.762403e+00 -1.792976e+00 -1.424852e+00 -4.329202e-01 3.788326e+00 -8.516376e+00 -7.204638e+00 1.169473e+01 7.131538e+00
1.078497e+01 -6.174502e+00 -4.629130e+00 -3.587032e+00 -3.026743e-01 3.387292e+00 -8.566746e+00 6.138832e+00 2.007500e+00 -2.004293e-01 8.149756e-01 -6.313012e+00
1.067123e+01 -5.878477e+00 -4.256668e+00 -4.761321e+00 -3.792820e-01 3.565225e+00 -9.324403e+00 7.650178e+00 5.619013e+00 6.915785e-01 4.560801e-01 -7.332272e+00
1.169400e+01 -1.148660e+00 -5.607585e+00 -5.757165e+00 -7.838402e-01 2.112816e+00 -1.220921e+01 4.277698e+00 1.381626e+01 -6.125589e+00 -5.504540e-01 -3.025513e+00
1.122118e+01 -1.697692e+00 -2.214192e+00 -4.840768e+00 -8.846583e-01 -1.876777e+00 -1.065886e+01 7.579010e+00 5.813296e+00 -1.419897e+00 1.501257e+00 -5.317385e+00
1.054522e+01 2.044182e-01 -6.835461e-02 -1.740526e+00 -4.293687e+00 -7.139858e+00 -6.881745e+00 6.401025e+00 2.860243e+00 6.838505e-01 3.169126e+00 -4.897938e+00
9.882328e+00 5.061164e-01 9.073949e-02 -4.148025e+00 -1.097201e+00 -3.010555e+00 -8.692815e+00 8.350171e+00 4.770076e+00 4.993382e-01 -1.325884e+00 -2.933348e+00
7.625561e+00 -1.039386e-01 2.692532e+00 -2.868899e+00 -4.790704e+00 -4.961321e+00 -6.276757e+00 1.004992e+01 3.073544e+00 2.022400e+00 2.839013e+00 -7.711399e+00
1.095372e+01 -7.413487e-01 2.099073e+00 5.936071e+00 -4.919556e+00 -1.298804e+01 -7.534659e+00 1.203066e+00 1.217141e+00 2.141658e+00 -7.220277e-01 -8.848841e-01
1.057378e+01 -9.328699e-02 4.415801e-01 1.891216e+00 -2.023000e+00 -9.294169e+00 -9.317988e+00 6.476854e+00 3.736240e+00 -1.157227e+00 1.775195e+00 -2.527156e+00
8.611806e+00 -2.359662e-01 4.689286e+00 1.728753e+00 -4.619216e+00 -1.215848e+01 -7.858972e+00 6.234111e+00 2.172052e+00 1.234360e+00 4.663573e+00 -6.793486e+00
1.025041e+01 -3.481102e-01 4.386732e+00 7.783107e+00 -4.819988e+00 -1.222992e+01 -5.347574e+00 -1.542277e+00 -1.942073e+00 5.422439e+00 -9.407222e-01 -3.514200e+00
8.330044e+00 5.353303e-01 3.829246e+00 1.108524e+00 -2.258928e+00 -9.056844e+00 -9.606451e+00 8.298638e+00 8.468089e-01 6.102817e-01 3.809715e+00 -5.784593e+00
9.266718e+00 3.733533e+00 2.408190e+00 1.013009e+01 -1.162784e+00 -1.795551e+01 -4.964867e+00 -1.612090e+00 1.520262e+00 7.724721e+00 -1.109682e+00 1.597741e+00
-4.038826e+00 -1.761968e+00 -3.918626e+00 -5.385951e+00 -8.959379e-01 -6.591121e+00 -4.854245e+00 -9.458889e+00 -6.342180e+00 -4.673928e+00 -3.754025e+00 -1.127853e+00
-1.361310e+01 -1.006086e+00 2.851668e+00 -2.605435e+00 1.779291e+00 -3.358502e+00 -2.307982e+00 -8.072322e+00 -9.180981e+00 -6.911897e+00 -3.454596e+00 -4.764991e+00
9.652495e+00 5.157071e+00 2.032427e+00 8.954331e+00 3.006207e+00 -1.475918e+01 -9.072121e+00 -3.634043e+00 1.842591e+00 4.146875e+00 -4.516496e+00 -1.040344e+00
-3.273717e+00 2.100348e-01 8.652802e-01 -4.069793e+00 -1.346393e+00 -4.696260e+00 -1.730211e+00 -1.609934e+00 1.624556e+00 -7.707648e-01 -2.539062e+00 -2.422104e+00
5.931556e+00 5.411335e+00 2.490229e+00 -1.260319e+00 2.664089e-01 -3.401993e+00 6.790922e-01 5.645031e-01 -4.512705e+00 1.147390e+00 5.735106e+00 -1.829598e+00
-2.738464e+00 -1.890615e+00 2.926243e+00 2.635352e+00 5.696220e-01 -4.787862e+00 -2.373365e+00 -9.213305e-02 3.816550e+00 2.868113e+00 -1.301653e+00 -2.238126e+00
-7.412912e+00 -5.046748e+00 5.991459e-02 -1.658405e-01 3.442635e+00 2.523784e+00 5.764780e+00 6.860171e+00 6.505387e+00 3.909432e+00 1.381072e+00 2.834720e+00
1.136894e+00 2.585485e+00 2.862431e+00 4.433872e+00 -4.619036e+00 -1.285128e+01 -7.550776e+00 -2.636365e+00 -5.311456e-01 1.282650e+00 -4.328896e+00 -8.222256e+00
-7.997628e+00 -6.019581e+00 1.988815e+00 1.864919e+00 2.744066e+00 -1.727443e+00 3.681863e+00 6.551725e+00 3.769386e+00 5.869482e+00 -2.330792e+00 -1.213004e+00
-4.653355e+00 -2.563132e+00 -3.983245e+00 -5.430039e+00 -1.207104e+00 -5.995059e+00 -3.924479e+00 -8.074883e+00 -6.773126e+00 -4.124968e+00 -4.237753e+00 -7.361467e-01
-7.531617e+00 -3.092387e+00 1.108394e+00 -9.391091e-01 1.839118e-01 4.129781e-01 5.630655e+00 -1.049350e+00 1.694978e+00 3.805228e+00 3.465019e+00 8.868284e+00
-5.902063e+00 -2.829291e+00 2.411348e+00 1.810077e+00 4.509711e-01 -3.625484e-01 4.825897e+00 1.768736e+00 2.927424e+00 2.454462e+00 -3.529920e+00 -3.454386e+00
7.858920e-01 7.321772e+00 8.541245e+00 1.414273e+01 9.213852e+00 -6.666792e+00 -4.713681e+00 -5.988083e+00 -4.774753e+00 4.492095e+00 -1.148130e+00 -3.517576e+00
-2.713872e+00 4.613948e+00 8.202098e+00 5.041040e+00 3.167472e+00 6.633450e-01 8.356500e-02 2.147109e+00 -2.581819e+00 -3.846986e+00 -1.140296e+01 -5.496687e+00
2.152915e+00 6.019963e+00 -3.259586e+00 1.977066e+00 1.445179e+00 -3.674590e+00 4.398596e-01 -4.420505e+00 -7.412595e+00 -5.376166e+00 -7.419658e+00 -7.928219e+00
8.452816e-01 5.629330e+00 -7.353063e+00 1.109903e+00 9.067791e+00 1.630315e+00 2.198052e-01 -2.789288e+00 -6.139512e+00 -2.715120e+00 -1.059573e+00 -2.633608e+00
-1.959826e+00 5.669982e+00 -9.692616e+00 -5.819943e+00 5.138552e+00 1.546797e+00 4.221827e+00 2.235468e+00 -3.192189e-01 1.282035e+00 -2.715166e+00 -6.107512e+00
-3.334027e+00 7.616330e+00 -7.808215e+00 -3.244790e+00 7.126278e+00 2.329410e+00 1.727552e+00 3.145954e+00 3.228968e+00 -2.818151e-01 -1.058447e+01 -8.879555e+00
-6.403947e+00 1.098947e+01 3.871694e+00 2.464550e+00 8.344896e+00 4.100841e+00 6.828989e+00 8.140646e+00 9.987832e+00 1.143524e+01 -1.154481e+00 2.331846e+00
-9.699392e+00 6.066358e+00 3.665282e+00 1.366567e+00 1.803694e+00 -6.367953e+00 1.499479e+00 8.944751e+00 -4.338627e-01 -2.090895e+00 -4.490686e+00 2.523035e+00
-1.241570e+01 9.113101e+00 2.870740e+00 -2.538926e+00 4.562427e+00 -1.850603e+00 -2.651829e+00 3.134377e+00 6.575899e-01 2.658741e+00 -3.725641e+00 5.654245e+00
-9.369379e+00 1.206248e+01 4.953534e+00 2.038023e+00 6.079097e+00 -1.148310e+00 1.650710e+00 3.195125e+00 -8.004704e-01 9.865967e-01 -4.308136e+00 5.256614e+00
-1.067227e+01 1.032390e+01 3.163957e+00 4.541592e+00 8.271381e+00 -3.482216e+00 -4.298617e+00 -1.916533e+00 -6.242457e+00 -5.150858e-01 -1.761493e+00 5.606813e+00
-3.395304e+00 8.556028e+00 -1.913396e+00 -1.173620e+00 7.148841e+00 4.236300e+00 5.840631e+00 3.085593e+00 3.269483e+00 5.624146e+00 -3.949378e+00 -4.709999e+00
-8.486019e+00 9.906391e+00 1.108175e+00 -9.584687e-01 3.456819e+00 -3.220982e+00 2.462857e+00 2.692805e+00 -4.477297e+00 1.663248e+00 -5.319845e+00 -1.164677e+00
-8.717556e+00 1.305372e+01 2.850409e+00 -1.784481e+00 1.580528e+00 -1.232523e+00 -1.890541e+00 -2.088950e+00 -2.682600e+00 5.023797e-01 -5.861051e+00 -1.262242e+00
-1.115197e+01 9.993647e+00 1.079764e+00 1.838197e+00 4.522258e+00 -2.138966e-01 -2.536950e-01 -7.379841e+00 -3.323565e+00 3.679480e+00 4.002453e+00 7.306344e+00
-6.086826e+00 9.524796e+00 -1.263970e+00 8.392310e-02 4.928136e+00 2.334961e+00 5.923357e+00 4.233263e+00 6.809888e+00 1.125473e+01 1.646752e+00 -3.283076e+00
-1.173298e+01 9.748961e+00 2.582364e+00 2.172787e+00 6.141324e+00 6.358382e-01 3.717741e+00 1.519646e+00 -5.404034e-01 6.185580e+00 4.894331e+00 6.760003e+00
-1.141065e+01 9.241798e+00 3.681813e+00 3.611005e+00 8.229331e+00 6.828691e-01 4.032826e+00 -1.271132e-01 -4.369120e+00 1.663926e-01 -2.633603e+00 4.274739e+00
-1.188993e+01 7.207643e+00 8.826745e-01 8.444225e-01 8.912663e+00 -2.052255e+00 4.485336e+00 1.230186e+00 1.734797e+00 2.855116e+00 -6.556574e-01 3.327185e+00
-1.234123e+01 7.613984e+00 1.338091e+00 -8.328354e-02 5.114163e+00 -2.529967e+00 -3.328148e+00 -4.347548e+00 -8.104107e+00 -2.039222e-01 1.565303e+00 5.060260e+00
-1.168629e+01 7.113438e+00 2.724361e+00 2.739281e+00 5.182421e+00 -1.189867e+00 -7.709856e-01 -2.845860e+00 -8.241484e-01 3.375515e+00 2.687917e+00 2.633614e+00
-1.329810e+01 5.160317e+00 2.247586e+00 -5.161324e-01 4.033208e-01 -5.859934e+00 2.187137e+00 3.741207e-01 -7.958593e-01 5.382340e+00 1.313870e+00 3.888209e+00
-1.373294e+01 3.877795e+00 1.850307e+00 -4.359205e-01 4.028631e+00 -2.208526e+00 -3.015182e-01 -3.323216e+00 -4.539065e+00 2.920009e+00 4.825787e+00 8.310072e+00
-1.200497e+01 6.324938e+00 3.568739e+00 -1.970391e+00 1.147633e+00 -2.428908e+00 -1.937564e+00 -2.779168e+00 1.855568e+00 5.991234e+00 3.790581e-02 3.635655e+00
-1.235684e+01 6.774496e+00 2.241086e+00 2.870675e+00 5.153364e+00 -4.565610e+00 2.312183e+00 -4.278553e-01 -4.668499e+00 3.405125e-01 1.126353e+00 4.355137e+00
-1.222404e+01 8.094649e+00 2.391436e+00 1.549703e-01 1.918659e+00 -3.209367e+00 4.383512e+00 -7.126279e-01 -3.658424e+00 -1.412064e+00 2.658583e+00 5.850092e+00
-1.169765e+01 6.671738e+00 3.927048e+00 1.086770e+00 5.397048e+00 -1.964189e+00 3.494858e+00 1.068300e+00 8.331232e-01 6.333179e+00 2.044005e+00 2.224027e+00
-1.139337e+01 1.083504e+01 7.697281e+00 1.055023e+00 1.092746e+00 -8.231874e+00 -6.706910e-01 1.105658e+00 -1.577697e+00 2.703751e+00 6.352118e-01 -6.444104e-01
-1.046448e+01 1.065889e+01 6.404388e+00 1.574480e+00 5.700202e+00 -2.281904e+00 3.213699e+00 4.288694e-01 -4.739853e+00 2.387867e+00 -3.803929e+00 -2.918210e-01
-1.243578e+01 7.485559e+00 5.085207e+00 8.150963e-01 4.583402e+00 -2.392996e+00 -2.487657e+00 -2.360900e+00 -2.395821e-02 5.297752e+00 3.725152e+00 6.250604e+00
-1.135968e+01 8.925897e+00 2.018747e+00 -1.271383e+00 5.889938e+00 -3.954719e+00 -8.282232e-01 -1.871355e+00 1.049490e-01 5.687623e+00 1.752670e+00 4.298765e+00
-1.116436e+01 7.643538e+00 1.804911e+00 -6.865746e-01 2.801309e+00 -3.908216e+00 1.434324e+00 -2.475631e+00 -5.476143e+00 1.906147e+00 9.464360e-01 2.817984e+00
-6.463335e+00 9.412793e+00 1.249361e+00 -4.168098e+00 4.133917e+00 1.421865e+00 7.769673e+00 4.672451e+00 6.405925e+00 3.011819e+00 -1.785991e+00 5.639689e-01
-7.338808e+00 9.999889e+00 2.612798e+00 -9.571230e-01 4.707658e+00 7.104427e-01 3.980275e+00 2.228032e+00 6.403842e-01 1.749006e+00 -1.999425e+00 2.604991e+00
-8.535868e+00 1.109041e+01 4.552946e+00 2.083336e+00 9.003933e+00 1.345914e+00 -3.693271e-02 1.002095e+00 1.041663e-01 4.077003e+00 1.162837e+00 4.551597e+00
-9.551207e+00 1.263693e+01 8.718951e+00 4.600112e+00 1.120921e+01 2.864397e+00 1.723752e+00 -1.655886e-01 -2.764566e+00 5.193488e+00 3.613066e+00 3.990391e+00
-1.130017e+01 8.198048e+00 4.532638e+00 -1.141818e-01 7.643380e+00 -1.701776e+00 -2.026594e+00 -5.110655e+00 -7.296679e+00 4.214776e-01 -7.986065e-01 5.672057e-01
-1.082712e+01 9.159517e+00 3.001816e+00 2.490944e+00 8.481369e+00 1.462846e+00 1.327684e+00 1.478099e-01 1.380916e+00 3.245723e+00 -2.918291e+00 2.233152e+00
-1.082923e+01 8.111816e+00 5.232039e+00 4.204210e-01 5.602448e+00 2.280459e-01 9.144270e-01 -2.830626e+00 -5.951101e+00 2.417932e-01 -1.881510e+00 1.403987e+00
-9.943605e+00 1.005170e+01 4.473993e+00 -9.062660e-02 5.985730e+00 9.532913e-01 5.564439e+00 6.776633e+00 -3.511560e+00 -3.229315e+00 -2.828675e+00 3.754283e+00
-6.844647e+00 1.406565e+01 6.978943e+00 6.600667e+00 1.025948e+01 2.473738e+00 2.292101e+00 1.749264e+00 -2.612652e+00 -1.744634e+00 -4.351449e+00 -2.665450e+00
-7.803547e+00 1.191282e+01 8.918167e+00 6.001605e+00 9.584936e+00 2.232574e+00 3.248657e+00 2.423255e+00 5.413022e+00 3.551598e+00 1.855353e+00 2.436826e+00
