-4.560881e+00 9.461128e-01 5.588354e-01 -8.777660e-01 1.536180e+00 -1.478741e+00 2.740119e-01 -5.806248e-01 -1.641303e+00 -1.645544e+00 -1.750566e+00 -1.155919e+00
-3.986214e+00 1.833657e+00 3.293474e-01 2.948969e-01 2.307425e+00 1.189900e+00 -9.538859e-01 -1.534298e+00 -1.416771e+00 -2.946633e+00 -1.696065e+00 -4.279474e-01
-3.632967e+00 -5.774832e-02 1.491652e-01 -2.274000e+00 6.798576e-01 -3.656200e+00 1.486902e+00 1.268351e+00 -6.416408e-01 -1.303064e-01 -5.495016e-01 -7.503049e-02
-2.232270e+00 3.730339e-01 -1.979033e+00 8.323383e-01 1.723011e+00 1.509153e+00 -1.091513e+00 -1.639776e+00 -1.212610e+00 -1.090330e+00 -5.559698e-01 3.153578e-01
3.848196e+00 -3.268592e+00 -6.869897e-01 -6.952019e-01 -1.497004e+00 -3.440212e+00 -1.557729e-01 -3.100194e+00 3.089561e+00 1.973816e+00 4.078904e-01 1.104129e+00
-6.468102e-01 -6.145101e-02 -6.735804e-02 -2.395413e+00 5.891163e-01 -4.239314e+00 1.706912e+00 1.764700e+00 1.447071e-01 1.098547e+00 -6.084644e-01 -7.928298e-01
-5.494618e-02 -2.246747e+00 6.180757e-01 -9.806787e-01 -8.431513e-01 -2.061541e+00 8.591678e-01 -1.432755e+00 2.937407e+00 2.167421e+00 -2.440726e+00 1.516398e+00
-5.636632e-01 -1.447413e+00 7.287312e-01 -5.891961e-01 -6.747223e-01 -1.179839e+00 8.309838e-01 -3.263332e-01 2.466016e+00 2.719287e+00 -1.748400e+00 1.048973e-01
4.666645e-01 -2.675917e+00 -1.292886e+00 -1.366824e+00 -3.274303e-01 -1.141204e+00 1.805737e+00 5.062373e-01 3.855644e+00 8.091688e-01 -1.868747e+00 -2.852906e-01
-1.234468e+00 -1.707454e-01 -2.616620e+00 -5.503725e-01 1.735738e+00 -9.315343e-02 -3.077570e-01 -1.549724e+00 -5.364321e-01 1.600314e+00 9.134653e-01 1.003325e+00
2.293105e-01 -1.913995e+00 5.100428e-01 -9.615324e-01 -7.634853e-01 -1.745557e+00 1.296758e+00 -1.367393e+00 2.485926e+00 1.587496e+00 -1.434696e+00 7.725942e-01
-1.046013e+00 -6.260437e-01 -2.882718e+00 -1.875809e+00 -1.666431e-01 6.697334e-01 7.311991e-01 -2.042896e-01 1.244193e+00 2.246456e+00 1.539130e+00 7.412371e-01
-8.435381e-01 -4.695591e-01 4.375332e-01 1.833764e-01 -9.301022e-01 3.546624e-01 -3.943473e-01 7.788804e-01 1.071305e+00 2.753927e+00 -1.654037e+00 -1.954737e+00
5.806363e+00 -2.664216e+00 1.183491e+00 7.067283e-01 -8.758790e-01 -3.081692e+00 -4.216011e-01 -5.022988e+00 2.180290e+00 2.122413e+00 1.364495e+00 -2.626011e-01
3.784227e-01 -1.756993e+00 -8.762655e-01 -1.492972e+00 3.267187e-02 5.808400e-01 1.341511e+00 1.370017e+00 2.764536e+00 1.420552e-01 -2.275538e+00 -1.124934e+00
-8.464813e-02 -5.237523e-01 -2.154584e+00 -8.868691e-01 -1.977759e+00 -9.052082e-01 1.595254e+00 4.077406e-02 -1.290608e-01 3.473256e-01 9.422860e-01 -1.955233e-01
1.644046e+00 -2.019006e+00 -5.855678e-01 -5.480808e-01 4.493454e-01 1.214879e+00 -3.188017e+00 -3.094244e+00 -1.329753e+00 5.454739e-01 1.202570e+00 -8.106056e-01
1.027946e+00 9.276074e-01 -6.177475e-01 6.054778e-01 -1.230725e+00 -2.753046e-01 -1.626647e+00 -5.888492e-01 -2.069690e+00 -1.130590e+00 -7.166563e-01 -7.077447e-01
3.382881e-01 -1.526036e-01 -1.168260e+00 3.907033e-01 -1.203118e+00 8.217498e-01 2.185497e+00 1.871123e+00 -5.906704e-01 -1.895730e+00 -7.909639e-01 -4.175886e-01
1.092793e+00 -2.343304e+00 -1.143381e+00 -1.722695e+00 -9.270734e-01 8.575311e-01 7.285258e-01 2.529063e+00 6.442753e-01 1.490281e+00 3.882580e-02 -1.607561e+00
2.593185e-01 1.296957e-01 -9.750781e-01 1.224602e+00 -1.325823e+00 1.339446e+00 1.375667e+00 4.164304e-01 -1.709668e+00 -2.583050e+00 -1.563945e+00 -1.019543e+00
3.870023e-01 -1.287583e+00 -5.669826e-01 -9.020630e-01 1.410145e-01 1.275168e+00 9.321932e-01 1.331655e+00 1.445589e+00 -5.529479e-01 -2.074918e+00 -6.759399e-01
-5.895041e-01 -4.025383e-02 4.139760e-01 4.191303e-01 -8.751040e-01 6.772974e-01 -1.087378e+00 8.112611e-01 4.820467e-01 1.364080e+00 -7.272980e-01 -3.331708e+00
1.218293e+00 -1.523103e+00 -9.419882e-01 -2.229877e-01 -1.482010e-01 1.752468e+00 -5.440710e-01 -1.168996e+00 -1.582682e+00 1.618418e+00 3.991523e-01 -1.867012e+00
4.844235e-01 -1.079297e+00 -1.755937e-01 -2.506515e-01 -5.851477e-01 1.592285e+00 1.906969e-01 1.338139e+00 8.299413e-01 -1.159936e+00 -5.755405e-01 -4.773901e-01
1.656487e+00 1.594072e+00 2.316792e-01 -3.268894e-01 -1.480691e+00 -3.424162e+00 1.411094e+00 1.070192e+00 -1.029728e+00 -6.293218e-02 -1.103323e+00 -5.717861e-01
6.810514e-01 1.514435e-01 -3.792109e-01 1.272514e+00 2.145234e+00 1.394343e+00 -3.107904e+00 -3.432919e+00 -8.480749e-01 6.708878e-01 7.181151e-01 -6.292700e-01
2.105781e-01 -7.693251e-01 3.428270e-01 2.457259e-01 -6.101292e-01 1.055724e+00 -8.542904e-01 1.073602e+00 2.935297e-01 -1.079418e+00 4.799992e-01 4.847023e-01
2.581479e+00 4.983644e-01 2.446218e-01 -6.850664e-01 -1.326569e+00 -1.803721e-01 -2.505699e+00 4.760142e-01 -3.711197e-01 8.016917e-01 6.166493e-01 -2.374997e-02
5.082048e-01 1.500913e+00 8.015898e-01 -1.320929e+00 -5.009103e-02 -2.069995e-01 -1.893516e+00 7.437049e-01 1.274837e+00 4.184178e-01 1.572008e+00 1.162730e-01
1.509803e-01 -3.594608e-01 2.630578e-01 -3.530207e-01 -6.697394e-01 2.466873e-01 7.655640e-02 4.400965e-01 3.409374e-01 4.044457e-01 -9.735073e-02 -8.561343e-01
-1.176273e-01 4.169541e-01 7.475064e-01 3.916759e-01 4.720317e-01 -1.173017e-01 -1.131566e+00 -6.552669e-01 3.178658e-01 -1.023327e+00 -2.241748e-01 -4.265175e-02
4.244347e-02 5.364965e-01 7.205294e-01 -3.304032e-01 4.838689e-01 -6.305199e-01 -1.100764e+00 -3.525369e-01 3.508099e-01 -2.060648e-01 9.075779e-01 2.287125e-01
2.850285e-01 4.793735e-01 1.114303e+00 1.232419e-01 2.672320e-01 -8.720260e-01 5.544920e-01 1.238565e+00 8.893347e-01 6.402173e-01 3.336721e-01 -1.581875e-01
2.176630e-01 1.628384e-02 8.408699e-01 -1.128779e-01 -9.567078e-02 -1.404982e-01 3.846704e-01 2.387678e+00 1.390335e-01 5.164262e-01 2.052559e-02 5.183461e-01
1.402258e-01 -2.103118e-01 1.266633e-01 -5.298714e-01 -8.310741e-01 -4.065583e-02 7.180313e-01 2.386683e+00 7.554842e-01 -8.953323e-01 -5.493600e-01 4.462701e-01
9.643326e-02 -3.744519e-02 -2.003444e-01 -3.307532e-01 -4.818541e-01 2.828664e-01 -6.981196e-01 4.757833e-01 3.887853e-01 -2.048790e+00 -1.075514e+00 -2.065153e-01
4.656677e-02 1.654114e-01 -3.906605e-01 -5.465620e-02 1.861798e-01 -8.010793e-01 -1.974614e+00 -1.208074e+00 -7.467417e-02 -4.338186e-01 4.821414e-01 -4.632414e-01
3.480411e-01 5.989277e-01 2.374886e-01 9.324360e-01 5.782820e-01 -1.042611e+00 1.668208e-01 -1.123223e+00 -7.662167e-02 1.065611e+00 8.505745e-01 -5.774424e-01
1.193134e+00 1.330863e+00 9.064698e-01 2.572492e+00 2.261749e+00 1.177723e+00 9.105312e-01 -5.195064e-02 -1.228695e+00 1.334362e+00 7.804652e-01 -7.422581e-01
1.500857e+00 1.941720e+00 1.543654e+00 2.038053e+00 2.553306e+00 2.676564e+00 1.932012e+00 1.061143e-01 -1.376847e+00 2.738631e-01 -1.654064e+00 -1.362858e+00
6.225892e-01 1.058693e+00 4.842697e-01 1.181746e+00 1.015571e+00 2.532846e+00 8.018275e-01 4.407180e-01 2.282752e-01 3.918907e-01 -1.015554e+00 5.864030e-01
-1.375620e-01 3.634267e-02 -3.506238e-01 8.095886e-01 -2.927773e-01 5.665312e-01 -1.074842e+00 7.554495e-01 5.792134e-01 1.199074e+00 -2.530496e-01 -1.225980e-01
-7.804524e-01 -5.857157e-01 8.959150e-03 1.717467e-02 -1.505212e+00 -1.658563e+00 -7.687722e-01 1.919676e-01 5.623755e-01 1.648566e+00 7.740581e-01 3.429300e-01
7.935896e-02 -2.562265e-01 -6.159329e-03 2.941102e-01 -5.652297e-01 -9.427824e-01 2.232534e-01 8.732290e-01 4.730047e-01 5.710188e-01 1.547795e+00 -2.223577e-01
3.157313e-01 -3.610820e-01 2.495019e-01 -7.473613e-01 2.138352e-01 -1.988883e-01 3.768644e-01 -1.156184e+00 1.065789e-01 -1.158189e+00 -5.623204e-01 -1.332393e+00
-7.608968e-01 -1.311888e+00 -6.058496e-01 -2.107602e+00 -3.490596e-01 -2.157635e-01 2.021577e-01 -1.110750e+00 5.929290e-01 -6.468809e-01 -1.009900e-01 5.350668e-01
-1.163615e+00 -1.587424e+00 -1.298723e+00 -1.821451e+00 -4.811664e-01 2.993441e-03 -3.230135e-01 -2.121806e+00 -3.597232e-01 -1.244285e+00 5.342506e-01 1.249728e+00
-1.154434e+00 -1.064966e+00 -8.319570e-01 -1.341566e+00 -5.845985e-01 -6.567348e-01 -1.766737e-01 -1.182606e+00 2.072357e-01 -7.733300e-01 1.102339e+00 2.017989e+00
-1.811743e-01 -6.368420e-02 -3.857687e-01 -3.454645e-01 6.441280e-01 5.028077e-01 1.312856e+00 1.263036e+00 8.134542e-01 -7.479888e-01 7.939945e-01 1.267727e+00
7.268925e-01 -1.213610e+00 -6.545650e-01 -7.126522e-01 -5.710201e-01 5.919207e-01 8.501909e-01 1.448432e+00 7.488858e-01 -3.255793e-01 -9.683280e-02 -1.512627e-01
7.930485e-01 2.376612e+00 1.418158e+00 -4.442027e-01 -2.253520e+00 -2.170084e+00 1.685099e+00 7.872750e-01 2.057915e-01 -1.409131e+00 -1.138739e+00 1.128953e+00
-4.570169e-01 -2.565373e-01 2.352218e-01 1.055178e+00 -6.363003e-01 -1.022619e-01 1.900217e+00 7.307917e-01 7.976517e-01 5.529643e-01 -9.190105e-01 -8.814899e-01
1.020161e-01 2.652733e-01 2.082434e-01 1.610161e+00 1.450403e+00 6.212897e-01 1.862594e+00 3.700615e-01 6.805102e-01 5.528410e-01 -1.373633e+00 -1.116465e+00
2.516644e-01 9.258067e-01 1.944458e-01 -2.189899e-01 6.956629e-02 6.538127e-01 1.415978e+00 8.553632e-01 4.457713e-01 6.468374e-01 -3.350706e-02 -3.046751e-01
-3.785748e-02 6.803026e-01 1.384683e-01 2.370206e-01 6.412257e-01 4.763831e-01 -3.421429e-01 7.843767e-01 -1.857549e-01 -8.654357e-01 6.225333e-01 4.685052e-01
-7.055691e-01 -2.797467e-01 -1.365143e-01 1.513262e-01 7.250804e-01 -2.762275e-01 -9.335480e-01 1.857810e-02 -6.876098e-01 -1.428548e+00 -5.542849e-01 1.582947e+00
-1.310448e+00 -9.104555e-01 -7.048474e-01 -2.103190e-02 3.244472e-01 7.077034e-01 -2.524988e-01 -1.518304e+00 -1.474441e+00 -6.587183e-01 -8.165808e-01 1.059631e+00
-8.520465e-01 -9.861678e-01 -8.921764e-01 5.498858e-01 4.250626e-01 -7.678507e-02 3.088327e-01 -2.598389e+00 -1.711790e+00 6.139796e-01 -3.118338e-01 7.980087e-01
-2.879906e-03 6.498575e-02 7.709920e-01 1.014072e+00 3.474478e-01 -1.897693e-04 -5.019758e-01 -2.521286e+00 -1.029640e+00 1.777793e+00 3.468186e-01 4.147849e-01
4.905274e-01 9.677273e-01 1.411386e+00 1.092344e+00 6.307824e-01 -3.353045e-01 -8.790303e-01 -2.213786e-01 4.757165e-01 6.152258e-01 -6.549010e-02 -1.031288e+00
4.789270e-01 8.540148e-01 1.360873e+00 5.692154e-01 6.595256e-01 -6.144983e-01 -7.635189e-01 9.844331e-01 1.307718e+00 -3.123369e-02 -8.108843e-01 -1.156670e+00
2.547469e-02 5.015871e-01 8.725503e-01 -6.600761e-03 5.581520e-01 -1.948778e-01 -2.265438e-01 1.411187e+00 1.494260e+00 -2.588301e-01 -5.870024e-01 -8.798750e-01
3.724090e-01 -6.953325e-01 5.920048e-01 7.683744e-02 -4.125880e-01 5.278826e-01 -9.798346e-01 4.077444e-01 3.811051e-01 -1.594128e+00 1.471367e+00 7.015651e-01
1.732678e-01 1.797282e+00 2.991561e-01 -1.198687e+00 -2.286691e-01 -1.207486e+00 -2.109054e+00 1.757809e-01 1.358602e+00 2.089646e+00 2.330304e+00 1.050211e+00
1.643031e-02 3.287271e-01 1.510401e-02 2.357343e-01 9.074299e-01 8.114299e-01 -1.067909e+00 -2.157100e+00 3.574598e-01 -9.432081e-01 -2.380893e+00 -9.622700e-01
-1.645290e-01 -9.345465e-01 -2.045430e-01 -2.089944e-02 1.782910e+00 1.075940e+00 4.867239e-02 -1.283215e+00 2.542070e-01 2.929737e-01 1.920238e-01 -8.646660e-01
-3.987294e-01 1.416269e-01 6.208463e-01 9.254302e-01 -7.212012e-02 5.989836e-01 8.954352e-01 -2.351312e+00 -1.540410e+00 -1.772208e+00 -1.602253e+00 -1.392602e+00
-3.396255e-01 1.105437e-01 3.072658e-01 -2.118662e-01 -4.050236e-01 -9.996422e-01 -9.842168e-01 -1.850257e-01 1.988697e+00 1.457368e+00 1.576203e+00 2.145786e+00
-4.977951e-01 4.411032e-01 8.732404e-01 -1.230646e+00 7.468913e-01 6.639915e-01 2.798521e+00 2.747566e-01 -3.310815e+00 -2.521196e+00 1.566884e+00 4.674703e-01
7.332067e-01 -4.200339e-01 5.669452e-01 -3.630263e-01 8.069005e-02 2.713407e-01 -1.049797e+00 5.309958e-02 -7.102422e-02 -1.546294e+00 1.161313e+00 1.611735e+00
-2.487693e-01 1.139438e-01 -3.525316e-01 -1.547524e+00 -1.108650e+00 1.042464e-01 -1.362201e+00 -1.910835e+00 1.068798e+00 7.661475e-02 -9.630508e-01 6.912878e-01
-2.301624e-01 4.743152e-01 1.332441e+00 -4.070866e-02 1.002680e+00 6.602905e-01 2.722129e-01 2.267666e-01 2.190866e-01 -9.616027e-01 8.834874e-01 -6.819879e-01
-1.660689e-01 4.839991e-01 1.144912e+00 4.434918e-01 2.904868e-01 -4.957382e-01 1.406773e+00 7.472950e-01 9.070003e-02 -9.594685e-01 8.320487e-01 -5.939654e-01
2.827040e-01 -2.078894e-01 3.147962e-01 1.641930e+00 -1.692438e+00 8.540733e-01 -6.523744e-01 -1.500867e-01 5.841293e-02 7.312805e-01 -4.794130e-01 -3.104998e+00
-7.948931e-01 -4.138516e-01 1.766421e-01 4.473697e-01 -9.578753e-02 -1.685779e+00 2.729290e-02 1.677938e+00 2.405481e+00 1.198763e+00 6.815508e-01 1.291363e+00
-1.893411e+00 7.092344e-01 6.960764e-01 6.605239e-01 -5.634691e-01 -1.661919e+00 -1.861072e-02 5.067314e-01 5.859343e-01 -8.264389e-02 -7.620775e-01 1.416853e+00
-6.277828e-02 -4.788361e-01 1.443333e-01 -1.185648e-01 2.338497e+00 7.551635e-01 -6.188619e-01 -7.391323e-01 9.341799e-01 4.337896e-01 -1.799798e-01 -1.411316e+00
-1.062759e+00 -2.880685e-01 -7.024040e-02 6.220223e-01 1.423620e+00 1.344483e-01 -2.687898e+00 -1.493649e+00 7.288452e-01 1.629623e-01 -3.198833e-01 1.898391e-01
1.038184e+00 1.554651e-02 6.520002e-01 -9.828810e-02 1.279978e-01 5.073692e-01 -1.199455e+00 -1.052012e+00 -1.164464e+00 -1.735826e+00 1.076845e+00 3.417418e+00
-4.214191e-03 4.710574e-02 6.672534e-01 7.358684e-02 1.904156e+00 3.385785e-01 -7.639233e-01 3.535718e-01 1.422155e+00 -1.298097e-01 -4.486524e-01 -1.202047e+00
-1.426165e+00 3.073670e+00 1.245155e+00 8.338518e-01 -1.403942e+00 -9.179106e-01 1.991707e+00 6.699697e-01 4.644960e-01 -2.258622e-01 -1.882792e+00 1.085036e+00
-5.778667e-01 1.448433e+00 -1.150571e+00 -2.243236e+00 -1.530130e+00 -1.623489e+00 -1.653701e+00 -1.050093e+00 1.539572e+00 1.906698e+00 2.764181e-01 1.815146e+00
-8.952626e-01 -2.663271e-01 8.788101e-02 6.077132e-01 2.228406e-01 -4.459571e-01 1.192160e+00 -1.272920e+00 -8.301970e-01 -1.537162e+00 -9.103595e-01 -1.171366e+00
6.899679e+00 -2.131224e+00 3.027346e+00 1.267075e+00 3.591050e-01 -1.546474e+00 4.845190e-02 -3.709235e+00 1.471158e+00 2.061293e+00 1.514899e+00 -5.814528e-02
3.268061e-02 7.181622e-01 6.248747e-01 7.275069e-01 1.241108e+00 5.774806e-01 -1.033969e+00 1.424795e+00 1.466213e+00 -1.723139e-01 -2.965690e-01 -1.266530e+00
-3.370762e-03 1.904991e+00 1.011748e+00 -6.159606e-01 5.262229e-01 -7.452894e-01 5.691695e+00 1.821168e+00 -6.276388e+00 -4.974346e+00 2.730731e+00 3.992077e-01
8.910834e-01 6.548690e-01 4.754489e-01 9.593691e-01 -1.387676e-01 9.970649e-01 -1.677984e+00 -1.982369e+00 -2.052406e+00 -1.713907e+00 9.170628e-01 4.424994e+00
-1.458068e+00 7.010152e-01 1.324923e+00 1.223727e+00 2.450572e-01 1.339807e+00 -1.634119e-01 2.511579e+00 1.866894e+00 -5.486098e-01 -7.631029e-01 -1.395407e+00
1.969640e-01 1.520895e+00 -1.289479e-01 9.996712e-01 2.001416e+00 -4.664948e-02 -6.450955e-01 1.923051e+00 1.049608e+00 7.872640e-01 1.243125e-01 -1.385759e+00
-9.724764e-01 1.064892e+00 -1.575638e+00 -2.748857e+00 -2.527632e+00 -7.814001e-01 -1.948868e+00 -5.451807e-01 8.813701e-01 1.601417e+00 -3.804245e-01 1.750721e+00
-9.980323e-01 1.017063e+00 1.115166e+00 -4.691714e-01 7.117955e-01 8.967131e-01 9.343004e-02 3.152942e+00 1.894645e+00 1.223413e+00 7.697832e-01 1.363567e-01
1.304120e+00 1.541212e-01 1.034569e-01 3.223355e+00 -1.467617e+00 -7.199059e-02 1.274531e+00 -2.456012e-01 -1.780353e+00 -4.677243e-01 2.908457e-01 -2.873587e+00
-6.183276e-02 1.828960e+00 -5.834707e-01 6.272188e-01 2.736576e+00 2.089811e-01 -5.444968e-01 2.107510e+00 7.005457e-01 1.172792e+00 6.973072e-01 -5.008720e-01
-5.825470e-01 1.512497e+00 4.610623e-01 2.455460e-01 1.515651e+00 7.542669e-01 -1.490252e-01 2.702676e+00 1.062140e+00 2.101988e+00 1.165820e+00 1.490906e-01
-1.628135e-01 1.328901e+00 6.738067e-02 9.745014e-01 -3.418735e-01 2.518023e+00 -1.069848e+00 2.158759e+00 -2.532217e+00 1.450336e-01 -9.489999e-02 -1.025880e+00
-1.466353e+00 7.918259e-01 7.974672e-02 1.682945e+00 5.595142e-01 1.232979e+00 -1.333954e+00 7.263168e-01 2.185142e-01 -6.401313e-01 -1.472403e+00 -2.622882e+00
3.592326e+00 2.175654e-01 2.247553e+00 -3.947823e-01 -4.260106e-01 -4.567060e-01 -1.068136e+00 5.589837e-01 6.414803e-01 1.482261e+00 7.346820e-01 -7.411566e-01
-1.711734e+00 1.121022e+00 -8.724829e-01 -7.192121e-02 3.242479e-01 1.833469e+00 -1.920125e+00 -6.116637e-01 -1.017389e+00 -1.427692e+00 -2.289250e+00 -1.482235e+00
-1.821317e+00 7.666525e-01 -9.717907e-01 -6.622491e-01 -6.841406e-01 1.374920e+00 -1.316037e+00 -9.979545e-01 -9.952869e-01 3.070385e-01 -1.621847e+00 -1.487116e-01
8.412849e-01 2.341058e+00 5.933860e-01 1.407775e+00 -5.795027e-01 -1.424288e+00 6.466872e+00 2.052352e+00 -6.989452e+00 -5.356214e+00 2.821636e+00 -3.507936e-01
1.897897e-01 1.655939e+00 8.163269e-02 2.075767e+00 1.682274e-02 1.619247e+00 -2.113720e+00 -1.683899e+00 -3.378550e+00 -1.396938e+00 1.579159e-01 4.568680e+00
1.438535e+00 1.644470e+00 3.519773e-01 2.658301e+00 -1.045731e+00 -1.244631e+00 4.801793e+00 1.150472e+00 -5.601005e+00 -3.523788e+00 1.901330e+00 -1.566974e+00
-3.505277e-01 2.328644e+00 -1.493778e-02 2.000231e+00 1.920353e-01 2.876293e+00 -1.426738e+00 1.800981e+00 -3.456891e+00 -7.230946e-01 4.621323e-01 2.239885e-01
6.682092e+00 -1.013043e+00 3.366189e+00 2.870434e-01 3.097381e-01 -4.270476e-01 -3.798171e-01 -7.787045e-01 1.222519e+00 2.541936e+00 2.223754e+00 1.497399e-01
-1.921513e-01 2.304995e+00 -1.491943e-01 2.655648e+00 -2.007968e-02 2.417613e+00 -2.464755e+00 -3.104038e-01 -3.697902e+00 -1.769575e+00 1.353368e-01 2.924908e+00
