4.810883e+00 -2.010447e+00 2.294710e+00 5.684392e-01 -3.148301e+00 9.733200e-01 -1.755000e+00 -3.443948e+00 -1.342057e+00 1.482654e-01 -5.060565e-01 -2.287637e+00
2.979879e+00 -2.500899e+00 1.699519e+00 -1.365471e-01 -3.245560e+00 -2.631107e-01 -1.298504e+00 -3.179261e+00 -2.001878e+00 -3.712105e-01 9.808266e-01 -2.001510e+00
4.782470e+00 -1.799603e+00 1.646145e+00 6.679701e-01 -4.585060e-01 2.832111e+00 -2.486179e+00 -3.927079e+00 -6.968620e-02 2.224639e-01 -7.915157e-01 -9.078624e-01
-2.199441e-01 -2.594037e+00 -2.176576e+00 -4.335813e+00 1.310137e+00 7.141484e-01 -3.984794e+00 1.506618e+00 5.841641e+00 1.845446e+00 -1.931452e+00 2.753702e+00
-7.357317e-01 -1.773724e+00 -1.780703e+00 -2.724992e+00 3.374756e-01 -9.670128e-01 -2.985369e+00 1.055810e+00 5.279904e+00 5.699061e-01 -2.184951e-01 2.906115e+00
5.606707e-01 -2.766559e+00 -2.405757e+00 -3.651166e+00 3.468950e-01 2.927149e+00 -2.626806e+00 1.651298e+00 3.658198e+00 1.737892e+00 -2.165555e+00 1.754152e+00
-2.481726e-01 -1.066551e+00 1.336471e+00 -2.637849e-02 -4.585795e-01 4.369087e-02 4.629804e-01 1.813290e-01 -1.609522e+00 -1.687204e-01 1.240407e+00 -1.583310e+00
4.229772e+00 -2.788376e-01 1.091348e+00 1.091335e+00 1.170571e+00 3.188819e+00 -6.716906e-01 -1.490708e+00 5.450511e-01 -7.293019e-01 -1.122108e+00 -2.096701e-02
1.750737e+00 -3.456622e+00 -3.438903e+00 -1.894342e+00 -1.988472e+00 3.416263e+00 2.935098e+00 1.687618e+00 -1.826491e+00 -1.414876e+00 1.961507e+00 1.087409e+00
-6.135287e-01 -7.068992e-01 1.194912e+00 -7.762047e-01 -4.661036e-01 5.953305e-01 6.019743e-01 4.368024e-01 -2.069001e+00 5.823946e-01 1.288651e+00 -9.228997e-01
-4.707672e-01 -1.039430e+00 -9.098192e-01 -7.165135e-01 -9.083868e-01 -1.928057e+00 1.699066e-02 6.404041e-01 1.915778e+00 -3.994053e-01 1.120907e+00 3.089247e+00
2.177539e+00 -2.827975e+00 -5.022195e+00 -1.889242e+00 -1.146559e+00 2.450236e+00 9.128664e-01 -8.449783e-01 -4.322429e+00 -1.376748e+00 3.020551e+00 1.764025e+00
9.103637e-01 -1.892668e+00 -1.647377e+00 -1.541229e+00 -1.299367e+00 3.082118e+00 1.744595e+00 1.258934e+00 -2.228518e-01 4.514998e-01 -2.721977e+00 2.187562e+00
-5.603870e-01 -7.564336e-01 4.621066e-01 2.266070e-01 -1.436372e+00 5.699158e-01 1.344691e+00 6.812416e-01 -2.824377e+00 6.036839e-01 1.737268e+00 5.077989e-01
-4.672374e-01 -6.140907e-01 -1.752329e-02 1.111299e+00 -2.257886e+00 -7.142028e-01 2.553076e+00 1.008146e+00 -2.404790e+00 -7.973423e-01 2.044899e+00 1.947266e+00
6.760111e-01 -1.113949e+00 -7.658229e-01 -1.404104e+00 -7.783589e-01 1.243755e+00 2.763730e+00 6.906347e-02 -3.902116e-02 -4.118543e-01 -2.765314e+00 2.054850e+00
2.884038e-01 -6.171471e-01 -7.778071e-02 -1.507003e+00 1.823402e-01 -1.230234e-01 2.782085e+00 -1.334391e+00 9.445137e-01 -6.829389e-01 -1.945295e+00 1.190961e+00
4.859634e-01 4.622254e-01 5.724720e-01 -6.690948e-01 -1.793361e-01 -2.333048e+00 -1.200401e+00 -6.716522e-01 -3.275874e-01 -8.227348e-02 -1.541823e+00 -3.263764e-02
3.229976e-01 -1.849651e+00 -2.434666e+00 -2.687262e+00 -1.020712e+00 1.679951e+00 6.088198e-01 4.612715e-01 -8.908796e-01 -1.618957e+00 -1.254968e-01 1.495901e+00
1.418328e-01 -6.009125e-01 4.318620e-01 -1.379530e+00 1.020946e+00 -9.438704e-01 1.876333e+00 -1.467173e+00 1.034381e+00 -1.885551e-02 -1.584029e+00 1.069152e+00
1.020479e-01 -6.759064e-01 7.386040e-01 -1.189171e+00 1.464799e+00 -1.179929e+00 9.067093e-01 -1.038056e+00 5.435988e-01 1.892760e-01 -7.472698e-01 5.984079e-01
-1.916189e-01 -1.021279e-01 -1.584916e+00 -6.285790e-01 4.842470e-01 6.616181e-01 -1.146105e+00 -1.834194e+00 -2.261925e+00 -8.689698e-01 2.111841e+00 8.892056e-01
-2.836189e-02 -3.587585e-01 6.514128e-02 2.914805e-01 1.010346e+00 -9.394971e-01 -1.604171e-01 -1.027278e+00 9.216745e-01 -8.307417e-02 2.500744e-01 2.485121e-01
-9.152813e-02 -2.663656e-01 -3.821806e-01 1.056419e+00 5.596480e-01 -5.526520e-01 -8.137034e-01 -5.570747e-01 8.595259e-01 -5.830162e-02 6.231140e-01 -1.537515e-01
-2.187727e-01 -2.455572e-01 -4.018727e-01 1.264733e+00 7.849315e-01 -9.076761e-01 -8.645729e-01 -3.306857e-01 1.024315e+00 2.374124e-01 3.724541e-01 1.105484e-01
-3.877454e-02 -4.918741e-01 4.699169e-01 -3.727077e-01 1.201430e+00 -1.017293e+00 2.054919e-01 -7.299390e-01 3.267097e-01 4.353717e-01 -5.926198e-01 4.883837e-01
-9.403789e-02 1.659632e-01 1.522197e+00 3.048062e-01 9.438909e-01 -1.274617e+00 1.829250e-01 4.888658e-01 9.346142e-01 5.327531e-01 -1.292746e+00 -8.583388e-02
-3.508016e-01 -2.912123e-01 -7.433049e-02 1.253978e+00 7.689046e-01 -1.139422e+00 -1.241595e+00 2.503646e-01 1.172327e+00 4.644689e-02 5.743555e-01 -5.129776e-01
1.306143e-02 -2.976580e-01 -2.382110e-02 3.555716e-01 6.428844e-01 -6.828815e-01 -3.035133e-01 -5.594150e-01 5.515964e-01 1.962373e-01 -4.001118e-01 4.958311e-01
4.094961e-01 1.202484e-01 2.991094e-01 1.533258e+00 9.815380e-01 -8.865623e-01 -8.492048e-01 -6.612586e-01 -1.605961e+00 -1.395303e+00 7.720218e-01 -1.863323e-01
8.170678e-01 3.747837e-01 7.150460e-01 2.073368e+00 9.377394e-01 -8.160736e-01 -1.088566e+00 -6.859003e-01 -1.018512e+00 -1.899670e+00 1.030708e+00 -4.734394e-01
6.156713e-01 2.047887e-01 1.040675e+00 2.085130e+00 9.400484e-01 -6.591526e-01 -1.184352e+00 -7.955246e-01 -1.061378e+00 -2.152512e+00 -3.477705e-01 -1.655034e+00
8.140734e-01 6.597425e-01 1.249376e+00 1.121173e+00 1.378692e+00 7.974840e-01 -5.459994e-01 1.322322e+00 1.654137e+00 -1.005238e+00 -9.116651e-01 -8.192239e-01
8.418673e-01 9.733671e-01 1.452098e+00 1.292609e+00 1.343772e+00 2.231568e+00 2.773634e-02 1.208041e+00 6.268610e-01 -1.594774e+00 -2.307947e+00 -8.810834e-01
8.733135e-01 1.032738e+00 1.251179e+00 6.306606e-01 6.673095e-01 1.014502e+00 -7.777231e-01 -3.924361e-01 -9.224520e-02 4.144470e-01 -1.092744e+00 -8.559097e-01
1.136186e+00 1.410771e+00 1.130514e+00 6.042538e-01 -2.692102e-01 -1.003560e-01 -5.852461e-03 -1.133455e+00 5.638795e-01 1.018522e+00 8.305861e-01 -6.570804e-01
5.177660e-01 6.539966e-01 4.566387e-01 1.866979e-01 -5.076072e-01 -1.327695e+00 -3.328428e-01 -8.592981e-01 -2.854203e-01 1.287310e+00 8.593448e-01 -8.829371e-01
5.587285e-01 7.079215e-01 5.117970e-01 -1.895312e-01 -4.429037e-01 -1.303915e+00 2.214855e-01 1.643954e+00 1.723929e+00 1.660547e+00 3.725206e-01 1.027868e+00
-7.038049e-02 -3.031484e-01 -6.979065e-02 -1.515324e-01 2.971686e-01 3.397626e-01 3.185274e-01 2.706363e+00 1.145611e+00 -4.788506e-02 -5.969103e-01 1.367939e+00
-3.046293e-01 -6.498104e-01 -2.882100e-01 -1.054466e-01 5.884312e-01 8.861393e-01 7.030193e-01 1.750597e+00 -1.233917e-01 5.242564e-01 1.018660e-01 8.560654e-01
-3.362402e-01 -3.259768e-01 2.364470e-01 1.664523e-01 5.371928e-02 9.185435e-01 1.293988e+00 2.159992e-01 -1.126603e+00 -9.873266e-01 5.447559e-01 4.249818e-01
-1.191484e+00 -9.325031e-01 -1.400696e-01 -5.669909e-02 4.385611e-01 1.002666e-01 9.466198e-01 4.722690e-01 -4.586821e-01 -6.184788e-01 9.739282e-01 1.014975e-01
-5.685609e-01 -1.676666e+00 -1.276027e+00 -4.999889e-01 -6.879949e-01 -1.429928e+00 7.444119e-02 -9.995604e-01 -9.872613e-01 -4.991513e-01 -6.053822e-02 -1.448005e-01
-4.796821e-01 -2.390494e+00 -1.580542e+00 -6.434410e-01 -1.776428e+00 -1.726147e+00 -8.868059e-01 -1.052242e+00 -1.315012e+00 -2.649151e-02 5.514684e-01 -3.814320e-01
3.802023e-02 -2.317672e+00 -1.736683e+00 2.807846e-02 -9.992440e-01 -1.197017e+00 7.145494e-01 -7.150256e-01 -4.646904e-01 2.145751e+00 2.243551e+00 -4.635903e-01
5.899725e-01 -1.746414e+00 -2.255872e+00 -8.618611e-01 -1.614795e+00 -1.554287e+00 -1.277014e+00 -2.048499e+00 -2.157450e+00 7.529706e-01 1.171970e+00 2.325541e-01
-5.539430e-01 3.973852e-01 -4.688821e-01 -1.177432e+00 -1.278512e-01 6.755352e-02 -1.104590e+00 -7.671119e-01 -2.550063e-02 -1.980619e-01 6.295728e-03 7.203661e-01
-1.087846e+00 7.661412e-01 -3.154606e-01 -1.123051e+00 7.286736e-01 5.771073e-01 -1.010193e+00 -4.775838e-01 5.287884e-01 -1.091736e+00 -1.134144e+00 1.410403e+00
1.865026e+00 2.227365e+00 1.831211e+00 -2.109281e-02 -9.793612e-01 -4.703958e-01 8.416432e-01 1.173338e+00 -7.569150e-01 -6.946980e-01 -2.021401e+00 -2.909885e+00
2.268028e+00 1.090284e+00 4.958184e-01 4.507136e-01 6.244053e-01 8.738313e-01 9.597120e-01 5.273819e-05 -2.780450e+00 -2.704475e+00 -2.821541e-01 -1.904520e+00
2.650674e+00 1.570931e+00 9.176197e-01 1.815488e+00 2.401381e+00 2.283509e+00 1.633572e+00 1.290908e+00 -9.785485e-02 -2.264303e+00 -1.292959e+00 -7.667530e-01
-4.994579e-01 7.257591e-01 1.210133e+00 1.296320e+00 7.725738e-01 -1.157384e-02 -9.227473e-01 -3.296947e-01 3.612133e-01 7.915133e-01 -3.830838e-01 -1.495336e-01
-2.250322e-01 3.495185e-01 9.759482e-01 1.599311e+00 1.610425e-01 -5.053237e-01 -1.210249e+00 -2.044237e+00 -8.263553e-01 -7.707287e-01 -6.330679e-01 8.286094e-03
1.483363e-01 5.136632e-01 6.586583e-01 3.546377e-01 7.625906e-02 1.097290e+00 -1.351520e+00 1.197648e-02 -5.940838e-02 1.282569e-01 1.502582e-01 1.658343e+00
3.611994e-01 5.013890e-01 -1.635921e-02 -7.839318e-02 -8.183324e-01 -1.735740e+00 -4.766412e-01 4.617358e-01 6.823874e-03 2.173746e-01 8.328162e-01 9.484529e-01
-7.115184e-01 -6.220258e-01 2.943041e-01 -9.934402e-02 2.821239e-01 5.490014e-01 2.446086e+00 2.314275e+00 1.623084e+00 1.556677e+00 2.678439e-01 8.474088e-01
-2.206059e-01 -1.828547e-01 -1.523472e-01 1.668607e+00 4.311650e-02 -7.391135e-01 -2.355435e+00 1.717290e+00 1.001577e+00 -1.900431e-01 4.645542e-01 -1.084483e+00
-7.831868e-01 7.107025e-01 1.851542e+00 6.718736e-01 -1.255397e+00 -2.109612e+00 8.514336e-01 2.320443e+00 -2.392437e+00 -6.539946e-01 -5.006664e-01 1.957836e+00
-6.364468e-01 4.093906e-01 1.993376e+00 4.173319e-01 -3.884177e-01 -2.703761e+00 8.318222e-01 1.897342e+00 -1.399749e+00 -6.960430e-01 -1.308917e+00 2.492026e+00
-2.880268e-02 -2.225494e-01 1.271982e-01 1.743692e+00 -4.237651e-01 -3.559636e-01 -3.295148e+00 2.788488e+00 6.081246e-01 -4.603013e-01 3.355507e-01 -1.377852e+00
-7.212844e-01 -1.283758e+00 -1.404681e-01 -1.802555e-01 1.083404e-01 7.311069e-01 2.983639e+00 1.974007e+00 1.701449e+00 1.562948e+00 -2.286363e-01 1.199058e-01
-9.459961e-01 1.274213e-01 6.922284e-01 3.897986e-01 1.086332e+00 1.523117e-01 8.812428e-01 1.671092e+00 2.069297e+00 1.524771e+00 3.783327e-01 5.176271e-01
-3.409921e-01 4.829626e-01 9.864698e-02 1.699717e+00 -4.681276e-01 -9.796631e-01 -2.600137e+00 2.519809e+00 7.502214e-01 -1.044716e+00 -9.910566e-01 1.624722e-02
-8.120308e-02 8.596001e-02 9.650159e-03 1.972833e+00 -9.622151e-01 -1.404213e-01 -3.758170e+00 3.489760e+00 2.113097e-01 -7.717572e-01 -2.327516e-01 -1.091838e+00
-9.188849e-01 1.248487e+00 1.578335e+00 8.056635e-01 -2.011448e+00 -1.342143e+00 1.401210e+00 1.352895e+00 -2.153785e+00 -1.267926e+00 8.604341e-01 7.286479e-01
-7.189641e-01 5.059748e-01 1.495144e+00 6.379493e-01 -6.674270e-02 -2.686738e+00 3.491701e-01 1.636626e+00 -3.537921e-01 -1.073029e+00 -1.270417e+00 1.688712e+00
-2.551323e-01 5.284074e-01 4.199179e-01 6.390412e-01 4.856820e-02 4.893273e-01 -1.211265e+00 -1.578358e-01 -2.036735e-01 2.662947e-01 -8.602991e-02 1.743453e+00
-5.753750e-01 6.395405e-01 6.682850e-01 1.255256e+00 -3.456541e-01 -1.659387e+00 -1.063678e+00 1.559843e+00 6.325271e-01 -1.328785e+00 -8.886154e-01 3.615125e-01
1.607999e-01 1.120186e+00 3.836778e-01 -3.552943e-01 -2.030491e-01 1.090675e+00 1.890939e+00 1.153255e+00 1.179298e+00 4.657946e-01 6.989895e-01 -9.349353e-01
-5.943846e-01 2.681211e-01 9.935238e-01 1.039463e-02 6.099578e-01 -8.162786e-01 -1.489566e-01 6.954170e-01 1.356386e+00 -1.015986e+00 -8.966925e-01 1.303618e-01
-6.790031e-01 1.380084e+00 1.379768e+00 1.091266e+00 -2.893327e+00 1.942505e-01 1.109442e+00 6.810581e-01 -2.254203e+00 -1.184789e+00 1.951333e+00 -1.139361e+00
-4.513401e-01 -2.103616e-01 3.205368e-01 8.089163e-01 4.572362e-01 7.817639e-01 1.262007e+00 3.477969e-02 2.267619e-01 -6.527829e-01 2.673399e-01 1.636631e+00
-1.040949e+00 1.661178e+00 3.508505e+00 2.092809e-01 -6.829306e-01 -2.208826e+00 -1.646191e+00 6.579588e-01 3.855804e+00 1.453728e+00 -2.704883e+00 -2.883334e+00
-8.471386e-02 -1.954218e-01 -1.136755e+00 -6.347831e-01 -7.778446e-01 -5.824535e-01 3.977423e-01 -2.573534e-01 -1.614413e+00 4.550557e-01 9.120089e-01 7.392274e-01
-5.693324e-01 8.165760e-02 8.118939e-01 2.166963e+00 1.746326e-01 8.297309e-01 8.775919e-01 -7.479070e-01 5.431949e-01 -3.862149e-01 4.947596e-01 4.663008e-01
-3.896501e-02 6.515160e-01 3.516623e-01 -4.376298e-02 -5.796143e-01 4.233017e-01 4.169327e-01 1.532551e+00 1.566334e-02 2.197598e-01 1.550899e+00 1.478837e+00
-3.813674e-01 1.178065e+00 1.139327e+00 1.078813e+00 -3.030977e+00 1.367790e+00 5.000974e-01 6.998130e-01 -3.029070e+00 -2.822199e-01 1.790407e+00 -1.556916e+00
-4.270053e-01 2.316804e-01 1.133496e-01 1.357979e-01 9.700022e-01 2.506962e-02 6.015648e-01 -8.895667e-01 2.641250e+00 -7.134587e-01 -6.883626e-01 -5.043073e-01
-3.861575e-01 7.923827e-01 -5.484754e-01 -1.435093e+00 -3.353748e-01 -1.164959e+00 -2.562744e+00 -1.370964e+00 -5.283980e-01 9.924393e-01 -8.126572e-01 -1.107359e+00
-3.676503e-01 7.910836e-01 -7.321060e-01 -2.325311e+00 -5.937492e-01 -9.730021e-01 -2.598315e+00 -2.775224e+00 -1.599518e+00 1.486220e-01 -8.150597e-01 -7.477338e-01
-8.001712e-01 1.642750e-01 6.977900e-01 6.231009e-01 1.185375e+00 1.153190e+00 -3.594813e-01 -8.305144e-02 1.317402e+00 4.583795e-02 -1.774842e-01 2.211201e-01
-3.222104e-01 -2.095779e-01 -9.907665e-01 -1.316583e+00 -1.049282e+00 -4.772136e-01 4.292841e-01 -9.175228e-01 -3.643568e-01 -9.809620e-01 -4.073161e-01 8.308754e-02
1.032713e+00 1.636767e+00 -1.769781e+00 3.132928e-01 1.520986e+00 -1.660276e+00 2.516737e+00 -1.448002e+00 -1.226154e+00 1.436777e+00 1.112502e+00 -3.373191e+00
-3.362608e-01 -4.931775e-01 -3.742011e-01 -3.103705e-01 3.915370e-01 1.617721e-01 1.157354e+00 -1.368779e+00 7.949304e-01 -1.159877e+00 -7.234086e-01 -9.105576e-01
2.199281e-01 8.312807e-01 7.309019e-01 1.053348e+00 -2.717107e+00 2.678126e+00 -1.080202e+00 7.018130e-01 -2.733486e+00 1.985235e-01 6.721330e-01 -1.022912e+00
-2.845766e-01 4.506602e-01 -1.450316e-01 -1.581265e+00 1.037836e-01 4.724288e-01 4.615700e-01 6.464942e-01 2.157211e+00 1.641516e+00 3.453680e-01 -1.227207e-01
-3.862695e-01 -5.863190e-03 -7.670431e-02 2.142041e-01 7.645284e-01 -2.490409e-01 1.550705e+00 -1.017368e+00 2.104886e+00 -1.176073e+00 -1.097435e+00 -1.443988e+00
4.196157e-01 1.691370e+00 -1.067616e+00 4.438693e-01 6.871793e-01 6.092140e-01 8.017559e-01 -8.862044e-01 8.295387e-01 6.473519e-01 3.478698e-01 -2.329649e+00
1.976761e-01 1.286998e+00 -2.357809e-01 2.833145e-01 1.135429e+00 4.109606e-01 7.279791e-01 -1.149288e-01 6.870638e-01 8.394442e-01 -4.101612e-01 -1.602670e+00
-3.640037e-01 1.290500e+00 5.850070e-01 -3.871626e-01 2.195180e+00 4.775601e-02 -3.251964e-01 1.124693e+00 1.379392e+00 4.805141e-01 -6.880031e-01 -1.075764e+00
-2.756765e+00 3.561616e+00 3.450620e+00 1.382008e+00 1.785232e+00 -2.309883e+00 -3.078016e+00 -5.468247e-01 4.020614e+00 1.600225e+00 -8.116224e-01 4.696627e-01
-7.332645e-01 1.264880e+00 8.897196e-01 -3.134480e-01 2.457338e+00 3.127889e-01 -1.509566e+00 2.062356e+00 1.204454e+00 -8.866955e-02 -3.771138e-01 5.098537e-01
-3.921897e-01 2.173171e+00 -7.862630e-01 -2.048447e+00 -5.914502e-01 1.692434e+00 -1.225562e+00 -1.495895e+00 6.897969e-01 -1.064195e+00 -1.797262e-01 -2.555136e-01
-4.562506e-01 1.376715e+00 -1.508953e+00 -3.844497e+00 -5.914714e-01 -4.516471e-01 -3.311876e+00 -2.137041e+00 -1.236980e+00 -2.761459e-03 5.473968e-01 9.294256e-01
-1.378854e+00 9.788697e-01 -5.119234e-01 1.244635e+00 -9.341021e-01 1.576309e+00 -6.455833e-01 1.323523e+00 2.191898e+00 1.174702e+00 -7.441466e-01 -7.761393e-02
-1.297220e+00 1.237240e+00 9.651062e-01 -4.387604e-01 2.520658e+00 4.896782e-01 -1.800303e+00 2.724785e+00 1.674456e+00 -1.149511e+00 4.382224e-01 8.810646e-01
-1.663618e+00 3.307189e-01 1.339364e-01 1.831247e+00 -9.901791e-01 1.339601e+00 6.217579e-01 2.283409e+00 1.260088e+00 3.817645e-01 -7.360339e-02 3.703952e-01
-5.874336e-01 1.440352e+00 -1.324147e+00 -5.729331e-01 -1.315761e+00 1.745765e+00 -4.301688e-01 4.634009e-02 2.041870e+00 1.026017e+00 -4.179090e-01 4.076000e-01
-1.572836e+00 6.910575e-01 1.678934e-01 1.571841e-01 1.303492e+00 9.963093e-01 -7.993174e-01 3.196849e+00 1.732117e+00 -2.094403e-01 1.363377e+00 8.495926e-01
1.859349e+00 1.215373e+00 -1.948726e+00 1.002351e+00 2.874546e+00 -2.953442e+00 6.354568e+00 -3.565604e+00 -4.278545e+00 1.874282e+00 2.104865e+00 -3.446519e+00
1.074600e+00 6.967216e-01 -3.293444e-01 1.826802e+00 -6.829721e-01 2.922732e+00 9.498441e-01 -1.253094e+00 -3.914319e+00 4.594249e-01 8.773865e-01 -9.297655e-01
2.192995e+00 8.926738e-01 -1.756015e+00 1.487209e+00 2.923441e+00 -2.246450e+00 7.097711e+00 -4.598282e+00 -5.174630e+00 1.219735e+00 2.642831e+00 -3.317442e+00
-2.938588e+00 2.894120e+00 3.887256e+00 7.350851e-01 1.488633e+00 -3.156558e+00 -2.733330e+00 1.691623e-01 5.839519e+00 2.789907e+00 -1.726431e+00 -3.534763e-01
1.993432e+00 8.102275e-01 -1.497212e+00 1.879290e+00 1.605013e+00 8.749523e-02 5.080573e+00 -3.719306e+00 -5.349207e+00 6.867493e-01 2.553642e+00 -2.481971e+00
