4.447142e+00 -1.979053e+00 4.688428e-01 -1.772301e+00 -7.819781e+00 -1.067294e+00 2.491185e-01 -2.136730e+00 2.960398e+00 2.438589e+00 -1.083002e+00 2.050581e+00
5.560509e+00 5.910963e-01 1.954581e+00 7.530427e-01 -4.420664e+00 -4.527651e-01 4.746822e-01 -1.903958e+00 2.791067e+00 4.089284e+00 -1.339693e+00 2.079213e+00
2.451607e+00 -3.680266e+00 2.665435e-01 -2.026502e+00 -7.424615e+00 3.648944e-01 -7.109202e-02 -2.416987e+00 3.209301e+00 2.171247e+00 -1.563334e+00 9.962580e-01
4.772343e+00 2.886478e+00 2.416995e+00 2.590446e+00 -1.278656e+00 -5.458912e-01 1.212917e+00 -1.201320e+00 4.401699e-01 2.394725e+00 -5.844012e-01 1.368704e+00
6.664216e-01 -3.863623e+00 1.635728e-02 -1.882298e+00 -5.887936e+00 2.995464e+00 2.614111e-02 -7.779473e-01 3.884475e+00 1.876833e+00 -1.797475e+00 8.843298e-02
-4.119319e-01 -2.842199e+00 -1.956385e-01 -2.227129e+00 -3.934788e+00 4.229493e+00 2.062661e-01 9.130780e-01 3.557690e+00 4.981247e-01 -1.366319e+00 -1.078198e+00
-1.309077e+00 -2.968475e+00 -3.733667e-01 -2.454798e+00 -1.459961e+00 4.661695e+00 4.482855e-01 1.137280e+00 2.378232e+00 -6.789698e-01 -1.222000e+00 -1.534623e+00
-1.828454e+00 -2.193616e+00 -7.333876e-01 -1.922015e+00 2.083004e-01 4.149348e+00 5.931060e-01 1.877001e+00 6.486744e-01 -2.958832e+00 -7.217239e-01 -1.291750e+00
2.461372e+00 2.311272e+00 1.915203e+00 2.664651e+00 8.176182e-01 6.042029e-01 1.814542e+00 3.169635e-01 1.017574e+00 1.523090e+00 5.853755e-01 2.953745e-01
5.910038e-01 -2.940936e+00 -1.772095e+00 -3.191450e+00 7.093059e-01 2.276200e+00 -3.414839e-01 -1.055322e+00 4.039683e-01 -7.971464e-01 -5.280474e-01 1.338163e+00
2.920840e-01 -2.108104e+00 -4.649364e-01 -7.210802e-01 -3.907601e-01 4.550830e-01 1.292728e+00 4.987018e-01 -1.409836e+00 -1.630502e+00 6.126208e-02 1.414750e+00
-1.738547e+00 -1.538061e+00 -6.577433e-01 -1.927846e+00 1.865692e+00 3.264867e+00 9.409234e-01 9.237778e-01 -7.766250e-01 -3.343210e+00 -4.833255e-01 -1.057032e-01
-1.312008e+00 -8.804343e-01 -1.055115e+00 -1.065610e+00 2.490651e+00 2.818202e+00 3.122279e-01 3.966694e-01 -2.065917e+00 -2.531280e+00 -3.275291e-01 9.999615e-01
7.765473e-01 -2.602193e+00 -3.041800e+00 1.822821e+00 2.538654e+00 -1.679519e+00 -9.897791e-01 -6.139628e-01 5.611572e-01 3.362563e-01 -4.862888e-01 2.257893e-01
6.178331e-02 -2.983526e+00 -7.572803e-01 5.395377e-01 2.839759e+00 -1.192473e+00 2.287224e-01 -7.004928e-01 5.217595e-01 -5.900438e-01 -7.413121e-01 3.465569e-01
2.374716e-01 -1.541057e+00 -7.012628e-01 -2.445009e+00 3.794971e-01 2.883589e+00 -4.388184e-01 -2.118317e+00 1.111457e+00 -9.901968e-01 -1.267121e+00 1.462720e+00
-6.142807e-01 -1.240770e+00 4.117089e-01 -1.278580e+00 2.277962e+00 1.235104e-01 9.857394e-01 -7.507828e-01 -2.276491e-01 -5.943284e-01 -1.235955e+00 3.373834e-01
-9.965929e-01 -7.044216e-01 -1.047855e+00 -5.658662e-01 3.158644e+00 1.663849e+00 -2.131103e-01 -1.486094e-01 -1.907476e+00 -1.734305e+00 7.838916e-01 8.331124e-01
-3.321453e-01 -7.582811e-01 1.488290e+00 -1.130147e+00 -7.641665e-01 7.466286e-01 -6.446236e-01 -7.432062e-01 -2.111809e+00 -4.788300e-01 1.791748e+00 -7.352334e-01
-1.791868e-01 -8.168508e-02 5.482386e-01 1.507959e-01 -2.367136e-01 1.746964e+00 6.676731e-01 -1.284477e+00 1.317276e+00 4.672506e-02 -1.176282e+00 2.599547e+00
4.453543e-01 4.354314e-01 5.523161e-01 1.577271e+00 8.304781e-01 -1.149689e-01 2.297972e+00 1.092411e+00 -4.675430e-01 -1.149242e+00 1.166205e+00 -3.210836e-01
1.438539e+00 -1.260294e+00 -4.707944e+00 3.359420e+00 1.820554e+00 -1.341331e+00 -1.566796e+00 5.255373e-01 9.729799e-01 1.339374e+00 2.813718e-01 1.019627e+00
-4.325452e-01 -2.299814e-02 -3.203750e-03 -1.129661e+00 -4.279585e-01 -1.423300e-01 -5.067338e-01 -4.589099e-01 -2.418386e-01 2.160730e+00 1.895977e+00 1.167747e+00
-5.255233e-01 -1.072423e+00 1.970023e+00 -1.532111e+00 -7.433439e-01 6.974143e-01 -5.110574e-01 -3.313438e-01 -1.031295e+00 4.453642e-01 2.863503e+00 -2.992138e-01
7.473639e-01 5.519740e-01 -1.253780e-01 -5.038460e-01 3.234317e-02 -3.793688e-02 -1.175234e+00 1.478715e-01 -1.833228e+00 -2.790213e+00 -6.978232e-01 -8.226703e-01
1.052013e+00 1.610334e+00 8.210369e-01 -6.706142e-02 6.878933e-01 5.440891e-01 -2.865604e+00 -1.992983e+00 -9.963015e-01 1.046468e+00 1.326892e+00 6.219519e-01
-7.698425e-01 -5.603743e-01 -1.116231e+00 -1.123197e-01 3.877379e+00 7.148535e-01 -6.084561e-01 -1.170760e+00 -1.293948e+00 -9.621696e-01 1.664659e+00 7.655800e-01
7.189306e-01 1.150822e+00 3.379431e-01 -5.028371e-01 8.393019e-01 -2.254961e-01 -2.582976e+00 -1.409318e+00 -3.032057e+00 -1.486025e+00 -3.129835e-01 -9.556723e-01
2.722191e-01 -5.746855e-01 -5.711839e-01 -7.585887e-01 -1.132265e+00 -1.051086e+00 1.216480e+00 1.364604e+00 -1.434779e+00 -3.615623e+00 -2.781132e-01 -1.617223e+00
3.179395e-01 -3.885969e-01 -2.844087e+00 1.869545e-01 1.514391e-01 -1.510376e+00 -1.497260e+00 4.190498e-01 3.600249e-01 1.226010e+00 6.583528e-02 1.884541e-01
-5.717466e-01 -5.943137e-01 -1.155360e+00 4.674989e-01 3.668103e+00 3.388605e-01 -1.342790e+00 -1.005935e+00 -1.121713e+00 -4.983981e-01 2.399936e+00 -4.509069e-01
-6.589752e-01 -6.379516e-01 -7.987753e-01 1.588554e+00 2.066482e+00 -2.651764e-01 -1.673208e+00 -4.920472e-01 -3.458048e-01 1.113693e+00 1.691242e+00 -1.233083e+00
3.668775e-02 -2.379504e-01 -7.847300e-01 -2.330839e-01 4.561078e-01 1.047743e+00 2.353935e+00 5.938680e-02 -4.233823e-01 3.171567e-01 8.104272e-02 -2.857841e-01
-4.153919e-02 -1.983790e-02 -2.860742e-01 -3.720721e-01 4.815213e-01 9.648566e-01 1.564664e+00 1.974666e-01 -7.874148e-01 7.975190e-01 1.868765e+00 7.691878e-02
-1.469276e-01 -2.614269e-01 -2.356518e-01 4.504698e-01 2.525829e-01 4.546542e-01 7.314695e-01 6.808360e-01 -1.541281e-02 -8.636852e-02 1.531905e+00 2.184989e-01
-1.297058e-01 -5.918697e-02 2.359877e-01 1.440165e+00 -1.446867e-01 -6.375268e-01 -6.787007e-01 3.030737e-01 1.098817e-01 -2.828779e-01 -4.880928e-01 -9.941909e-02
-8.258295e-02 -3.525281e-02 -5.085505e-01 1.522473e+00 -3.599879e-02 -3.082534e-01 -9.104984e-01 8.078738e-02 1.274371e+00 6.246669e-01 -8.359162e-01 6.167290e-01
7.966385e-02 -1.992045e-01 -4.350144e-01 6.944600e-01 -9.938785e-02 -1.517284e-01 6.435893e-01 -8.073223e-01 -6.122135e-01 1.228189e-01 -1.599564e+00 5.526082e-01
1.491771e-01 2.188617e-01 3.786837e-02 -2.224192e-01 3.438934e-01 -5.911005e-01 -3.808719e-01 -1.345700e+00 -2.024898e+00 5.460461e-01 1.003303e+00 4.452775e-01
-1.853598e-01 9.220208e-02 6.845948e-01 2.107013e-01 2.970779e-01 -3.637215e-01 -5.506138e-01 5.926304e-02 -1.262750e+00 -7.491974e-01 1.723647e+00 -2.697423e-01
-9.884443e-02 3.332567e-01 7.151196e-01 1.081755e-01 -4.731752e-01 -5.756333e-02 -1.768579e-01 6.653379e-01 6.071526e-01 -1.320477e+00 -2.770073e-01 -9.932361e-01
-2.202888e-01 4.159450e-01 4.857162e-01 4.928201e-01 2.238239e-01 1.420620e+00 2.408969e-01 8.473728e-01 5.356997e-01 -7.627474e-01 -1.401078e-01 4.932740e-01
-2.943905e-01 3.908059e-01 7.296292e-01 3.336851e-01 2.996128e-01 1.472441e+00 1.405655e+00 6.560324e-01 -2.982939e-01 -3.151468e-01 -5.215954e-01 1.000952e+00
-4.471959e-01 -9.177200e-02 -8.250856e-02 -1.539222e-01 6.049295e-01 1.080457e+00 8.795735e-01 -3.322297e-01 2.261446e-01 1.225463e+00 4.132956e-01 3.861824e-01
-8.802527e-01 -1.249252e+00 -4.626454e-01 -1.221872e-01 -4.089803e-01 -4.049851e-01 -3.231258e-01 -9.787250e-02 3.471355e-01 1.983161e+00 1.656519e+00 6.725594e-01
-8.766791e-01 -1.432299e+00 -8.282736e-01 -1.020843e+00 -5.111858e-01 -7.643758e-01 -8.164163e-01 -4.201304e-01 1.244567e+00 1.158620e+00 8.265177e-01 -4.760249e-01
-5.761023e-01 -9.249409e-01 -6.448663e-01 -5.930954e-01 -1.606131e-01 -7.926203e-01 -7.220494e-01 -2.573791e-01 8.087873e-03 3.490253e-01 5.277166e-01 -2.873573e-02
-1.637890e-01 2.780963e-01 5.902634e-01 2.894588e-01 3.241979e-01 -2.929192e-01 -1.162639e-01 -6.253395e-02 -1.385585e+00 -7.846068e-01 -1.779731e-01 4.463681e-01
5.636330e-02 3.539498e-01 7.170709e-01 4.108160e-01 1.113924e+00 1.700472e+00 5.359792e-01 -4.646751e-01 4.078690e-02 -5.379807e-01 -8.542243e-01 2.986209e-01
-1.195347e-01 1.824706e-01 -3.867595e-01 2.486298e-01 8.628308e-01 1.994957e-01 -1.809290e-01 -8.979818e-01 -4.210815e-01 9.211509e-01 7.695384e-02 2.429823e-01
-8.246566e-01 -8.526363e-02 4.426989e-01 -1.944205e-01 7.192055e-01 3.947013e-01 -3.241882e-01 -8.137342e-01 1.418982e+00 2.236475e+00 7.947049e-01 1.351303e-01
-5.070699e-01 -3.998632e-01 -2.888331e-01 -6.857246e-01 1.106759e-01 1.120944e+00 -8.553860e-01 -1.255066e-01 -2.064242e+00 -1.341876e+00 -2.321716e-01 -2.905080e-01
-5.641838e-01 -7.572006e-01 -4.509947e-01 1.789034e+00 1.640916e+00 -8.521612e-01 -1.307256e+00 -5.906073e-01 4.631227e-01 1.545577e+00 8.770115e-01 -1.420965e+00
-6.637186e-01 -6.451422e-01 -9.145721e-01 9.615084e-01 3.190960e+00 -4.505133e-01 -1.140767e+00 -9.923365e-01 -6.602462e-01 8.561578e-02 2.574551e+00 -1.104645e+00
2.336692e-01 4.400040e-01 -8.358719e-01 -5.079321e-01 9.991803e-01 6.437868e-01 -6.829773e-01 -1.222016e+00 -1.421526e+00 -9.040900e-01 -2.248563e+00 -6.607366e-01
2.926847e-01 1.128942e+00 -4.237223e-02 -1.727455e-01 -1.244114e-01 5.514300e-01 4.762412e-01 7.291604e-01 8.748275e-02 -1.671735e+00 -1.622402e+00 1.513377e-01
-9.551703e-01 9.774850e-02 5.728293e-01 -4.607311e-01 2.639914e-02 -7.802932e-01 -3.068052e-01 -5.733907e-01 1.454460e+00 1.939033e+00 1.271007e+00 1.507972e+00
-9.707298e-01 -5.444553e-01 -3.627232e-01 -1.267493e+00 -4.002751e-01 -3.472936e-01 -4.193179e-01 1.042490e-01 -3.755993e-01 -1.322756e-02 7.176846e-01 7.428662e-01
5.977203e-01 4.109286e-01 -4.261072e-01 -6.099033e-02 -1.369172e+00 -1.502109e+00 9.432194e-01 2.511259e+00 -1.853590e+00 -1.449276e+00 1.775286e-01 -2.024653e+00
2.637573e-01 1.801224e+00 1.092597e+00 6.713724e-02 -7.841616e-01 3.007475e-01 7.470470e-01 1.516925e+00 1.778505e+00 -1.397415e+00 -2.514987e-02 2.908138e-01
-3.285008e-01 -5.965011e-01 -1.120935e-01 1.943408e+00 1.226847e+00 -1.441333e+00 -1.242567e+00 -1.855178e-01 1.011967e+00 1.447148e+00 2.145593e-02 -1.286647e+00
-2.423595e-01 1.320755e+00 1.194213e+00 2.407438e-01 -9.493794e-01 -1.391651e-01 1.037535e+00 2.405406e+00 3.674270e+00 1.667398e-01 -4.499211e-02 4.972468e-01
-1.461250e-01 1.032934e+00 3.743476e-01 1.580488e-01 6.014870e-01 -4.763399e-01 -2.664351e-03 5.114972e-01 -5.067428e-01 6.407781e-02 5.272797e-01 -5.432956e-02
1.143378e-01 -4.869469e-01 3.279132e-01 1.683586e+00 1.325137e+00 -2.214846e+00 -1.370034e+00 6.408806e-01 4.526242e-01 1.704687e+00 -7.684937e-01 -1.494608e+00
-2.949507e-01 6.898991e-01 4.436840e-01 6.746387e-02 1.332360e+00 -8.096693e-02 -7.644441e-01 9.349063e-01 -7.818170e-01 4.095625e-01 1.112619e+00 -1.310130e+00
1.300445e+00 2.747326e+00 -1.675212e-02 -1.158405e+00 -3.076539e-01 -2.864262e-01 -2.523374e+00 -4.369652e-01 3.932557e-01 2.065431e+00 1.951658e+00 -8.690831e-01
-1.092802e+00 -2.836498e-02 9.281918e-02 -6.998976e-01 -7.992952e-01 -5.340040e-01 9.238478e-01 2.979170e+00 2.391178e+00 1.669968e-01 1.331781e+00 8.954147e-01
-6.419188e-01 -4.851542e-01 4.514106e-01 8.995609e-02 7.064539e-01 6.261606e-01 -2.847091e-01 4.979474e-01 -3.093683e-01 2.943850e-03 8.198420e-01 -6.452647e-01
2.724975e-01 1.873357e+00 7.994007e-01 6.109921e-01 9.398258e-01 -4.088809e-01 1.678540e+00 6.010381e-01 -3.887669e+00 -3.413780e-01 5.181707e-01 9.367164e-01
-8.320449e-01 -5.313701e-01 -3.192585e-01 5.478450e-01 1.471379e-01 1.559049e+00 -7.322132e-01 2.629147e-01 5.680076e-01 5.576043e-02 4.202870e-01 -6.378559e-01
-1.444318e+00 -8.198631e-01 -1.107926e+00 -2.108267e+00 1.338394e-01 -1.914521e-01 1.970113e-01 1.595068e+00 3.922518e-01 -2.730826e-02 3.214014e-01 2.349307e-01
-1.268635e+00 9.918472e-01 8.091369e-01 1.714120e+00 1.955322e+00 5.274404e-01 1.706360e+00 6.933540e-01 -1.757781e-01 1.691546e-01 -1.537222e+00 -2.162628e+00
-1.107322e+00 -5.877628e-02 8.041223e-01 9.066103e-01 1.063851e+00 1.277965e+00 6.470907e-01 -1.419654e-01 -1.577468e-02 -6.693937e-01 -2.215608e+00 -2.483823e+00
-9.711539e-01 1.848648e+00 -7.900794e-02 1.533775e+00 6.925831e-01 -1.010989e+00 6.396801e-01 8.823875e-01 2.549905e+00 1.416392e+00 -5.909417e-01 -1.135604e+00
-8.218338e-01 6.381265e-01 -8.760595e-01 1.645009e-01 7.408102e-01 3.581730e-01 1.242007e-01 2.288692e-01 1.541143e+00 1.027015e+00 -2.530790e-01 -2.319701e-01
-8.172787e-01 8.261334e-01 -1.024867e+00 1.154183e+00 -3.854471e-02 -1.284791e+00 3.567087e-01 6.985216e-01 2.744680e+00 1.918573e+00 -2.689731e-01 6.284661e-01
3.387688e-01 1.557364e+00 1.392707e+00 2.242108e+00 1.914735e-01 9.549024e-02 2.453712e+00 6.258253e-01 -6.711479e+00 -4.599982e-01 9.830128e-01 1.713519e+00
8.013794e-01 3.203065e+00 8.539631e-01 2.050781e+00 -2.594093e+00 -3.226929e+00 8.247299e-01 2.202572e+00 -1.210038e+00 -6.508595e-01 -3.222122e-01 -1.689879e+00
-1.766409e+00 -1.481097e+00 -1.902255e+00 -2.673983e+00 9.722187e-01 2.866380e-02 2.491027e-02 -1.695415e-01 -5.326678e-01 -2.820242e-01 -5.498610e-01 1.105318e+00
5.206508e-01 3.204640e-01 7.213107e-01 1.510718e+00 1.437628e+00 -3.076063e+00 -1.160246e+00 1.030577e+00 -1.509680e-01 1.691743e+00 -9.992541e-01 -1.964086e+00
7.075921e-01 5.090934e-01 1.180906e+00 1.108682e+00 1.111168e+00 -3.299122e+00 -8.378370e-01 6.966230e-01 3.086770e-01 9.202379e-01 -4.851479e-01 -1.806391e+00
-1.126080e+00 -9.728094e-01 1.419761e-01 -9.659563e-01 3.429952e-01 1.176343e+00 -2.027711e-01 -2.049395e+00 6.402687e-01 5.254509e-01 -1.735891e+00 -4.371549e-01
6.330530e-01 9.395064e-01 1.071518e+00 1.034036e+00 1.114980e+00 -2.785324e+00 -5.461500e-01 -7.222245e-02 5.627221e-01 3.209510e-01 1.581079e-01 -1.484629e+00
1.112891e+00 3.448761e+00 4.509736e-01 4.022785e-01 -2.369270e+00 -2.696631e+00 -5.692616e-01 1.200577e+00 1.468384e-01 3.280501e-01 -2.724677e-01 -2.890235e+00
-1.523224e+00 -1.746690e+00 -2.274820e+00 -3.073856e+00 7.909417e-02 -4.253335e-01 -1.269481e+00 -2.605065e+00 4.786874e-01 7.982528e-01 -2.371295e-01 1.873501e+00
-1.054732e+00 -1.778028e+00 -1.762109e+00 -2.124436e+00 9.280944e-02 -6.136507e-01 -1.079790e+00 -3.329731e+00 7.081838e-01 1.684240e+00 -1.075619e+00 1.529672e+00
5.063378e-01 2.019513e+00 5.236293e-01 1.727514e+00 7.460612e-01 -2.299138e+00 -6.442861e-02 -7.293351e-01 1.056690e+00 -1.966871e+00 5.994051e-01 3.790261e-01
5.487162e-01 2.177769e+00 1.596747e+00 3.158416e+00 3.631802e-02 -8.489772e-01 3.250540e+00 4.547992e-01 -6.512587e+00 -2.454619e+00 8.001512e-01 3.096327e+00
2.843460e-01 2.510188e+00 2.654066e-01 2.688812e+00 7.974595e-01 -1.989552e+00 6.150371e-01 -4.743706e-01 -6.621097e-01 -2.726076e+00 9.244903e-01 1.753754e+00
4.976966e-01 2.947279e+00 1.046316e+00 3.558308e+00 5.839563e-01 -1.160436e+00 1.699185e+00 7.442772e-01 -5.323333e+00 -2.617847e+00 7.919143e-01 2.764229e+00
