1.365979e+01 -9.299301e+00 -1.492009e+00 -1.551431e+01 -1.748597e+01 2.230109e+01 -3.873043e+00 -7.340530e+00 9.347466e+00 -1.199905e+01 -2.447406e+00 4.495710e+00
1.493881e+01 -1.164540e+01 -5.484862e-01 -1.278350e+01 -1.670153e+01 2.216063e+01 -4.510713e+00 -9.735714e+00 7.852088e+00 -9.495860e+00 -9.935379e-01 3.826085e+00
1.333567e+01 -6.385087e+00 -9.557288e-01 -1.724077e+01 -1.907973e+01 2.045745e+01 -3.252838e+00 -4.074063e+00 1.079143e+01 -1.146247e+01 -5.934023e+00 4.405055e+00
1.502936e+01 -1.326108e+01 -2.614207e-01 -9.860291e+00 -1.415964e+01 1.960904e+01 -5.734339e+00 -1.210259e+01 9.157993e+00 -8.457636e+00 2.559056e+00 1.015817e+00
1.476431e+01 -1.365620e+01 -1.572908e+00 -6.192278e+00 -1.291052e+01 1.752291e+01 -6.469466e+00 -1.459405e+01 1.076710e+01 -7.360984e+00 4.651749e+00 -6.296763e-01
1.312170e+01 -1.368130e+01 -8.263755e-01 -5.151050e+00 -9.319474e+00 1.128341e+01 -5.305034e+00 -1.608305e+01 1.321454e+01 -4.953613e+00 2.902673e+00 -2.835939e+00
1.282070e+01 -3.904163e+00 2.181227e-01 -1.948100e+01 -1.935367e+01 1.850807e+01 -3.457866e+00 -2.362326e+00 1.294115e+01 -1.117359e+01 -7.202243e+00 2.979333e+00
1.259624e+01 -1.340970e+01 -1.176653e+00 -1.748647e+00 -9.725895e+00 1.044842e+01 -8.679511e+00 -1.487025e+01 1.439336e+01 -5.204748e+00 2.739598e+00 -5.088939e+00
1.323434e+01 -2.589556e+00 8.949053e-01 -1.999363e+01 -2.034972e+01 1.599126e+01 -3.022979e+00 -1.123294e+00 1.414067e+01 -1.207563e+01 -5.911764e+00 8.177924e-01
1.197630e+01 -1.226187e+01 -8.485390e-01 6.914294e-01 -1.120865e+01 8.311261e+00 -9.601420e+00 -1.145333e+01 1.224014e+01 -3.841254e+00 7.166870e-01 -5.407428e+00
1.227216e+01 -1.305597e+01 1.728309e+00 1.201682e+00 -1.026729e+01 5.314656e+00 -9.638673e+00 -1.194783e+01 1.293195e+01 -5.755977e+00 1.358402e+00 -6.583708e+00
1.420595e+01 1.895782e-01 -8.119122e-01 -1.790093e+01 -2.313241e+01 1.379357e+01 -3.338931e+00 -1.018857e+00 1.465275e+01 -1.145315e+01 -3.495655e+00 -1.124116e+00
1.154390e+01 -1.136731e+01 2.815264e+00 1.519059e+00 -1.040760e+01 4.525740e+00 -1.268317e+01 -9.014560e+00 9.936300e+00 -5.391960e+00 1.439523e+00 -4.700516e+00
1.486191e+01 2.141772e+00 9.340730e-01 -1.729688e+01 -2.259342e+01 7.904797e+00 -3.591731e+00 -2.675833e+00 1.601517e+01 -7.414408e+00 -4.257448e+00 -9.368249e-01
1.208678e+01 -1.105041e+01 5.666821e+00 -3.991845e-01 -8.192408e+00 1.529645e+00 -1.248209e+01 -1.109816e+01 1.059090e+01 -7.454678e+00 2.097757e+00 -3.989754e+00
1.507921e+01 4.316945e+00 1.977972e+00 -1.664665e+01 -2.143759e+01 4.803403e+00 -5.689746e+00 -1.344377e-01 1.472690e+01 -8.017538e+00 -1.247196e+00 -2.761525e+00
1.690556e+01 5.741706e+00 3.279879e+00 -1.695211e+01 -2.007380e+01 1.135828e+00 -7.087498e+00 -2.385877e+00 1.075628e+01 -3.989623e+00 -1.283399e+00 -1.428641e+00
1.303747e+01 -9.770868e+00 6.207036e+00 2.454204e+00 -6.507040e+00 1.426723e+00 -1.555960e+01 -9.937623e+00 6.451385e+00 -7.766310e+00 2.639190e+00 -1.804539e+00
1.686690e+01 5.267666e+00 4.910469e+00 -1.401859e+01 -1.828031e+01 2.026542e+00 -9.635628e+00 -1.502525e+00 6.312187e+00 -6.554970e+00 -1.780853e+00 -6.116071e-01
1.340910e+01 7.192979e+00 8.472405e+00 -1.445434e+01 -1.855764e+01 1.595875e+00 -1.052225e+01 -5.306520e-01 4.105033e+00 -6.678728e+00 1.117110e+00 -2.795557e+00
1.333866e+01 -8.589655e+00 7.617955e+00 9.835727e+00 -6.691304e+00 1.623899e+00 -8.108088e+00 -8.155249e+00 -3.334162e+00 -5.915150e+00 1.236875e+00 -5.275364e-01
1.361612e+01 -8.187720e+00 8.106895e+00 1.298028e+01 -5.420398e+00 -4.816412e-01 -2.125911e+00 -8.537007e+00 -9.232939e+00 -2.227144e+00 1.587891e+00 -2.979315e+00
1.300617e+01 -7.535075e+00 8.277095e+00 1.300547e+01 -6.248549e+00 -2.065363e-01 -6.241949e-01 -9.981009e+00 -7.049200e+00 -2.702898e+00 -8.814685e-01 -3.384962e-01
1.335627e+01 -7.599807e+00 8.338662e+00 1.273475e+01 -6.228446e+00 6.006424e-01 -1.001263e+00 -9.881936e+00 -7.149129e+00 -2.662512e+00 -1.412776e+00 7.611427e-01
1.231256e+01 -6.443441e+00 7.735480e+00 1.307190e+01 -6.408880e+00 9.342904e-01 -6.616304e-01 -1.088389e+01 -5.404436e+00 -4.855747e+00 4.296682e-01 2.366138e-02
1.181811e+01 -6.030086e+00 8.267836e+00 1.217321e+01 -4.979747e+00 9.224586e-01 -8.545892e-01 -1.123476e+01 -6.039501e+00 -3.616570e+00 -5.060136e-01 1.341662e+00
1.150649e+01 -5.319565e+00 6.727140e+00 1.345764e+01 -4.534161e+00 1.129681e+00 -2.147544e+00 -1.052996e+01 -5.151146e+00 -4.035664e+00 -3.376110e-01 -3.639805e-01
-1.049602e+01 -1.744034e+01 3.287021e+00 -1.213814e+00 -3.209414e+00 4.564254e+00 -2.414609e+00 1.222621e+01 3.844178e-01 -2.182672e+00 -5.307059e-01 3.091725e+00
1.203859e+01 -4.269903e+00 7.052798e+00 1.275955e+01 -4.812686e+00 1.721832e+00 -1.134107e-01 -1.131317e+01 -5.054411e+00 -5.379051e+00 1.118977e+00 -1.650894e+00
1.426792e+01 1.193581e+01 7.940198e+00 -1.124859e+01 -1.235961e+01 -2.151517e+00 -8.470220e+00 -9.497120e-01 -4.154444e-02 -6.254539e+00 -3.079843e+00 3.715882e-01
1.401907e+01 -2.386993e+00 5.987526e+00 1.217319e+01 -3.585865e+00 6.837981e-01 5.539274e-01 -7.178987e+00 -8.061076e+00 -2.408184e+00 -1.099344e+00 -2.744731e+00
1.590489e+01 1.540757e+01 2.202452e+00 -7.426908e+00 -6.876406e+00 -8.109095e+00 -2.017658e+00 -2.073200e+00 -3.057090e+00 -3.850461e+00 -4.959177e+00 -1.192660e+00
1.328409e+01 1.575996e+00 3.890527e+00 1.062254e+01 2.238155e+00 -9.350777e-02 -3.214509e-01 -5.796572e+00 -8.856425e+00 -2.779132e+00 -8.830984e-01 -1.240793e+00
-8.728530e+00 -1.261848e+01 2.213575e+00 -2.165826e+00 -7.039719e+00 -7.583727e-01 -5.120844e+00 2.368857e+00 -1.313973e+00 -6.798538e+00 -1.895738e+00 -8.163342e-01
-1.516264e+01 2.191835e+00 -4.754234e+00 2.745415e+00 7.261591e-01 -1.272688e+00 9.767351e-01 5.604862e+00 2.050077e+00 2.886502e+00 -5.437653e-01 7.484032e+00
-1.376072e+01 9.738569e-01 -3.656729e+00 5.714260e+00 1.050802e+00 -1.290348e+00 -2.041551e+00 2.753213e+00 1.223605e+00 6.661915e+00 -1.276490e+00 2.078778e+00
-1.037607e+01 9.040789e+00 -7.104860e+00 2.411366e+00 2.391479e+00 -3.681954e+00 -2.296778e+00 6.937685e+00 -3.735795e+00 9.693945e+00 -8.505152e+00 4.659607e-01
9.907661e+00 2.890780e+00 4.214800e+00 1.301992e+01 9.003423e+00 3.986851e+00 4.508762e+00 -1.455062e+00 -7.391883e+00 3.901596e-02 -1.461449e+00 -8.694775e-01
7.755723e+00 5.805447e+00 3.446369e+00 9.687669e+00 1.147348e+01 7.815537e+00 7.174194e+00 2.137219e+00 -5.091069e+00 -9.336024e-01 -2.687625e+00 -2.501028e+00
-8.887721e+00 4.447086e+00 -1.006229e+01 6.474138e+00 3.116670e+00 4.167701e+00 -5.015695e+00 -2.227537e+00 -9.602377e+00 7.175460e+00 4.548370e+00 1.327798e+00
-9.888890e+00 -3.961239e+00 -9.832755e-01 2.644074e+00 -7.744765e-01 2.293910e+00 -1.668084e-01 1.096019e+00 4.523656e+00 7.270890e-01 3.730469e+00 -4.457240e+00
-9.080575e+00 -8.041678e+00 4.778326e+00 3.331877e+00 -1.132517e+00 4.810658e+00 -7.048481e+00 3.733140e+00 -3.284689e+00 -3.904538e-01 -1.018786e-01 -1.102890e+00
-8.872668e+00 6.659267e+00 -1.803090e+00 3.961796e+00 2.000753e+00 -2.960238e+00 -2.842648e+00 8.666033e+00 -2.026906e+00 4.870277e+00 -5.147450e+00 1.562147e+00
4.667650e+00 8.406997e+00 4.127745e+00 6.667395e+00 9.866298e+00 6.417362e+00 9.999804e+00 4.405700e+00 -4.781240e+00 7.714388e-01 1.172493e+00 -3.367677e+00
5.859857e+00 1.365074e+01 7.941240e+00 2.663142e+00 8.627338e+00 -3.109732e+00 9.920490e-01 9.112568e-01 -4.611466e+00 -3.112867e+00 -4.744663e+00 -2.155682e+00
-6.730189e+00 5.948434e+00 -7.382806e+00 -2.217270e+00 2.819197e+00 4.985295e+00 3.371169e+00 6.157926e-01 -2.738345e+00 7.029513e+00 4.077189e+00 1.103935e+00
-3.293557e+00 -1.198727e+01 -9.583427e+00 1.828647e+00 4.904292e+00 -3.917917e+00 5.256688e+00 1.317563e+00 -5.402823e+00 -2.639933e+00 -1.993084e+00 7.131278e+00
-5.293489e+00 -1.464194e+00 -3.109363e+00 5.234130e+00 2.299903e+00 -4.680657e+00 3.951812e+00 -5.206542e+00 -1.293027e+01 -6.973683e+00 1.358480e-01 -6.101715e+00
1.508267e+00 5.161448e+00 2.370605e+00 5.913877e+00 1.075122e+01 2.073936e+00 6.749374e+00 3.272466e+00 -3.226226e+00 1.468738e+00 2.737973e+00 9.543304e-01
-1.592354e+00 1.387590e+00 -6.395754e-01 5.971665e+00 1.744025e+00 -6.243809e+00 1.753302e+00 -2.682777e+00 -5.389971e+00 -2.187696e+00 4.584526e+00 -5.652568e-01
-7.672526e+00 -2.657856e+00 4.336603e+00 -6.689821e+00 3.634308e+00 4.670168e+00 -1.615644e-01 -7.766714e-01 -2.619684e-01 4.989867e+00 4.330005e+00 -2.019563e+00
-3.821750e+00 -7.722790e-01 -5.260966e+00 4.822241e-01 3.721573e+00 -6.054785e+00 1.291404e+00 7.034091e-01 -8.514107e+00 -8.122623e+00 -1.393568e+00 -2.922307e+00
-7.719901e+00 2.778297e+00 -4.484663e+00 1.471741e-01 2.554131e+00 -5.100087e+00 3.285896e+00 3.168037e+00 1.889255e+00 5.732856e+00 -2.528011e+00 -2.019398e+00
-4.825058e+00 -4.536659e-01 -2.586104e+00 3.941356e+00 8.387750e+00 -8.422205e-01 6.156834e+00 6.029438e-01 -5.687279e+00 -3.289930e+00 -4.123258e+00 -4.032540e+00
-5.420378e+00 -1.442313e+00 -5.635844e+00 -1.102307e+00 5.435420e+00 -2.284385e+00 1.386753e+00 -2.379939e+00 -7.577604e+00 -4.013143e+00 2.431252e+00 2.274153e+00
-6.525805e+00 2.369352e+00 -3.970173e+00 2.221096e+00 6.579646e+00 -3.295266e+00 2.431054e+00 6.331398e+00 -4.086075e+00 4.866866e+00 2.997912e+00 1.401802e+00
-3.766489e+00 -3.922795e+00 -6.453587e+00 4.082666e+00 6.170474e+00 -4.676470e+00 1.796458e+00 -1.110284e+00 -7.707620e+00 -6.518239e+00 -1.390422e+00 5.727861e+00
-4.987836e+00 3.462374e+00 -2.096473e+00 2.813490e+00 7.549935e+00 -1.091588e+00 5.666309e+00 4.918365e+00 1.366484e-01 2.080479e+00 -4.504322e+00 -6.803764e-01
-3.475189e+00 2.652331e+00 -1.135827e+00 2.172959e-01 1.889402e+00 -5.207019e+00 2.899298e+00 1.207024e+01 1.386792e+00 1.373419e+00 -1.598125e+00 -8.015758e-01
-5.536608e+00 1.515720e+00 -1.535690e+00 2.410435e+00 5.481061e+00 -4.079567e+00 9.446229e+00 6.761633e+00 -4.942393e+00 1.277386e-01 3.459229e+00 2.883980e-01
-6.394683e+00 2.107036e+00 5.001462e+00 -2.435044e+00 8.529429e-01 -4.055323e+00 -1.120268e+00 3.771778e+00 -2.002819e+00 -1.172304e+00 -1.272020e+00 -1.770890e+00
-4.285552e+00 1.347192e+00 -1.743354e+00 1.489193e+00 4.612085e+00 -6.494367e+00 8.336468e-01 5.701746e-01 -6.527220e+00 3.542258e+00 6.312339e-01 7.274222e-01
-4.121013e+00 3.642936e+00 -2.789761e+00 7.257557e-01 8.314906e+00 1.406852e+00 2.326583e+00 4.896239e+00 -1.017544e-01 1.508980e+00 3.963964e+00 4.724965e-01
-6.754027e+00 1.599058e+00 -1.385440e+00 -1.465369e+00 1.423439e+00 4.332292e-01 2.942759e+00 5.640639e+00 -1.610492e+00 4.104832e+00 1.916332e+00 1.263541e+00
6.996460e-01 8.391839e+00 1.969013e+00 3.953847e+00 8.159612e+00 -1.680676e+00 2.445661e+00 4.020778e+00 -4.924867e+00 1.212829e+00 -2.365806e+00 -1.080137e+00
-3.276483e+00 4.848906e-01 -1.272671e+00 1.053102e+00 4.192278e+00 -6.971056e+00 1.840424e+00 -1.976578e+00 -4.950053e+00 -3.998630e+00 -1.065301e+00 -4.293977e+00
-4.951975e+00 2.583521e+00 -4.223145e+00 1.911358e+00 9.787164e+00 -2.346132e+00 2.637216e+00 4.082258e+00 -1.887581e+00 2.295476e+00 -3.285909e-02 3.808297e+00
-3.475336e+00 1.852131e+00 2.017725e-01 5.822213e+00 6.678311e+00 -7.536305e+00 -1.634349e+00 2.659512e+00 -6.080306e+00 -4.667809e+00 -1.807576e+00 -3.238643e+00
-4.339423e+00 2.844074e+00 -2.641935e+00 5.823317e-01 3.446866e+00 4.515601e+00 4.169668e+00 4.026204e-01 1.251588e+00 5.096491e-02 -2.442820e+00 -8.747261e-01
-6.199405e+00 1.151427e-01 -1.798456e+00 1.648819e+00 5.096796e+00 -1.179877e+00 2.130391e+00 6.869588e-01 2.172405e+00 6.831112e+00 2.649780e+00 2.369673e+00
-4.347022e+00 5.769844e+00 -5.941759e-01 1.696556e-01 6.988960e+00 -3.253174e+00 4.423660e+00 7.623376e+00 4.205949e+00 3.338311e+00 -9.611988e-01 -2.211404e+00
-3.715173e+00 2.918351e+00 -1.079307e+00 2.374503e+00 9.365429e+00 -3.229923e+00 -1.520765e+00 -7.212839e-01 -1.013759e+01 -2.955368e+00 1.329235e+00 3.549713e+00
-6.431935e+00 7.773564e-01 -2.785849e+00 -2.493391e+00 1.266098e-02 -6.045254e+00 1.719958e+00 8.275539e+00 1.925735e+00 2.780506e+00 -2.708740e+00 4.936517e+00
-6.168790e+00 2.526011e+00 -1.658682e+00 -2.330049e+00 3.802710e+00 -5.918472e+00 4.353523e+00 2.732528e+00 -2.611825e+00 5.168980e+00 -5.855381e-01 3.136356e+00
-6.388516e+00 3.314693e+00 1.695141e+00 5.651883e+00 8.399240e+00 -9.925874e-01 -4.168003e-01 4.739323e+00 2.397299e+00 6.925683e+00 6.160038e+00 3.086172e+00
-7.622458e+00 -9.078346e-01 -4.991243e-01 6.035140e-01 4.344377e+00 -1.684960e-01 5.342817e+00 4.186357e+00 6.253679e+00 8.701730e+00 9.065969e+00 7.458797e+00
-6.056817e+00 1.327604e+00 -1.627120e+00 3.339870e-01 6.582194e+00 -2.501105e+00 3.780138e+00 8.825216e+00 -2.118964e-01 1.460039e+00 1.923311e+00 -4.514751e-01
-6.363246e+00 2.792624e+00 -7.027491e-01 1.832963e+00 7.655993e+00 -2.359166e+00 2.272044e+00 2.899505e-01 -9.463499e-01 3.885386e+00 -9.089770e-01 1.601582e-01
-4.700522e+00 2.261414e+00 -8.625820e-01 1.196599e+00 4.773802e+00 -5.872747e+00 2.397641e+00 4.689269e+00 1.146852e+00 1.215332e+00 -1.047613e+00 -7.792543e-01
-5.413621e+00 2.996488e+00 1.333853e+00 9.759777e-01 3.986751e+00 -4.657568e+00 1.267608e+00 2.304573e+00 5.863149e-01 3.453854e+00 -1.022661e+00 -1.502403e+00
-6.886788e+00 2.875917e+00 -6.558748e-01 7.255344e-01 3.024979e+00 -4.162025e+00 3.279646e+00 4.171423e+00 -5.241650e+00 3.790672e+00 4.200553e+00 -7.383966e-02
-3.295289e+00 2.041059e+00 -2.401952e-01 3.127861e+00 6.261883e+00 -5.887507e+00 2.004625e+00 3.422261e+00 -3.678171e+00 -1.528311e-01 -8.768678e-02 -1.260042e-03
-6.298747e+00 6.066481e-01 -2.826275e+00 -2.184325e+00 -7.593236e-01 -4.563590e+00 3.486562e+00 2.625197e+00 -2.436955e+00 2.457700e+00 -3.404765e+00 -6.409899e+00
-5.444240e+00 3.460979e+00 -1.468512e+00 -1.257926e+00 2.876656e+00 -3.473326e+00 7.569795e-01 2.326518e+00 1.201734e+00 6.854479e+00 -4.573166e-01 -2.316990e-01
-6.077588e+00 -8.000329e-01 4.610634e-01 2.844079e+00 3.883682e+00 3.738480e+00 9.710397e+00 2.077510e+00 -6.371716e-01 6.318051e+00 1.860015e+00 -1.617908e-01
-4.517588e+00 1.975121e+00 8.872330e-03 1.141832e+00 5.541871e+00 -7.611895e-01 2.291149e+00 3.163389e+00 -2.571874e+00 1.772225e+00 -1.757460e+00 -2.768210e+00
-6.030614e+00 1.411703e+00 -8.274842e-01 -1.194871e+00 3.002431e+00 -6.300425e+00 5.220270e-01 2.683611e+00 -4.100565e+00 3.235127e+00 -6.847379e-01 4.406438e-01
-5.723847e+00 3.115250e+00 -7.981104e-01 1.578786e+00 8.734740e+00 -4.163172e+00 -1.099827e+00 -8.700013e-03 3.689652e+00 8.385556e+00 1.532920e+00 2.982852e-01
-6.458346e+00 3.407403e+00 -4.079036e-01 8.776760e-01 4.768208e+00 -6.447723e+00 1.334906e-01 1.155301e+00 3.556543e+00 6.387248e+00 -3.411379e-01 -2.988650e+00
-2.332687e+00 3.813563e+00 -1.521006e+00 3.853256e+00 6.524915e+00 -5.354705e+00 5.103469e-01 2.222821e+00 -4.360632e+00 -3.643084e-01 -3.151595e+00 1.355906e+00
-6.005511e+00 2.675393e+00 -3.233530e+00 -4.030995e+00 2.220113e+00 -4.135030e+00 4.442605e+00 5.616373e-01 -1.150767e+00 7.542709e+00 4.215219e+00 4.588355e+00
-5.416268e+00 6.164880e-01 -1.349058e+00 7.502913e-02 4.752271e+00 -2.226216e+00 2.204884e+00 2.447284e+00 -3.690807e+00 1.446901e-01 -1.494101e+00 -3.360491e-01
-6.527202e+00 1.507477e+00 -2.252966e+00 -1.110276e+00 3.224606e+00 -6.558627e+00 8.106461e-01 -2.130564e+00 -2.588322e+00 5.492769e+00 3.419180e+00 8.429790e-02
-7.062253e+00 1.846218e+00 -2.253174e+00 -1.867846e+00 3.104893e+00 -6.482883e+00 1.289173e+00 -1.636914e+00 1.818833e+00 8.604841e+00 1.479828e+00 -1.737141e+00
-5.441725e+00 2.391617e+00 -2.613654e-01 1.561736e+00 4.143251e+00 -5.840820e+00 1.091173e+00 8.914556e+00 3.312846e+00 6.212198e+00 6.603250e+00 5.269177e+00
-4.667444e+00 1.829547e+00 -4.053215e+00 -3.304169e+00 5.837907e+00 1.500074e+00 5.436706e+00 2.629805e+00 -4.636814e+00 1.527220e+00 3.995210e+00 4.699630e+00
-6.044791e+00 1.987974e+00 3.216595e+00 4.677927e+00 6.702785e+00 -3.304237e+00 2.726773e+00 2.883317e+00 1.375276e+00 8.152569e+00 2.215517e+00 -5.520201e-01
-5.139332e+00 2.880879e+00 -6.638968e-01 -8.855594e-01 5.225880e+00 -2.161210e+00 3.402560e+00 3.807097e+00 2.048565e+00 2.971813e+00 -4.082677e+00 1.381742e+00
-5.348724e+00 1.805815e+00 -4.017894e+00 -1.067989e+00 6.340275e+00 -2.732919e+00 4.924361e+00 2.757091e+00 4.235997e+00 9.336140e+00 2.323319e+00 5.624108e+00
-6.329164e+00 2.867307e+00 -1.841374e+00 -5.412215e+00 1.900023e+00 -1.153688e+00 4.270087e+00 3.109886e+00 -6.285844e-01 7.884898e+00 5.714519e-01 4.679253e-01
-3.902254e+00 3.035408e+00 -1.043524e+00 -4.822497e-01 4.200140e+00 -4.235508e+00 1.343483e+00 1.436198e+00 -2.851537e+00 9.960673e-01 -3.080002e+00 9.338202e-01
-1.976161e+00 6.462617e+00 2.704663e+00 5.464074e+00 8.757306e+00 -5.738664e-01 9.349513e-01 3.964250e+00 -8.495423e-01 4.240793e+00 -9.361482e-01 -5.363826e+00
-6.307122e+00 2.207530e+00 -1.448121e+00 -3.479543e-01 -4.700918e-01 -5.691761e+00 2.152396e+00 4.688943e+00 2.835369e-02 5.145231e+00 1.450994e+00 2.999797e+00
-5.585937e+00 2.081726e+00 -4.834474e-01 2.923639e+00 3.322894e+00 -6.723330e+00 8.357272e-01 7.474881e+00 2.421611e+00 5.599209e+00 -2.623143e+00 4.606521e-01
-3.987975e+00 2.675520e+00 -2.474256e+00 -3.068737e+00 3.152720e+00 -2.745003e+00 1.277425e+00 4.912806e+00 -2.439823e+00 2.361104e+00 -1.205126e+00 1.215801e+00
-4.704639e+00 3.504651e+00 -1.892207e+00 -4.128929e+00 4.633612e+00 -2.493069e+00 3.566861e+00 1.258028e+00 -5.229059e+00 -3.641981e+00 -2.355645e+00 -1.672160e+00
-6.376178e+00 2.627372e+00 -1.172111e+00 -6.335543e-01 3.825371e+00 -5.904615e+00 -2.914302e+00 -2.887011e+00 -8.029157e-01 4.777013e+00 -5.306330e-01 -1.579700e+00
-6.053618e+00 1.365443e+00 -3.084398e+00 -1.556544e+00 6.085411e+00 -4.329440e+00 1.930604e-01 1.390682e+00 -1.108647e+00 5.211082e+00 2.447555e-01 -2.576847e+00
-6.199767e+00 9.500459e-01 -3.570812e+00 5.520940e-01 4.432794e+00 -5.985373e+00 -6.776683e-01 5.426970e+00 -4.746982e+00 1.810814e+00 3.930701e+00 2.911824e+00
-6.006780e+00 3.348302e+00 5.387768e-01 -2.213879e-01 4.154382e+00 -1.620483e+00 5.213315e+00 3.188201e+00 1.053996e+00 7.257918e+00 5.310308e+00 2.794435e+00
-4.981661e+00 2.069328e-01 -2.902402e+00 4.734653e-01 3.356719e+00 -4.939341e+00 9.684134e-02 2.136716e+00 -3.234139e+00 -8.189215e-01 2.920655e+00 1.190139e+00
-5.479905e+00 4.953614e-01 -2.117445e+00 5.022180e-01 5.424389e+00 -9.532222e-01 5.233032e+00 2.683878e+00 8.654714e-02 3.323163e+00 2.060977e+00 6.955297e+00
-4.079695e+00 4.046628e+00 -4.205765e-01 8.285637e-01 5.679047e+00 -4.794388e+00 6.328506e-01 3.613942e+00 1.566141e+00 3.290382e+00 -8.336499e-01 5.196623e+00
-4.112954e+00 3.290200e+00 -9.018135e-02 -1.668705e+00 4.541245e+00 -2.459980e+00 2.701155e+00 -8.408370e-01 -4.580187e+00 2.060238e+00 -9.035113e-01 -2.326539e+00
-6.876678e+00 3.560471e-01 -2.225836e+00 -2.348486e+00 6.624002e-01 -4.501702e+00 1.186625e+00 2.774480e+00 -2.190645e-01 5.216236e+00 3.068968e+00 -3.881208e+00
-4.944892e+00 1.570018e+00 -2.980098e+00 -2.169860e+00 4.725025e+00 -2.560685e-01 6.070592e-01 2.256210e+00 6.992021e-01 3.974996e+00 9.180238e-01 4.746594e-01
-5.068618e+00 4.065688e+00 -2.122704e+00 5.659204e-01 3.357666e+00 -4.878760e+00 3.274690e+00 7.377685e+00 2.557742e+00 -1.181790e+00 -4.473117e+00 -2.283223e-01
