1.362614e+01 -1.015855e+01 -4.923823e+00 -3.191519e+00 -1.968898e+01 -6.048203e-01 7.449438e+00 -4.427594e+00 -9.300469e+00 1.648756e+00 1.808237e+00 7.264686e+00
1.348873e+01 -1.072294e+01 -4.972674e+00 -3.034780e+00 -1.973532e+01 6.009138e-02 7.401176e+00 -4.990554e+00 -8.863435e+00 1.342089e+00 4.347811e+00 6.675557e+00
1.387865e+01 -1.135474e+01 -4.941119e+00 -3.333865e+00 -1.787084e+01 -1.639769e+00 8.876061e+00 -5.126231e+00 -7.510406e+00 -3.262618e-01 6.123714e+00 5.904270e+00
1.418256e+01 -8.775003e+00 -5.037341e+00 -4.562015e+00 -1.706023e+01 -4.682271e+00 1.099961e+01 -5.600251e+00 -7.763400e+00 -1.184099e+00 2.652761e+00 6.060973e+00
1.405970e+01 -1.085469e+01 -5.720120e+00 -1.645109e+00 -2.072469e+01 4.794117e-01 9.501429e+00 -4.028919e+00 -8.731477e+00 -1.041487e+00 7.159961e+00 5.921271e+00
1.421140e+01 -6.745918e+00 -7.057120e+00 -9.136841e-01 -2.274393e+01 -2.662922e+00 1.406626e+01 -8.461667e+00 -4.452378e+00 -2.518531e+00 -1.893312e+00 8.672260e+00
1.427963e+01 -1.064194e+01 -4.040143e+00 -4.692836e+00 -1.631186e+01 -1.202761e+00 9.226706e+00 -3.015040e+00 -9.304357e+00 3.912639e-01 5.551631e+00 7.552594e+00
1.344147e+01 -5.586134e+00 -5.703845e+00 -2.967354e+00 -2.109678e+01 -3.260024e-01 8.609092e+00 -6.195151e+00 -6.936449e+00 -9.786016e-01 2.708244e-01 6.923522e+00
1.326725e+01 -7.397699e-02 -5.734943e+00 -7.731586e+00 -2.037953e+01 -4.781334e+00 8.359567e+00 -7.085382e+00 -6.942086e-01 -8.005868e-01 -6.898094e+00 6.059858e+00
1.356473e+01 4.748843e+00 -2.688580e+00 -7.470223e+00 -2.493372e+01 -4.917775e+00 6.014537e+00 -1.000953e+01 -3.140790e+00 1.938471e+00 -3.255328e+00 5.715160e+00
1.343254e+01 3.761117e+00 -1.767503e+00 -7.699179e+00 -1.991141e+01 -6.360532e+00 -2.855153e-01 -5.976445e+00 -2.111806e+00 3.580908e+00 -3.484441e+00 1.121104e+00
1.402596e+01 -1.722699e+00 -6.527650e+00 -5.773304e+00 -1.874728e+01 -5.547631e+00 7.505870e+00 -6.014435e+00 -2.144995e+00 4.732430e-01 -4.706568e+00 4.488961e+00
1.364456e+01 2.064268e+00 -3.018511e+00 -1.052858e+01 -2.269017e+01 -2.550085e+00 8.329380e+00 -7.577430e+00 -2.659962e+00 -7.622424e-01 -5.257661e+00 7.094573e+00
1.427650e+01 -8.872181e+00 -5.768919e+00 -3.994326e+00 -1.479589e+01 -2.265070e+00 1.059077e+01 -2.095257e+00 -1.227267e+01 2.951686e+00 3.655982e+00 9.212023e+00
1.472769e+01 -8.771473e+00 -6.529502e+00 -3.994843e+00 -1.361834e+01 -2.596597e+00 1.464378e+01 -4.763038e+00 -1.042700e+01 1.078723e+00 1.495814e-01 1.258899e+01
1.418301e+01 -3.838846e+00 -4.838834e+00 -4.666264e+00 -1.889786e+01 -4.945821e+00 7.940310e+00 -8.534832e+00 -1.340037e+00 -8.446989e-01 1.254526e+00 1.765377e+00
1.364885e+01 -4.450048e+00 -4.689387e+00 -3.119948e+00 -1.881502e+01 -4.470711e+00 6.764801e+00 -6.128531e+00 -4.459998e+00 -3.985645e-01 4.029054e+00 3.085600e+00
1.541053e+01 -7.510160e+00 -7.929080e+00 -2.932669e+00 -1.485572e+01 1.847046e+00 1.008686e+01 -2.694565e+00 -1.094106e+01 -1.261709e+00 4.657849e+00 5.767076e+00
1.399722e+01 4.898702e+00 -1.884398e+00 -6.308157e+00 -2.164462e+01 -9.129633e+00 2.922719e+00 -5.801749e+00 1.415923e+00 2.118662e+00 -5.769348e+00 -5.819401e-01
1.405381e+01 -6.994162e+00 -8.348555e+00 -1.639656e+00 -1.358920e+01 -3.085537e+00 1.456395e+01 -3.978219e+00 -1.156253e+01 2.852982e+00 1.466602e+00 8.945485e+00
1.434474e+01 7.748330e+00 -8.001339e-01 -9.673795e+00 -2.025487e+01 -7.641569e+00 7.204454e-01 -3.168892e+00 5.930336e+00 2.266246e-01 -1.030273e+01 -9.804345e-01
1.444678e+01 -6.592925e+00 -9.396406e+00 -1.127362e+00 -1.223192e+01 -2.415574e+00 1.073104e+01 -3.133942e+00 -8.774383e+00 -8.777673e-01 4.516572e+00 8.538729e+00
1.504880e+01 -3.095533e+00 -1.117520e+01 -4.358796e+00 -1.024746e+01 -3.594284e+00 9.825304e+00 -2.885640e+00 -6.390613e+00 -3.221321e-01 2.193527e+00 9.306731e+00
1.366373e+01 7.143443e+00 3.959394e+00 -8.665082e+00 -2.554281e+01 -2.163267e+00 4.824602e+00 -6.925469e+00 2.669692e+00 1.259640e+00 -7.979843e+00 -1.790100e+00
1.325924e+01 -5.773248e+00 -1.127629e+01 -5.899743e+00 -5.058690e+00 -4.341434e+00 9.344066e+00 -1.880255e+00 -7.674997e+00 1.190086e+00 2.350840e+00 6.455623e+00
1.434288e+01 5.895123e+00 4.580500e+00 -6.203345e+00 -2.263681e+01 -4.921684e+00 2.831424e+00 -7.405668e+00 5.406191e+00 -2.458715e-01 -3.691522e+00 -8.958432e+00
1.321802e+01 7.997916e+00 5.612011e+00 -6.585588e+00 -2.530532e+01 -6.299927e+00 8.078063e+00 -7.064336e+00 2.925651e+00 1.649312e+00 -7.724835e+00 -4.224980e+00
1.421960e+01 8.067652e+00 5.571622e+00 -7.449803e+00 -2.239871e+01 -5.348770e+00 -1.581178e-01 -5.185190e+00 5.408329e+00 -1.927440e+00 -7.028504e+00 -8.407949e+00
1.290604e+01 9.629345e+00 6.705606e+00 -4.666385e+00 -1.810477e+01 -4.472378e+00 -3.908601e+00 -1.213751e+01 6.052211e+00 -4.228349e+00 -7.549943e+00 -6.042474e+00
1.235884e+01 1.064291e+01 1.013427e+01 -3.609646e+00 -1.879049e+01 -2.874880e+00 -4.859086e+00 -1.279503e+01 -1.141033e+00 -3.094547e+00 -4.010937e+00 -4.268408e+00
1.220852e+01 1.108257e+01 2.888624e+00 -1.964026e+00 -2.181729e+00 -1.002987e+01 -1.227444e+01 -4.785757e+00 -3.634753e+00 -6.715894e+00 -3.027015e+00 -4.244983e+00
6.521303e+00 -3.211709e+00 3.924064e-01 -4.946601e+00 -3.805372e+00 2.051513e+00 7.141243e+00 -3.466680e+00 5.289328e-01 9.456789e-01 1.479670e+00 9.200690e+00
8.052839e+00 9.251530e+00 6.686042e+00 2.110364e+00 -1.175394e+00 -9.973026e+00 -1.261964e+01 -3.138450e+00 -4.391005e+00 -4.971424e+00 9.900932e-01 -5.331983e+00
3.944913e+00 1.090512e+01 6.256714e+00 1.138211e+00 6.747432e+00 -5.426080e+00 -1.031471e+01 -2.901233e+00 -4.078283e+00 -2.882249e+00 2.490106e-01 -2.909259e+00
-1.587260e+01 -9.962212e+00 9.857793e-01 -8.312947e+00 2.623154e+00 1.032104e+01 -4.360478e+00 7.151747e+00 2.858346e+00 -1.472564e+00 1.266209e+01 1.462859e+01
-1.658603e+01 -7.491692e+00 2.846495e+00 -4.404458e+00 5.506973e+00 1.269737e+01 -3.585725e-01 8.835055e+00 4.054612e+00 -3.095687e+00 8.115202e+00 1.026856e+01
1.858001e-01 7.256928e+00 4.247883e+00 4.267957e-01 1.013341e+01 2.977882e+00 -1.899476e+00 3.261457e+00 3.864373e+00 -7.839172e+00 -2.219414e+00 -6.044921e+00
-7.002065e+00 -4.091574e+00 2.842854e+00 1.890103e+00 5.803088e+00 9.994262e+00 -1.092656e+00 -2.186605e-01 -1.409240e+00 -2.896600e+00 1.072209e-01 1.681630e+00
6.234756e-01 5.248850e+00 1.169121e+00 -2.739922e+00 6.221823e+00 -1.655881e+00 -1.344585e+00 8.664035e+00 2.822785e+00 -3.766019e+00 2.958751e+00 -6.044640e+00
-3.617421e+00 3.218893e+00 -2.089531e-01 2.086321e+00 6.911793e+00 1.140832e+00 -3.280872e+00 6.910028e+00 6.561355e+00 8.333025e+00 6.683775e+00 -7.133256e+00
-2.925539e-01 1.958582e+00 8.978425e-01 -3.114592e+00 -5.280624e+00 -3.624225e+00 3.793931e+00 1.662613e+00 8.692173e-01 -2.898060e+00 -5.360179e-01 4.525785e-01
-2.667539e+00 1.592768e+00 2.168126e+00 1.327101e+00 6.391532e+00 -3.885262e+00 -5.649587e+00 5.162884e+00 3.615242e+00 7.748860e+00 7.550419e+00 -5.846842e+00
-2.459034e+00 1.568534e+00 3.633395e+00 5.420071e+00 6.990050e+00 -9.353459e-01 -4.775057e-01 1.094114e+01 6.901149e+00 8.587764e+00 2.704998e+00 -1.131014e+01
-4.200233e+00 2.210148e+00 3.396908e+00 7.738370e+00 1.643023e+01 5.853398e+00 7.295637e+00 1.462134e+01 1.020966e+01 1.585640e+00 -6.792860e+00 -8.042308e+00
-4.788973e+00 1.052995e+00 2.423771e+00 1.004323e+01 1.173003e+01 5.226262e-01 -3.305224e+00 5.727844e+00 5.674686e+00 1.158699e+01 7.758864e+00 -8.133735e+00
-5.603980e+00 -4.250183e+00 -1.522796e+00 1.708951e+00 8.532866e+00 -6.032596e+00 -7.666122e+00 7.566857e+00 9.478762e+00 5.853204e+00 1.018598e-01 -5.940510e+00
-4.898069e+00 2.005649e+00 4.297625e+00 8.871553e+00 1.307945e+01 4.562932e-01 -2.194898e+00 4.170731e+00 3.498388e+00 -3.163812e+00 -5.682550e+00 -9.445304e+00
-6.265759e+00 -1.735240e+00 1.901165e+00 3.826991e+00 1.359968e+01 3.226418e+00 -1.548447e+00 6.853433e+00 2.284345e+00 8.168842e-01 -6.515737e+00 -1.021407e+01
-4.440712e+00 4.303409e+00 2.126276e+00 6.699619e+00 1.247812e+01 2.799463e+00 7.779911e-01 4.099298e+00 2.181333e-01 -2.816818e+00 -4.066978e+00 -6.869272e+00
-5.722886e+00 -1.891428e+00 4.910503e-01 9.553429e+00 1.549569e+01 1.568419e+00 -1.868144e+00 7.079929e+00 6.818466e-01 -3.593303e+00 -5.374968e+00 -8.389132e+00
-1.055242e+01 3.336852e-01 -1.618825e+00 3.677529e+00 1.089072e+01 -2.377214e+00 -5.746744e+00 2.547787e+00 -3.403284e+00 1.024715e-01 -4.090204e-01 -2.526729e-01
-9.344600e+00 8.531983e-01 -2.982254e-01 2.746748e+00 7.065566e+00 3.972304e-01 -4.950999e+00 7.531045e+00 2.875565e+00 -1.650092e+00 6.100659e-01 -4.424155e+00
-9.469903e+00 -1.023114e+00 7.947348e-01 3.132799e+00 1.000540e+01 2.721947e+00 -4.339086e+00 2.545843e+00 -9.419525e-02 -1.690635e+00 3.231907e-02 4.669288e+00
-6.816552e+00 5.128160e-01 -1.436079e-01 -1.620693e+00 1.338008e+01 5.267179e+00 -2.000888e+00 -6.831068e+00 -6.113182e+00 -1.903027e+00 2.665089e+00 2.324121e+00
-6.048132e+00 2.418299e+00 -9.386407e-01 6.874036e-01 1.000920e+01 2.393191e+00 -7.257216e+00 -3.004295e+00 -2.254135e+00 5.616541e-01 3.529258e-01 -3.196418e-01
-8.610063e+00 1.325753e+00 -5.309402e-01 -1.466994e-01 1.111389e+01 6.504539e+00 -6.311123e+00 -5.913521e+00 -4.191279e+00 1.142149e+00 -1.474164e-01 -4.507039e+00
-8.883014e+00 9.103739e-01 -8.597898e-02 4.129061e-01 1.327049e+01 1.673135e+00 -7.205638e+00 -3.628979e+00 -5.315607e+00 -3.821231e+00 7.929540e-01 1.138870e+00
-1.018260e+01 -1.328204e+00 -6.423677e-01 -4.492953e+00 6.906842e+00 2.770148e+00 -1.174735e+01 -7.096432e+00 -5.346620e+00 -5.491367e+00 9.711947e-01 -3.977951e+00
-1.002601e+01 -2.299190e-01 -2.195537e-01 -2.482317e-01 1.115079e+01 4.698867e-01 -1.107239e+01 -9.678809e+00 -8.667324e+00 -4.477642e+00 8.355808e-02 1.880103e+00
-8.598866e+00 2.151551e+00 1.775114e+00 3.626175e+00 1.117240e+01 5.559942e+00 -8.841626e+00 -7.268435e+00 -1.757441e+00 -3.645926e+00 -1.828155e+00 1.373678e+00
-1.060600e+01 5.540087e-01 -5.481000e-01 1.305942e+00 1.043002e+01 4.458244e+00 -5.103897e+00 -1.788790e+00 1.141546e+00 -8.721825e-01 -7.828896e-01 -5.000323e+00
-1.238744e+01 -9.565806e-02 7.449166e-01 -2.106069e+00 5.107595e+00 -3.943706e-02 -5.142842e+00 -1.442858e+00 -2.184402e+00 -1.525589e+00 2.946688e+00 -5.922317e-01
-1.200311e+01 -3.756394e-01 1.262258e+00 3.653696e+00 1.119333e+01 7.480181e-01 -9.595504e+00 9.343668e-01 -2.126497e+00 7.567062e-01 2.669764e+00 3.493198e+00
-1.166345e+01 6.641858e-01 -2.427940e-01 -1.114046e+00 1.033432e+01 3.586257e+00 -5.241949e+00 4.350312e-01 -1.782000e+00 4.068899e+00 7.569816e+00 6.353329e+00
-1.006832e+01 3.590620e+00 5.100374e+00 7.506583e+00 1.520442e+01 1.647728e+00 -7.335711e-01 2.181157e+00 2.557558e+00 2.021172e+00 3.835576e+00 3.329695e+00
-1.063315e+01 1.626467e+00 8.663495e-01 3.642106e+00 1.269243e+01 5.071118e-01 -3.989077e-01 -3.681791e-01 9.927754e-01 3.722154e+00 2.672601e+00 2.112076e+00
-1.212108e+01 -5.379343e-02 -7.187498e-02 6.176521e-01 1.116279e+01 9.668843e-01 -6.199046e+00 1.370334e+00 1.593152e+00 4.415054e+00 8.347208e+00 2.026854e+00
-1.259277e+01 -1.000278e+00 -5.652192e-01 -9.720869e-01 8.511559e+00 2.183810e+00 -6.875209e+00 -3.474681e-01 6.580092e+00 1.319432e+00 2.039630e+00 1.296659e+00
-1.409759e+01 -4.546029e+00 1.784011e+00 2.029629e+00 7.246288e+00 3.238085e+00 -7.985649e+00 -1.878911e+00 6.521295e+00 6.426857e+00 7.198081e+00 4.934407e+00
-1.505170e+01 -3.498659e+00 4.567145e-01 1.862143e+00 1.142429e+01 4.968484e+00 -9.125596e-01 6.250321e-01 1.814012e+00 3.785291e+00 8.630981e+00 8.009187e+00
-1.214429e+01 -1.292240e+00 1.187530e+00 -4.173941e-01 8.848158e+00 4.708296e+00 -2.269423e+00 4.378666e+00 -5.351189e-01 1.589268e+00 1.109018e+01 8.125626e+00
-1.172816e+01 2.140461e+00 -3.266938e-01 -3.742938e+00 4.574325e+00 4.621010e+00 -2.652825e+00 2.406499e+00 3.039930e+00 3.831053e+00 7.717001e+00 2.802095e+00
-1.291893e+01 9.205291e-01 3.612051e+00 2.270890e+00 1.041694e+01 -8.176057e-01 -4.105083e+00 4.779057e+00 3.595447e+00 3.230308e+00 7.931715e+00 3.225652e+00
-1.348557e+01 6.193678e-01 9.498246e-01 1.981055e+00 8.701145e+00 1.033303e+00 -3.207229e+00 3.318049e+00 4.292832e+00 5.399746e+00 9.842861e+00 7.257887e+00
-1.248944e+01 -9.457288e-01 8.833694e-01 1.543411e+00 1.061839e+01 6.737863e+00 -1.646038e+00 5.002117e+00 4.983090e+00 2.021928e+00 4.961659e+00 1.050627e+01
-6.862372e+00 -1.533460e+00 -1.107043e+00 4.174510e+00 8.907167e+00 -2.683239e+00 -1.235336e+01 2.881342e+00 1.635377e+00 -1.073685e+00 -3.763133e+00 -4.300047e+00
-7.267758e+00 1.755716e+00 2.316260e+00 6.338913e+00 1.164954e+01 3.623711e+00 -4.135359e+00 4.824452e+00 3.891499e+00 -2.520616e-02 -5.344765e+00 -8.957142e+00
-7.451961e+00 1.472011e+00 2.419333e+00 7.979447e+00 1.538483e+01 3.573495e+00 -4.707227e+00 3.618250e+00 3.302665e+00 -5.855122e+00 -8.956532e+00 -1.015176e+01
-7.168684e+00 1.881595e+00 1.912179e+00 4.914306e+00 9.193731e+00 3.581061e+00 -4.740422e+00 8.539654e+00 8.015059e+00 1.376408e+00 -8.114880e+00 -6.487024e+00
-6.003799e+00 -3.234274e-01 1.271496e+00 6.739626e+00 1.288216e+01 2.247537e+00 -1.899923e+00 1.292816e+01 1.159450e+01 1.060353e+00 -3.432810e+00 -6.125916e+00
-6.655793e+00 6.830411e-01 -1.963127e+00 2.588879e+00 1.311436e+01 8.653029e-01 -2.118167e+00 4.777499e+00 3.060628e+00 -4.207667e+00 -5.643855e+00 -4.294722e+00
-5.387836e+00 3.363439e+00 1.535998e+00 4.607553e+00 1.520125e+01 3.022279e+00 1.302468e+00 5.556878e+00 3.682049e+00 -2.651225e+00 -1.111451e+01 -8.080332e+00
-6.406715e+00 3.553652e+00 2.842147e+00 6.152535e+00 1.257074e+01 4.337489e+00 -1.905448e-01 6.562177e+00 6.324399e+00 -2.974323e+00 -5.415684e+00 -7.442297e+00
-6.631443e+00 3.199137e+00 5.528305e+00 4.084123e+00 7.084943e+00 -7.029862e-01 -1.703574e+00 4.456575e+00 7.012724e+00 5.012470e+00 9.133897e-01 -4.512449e+00
-7.685809e+00 1.313116e+00 2.917637e+00 3.383942e+00 1.161442e+01 1.657949e+00 2.075275e+00 1.084869e+01 3.360185e+00 -1.552766e+00 3.106825e-01 -3.278052e+00
-5.758490e+00 2.179323e+00 6.213136e+00 7.684422e+00 1.128984e+01 3.260091e+00 8.585174e-01 6.149360e+00 3.930399e+00 8.010801e-01 -7.802070e+00 -6.212939e+00
-5.485365e+00 3.086133e+00 3.196056e+00 4.324239e+00 7.716603e+00 9.165869e-01 4.805935e+00 8.072984e+00 2.345569e+00 -3.064589e+00 -5.849982e+00 -7.988721e+00
-3.539600e+00 4.518047e+00 4.678072e+00 7.271929e+00 9.942480e+00 -4.741766e-01 -1.264055e+00 4.314420e+00 1.247629e+00 -2.955134e+00 -4.076390e+00 -6.961099e+00
-4.758398e+00 2.613964e+00 5.244985e+00 8.347693e+00 1.387420e+01 3.181980e+00 -4.276917e+00 8.695706e+00 9.897365e+00 -5.832502e-01 -3.856756e+00 -5.745142e+00
-4.741387e+00 -1.078760e+00 9.648007e-02 6.653202e+00 1.059338e+01 1.074136e+00 1.407709e-01 5.855750e+00 2.665316e+00 -3.859798e+00 -7.429910e+00 -5.444726e+00
