7.858762e+00 -1.676235e+01 1.195394e+01 -1.615644e+01 -1.384004e+01 -4.124472e+00 3.825761e+00 7.267561e+00 -5.364115e+00 -2.179648e+00 -4.594235e+00 -7.628987e+00
1.149504e+01 -1.395636e+01 4.810971e+00 -1.158333e+01 -1.208679e+01 -1.789646e+00 3.650100e+00 3.996641e+00 -5.202719e+00 -2.951602e+00 -4.732306e+00 -3.613238e+00
1.042801e+01 -7.359265e+00 9.550884e+00 -1.121638e+01 -1.540990e+01 1.659314e+00 -4.878650e+00 6.737419e-01 -6.650563e+00 5.997649e+00 -5.736842e+00 -6.406913e+00
1.109416e+01 -6.679033e+00 7.341682e+00 -1.174554e+01 -1.446463e+01 3.180265e-01 -4.585169e+00 1.338328e+00 -8.053540e+00 7.188927e+00 -9.204865e+00 -5.972325e+00
1.144596e+01 -9.654828e+00 3.776928e+00 -1.084013e+01 -1.432335e+01 -4.395391e+00 -8.931594e-01 5.216223e+00 -5.522482e+00 -4.603149e+00 -6.001746e+00 -9.540983e+00
1.140429e+01 -1.340255e+01 3.957637e+00 -8.857833e+00 -1.423931e+01 -2.611725e+00 6.319586e+00 6.840878e+00 -5.039437e+00 -1.791955e+00 -7.609879e+00 -7.201895e-01
1.102521e+01 -4.515893e+00 4.384718e+00 -1.306269e+01 -1.180848e+01 -1.027267e+00 -6.687113e+00 4.747962e+00 -7.613564e+00 3.672323e+00 -8.347678e+00 -9.272065e+00
1.194664e+01 -2.859244e+00 4.907427e+00 -1.081771e+01 -1.609040e+01 2.725157e+00 -5.571479e+00 -1.640957e+00 -9.432927e+00 1.109759e+01 -6.471619e+00 -6.736041e+00
1.125900e+01 -5.277223e+00 3.000527e+00 -1.063550e+01 -1.385039e+01 -1.679163e+00 -5.475002e+00 1.599132e+00 -4.930517e+00 1.711710e+00 -1.022808e+01 -6.505516e+00
-6.787896e+00 4.112221e+00 -2.922160e+00 -1.121987e+01 2.061424e+00 -1.204631e+01 5.979279e+00 2.333953e+00 -5.740218e+00 2.287581e+00 2.805297e+00 5.035724e+00
-3.815423e+00 -3.638457e+00 -1.112292e+01 -1.110652e+01 2.065723e+00 -1.091162e+01 7.640073e+00 -1.398987e+00 3.396548e+00 7.098105e+00 4.437390e+00 8.001765e+00
1.168406e+01 -5.867568e+00 2.340265e+00 -9.715294e+00 -1.312935e+01 -1.669688e+00 -3.679041e+00 1.861528e+00 -3.890673e+00 -8.438634e-01 -9.046079e+00 -6.076940e+00
1.282749e+01 -1.773739e+00 4.774520e+00 -9.810443e+00 -1.508428e+01 5.173910e+00 -7.962071e+00 -2.557403e+00 -6.426114e+00 1.168579e+01 -3.839292e+00 -5.776919e+00
-1.148067e+01 -2.578515e+00 4.583498e+00 -8.827021e+00 4.294577e+00 -4.475110e+00 4.534871e+00 2.465329e+00 -4.756441e+00 7.531598e+00 2.242522e+00 1.423026e+00
1.184839e+01 1.837648e+00 8.040947e+00 -9.217671e+00 -1.801475e+01 6.489543e+00 -7.514055e+00 -1.323731e+00 -1.174962e+01 1.036374e+01 1.083309e+00 1.086169e+00
1.201002e+01 2.479998e+00 9.519421e+00 -7.829090e+00 -1.988168e+01 3.449822e+00 -3.514121e+00 -8.667655e+00 -7.770785e+00 7.431790e+00 -1.597826e+00 6.560006e+00
1.353147e+01 -6.432652e-01 5.291068e+00 -9.133984e+00 -1.585229e+01 4.944005e+00 -7.972227e+00 -4.286621e+00 -6.321440e+00 9.694576e+00 -3.608613e-01 -4.461488e+00
1.058823e+01 5.772934e+00 1.259676e+01 -9.630062e+00 -1.928495e+01 3.816522e+00 -3.921455e+00 -9.814737e+00 -7.519203e+00 4.293194e+00 1.018840e+00 8.493126e+00
-1.013241e+01 -7.326656e+00 6.369414e-01 -5.297088e+00 6.391255e+00 -5.332965e+00 4.977626e+00 1.131964e+01 -1.736094e+00 9.823622e+00 7.147794e+00 4.009599e+00
1.100864e+01 5.434208e+00 1.256620e+01 -6.658366e+00 -1.878811e+01 8.336984e+00 -9.202229e+00 -1.303040e+01 -7.272389e+00 7.299500e+00 1.822666e+00 3.859158e+00
1.104915e+01 6.047006e+00 1.339442e+01 -6.185475e+00 -1.718892e+01 7.101190e+00 -8.932884e+00 -1.433670e+01 -6.100319e+00 6.441782e+00 2.302869e+00 2.586463e+00
1.062808e+01 4.519130e+00 1.395957e+01 -3.891103e+00 -1.347443e+01 4.595914e+00 -1.340214e+01 -1.172024e+01 -2.809006e+00 5.442281e+00 -1.104936e+00 1.765724e+00
8.542356e+00 -1.072465e+01 2.526532e+00 -7.351968e+00 -1.418787e+01 -5.076323e+00 4.083658e+00 1.437358e-01 -8.392788e+00 -2.230026e+00 -1.169133e+01 1.638335e-02
8.411791e+00 2.494645e+00 1.824759e+01 -3.868965e+00 -1.733288e+01 3.678690e+00 -8.503395e+00 -1.557414e+01 -2.610090e+00 9.893506e-01 -2.880348e+00 2.049015e+00
1.077309e+01 2.940708e+00 1.348408e+01 7.035968e-01 -1.859093e+01 3.270236e+00 -9.772323e+00 -1.397338e+01 -2.247163e+00 2.292233e+00 -1.606674e+00 1.745266e+00
-5.840791e+00 -8.729722e+00 -5.934909e+00 -8.349681e+00 5.683046e+00 -6.392263e+00 -3.274957e+00 4.354662e+00 -4.877196e+00 1.080885e+00 3.955474e+00 3.854623e+00
-4.807220e+00 -8.533984e+00 -6.418608e+00 -1.037134e+01 7.152763e+00 4.647528e-01 2.053631e+00 2.483024e+00 -1.049239e+00 1.033403e+01 1.311684e+01 3.063384e+00
7.421999e+00 4.301958e+00 1.588492e+01 -4.728516e-01 -1.550171e+01 -1.577611e+00 -7.346513e+00 -1.984579e+01 -3.007590e+00 -8.115496e-01 -2.936326e+00 6.186992e-01
-3.819335e+00 -7.601827e+00 -9.291158e-01 -6.782375e+00 4.493401e+00 -5.203389e+00 2.820318e+00 1.276638e+01 6.984691e+00 8.700874e+00 9.254067e+00 1.468112e+00
-2.291217e+00 -7.805277e+00 -2.947026e+00 -9.980279e+00 1.833369e+00 9.635697e-01 2.747390e+00 4.305397e+00 1.220889e+00 -1.501948e+00 2.769640e+00 3.226054e+00
-1.483532e+00 -7.180993e+00 -2.508847e+00 -8.024899e+00 6.680973e+00 2.663673e+00 2.040458e+00 3.496913e+00 -2.844229e+00 -4.974394e+00 1.634762e+00 6.174236e+00
-1.497313e+01 4.457500e+00 -2.911078e+00 1.083209e+01 2.814762e+00 -2.263159e-01 -3.263223e+00 2.785031e+00 4.546190e+00 -2.137572e+00 -3.239615e+00 1.043323e+00
5.474709e+00 9.457197e+00 1.140767e+01 -1.163189e+00 -1.194949e+01 -1.014054e+01 -1.581393e+00 -2.008644e+01 -7.195230e+00 -1.086841e+00 -2.664145e+00 -5.409713e+00
-1.639740e+00 -1.017575e+01 -3.412265e+00 -7.381358e+00 6.284138e+00 -5.940751e+00 2.572854e+00 -2.576826e+00 1.105160e+00 9.103998e-01 5.079426e-01 2.771749e+00
5.032082e-01 -5.456316e+00 -5.802364e-01 -5.025388e+00 4.693654e+00 -2.836611e+00 -1.275366e+00 2.939116e+00 -2.669088e+00 -8.728202e+00 4.097291e+00 3.692458e+00
-1.205235e+01 4.939477e+00 -4.843913e+00 8.226591e+00 4.052217e+00 3.236906e+00 1.092523e+00 6.067381e+00 6.393815e+00 1.738976e+00 1.654623e+00 4.231767e+00
-4.742488e+00 -2.847391e+00 4.894154e+00 1.109919e+00 -5.075459e-01 4.310658e+00 7.250814e+00 6.282264e+00 -9.420020e+00 3.032454e+00 -9.503725e+00 -2.204974e+00
-8.753062e+00 -4.028316e+00 4.499613e+00 3.208679e+00 -1.446877e+00 3.532140e+00 1.321080e+01 1.039381e+01 -4.681913e+00 9.318348e+00 -9.067346e-01 1.859223e+00
6.490815e+00 7.467319e+00 1.064707e+01 4.299970e+00 -1.438970e+01 -4.424970e+00 -7.993739e-01 -1.751858e+01 -7.008331e+00 3.702984e+00 -2.385284e+00 -6.184524e+00
2.093026e+00 -5.731003e+00 -3.264224e+00 -6.372612e+00 -1.751722e+00 -3.945812e+00 -4.068595e+00 6.930670e+00 -3.231440e+00 -1.083480e+01 6.956177e-01 2.000556e-01
2.169646e+00 -4.551166e+00 -5.153721e+00 -2.454389e+00 -4.370603e+00 -2.151765e+00 -3.115090e+00 1.122651e+01 3.824856e+00 -1.480746e+01 6.204941e-01 2.726190e+00
-7.622350e+00 -2.687084e+00 4.516263e+00 7.236168e+00 5.880636e+00 3.603430e+00 1.555004e+00 1.020248e+01 4.327327e+00 1.047332e+01 8.681295e-01 1.292572e+00
1.503187e+00 -3.682420e+00 -5.544759e+00 -3.672451e+00 -1.646276e+00 1.049176e-01 -6.929975e+00 1.006935e+00 2.741362e+00 -1.007810e+01 2.318921e+00 2.476911e+00
1.391172e+00 4.880833e+00 -7.641064e+00 -1.541598e+00 -3.043233e+00 -3.696075e+00 -3.025134e+00 -1.404127e+00 -1.800213e+00 -3.054296e+00 -4.207552e+00 4.279011e-01
-7.040576e+00 3.654730e+00 -5.708889e+00 5.239110e+00 3.359777e+00 1.953923e+00 3.628514e+00 6.771028e+00 7.614738e+00 5.180396e+00 1.581851e+00 4.386158e+00
3.947248e+00 -2.773340e-01 -3.273310e+00 4.054324e-01 -1.690526e+00 -4.003837e+00 -5.759973e+00 8.792152e+00 7.924471e+00 -1.122424e+01 1.736747e+00 4.537895e+00
-1.628841e+00 1.158594e+00 -4.065041e+00 6.748982e+00 4.503835e+00 -2.745441e+00 -3.064141e+00 -5.031239e-01 5.913418e+00 -3.509318e+00 4.668841e+00 -4.199722e+00
-1.488208e+00 5.392859e+00 -6.679519e+00 2.578611e+00 1.978030e-01 -1.597799e+00 -3.285266e+00 -6.970501e+00 -2.293397e+00 -6.906975e+00 1.781162e-01 2.541416e+00
-5.813007e-01 -4.531257e+00 -2.021304e+00 -5.117359e-01 1.597042e+00 -3.612860e+00 -1.633412e+00 -3.849572e+00 -4.292341e+00 -1.679177e+00 3.414346e+00 -6.996449e+00
3.088424e+00 1.017712e+01 3.745134e+00 5.217186e+00 7.110095e+00 -4.363125e+00 -6.370893e+00 -6.752792e+00 -2.084892e+00 -3.719191e+00 -2.224272e+00 -3.911424e+00
-1.403198e-01 -9.206727e-01 -5.709713e+00 1.033020e+00 4.350065e+00 -8.193600e+00 -6.034943e+00 -6.528062e-01 -2.445754e+00 -5.596841e+00 1.335207e+00 -7.341143e+00
3.323736e-01 3.031889e+00 -3.767195e+00 4.675418e+00 7.584662e-01 -8.086365e+00 -4.590923e+00 -3.912334e-01 2.732568e+00 -6.029240e+00 1.149347e+00 -2.395267e+00
-9.166079e-01 -2.429052e+00 -1.190145e-01 3.689574e+00 1.086808e+00 -6.801158e+00 -5.422479e+00 -7.465158e+00 -3.844068e+00 5.559060e+00 7.971745e+00 1.074275e-01
-6.877660e+00 -5.900837e-01 -2.916131e-01 5.801112e+00 7.064822e+00 3.546348e+00 1.579668e+00 4.165023e+00 7.288011e+00 4.847444e+00 4.912694e+00 4.652214e+00
-4.375752e+00 2.196706e+00 -8.661146e-01 4.480697e+00 5.488876e+00 3.152233e+00 -3.636124e-01 5.800070e+00 2.080916e+00 1.796020e-01 6.786779e+00 3.733047e+00
-2.216249e+00 4.324868e+00 -2.507515e+00 9.326395e+00 6.158295e+00 5.324882e+00 3.062675e+00 6.816573e-01 2.807162e-01 -2.021325e+00 4.441934e+00 8.498803e+00
-1.412693e+00 5.821941e+00 9.764199e-01 7.466726e+00 9.170929e+00 -3.344802e+00 -1.052686e+00 -4.383147e-01 -1.302204e+00 -5.105510e+00 -7.008066e+00 -2.134121e+00
-6.511888e+00 7.619811e-01 -5.471452e+00 2.499993e+00 7.093560e+00 6.003235e+00 4.812035e+00 9.993383e+00 4.648802e-01 -5.507690e+00 -3.358859e+00 -3.020369e+00
3.705961e+00 9.913212e+00 2.296478e+00 9.186664e+00 7.206724e+00 -5.750542e+00 -8.827047e+00 -4.006005e+00 7.145953e-01 -6.335013e+00 -3.629156e+00 -5.545710e-01
-5.531072e+00 -2.634905e+00 2.991445e-01 3.248333e+00 5.345002e+00 3.547159e+00 5.898320e+00 4.515816e+00 2.704905e+00 -1.377709e+00 -1.328648e+00 -4.416374e-01
-5.383719e+00 1.727620e+00 -2.607504e+00 5.195631e+00 7.396439e+00 2.458068e+00 4.610236e+00 5.762997e-01 2.128335e+00 -3.857142e+00 -9.047776e-01 -1.931748e+00
-5.064364e+00 2.370865e+00 -2.226362e+00 6.080286e+00 1.235995e+01 3.981817e+00 8.625737e+00 2.568130e+00 -2.752078e+00 2.832559e-01 2.643709e+00 -5.528444e-01
3.272946e+00 2.541566e+00 -5.202550e+00 -1.710001e+00 1.074047e+00 -9.394705e-01 1.808938e+00 6.148725e+00 3.245197e+00 -1.421971e+01 -5.487662e+00 -1.454049e+00
1.338902e-01 1.287741e+00 -4.038239e+00 2.716938e+00 -1.302771e+00 -8.577947e+00 -4.218473e-01 -5.821538e+00 -2.552811e+00 -2.826302e+00 -1.855664e+00 3.873545e+00
-3.113153e+00 3.688837e+00 -1.542577e+00 3.689807e+00 3.043491e+00 -1.275498e+00 -4.808578e+00 -2.497632e+00 4.900778e+00 -1.052208e+00 -9.317118e-01 7.179631e-01
-3.235969e+00 1.141167e+00 -1.519400e+00 4.403927e+00 4.726589e+00 3.685181e+00 4.691143e+00 7.275050e+00 2.942920e+00 7.194201e-01 4.963956e+00 8.718001e-01
-1.863155e-01 1.904894e+00 -2.812442e+00 1.266364e+00 -9.927893e-01 -5.735312e+00 -1.631922e+00 -4.601363e+00 2.779024e+00 2.737997e+00 5.700939e+00 5.931618e+00
-5.134268e-01 4.349316e+00 -2.408897e+00 4.252017e+00 4.570091e+00 9.257108e-01 -2.620197e+00 -3.138865e+00 1.919328e+00 -3.666141e+00 -9.280101e-01 -9.564861e-01
-3.722680e+00 2.658771e+00 -3.889341e+00 4.313399e+00 5.183717e+00 4.450070e-01 -2.568730e+00 -5.210708e+00 2.043715e+00 3.134442e+00 5.529565e+00 3.904251e+00
-3.508970e+00 1.221106e+00 -1.676175e+00 5.123525e+00 9.843203e+00 5.272251e+00 -8.488948e-01 -2.345121e+00 1.291331e+00 -1.587485e+00 1.081919e+00 -4.584754e-01
1.012843e+00 1.751635e-01 -4.815307e+00 2.833735e+00 -8.569288e-01 -9.703412e+00 -4.831891e-01 3.296483e-02 2.899798e+00 -4.153920e+00 -1.118135e-01 2.170113e+00
-4.972426e+00 5.046511e-01 -3.046297e+00 3.990704e+00 7.037892e+00 1.061496e+00 -2.926043e-01 -2.352197e+00 -4.553584e+00 -5.953878e+00 6.324189e+00 5.914772e+00
-5.840684e+00 -3.558018e-01 -1.937316e+00 3.977757e+00 8.040371e+00 6.095302e+00 7.688359e+00 8.793995e+00 9.051074e+00 1.409341e+00 -1.377337e+00 -2.488384e+00
3.052133e+00 3.768431e+00 -3.380074e+00 -9.147811e-02 5.499406e+00 -1.117748e+00 -4.468790e+00 3.106883e-01 4.490971e+00 -6.201264e+00 -4.040093e+00 -2.093761e+00
-2.372985e+00 1.017709e+00 -5.140264e+00 -4.844337e-01 1.898144e+00 -1.977750e+00 2.080473e+00 -4.143554e-01 -1.128110e+00 -1.167971e+00 1.005680e+00 4.358570e+00
-3.440257e+00 1.856901e+00 -3.008919e+00 4.914486e+00 4.361569e+00 9.887085e-01 2.569644e+00 -5.808262e-01 3.937482e+00 -3.794068e+00 -1.837728e+00 8.133507e-02
-3.905637e+00 2.169152e+00 -2.743655e+00 2.752507e+00 4.790338e+00 1.172306e+00 8.457911e+00 2.432407e+00 6.336073e+00 2.120440e+00 3.333990e+00 -1.544448e+00
-1.367024e+00 -1.326632e+00 -4.768365e+00 6.557225e-01 3.468262e+00 -4.087608e+00 -3.273021e-01 -1.735969e+00 9.104910e-01 6.778071e-01 4.669710e-01 3.518456e+00
-1.478674e+00 8.231527e-01 -3.149508e+00 6.861136e+00 3.517712e+00 -5.387854e+00 -5.566100e+00 -3.344820e+00 4.005375e+00 5.102414e+00 6.214981e+00 2.084499e+00
-2.695007e+00 1.806122e+00 -2.650919e+00 5.483391e+00 6.973668e+00 3.722391e+00 1.180548e+00 3.028119e+00 6.821816e+00 3.805199e-01 4.724661e+00 3.812471e+00
-4.036181e+00 1.699606e-01 -4.116421e+00 4.671843e+00 3.375444e+00 6.438530e+00 9.911513e+00 5.061959e+00 6.680192e+00 -3.090612e+00 5.814261e-01 -4.021013e+00
-4.193227e+00 1.170904e+00 -5.327151e-01 5.684915e+00 8.025150e+00 2.456572e+00 1.553956e-01 -6.973976e-01 4.339933e+00 3.430130e+00 3.373512e-01 -2.187344e-01
-1.065971e+00 3.529198e+00 -2.576753e+00 2.917542e+00 4.092841e+00 -9.163367e-01 6.190062e-01 -5.967064e-01 4.669469e+00 -2.531310e+00 -1.964939e+00 -1.386895e+00
-2.048329e+00 4.412002e+00 -4.176414e+00 3.355145e+00 7.123136e+00 5.152771e+00 2.332689e+00 1.843997e+00 1.048474e+01 2.193141e+00 -2.308846e+00 2.938864e+00
-5.281556e+00 -2.419848e-01 -5.877491e+00 2.500883e+00 4.734219e+00 1.771694e+00 3.518066e+00 -4.449305e+00 2.779096e+00 -9.095412e-01 3.674108e+00 -2.944774e+00
-3.789111e+00 3.258991e+00 -1.102444e+00 2.884123e+00 4.547507e+00 6.564796e+00 2.143166e+00 -1.510159e+00 8.724174e-01 3.656890e+00 6.133960e+00 1.151478e+00
-3.022667e+00 1.915753e+00 -4.675365e+00 4.285095e+00 4.964397e+00 5.806242e+00 3.578551e+00 -5.042599e-01 -2.409189e+00 -4.963873e+00 1.779010e+00 9.121620e-01
-3.573474e+00 1.441047e+00 -3.165006e+00 5.513519e+00 7.707119e+00 3.797948e+00 3.642180e+00 -1.892865e+00 5.232400e+00 3.912826e-01 -2.664052e+00 -2.618395e+00
-1.669141e+00 2.099055e+00 -1.925693e+00 3.077246e+00 1.881033e+00 -2.893029e+00 2.545498e+00 7.463059e+00 8.243824e+00 2.213278e+00 9.798571e-01 1.431907e+00
2.099933e+00 7.365405e+00 2.826659e+00 7.452130e+00 8.443068e+00 -1.508753e+00 -3.147475e+00 -2.831468e+00 1.283846e+00 -9.102837e+00 -8.815037e+00 -2.826730e+00
-2.915867e+00 1.515117e+00 -2.227751e+00 4.041652e+00 7.513025e+00 3.301290e+00 -4.820704e-01 -1.155361e+00 3.241110e-01 -2.494040e-01 -1.148727e+00 -1.009211e+00
-1.846442e+00 4.006163e+00 -3.668916e-01 3.813829e+00 2.439100e+00 -4.980668e-01 4.084268e-01 -2.291567e+00 4.702258e-02 -2.824168e+00 1.665735e+00 -9.053844e-01
-2.675558e+00 2.355731e+00 -6.150382e-01 6.633851e+00 8.554090e+00 3.404008e+00 6.372967e+00 1.479614e+00 -1.122108e+00 -1.246591e+00 7.372492e-01 4.370344e+00
-3.918454e+00 -4.967245e-01 -5.545027e+00 4.069229e+00 7.244763e+00 5.536063e+00 2.425925e+00 1.280661e+00 5.194736e+00 -2.292877e-02 1.314823e+00 -1.671559e-02
-5.529855e+00 -7.229684e-01 -2.881724e+00 1.338553e+00 4.143084e+00 4.451436e-01 2.154648e+00 -5.239064e+00 5.121095e+00 1.384907e+00 2.062081e+00 -6.170864e+00
-3.289299e+00 2.067403e+00 -4.149573e+00 4.556602e+00 5.198760e+00 -5.370631e-01 6.395031e-01 -5.230142e+00 6.070991e+00 1.917958e+00 -2.795362e+00 -4.193710e+00
-4.357511e+00 9.104587e-01 -2.901822e+00 7.345855e+00 7.394528e+00 -1.165395e+00 4.368629e+00 3.742188e+00 4.820770e+00 -3.488753e+00 -1.542475e+00 -6.060220e+00
-3.640649e+00 2.192964e+00 -3.200942e+00 3.921207e+00 5.238867e+00 2.399903e+00 5.131688e+00 6.955473e+00 2.153548e+00 1.174280e+00 4.508232e+00 2.853806e+00
-3.109012e+00 2.208095e+00 -1.253487e+00 6.626307e+00 7.289367e+00 -2.435087e+00 -3.170890e+00 3.588924e-01 4.006407e+00 -1.578541e-01 -1.497253e-01 -1.355931e+00
-4.014192e+00 2.238237e+00 4.355588e-01 4.581605e+00 5.372018e+00 6.038146e+00 3.481075e+00 9.227698e-01 5.618533e+00 -1.383510e+00 2.534770e+00 1.151694e+00
-4.041652e+00 1.423262e+00 -4.806475e+00 5.256499e+00 5.791984e+00 1.648197e+00 5.891500e+00 3.964722e+00 3.014316e+00 1.695572e+00 1.547228e+00 -3.601029e+00
-4.638509e+00 1.442769e+00 -1.722872e+00 3.470293e+00 2.840265e+00 4.064521e+00 4.866517e+00 1.974320e+00 2.617469e+00 -4.406433e+00 -3.606791e+00 -2.295945e+00
-3.581235e+00 2.254465e+00 -2.175757e+00 7.424027e+00 5.935873e+00 1.738653e+00 3.839180e+00 8.904692e+00 7.379088e+00 -5.395895e-01 1.646047e+00 1.887064e+00
-4.941363e+00 9.785784e-01 -3.521902e+00 2.338076e+00 5.032667e+00 3.041519e-01 7.582305e+00 6.827459e-01 -2.044843e+00 -4.342055e+00 2.607146e+00 -1.386259e+00
-1.932786e+00 1.980618e+00 -2.343555e+00 4.108211e+00 7.548365e+00 3.931935e+00 5.743630e+00 9.219594e-01 -1.313896e-01 -2.457294e+00 4.906633e-01 2.367457e+00
-1.065830e+00 4.123023e+00 2.364314e-01 4.052348e+00 3.739922e+00 -1.349677e+00 2.782239e+00 -1.599810e+00 -4.477718e-01 -1.871719e+00 -1.085443e+00 -4.301735e+00
-4.611367e+00 -1.090776e+00 -3.271292e+00 7.402328e+00 1.154439e+01 7.705383e+00 3.206850e+00 -1.660098e+00 1.423462e+00 1.670993e+00 4.880830e+00 3.779454e+00
