1.411633e+01 -9.242783e+00 7.391868e-01 -1.312908e+01 -2.312031e+01 1.803581e+01 2.032789e+00 -2.916970e+00 1.017695e+00 -7.771811e+00 -2.461229e+00 8.831324e+00
1.388441e+01 -1.072174e+01 -1.961128e+00 -9.213350e+00 -2.150831e+01 2.361290e+01 -2.672375e+00 -5.195330e+00 -1.618498e+00 -5.409375e+00 -1.592500e+00 1.168313e+01
1.383505e+01 -9.369181e+00 -1.186852e+00 -1.063750e+01 -2.263336e+01 2.087496e+01 1.605959e-01 -3.820396e+00 -8.092742e-01 -6.182100e+00 -3.628204e+00 1.220631e+01
1.446593e+01 -8.409557e+00 2.899179e+00 -1.263819e+01 -2.734649e+01 1.556844e+01 2.335444e+00 -1.357964e+00 3.583525e+00 -8.154173e+00 -1.545034e+00 8.298735e+00
1.378274e+01 -1.184440e+01 -9.604936e-01 -7.600386e+00 -1.973724e+01 2.224816e+01 -3.893739e+00 -7.444183e+00 7.380869e-01 -3.850623e+00 -1.434213e-01 1.031108e+01
1.461374e+01 -6.702382e+00 5.573817e+00 -1.144791e+01 -3.214562e+01 1.096318e+01 9.815467e-01 4.019404e+00 5.850452e+00 -4.903135e+00 -4.269502e+00 4.918555e+00
1.525780e+01 -8.548965e+00 4.596888e+00 -1.278226e+01 -2.908716e+01 1.449683e+01 1.604594e+00 4.168425e-01 4.029717e+00 -5.204149e+00 -3.495632e+00 7.752335e+00
1.391657e+01 -1.228771e+01 -4.419965e+00 -4.124337e+00 -1.795955e+01 2.184350e+01 -5.146111e+00 -9.050682e+00 1.202607e+00 -9.843612e-01 5.280562e-01 1.073467e+01
1.563071e+01 -7.208750e+00 6.648424e+00 -1.161651e+01 -3.044034e+01 7.479087e+00 1.867308e+00 2.853757e+00 6.428857e+00 -3.706010e+00 -3.888005e+00 4.112093e+00
1.382994e+01 -1.368608e+01 -4.655140e+00 -3.297856e+00 -1.118541e+01 1.652074e+01 -1.145782e+01 -6.634385e+00 1.690413e+00 9.663227e+00 -2.880024e+00 5.715791e+00
1.439370e+01 -1.308419e+01 -4.233399e+00 -6.076659e+00 -1.063114e+01 1.621508e+01 -7.133028e+00 -8.121984e+00 6.512520e-01 4.743246e+00 8.426783e-01 5.719048e+00
1.486063e+01 -5.419612e+00 6.180288e+00 -8.839231e+00 -3.178924e+01 5.609439e+00 -1.546987e-01 3.350133e+00 5.032365e+00 -1.516042e+00 -1.934195e+00 3.127610e+00
1.507186e+01 -3.821113e+00 5.675915e+00 -5.402372e+00 -3.047853e+01 2.504987e+00 -1.054314e+00 1.382519e+00 3.859218e+00 -6.218188e-01 -1.251168e-01 4.820976e+00
1.464496e+01 -1.110103e+01 -7.309048e+00 -2.695404e+00 -4.866986e+00 8.084129e+00 -1.120894e+01 -2.425245e+00 -1.060712e+00 1.144602e+01 -2.423175e+00 1.466422e+00
1.352833e+01 -9.642872e+00 -5.652936e+00 -4.694962e+00 -3.425188e+00 1.298496e+01 -1.845624e+01 -3.174966e+00 5.285404e+00 9.107397e+00 -3.385719e+00 -3.101788e-01
1.472886e+01 -1.456012e+00 5.742611e+00 -4.208368e+00 -2.716302e+01 -2.001259e+00 -7.539816e-01 2.554754e-01 9.841938e-01 -4.150926e-01 4.077489e+00 2.390605e+00
1.268389e+01 -9.209707e+00 -4.754618e+00 -1.710087e+00 -4.147493e+00 8.672484e+00 -1.719795e+01 3.959126e+00 2.447094e+00 4.467189e+00 2.184007e+00 -6.488687e+00
1.570833e+01 -1.598626e+00 6.457326e+00 -1.036499e+00 -2.443773e+01 -6.698658e+00 -3.745198e-01 -3.302302e+00 6.142056e-01 -1.917155e+00 5.250841e+00 3.132583e+00
1.179519e+01 -9.149181e+00 6.590686e-01 -5.222296e+00 -3.138283e+00 9.196586e+00 -2.119226e+01 5.390183e+00 7.803155e+00 3.557593e+00 -2.738465e+00 -4.961353e+00
1.619859e+01 8.861368e-01 4.642161e+00 -1.675863e+00 -1.644964e+01 -1.371985e+01 1.879771e+00 -3.573718e+00 -4.253572e+00 -1.369767e+00 8.208449e+00 -2.357947e-01
-2.208396e+01 7.270774e+00 -3.698714e+00 -6.671529e-01 -2.388357e+00 -5.869150e-03 6.026860e-01 6.791277e+00 8.369356e+00 8.727068e+00 3.313892e+00 5.581677e-02
1.147673e+01 -8.698967e+00 2.841998e+00 -4.187947e+00 -8.424244e+00 1.044594e+01 -1.122236e+01 1.233350e+00 4.084213e+00 3.272988e-01 1.540281e+00 -1.880080e+00
1.448900e+01 8.382785e-01 7.696545e+00 -1.720655e+00 -1.882295e+01 -7.638843e+00 -2.101927e-01 -2.149260e+00 -4.475516e+00 -5.160913e+00 7.593036e+00 1.017892e+00
1.461756e+01 -6.674704e-01 5.984545e+00 -1.778288e+00 -1.593605e+01 -4.586879e+00 2.357833e+00 -2.323462e+00 -5.460588e+00 -8.941357e+00 9.110698e+00 2.585275e+00
1.076186e+01 -7.951437e+00 4.444414e+00 -2.512427e+00 -5.102147e+00 6.714227e+00 -1.121155e+01 2.957510e+00 5.197847e+00 -5.012260e-01 5.900106e-01 -3.730176e+00
1.225822e+01 -4.879701e-01 5.853599e+00 2.507246e+00 -8.998114e+00 -6.146900e+00 -1.184883e-01 -2.941650e+00 -4.882895e+00 -5.408187e+00 8.878814e+00 -3.560671e+00
1.074497e+01 7.241106e-01 1.027809e+01 6.795499e+00 -1.198006e+01 -7.042551e+00 1.024158e+00 2.199736e+00 1.265917e+00 -9.086159e+00 6.162134e+00 -4.107347e+00
3.966307e+00 -1.828956e+00 1.721740e+01 8.821288e+00 2.065475e+00 -1.075583e+01 -1.493604e+00 1.554127e+00 -1.765746e+01 2.825605e+00 4.500587e+00 -1.165222e+01
9.759440e+00 -2.069772e+00 4.849761e+00 9.582157e-01 4.935807e+00 -7.922173e+00 -6.804515e+00 9.015557e+00 -4.999289e+00 -1.146554e+00 3.414130e+00 -1.139023e+01
1.934443e+00 -3.430436e-01 1.838151e+01 1.286778e+01 8.679789e+00 -7.882540e+00 -5.354295e+00 -4.339879e-01 -1.791269e+01 -3.782851e+00 2.438461e+00 -4.760602e+00
8.377994e+00 3.623480e+00 9.618717e+00 4.247655e+00 2.494106e+00 -9.866174e+00 -3.312577e+00 5.151439e+00 -9.341342e+00 -5.227194e-01 -2.425165e+00 -1.237887e+01
6.340868e+00 2.898097e+00 1.214090e+01 6.624599e+00 1.055398e+00 -1.377322e+01 -2.384740e+00 3.329383e+00 -9.816558e+00 2.441397e+00 2.512774e+00 -9.948788e+00
-1.705466e+01 6.029220e+00 -9.839979e+00 -1.791239e+00 5.696610e+00 2.973455e+00 4.167830e+00 2.875010e+00 5.785910e+00 5.189770e+00 -9.317760e-01 2.921492e+00
-1.568032e+01 6.147265e+00 -8.036488e+00 1.010904e+00 6.784149e+00 5.022139e+00 -1.212471e+00 1.131740e-01 3.234155e+00 7.054367e+00 3.347495e+00 -2.307955e-01
1.843540e+00 3.992480e+00 1.198692e+01 1.353068e+01 5.587717e+00 -8.773703e+00 1.569478e+00 4.477228e+00 -9.348646e+00 4.141665e+00 7.249963e-01 -8.754755e+00
5.094769e+00 1.184659e+01 4.947194e+00 6.908388e+00 3.728441e+00 -2.228500e+00 5.839579e+00 1.322872e+00 -4.846704e+00 -3.863993e+00 8.247482e-01 -8.938038e-01
2.287549e+00 4.824997e+00 1.164607e+01 1.024039e+01 1.114740e+01 -5.746122e+00 3.055104e+00 2.898721e+00 -1.004351e+01 -9.832460e-02 4.416956e-01 -5.922642e+00
1.515620e+00 3.844769e+00 8.987758e+00 1.308349e+01 9.570706e+00 -6.636473e+00 8.686371e+00 1.105933e+01 -6.432290e+00 -3.504184e+00 -7.248670e+00 -8.241587e+00
-2.283764e-01 3.436802e+00 9.182083e+00 1.249641e+01 8.319268e+00 -4.609995e+00 3.832760e+00 6.531886e+00 -3.222621e+00 -5.459723e-01 4.890969e-01 -3.603494e+00
-1.016450e+01 -5.246850e+00 -4.926013e+00 -2.486890e+00 5.523032e+00 7.648601e+00 7.722009e-01 2.974839e+00 -8.581209e-01 1.104102e+01 1.101567e+01 1.129924e+00
-1.031418e-01 4.255343e+00 7.878587e+00 1.061067e+01 8.525059e+00 -4.561153e+00 4.010427e-01 2.932657e+00 -3.897897e+00 -3.492609e+00 -9.868544e-01 2.574396e-01
-8.053741e-01 1.958282e+00 2.672314e+00 8.537260e+00 8.494405e+00 -8.703136e+00 -3.164848e+00 -5.021514e+00 -8.086056e+00 -5.427544e+00 -4.046313e+00 -6.977689e+00
-4.545221e-01 3.525140e+00 4.639432e+00 8.990240e+00 7.321043e+00 -5.967879e+00 5.928875e+00 5.121210e+00 -1.910069e+00 2.296895e+00 2.182137e+00 -2.107742e+00
-3.293220e+00 1.038605e+00 2.829655e+00 1.067909e+01 6.160047e+00 -8.968004e+00 2.241047e+00 -3.114481e+00 -8.608277e+00 -5.983972e+00 -1.242552e+01 -9.915239e+00
-1.130589e+00 1.463827e+00 1.762761e+00 6.954592e+00 3.304214e+00 -6.698962e+00 -9.317565e-01 -4.414021e+00 -8.512607e+00 -8.315819e+00 -1.073046e+01 -1.084770e+01
-9.353037e-01 2.879420e+00 3.702747e+00 5.935879e+00 6.526408e+00 -6.235404e+00 7.156317e-01 3.565223e-01 -4.098263e+00 -2.161768e+00 -4.422345e+00 -4.459993e+00
-9.462886e+00 -3.518803e+00 -8.797207e-01 -4.074497e-01 4.490776e+00 6.788144e+00 8.572497e+00 -6.746731e-01 -5.683930e+00 6.053885e+00 9.363520e+00 1.569385e+00
-5.412093e+00 -5.808442e-01 -6.238036e-01 2.872331e+00 4.822567e+00 -8.080626e+00 6.935522e+00 6.629494e+00 2.544803e+00 9.496611e-01 -5.292526e+00 -5.997902e+00
-5.198686e+00 -2.079175e+00 2.282453e-01 6.383613e+00 3.100380e+00 -7.342734e+00 -6.816983e-01 -4.124721e+00 -8.013083e+00 -1.246537e+00 -4.283821e+00 -5.715720e+00
-9.585277e+00 3.045229e+00 -4.815041e+00 1.299018e+00 1.372477e+01 3.456070e+00 4.430911e+00 7.370113e+00 7.003381e+00 4.588176e+00 -3.194624e+00 -3.139889e+00
-9.274499e+00 1.807655e+00 -4.597262e+00 3.746337e+00 1.506540e+01 4.551602e+00 -1.187552e+00 3.206131e+00 6.526758e+00 5.636715e+00 3.340811e+00 4.171447e-01
-5.771214e+00 -6.848989e-01 4.860649e-01 3.380570e+00 1.326660e+00 -6.571035e+00 4.068484e+00 5.078399e+00 1.886544e+00 -1.472415e+00 -4.623478e+00 -9.661656e+00
-6.078445e+00 -3.752261e-01 -1.072742e+00 8.996625e+00 6.305819e+00 -6.611776e+00 -2.325031e+00 -4.953300e+00 -1.669178e+00 -5.584470e+00 -8.238318e+00 -3.824847e+00
-7.353266e+00 1.469996e+00 5.238948e-01 2.618918e+00 9.092755e-01 -1.115964e+01 -1.160225e+00 -5.053994e+00 -2.379768e-01 -1.035154e+00 -2.124288e+00 2.507282e-01
-5.491145e+00 5.201851e+00 -2.873678e-01 1.507633e+00 9.990739e+00 4.060584e+00 2.487413e+00 3.942147e+00 4.128098e+00 -1.157998e+00 6.310892e+00 -1.814062e+00
-5.639423e+00 4.175783e+00 -1.057810e+00 2.989224e+00 1.216820e+01 -2.214710e+00 -2.641564e+00 -1.348374e+00 4.918544e-01 1.587600e+00 -3.921979e+00 2.948189e+00
-4.783029e+00 3.987785e+00 -9.559913e-01 2.548364e+00 5.137023e+00 -3.114993e+00 5.534837e+00 2.002676e+00 -1.695802e+00 -9.742890e-01 -4.869786e+00 4.230978e-01
-3.310416e+00 3.146487e+00 -5.125241e-01 2.485230e+00 8.253498e+00 -6.168199e+00 -5.483122e-01 8.291019e-01 -2.592045e+00 1.079160e-01 -4.045994e+00 -1.088492e+00
-8.349561e+00 7.708963e-01 -1.565969e+00 -1.774975e+00 8.854256e+00 -1.398308e+00 5.421426e+00 4.454732e+00 5.613273e+00 4.303816e+00 8.201120e+00 -4.151099e-01
-5.998865e+00 3.909823e+00 -1.525116e+00 2.351242e+00 8.721730e+00 -1.374175e+00 -2.093839e+00 -2.307744e+00 1.655482e+00 -1.302170e+00 6.277474e-01 -1.209675e+00
-6.622742e+00 8.835201e-01 -1.771524e+00 2.992493e+00 7.761857e+00 -3.504463e+00 -8.891661e-01 1.276208e-01 1.147253e+00 -5.821105e-01 -6.841304e+00 -6.128830e+00
-5.130524e+00 3.801426e+00 -3.064118e+00 7.713332e-01 4.402782e+00 -8.264318e+00 3.003621e-02 -2.061614e-01 -3.570138e+00 -2.874266e+00 -1.336907e+00 -1.294094e+00
-6.169089e+00 2.022551e+00 -3.193460e+00 8.686314e-01 6.882397e+00 -3.514583e+00 8.337086e-01 1.525078e-01 2.713384e+00 -2.852786e-01 -3.521185e+00 -9.051776e-01
-6.958792e+00 -1.034076e-01 -5.166558e+00 1.615483e+00 6.069254e+00 -7.970923e+00 1.697913e+00 2.855265e-02 1.348547e+00 1.594661e+00 1.021479e-01 -1.790407e-01
-7.364679e+00 3.421807e+00 -5.399705e+00 -2.857406e+00 9.357575e+00 5.966964e-01 3.328674e+00 -1.831503e+00 5.881495e+00 -6.983784e-01 2.848706e+00 7.887698e+00
-6.715449e+00 3.498005e+00 -3.707152e+00 -1.701161e+00 1.061108e+01 2.999089e+00 7.993491e+00 -2.489862e-01 -8.584571e-01 -2.352291e-01 -6.204777e-01 -1.836166e+00
-7.805536e+00 -1.533184e-01 -4.022605e+00 9.730635e-01 1.002429e+01 1.624584e+00 3.041552e+00 6.078372e-01 -1.273054e+00 -5.179465e-02 -1.811656e+00 -7.229733e-01
-5.096604e+00 4.788647e+00 -2.238002e+00 9.787564e-01 5.619614e+00 -1.989609e+00 5.816027e-01 -3.540062e+00 1.964300e+00 -4.219971e+00 -7.879430e+00 -1.983716e+00
-7.419660e+00 4.674038e+00 -6.494266e+00 -5.552530e+00 5.281244e+00 -2.592440e+00 7.202312e+00 -1.257707e+00 1.465633e+00 4.308752e+00 2.455225e+00 2.475585e+00
-8.584916e+00 1.837783e+00 -5.504729e+00 1.093763e+00 9.627695e+00 -3.706275e+00 3.315092e+00 2.834849e+00 -2.186159e+00 -3.067968e+00 -2.904100e+00 -2.268212e+00
-8.942523e+00 1.950225e+00 -3.822258e+00 -1.265980e+00 7.225138e+00 2.657560e+00 3.131697e+00 -2.577133e+00 -2.955653e+00 -3.524671e+00 -1.496254e+00 1.230934e+00
-1.021701e+01 2.286372e+00 -4.644542e+00 -4.088443e+00 8.307691e+00 3.672944e+00 2.012435e+00 -9.943834e-01 3.911094e+00 1.576034e+00 -8.934456e-01 3.717503e+00
-8.037850e+00 1.716170e+00 -2.843826e+00 2.363679e+00 8.792815e+00 -5.806961e-01 3.265781e+00 -2.406753e+00 -8.164144e-01 2.870020e+00 1.674697e-01 -2.528916e+00
-9.019649e+00 2.736254e+00 -5.449501e+00 -3.520200e+00 6.458299e+00 -1.216114e+00 -1.605753e+00 -1.791488e+00 2.160707e+00 -1.025421e+00 -1.231652e+00 2.633208e+00
-4.033549e+00 3.294952e+00 -2.243453e+00 2.738165e+00 4.358329e+00 -5.409107e+00 1.613181e+00 7.559727e-01 5.319760e+00 3.942884e+00 -2.581166e+00 -1.557123e+00
-7.920835e+00 1.811602e+00 -3.764645e+00 -1.611507e+00 1.017843e+01 -2.734138e+00 1.889957e+00 8.400913e-01 2.130060e+00 1.928404e+00 3.498144e+00 1.559249e+00
-6.795600e+00 5.071513e+00 -4.046708e+00 -2.055930e+00 4.117609e+00 -3.140582e+00 3.757280e-01 3.917868e-01 3.732368e+00 -7.484575e-01 2.614816e+00 3.414566e+00
-7.609070e+00 3.708600e+00 -3.134459e+00 -7.291274e-01 5.752714e+00 -2.595021e+00 2.750749e+00 1.789708e+00 7.202481e+00 3.739738e+00 1.395762e+00 4.682952e+00
-9.055184e+00 2.735645e+00 -1.793764e+00 -1.341135e+00 9.216578e+00 2.769706e-01 1.466174e+00 -2.306174e+00 1.042172e+00 8.888024e-01 5.504230e+00 7.179270e+00
-7.422792e+00 5.060020e+00 -3.708801e+00 -9.148662e-01 4.858130e+00 -4.528270e+00 4.359221e+00 -1.385450e+00 6.030144e+00 4.306702e+00 -1.589250e+00 1.007448e+00
-7.791028e+00 2.722089e+00 -5.515446e+00 -8.046765e-01 8.475258e+00 1.579428e-01 5.912973e+00 2.609282e+00 1.921523e+00 -5.817531e-01 1.493359e+00 4.388792e+00
-6.401972e+00 3.724702e+00 -2.784819e+00 7.006435e-01 9.423355e+00 -2.007440e+00 -2.345602e+00 -4.769882e+00 1.277848e+00 2.031930e+00 -9.595545e-01 -8.851311e-01
-7.241404e+00 3.378662e+00 -5.049649e+00 -5.552232e+00 6.762304e+00 -4.159682e-01 -1.489406e+00 -3.575921e+00 -4.042400e+00 3.696117e-01 3.656583e+00 3.002754e+00
-5.570557e+00 5.622329e+00 -1.007760e+00 4.129477e-01 9.975721e+00 -4.462964e+00 3.295118e-01 -1.020814e+00 1.458447e+00 -3.580678e-01 -3.546721e+00 -1.253010e+00
-7.450036e+00 2.876368e+00 -7.763843e+00 -5.200197e+00 1.031815e+01 -6.426677e-01 -1.848416e+00 -5.715084e+00 9.666312e-01 -1.977208e+00 2.758650e+00 8.050881e+00
-6.848366e+00 2.978870e+00 -6.162861e+00 -1.051536e+00 8.381118e+00 -2.238202e-01 3.178255e+00 9.544896e-01 5.880489e+00 4.930085e+00 6.706040e+00 8.151363e-01
-7.813599e+00 -2.928984e-01 -6.859385e+00 -2.137830e+00 4.758437e+00 2.196178e-01 7.756498e+00 5.030219e+00 8.217767e+00 1.772361e+00 8.116589e-01 5.301949e+00
-8.114169e+00 2.216479e+00 -7.020399e+00 -4.735982e+00 6.216271e+00 -3.799084e+00 1.720216e+00 -1.649569e+00 3.933167e+00 4.313651e+00 -7.720448e-01 5.658898e+00
-7.472939e+00 2.396277e+00 -6.340851e+00 -1.536597e+00 4.959836e+00 -3.066927e+00 3.178469e+00 8.760202e-02 4.114216e+00 5.802726e-01 -2.590280e-01 4.993583e-01
-7.514802e+00 4.540919e+00 -3.947092e+00 -2.594998e+00 5.737904e+00 -3.886345e+00 9.507892e-01 8.124174e-01 -2.177872e+00 -1.192359e-01 4.432139e+00 6.439115e+00
-6.326595e+00 3.380896e+00 -6.975842e+00 -2.983209e+00 8.332978e+00 -2.277378e+00 -8.994582e-01 -6.742399e+00 4.577321e+00 3.050963e+00 1.196929e+00 1.311562e+00
-8.031999e+00 3.097246e+00 -4.493024e+00 -1.027699e+00 7.730333e+00 -3.391350e+00 5.648366e+00 7.557813e-01 2.770902e+00 1.602179e+00 3.330920e+00 4.687349e+00
-5.274137e+00 6.353838e+00 -1.132893e+00 1.510816e-01 8.577597e+00 -1.650679e+00 7.612748e-01 -7.916005e+00 -2.479246e-01 -9.919772e-01 -4.422743e+00 -2.971683e+00
