1.455617e+01 -1.519162e+01 5.399783e+00 -5.028129e+00 -1.926716e+01 8.046254e+00 -1.581013e+01 -2.101957e-01 1.441999e+01 -1.562122e+00 1.282016e+01 -1.192012e+01
1.476220e+01 -1.447138e+01 6.113118e+00 -5.795869e+00 -1.800923e+01 7.450480e+00 -1.634253e+01 -9.193494e-01 1.177243e+01 1.685860e+00 1.039000e+01 -8.644089e+00
1.486007e+01 -1.488510e+01 3.948381e+00 -5.428238e+00 -1.727885e+01 8.248192e+00 -1.545159e+01 -2.962220e-04 1.326491e+01 5.002809e-01 1.030160e+01 -1.161701e+01
1.406971e+01 -1.413886e+01 2.873139e+00 -3.856350e+00 -1.817255e+01 8.704940e+00 -1.579928e+01 9.563334e-01 1.353369e+01 -4.591433e-01 1.054953e+01 -1.128518e+01
1.368229e+01 -1.309846e+01 5.631183e+00 -3.972494e+00 -1.470420e+01 3.426388e+00 -1.504652e+01 -5.666203e+00 1.232516e+01 1.699795e+00 1.027082e+01 -7.405657e+00
-2.040793e+01 5.674009e+00 5.519548e+00 -1.379237e+01 1.134334e+01 -1.566007e+00 -2.239152e+00 1.098522e+01 -7.204615e+00 6.357043e+00 4.682237e+00 -5.984018e-01
-1.998435e+01 7.671543e+00 3.768559e+00 -1.434420e+01 1.040891e+01 -1.144641e+00 -2.796903e+00 7.433018e+00 -5.714143e+00 3.874975e+00 1.996193e+00 -1.407418e+00
1.422060e+01 -1.401468e+01 2.625011e+00 -5.011381e+00 -1.564328e+01 7.538857e+00 -1.556448e+01 1.126699e-02 1.402103e+01 -4.763472e-01 1.146381e+01 -1.366453e+01
1.044446e+01 -8.279324e+00 5.399338e+00 -6.326271e+00 -8.960669e+00 -2.734443e+00 -1.161416e+01 -7.986295e+00 6.593551e+00 8.440808e+00 4.489893e+00 -1.689401e+00
-1.996264e+01 7.469080e+00 5.641834e+00 -9.414928e+00 1.024120e+01 -1.302121e+00 -3.327146e+00 1.549778e+00 -2.190278e+00 7.304637e+00 -1.659502e+00 -6.649563e-01
1.446891e+01 -1.324288e+01 2.344753e+00 -4.315654e+00 -1.521845e+01 6.166192e+00 -1.440390e+01 -2.001248e+00 1.462008e+01 -1.937561e+00 1.456952e+01 -1.477922e+01
-1.887429e+01 7.263445e+00 1.386344e+00 -1.674758e+01 4.400074e+00 -9.888062e-01 -6.667867e-01 6.745885e+00 9.909278e-02 2.347767e+00 -1.216573e+00 5.306602e-01
-2.050146e+01 3.551068e+00 3.115456e+00 -1.442017e+01 7.540412e+00 -4.167188e-01 3.053625e+00 7.402356e+00 -5.488659e+00 8.212063e+00 -1.100052e+00 -3.438871e+00
-1.525762e+01 6.758343e+00 3.713969e+00 -1.731031e+01 6.892879e+00 4.254388e+00 -6.244388e+00 6.372223e+00 -6.798671e+00 3.305142e+00 3.049122e+00 -6.528051e+00
1.288901e+01 -8.719298e+00 5.653548e+00 -5.351053e+00 -1.002000e+01 -1.429086e+00 -1.460287e+01 -9.950544e+00 9.533262e+00 1.993546e+00 9.761384e+00 -3.113289e+00
1.654236e+01 -1.270977e+01 1.755735e+00 -2.021691e+00 -1.503805e+01 4.321679e+00 -1.197128e+01 -6.190205e+00 1.248480e+01 -2.183644e+00 1.465503e+01 -9.167281e+00
-1.684658e+01 4.663357e+00 5.802049e+00 -1.371150e+01 5.946274e+00 2.456993e+00 -5.862100e+00 9.583972e+00 -4.469094e+00 -1.836905e+00 5.581027e+00 -5.256942e+00
-1.783030e+01 9.430244e-01 2.356622e+00 -1.374589e+01 2.610789e+00 -2.079922e+00 2.032760e+00 7.274041e+00 -1.762549e+00 2.095297e+00 1.431092e-01 -5.900500e-01
1.545118e+01 -7.621170e+00 5.458239e+00 -2.451862e+00 -1.103051e+01 3.431530e+00 -1.563284e+01 -9.355012e+00 7.274913e+00 -3.245634e+00 1.347181e+01 -6.355226e+00
-1.329822e+01 -3.332033e+00 4.554648e+00 -1.112317e+01 1.053899e+00 -7.347485e+00 -1.293393e+00 1.206410e+01 4.673234e-02 1.318863e+00 4.330747e+00 6.841433e-01
-1.818927e+01 3.879339e+00 -2.588989e+00 3.782364e+00 -1.072292e+00 -5.223248e+00 -1.503694e+00 -6.833642e+00 9.709134e-01 2.794469e+00 3.388265e+00 2.455808e+00
1.781282e+01 -9.590773e+00 7.086546e-01 9.556392e-01 -1.099126e+01 2.407720e+00 -8.693430e+00 -7.941413e+00 2.972597e+00 -1.990258e+00 1.172722e+01 -2.072414e+00
1.607575e+01 -4.006485e+00 1.718454e+00 -5.839062e+00 -6.074899e+00 9.037512e+00 -1.188383e+01 -7.385612e+00 8.004178e+00 2.947038e+00 1.494300e+00 -1.040220e-01
1.541455e+01 -2.842259e+00 2.099550e+00 -8.536404e+00 -5.862340e+00 9.767744e+00 -9.959791e+00 -3.346531e+00 7.951606e+00 7.780908e+00 -1.683206e+00 -6.140543e+00
1.039054e+01 -6.286741e+00 1.104822e+01 -4.098362e+00 -1.630905e+00 1.694679e+00 -7.010564e+00 9.119105e+00 3.294679e+00 2.771736e+00 -7.099077e+00 -3.367059e+00
1.334759e+01 -3.891083e+00 2.610997e+00 -4.360137e+00 -3.306077e+00 2.806183e+00 -9.163792e+00 7.121303e+00 5.219034e+00 5.283948e+00 -2.411522e+00 -2.984214e+00
-5.925017e+00 5.947526e+00 3.958675e+00 -1.015959e+01 1.108391e-01 -2.499515e+00 -8.785671e+00 2.084787e+00 -4.628455e+00 -5.890888e+00 5.959523e+00 1.609950e+00
1.196092e+01 -4.042445e+00 3.945861e+00 -1.750301e+00 -4.863681e+00 4.521829e+00 -9.522032e+00 8.958737e+00 5.248680e+00 1.975500e+00 -7.419630e+00 -2.334247e+00
1.618960e+01 -5.654145e+00 -8.416023e-01 3.238207e+00 -7.175200e+00 2.414263e+00 -7.171568e+00 -1.329314e+01 2.079526e+00 9.526252e-01 7.338615e+00 3.673883e+00
1.631618e+01 -1.867416e+00 -2.523707e+00 -1.272867e+00 -3.914030e+00 4.162594e+00 -8.515566e+00 -6.120148e+00 2.028928e+00 2.384687e+00 2.981652e+00 1.960991e+00
4.770160e+00 -4.154363e+00 1.241753e+00 -9.695612e+00 -2.232528e+00 -4.995360e+00 -5.474826e+00 1.314556e+00 -5.453143e+00 -1.420285e+00 2.318182e+00 2.798732e+00
-7.535827e+00 -3.223174e+00 6.602684e+00 -3.290962e+00 3.955822e+00 -3.776062e+00 3.816384e+00 6.957478e+00 2.519720e-01 3.419099e+00 4.105132e+00 2.550455e+00
1.236440e+01 3.232458e+00 1.856966e+00 -2.067274e+00 -2.465651e+00 -6.851059e+00 -4.318459e+00 -7.658331e+00 -3.411244e+00 1.452574e+00 1.145393e+01 -9.223254e+00
-1.453483e+01 6.228575e+00 -2.157004e+00 5.391306e+00 2.175987e+00 -4.106967e-01 3.300498e+00 -1.558183e+00 5.836477e+00 4.678664e+00 1.906013e+00 -1.032789e-01
1.398332e+01 -1.738100e+00 -9.945178e-02 1.566042e+00 -3.359330e+00 4.403955e+00 -4.354012e+00 -8.111230e+00 -2.019614e+00 -2.804856e+00 6.674154e+00 1.219434e+00
1.481808e+01 -6.404983e-01 -1.427654e+00 1.009630e+00 -2.865729e+00 3.332461e+00 -4.470958e+00 -3.790048e+00 -3.442127e+00 -7.280701e-02 4.829305e+00 1.566345e+00
1.109561e+01 1.571956e+00 8.879333e+00 3.810325e+00 -6.319629e-01 -2.112010e+00 -5.509235e+00 3.612382e+00 3.935518e+00 2.425753e+00 -4.509981e+00 -3.877028e+00
9.956694e+00 2.262374e+00 9.615326e+00 1.192975e+01 -2.866223e+00 -6.241708e+00 9.217048e+00 2.008823e+00 -1.150422e+01 -2.788814e+00 -1.290467e+00 -7.157355e+00
8.393084e+00 3.291856e+00 1.060578e+01 1.311684e+01 1.596737e-02 -8.370045e+00 4.159139e+00 7.046095e-01 -1.107324e+01 3.293103e+00 6.321047e-01 -7.882399e+00
7.032295e+00 4.754481e+00 9.043367e+00 1.619210e+01 4.096946e+00 -1.071115e+01 3.868680e-01 7.739360e-01 -5.966430e+00 4.894740e+00 -1.812665e+00 -5.390197e+00
-8.011292e+00 5.671496e+00 -6.478775e+00 1.130911e+00 2.363376e+00 3.340423e+00 1.045364e+01 2.483992e+00 3.349192e+00 -7.893679e-01 -1.192817e+00 1.802837e+00
5.185151e+00 -1.210481e+00 4.904941e+00 1.103812e+01 -1.285855e+00 -7.900910e+00 -7.063427e-01 -1.990360e+00 -9.826127e+00 -4.083936e+00 -1.674205e+01 -7.806469e+00
7.299529e+00 6.510418e+00 8.533808e+00 1.579383e+01 5.504639e+00 -8.618955e+00 3.007941e+00 2.231179e+00 -4.130000e+00 -8.544636e-02 -3.382902e+00 -3.019226e+00
6.322032e+00 6.672824e+00 1.164417e+01 1.797777e+01 4.663766e+00 -7.107250e+00 6.216171e+00 2.620131e+00 -7.056646e+00 -4.160935e-01 -3.201262e+00 -9.067352e-01
5.381085e+00 7.223929e+00 9.897984e+00 1.748426e+01 9.039995e+00 -2.513960e+00 3.594340e+00 -2.698500e+00 -8.536847e+00 -4.351861e-01 -1.111228e+01 -3.546301e+00
-6.221301e+00 -1.529910e+00 -2.736265e+00 -3.889833e+00 8.167550e+00 -3.140074e+00 -9.784660e-01 3.772405e+00 -3.209971e+00 3.795751e+00 2.020252e+00 -1.629387e+00
4.448531e+00 4.066257e+00 7.706571e+00 1.649325e+01 5.990507e+00 -2.520122e+00 6.520510e+00 1.461740e+00 -5.154807e+00 -1.897894e+00 -8.327360e+00 -1.717234e+00
3.835544e+00 1.664062e+00 4.672816e+00 1.344411e+01 3.663575e+00 -9.723870e-01 1.010473e+01 1.103633e+00 -6.346723e+00 -3.994079e-01 -5.740053e+00 -4.330547e+00
3.502929e+00 4.213023e-01 4.121754e+00 1.117728e+01 4.488497e-01 -3.185052e+00 6.202056e+00 1.351433e+00 -3.377073e+00 -3.688381e+00 -6.895200e+00 -1.951586e+00
3.140816e+00 -2.288438e+00 -3.331944e+00 -5.776401e+00 -4.268059e+00 -4.123042e+00 -2.110669e+00 -1.734271e-01 -3.958050e+00 -1.538348e+00 -1.350002e-01 2.777495e+00
1.441130e+00 5.237686e-01 9.830174e-01 8.244285e+00 -1.535251e-01 -7.663398e+00 -1.349747e+00 -4.792793e+00 -6.950130e+00 -5.539683e+00 -1.123258e+01 -3.547537e+00
-1.198835e-01 1.628537e+00 2.678206e+00 9.495156e+00 1.935978e+00 -4.831259e+00 9.267011e-01 -2.123455e+00 -2.791241e+00 -1.763375e+00 -9.880575e+00 -5.025599e+00
-1.503168e+00 -6.277740e-02 1.448186e+00 6.594485e+00 5.858082e-01 -2.556775e+00 8.771107e-01 -1.659203e+00 -5.208474e+00 -5.598759e+00 -6.446394e+00 2.261705e+00
-4.053086e+00 5.963711e-01 -2.694803e+00 -2.964362e+00 9.624572e-01 -5.941194e+00 -1.249497e+00 2.142158e+00 2.255985e+00 2.437179e+00 5.802950e+00 1.316465e+00
-4.480515e-01 2.461192e+00 -3.008847e+00 1.819688e+00 1.278795e+00 1.938435e+00 3.402057e+00 -5.752464e+00 -3.520088e+00 -3.953301e+00 -7.072342e+00 -8.988912e-01
-1.145370e+00 1.418655e+00 -4.182551e-01 5.049053e+00 2.883712e+00 -5.026092e+00 -7.708502e-01 -4.198179e+00 -3.275089e+00 -2.082146e+00 -7.290799e+00 -5.239894e-01
-6.029012e+00 9.776042e-01 -4.931497e+00 3.269703e+00 2.023607e+00 3.178966e+00 7.169128e+00 3.133622e+00 -3.383835e+00 -6.082783e+00 -4.014174e+00 4.650795e+00
-5.106248e+00 1.180084e+00 -5.287652e+00 8.678627e-02 2.981600e+00 1.584232e+00 9.114618e+00 5.936263e+00 1.012902e+00 -9.376174e-01 -1.894553e-01 8.124496e+00
-4.521953e+00 7.650565e-01 -6.050063e+00 1.086981e+00 3.319593e+00 1.349524e+00 8.056400e+00 3.496728e+00 -6.115902e-01 -1.598712e+00 -3.815135e+00 6.148762e+00
-3.549060e+00 2.219647e+00 -5.972500e+00 -7.690561e-01 1.624845e+00 1.999567e+00 5.267189e+00 -7.878441e-01 -2.568226e+00 3.554664e+00 7.722022e-01 4.265060e+00
-7.998943e-02 6.189929e-01 -3.647936e+00 5.084682e+00 2.671735e+00 -4.987813e+00 2.064623e+00 -8.671354e+00 -4.474841e+00 -7.475557e+00 -7.914883e+00 -1.174669e+00
-2.363606e+00 3.019400e+00 -4.081979e+00 4.245549e-01 2.920146e+00 4.375098e+00 6.151490e+00 1.323852e+00 -1.417985e+00 8.898385e-01 -6.541318e-02 1.258495e+00
-2.249173e+00 2.804294e+00 -3.774115e+00 4.088465e-01 1.718084e+00 3.842453e+00 6.957332e+00 3.342220e+00 2.869944e+00 -1.101662e+00 -4.855814e+00 9.780247e-01
-4.742723e+00 1.753884e+00 -6.606527e+00 -5.280943e+00 -2.491830e+00 -6.027969e+00 2.241416e+00 3.100305e+00 3.060677e+00 -1.297807e+00 -3.150137e+00 5.178621e+00
-2.830674e+00 3.842388e+00 -3.954467e+00 -9.026673e-01 2.073211e+00 -3.673300e+00 3.416385e+00 -1.280935e-01 -1.972430e+00 -6.131359e+00 -7.249875e+00 1.044695e+00
-1.739708e+00 1.772898e+00 -2.304633e+00 2.491896e+00 3.847466e+00 -2.274090e-01 6.732966e+00 -1.571193e-01 -5.882273e+00 2.423192e-01 -8.722262e+00 -6.112640e+00
-4.560552e+00 1.716467e+00 -4.025203e+00 -3.511949e-01 1.911415e+00 -4.070757e-01 5.485712e+00 1.522621e+00 4.700966e+00 1.184291e+00 -9.425451e-01 9.895177e+00
-4.478534e+00 2.288469e+00 -4.255960e+00 4.670858e-02 2.605502e+00 -4.582739e-02 4.604465e+00 -1.253234e+00 -1.277028e+00 -2.823502e+00 -2.101073e+00 4.953838e+00
-2.720420e+00 4.306913e+00 -1.532187e+00 2.851671e+00 3.301531e+00 8.996894e-01 3.894397e+00 2.684444e+00 -2.655579e+00 -6.784041e+00 -7.038377e-01 7.702763e-01
-3.429578e+00 2.712376e+00 -5.162014e+00 -1.126072e+00 3.132548e+00 -8.528504e-01 5.198740e+00 4.092809e+00 1.198377e+00 -7.269505e-01 9.846396e-01 8.054261e+00
-3.371676e+00 1.887753e+00 -1.505447e+00 3.424139e+00 1.251201e+00 6.636024e-03 7.010623e+00 1.490854e+00 -7.448159e+00 -7.690245e+00 -7.605627e+00 -4.407988e+00
-4.755494e+00 9.372300e-01 -6.347784e+00 1.167167e+00 2.654785e+00 -1.179469e-01 3.411342e+00 5.419273e-01 -1.863792e+00 -2.048256e+00 9.496905e-01 5.823585e+00
-3.753814e+00 3.810087e-01 -6.315526e+00 1.525467e+00 3.370434e+00 1.356074e-01 7.089505e+00 4.598239e-01 6.812985e-01 1.507106e+00 -2.404346e-01 3.862662e+00
-3.182221e+00 3.105404e+00 -2.012049e+00 2.751397e+00 5.668582e+00 3.922541e+00 5.345720e+00 -1.824384e+00 -3.386495e+00 -9.061821e+00 -4.555394e+00 1.264337e+00
-1.304086e+00 2.567917e+00 -3.059544e+00 3.317530e+00 6.011653e+00 4.289372e+00 3.206279e+00 2.269545e+00 -2.052846e+00 -5.637882e+00 -1.731960e-01 4.064656e+00
-5.318160e+00 -1.392266e+00 -5.221903e+00 1.415824e+00 4.398267e+00 3.585801e+00 6.400746e+00 4.792933e+00 7.523522e+00 6.357252e+00 -4.230875e+00 3.838736e+00
-3.786832e+00 7.788768e-01 -7.000407e+00 1.670339e+00 5.275078e+00 2.792192e-02 -9.854140e-01 -5.872299e+00 -9.241937e-01 -2.075340e+00 1.321766e+00 5.346301e+00
-3.754430e+00 8.396254e-01 -5.724263e+00 -8.837676e-02 9.295077e-01 -1.226313e+00 2.464962e+00 -2.554727e+00 -8.884296e-01 -2.882005e+00 -3.591663e+00 6.839595e+00
-3.465892e+00 2.146066e+00 -2.007369e+00 1.178852e+00 1.625707e+00 -9.813495e-01 -6.451244e-01 -4.897670e+00 -2.551316e+00 -9.497753e-01 -1.223788e+00 2.167127e-01
-4.365554e+00 1.265391e+00 -1.026109e+00 3.248963e+00 -1.089230e+00 2.004623e-01 4.223989e+00 5.645258e-01 -2.455137e+00 1.608967e+00 5.205643e-01 5.704598e+00
-4.249635e+00 1.984212e+00 -5.910279e+00 2.243254e+00 5.299645e+00 -3.354620e+00 4.154312e+00 -2.127911e+00 -2.361251e+00 -1.602632e+00 1.116745e-01 1.186772e+01
-3.659938e+00 4.012210e+00 -4.842575e+00 -1.683293e+00 5.142229e+00 4.233516e+00 8.421850e+00 1.322644e+00 -4.708093e-01 4.025158e+00 1.250632e-01 4.207403e+00
-3.531718e+00 1.238967e+00 -3.619239e+00 3.789998e-01 2.676454e+00 1.377688e+00 3.622772e+00 -3.482021e-01 -3.650640e+00 -4.076380e+00 -7.862288e+00 4.646316e-01
-3.348754e+00 2.526642e+00 -2.115611e+00 2.868929e+00 5.205154e-03 -6.318164e-01 5.869726e+00 2.355470e+00 1.640174e+00 5.686461e-01 -2.273311e+00 5.758683e+00
-1.919162e+00 2.376546e+00 -3.832267e+00 2.548375e+00 4.129807e+00 4.190837e-01 4.679844e+00 -1.828327e+00 -5.430824e+00 -3.381097e+00 -1.390753e-01 1.493594e+00
-5.353595e+00 1.754199e+00 -3.954787e+00 -2.480136e-01 -4.798940e-01 5.348212e-01 7.089033e+00 -2.489443e+00 -3.318059e+00 2.841204e-01 -3.642069e-01 4.583498e+00
-4.025838e+00 2.800628e+00 -2.936980e+00 4.618787e-01 -8.471757e-01 2.271940e+00 8.593363e+00 1.613693e+00 5.315675e-01 8.357120e-02 -3.562566e+00 2.408632e+00
-3.352464e+00 1.222434e+00 -1.365901e+00 4.468928e+00 4.289277e+00 2.557070e+00 5.270711e+00 -1.334580e+00 -2.796442e+00 1.321411e+00 4.531860e-01 6.188147e+00
-3.016847e+00 2.554830e+00 -3.627900e+00 3.878542e-01 2.679815e+00 -4.337825e+00 2.674589e+00 -8.494661e-01 -1.702722e+00 -3.340954e-01 1.921636e-02 8.969928e+00
-5.433152e+00 -8.251602e-01 -3.474983e+00 7.745188e-01 9.394202e-01 -2.863877e-01 4.171816e+00 -1.459437e+00 -3.535566e+00 -1.211318e+00 -3.927236e+00 3.514641e+00
-2.684058e+00 2.365210e+00 -4.338663e+00 -2.286103e+00 -1.366373e+00 -3.442906e+00 3.314584e+00 -2.168125e+00 2.026893e+00 1.584629e+00 -2.566437e+00 4.514857e+00
-4.786275e+00 -2.153097e+00 -3.751593e+00 4.890240e-01 2.425588e-01 1.698216e+00 9.954851e+00 3.962488e+00 5.467007e+00 5.213978e+00 2.135564e+00 1.852967e+00
-3.087094e+00 8.410300e-01 -4.212704e+00 2.769150e-01 3.247319e+00 1.821907e+00 1.617313e+00 -1.725961e+00 1.820696e+00 -4.392434e+00 -6.630886e-01 7.779159e+00
-2.602695e+00 1.860179e+00 -5.627643e+00 1.465221e+00 7.736803e+00 6.351233e+00 7.708807e+00 6.143325e+00 2.491538e+00 -1.017351e+00 -4.413888e+00 -2.652495e-01
-4.399457e+00 1.048896e+00 -5.805581e+00 -3.164583e+00 -1.439940e+00 1.552527e+00 7.486245e+00 4.761684e+00 4.855490e+00 8.437083e-01 -3.275296e+00 5.439280e+00
-2.814431e+00 3.490552e+00 -5.463336e-01 3.916353e+00 2.372412e+00 2.780362e+00 -1.796222e+00 -3.362004e+00 1.827292e+00 5.836505e+00 2.881409e+00 4.755178e+00
-3.056785e+00 3.430661e+00 -6.720088e-01 5.475809e+00 2.320795e+00 -1.485392e+00 1.301510e+00 -3.933274e+00 -2.282990e+00 -4.639345e+00 -1.786892e+00 1.452167e+00
-2.895196e+00 2.715535e+00 -3.052058e+00 -2.946584e+00 -9.851648e-01 -2.616408e+00 4.674782e+00 -2.891629e+00 -2.833002e+00 6.383584e-01 -4.008324e-01 2.088267e+00
-4.128552e+00 -1.182199e-02 -7.121649e+00 -1.522800e+00 2.136086e+00 -1.032435e+00 3.873564e+00 -2.959788e+00 4.152687e+00 5.808320e+00 1.530944e+00 3.751966e+00
-3.882571e+00 1.197444e+00 -4.699584e+00 -1.431930e-01 5.022427e+00 1.704154e+00 5.876192e+00 -2.172139e+00 6.507244e+00 5.742580e+00 4.867947e+00 1.020158e+01
-4.853671e+00 1.855927e-01 -5.227695e+00 3.447155e-01 5.452648e+00 1.842098e+00 4.560993e+00 2.044810e+00 -1.506186e-01 -9.732181e-01 -1.922637e+00 2.656322e+00
-3.233516e+00 1.601249e+00 -2.737874e+00 9.647453e-02 -2.296426e-01 -3.799704e-01 3.902765e+00 -3.654152e+00 -6.942391e+00 -3.845504e+00 -4.473839e+00 2.184534e+00
