4.948128e+00 8.868699e-02 1.954837e+00 -4.118385e-01 -4.580636e+00 -2.117023e+00 -1.016348e+00 -7.099738e-01 -2.120506e+00 -8.820977e-02 9.974758e-01 -3.743744e-01
7.946121e-01 -5.190955e+00 -1.798944e+00 -4.720960e+00 2.404414e+00 1.307249e+00 1.600234e+00 7.748716e-01 -4.173886e+00 4.115410e-01 -1.775137e+00 1.137091e+00
5.202378e+00 2.563241e+00 2.781980e+00 -7.589413e-01 -3.754959e+00 -2.649767e+00 -1.319001e+00 -1.379834e+00 -6.659151e-01 9.957488e-01 -1.932502e-01 -1.419391e+00
1.682786e+00 -4.017125e+00 -3.836765e-01 -3.574758e+00 1.587056e+00 -2.000895e-01 1.276068e+00 4.453964e-01 -1.261953e+00 1.019428e+00 -1.424128e+00 6.340648e-01
3.026138e+00 -1.393806e+00 1.144167e+00 -3.735010e-01 -5.771477e+00 -1.210407e+00 5.879308e-01 7.398848e-01 -2.416181e+00 -6.972166e-01 7.791950e-01 4.038414e-01
-1.041972e+00 -2.770051e+00 -1.621004e+00 -2.841807e+00 2.044121e+00 1.996504e+00 2.419129e+00 9.232346e-01 -1.149255e+00 -2.641398e-02 -1.118856e+00 1.963592e+00
1.395019e+00 2.801190e+00 -1.352314e+00 2.668581e-01 -1.340545e+00 2.806746e+00 1.927702e+00 -2.349929e-01 -5.991300e+00 -2.699995e+00 -1.731683e+00 8.052953e-01
1.305680e+00 1.960146e+00 -1.408915e+00 -2.375956e-01 -1.316368e-01 3.749794e+00 3.525563e-01 -7.310123e-01 -4.063284e+00 -2.686958e+00 -3.249046e+00 -1.984780e-02
-2.937269e-02 -1.689022e+00 -4.089278e+00 -3.009031e+00 2.243788e+00 4.726949e+00 -2.372318e-01 -3.667974e-01 -8.627797e-03 -6.307850e+00 3.486436e+00 6.524936e-01
1.721337e-01 -1.425802e+00 -3.798454e+00 -3.913428e+00 6.924494e-01 3.978263e+00 7.694179e-01 8.683141e-01 -7.576955e-01 -5.603007e+00 1.819537e+00 1.120317e+00
-4.775918e-01 -1.806342e+00 -3.600497e+00 -1.328821e+00 3.662395e+00 4.533964e+00 -2.428031e+00 -1.623232e+00 5.519506e-01 -4.706272e+00 4.147978e+00 -4.517585e-01
2.698988e-01 -1.673209e+00 8.287274e-01 1.838480e+00 -4.017344e+00 1.277727e-01 5.509719e-01 1.385679e+00 1.482797e+00 -2.391839e-01 -2.475422e-01 -3.572376e-01
-6.111863e-01 -2.556381e+00 -2.490847e+00 3.948653e-01 4.622980e+00 3.881008e+00 -3.869760e+00 -2.795152e+00 5.584574e-01 -2.196921e+00 3.541154e+00 -9.308613e-01
2.692823e-01 -1.441035e+00 -2.681525e+00 -3.243108e+00 1.483196e-01 2.871612e+00 2.945644e-01 9.023933e-01 -1.713879e-01 -3.890307e+00 1.065920e+00 1.573796e-01
-3.521491e+00 2.241656e+00 -8.749478e-01 -9.806818e-01 2.383563e+00 1.740555e+00 -4.255683e-01 -5.040119e-01 2.840752e+00 8.468766e-01 2.099389e+00 1.290970e+00
3.314315e+00 2.701249e+00 3.925559e+00 -7.777638e-01 -1.623851e+00 -2.641343e+00 -1.380148e+00 -1.670744e+00 2.148282e+00 3.031060e-01 -1.561351e+00 -2.196404e+00
1.088216e-01 -1.228020e+00 -1.577969e+00 -1.664063e+00 -1.639832e-01 1.678931e+00 -8.202931e-01 6.760012e-01 -1.116937e-01 -1.037929e+00 1.245161e-01 -5.817936e-01
-7.589569e-01 -2.603923e+00 -9.823325e-01 1.298478e+00 4.323572e+00 1.761293e+00 -3.335090e+00 -3.345269e+00 1.507124e+00 -4.031038e-01 2.053015e+00 -1.736270e+00
9.637578e-01 1.905318e+00 3.116617e-01 -3.623590e-01 -2.659603e+00 6.006600e-01 1.525172e+00 -1.706214e+00 -4.003364e+00 -2.380034e+00 2.441118e-01 -8.653146e-01
-1.000330e-01 -7.620698e-01 -5.210662e-01 2.084358e-01 -5.995710e-01 1.275908e-01 -1.506553e+00 -2.141173e-01 1.690578e+00 1.302866e+00 -1.620590e-01 -2.208985e+00
-1.337219e-01 -5.322077e-01 4.486980e-02 1.370028e+00 -1.143055e+00 -1.684379e-01 -9.685968e-01 -5.931848e-01 2.335247e+00 1.879523e+00 -1.533122e-01 -2.663568e+00
-4.955534e-01 -6.247298e-01 5.999092e-01 1.781963e+00 -2.002906e+00 -7.503510e-03 -2.482114e-01 5.359071e-01 1.722383e+00 9.313226e-01 -1.237629e+00 -1.148251e+00
-7.863021e-01 -1.962927e+00 1.445425e-01 1.827867e+00 2.303794e+00 1.951208e-01 -2.098446e+00 -1.906878e+00 2.007379e+00 8.025328e-01 -5.306169e-01 -1.418982e+00
1.230495e+00 -2.351239e-01 -1.363604e+00 -8.956307e-01 1.872240e+00 1.300908e+00 1.717004e-01 -1.162507e+00 -1.229705e+00 5.175421e-01 -1.867530e+00 -1.526748e+00
1.389261e+00 -5.333480e-01 4.880675e-01 1.029469e-01 -4.879518e-01 -9.169332e-01 -4.919078e-01 7.778682e-01 2.842944e-01 -9.199109e-01 -9.392552e-01 -5.391323e-01
2.952690e-01 -1.098926e+00 -2.967422e+00 -4.560636e-01 1.394181e+00 5.942336e-01 -6.411921e-01 -2.063985e-01 -5.486560e-02 2.124233e+00 -1.237296e+00 -8.716007e-01
-5.874559e-01 -1.565897e+00 5.493029e-01 1.713144e+00 1.023188e+00 -6.121248e-01 -1.049535e+00 -1.057781e+00 2.124601e+00 5.873982e-01 -2.192236e+00 -5.310726e-01
-5.704861e-02 -7.585778e-02 -2.228041e-01 -8.123705e-01 -2.950380e-01 -2.693454e-01 -1.194770e+00 -1.472014e+00 -5.452765e-01 -7.205117e-02 -1.038967e-01 -1.003052e+00
-7.056519e-01 -5.754737e-01 1.713223e-01 3.701659e-01 3.679673e-01 -9.643520e-01 -1.131814e+00 -3.090236e-01 2.730597e-01 1.200053e-01 -4.650215e-01 -1.460048e+00
2.916946e-02 -3.404431e-01 -1.377642e-01 -1.487953e-01 6.403906e-01 1.040818e+00 -3.422580e-01 -1.989490e-01 -1.386208e+00 -1.476574e+00 -2.018735e+00 -8.804352e-01
-1.253566e-01 -1.826825e-01 -1.600672e-02 -1.275547e-01 -8.140030e-01 -5.108274e-01 -4.753562e-01 -1.291685e-01 -6.714187e-01 -4.117731e-01 -5.235493e-01 -6.597065e-01
-5.210177e-01 -4.959201e-01 5.878120e-02 -1.629052e-01 2.893717e-01 -2.795926e-01 -3.961468e-01 -8.366357e-01 -1.233938e+00 -9.766144e-01 -1.307889e+00 -3.933629e-01
-4.435101e-01 -3.337766e-01 -9.179724e-01 -7.642782e-01 9.753149e-01 1.421548e+00 1.747278e+00 8.404306e-01 1.195064e+00 1.440381e+00 1.024086e+00 5.262026e-01
-2.952614e-02 -2.564834e-01 2.597822e-01 7.590366e-01 -3.175736e-01 -2.483248e-01 4.423053e-01 9.525776e-03 -5.057530e-02 3.839499e-01 3.809024e-01 1.910762e-01
7.653675e-02 3.541719e-01 -1.623892e-01 -9.852966e-01 -3.355189e-01 4.848670e-01 -1.419408e-01 -7.169272e-01 -8.809910e-02 2.587445e+00 1.237511e+00 1.327168e+00
-1.000916e-01 2.458291e-01 -2.744729e-02 7.921052e-03 -2.165043e-01 -1.084506e-01 -1.020275e+00 8.269407e-01 5.355408e-01 2.137929e+00 1.555099e+00 1.865357e-01
9.532928e-02 -6.875833e-02 -4.149868e-01 -9.061039e-01 -1.942322e+00 -5.654672e-01 -4.278724e-01 -8.898006e-02 4.888975e-01 -1.652321e-01 -8.918770e-02 -4.411843e-01
-1.322434e-01 -2.701073e-01 -3.043295e-02 -4.403449e-02 6.662022e-01 -5.673016e-01 -3.201066e-01 1.297564e-01 1.074834e+00 7.106310e-01 1.077224e-01 -1.579167e-01
-3.583752e-01 -1.170057e-01 -3.932984e-01 -1.911680e-01 5.623294e-01 7.543420e-01 1.064912e+00 5.704935e-01 -5.957725e-01 6.456774e-01 -3.251914e-01 6.016375e-01
2.731419e-02 -2.243670e-01 1.411299e-01 4.848047e-01 8.868414e-02 2.039597e-02 3.528785e-01 -5.152153e-01 -1.065781e+00 -6.622389e-01 -1.683617e-01 -1.063265e+00
5.450300e-01 3.472018e-01 2.211721e-01 -7.480332e-02 2.681195e-01 9.528650e-01 1.265298e+00 4.518694e-01 -1.201352e+00 -5.418072e-01 -8.726248e-01 3.486772e-02
5.330467e-03 7.991555e-02 -2.420490e-01 -4.178482e-01 -1.014221e+00 6.024070e-02 -2.238319e-01 -4.026623e-01 -2.847142e-01 -3.968613e-01 4.839795e-02 3.775082e-01
-1.605503e-01 -8.176546e-02 6.245274e-02 9.553887e-01 1.271450e+00 1.091179e+00 5.943938e-01 1.023491e+00 1.699613e-01 -3.213675e-01 1.096142e-01 -1.313328e-01
2.153364e-01 1.900269e-01 -1.377546e-01 -6.405143e-01 -1.687822e+00 -1.484608e-01 -5.331057e-01 -4.651177e-01 -7.995428e-01 -1.019953e+00 -4.147024e-01 -5.432865e-01
2.948275e-02 1.337267e-01 6.543724e-02 -3.504782e-01 -1.081091e+00 -6.031941e-01 2.051467e-02 -5.941172e-01 -1.008846e+00 -1.375359e+00 -1.774514e+00 1.190071e-01
2.305122e-01 2.061249e-01 3.257242e-01 3.896922e-01 5.444795e-01 7.115389e-01 6.695874e-01 2.673686e-01 -5.622487e-01 -1.327578e+00 -1.498523e+00 -3.923261e-01
4.856247e-01 -1.589232e-01 -2.624202e-01 1.017810e-01 -4.169835e-01 -8.393838e-01 -3.034157e-01 6.841438e-01 1.738433e+00 6.403251e-01 1.785702e-01 -5.850471e-01
-1.819172e-02 4.850655e-01 6.589779e-01 5.023193e-01 -4.383436e-01 -1.234627e+00 -9.332369e-02 8.653481e-02 1.325390e+00 7.564757e-01 3.944925e-01 8.185814e-01
-2.635294e-01 1.393716e-01 -1.979430e-01 -9.455606e-01 -6.437568e-01 1.267818e-01 -5.352806e-01 9.132278e-02 3.823375e-01 1.956107e+00 2.016860e+00 1.099446e+00
6.944428e-02 3.593614e-01 2.951964e-01 -7.075209e-01 3.364130e-01 -4.818715e-01 -8.463327e-01 -1.186174e+00 -2.686598e-01 2.539877e-01 -1.291871e-03 -5.152899e-01
-1.504204e-01 4.493914e-01 1.874008e-01 -5.508629e-02 5.752537e-01 -2.071069e-01 -3.121998e-01 2.452621e-01 1.441002e+00 1.221061e+00 8.463956e-01 -1.353499e-02
-1.931840e-01 1.401677e-01 -1.851391e-01 9.423520e-02 3.376337e-01 -6.333584e-02 -3.759404e-01 -1.887839e+00 -1.918771e+00 -1.729139e-01 3.663405e-01 -6.054401e-02
1.483080e-01 2.544803e-01 -6.392913e-01 -1.478197e-01 -4.223776e-03 -2.115498e-01 -1.072631e+00 -3.223169e-02 -5.579008e-01 -2.459775e-01 -1.996491e+00 -1.040238e+00
-5.460606e-02 1.146196e-01 1.648934e-01 1.116262e-01 -1.257071e+00 -7.848154e-01 4.557243e-01 -1.238608e-01 -1.453602e-01 -1.078519e+00 -8.528610e-01 1.239833e+00
1.478505e-01 4.763160e-01 4.435678e-01 -1.734299e-01 -1.432988e+00 -1.533510e+00 2.884986e-01 -3.522476e-01 4.551281e-01 2.480126e-01 3.824015e-01 1.387263e+00
-2.246256e-01 -5.442573e-01 9.528196e-01 1.238548e+00 6.628785e-01 -6.536468e-01 5.611423e-01 4.575483e-01 1.559874e+00 1.805191e-01 -1.958192e+00 1.513089e+00
-4.524307e-02 -5.901750e-02 6.870230e-01 8.198590e-01 -6.368370e-01 -2.349556e+00 -1.739504e+00 7.931743e-02 2.852977e-02 -1.122927e+00 -1.503436e+00 -2.111761e+00
-4.157103e-01 -3.846253e-01 7.108448e-01 7.707059e-01 6.479859e-01 -1.664664e+00 1.110618e+00 2.428472e-01 6.523083e-01 -4.021473e-02 -2.499354e+00 1.995539e+00
-4.438461e-01 -1.291081e-01 -6.875213e-01 -1.393573e+00 -5.489427e-01 1.301431e+00 1.199511e+00 7.258286e-02 3.412638e-02 7.388138e-01 2.000094e+00 -9.991066e-02
-2.030337e-01 -3.360199e-01 7.703870e-01 1.121445e+00 3.164611e-01 -1.385737e+00 1.283640e+00 7.024935e-01 7.799689e-01 -3.821457e-01 -1.787610e+00 2.148436e+00
4.043821e-02 -5.409068e-01 5.739957e-01 1.281887e+00 -3.373224e-01 -9.097961e-01 5.632199e-01 7.407967e-01 3.789612e-01 -3.839331e-01 -1.220525e+00 1.475860e+00
4.219402e-01 -2.213469e-01 -1.307294e-01 8.006868e-01 1.412653e-01 -1.182555e+00 -3.216935e-01 -2.306172e-01 1.576142e-01 -1.387793e+00 -6.123325e-01 -1.083746e+00
-1.192032e-01 -5.966582e-02 1.035572e+00 1.626344e+00 -9.708140e-01 -9.865637e-01 2.331575e-01 -3.351316e-01 4.848167e-01 1.309620e+00 1.761883e+00 1.197370e+00
3.963537e-02 1.050522e+00 6.338176e-01 4.748166e-01 -6.244780e-01 -3.164527e-01 1.065021e+00 -8.730190e-01 -6.296050e-01 1.657338e+00 -3.735930e-01 1.207586e+00
5.788593e-01 -1.797999e-01 -1.702816e-01 7.094846e-01 -9.110376e-01 4.668689e-01 6.671932e-01 4.841447e-03 1.185628e+00 9.850523e-01 1.304832e+00 -3.691866e-02
-3.211182e-01 4.370303e-02 3.221941e-01 6.351573e-01 8.054142e-01 7.267124e-01 1.694072e+00 7.746761e-01 -6.178139e-01 -8.970999e-01 1.470949e-01 1.172358e+00
-4.175327e-01 -2.049074e-01 -1.660951e+00 -7.771929e-01 -9.255128e-01 1.073791e+00 9.305069e-01 -6.505002e-01 3.725274e-01 2.772356e+00 1.238190e+00 -1.273966e+00
3.571510e-01 -9.527419e-02 -6.542904e-01 -4.271052e-01 -3.620164e-01 -1.516257e-01 -3.846634e-01 -7.055028e-01 1.473039e+00 1.507574e+00 -5.569072e-01 -1.065752e-01
-4.793497e-01 -7.362639e-01 8.443053e-01 1.247875e+00 8.256862e-01 -9.174688e-01 -1.107606e-01 2.435420e-01 1.625555e+00 5.052469e-01 -2.443381e+00 4.547060e-01
-1.580162e-02 5.856169e-02 8.209544e-01 1.029260e+00 1.743784e+00 1.277034e+00 9.614134e-01 1.355553e+00 2.481335e-01 1.096811e-02 1.270984e+00 1.024545e+00
1.795146e-01 5.498563e-01 7.956342e-02 -2.140143e-01 2.587381e-01 3.547745e-01 1.180564e-01 -2.812576e-03 -4.515700e-01 3.334742e-01 -3.715398e-01 1.748969e-01
7.568154e-02 -4.407029e-01 5.189291e-01 6.119172e-01 1.568033e-01 -1.397984e+00 7.432175e-02 1.397484e+00 -6.530861e-01 -4.771442e-02 -9.066440e-01 9.676215e-01
-2.473785e-02 -1.317451e-01 1.100891e+00 -3.988796e-02 -1.487270e-01 -1.538519e+00 4.026098e-01 1.465919e+00 4.051161e-02 -9.050485e-01 -2.084117e-02 6.563891e-01
8.067407e-02 5.401122e-01 -1.971219e-01 3.337747e-01 -2.704510e-01 9.111097e-01 -2.818452e-01 -3.023427e-01 3.159522e-01 -2.973836e-01 5.556851e-02 -4.515926e-01
-1.309219e-01 -1.218069e-01 7.854994e-01 1.358587e-01 -1.035849e-01 -1.284871e+00 -1.536329e-01 1.849998e+00 -6.503656e-01 -6.016579e-01 -2.308006e-02 4.573472e-01
3.029727e-01 -9.566574e-02 1.299965e+00 1.745616e-01 -5.281795e-01 -1.055498e+00 4.378507e-01 1.875389e+00 -1.449633e-01 -1.695545e-01 -1.548750e-01 5.851191e-01
7.183321e-02 -1.269188e-01 6.488649e-01 8.007849e-01 -1.191422e-01 -8.496536e-01 -6.930628e-02 1.881543e+00 -1.891821e-01 -6.949228e-01 4.856278e-01 3.701927e-01
-1.156941e+00 5.481395e-01 8.164209e-01 -6.825992e-01 -1.787280e+00 2.241945e-02 1.559356e+00 6.527804e-01 2.242423e+00 2.370183e+00 2.135050e+00 4.511979e-01
-1.515003e+00 9.592328e-01 -2.167207e+00 -1.480723e+00 5.419145e+00 1.779822e+00 -1.085643e+00 5.869691e+00 -6.830295e-01 -5.908955e+00 5.868644e-01 -7.693909e-01
4.870518e-01 1.009563e-01 1.328882e+00 -9.165271e-02 -1.388433e-01 -1.503646e+00 2.773128e-01 2.077075e+00 -8.289593e-01 1.032230e+00 -6.313227e-01 6.796439e-01
-3.407877e-01 1.203902e+00 -2.700015e-01 -6.464885e-01 8.915747e-01 7.708402e-01 -7.618107e-01 7.661682e-01 -6.667213e-02 -4.507469e-01 -2.054095e-02 -1.015420e+00
-1.168517e+00 1.359933e+00 -1.480195e+00 -2.766123e+00 3.696620e+00 6.541937e-01 -6.271564e-01 3.703662e+00 -5.481128e-01 -2.619164e+00 1.561780e-02 -8.457317e-01
1.365805e-01 2.297840e+00 1.934067e+00 2.249018e+00 -2.348093e+00 -1.845114e+00 1.847050e+00 -3.373817e+00 -1.428044e+00 5.071786e+00 -9.697703e-01 1.519116e+00
-1.611552e+00 6.260756e-01 -1.726786e+00 1.166058e-02 5.788994e+00 2.650948e+00 2.882493e-01 4.830837e+00 -1.579234e-01 -7.200362e+00 3.719381e-01 -4.870436e-01
7.786368e-01 3.972164e-01 2.261806e+00 -3.897223e-01 -2.406930e+00 -1.941871e+00 1.202653e+00 -7.525499e-01 -1.176549e+00 -1.062014e+00 2.614251e-01 -1.396992e+00
4.751205e-01 5.437759e-01 2.158468e+00 3.482869e+00 2.478089e-01 -2.466541e+00 -3.731480e+00 -7.335119e-02 5.195432e+00 -1.688747e+00 4.861960e-01 9.442028e-01
-1.509099e+00 9.383729e-01 1.073552e+00 -8.098723e-01 -2.241038e+00 -2.367256e-01 2.104859e+00 -8.485244e-01 2.255393e-01 2.231151e+00 1.011605e+00 -4.554592e-01
6.845236e-01 6.328040e-01 1.355518e+00 1.777373e-01 3.978109e-01 -1.384674e+00 -6.986545e-01 1.973198e+00 -1.223871e+00 1.725502e+00 2.702610e-01 -1.773872e-01
-1.275591e+00 3.892809e-01 -1.153182e+00 1.422587e+00 4.577435e+00 2.913805e+00 1.040150e+00 2.219520e+00 1.184332e+00 -5.656811e+00 3.587038e-01 1.267154e+00
5.522574e-01 2.783536e+00 2.906779e+00 3.439919e+00 -3.061987e+00 -2.582891e+00 1.221716e+00 -4.434709e+00 -1.588784e+00 6.425364e+00 -1.547028e-01 5.006919e-01
-1.477465e+00 1.697333e+00 1.305470e+00 -1.703840e-01 -1.021118e+00 1.202270e+00 2.527402e+00 -1.762616e+00 -8.549917e-01 3.584074e+00 -2.718688e-01 -1.377847e-01
-1.282012e+00 -1.062358e-01 1.291259e-01 8.654149e-01 3.371913e+00 2.303302e+00 1.279498e+00 1.371129e-01 1.797288e+00 -2.370471e+00 9.039451e-01 2.854663e+00
1.321169e+00 -1.228563e+00 9.115056e-01 2.776495e+00 -1.114936e+00 -2.810944e+00 -3.078028e+00 1.279936e+00 1.549948e+00 -1.595333e+00 -9.521149e-01 2.904100e-01
-7.501372e-01 1.591097e+00 2.133039e-01 9.227883e-01 1.526353e+00 2.209590e+00 2.475011e+00 -1.762972e-01 -4.422365e-01 4.209216e+00 6.074529e-02 2.977164e-01
-2.132555e+00 -9.221712e-01 7.723753e-02 -1.552307e+00 2.193724e+00 9.315201e-01 1.190106e+00 -5.971537e-02 2.135480e+00 2.253120e-01 -2.158504e-01 2.575707e+00
-9.466345e-01 1.530540e+00 2.425483e-01 6.393201e-01 -2.305349e+00 1.302948e+00 1.973062e+00 5.951563e-01 -1.202715e+00 8.793715e-01 1.910569e+00 -6.919101e-01
9.747119e-01 1.710505e+00 2.334058e+00 1.810526e+00 -7.906167e-01 -1.886412e+00 -9.809596e-01 -4.444898e-01 -1.981487e+00 4.661168e+00 1.268160e-01 -7.900638e-01
-2.378434e+00 -1.744234e+00 -9.412926e-01 -3.004737e+00 8.068603e-01 3.924361e-01 -3.383823e-01 6.948972e-01 1.213015e-01 5.144474e-01 -5.462504e-01 1.889505e+00
-6.334292e-01 8.655590e-01 -1.108005e+00 1.104836e+00 8.392079e-01 -7.650563e-01 3.525324e-01 -1.481308e+00 -1.637445e+00 2.118726e+00 -3.257723e-01 -7.236562e-02
7.680473e-01 2.639533e+00 2.968381e+00 3.384064e+00 -2.499646e+00 -2.745377e+00 2.930208e-01 -3.735322e+00 -1.544532e+00 6.376254e+00 6.917040e-02 -2.035966e-01
-1.265349e+00 1.471733e+00 -1.838107e+00 4.930998e-01 -1.514217e+00 1.499741e+00 3.120351e+00 8.080807e-02 -7.561262e-01 2.452927e+00 2.535427e+00 -4.342333e-01
-8.412390e-01 -2.056657e-01 -2.194820e+00 -2.171077e-01 -1.436090e-02 -2.539850e+00 -7.761796e-01 -1.067076e-01 -4.772663e-03 1.020142e+00 -2.899807e-01 2.601225e-01
-2.654660e+00 -1.985794e+00 -1.475562e+00 -2.522336e+00 -1.668687e+00 -2.045892e+00 -7.456095e-01 -1.061244e+00 -1.073982e+00 -5.843786e-01 -1.631125e+00 -2.590039e-01
-1.890873e+00 -1.331213e+00 -2.523584e+00 -1.555048e+00 -1.746846e+00 -3.003519e+00 -1.008393e+00 -9.757509e-01 -6.495912e-01 3.322464e-01 -1.981699e+00 -6.732906e-01
1.398817e+00 5.882865e-01 4.043269e+00 -7.009506e-06 -2.662396e-01 -2.777647e+00 1.552254e-01 -1.434155e+00 3.121541e+00 2.310156e-01 4.759230e-02 -2.868307e+00
-1.571785e+00 4.316192e+00 6.852726e-01 4.180361e+00 5.745469e-01 9.503023e-02 -2.420933e+00 -7.255701e-01 5.936923e+00 -5.347804e-01 2.170672e+00 1.275668e+00
7.864516e-01 -1.008054e+00 2.169818e+00 2.674654e+00 -3.520303e+00 -2.272499e+00 4.381246e-01 1.700896e+00 2.112770e-02 -9.321423e-01 -1.117647e+00 -9.611565e-01
