5.625318e+00 -1.036451e+01 5.576280e+00 -5.546953e+00 -1.020801e+01 -2.018127e+01 -1.338191e+01 -2.417651e-01 -5.868028e+00 -1.508210e+00 -5.404468e+00 3.798472e+00
3.733233e+00 -1.092201e+01 3.542607e+00 -1.081158e+01 -1.116945e+01 -2.560976e+01 -1.548998e+01 -9.715146e+00 -7.658514e+00 -5.996934e+00 -8.391104e+00 -2.038475e+00
4.826350e+00 -1.193484e+01 4.945082e+00 -8.858854e+00 -1.089453e+01 -2.152065e+01 -1.209473e+01 7.390033e-01 -8.864152e+00 -1.382056e-01 -9.305492e+00 -2.016422e+00
-1.458102e+01 -5.316702e+00 -1.053959e+00 -6.631636e+00 6.020755e-01 -3.583223e+00 9.436436e-01 1.045647e+01 -8.561177e-01 -2.234466e+00 4.590747e+00 4.579172e+00
-1.651683e+01 -4.449240e+00 -2.267288e+00 -5.542890e+00 1.587851e-01 1.042512e+00 1.553107e+00 5.281005e+00 -1.083843e+00 -2.784519e+00 8.012522e+00 3.917799e+00
4.085739e+00 -1.245576e+01 6.006946e+00 -9.445717e+00 -8.314578e+00 -2.092705e+01 -7.355142e+00 4.234540e+00 -8.176331e+00 1.946760e+00 -1.076883e+01 -2.314350e+00
7.094137e+00 -9.377946e+00 6.537981e+00 -8.017190e+00 -3.619900e+00 -2.007789e+01 -7.740797e+00 -7.260181e+00 -5.376129e-01 7.208753e-01 -4.854349e+00 4.777599e+00
-1.673544e+01 -2.915896e+00 -3.585268e+00 -8.413234e+00 3.840296e-01 2.020184e+00 -3.995692e+00 4.627436e+00 -3.057494e+00 1.917795e+00 1.357471e+01 2.006176e-01
3.894863e+00 -1.185271e+01 5.570610e+00 -1.122985e+01 -6.669900e+00 -2.126456e+01 -4.967102e+00 4.574921e+00 -8.400422e+00 2.262462e+00 -1.197282e+01 -2.457006e+00
3.493734e+00 -1.270063e+01 7.337994e+00 -1.280000e+01 -7.015244e+00 -1.553268e+01 -8.834548e+00 6.945442e+00 -1.091425e+01 2.088700e+00 -1.201719e+01 -2.381364e+00
3.084378e+00 -1.156276e+01 6.396179e+00 -1.201167e+01 -6.475534e+00 -1.445168e+01 -9.695942e+00 4.580006e+00 -1.219552e+01 2.387707e+00 -1.066490e+01 -6.408899e-01
7.629981e+00 -1.003950e+01 3.014144e+00 -9.770700e+00 -5.053024e+00 -2.027787e+01 -1.127135e+01 -7.303848e+00 -2.472331e+00 -5.198739e+00 -6.844126e+00 9.458898e-01
-1.214503e+01 -8.170223e+00 -1.982826e+00 -7.155218e+00 -1.578415e+00 -2.142764e+00 -4.141011e-01 7.558499e+00 -2.356658e+00 1.359005e+00 1.151387e+01 6.202445e+00
4.050657e+00 -1.157600e+01 2.531348e+00 -1.067596e+01 -7.335587e+00 -2.078578e+01 -4.715080e+00 2.963887e+00 -9.680902e+00 2.461965e+00 -1.288174e+01 -3.265429e+00
4.081038e+00 -1.284147e+01 1.951337e+00 -1.360949e+01 -9.864480e+00 -2.135885e+01 -9.830267e+00 2.091474e+00 -1.232340e+01 -2.642385e+00 -1.285486e+01 -6.772186e+00
8.168374e+00 -8.907867e+00 2.856647e+00 -7.863874e+00 -3.329037e+00 -1.671094e+01 -9.569344e+00 -7.654865e+00 1.446131e+00 -4.810465e+00 -7.223060e+00 1.513788e+00
-1.104464e+01 -6.271476e+00 -5.161131e+00 -3.672288e+00 -1.139807e+00 5.333084e+00 -1.106371e+00 3.005047e+00 -1.355212e+00 3.438202e+00 8.848763e+00 5.505376e+00
8.676513e+00 -8.038730e+00 2.222303e+00 -5.588254e+00 -4.253596e+00 -1.206914e+01 -1.126539e+01 -5.734066e+00 1.217675e-01 1.019029e+00 -9.403574e+00 -2.540818e+00
9.239501e+00 -7.191239e+00 -6.027701e-01 -5.185361e+00 -3.583308e+00 -1.172680e+01 -1.122551e+01 -1.002336e+01 4.152338e+00 -3.747052e+00 -7.410494e+00 -4.897531e+00
-6.389905e+00 -1.010250e+01 -2.860346e+00 2.909257e-01 1.647719e+00 8.564793e+00 -2.176993e+00 -6.614687e+00 -5.854444e+00 3.447298e+00 4.174629e+00 2.836333e+00
-7.873568e+00 -6.519735e+00 -3.270763e+00 -5.232637e+00 -3.464669e+00 -1.975775e+00 -2.485092e+00 2.937025e+00 -5.114270e+00 -2.746818e+00 1.017580e+01 3.475883e+00
1.052023e+01 -5.868833e+00 -1.362210e+00 -3.815336e+00 -2.153242e+00 -6.906826e+00 -1.426988e+01 -7.376898e+00 3.410000e+00 -1.145955e+00 -7.084284e+00 -6.585573e+00
5.416353e+00 -7.101306e+00 5.544865e+00 -1.059974e+01 -8.331901e+00 -1.342619e+01 -8.847411e+00 -3.197060e+00 -1.273008e+01 -4.473292e+00 -2.810488e+00 -1.587945e+00
1.145119e+01 -5.721547e+00 -1.130559e+00 -5.220950e+00 -1.562697e+00 -5.943567e+00 -1.102045e+01 -1.061629e+01 1.633607e+00 -1.157248e+00 -3.942500e+00 -8.984046e+00
1.180505e+01 -3.042483e+00 -3.740540e+00 -4.514050e+00 -1.701406e+00 -3.045918e+00 -1.083286e+01 -1.338134e+01 1.012356e-01 -1.465330e+00 -1.681639e+00 -9.062179e+00
1.275083e+01 1.111056e+00 -4.861535e+00 -6.527448e+00 -2.000752e+00 1.681447e+00 -9.504534e+00 -1.464544e+01 -5.029269e+00 -2.295862e+00 7.606702e+00 -6.264765e+00
-3.770927e+00 -5.786068e+00 -7.914543e-03 -9.452239e-01 2.030646e+00 -2.103660e+00 1.174622e-01 2.402439e+00 -5.182139e+00 -3.222676e+00 5.786027e+00 4.481644e+00
1.323898e+01 3.585064e+00 -2.072401e+00 -1.068444e+01 -1.741918e+00 2.956173e+00 -5.879480e+00 -1.470854e+01 -1.038711e+01 -8.015811e-02 8.168915e+00 -4.687010e+00
9.955017e+00 4.753024e+00 -2.241979e+00 -9.522762e+00 -2.018358e+00 7.736747e-01 -2.779627e+00 -8.072358e+00 -1.397210e+01 3.158906e-01 1.345564e+00 -4.576280e-01
1.352645e+01 6.564798e+00 -3.469413e+00 -8.953842e+00 -6.086944e+00 6.867375e+00 2.495277e+00 -1.122915e+01 -9.446997e+00 -7.857487e+00 -1.449273e+00 1.635623e+00
1.080050e+01 7.088053e+00 -1.293518e+00 -4.929442e+00 -5.988058e+00 1.008224e+01 5.890908e+00 -1.072799e+01 -1.087817e+01 -4.199207e+00 -4.869235e+00 -3.711339e+00
1.016212e+01 6.215466e+00 -3.014344e+00 -1.004336e+00 -2.959127e+00 1.020867e+01 1.276222e+00 -1.032136e+01 -8.488873e+00 -6.197927e+00 -4.647502e+00 -4.407176e+00
5.615194e+00 1.688762e-01 4.732347e+00 -1.183673e+00 -2.616355e+00 7.854136e+00 5.489107e+00 -1.896282e-01 -1.097965e+01 -8.365760e+00 -7.294487e+00 -4.760731e+00
4.315177e+00 -1.552112e+00 3.356781e+00 -2.070790e+00 -7.354503e-01 7.690319e+00 5.787143e+00 -5.648667e-01 -1.004075e+01 -9.206836e+00 -7.692909e+00 -6.363768e+00
-5.448577e+00 -1.242111e+01 1.811719e+00 2.092090e+00 9.605429e+00 1.396073e+01 5.163586e+00 -3.380637e+00 6.228456e-01 2.060490e+00 2.785887e+00 -1.152907e+00
-4.660012e+00 3.354544e+00 -3.379287e+00 -4.520331e+00 2.073597e+00 6.052191e+00 3.703018e+00 3.791662e+00 -2.934163e+00 -7.940407e-01 -3.877521e+00 -9.760070e+00
2.246733e-01 4.038686e+00 -1.020838e+00 9.741120e-01 5.610918e+00 1.128109e+01 2.904220e+00 -1.810311e+00 -5.682751e+00 -1.832623e+00 -5.004467e+00 -8.641098e+00
5.885180e+00 9.212145e+00 -3.423730e+00 3.955213e+00 3.796696e+00 4.503858e+00 4.869041e-01 -5.214797e-01 7.244643e+00 3.182867e+00 3.995114e+00 2.085280e+00
2.933464e+00 1.036587e+01 2.320130e+00 6.739682e+00 3.374581e-01 5.516319e+00 5.311089e+00 -2.813068e+00 -1.022633e+00 -5.176682e+00 -2.897035e+00 -4.463796e+00
3.517175e+00 9.480288e+00 2.358648e+00 5.426065e+00 -2.655123e+00 3.940434e-01 2.319846e+00 -6.964573e-01 5.877153e+00 -1.088981e+00 1.542220e-01 1.033956e+00
1.102147e+00 1.029517e+01 8.520587e+00 1.044527e+01 6.404040e+00 4.907049e+00 7.039728e-01 5.535318e+00 3.050915e+00 3.076715e+00 5.060392e+00 1.585985e+00
4.326489e+00 7.857388e+00 -1.015927e+00 4.659925e+00 1.215062e+00 2.661926e+00 3.937577e+00 -1.180181e+00 1.845752e+00 -1.029866e+00 3.820167e+00 2.385114e+00
3.524526e+00 6.884057e+00 -1.978936e-01 7.027308e+00 4.676204e+00 5.168438e+00 4.277744e-01 1.361399e+00 5.490667e+00 -3.096110e+00 1.284935e+00 -8.385177e-01
2.442698e+00 1.128624e+01 1.279331e+00 4.191494e+00 2.172235e+00 5.101228e+00 7.524611e+00 1.658871e+00 -2.904243e+00 -5.140417e+00 2.062208e+00 -8.622780e-01
2.716385e+00 1.063243e+01 1.389553e+00 5.932477e+00 4.523604e+00 2.812969e+00 4.193452e+00 1.487919e+00 3.305165e+00 1.754022e+00 1.397076e+00 -2.678406e-01
3.115097e+00 9.378648e+00 2.178606e+00 4.753177e+00 -1.023735e+00 3.704313e+00 2.431764e+00 2.038673e+00 7.586489e+00 4.130994e+00 7.912571e-01 2.079182e+00
1.883639e+00 8.698028e+00 3.954965e+00 9.191093e+00 3.480619e+00 3.583815e+00 4.065519e+00 5.203745e+00 3.665214e+00 -2.544033e+00 -4.752755e-01 1.293673e+00
2.959630e+00 5.787292e+00 -2.118009e+00 5.158165e+00 2.220633e+00 7.052417e+00 5.569973e+00 2.501398e+00 4.208906e+00 2.405407e+00 5.192521e+00 -1.547686e+00
3.958184e+00 8.764917e+00 -5.685112e-01 2.344913e+00 -2.251596e+00 4.052244e+00 4.040558e+00 -3.869931e+00 4.193525e-01 -5.336433e+00 -8.821659e-01 -9.153759e-01
2.355478e+00 1.006490e+01 2.090714e+00 6.292854e+00 1.636258e+00 4.741845e-01 3.782854e+00 2.837441e+00 -5.153260e-01 2.647578e-01 1.246233e-01 -7.985523e-01
2.573826e+00 8.597851e+00 4.164519e-01 2.717731e+00 -5.783217e-01 1.649162e+00 1.256374e+00 2.551520e+00 5.452273e-01 -3.377839e+00 -6.957479e-01 -6.438880e-01
1.765502e+00 4.188636e+00 -3.257195e+00 3.154712e+00 5.698355e+00 3.688505e+00 -3.955482e+00 4.394696e+00 7.829030e+00 -3.832111e-01 2.028487e+00 -3.913820e-01
1.155829e+00 2.610715e+00 -4.356702e+00 -1.203563e-01 3.430037e+00 7.163591e+00 2.808074e+00 -1.471623e+00 1.300984e+00 -1.564426e-01 3.394527e-01 -4.652644e+00
2.176811e+00 9.382553e+00 1.570084e+00 5.646230e+00 1.487201e+00 1.595000e+00 1.412314e+00 -6.740533e-01 -9.860873e-01 7.618633e-01 -6.551356e-01 1.582795e+00
2.014961e+00 4.667658e+00 -4.562531e+00 -2.610520e+00 7.122656e-01 1.679880e+00 -1.216009e+00 1.778990e+00 7.275445e+00 -1.369169e+00 3.549850e+00 4.076828e+00
-6.885064e+00 4.027751e+00 -1.209419e+00 8.851552e+00 5.813834e+00 2.992358e+00 2.060992e+00 5.526742e+00 6.341583e+00 2.273955e+00 -2.949822e+00 -2.147461e+00
-9.506395e+00 6.772664e-01 -2.821751e+00 7.289161e+00 4.434566e+00 4.829521e+00 7.728221e+00 4.003829e+00 1.115510e+01 4.921606e+00 8.826056e-01 2.460890e+00
-9.727001e+00 -3.423851e-01 -3.760174e+00 8.906918e+00 3.856203e+00 3.816982e+00 6.126791e+00 1.010793e+01 1.210890e+01 3.278084e+00 5.500496e+00 2.348660e+00
-2.646999e-01 8.342124e+00 3.938429e+00 1.047356e+01 7.593758e+00 5.843884e+00 4.792833e+00 5.488461e-01 2.038090e+00 1.584503e+00 2.864024e+00 2.307424e+00
8.177185e-01 8.774685e+00 2.961247e+00 3.215302e+00 -4.333065e-01 4.787488e+00 3.133247e+00 5.758365e-01 5.297961e+00 3.098180e+00 2.858726e+00 4.028669e+00
8.820362e-01 6.985488e+00 -2.388990e-01 1.981629e+00 -2.350626e+00 5.507391e+00 6.825433e+00 -8.368276e-01 -5.875732e+00 -2.847189e+00 -4.488136e+00 -4.254545e+00
-1.098377e+01 -2.701068e+00 -6.082212e+00 4.432727e+00 9.439086e-01 4.060591e+00 1.142270e+00 5.491691e+00 5.874140e+00 3.482086e+00 4.447556e+00 2.096922e+00
6.004558e-01 1.796275e+00 -4.064076e+00 5.051811e+00 7.948337e+00 2.345150e+00 3.986120e-01 6.292343e-01 3.620850e+00 3.385574e+00 1.373287e+00 -2.707570e-01
-4.973557e+00 4.625978e+00 -6.060026e-01 6.599312e+00 4.373721e+00 6.262983e+00 8.200219e+00 3.355076e+00 3.150544e+00 -1.279891e+00 -2.788201e+00 6.391987e-01
-1.007099e+01 1.144254e+00 -1.454494e+00 3.402128e+00 8.122894e-01 1.411655e+00 6.824859e+00 5.404634e+00 9.702494e+00 3.501087e+00 5.249116e+00 3.735708e+00
-7.314584e+00 3.550794e+00 2.419243e+00 1.021053e+01 9.206354e+00 9.453392e+00 6.790832e+00 2.240381e+00 6.537583e+00 6.401094e+00 5.478480e+00 2.863338e+00
-5.200109e+00 3.002498e+00 -1.400945e+00 1.039825e+01 6.672298e+00 8.858846e+00 5.661531e+00 -1.341364e+00 4.600887e+00 3.887538e-01 1.325672e+00 5.940140e+00
-5.436862e+00 3.400995e+00 -1.331018e+00 2.893884e+00 -1.427283e+00 3.254776e+00 4.553758e+00 4.692598e+00 1.305680e+01 1.215472e+01 4.745946e+00 6.873829e+00
-6.512834e+00 3.183733e+00 -2.588178e+00 7.766548e+00 1.059508e+01 1.024799e+01 8.193094e+00 7.424089e+00 1.066726e+01 5.662867e+00 6.847934e+00 3.988405e+00
-5.694436e+00 3.107524e+00 2.550600e+00 1.042916e+01 6.805109e+00 9.724569e+00 8.364853e+00 2.054048e+00 5.066227e+00 -2.775919e-01 2.358293e+00 -4.969740e-01
-3.277364e+00 4.725019e+00 -1.324396e+00 3.671170e+00 4.391706e+00 9.373182e+00 5.507552e+00 2.384430e+00 7.851193e+00 4.138408e+00 2.240298e+00 1.636066e+00
-4.487454e+00 4.132148e+00 1.856247e+00 8.692380e+00 4.125495e+00 6.255040e+00 2.354613e+00 -8.956743e-01 -1.862354e-01 -1.031296e+00 4.007771e+00 -5.720937e-01
-9.598295e+00 -1.314744e+00 -1.876406e+00 4.164056e+00 2.201866e+00 8.043337e+00 6.880373e+00 1.865103e+00 9.535568e+00 8.534079e+00 6.976617e+00 6.703419e+00
-9.221170e+00 1.079163e+00 8.165793e-01 8.676909e+00 3.375378e+00 6.745265e+00 7.938401e+00 5.823722e+00 7.383006e+00 -2.047403e+00 9.537370e-01 3.490502e+00
-6.574432e+00 2.139929e+00 8.468800e-01 1.180886e+01 3.267452e+00 5.294387e+00 9.530563e+00 6.380131e+00 6.765042e+00 4.378832e+00 7.809875e-01 1.077393e+00
-9.914715e+00 -4.567064e+00 -7.505749e+00 1.584360e+00 -7.647557e-01 5.717563e+00 3.378513e+00 4.420652e+00 6.125000e+00 5.187260e+00 7.350218e+00 4.675540e+00
-9.832460e+00 -3.960644e+00 -4.401235e+00 5.858381e+00 2.735994e+00 5.337709e+00 3.212620e+00 2.164478e+00 7.558589e+00 1.027226e+00 8.526566e+00 6.548224e+00
-5.320517e+00 1.769956e+00 -2.698416e+00 4.290418e+00 1.563240e+00 7.995438e+00 7.252296e+00 5.323258e+00 3.991528e+00 3.560574e+00 1.173444e-01 1.671877e+00
-1.021017e+01 -3.608835e+00 -4.160714e+00 3.644170e+00 -1.270428e+00 1.385761e+00 3.472246e+00 1.114897e+00 4.450566e+00 2.323053e+00 4.912696e+00 5.794827e+00
