5.397068e+00 -8.890247e+00 -7.568236e+00 3.899453e+00 -4.843410e+00 4.728220e+00 -4.557039e+00 1.837508e+00 4.697602e+00 -1.385175e+01 2.458574e+00 -4.938704e+00
6.200609e+00 -9.920536e+00 -8.370134e+00 4.885992e+00 -3.151681e+00 4.185574e+00 -3.877985e+00 9.847403e-01 6.714444e-01 -1.279784e+01 1.715397e+00 -7.286649e-01
6.048613e+00 -9.630342e+00 -6.268118e+00 6.269673e-01 4.096412e+00 2.828326e+00 -6.683641e+00 2.474335e-01 1.992997e+00 -1.298143e+01 -2.407661e+00 1.284725e+00
7.399743e+00 -1.055909e+01 -6.846249e+00 3.598786e+00 4.507456e+00 1.685443e+00 -8.749125e+00 -1.175343e+00 6.989678e+00 -1.270058e+01 -2.714479e+00 -1.741678e+00
4.811922e+00 -3.818071e+00 -7.976830e+00 7.137150e-01 -1.186806e+00 -4.533443e-01 -4.258168e+00 6.103219e+00 3.718386e+00 -1.042998e+01 4.211577e+00 -6.759348e+00
7.634695e+00 -1.066413e+01 -5.575399e+00 1.972331e+00 4.832927e+00 2.177217e+00 -8.708900e+00 -2.989683e-01 7.363136e+00 -1.439568e+01 -2.426142e+00 1.363253e+00
6.261083e+00 -7.683392e+00 -6.313499e+00 2.878775e+00 8.455324e+00 -3.073253e+00 -7.222663e+00 -3.410809e-01 6.933286e+00 -1.356865e+01 -2.920054e+00 -2.726941e-01
6.291431e+00 -7.364423e+00 -6.587711e+00 2.371612e+00 8.516360e+00 -2.974798e+00 -7.169706e+00 -7.673691e-01 8.666101e+00 -1.138603e+01 -6.038149e+00 3.728799e+00
5.734577e+00 -6.849681e+00 -5.638592e+00 1.373137e+00 6.663405e+00 -5.601130e-01 -7.791903e+00 -1.661717e+00 9.619186e+00 -1.483308e+01 -3.472617e+00 2.488526e+00
6.982523e+00 -8.377459e+00 -6.509725e+00 5.053693e+00 3.659190e+00 2.060559e+00 -1.171751e+01 3.305180e+00 6.324286e+00 -1.065871e+01 -5.532848e-01 -2.526247e+00
7.573681e+00 -7.876379e+00 -5.431644e+00 4.716325e+00 2.534771e+00 1.679107e+00 -1.048813e+01 7.231646e-01 9.230928e+00 -1.129171e+01 -4.500509e+00 -1.531503e+00
6.928490e+00 -7.707342e+00 -4.950846e+00 2.749545e+00 3.770829e+00 3.615645e+00 -1.519966e+01 3.278542e+00 1.151840e+01 -1.444093e+01 -1.937326e+00 9.149821e-01
8.157444e+00 -2.970783e+00 6.256638e-01 -2.206503e+00 -1.328557e+00 -5.464219e+00 -4.866227e+00 6.310372e+00 -3.205704e+00 -4.621057e+00 5.024027e-01 -5.395459e+00
9.755863e+00 2.326881e+00 6.889074e+00 -2.938355e+00 6.856000e-01 -1.727346e+01 -1.147752e+00 9.575686e+00 -1.193186e+01 -7.373798e-01 7.584819e-01 -1.023577e+01
9.856880e+00 1.960851e+00 8.926432e+00 -4.334144e+00 -1.861960e+00 -1.740730e+01 4.462184e+00 8.642101e+00 -1.601852e+01 3.525841e-02 2.606129e+00 -8.894766e+00
9.754705e+00 2.718618e+00 9.247640e+00 -3.853315e+00 -3.888213e+00 -1.645255e+01 8.741396e+00 6.104740e+00 -2.143349e+01 5.342897e+00 2.049252e+00 -9.322577e+00
1.036827e+01 3.911257e+00 6.339004e+00 -2.195314e+00 -3.902397e+00 -1.571633e+01 5.732542e+00 6.475171e+00 -1.625152e+01 -5.394363e-01 4.482981e+00 -9.593211e+00
1.099442e+01 1.982514e+00 9.285049e+00 -4.715004e+00 -2.096273e+00 -1.613022e+01 6.878060e+00 9.530455e+00 -2.520760e+01 7.290972e+00 9.411347e-01 -5.946998e+00
7.792173e+00 -7.951004e+00 -2.968906e+00 5.801755e-01 1.896652e+00 5.813101e+00 -1.465682e+01 4.252465e+00 6.844254e+00 -1.008264e+01 -2.933035e+00 2.615620e+00
6.624407e+00 -6.645242e+00 -5.558872e+00 1.633617e+00 5.543909e+00 -4.600449e-01 -1.086048e+01 5.486078e+00 5.678243e+00 -9.489522e+00 -7.566595e-02 -2.527580e-01
1.199707e+01 1.746852e+00 7.844005e+00 -6.237609e-01 -5.355256e+00 -1.658513e+01 1.041114e+01 5.600223e+00 -2.311781e+01 8.020165e+00 -4.930648e-01 -6.321862e+00
6.066848e+00 -7.202312e+00 -1.201619e+00 -1.251297e+00 2.261653e+00 1.441779e-01 -5.302088e+00 6.881871e-01 8.017130e+00 -1.054990e+01 1.885710e+00 -8.825798e-01
5.755087e+00 -6.265106e+00 -2.178731e-01 3.596515e+00 -7.197268e+00 1.721082e-01 2.988391e+00 1.669727e+00 4.480800e+00 -1.153150e+01 5.988053e+00 -2.303252e-01
5.640725e+00 -7.602319e+00 1.575272e-01 -1.609567e+00 2.862890e+00 -1.417872e+00 -4.045873e+00 4.545523e+00 2.677823e+00 -7.419832e+00 7.557177e-01 3.409481e-02
1.130633e+01 2.626357e+00 6.751331e+00 -2.175723e+00 -2.107371e+00 -1.708675e+01 7.299583e+00 7.070739e+00 -2.079609e+01 3.927125e+00 3.154305e+00 -7.992913e+00
7.604501e+00 6.392086e+00 4.349602e+00 -7.055063e+00 -7.822218e+00 7.111525e+00 6.166124e-02 -5.101139e+00 -1.128186e+01 1.083760e+01 -9.013167e+00 -8.933877e+00
9.517759e+00 9.557224e+00 -5.435145e-01 -3.730869e+00 4.004710e+00 -6.666610e+00 -3.105418e+00 -3.372961e+00 -8.790071e+00 3.143721e+00 -2.418264e+00 -7.532861e+00
1.090775e+01 5.420191e+00 7.695707e+00 -7.565070e+00 2.332217e+00 -1.867839e+01 4.485254e+00 8.803108e+00 -1.891730e+01 1.734822e+00 4.545668e+00 -3.540654e+00
1.015682e+01 6.028606e+00 3.350983e+00 -7.862776e+00 -3.003774e+00 3.562337e+00 -4.286742e-01 -4.959498e+00 -1.195083e+01 1.033986e+01 -9.384523e+00 -5.232660e+00
4.691629e+00 -2.945162e+00 3.053479e+00 -3.071860e+00 -6.555349e+00 2.457841e+00 2.823077e+00 1.656915e+00 6.594262e-01 -9.091522e+00 9.230600e+00 -4.722115e+00
7.796917e+00 5.004269e+00 5.065798e+00 -7.846698e+00 -8.064882e+00 7.334914e+00 6.267035e-01 -5.882693e+00 -9.211049e+00 1.002945e+01 -6.379307e+00 -1.076173e+01
5.652814e+00 -4.302483e+00 -5.543013e-01 -4.130981e-01 -4.373549e+00 3.900878e+00 -1.572422e+00 3.241076e+00 4.153378e+00 -1.145538e+01 6.053361e+00 -2.144863e+00
1.204992e+01 6.490903e+00 1.234170e+00 -6.438184e+00 5.628664e+00 -9.864353e+00 3.501145e+00 -1.668121e+00 -1.376518e+01 5.607708e+00 -4.856073e+00 -4.922925e+00
1.141819e+01 7.084753e+00 4.879650e+00 -5.665691e+00 1.392370e+00 -1.088987e+01 1.070132e+00 -2.639057e+00 -1.453305e+01 6.743265e+00 2.261195e+00 -1.034887e+01
8.115063e+00 5.393199e+00 5.630804e+00 -9.418792e+00 -7.937529e+00 8.489882e+00 9.295738e-01 -8.225790e+00 -3.434998e+00 6.764504e+00 -6.653851e+00 -7.636318e+00
5.040759e+00 -5.323830e-01 1.841688e+00 -3.000100e+00 -9.910504e+00 5.856333e+00 4.104091e+00 -1.281542e+00 -1.537691e+00 -5.676325e+00 9.863866e+00 -5.782018e+00
7.311631e+00 6.260239e+00 5.585782e+00 -1.098863e+01 -7.611743e+00 1.066899e+01 6.352937e-01 -8.267912e+00 -5.496395e+00 1.114915e+01 -7.327808e+00 -8.277518e+00
1.138142e+01 5.896120e+00 6.834431e+00 -3.283459e+00 2.907434e-01 -1.816912e+01 5.927280e+00 1.477852e+00 -2.051443e+01 9.109150e+00 5.614564e+00 -1.164570e+01
6.686994e+00 8.417821e+00 7.265308e+00 -1.467038e+01 -8.579551e+00 1.254125e+01 5.706511e-01 -9.695755e+00 -2.827401e-01 7.183976e+00 -1.705076e+00 -1.426326e+01
4.258461e+00 3.525909e+00 2.910214e+00 -6.844910e+00 -9.636172e+00 8.946880e+00 4.100359e+00 -6.046725e+00 9.902573e-02 -9.951787e-01 7.651563e+00 -8.496038e+00
5.180695e+00 5.753941e+00 2.072235e+00 -9.576672e+00 -1.131291e+01 1.287405e+01 6.693072e+00 -1.273150e+01 1.163139e-01 6.911863e+00 3.832752e+00 -1.205388e+01
6.518916e+00 7.998838e+00 6.065690e+00 -1.445116e+01 -9.712406e+00 1.554646e+01 2.436182e+00 -1.297885e+01 -5.269880e-01 1.015174e+01 -2.622486e+00 -1.404171e+01
5.903209e+00 8.122725e+00 4.007116e+00 -1.415273e+01 -1.024102e+01 1.629312e+01 3.136590e+00 -1.329888e+01 5.159092e-02 9.648265e+00 -7.218287e-01 -1.262734e+01
1.127958e+01 6.471078e+00 9.234753e+00 -6.233138e+00 -3.601568e+00 -1.388837e+01 -5.078702e-01 5.283554e+00 -1.423359e+01 5.661122e+00 2.376601e+00 -1.006768e+01
1.084020e+01 4.148245e+00 6.988449e+00 -4.133007e+00 -2.410666e+00 -1.718700e+01 5.635914e+00 7.143072e+00 -1.845172e+01 6.582521e+00 3.132910e+00 -3.856087e+00
1.076225e+01 8.175998e+00 1.027003e+01 -1.063719e+01 -5.013283e+00 -1.326413e+01 -5.548859e-01 7.754501e+00 -9.820188e+00 4.107197e+00 -3.563241e+00 -5.430109e+00
-1.974079e+01 -7.253098e+00 1.228714e-01 1.357957e+01 3.851135e+00 8.489447e-01 -7.203951e+00 -1.424706e+01 5.547816e+00 3.158240e+00 4.983534e+00 8.377981e+00
1.249620e+01 7.547375e+00 4.435205e+00 -1.188606e+01 1.348090e+00 -1.104869e+01 -5.984617e+00 1.065998e+01 -7.449999e+00 2.782872e+00 -2.185727e+00 -2.809680e+00
1.156745e+01 4.267962e+00 6.603929e+00 -3.813739e+00 -4.026824e+00 -1.888957e+01 4.854908e+00 8.062166e+00 -1.827591e+01 6.514914e+00 5.704321e-01 -5.707426e+00
1.140497e+01 3.623254e+00 5.589967e+00 -1.125962e+01 -5.802276e-01 -8.045630e+00 -3.975706e+00 7.915933e+00 -5.607555e+00 4.263176e+00 1.517698e+00 -3.294565e+00
6.569064e+00 -4.462805e+00 8.154152e+00 -3.781657e+00 -8.989551e+00 -2.729182e-01 -1.639013e+00 7.127390e+00 9.248116e+00 2.145174e+00 -1.495010e+01 7.078734e+00
9.271482e+00 2.353177e-01 6.357188e+00 -5.846684e+00 -4.685952e+00 -6.495069e+00 -4.351123e+00 6.260951e+00 2.990878e+00 6.043188e+00 -8.219851e+00 3.078433e+00
6.474232e+00 -6.365063e+00 8.962584e+00 -9.202349e-01 -4.977833e+00 -4.722334e+00 -1.917921e+00 8.407825e+00 8.203533e+00 6.110625e+00 -1.549184e+01 -4.999719e-01
4.869976e+00 -4.343926e+00 1.045316e+01 5.567660e-01 -3.555541e+00 -3.446513e+00 -1.645536e+00 4.568416e+00 5.231539e+00 6.582266e+00 -1.272469e+01 -2.677108e+00
1.092327e+01 3.199285e+00 6.739831e+00 -4.139638e+00 -6.719333e+00 -1.496619e+01 6.205497e+00 1.246133e+01 -1.712428e+01 4.679225e+00 -4.836930e-01 -9.060129e+00
5.960186e+00 -2.789267e+00 9.157021e+00 4.435144e-01 -7.666481e-01 2.026719e+00 1.494355e+00 -4.387610e-01 -2.606696e+00 2.826584e+00 -1.214857e+01 3.030037e+00
-2.193951e+01 -8.990430e-01 -7.341229e+00 5.680128e+00 -6.160080e-01 1.545686e+00 2.914596e-02 -1.011264e+01 9.302628e+00 -1.509253e+00 3.269849e+00 5.433440e+00
-1.846041e+01 -1.943401e+00 -8.374841e-01 1.290527e+01 3.209419e+00 -3.847013e-01 -4.197495e+00 -1.532641e+01 1.030901e+01 1.618635e+00 3.683495e+00 6.826427e+00
3.061194e+00 -1.430260e+00 1.122136e+01 6.997085e+00 5.915586e+00 -9.167595e-01 2.334074e+00 -4.286048e+00 -4.443808e+00 5.709228e+00 -1.430212e+01 1.235402e+00
9.596696e+00 6.901216e+00 8.116480e+00 -4.274325e+00 -4.057035e+00 -1.312922e+01 7.328138e-01 5.996332e+00 -1.754806e+01 3.410848e+00 -1.388173e+00 -1.021658e+01
3.919158e+00 -4.082326e+00 7.549233e+00 7.588134e+00 1.259266e+01 1.609030e+00 2.133441e+00 -1.663026e+00 -9.603045e+00 7.829403e+00 -5.569886e+00 -3.922145e+00
8.802149e+00 8.334827e+00 6.798864e+00 -6.867470e+00 -2.486266e+00 -1.069399e+01 6.641004e-01 3.098991e+00 -1.397773e+01 3.917346e-01 -3.816087e+00 -6.770956e+00
2.990446e+00 -3.298574e+00 6.303997e+00 8.503034e+00 1.171090e+01 7.075982e-01 8.976523e+00 -1.176250e-01 -1.155852e+01 6.104134e-01 -3.693176e+00 -1.639784e+00
-7.722001e+00 -2.865777e+00 -4.019250e+00 -4.617916e+00 -1.272057e+01 4.446167e+00 -1.165620e+00 -2.629137e-02 2.913986e+00 -5.641946e+00 4.940555e+00 5.544441e+00
2.471829e+00 -9.304653e-01 5.324342e+00 8.820821e+00 1.049255e+01 -2.200942e-01 4.848245e+00 -1.906839e+00 -4.434176e+00 2.725554e+00 -2.930901e+00 -3.500124e+00
-1.484424e+01 -4.579343e+00 -2.442918e+00 5.868154e+00 -3.157042e+00 -2.050104e+00 -5.127391e+00 -1.082575e+01 4.792994e+00 -1.191908e+00 -9.717540e-01 4.440401e+00
1.556823e+00 -2.255995e+00 3.895956e+00 7.950213e+00 1.138885e+01 -2.511108e+00 1.411539e+00 7.608469e-01 -5.273846e+00 5.949839e-01 -4.432950e+00 -2.979761e+00
4.380105e-01 -4.745975e+00 8.128786e-02 6.298695e+00 6.999706e+00 -3.180999e+00 1.292692e+00 4.515118e+00 2.357951e+00 5.351733e+00 -3.830705e+00 -9.094954e-01
-3.672631e+00 -4.157521e+00 7.756979e-01 -5.719715e+00 -9.652413e+00 2.783833e-01 -4.041318e+00 -2.180094e+00 2.005303e+00 -3.893308e+00 2.687665e+00 5.521902e+00
2.911186e-01 -5.186110e+00 -1.544540e+00 4.727237e+00 3.517819e+00 -4.034361e+00 1.295438e+00 -1.123886e+00 1.170754e+00 9.952002e+00 2.951884e+00 3.531696e+00
1.542025e-01 -3.409867e+00 -3.755841e+00 3.293057e+00 4.514408e+00 1.509603e+00 6.363811e+00 2.431411e+00 -1.252389e+00 3.284320e+00 6.831409e-01 -1.032645e+00
-5.963712e-01 -2.571644e+00 -1.934128e+00 1.560149e+00 -1.459217e-02 -8.567648e-01 3.345938e-01 1.476818e+00 -4.324145e+00 -2.751574e+00 -8.578762e-01 -5.922209e+00
-5.326476e-01 -2.745034e+00 -2.500252e+00 6.283215e+00 3.493449e+00 3.192404e+00 5.601630e+00 3.711810e+00 -3.643155e-01 4.229875e+00 5.361784e+00 3.446070e+00
-1.359675e+00 -2.524939e+00 -2.177729e+00 2.511672e+00 2.373134e+00 2.909341e-01 3.086442e+00 -1.190973e+00 -5.005792e+00 3.606661e+00 5.418037e+00 -5.653281e-01
-1.885132e+00 -6.252114e+00 -8.349266e+00 -1.183078e+00 -7.628232e+00 -4.302998e-01 1.736321e+00 3.106105e+00 -7.291899e-01 -1.189365e+01 2.298832e+00 4.397732e+00
-3.022541e+00 7.360480e+00 5.410867e+00 5.833264e+00 5.700867e-01 6.721983e-01 3.264672e+00 -2.545301e+00 -5.116871e+00 -4.196121e+00 -6.609219e+00 -2.740669e+00
-1.142164e+00 -2.074447e+00 -1.517268e+00 8.890391e+00 2.888980e+00 6.011813e+00 -1.324576e+00 -5.963933e+00 -4.393295e+00 -3.527619e+00 2.611351e+00 -7.279124e-01
-1.907749e+00 -7.321928e-01 -2.894748e+00 1.014710e+01 2.333355e+00 2.739274e+00 6.283121e-01 -2.642144e+00 -4.045576e+00 -5.388292e+00 -3.345592e+00 -4.472323e+00
-5.372627e+00 -6.325975e+00 -1.222273e+01 2.670660e+00 -5.606394e+00 -2.147788e+00 7.000085e+00 3.213168e+00 -9.450517e-01 -8.222141e+00 1.775416e-01 7.025329e+00
-9.949316e+00 -1.906793e+00 2.963355e-01 -2.725951e+00 5.562886e+00 2.115944e+01 1.984100e+00 -1.784279e-01 1.345325e+01 -1.086644e+00 3.580761e-02 4.274990e+00
-2.197092e+00 -6.836860e-01 -3.283577e+00 5.676283e+00 1.935425e+00 2.876329e+00 8.474405e-01 -5.345324e-01 2.198965e+00 -1.201159e+00 -3.040324e+00 -3.163971e+00
-3.608329e+00 -7.449690e-01 -2.129038e+00 1.362772e+00 3.913519e+00 6.974631e+00 1.195653e+00 1.333810e+00 4.393719e+00 -6.141055e+00 -3.141605e+00 3.584601e+00
-3.549667e+00 3.942657e-02 -2.554863e+00 1.994504e+00 9.316678e-01 8.907169e+00 -3.027619e+00 -2.247759e+00 6.499593e+00 -4.694869e+00 -3.116467e+00 5.841119e+00
-8.963442e+00 1.758554e+00 -4.223580e-01 1.850840e-01 4.419136e+00 1.551418e+01 -6.820188e-01 -1.824304e-01 1.307815e+01 -1.743470e-01 1.303713e+00 8.897780e+00
-3.305735e+00 4.884343e+00 -3.097057e-04 6.856954e+00 3.603493e+00 6.607135e+00 3.190816e+00 -1.368908e+00 8.604031e+00 1.805277e+00 -3.736969e-01 -9.987831e-03
-7.321208e+00 -5.773440e+00 -1.093113e+01 6.811056e-01 -3.485502e+00 -1.046273e+00 9.048800e+00 5.834751e+00 4.769111e+00 -2.940907e+00 1.394706e+00 1.034181e+01
-7.603774e+00 3.604416e+00 -6.502383e+00 1.586302e+00 -5.271624e+00 -1.410636e+00 -1.155824e+00 -4.845100e+00 5.604019e-01 -3.003091e+00 1.964234e-01 5.581013e+00
-1.252489e+01 3.993371e-01 -2.912950e+00 1.623994e+00 7.249334e-01 5.178709e+00 -2.564813e+00 4.569991e+00 1.225666e+01 2.930756e+00 4.606368e-01 8.653080e+00
-4.514079e+00 4.769263e+00 -7.472590e+00 -8.404904e-01 -3.391774e+00 -4.110733e+00 -6.667937e+00 -9.322008e+00 -1.140004e+00 -2.663084e+00 5.470057e-01 7.114758e+00
-1.205833e+01 -2.548003e+00 -2.819083e+00 3.285560e-01 2.723882e+00 4.875548e+00 5.798845e+00 2.099157e+00 6.769684e+00 -4.471215e-01 -6.033944e-01 5.540977e+00
-7.738627e+00 4.259011e+00 -4.754763e+00 9.030197e-01 1.993340e+00 5.192374e+00 8.335755e-01 2.070241e+00 8.036737e+00 -1.550225e+00 1.391225e+00 7.548579e+00
-1.163655e+01 6.096623e-01 -4.947733e+00 1.268272e+00 1.624272e+00 8.253055e-01 -6.402842e+00 -8.076665e-01 7.515038e+00 4.415824e+00 2.949890e-01 3.877807e+00
-7.152810e+00 2.301405e+00 -7.319033e+00 4.464724e-01 -4.977346e+00 1.016147e+00 -1.605040e+00 -9.252413e+00 -1.027600e+00 -2.555079e+00 3.815008e+00 6.882570e+00
-4.824863e+00 1.832413e+00 -7.702549e+00 -1.768175e+00 -1.141578e+00 -2.404922e+00 -7.511112e+00 -1.144256e+01 1.352265e+00 3.404911e+00 -4.477571e-01 7.202847e+00
-8.118488e+00 2.262130e+00 -1.437666e+00 -2.439635e+00 -3.449038e+00 5.561777e+00 -7.417092e-01 -3.765725e+00 7.439860e+00 -3.710493e-01 -9.294251e-01 2.560581e+00
-4.654997e+00 3.925670e+00 -4.826286e+00 4.230371e-01 1.026719e+00 -6.571321e-01 -5.098500e+00 -9.354408e+00 5.781990e+00 2.710128e+00 -6.292151e-01 4.727277e+00
-4.231299e+00 4.706981e+00 -1.387594e+00 4.781915e+00 5.004233e+00 7.628473e+00 4.573006e+00 -2.098210e+00 2.600989e+00 9.212086e-01 2.374639e-01 3.791997e+00
-1.148459e+01 -7.887530e-02 -5.017870e+00 2.412394e+00 2.938009e+00 7.145275e+00 4.286006e+00 5.615962e+00 4.466084e+00 3.647656e+00 5.300728e+00 7.651638e+00
-6.436204e+00 2.210549e+00 -1.648304e+00 -3.914211e+00 4.021771e-01 9.465504e+00 4.035304e-01 -3.639370e+00 6.998349e+00 1.205218e+00 -3.932759e+00 1.674720e+00
-8.599375e+00 4.598048e+00 1.996032e+00 6.603485e+00 9.015097e+00 9.729897e+00 6.162169e+00 -1.900122e+00 6.741456e+00 1.903057e+00 2.420532e+00 9.414412e+00
-5.264978e+00 1.321532e+00 -4.850932e+00 6.061108e-01 -1.293792e+00 -9.155412e-01 -4.609063e+00 2.024534e+00 4.326055e+00 -2.828208e+00 -2.452631e+00 3.186002e+00
-9.113811e+00 2.210006e+00 -1.899359e+00 7.088637e+00 5.374396e+00 6.070027e+00 4.944208e+00 7.187493e-01 5.863829e+00 4.244592e+00 6.656276e+00 4.976550e+00
-1.306646e+01 1.397693e+00 -4.103003e+00 1.919109e+00 -5.698776e-02 3.917383e+00 3.754018e+00 4.531226e+00 1.280709e+01 -1.572490e+00 7.777257e-01 5.331388e+00
-9.425272e+00 4.739293e+00 -3.296103e-01 4.374707e+00 3.445196e-01 3.207324e+00 -2.005310e+00 -3.656505e+00 6.183858e-01 5.511299e-01 7.454998e-01 6.395189e+00
-9.371664e+00 4.291281e+00 1.106336e-01 3.989725e+00 3.623281e-01 2.156655e+00 -6.911664e-01 -3.496801e+00 4.108209e+00 -2.044131e+00 -4.887121e+00 -1.110607e+00
-6.692369e+00 1.893358e+00 -2.623356e+00 2.501040e+00 -1.111715e+00 3.741115e+00 9.862684e+00 7.597085e+00 1.206872e+01 5.485852e+00 6.974385e+00 5.088280e+00
-1.354919e+01 -1.603576e+00 -5.516089e+00 -1.039448e+00 -1.669087e+00 1.684603e+00 1.973443e+00 -9.578267e-01 7.291755e+00 5.017500e+00 8.628075e+00 8.030588e+00
-1.098236e+01 1.797190e+00 -3.001609e+00 2.630724e+00 3.907959e+00 1.999005e+00 -1.223713e+00 -4.881799e-01 5.334079e+00 -7.495207e-02 5.300844e+00 5.067767e+00
-5.217925e+00 7.292261e+00 1.568840e-01 2.233767e+00 3.701740e+00 5.978770e+00 5.641532e+00 -2.305272e+00 7.070178e+00 1.162681e+00 2.233331e+00 3.037760e+00
-1.211124e+01 6.591289e-01 -2.450414e+00 3.547785e+00 7.362626e-01 4.468894e+00 4.140647e+00 3.624136e+00 1.245810e+01 3.632201e+00 4.978690e+00 8.863796e+00
-1.205734e+01 2.376646e+00 -3.832421e+00 2.054700e+00 6.469946e+00 4.115521e+00 -1.924544e+00 -1.999094e+00 1.073596e+01 2.902411e+00 5.077755e+00 5.674487e+00
-1.158361e+01 1.453557e+00 -3.084518e+00 1.223076e+00 6.361262e+00 6.835852e+00 2.056470e-01 -2.590430e+00 4.519677e+00 -3.820078e-01 5.919034e-01 3.695815e+00
-1.164337e+01 -2.497445e-01 -5.451190e+00 3.153433e+00 2.442516e+00 1.645496e+00 -1.974013e+00 -1.785990e+00 7.818032e+00 4.999199e+00 5.570482e+00 7.011635e+00
-6.041959e+00 5.944436e-01 -5.854158e+00 4.534572e-01 1.074173e+00 -4.144627e+00 -3.321431e+00 -5.879865e+00 2.890849e+00 1.150316e+00 1.907788e+00 6.207645e+00
-1.220969e+01 6.415582e-01 -1.733050e+00 3.225445e+00 4.145707e+00 1.960362e+00 9.869049e-01 7.353618e-01 6.005560e+00 4.215714e+00 2.778991e+00 8.186449e+00
-1.197120e+01 6.073363e-01 -2.202170e+00 3.862279e+00 5.086402e+00 5.232664e+00 1.908821e+00 4.932760e-01 7.520354e+00 7.170050e+00 6.014009e+00 1.119949e+01
-1.287419e+01 -4.706713e-01 -3.834056e+00 1.261226e+00 4.108568e+00 3.783744e+00 2.853245e+00 -1.033135e+00 6.283184e+00 2.580002e+00 6.718887e+00 8.657653e+00
-1.295691e+01 -8.557163e-01 -3.477538e+00 1.018402e+00 6.495268e-01 3.411113e+00 -2.609854e-01 1.199299e+00 6.852169e+00 1.381267e+00 3.720919e+00 6.481240e+00
-1.224863e+01 9.440613e-02 -2.172968e-01 6.224604e+00 5.428902e+00 5.964901e+00 3.959591e+00 -5.233735e-01 7.185856e+00 2.658060e+00 4.789240e+00 6.450097e+00
-1.386715e+01 -1.219498e+00 -3.427420e+00 -5.081683e-01 7.254951e-01 2.220710e+00 -1.298667e+00 -8.037494e-01 1.114569e+01 3.177034e+00 6.493248e+00 1.023050e+01
-1.230715e+01 1.701945e+00 -2.437773e+00 2.275327e-01 9.205251e-01 5.191478e+00 2.719931e+00 -2.561962e+00 5.960508e+00 -5.437642e-01 2.040037e+00 9.286722e+00
