-9.609221e+00 4.769206e+00 2.645344e+00 -5.019350e+00 4.261182e+00 -5.566881e+00 -1.405064e+00 -1.906449e+00 -3.034049e+00 3.221535e+00 4.178973e+00 4.083700e+00
-8.539293e+00 4.819845e+00 1.345682e+00 -1.010574e+01 2.657272e+00 -8.393451e+00 -3.006546e+00 2.016449e+00 5.513804e+00 6.985126e+00 1.281420e+01 4.302901e+00
-8.583195e+00 4.344518e+00 -5.641988e+00 -1.347153e+01 4.905808e+00 -1.687482e+00 1.330110e+00 3.029305e+00 -4.936378e-01 1.667345e+00 5.453296e+00 1.823306e+00
8.020408e+00 -1.005950e+01 2.724982e+00 -1.340862e+01 -1.765933e+01 -1.906432e+01 -1.839259e+01 -2.947773e+00 -6.826968e+00 -1.396820e+01 6.203085e+00 -4.346124e+00
9.070615e+00 -7.598992e+00 8.034134e+00 -7.614120e+00 -1.623621e+01 -1.378020e+01 -1.289669e+01 1.636252e+00 3.363545e+00 -9.314552e+00 1.110865e+01 -3.716147e+00
8.725277e+00 -8.522873e+00 4.563235e+00 -7.058207e+00 -1.327412e+01 -1.641256e+01 -8.802990e+00 2.314888e-01 -1.429738e+00 -8.644179e+00 9.399878e+00 -8.955250e-01
6.883686e+00 -7.857316e+00 5.832381e+00 -9.544397e+00 -2.052827e+01 -1.780978e+01 -1.240904e+01 -1.320200e+00 2.735545e+00 -1.110259e+01 2.348714e+00 -9.811441e+00
7.909894e+00 -9.962056e+00 3.868819e+00 -8.970177e+00 -1.498884e+01 -1.644979e+01 -1.073871e+01 -1.341754e-01 -3.032862e+00 -1.057812e+01 4.650506e+00 -3.909047e+00
9.310511e+00 -9.566620e+00 3.023902e+00 -8.328346e+00 -1.403679e+01 -1.590239e+01 -1.217808e+01 8.020017e-01 -3.625680e+00 -1.013213e+01 4.290732e+00 -2.904114e+00
7.364630e+00 -7.008461e+00 6.572213e+00 -8.283526e+00 -2.250649e+01 -1.742738e+01 -8.197063e+00 7.840154e-01 -1.776202e-01 -8.698468e+00 1.108215e-01 -1.112242e+01
9.197319e+00 -1.083626e+01 3.201994e+00 -8.880472e+00 -1.260352e+01 -1.959067e+01 -9.426683e+00 1.298907e+00 -3.246926e+00 -1.138288e+01 4.131605e+00 -6.675263e+00
8.771155e+00 -9.883981e+00 2.859730e+00 -9.472958e+00 -1.470807e+01 -1.655024e+01 -1.177834e+01 -3.205620e-01 -2.608678e+00 -1.174232e+01 3.683566e+00 -6.362449e+00
8.946263e+00 -1.040667e+01 2.347953e+00 -9.953895e+00 -1.424659e+01 -1.881371e+01 -1.119588e+01 -1.854611e+00 -1.150728e+00 -1.420371e+01 5.325986e+00 -7.496172e+00
-1.068616e+01 7.648836e+00 2.906746e+00 -9.477940e+00 1.753512e+00 -1.797078e+00 -6.879854e-02 9.743509e-01 5.769286e+00 5.764034e+00 7.688262e+00 1.000241e+00
1.054277e+01 -9.680277e+00 4.947476e+00 -6.339362e+00 -1.133932e+01 -1.432077e+01 -6.690867e+00 2.823063e+00 7.915821e-01 -8.719552e+00 6.925770e+00 -6.391329e+00
7.518541e+00 -5.402088e+00 6.287974e+00 -5.631233e+00 -2.267423e+01 -1.669001e+01 -8.930834e+00 -2.228699e+00 -1.406237e+00 -1.076417e+01 -2.447578e+00 -9.890699e+00
1.006106e+01 -1.135246e+01 3.389795e+00 -7.215130e+00 -1.097465e+01 -1.697808e+01 -8.790291e+00 1.471840e+00 4.513645e-02 -1.086351e+01 4.339534e+00 -9.663315e+00
1.046755e+01 -1.116136e+01 3.008122e+00 -6.200192e+00 -9.494179e+00 -1.507132e+01 -7.414470e+00 1.508321e+00 1.142740e+00 -9.808914e+00 4.961209e+00 -9.162303e+00
-1.047155e+01 2.211126e+00 4.867435e+00 -7.228165e+00 3.191137e+00 4.845901e+00 3.496466e+00 7.243174e-01 2.937915e+00 7.333891e-01 7.902306e+00 3.582197e+00
1.039979e+01 -1.072368e+01 1.705675e+00 -4.678755e+00 -9.497009e+00 -1.477344e+01 -7.395940e+00 1.589883e+00 7.349594e-01 -8.457906e+00 4.226708e+00 -9.759282e+00
1.158130e+01 -1.039314e+01 2.496347e+00 -5.016998e+00 -8.679358e+00 -1.299377e+01 -8.155836e+00 2.417228e+00 1.312463e+00 -6.859453e+00 3.414602e+00 -7.576966e+00
8.257369e+00 -3.740549e+00 9.456425e+00 -9.456086e-01 -1.383727e+01 -1.358110e+01 -7.695198e+00 -5.384105e+00 -4.628119e+00 -5.848828e+00 -5.032137e+00 -8.022646e+00
1.296106e+01 -1.131744e+01 3.089874e+00 -4.460918e+00 -7.911308e+00 -1.187641e+01 -1.139765e+01 2.529192e+00 1.725811e+00 -6.234293e+00 3.167490e+00 -6.556809e+00
-7.056940e+00 -9.655045e-01 6.555848e+00 -7.434890e+00 1.021042e-01 4.997064e+00 1.020256e+01 3.789047e+00 1.694530e+00 1.699827e-01 6.424023e+00 3.987135e+00
1.452098e+01 -8.961206e+00 2.231578e+00 -5.603560e+00 -7.903249e+00 -1.173183e+01 -1.221926e+01 8.616744e-01 2.503181e+00 -2.599927e+00 2.616930e+00 -5.218626e+00
-2.034542e+01 1.183880e+00 -5.277629e+00 6.998791e+00 2.388144e+00 9.885617e+00 4.180167e+00 8.890212e-01 1.283814e+00 1.523852e+00 -5.127410e+00 -7.150834e-01
1.534186e+01 -8.665665e+00 -1.384473e-01 -1.541879e+00 -9.278624e+00 -1.262415e+01 -1.409429e+01 -7.383351e-01 -2.073205e+00 -2.936868e+00 -8.372245e-01 -6.687549e+00
1.504118e+01 -7.540599e+00 8.371944e-01 -5.970879e-01 -7.372115e+00 -9.431598e+00 -1.587772e+01 1.169583e+00 -5.452722e+00 -5.657005e-01 -3.216699e+00 -8.359912e+00
8.106966e-01 6.697112e-01 1.133350e+01 -3.834794e+00 -5.460646e+00 -3.847747e+00 1.426614e+00 -2.942784e+00 -4.847340e+00 -4.612492e+00 -3.558883e+00 -3.969669e-04
1.599030e+01 -4.944790e+00 -3.499840e-01 2.236819e+00 -7.100640e+00 -5.685030e+00 -1.533678e+01 -3.074009e-01 -4.491469e+00 1.362153e+00 -2.789801e+00 -9.063854e+00
1.638905e+01 -1.646916e-01 -1.967019e+00 2.903704e+00 -4.229562e-01 -2.538650e+00 -1.038483e+01 -1.548154e+00 -2.876605e+00 2.941631e+00 -1.094165e+00 -7.765546e+00
-4.809707e+00 5.697110e-01 -4.372301e+00 -1.276626e+01 4.399133e+00 -1.183858e+00 1.767661e+00 2.362680e+00 -3.565724e-01 1.850403e+00 4.012120e+00 -8.325267e-02
1.350774e+01 -3.443323e-01 -1.550187e-01 2.409517e+00 -2.920890e+00 1.165344e+00 4.445801e+00 -5.835468e+00 -4.094543e+00 3.725168e+00 -3.104741e+00 -8.529495e+00
1.460158e+01 2.602809e+00 1.384520e+00 5.824519e+00 1.600067e+00 2.154819e+00 5.638724e+00 -8.537437e+00 -5.095602e+00 2.113263e+00 -4.280325e-01 -7.496000e+00
1.317739e+01 3.739339e+00 3.754083e-01 1.141977e+01 9.465137e+00 5.348264e+00 3.784277e+00 -7.224456e+00 -5.665964e+00 -1.327815e+00 -5.616137e+00 -5.906847e+00
-1.396544e+01 6.419321e+00 -4.995559e+00 5.011278e+00 -8.247099e-01 7.165309e+00 1.617844e+00 -5.291036e-01 1.239239e+00 4.384020e+00 -1.472023e+00 3.546894e+00
1.011383e+01 1.284359e+00 -1.032053e-01 1.129154e+01 1.031944e+01 7.310798e+00 5.864939e+00 -3.556323e+00 -1.249084e+01 -4.155348e+00 -8.622864e+00 -1.286516e+01
-1.288318e+01 4.416632e+00 3.121526e-01 5.799589e+00 1.512500e+00 7.949409e+00 -3.650374e-01 -3.178379e+00 -2.168650e+00 8.608885e-01 -1.327505e+00 6.195329e+00
-8.948950e+00 -1.004451e+01 -5.492916e-01 5.982744e+00 -2.825292e+00 8.876855e+00 5.791879e+00 -8.790604e+00 -3.866850e+00 4.880166e+00 8.101004e+00 -6.064887e-01
7.846476e+00 -2.538996e-01 -1.286833e+00 1.214238e+01 1.090345e+01 6.774593e+00 8.881719e+00 -1.798104e+00 -9.907928e+00 -4.399049e+00 -1.024811e+01 -1.112807e+01
-7.693344e+00 -8.519042e+00 -3.434935e-01 5.982137e+00 -3.042103e+00 7.483696e+00 3.216901e+00 -1.283570e+01 -5.276154e+00 6.787027e+00 9.887449e+00 -8.861113e-02
2.014434e+00 -9.454772e-01 -6.612718e+00 4.700942e+00 6.540706e+00 9.443198e+00 9.819255e-01 5.252584e+00 -1.108735e+01 2.613096e+00 -5.339185e+00 -1.010993e+01
6.010988e+00 2.961794e-01 -7.709488e-01 8.605737e+00 7.366710e+00 5.852087e+00 4.396912e+00 -7.503335e-01 -9.401344e+00 -5.375748e+00 -8.346134e+00 -5.793865e+00
3.955846e+00 -1.846195e+00 -6.231380e+00 5.801396e+00 3.434174e+00 2.137209e+00 5.335636e+00 1.767717e+00 -8.877461e-01 1.772157e+00 -1.589867e+00 2.618492e-01
3.975844e+00 -7.829175e-01 -6.914070e+00 4.799465e+00 4.617284e+00 5.118631e+00 3.200464e+00 2.381016e+00 -2.563851e-01 3.471367e-01 -1.832898e+00 -9.094968e-01
5.945383e+00 1.569428e+00 -4.910515e+00 7.083600e+00 9.956113e+00 6.547131e+00 4.067325e+00 9.376983e-01 1.255598e-01 -1.825883e-01 -8.103238e+00 -4.641507e-01
4.360262e+00 1.325691e+00 -4.285895e+00 8.726765e+00 1.366732e+01 5.549888e+00 1.819148e+00 1.016733e+00 3.064857e+00 -4.162680e+00 -6.911062e+00 -1.401023e+00
5.620927e+00 1.027151e+00 -3.948352e+00 6.335038e+00 3.217859e+00 3.277988e-01 3.019485e+00 1.591291e+00 -4.414188e+00 2.240372e+00 -2.568569e+00 -4.324143e+00
-9.060329e+00 2.815943e+00 -8.305014e-01 4.958247e+00 3.557216e+00 3.867957e+00 3.429362e+00 5.822632e-01 -1.975016e+00 4.936272e+00 1.621492e+00 6.375346e+00
-2.104098e+00 9.023461e+00 3.792494e+00 6.157103e+00 1.240375e+01 1.073078e+01 2.654810e+00 2.162022e+00 4.357076e-02 -2.014174e+00 -3.973351e+00 1.735067e+00
2.518997e+00 2.232530e+00 -4.073958e+00 3.621118e+00 7.420178e+00 7.170190e+00 5.183485e+00 5.940256e+00 3.304688e+00 6.759214e-01 -4.073720e+00 2.977134e+00
-2.221289e-01 1.790082e+00 -3.644147e+00 1.395451e-01 -2.303483e+00 5.925680e+00 8.857601e+00 -2.383020e+00 -4.209885e+00 5.088560e+00 5.150502e+00 6.056690e+00
-5.013494e-01 2.156990e+00 -1.229692e+00 3.294251e+00 2.724107e+00 1.158663e+01 1.471210e+01 5.215063e+00 -3.450073e+00 -8.582950e-01 -3.455463e+00 -5.075068e-01
-3.157962e+00 6.424668e+00 2.611183e+00 4.174221e+00 9.809607e+00 5.889795e+00 6.637887e+00 5.332579e+00 -1.739497e-01 -2.685254e-01 -5.192935e-01 7.443989e+00
-1.342979e+00 5.709224e+00 -1.400887e+00 3.323001e+00 5.569169e+00 1.019715e+01 3.143734e+00 -1.055168e+00 8.054292e-01 4.187703e-02 -6.406231e+00 4.556632e+00
-3.397649e+00 3.364941e+00 -4.140922e+00 8.407692e-01 2.913263e+00 1.739530e+00 -6.476645e-01 -1.084212e+00 3.019005e+00 3.056320e+00 -4.553134e+00 4.433617e+00
-5.686665e-01 2.700285e+00 -8.611184e-01 3.569422e+00 5.465539e+00 9.195662e+00 6.561607e+00 4.533617e-01 1.071309e+00 -6.459709e+00 -6.710667e+00 6.767226e+00
-3.969471e+00 4.616910e+00 1.699965e+00 2.178511e+00 6.147625e+00 7.697090e+00 4.618550e+00 6.705906e+00 5.560813e+00 4.913318e+00 1.449386e+00 7.493100e+00
-4.074218e+00 -1.730335e+00 -3.144981e+00 -8.829762e-01 -3.062777e+00 2.514240e+00 5.795113e+00 -1.867095e+00 1.417260e+00 6.230624e+00 2.263573e+00 4.764418e+00
-2.432974e+00 5.320206e+00 -8.325925e-01 1.289396e+00 3.323531e-02 3.849812e+00 4.279701e+00 2.703413e+00 -1.184716e+00 7.206705e-01 1.005433e+00 7.367160e+00
1.562919e+00 2.613242e+00 -2.856879e+00 2.217211e+00 6.801421e+00 2.596078e+00 6.814196e+00 4.315099e+00 4.705420e+00 7.601335e-01 -7.466831e+00 3.244407e-01
-2.188448e+00 7.862418e+00 3.628963e+00 5.954835e+00 6.095201e+00 7.233461e+00 3.139587e+00 1.323216e+00 3.486254e+00 5.330520e+00 -5.914811e+00 -1.821417e+00
-1.376228e+00 5.592124e+00 1.143919e+00 3.295826e+00 2.381567e+00 5.373616e+00 9.016690e+00 2.927335e-01 -4.238752e+00 -2.307232e+00 -5.338455e-01 4.196623e+00
-2.007726e+00 6.334085e+00 -1.392886e+00 1.450073e+00 3.404290e+00 7.733715e+00 9.844978e+00 3.609839e+00 1.134462e-01 5.339097e+00 1.283414e+00 5.015973e+00
-2.197107e+00 5.892215e+00 4.533153e+00 7.026664e+00 1.111841e+01 8.859737e+00 5.613205e+00 3.674182e+00 4.184527e+00 1.412321e+00 -6.470822e+00 -7.943761e-01
-4.885708e+00 5.091470e+00 5.281008e-01 4.213408e+00 4.646187e+00 4.180951e+00 3.202813e-01 -5.352162e-01 -2.173095e-01 6.490226e-01 -5.392574e+00 -1.658502e+00
-2.893941e+00 6.021623e+00 2.415631e+00 4.266709e+00 3.411102e+00 4.284012e+00 4.967534e+00 4.605911e+00 4.231236e-01 -5.846291e-01 -3.800406e+00 3.125818e+00
-5.023308e-01 6.825735e+00 1.440457e+00 4.781776e+00 1.219980e+00 -1.757542e+00 -2.171731e-01 -3.362453e+00 9.158762e-01 -9.174457e-01 -4.054643e+00 3.137031e+00
-5.032084e+00 2.560675e+00 -3.664625e+00 -5.607730e-01 3.029084e+00 -1.555641e+00 -3.357064e+00 -8.184823e-01 5.074796e+00 5.070681e+00 4.634784e+00 7.663043e+00
-1.311161e+00 8.716573e+00 4.515298e+00 8.416127e+00 7.215022e+00 4.816116e+00 -3.271132e-01 1.862514e+00 8.819449e-01 1.313110e+00 3.423165e-01 5.534349e+00
-5.446806e-01 4.154913e+00 -2.356039e+00 2.275557e+00 1.592630e+00 -1.515119e+00 -3.304889e+00 -2.389726e+00 1.664575e+00 -9.202943e-01 -3.871913e+00 5.030508e+00
-6.851580e+00 1.410341e+00 3.952546e-01 4.193665e+00 7.093438e+00 7.138066e+00 2.392205e+00 -2.098264e+00 1.587887e+00 7.926133e+00 2.441782e+00 5.099632e+00
1.333055e+00 4.173902e+00 -1.238904e+00 3.579763e+00 7.924746e+00 6.842230e+00 4.683065e+00 4.894794e+00 2.824718e+00 -1.213359e+00 -2.655249e+00 8.514962e-01
-1.731503e+00 6.231999e+00 1.817783e+00 5.728922e+00 9.078119e+00 5.311279e+00 1.691041e+00 1.829181e+00 1.268896e+00 -4.889146e+00 -6.383226e+00 3.705042e+00
-2.629391e+00 3.196934e+00 -4.369340e-01 -2.693402e+00 2.276815e+00 -2.126206e+00 -3.114886e+00 -4.151763e+00 2.919540e+00 4.505894e+00 4.907204e+00 8.023743e+00
-6.638950e+00 1.722928e-01 -4.287675e+00 5.115315e-01 5.317204e+00 9.098333e+00 7.225876e+00 1.961651e+00 6.220389e+00 4.012280e+00 6.407284e-01 5.175247e+00
-4.688428e+00 2.422254e+00 -5.339798e-01 -4.256095e+00 -2.465022e+00 -3.608127e+00 -3.650854e+00 -3.651860e+00 -1.886542e-01 1.175646e+00 -2.503109e+00 3.617693e+00
-5.898587e+00 2.873038e+00 1.338880e-01 1.925111e+00 1.829162e+00 3.028327e+00 -2.441683e-01 2.793397e+00 8.479896e-01 1.144613e+00 -3.828760e+00 2.660227e+00
-6.780472e+00 9.536963e-01 -1.328561e+00 2.920875e+00 6.538702e+00 5.560522e+00 2.479465e+00 2.277370e+00 4.012416e+00 5.382887e+00 1.927349e+00 4.407201e+00
-3.089515e+00 7.109864e-01 -4.354901e+00 -2.335005e+00 -9.993696e-01 1.027409e+00 1.384898e+00 -4.862648e+00 -2.389979e+00 5.867803e-01 -5.158821e-01 5.125201e+00
-2.975252e+00 3.166026e+00 -1.291781e-01 -7.927052e-01 -1.508072e+00 1.475886e+00 -3.355986e+00 -4.745726e+00 -3.144781e+00 2.082811e+00 1.978104e-01 3.630558e+00
-4.485959e+00 4.197469e+00 -9.393435e-01 3.000806e+00 4.642758e+00 5.042433e+00 2.376037e+00 -1.557089e+00 2.868287e+00 1.109946e+00 -1.384647e+00 5.837870e+00
-3.690120e+00 4.301064e+00 -1.277763e-01 -1.290550e+00 -2.079742e+00 3.422492e+00 5.429125e-02 -5.408835e+00 1.225883e+00 2.845860e-01 7.312200e-01 3.902613e+00
-4.919864e+00 4.017259e+00 -5.218010e-01 2.374729e-01 1.619224e+00 5.472486e+00 1.906440e+00 -1.310986e+00 1.833711e-01 3.273086e+00 1.498800e+00 2.738993e+00
-5.790450e+00 1.138941e+00 -6.203995e-01 -3.490225e-01 3.794776e+00 3.358893e+00 5.682666e-01 -1.309044e+00 4.480426e+00 6.474813e+00 -1.570578e+00 2.270970e-01
-4.585972e+00 3.299832e+00 -1.714357e+00 -2.094766e+00 -1.012099e+00 7.136161e-01 -1.743821e+00 -4.803816e+00 -1.811033e+00 2.040362e+00 5.657134e+00 9.168324e+00
-7.855301e+00 -1.203376e+00 -4.474184e+00 -6.710266e-01 4.964610e+00 7.696663e+00 5.803888e+00 -8.557169e-01 6.919611e+00 9.251289e+00 -1.563854e-01 7.699866e-01
-6.120060e+00 2.871861e+00 -2.566946e+00 -4.324450e-01 1.743216e+00 2.572973e+00 4.930618e+00 -1.765193e+00 -1.636353e+00 6.672458e+00 9.066195e-01 6.016273e+00
-7.817640e+00 1.589732e+00 -1.284702e+00 4.400774e+00 6.081165e+00 8.766418e+00 4.295837e+00 2.396644e+00 4.606035e+00 2.912587e+00 -2.374900e-01 5.033105e+00
-6.596136e+00 7.237747e-01 6.903993e-01 3.175285e+00 1.916319e+00 5.019678e+00 6.308459e+00 -2.129689e+00 -3.147202e-01 2.277249e+00 -4.712319e+00 3.768544e+00
-6.624630e+00 1.999891e+00 7.698476e-01 1.199171e+00 3.990283e+00 5.086911e+00 4.268120e+00 1.807886e+00 4.925004e+00 1.505522e+00 -3.348719e+00 -3.276482e+00
-6.246618e+00 1.459676e+00 -1.048315e+00 1.104685e+00 5.549101e+00 4.070306e+00 2.465787e+00 3.155026e-01 6.660049e+00 8.485052e+00 7.968318e-01 5.863753e+00
-5.410459e+00 1.603833e+00 -4.163501e+00 -8.128784e-01 2.484756e+00 7.310227e+00 1.096809e+01 4.407753e+00 5.443509e+00 7.511440e+00 2.934361e+00 6.629901e+00
-4.232748e+00 1.161564e+00 -4.355474e+00 -3.294359e+00 -2.321457e+00 -1.123882e+00 -1.237205e+00 -4.745342e-01 3.980227e-01 4.829831e+00 3.263231e+00 2.183277e+00
-6.651136e+00 5.624206e-01 -1.402541e+00 1.108768e+00 5.856069e+00 8.352390e+00 4.617815e+00 -2.104990e+00 -1.956515e+00 1.110237e+00 -6.412494e+00 -2.648456e+00
-5.792294e+00 2.062307e+00 4.906524e-01 1.861603e+00 4.482872e+00 3.149094e+00 5.232287e+00 4.700976e+00 2.585261e+00 4.702333e+00 -2.464690e+00 1.096188e+00
-6.562635e+00 1.367211e+00 -2.888418e+00 4.003215e-02 3.160885e+00 2.465080e+00 2.949151e+00 4.576695e+00 4.225734e+00 3.759436e+00 -7.201743e-01 6.685928e+00
-3.623335e+00 2.524906e+00 -1.514275e+00 -2.585732e+00 3.806863e-01 1.481911e+00 4.956610e-01 -7.550330e-01 4.742896e+00 6.642267e+00 1.911301e+00 6.294861e+00
-3.318785e+00 2.258605e+00 -1.892153e+00 -7.909465e-02 2.533257e+00 3.173401e+00 -1.422159e+00 -5.126367e+00 -2.242550e+00 1.160099e+00 2.557916e+00 6.349152e+00
-7.848576e+00 2.249726e+00 -1.763874e+00 3.775500e-01 4.743475e+00 4.146038e+00 3.586579e+00 -1.004041e+00 1.177663e+00 1.025745e+01 1.744785e+00 2.431885e+00
-5.814670e+00 2.749062e+00 -1.697831e+00 -3.338314e-01 4.991814e+00 3.066191e+00 3.739155e+00 3.211167e+00 5.085314e+00 6.106772e+00 -4.635423e+00 8.474472e-01
-7.994286e+00 -1.782391e+00 -8.243524e+00 -4.316744e+00 1.887694e+00 6.035168e+00 3.388473e+00 6.473095e+00 7.642085e+00 9.409744e+00 1.105715e+00 1.563354e+00
