7.604311e+00 -9.645300e+00 9.573804e+00 2.439363e+00 -1.753670e+01 -1.351406e+01 -1.516227e+01 -5.513066e+00 1.740495e-01 -1.421938e+01 4.447073e+00 -2.484625e+00
8.231319e+00 -9.589422e+00 9.120076e+00 1.643568e+00 -1.938777e+01 -1.432162e+01 -1.699146e+01 -6.669439e+00 -2.347876e+00 -1.420104e+01 1.556944e+00 -2.559580e+00
7.158301e+00 -7.843263e+00 5.798346e+00 3.643487e+00 -1.754561e+01 -1.139015e+01 -1.877699e+01 -6.010881e+00 -6.733091e-01 -1.518564e+01 4.198325e+00 -3.776513e+00
7.569043e+00 -5.759799e+00 5.044117e+00 2.642600e+00 -1.501171e+01 -1.227731e+01 -1.949767e+01 -5.846058e+00 -5.120222e-01 -1.556859e+01 3.160768e+00 -6.540649e+00
8.316984e+00 -5.681632e+00 6.488943e+00 1.765568e+00 -2.145596e+01 -1.395344e+01 -1.507334e+01 -6.412923e+00 -2.096574e+00 -1.754540e+01 -2.753802e+00 -5.404912e+00
8.543913e+00 -3.255464e+00 5.154493e+00 4.811775e+00 -1.074654e+01 -8.434413e+00 -2.166807e+01 -5.024703e+00 -8.165712e-01 -1.291250e+01 5.050056e+00 -9.201170e+00
-1.421115e+01 -7.364681e+00 4.943843e+00 -3.187713e+00 -8.275534e+00 -2.349631e+00 -2.932733e+00 6.414525e+00 6.525131e+00 5.375339e-01 4.405855e+00 6.577142e+00
-1.277570e+01 -4.677525e+00 -2.431700e+00 -6.785888e+00 -1.123831e+01 -3.680800e+00 4.220429e+00 1.164819e+01 7.975549e+00 -3.556406e+00 1.740338e+00 3.168697e+00
9.095654e+00 -1.433481e+00 4.940123e+00 3.894783e+00 -7.661445e+00 -9.723625e+00 -2.358306e+01 -7.676182e+00 -2.393162e+00 -1.227027e+01 4.246309e+00 -1.283194e+01
-1.157566e+01 -7.148183e+00 4.325315e+00 -2.804143e+00 -8.132356e+00 -2.434403e+00 -3.747895e+00 -4.515739e+00 -2.755446e+00 -8.261925e+00 2.652321e+00 4.728920e+00
-7.343539e+00 -1.710851e+00 1.554228e+00 -2.600544e+00 1.566061e+00 7.914711e+00 2.267075e+00 3.616856e+00 1.907850e+00 1.691190e+00 3.104646e+00 1.811702e+00
1.021783e+01 6.869521e-01 3.552479e+00 4.025962e+00 -5.307456e+00 -6.695102e+00 -2.582004e+01 -8.230836e+00 -3.505286e+00 -1.060974e+01 4.461959e+00 -1.609881e+01
1.107754e+01 1.849578e+00 4.360693e+00 3.787830e+00 -3.261556e+00 -4.668620e+00 -2.490454e+01 -1.019375e+01 -4.286665e+00 -7.366587e+00 7.417917e+00 -1.759471e+01
-7.491736e+00 -7.483912e+00 4.892751e+00 3.551167e+00 -7.291133e+00 -7.524241e+00 -1.361495e+00 1.024377e+01 3.193147e+00 -1.404614e+01 -2.622213e+00 1.918059e+00
1.234730e+01 4.294059e+00 3.240996e+00 4.389789e+00 -1.261319e+00 -3.268851e+00 -2.468129e+01 -1.053516e+01 -8.232360e+00 -6.393304e+00 7.807912e+00 -1.670834e+01
7.245210e+00 -7.361254e-01 8.216317e+00 5.111559e+00 -1.586568e+01 -1.060934e+01 -8.183016e+00 -1.523209e+00 -1.963717e+00 -1.488509e+01 -5.791127e+00 -7.011623e+00
-1.430010e+00 -5.913726e+00 2.135397e+00 -4.675195e+00 -1.526503e+00 1.330170e+01 -3.753541e+00 -1.619662e+00 -9.873778e-01 6.342818e+00 -1.201685e+00 -6.647684e-01
1.369646e+01 6.232278e+00 3.103300e+00 2.744002e+00 1.828549e+00 -4.210443e+00 -1.839908e+01 -1.138633e+01 -1.148850e+01 -2.466157e+00 6.970622e+00 -1.419588e+01
1.120748e+01 7.604045e+00 5.324715e+00 5.269138e+00 3.345918e+00 -6.493501e+00 -1.065122e+01 -1.068172e+01 -1.396309e+01 1.944502e+00 5.562570e+00 -8.536020e+00
8.312973e+00 -5.591023e-02 -6.437284e-01 6.104021e+00 1.173785e+01 -5.766032e+00 -3.052186e+00 -2.881273e+00 -8.606502e+00 -3.486742e-01 -4.565791e+00 -7.991630e+00
-8.366555e+00 4.977228e+00 3.230234e-01 -2.797823e-01 -6.874230e-01 1.171670e+01 -1.189346e+00 3.401475e+00 2.741757e+00 3.428523e+00 1.245358e+00 2.816550e+00
7.840520e+00 -1.788827e+00 -2.817258e+00 2.915890e+00 9.692546e+00 -3.037082e+00 -8.240609e-01 1.927797e+00 -3.097102e+00 5.257016e-01 -3.195199e+00 -7.116685e+00
-4.946536e+00 -1.458849e+01 -2.414605e+00 1.251954e+01 2.710588e+00 -1.339306e+00 1.011590e+00 3.008734e+00 -1.534198e+00 1.836660e+00 -5.275144e+00 6.146100e+00
6.466831e+00 -2.274835e+00 -5.546047e+00 -1.316216e-01 1.139719e+01 4.964955e+00 8.245460e+00 5.003836e-01 -1.022118e+01 2.460839e+00 4.559488e-01 -1.641258e+00
5.457244e+00 -3.129764e+00 -9.519761e+00 -1.580230e+00 4.360029e+00 6.317042e+00 1.174762e+01 2.026568e+00 -1.360465e+01 -5.692331e-01 6.107177e+00 4.531166e+00
2.895227e+00 -3.744255e+00 -1.205187e+01 -1.163873e+00 2.611395e+00 6.679436e+00 1.330110e+01 -5.183893e+00 -9.090483e+00 1.091143e+00 3.564277e-01 2.531856e+00
3.578523e+00 -4.271688e+00 -9.574990e+00 -4.659121e+00 2.500744e-01 3.439397e+00 4.556308e+00 -7.547633e+00 -1.128440e+01 -1.969467e+00 1.066354e+00 1.040509e-01
2.398543e+00 -4.173273e+00 -7.737871e+00 -4.940492e+00 -2.996688e+00 5.447980e+00 1.206494e+01 5.229794e+00 -9.503334e+00 -2.862651e+00 -3.128316e+00 5.901291e-01
1.848709e+00 -3.817953e-01 -8.148271e+00 -5.767121e+00 3.727442e+00 1.194577e+00 6.971279e+00 7.151526e-02 -8.703878e+00 2.939857e+00 -1.908483e+00 -5.850641e-01
-2.584365e+00 1.761090e+00 -1.390266e+00 1.585679e+00 -4.781783e-01 -6.928848e-01 6.873343e+00 5.620129e+00 2.549656e+00 2.755784e+00 -1.492218e+00 6.243439e+00
-3.036178e+00 -1.800541e+00 -2.267552e+00 4.597692e+00 3.216870e+00 -3.973680e+00 2.241651e+00 2.967411e+00 3.214507e+00 8.897177e-01 3.620327e+00 5.226876e+00
-1.780644e+00 1.986079e+00 -1.084088e+00 1.370253e+00 3.637939e+00 7.348707e+00 7.327609e+00 2.424726e+00 2.609014e+00 5.637109e+00 2.644329e+00 7.553798e+00
-5.975256e-01 4.464822e+00 -2.271483e+00 -9.859684e-01 2.183450e+00 4.112391e+00 4.992568e+00 3.540515e+00 4.170579e+00 5.019801e+00 1.522617e-01 3.338486e+00
-4.863444e+00 4.946389e-01 6.216099e-01 -2.493402e+00 1.707602e+00 3.640600e+00 4.017000e-01 -1.596425e-01 -1.657513e-02 1.285433e+00 -1.719892e+00 -5.408402e-01
-3.261188e+00 2.458711e+00 -1.076061e+00 -1.355845e+00 3.416750e+00 3.360224e+00 3.957541e+00 1.344041e+00 7.200933e+00 3.801983e+00 -1.527210e+00 5.671093e+00
-1.393099e-01 5.153993e+00 3.968508e+00 2.809234e+00 9.426171e+00 1.025495e+01 1.078949e+01 3.609784e+00 5.044867e+00 1.031428e+01 1.083545e+00 3.872677e+00
-1.521468e+00 5.501556e+00 1.877742e+00 1.225915e+00 6.656687e+00 4.890335e+00 2.560333e+00 1.906018e+00 -2.333654e+00 4.375197e+00 1.982656e+00 5.285003e+00
7.476215e-01 2.217679e+00 -5.472465e+00 -1.072911e+00 5.006950e+00 3.159101e+00 6.102927e+00 -2.256510e+00 -7.768118e+00 4.509612e+00 1.868353e+00 5.986985e+00
-1.970472e-01 5.459512e+00 2.137401e+00 -7.318048e-01 3.933052e+00 8.241684e+00 1.289912e+01 3.015947e+00 3.020834e+00 6.840856e+00 -2.742013e+00 -4.026178e-01
-1.614857e+00 6.133226e+00 2.343577e+00 -9.887505e-02 1.843618e+00 3.840259e+00 6.793396e+00 1.221409e+00 4.534666e+00 5.694778e+00 -3.277022e+00 3.600555e+00
-2.982284e+00 3.130330e+00 -9.904138e-01 1.831252e+00 2.107116e+00 4.198305e+00 5.481599e+00 4.641026e+00 9.683513e+00 6.575445e+00 -4.740112e+00 3.618966e+00
-7.762938e-01 1.334940e+00 -3.080444e+00 -4.513705e+00 -2.001441e+00 1.593768e+00 8.480310e+00 6.746669e+00 2.372079e+00 1.730908e+00 -1.402984e+00 5.654194e+00
-1.884014e+00 2.450530e+00 8.303817e-01 3.378350e+00 9.738578e+00 6.680491e+00 9.093781e+00 6.066051e+00 3.985577e+00 8.157029e+00 9.849863e-01 1.715198e+00
-4.865073e+00 2.850856e+00 -1.515631e+00 -4.707778e+00 7.443812e-01 3.830311e+00 4.463590e+00 -4.714726e+00 -2.369767e+00 3.928268e+00 -2.553782e+00 9.799944e-01
-1.633639e+00 2.199142e+00 -2.128343e+00 -8.645198e-01 4.975270e+00 -4.677498e-01 1.031582e+00 1.200452e+00 2.437988e+00 4.148566e+00 2.547907e+00 1.523260e+00
-7.286787e-01 4.747799e+00 2.296127e+00 1.836536e+00 5.556522e+00 1.546377e+00 4.173988e+00 5.059293e+00 9.909868e+00 4.358996e+00 -6.238523e+00 -8.425887e-01
1.933565e-01 4.613082e+00 -2.436966e-01 1.819708e+00 7.153022e+00 4.992650e+00 1.222124e+01 7.227399e+00 3.986638e+00 8.347739e+00 3.525969e+00 2.650430e+00
-3.396590e+00 1.269024e+00 1.866955e-01 -1.416952e+00 -1.751490e+00 -3.686838e+00 1.449639e+00 2.890902e+00 3.553612e+00 1.740615e+00 -4.637707e+00 1.653881e+00
-5.090749e+00 4.946572e-01 -1.913836e+00 -4.180941e+00 1.044076e+00 -1.914021e+00 -9.291205e-01 -3.191453e+00 5.157862e-01 2.380727e+00 -7.240909e+00 -1.536557e+00
-4.600434e+00 2.295659e+00 3.799817e-01 -5.580326e+00 2.064078e-01 -2.228954e+00 -1.356206e-01 -3.821633e+00 2.888075e+00 7.807291e+00 -1.334621e+00 2.515303e+00
-4.404429e+00 -3.296379e+00 1.205920e+00 6.133657e+00 3.381229e+00 -4.660302e+00 -1.731161e+00 -1.988718e+00 -1.557117e+00 2.596162e+00 -1.882420e+00 2.735318e+00
-3.390439e+00 1.854191e+00 -2.887132e+00 -1.788714e+00 3.468271e+00 2.764685e+00 6.624498e+00 -1.302066e+00 4.581764e+00 5.279759e+00 -6.198897e-01 2.596945e+00
-3.477345e+00 2.335574e+00 -7.832958e-01 -2.448119e+00 1.769840e+00 -3.851377e-01 5.327528e+00 -3.942901e+00 2.021373e+00 3.874455e+00 -2.618921e+00 4.619983e-01
-3.146960e+00 1.173449e+00 -2.172694e+00 -3.731719e+00 1.851881e+00 3.258718e+00 2.354690e+00 -2.833417e+00 -8.994291e-01 2.922307e+00 -7.972760e-01 2.053281e+00
-3.421994e+00 4.448305e-01 8.093337e-01 -9.263616e-01 4.954292e+00 2.787685e-01 4.282712e+00 7.551677e+00 3.594063e+00 2.250385e+00 -1.750059e+00 6.332487e+00
-2.717342e+00 2.057152e+00 -6.152695e-01 -3.781893e+00 1.631386e+00 1.415800e+00 2.934857e+00 -3.399064e+00 1.908653e+00 5.022589e+00 7.844543e-02 -4.915634e-01
-3.145637e+00 1.228803e+00 -3.330045e+00 -2.116020e+00 1.618102e+00 1.354297e+00 2.326537e+00 -2.628973e+00 3.173121e+00 -3.409940e-01 -5.668941e+00 3.286949e-01
-3.576226e+00 1.612032e+00 -1.256737e+00 -2.247987e+00 2.028536e+00 3.499957e+00 8.182775e+00 6.138827e+00 8.268563e+00 3.957189e+00 5.169711e-01 7.522456e+00
-3.949454e+00 7.973750e-01 -2.345049e+00 -3.878993e+00 1.187958e+00 -1.159903e+00 -8.654056e-01 4.620064e-01 -3.397813e-01 5.969958e-01 -2.447019e+00 -1.194360e+00
-2.706045e+00 1.888985e+00 -1.073345e+00 -9.314401e-01 4.506663e+00 4.773459e+00 8.780620e+00 8.375405e+00 6.133685e+00 3.348661e+00 -1.207223e+00 5.785278e+00
-1.465943e+00 2.520602e+00 6.091458e-01 3.507102e+00 6.465857e+00 4.843545e+00 1.055797e+01 1.474805e+00 2.046991e+00 6.867530e+00 -2.168311e+00 6.303875e-01
-2.399846e+00 2.819426e+00 -1.551758e+00 -1.217364e+00 9.951079e-01 1.474828e+00 2.299642e+00 -2.407137e+00 2.013255e+00 7.812730e+00 3.355077e+00 7.170891e-01
-2.987239e+00 1.486195e+00 -2.201559e+00 -8.527517e-01 3.812195e+00 2.989240e+00 8.030223e+00 2.755424e+00 3.523320e+00 1.588565e+00 4.253419e+00 2.417891e+00
-1.824183e+00 4.563032e+00 5.288027e-01 -2.182205e+00 2.846789e+00 4.054709e-01 5.495953e+00 2.395470e+00 3.915304e+00 8.205075e-01 -5.236148e+00 1.616626e+00
-2.124953e+00 1.329189e+00 -1.406790e+00 -1.791571e+00 1.408079e+00 2.005961e+00 3.119412e+00 2.704365e+00 3.197135e+00 -9.132034e-01 2.995486e-01 2.765482e+00
5.515079e-01 2.788746e+00 -1.273849e+00 -2.175828e+00 5.267146e+00 4.474817e+00 8.252874e+00 3.899641e+00 -2.630293e+00 2.653456e+00 -5.599151e+00 6.978744e-01
-2.214231e+00 6.435694e-01 -2.850415e+00 -3.646628e+00 1.675984e+00 -1.709679e-01 4.919935e+00 3.079259e+00 2.679253e+00 2.215964e+00 -1.565489e+00 3.914495e+00
-1.955435e+00 1.544504e+00 -1.819872e+00 -1.059084e+00 4.769356e+00 -1.173796e+00 4.703151e+00 3.690448e+00 8.330271e+00 1.586235e+00 -2.019090e+00 3.361889e+00
