6.801716e+00 -1.817379e+01 -7.230607e-01 -3.314428e+00 -9.189949e-01 1.586271e+00 -1.140737e+01 -4.720653e+00 1.665366e+01 -1.520517e+01 -5.980502e+00 -5.171316e+00
6.528914e+00 -1.836261e+01 7.516362e-01 -2.730143e+00 -1.445110e+00 2.744989e-01 -1.169689e+01 -2.310710e+00 1.539940e+01 -1.418226e+01 -4.881247e+00 -4.340369e+00
6.903917e+00 -1.784850e+01 9.848453e-01 -2.040357e+00 -2.912196e+00 -1.000189e+00 -1.184119e+01 -2.575964e-01 1.266717e+01 -1.185833e+01 -6.688320e+00 -2.854086e+00
6.285526e+00 -1.685352e+01 -2.356465e+00 -3.253791e+00 -7.787132e-01 4.102656e+00 -1.149040e+01 -5.736631e+00 1.627223e+01 -1.414175e+01 -7.427203e+00 -4.062922e+00
6.161347e+00 -1.554837e+01 -3.860471e+00 -2.786620e+00 -1.246320e+00 6.261677e+00 -1.192802e+01 -6.845667e+00 1.786433e+01 -1.416542e+01 -7.605059e+00 -3.388028e+00
6.716416e+00 -1.789679e+01 1.517960e+00 -8.744605e-01 -4.771617e+00 -8.619857e-01 -1.157837e+01 1.878640e+00 1.006969e+01 -1.170465e+01 -7.226274e+00 -1.653616e+00
5.772906e+00 -1.551359e+01 -4.386330e+00 -2.756972e+00 -2.090382e+00 6.367836e+00 -1.364863e+01 -7.816412e+00 1.937090e+01 -1.591704e+01 -3.602735e+00 -5.445284e+00
5.700529e+00 -1.481174e+01 -4.334697e+00 -3.357510e+00 -1.906260e+00 8.217373e+00 -1.442134e+01 -6.177831e+00 1.727036e+01 -1.282297e+01 -6.794579e+00 -3.706469e+00
5.732370e+00 -1.470804e+01 -4.716781e+00 -2.890371e+00 -1.343792e+00 8.230755e+00 -1.405573e+01 -7.519395e+00 1.973100e+01 -1.641288e+01 -1.680045e+00 -8.852699e+00
5.611758e+00 -1.464604e+01 -4.196421e+00 -4.040197e+00 -1.087298e+00 7.079453e+00 -1.122277e+01 -1.000331e+01 1.912313e+01 -1.326114e+01 -5.980651e+00 -5.826111e+00
6.395728e+00 -1.726356e+01 3.267089e+00 -1.918186e+00 -5.562913e+00 -1.341033e+00 -9.902866e+00 1.930655e+00 9.302362e+00 -1.346709e+01 -4.709705e+00 -9.559145e-01
6.375384e+00 -1.716953e+01 3.857439e+00 -7.241927e-01 -9.144938e+00 -6.332365e-01 -9.761293e+00 4.016341e+00 6.235486e+00 -1.609796e+01 -1.730327e+00 -2.453125e+00
6.762907e+00 -1.434393e+01 -4.272002e+00 -4.417501e+00 -1.084509e+00 6.683186e+00 -1.160407e+01 -7.962729e+00 1.636133e+01 -1.188662e+01 -7.391066e+00 -4.850362e+00
5.573168e+00 -1.173295e+01 -6.783681e+00 -1.492534e+00 -3.997939e+00 8.010847e+00 -1.263543e+01 -3.086870e+00 1.243419e+01 -9.478890e+00 -1.074751e+01 -5.630657e+00
7.258659e+00 -1.603788e+01 6.508260e+00 -1.722661e+00 -1.142483e+01 -2.846121e-01 -8.839128e+00 5.479934e+00 4.373019e-01 -1.341353e+01 -3.196166e+00 3.185893e+00
6.880923e+00 -1.346890e+01 6.403575e+00 -1.730447e-01 -1.660566e+01 3.199976e+00 -9.934806e+00 8.660104e+00 -4.679111e+00 -1.257680e+01 -1.596189e+00 2.414946e+00
6.559208e+00 -9.703686e+00 -6.720600e+00 -2.483314e+00 -3.292640e+00 5.699942e+00 -1.220832e+01 -7.694107e-01 1.335126e+01 -1.144027e+01 -9.955853e+00 -8.511980e+00
6.002396e+00 -9.347769e+00 4.969622e+00 1.147301e+00 -2.002313e+01 5.382062e+00 -9.055743e+00 6.741650e+00 -7.550683e+00 -1.440090e+01 2.864705e+00 -3.108047e-01
6.489692e+00 -7.522632e+00 5.957531e+00 6.774096e-01 -2.138830e+01 6.902035e+00 -7.512241e+00 6.645795e+00 -1.056674e+01 -1.231231e+01 2.425565e+00 1.136558e+00
7.718611e+00 -6.785219e+00 -4.831187e+00 -3.149541e+00 -6.889580e+00 -2.936009e-01 -1.111274e+01 2.617079e+00 7.586288e+00 -6.378367e+00 -9.992988e+00 -7.306073e+00
7.000074e+00 -5.768391e+00 6.844522e+00 -1.057848e+00 -2.235565e+01 7.510312e+00 -5.106767e+00 3.565828e+00 -1.098548e+01 -1.345526e+01 3.918735e+00 -7.027280e-02
7.869848e+00 -4.158548e+00 6.995246e+00 -1.538655e+00 -2.142080e+01 8.636173e+00 -4.728775e+00 1.882560e+00 -1.164385e+01 -1.291886e+01 4.029199e+00 1.015690e+00
6.621807e+00 -5.106034e+00 -7.379673e-01 -4.194307e+00 -4.086752e+00 -5.583045e+00 -9.513434e+00 4.359678e+00 3.184364e+00 -3.070675e+00 -1.321686e+01 -8.357074e+00
9.388097e+00 -2.721629e+00 5.209177e+00 9.711978e-01 -1.911692e+01 6.292468e+00 -5.491786e+00 2.157764e+00 -1.235332e+01 -1.532298e+01 8.110331e+00 -1.932427e+00
1.292594e+01 -5.068417e-01 1.269046e+00 3.016675e-01 -4.616581e+00 -9.308527e+00 -2.573208e+00 -9.237036e-02 -1.751158e+01 -9.719041e+00 1.193592e+01 -8.093032e+00
1.291380e+01 1.461874e+00 2.048080e+00 -1.430898e+00 6.440890e-01 -1.006301e+01 -2.538165e+00 -8.480738e-01 -2.122042e+01 -9.733256e+00 1.597505e+01 -1.400657e+01
8.954097e+00 1.591735e+00 5.627386e+00 -2.806830e+00 -4.131328e+00 -1.286348e+01 -7.187634e+00 -2.415931e+00 -2.432986e+00 -5.551305e-01 -6.519744e+00 -5.127211e+00
1.173166e+01 3.530694e+00 2.123502e+00 3.884403e+00 3.477925e+00 -1.080707e+01 -7.610459e-01 -2.230693e+00 -2.535051e+01 -6.936230e+00 1.614832e+01 -1.254590e+01
8.102742e+00 8.843019e+00 1.125406e+01 -4.190176e+00 -7.908000e+00 -1.208804e+01 -8.805294e-01 -8.152328e+00 -8.253110e+00 -2.479980e+00 -5.176258e+00 3.303172e+00
8.748604e+00 7.518123e+00 4.054039e+00 3.938006e+00 8.025892e+00 -8.705095e+00 1.847348e+00 -3.038028e+00 -1.789844e+01 -6.972522e+00 1.174522e+01 -5.831336e+00
8.300466e+00 8.999315e+00 9.142950e+00 5.058318e+00 4.099330e+00 -4.262283e+00 3.385644e-01 -3.740035e+00 -1.390992e+01 -1.052805e+00 9.170235e+00 -3.563739e+00
7.784420e+00 1.245237e+01 7.215547e+00 -1.680455e+00 -5.890210e+00 -1.242243e+01 2.836254e+00 -6.653036e+00 -1.160557e+01 1.877120e+00 -4.787221e+00 -1.348534e+00
6.449991e+00 6.832557e+00 5.209915e+00 1.248687e+01 9.535433e+00 -3.354128e+00 2.722350e+00 -4.498955e+00 -1.384436e+01 1.912819e+00 7.066438e+00 -1.169217e-01
4.552473e+00 7.260240e+00 2.641786e+00 8.414148e+00 5.620906e+00 9.056306e-01 1.216068e+01 3.084671e+00 -1.460811e+01 9.127355e-01 7.045038e+00 8.286258e-01
-9.473151e+00 -7.180007e+00 8.111747e-01 3.532676e+00 3.892820e+00 5.723074e+00 1.227612e+01 -2.837930e+00 -2.032023e+00 1.081173e+01 5.094234e+00 3.026788e+00
3.190353e+00 6.664831e+00 2.554879e+00 9.171091e+00 9.462772e+00 -2.274501e+00 8.081288e+00 -1.524195e+00 -1.485376e+01 -5.284486e+00 1.298581e+00 -1.287540e-01
-2.252158e+00 1.029093e+00 -5.002397e+00 2.822223e+00 4.045752e+00 -4.161225e+00 1.197369e+01 5.481051e+00 -8.881063e+00 8.137980e-01 2.877964e+00 2.559594e+00
7.051544e-01 5.662565e+00 2.087649e+00 8.669945e+00 8.667585e+00 -2.644143e-01 7.275438e+00 -5.364478e+00 -1.406812e+01 -8.629541e-01 1.083676e+00 1.658891e-01
-1.464102e+00 1.631631e+00 -4.133742e+00 7.953448e+00 9.691991e+00 9.342070e-01 9.218386e+00 -1.965909e+00 -9.843601e+00 2.787433e-01 3.028321e-02 -2.325212e+00
-1.519584e+00 3.256598e+00 -4.519988e+00 -1.166426e+01 1.411277e+00 -1.158039e+00 8.561451e-01 -2.470630e+00 -7.882565e+00 1.247688e+01 4.418127e+00 6.311826e-01
-3.276883e+00 8.727431e-02 -2.463158e+00 1.870356e+00 3.440111e+00 -1.233562e+00 9.811220e+00 4.970621e+00 -1.304399e+01 -4.010736e+00 4.679493e+00 2.115637e+00
-2.951830e+00 8.661771e-01 -7.423785e+00 1.755970e-01 -2.418680e-01 -3.172114e+00 1.351115e+01 6.817023e-01 -1.108807e+01 2.037993e+00 6.515136e+00 2.068559e+00
-2.783757e+00 2.394698e+00 -3.269632e+00 5.532144e+00 4.583132e+00 1.613356e+00 1.076552e+01 3.921398e+00 -7.537965e+00 2.930429e+00 -2.689722e+00 -1.501511e+00
-7.020405e+00 -2.878597e+00 -8.515790e+00 4.836047e-01 6.153348e+00 2.259960e+00 8.675667e+00 4.975153e+00 -7.914376e-02 5.438744e+00 -1.823390e-01 3.373936e+00
-4.626019e+00 1.526277e+00 -4.672212e+00 3.492393e+00 3.329017e+00 8.450177e-01 7.385899e+00 4.072062e+00 -1.567065e+00 -2.300096e-01 -1.495659e+00 1.996870e+00
-7.270657e+00 7.185897e+00 -3.168982e+00 -1.284581e+00 1.636263e+00 7.686536e+00 6.087949e+00 1.936814e+00 -1.165197e-01 1.413809e+01 -1.385146e+00 1.586003e-01
-2.047482e+00 5.253261e+00 -3.849573e+00 2.586699e-02 6.668207e+00 4.456098e+00 1.127702e+01 9.424565e-01 -5.402222e+00 2.206764e+00 -1.217698e+00 5.238702e+00
-5.759258e+00 6.965890e+00 -3.724840e+00 1.684742e-01 2.925625e-01 1.040550e+00 4.482845e+00 1.218938e+00 -1.856925e-01 1.255154e+01 3.899417e+00 3.783692e+00
-3.254663e+00 1.135365e+01 4.717309e+00 4.722728e+00 5.142199e+00 -1.078094e+00 3.259516e+00 1.028037e+00 3.379347e-01 6.576359e+00 -3.753468e+00 -2.335162e+00
-7.725602e+00 6.439281e+00 -1.704315e+00 1.117730e-01 3.017170e-01 -4.778123e-01 4.271519e+00 1.372117e+00 4.554867e+00 7.267440e+00 -6.531517e+00 1.111201e+00
-1.985026e+00 3.245681e+00 -4.447160e+00 -5.008249e-01 4.540408e+00 -2.756639e+00 6.959795e+00 -2.389358e+00 -9.379994e+00 4.035332e+00 8.233941e-01 2.864182e+00
-5.803404e-01 5.840280e+00 -2.624672e+00 1.806284e+00 8.288801e+00 6.714127e-01 5.790580e+00 2.006439e+00 -7.706965e+00 1.428800e+00 1.479466e+00 4.947367e+00
-7.950936e+00 5.672769e+00 -5.824219e-02 5.903921e-01 3.983102e+00 3.339322e+00 2.993737e+00 5.680583e+00 7.544754e+00 1.488327e+01 1.300921e+00 -4.542562e-01
-7.331180e+00 4.635384e+00 -2.947873e-01 2.234034e+00 5.973250e+00 -4.195111e-01 2.917232e+00 9.040546e-02 -1.601531e+00 5.182426e+00 2.887914e-01 -1.497838e+00
-6.628228e+00 3.103663e+00 -5.290163e-01 9.490716e-01 -1.643015e+00 -2.673945e+00 6.423014e+00 -3.933805e+00 -4.509459e-01 1.374498e+01 6.919490e+00 2.621635e+00
-7.010060e+00 8.183235e+00 4.651852e-01 -8.611581e-01 5.093239e+00 6.291419e+00 5.121027e+00 -2.295541e+00 4.108747e+00 1.579506e+01 9.271257e-01 2.225842e+00
-2.250635e+00 5.034995e+00 -1.439705e+00 1.497240e+00 4.235194e+00 -1.854445e+00 4.389736e+00 -6.225861e-01 -8.140147e+00 4.283751e+00 1.134869e+00 4.844664e+00
-2.254988e+00 7.890888e+00 1.050903e+00 2.494026e+00 6.610675e+00 1.935794e-01 6.296169e+00 3.597382e+00 -1.287744e+00 1.031612e+01 2.226952e+00 2.695348e+00
-7.287740e+00 7.008101e+00 1.074262e+00 -1.018243e+00 4.682961e+00 1.724489e+00 2.213159e+00 -1.015948e+00 1.762424e+00 7.643550e+00 6.429455e-01 2.029756e+00
-4.816594e+00 6.893968e+00 -2.943785e+00 -7.580737e+00 8.763735e-01 -1.362897e+00 -2.768497e-01 -8.786769e-01 -1.525640e-02 1.184912e+01 3.249241e+00 2.044301e+00
-6.292887e+00 7.293095e+00 5.917575e-01 -2.518906e+00 -1.195863e+00 -1.474106e+00 8.468580e+00 -1.503553e+00 -5.087478e+00 2.832773e+00 -3.051019e+00 8.067690e+00
-6.301334e+00 7.740640e+00 -3.041118e+00 -1.622995e+00 3.561707e+00 -3.974089e+00 4.318570e+00 1.899968e+00 6.021624e-01 8.777312e+00 -4.052274e-01 6.773732e+00
-4.489329e+00 6.723553e+00 -2.219000e+00 1.845569e+00 5.730758e+00 2.061493e+00 8.292648e+00 3.586991e+00 3.797468e+00 9.671584e+00 1.461228e+00 2.140252e+00
-8.827180e+00 6.086526e+00 -1.255452e-01 -6.954269e-01 2.619814e+00 -7.156650e-01 2.556293e+00 -1.735366e+00 4.916430e+00 1.275352e+01 3.507802e-01 -5.902195e-01
-7.241802e+00 5.264988e+00 -1.205935e+00 -2.534910e+00 2.125128e+00 -9.278505e-01 8.333033e+00 -1.766405e+00 -3.914955e+00 6.492951e+00 2.225288e+00 6.711103e+00
-9.148492e+00 6.648377e+00 4.807316e-01 -4.584038e-01 1.575901e+00 -2.163289e-01 6.283072e+00 -2.230155e+00 1.986557e+00 7.106295e+00 -1.034377e-01 2.527759e+00
-4.574368e+00 1.002280e+01 -2.751067e-01 1.106817e+00 8.242011e-01 -2.269786e+00 1.853419e+00 6.591951e+00 9.077674e+00 8.786786e+00 4.005945e-01 4.152531e+00
-4.290683e+00 1.022446e+01 -6.359446e-01 -7.193472e-01 5.298558e+00 1.537617e+00 3.751678e+00 -2.908541e+00 9.404266e-01 8.203748e+00 -7.580078e-01 4.613245e+00
-8.887088e+00 4.742334e+00 -7.698091e-01 -7.308284e-01 -2.368279e-01 -4.352658e+00 3.112788e+00 -2.051624e+00 5.146339e+00 7.206777e+00 -4.686801e-01 3.210274e+00
-4.606772e+00 5.469971e+00 -4.274495e-01 3.313795e+00 8.224499e+00 2.916788e+00 7.587716e+00 4.666259e+00 1.834520e+00 8.409772e+00 1.991142e+00 7.969479e+00
-6.789396e+00 7.325028e+00 -9.833745e-01 -1.454845e+00 5.614202e+00 1.608752e+00 3.254470e+00 -1.250083e+00 7.295286e+00 7.902602e+00 -1.962090e+00 3.791386e+00
-8.731738e+00 5.833277e+00 5.708105e-01 -7.012085e-01 2.984405e-01 -3.980185e+00 7.293873e-01 8.006787e-01 9.919334e+00 1.283800e+01 -3.917282e-01 1.996386e+00
-7.431639e+00 7.032951e+00 -5.943885e-01 -3.590670e+00 3.485435e+00 8.219359e-01 2.537821e+00 1.578421e+00 3.067477e+00 1.331437e+01 5.088817e+00 5.169072e+00
-9.112992e+00 8.299763e+00 2.596451e+00 -8.874080e-01 2.215543e+00 -3.586368e+00 -1.743900e+00 4.547363e+00 9.699291e+00 1.032768e+01 5.097621e+00 5.048541e+00
-9.026227e+00 7.642471e+00 1.790855e+00 3.792346e-01 2.825052e+00 -3.202582e+00 1.279664e+00 5.283633e+00 9.191920e+00 1.247556e+01 4.763114e+00 7.302029e+00
-1.041531e+01 3.581632e+00 1.262453e-01 1.958108e+00 1.633245e+00 -2.806572e+00 2.555487e-01 2.679627e+00 5.119781e+00 7.825377e+00 -1.241414e+00 1.502246e+00
-5.097789e+00 7.756881e+00 -8.404575e-01 -2.360086e+00 5.033119e+00 4.115807e-01 2.718052e+00 2.990286e+00 3.259494e+00 1.162330e+01 3.329378e+00 3.168240e+00
-8.736096e+00 6.159111e+00 5.838701e-01 5.856066e-01 4.927771e+00 -3.627070e+00 -2.472329e-01 3.785623e+00 7.990546e+00 7.933051e+00 -4.667933e+00 3.919230e+00
-6.904405e+00 8.576027e+00 7.837016e-01 8.572447e-01 7.527262e+00 6.235595e-01 4.107615e+00 6.800718e-01 3.478190e+00 5.305501e+00 -7.861784e+00 1.684843e+00
-7.044812e+00 7.319194e+00 -3.154206e-01 -3.019228e+00 2.831981e+00 -2.116767e-01 5.247323e+00 -4.652838e-01 -3.650839e-01 1.254868e+01 1.020558e+00 3.009117e+00
