-4.340387e+00 -1.695979e+00 3.059927e+00 -7.618023e-01 1.784295e+00 -3.910030e+00 2.680839e-01 1.598330e+00 -3.731966e+00 -6.975993e-01 1.199174e-01 3.563858e-01
4.856905e+00 4.970754e-01 -2.136316e-01 1.316314e+00 -2.536438e+00 -2.552157e+00 1.941845e+00 1.396234e+00 -3.582927e-01 -1.215692e+00 9.150696e-01 -1.037716e+00
3.723245e+00 -1.377049e+00 -4.474946e-01 -3.236963e-01 -2.364440e+00 1.142001e-01 -3.874452e-01 -4.250972e-01 -6.698427e-01 -2.248634e-01 -1.858910e-01 -1.748527e+00
-2.896418e+00 -3.431294e-01 3.161315e+00 -1.298122e+00 1.697315e+00 -3.279759e+00 1.277596e+00 3.649132e+00 -2.715820e+00 5.479375e-01 6.407253e-01 5.607145e-01
4.268806e+00 1.633137e+00 1.498103e+00 1.294872e+00 -2.125077e+00 -2.599313e+00 2.496154e+00 9.108880e-01 1.029182e+00 3.602540e-01 1.823350e+00 2.059306e-02
1.644630e+00 -1.853201e+00 -1.009130e+00 -3.193663e+00 -4.688731e-01 9.954128e-01 -1.842884e+00 -2.122791e+00 -1.935358e+00 1.456621e+00 -5.775968e-01 -9.890665e-01
-2.359559e+00 -1.416019e+00 1.237381e+00 4.150586e-02 1.488888e+00 -2.692751e+00 -1.794193e+00 -7.270325e-01 -3.615004e+00 1.331729e-01 8.635139e-02 1.920286e-01
4.146675e-01 -1.615315e+00 -1.031268e+00 -8.407340e-02 -4.584181e+00 1.058369e-01 4.188271e+00 -1.399455e+00 3.983453e+00 7.286572e-01 -3.936470e+00 3.749132e+00
1.033983e+00 1.244317e+00 9.646540e-01 -3.220870e+00 -2.694175e+00 -3.456311e-01 5.429112e-01 -4.766408e+00 3.904243e+00 1.894825e+00 -3.623683e+00 1.813001e+00
1.043875e+00 4.279078e-01 1.501461e-01 -1.192292e+00 -4.053182e+00 -1.927608e+00 2.762729e+00 -2.869060e+00 5.587127e+00 4.082798e-01 -4.538850e+00 3.640886e+00
7.560385e-01 4.946869e-01 -8.655529e-02 -3.657406e+00 -3.740030e-01 1.509792e+00 -1.971951e+00 -3.680606e+00 1.279997e+00 1.142174e+00 -1.406511e+00 4.362718e-01
-7.572400e-01 -2.784213e+00 -1.902172e+00 -4.815772e-01 -1.945590e+00 2.572302e+00 3.516422e+00 5.711675e-01 -5.975655e-01 2.844740e+00 -2.006474e+00 1.695412e+00
2.635252e+00 1.662833e+00 7.904593e-01 1.585277e+00 4.936620e-01 -1.697069e+00 1.152033e+00 6.727680e-01 1.251362e+00 -1.268145e+00 1.610050e+00 1.020874e+00
4.381596e-01 -1.359438e-01 9.931082e-01 -3.106016e+00 -8.966755e-01 2.720331e-01 2.277704e+00 8.295227e-01 1.367017e+00 -3.871942e-02 -1.263604e+00 -1.082375e-01
-9.572002e-01 -2.915768e+00 -2.350681e+00 3.504102e-01 -4.905453e-01 5.092943e+00 1.319552e+00 1.335535e+00 -3.442952e+00 2.201130e+00 1.084260e+00 2.863375e-01
-1.062690e+00 -2.718385e+00 -1.358534e+00 1.175973e+00 9.828762e-01 5.237799e+00 -1.697882e+00 1.824766e+00 -3.605362e+00 1.216360e+00 2.122542e+00 -1.086693e+00
-8.246092e-01 -2.442056e+00 -6.418121e-01 9.844034e-01 2.156622e+00 3.708663e+00 -3.200795e+00 1.214912e+00 -2.505953e+00 5.872375e-01 2.728686e+00 -2.533255e+00
-5.846149e-01 -1.944869e+00 -5.363773e-01 7.688931e-01 2.621635e+00 1.876392e+00 -2.725489e+00 9.434241e-01 -2.256805e+00 8.587815e-01 1.508548e+00 -2.104661e+00
-4.171954e-01 -1.516447e+00 -4.099711e-01 2.695789e-01 3.470098e+00 -5.345599e-01 -2.131444e+00 8.353794e-01 -2.020981e+00 2.419317e+00 -2.256474e-02 -2.061131e+00
2.015666e+00 2.962934e-01 -2.239188e-01 8.606825e-01 7.185369e-01 -3.879747e-01 4.940937e-01 -3.694788e-01 -7.674203e-01 -2.214202e+00 5.680276e-01 7.903506e-01
-2.985321e-01 -1.155663e+00 -5.393850e-01 7.526330e-01 2.476057e+00 -8.010686e-01 -1.805138e+00 1.288125e-01 -1.078465e+00 2.933304e+00 -7.476274e-01 -1.652335e+00
1.224655e-01 -8.893179e-01 -8.004505e-01 1.685190e+00 8.193358e-01 2.618091e-01 -1.997666e+00 -2.251217e+00 -1.267810e+00 5.732685e-01 -3.465711e-01 1.811460e-01
-6.395707e-01 3.503529e-01 5.606414e-01 1.609410e-01 -2.695974e-01 4.831143e-01 3.145085e-02 2.200776e-01 5.682350e-01 2.885745e-01 1.513018e+00 5.667595e-01
-5.762817e-01 -6.166877e-01 -5.640872e-01 4.868792e-01 1.447162e-01 1.055889e+00 6.380815e-01 -1.735129e+00 -9.126614e-01 1.585461e+00 2.421357e+00 -6.677439e-01
2.057428e-02 -7.373692e-01 2.027334e-02 -2.605445e-01 3.228579e-01 1.759805e+00 5.796571e-01 -1.167227e-01 -5.672027e-01 -1.853780e-01 -1.211992e+00 -2.556119e-01
-3.139855e-01 -5.435259e-02 9.325568e-02 -9.169737e-01 1.032936e+00 -6.217629e-02 -2.913104e-01 -2.389446e-01 1.068969e+00 3.657268e-01 1.574694e-01 -9.788310e-01
-1.024547e-01 -1.031514e+00 -4.160652e-01 1.492936e+00 1.389255e+00 -9.672411e-01 -1.710327e+00 -3.225613e-03 2.446596e-01 2.540987e+00 -8.625787e-01 -1.755777e+00
3.964946e-01 6.463360e-01 2.760296e-01 1.293200e+00 -8.930130e-02 1.635236e-01 -6.588526e-02 1.436336e+00 7.497128e-01 1.467769e-01 -1.315832e+00 5.471098e-01
1.254734e-01 4.490165e-01 4.087914e-01 1.365398e+00 1.269070e-01 3.933927e-01 -2.178278e-01 7.561761e-01 1.368889e+00 1.013794e+00 2.502742e-02 -1.409398e+00
1.687540e+00 8.921078e-01 7.812023e-04 2.571614e-01 6.417196e-01 5.840566e-01 -3.230040e-01 -9.309614e-01 -1.625963e+00 -2.275911e+00 -2.171337e+00 -9.278749e-01
-6.929111e-02 4.761442e-01 5.038360e-01 4.406136e-01 7.775095e-01 -5.616294e-01 -1.800963e-01 5.355130e-01 1.255391e+00 1.765909e-01 -1.193512e+00 -1.264123e+00
1.594587e+00 1.141264e+00 -5.063876e-01 -4.681867e-01 7.101247e-02 3.819197e-01 9.709525e-02 -7.099730e-01 -1.984097e+00 -2.159445e+00 -2.971885e+00 -1.526165e+00
-1.817490e-01 -2.224563e-01 1.706994e-01 1.002937e-01 -8.624604e-02 -7.433829e-02 5.180745e-02 -1.020316e+00 -3.149806e-01 1.310707e-01 -8.982710e-01 -1.960115e-01
1.026966e+00 -9.638643e-02 -1.251525e+00 -6.739683e-01 1.033136e+00 8.855774e-01 -1.264429e-01 4.398000e-01 9.891380e-01 2.285814e+00 -3.391142e-01 -2.751343e-01
-1.463138e-01 1.515135e-01 -1.442682e-01 5.534315e-02 -6.572121e-01 -1.590724e+00 -8.021030e-01 -2.084448e+00 -2.289262e-01 5.361598e-01 -1.137869e+00 1.953174e-01
8.897381e-02 3.920737e-01 -2.262840e-01 -1.651250e+00 -1.246865e+00 4.403915e-01 3.479601e-01 -1.111907e+00 -1.519333e+00 -5.780782e-01 -7.769945e-01 -4.500902e-01
-3.991051e-01 2.194652e-01 -5.105596e-02 -6.583037e-01 -1.230342e-01 1.946789e-01 -8.247220e-01 -1.687807e+00 2.956390e-04 -5.527537e-01 -7.241731e-01 5.254645e-01
7.791132e-01 3.861084e-01 3.593342e-02 -8.508034e-01 -3.341925e-02 -2.606432e-01 -1.318033e+00 -4.137639e-01 7.187554e-01 1.186534e+00 -4.285952e-01 4.316429e-02
1.411774e-01 9.882429e-01 7.302848e-01 -7.925918e-01 -1.066550e+00 -2.779489e-01 4.074862e-02 -1.245872e-01 -6.596805e-01 4.668876e-01 3.770077e-01 -1.144595e+00
-2.480807e-01 -1.132672e-01 -1.245840e-01 -3.561099e-01 -4.047268e-01 -6.472420e-01 5.953026e-03 -4.198869e-01 -5.583420e-02 8.022261e-03 7.481242e-01 8.190643e-01
-6.935120e-02 -1.249006e-02 6.427226e-02 9.549621e-01 6.557814e-01 1.327844e-01 1.013690e+00 1.025923e+00 9.759932e-01 5.063033e-01 1.367444e+00 8.308243e-01
-4.220937e-01 -8.610740e-01 -2.448706e-01 -8.122490e-01 1.101396e+00 -5.888814e-01 -4.580870e-01 -6.383959e-01 2.998138e-01 3.451902e-01 1.228953e+00 -1.479109e+00
-3.001816e-01 -4.814020e-01 5.357240e-01 4.906769e-01 3.248323e-01 2.910833e-01 1.566684e-01 -1.395292e+00 -3.323435e-01 -9.129795e-01 -1.212042e+00 -1.388401e+00
-2.232131e-01 1.962753e-01 -6.356476e-02 -6.004716e-01 -1.428609e+00 -2.706554e+00 -7.855355e-01 -1.898936e+00 -1.418543e+00 3.990658e-01 -1.579883e-01 3.088894e-01
1.278561e-01 -2.791541e-01 1.809537e-01 1.502256e+00 5.525227e-01 -2.641111e-01 -1.126411e+00 1.157426e+00 3.720160e-01 6.987773e-01 -3.080271e-01 7.675687e-01
-2.589858e-01 -4.126874e-01 -1.671415e-01 5.606503e-01 -2.761325e-01 6.752197e-01 9.167604e-01 -5.799649e-01 4.599417e-02 -1.229091e+00 -2.934559e-01 -2.044393e-01
-1.533130e-01 3.962930e-01 1.120321e+00 -9.100617e-01 -1.050334e+00 -8.390323e-01 -2.897351e-01 3.111033e-01 6.869982e-01 -2.216250e-01 1.215601e-01 3.402734e-01
-7.836370e-02 -1.186157e-01 -3.731008e-01 5.577885e-01 1.951492e+00 1.458524e+00 7.165872e-01 8.105256e-01 4.681360e-01 8.059950e-02 -2.336823e+00 -2.555540e+00
1.577504e-01 3.282178e-01 -1.036439e-01 -4.247193e-01 -1.645038e+00 -2.225171e+00 1.378840e-01 -1.104223e+00 -1.554132e+00 -3.473382e-01 6.303065e-01 8.147497e-01
5.843067e-01 -3.341392e-01 -1.840880e+00 -1.184274e+00 8.810821e-01 3.070335e-02 -1.180018e+00 -4.692285e-02 1.524701e+00 1.998250e+00 3.830089e-01 -9.086934e-02
-8.624493e-01 2.767561e-01 1.225423e+00 -6.943418e-01 -9.855922e-01 -2.802485e-01 1.142792e+00 4.306697e-01 3.802773e-01 -1.646572e+00 2.470297e-01 4.820222e-01
7.903910e-02 -9.216221e-01 -2.557958e-01 3.256222e-01 7.583144e-01 1.508300e-01 -2.650117e-01 6.186408e-01 -1.958277e-01 8.701154e-01 -3.642762e-01 -4.567418e-02
-2.969004e-01 -2.268991e-01 -3.889024e-01 8.088385e-01 9.185010e-01 3.437484e-01 -2.737048e-01 6.339664e-01 2.424625e-01 -1.146938e+00 -8.997242e-01 -1.792023e+00
1.024260e-01 -7.473562e-01 -1.284079e+00 -3.229202e-01 3.717742e-01 3.346461e-01 -3.450898e-01 -5.323296e-01 -2.055720e-01 -6.247351e-01 3.305681e-02 -1.178175e-01
-4.071831e-01 1.346529e-01 3.435277e-01 -4.067651e-01 1.814429e-01 -4.070073e-01 6.159253e-01 1.243984e+00 1.139248e+00 1.469731e+00 1.367324e+00 8.738500e-01
-3.566030e-01 -8.537332e-01 3.073014e-01 1.637602e+00 4.209357e-01 -1.666378e+00 -9.364585e-01 -3.515885e-01 1.571440e+00 1.687256e+00 -3.127055e-01 -2.217445e+00
-2.339369e-01 1.886776e-01 -6.676911e-01 -7.081304e-02 1.748195e+00 1.030321e+00 -9.233433e-01 2.077715e-01 1.912204e+00 2.699334e+00 -5.793313e-01 -5.102487e-01
-4.199207e-01 -3.876558e-01 5.726256e-01 7.379292e-01 1.134453e-01 -3.100498e-02 8.260288e-02 5.157760e-01 7.754004e-02 -1.466789e+00 7.709575e-01 1.048946e+00
-2.493133e-01 -1.296044e-01 1.416651e-01 -4.276094e-01 -4.759808e-01 -1.241082e-01 9.559637e-01 1.055051e+00 1.116467e+00 3.351749e-01 1.662653e+00 1.674058e+00
-6.681104e-01 -6.876944e-01 7.548035e-01 1.221503e+00 1.952880e-01 -2.213823e+00 -3.152261e-01 -7.123359e-01 2.360957e+00 1.346967e+00 -6.738035e-01 -1.384217e+00
-1.197985e+00 -1.425961e+00 -2.699420e+00 -1.775811e+00 -1.291448e+00 6.489198e-01 1.213412e+00 3.531895e+00 1.269639e+00 3.837932e-01 9.951485e-01 -7.579125e-01
-2.068768e-01 8.709025e-01 -4.184460e-01 -4.791798e-01 1.097695e+00 1.173249e+00 5.074242e-01 7.005929e-01 1.963682e+00 2.657696e+00 -2.276489e-01 -7.129402e-02
-9.850903e-01 -1.319284e-01 1.261370e+00 2.071152e-01 1.065984e+00 -3.213369e+00 -2.840871e-01 -8.793517e-01 3.011668e+00 3.596354e-01 -6.472635e-01 -2.955654e-01
-1.697540e+00 -1.129222e+00 -2.576277e+00 -2.808370e+00 -2.454901e+00 -5.296267e-01 3.370259e-01 1.834754e+00 -1.302833e-01 -1.036499e+00 7.819197e-01 7.865246e-01
-6.510568e-01 -1.021256e+00 -1.220649e+00 -8.400241e-01 6.976399e-01 1.138984e+00 1.512805e+00 2.193478e+00 6.520002e-01 1.373459e+00 2.314649e+00 3.577381e-02
7.466081e-01 7.209109e-01 1.192562e-01 -3.603429e-01 -6.529877e-01 6.940532e-02 -1.728441e+00 -1.849208e+00 -5.985205e-01 -2.634982e-01 2.180016e-01 1.226928e-01
-3.583127e-01 7.555474e-01 3.021404e-01 3.297240e-01 1.653908e-01 -8.641058e-01 1.633153e+00 -3.760040e-01 -6.526753e-01 1.483963e+00 1.615060e-01 -2.921611e-01
-1.524539e-01 5.305094e-01 2.363826e-01 2.023096e-01 1.922062e-01 -8.482689e-01 7.753620e-01 -9.240754e-01 -1.235138e+00 -8.333477e-01 -2.581124e+00 -1.155497e+00
-1.169107e-01 8.535495e-01 1.445554e-01 3.782683e-01 6.373981e-01 -8.410243e-01 7.548259e-01 -3.598123e-01 -2.692446e-01 1.490071e+00 2.562469e-01 1.651816e-01
3.199612e-01 -2.189211e-01 -6.865437e-01 -2.434247e-01 1.036241e+00 6.030128e-01 -2.490417e-01 -6.788765e-01 -3.186859e-01 -4.527265e-01 8.134972e-01 -1.926698e-01
3.434260e-01 9.229034e-01 7.383509e-01 -1.001784e-01 -4.193513e-01 -5.516176e-01 -1.900269e+00 -3.069869e+00 -1.366344e+00 -1.052983e+00 -8.799237e-01 7.525783e-01
-2.030304e+00 -1.030813e+00 -1.777360e+00 -2.696563e+00 -3.773024e+00 -1.296089e+00 -1.046489e+00 -2.488318e-01 -1.754536e+00 -3.555090e-01 1.178189e+00 2.221878e+00
1.509857e+00 5.562981e-01 -4.941797e-01 -8.537723e-01 -5.346774e-01 1.443344e-01 1.252878e+00 1.035580e+00 -1.050355e+00 -7.339947e-01 1.798203e-01 1.738883e-01
-1.078746e+00 6.307355e-01 1.940257e+00 -7.980888e-02 1.509116e+00 -3.208995e+00 -1.445885e+00 -6.217062e-01 3.270717e+00 -1.665541e+00 1.303473e-01 9.111374e-01
-2.889760e+00 -6.241885e-01 1.401938e+00 -2.357591e+00 -2.226928e+00 1.779701e+00 7.213970e-02 -1.850134e+00 -1.911690e+00 2.202482e-01 -4.158333e-01 2.532740e+00
-4.297713e-01 8.213112e-01 2.669484e+00 1.748754e+00 1.532236e+00 -2.926783e+00 -2.281218e+00 -3.425503e-02 1.915331e+00 -3.668654e+00 1.590591e+00 1.782492e+00
-1.597766e-01 3.166543e+00 -1.445207e+00 1.371356e+00 2.165206e+00 -1.858940e+00 1.064194e+00 3.103508e+00 -7.191023e-01 -3.349629e+00 7.598627e-01 -1.388705e+00
3.302249e-01 1.442250e+00 1.358304e+00 3.589460e+00 7.693167e-01 -1.576453e+00 1.755393e-01 1.120381e+00 -1.332509e+00 -4.910173e+00 2.686288e+00 -6.873661e-01
4.137330e+00 3.211089e-01 -1.490035e+00 -1.331112e+00 -1.608946e+00 3.187784e+00 4.013444e-01 -2.007023e+00 5.586101e+00 -1.036882e+00 -4.700412e+00 5.896770e-01
1.082964e+00 1.052233e+00 -1.947589e+00 1.769945e+00 -1.668854e+00 2.373455e+00 -8.220674e-01 -1.395871e+00 1.257115e+00 -7.729819e-01 1.066937e+00 6.209890e-01
4.546115e-01 7.206941e-01 -1.406255e+00 7.457501e-01 -9.237028e-01 -6.932524e-01 6.750695e-01 2.030270e+00 -2.153513e+00 -2.431712e-01 3.885029e+00 4.195131e-01
-3.411053e+00 1.137434e+00 2.347612e+00 -1.331410e+00 7.984678e-01 2.692106e+00 2.681874e-01 -2.663032e-01 -1.540594e+00 1.141264e+00 -2.015049e+00 1.595510e+00
4.589224e-01 7.888792e-01 2.896033e+00 4.703154e+00 8.918209e-01 -1.055520e+00 -1.527276e+00 2.827186e-01 -7.436719e-01 -5.761083e+00 3.010341e+00 1.160995e+00
4.671497e-02 8.967732e-01 -1.806315e+00 1.888506e+00 -1.030075e+00 3.587221e-01 3.782643e-01 1.439636e+00 -2.279098e+00 3.561568e-01 5.507348e+00 3.680564e-01
1.378819e-01 8.159471e-01 3.561577e+00 4.098555e+00 1.129585e+00 -1.720481e+00 -2.410970e+00 1.097682e-01 8.265753e-01 -6.113111e+00 2.757127e+00 2.193469e+00
-1.477352e+00 3.771956e+00 -5.044599e-01 -5.391046e-01 2.895806e+00 -9.108844e-02 1.962386e+00 3.762337e+00 -4.072476e-01 -4.735662e-01 -1.787692e+00 -2.174688e+00
-2.590317e+00 2.846793e+00 1.572981e+00 -6.520826e-01 2.080229e+00 2.254934e+00 1.225146e+00 2.267458e+00 -6.297525e-01 4.354242e-01 -2.937848e+00 -4.779700e-01
3.136093e+00 1.498882e+00 -1.615406e+00 6.426107e-01 -2.116322e+00 3.181195e+00 -1.423680e+00 -2.722380e+00 4.649676e+00 -1.331926e+00 -3.923396e+00 2.615559e-01
