6.105294e-01 -3.476393e+00 -2.004634e+00 -5.134621e-01 -1.408534e+00 -2.345138e-01 -1.190758e-02 -2.191885e+00 -2.521455e+00 -6.064091e-01 -1.150525e+00 -8.228428e-01
8.609270e-01 -3.020531e+00 -1.345227e+00 -1.536808e+00 -5.147731e-01 -9.479358e-01 1.069102e+00 -2.285443e+00 -1.670452e+00 -8.193757e-01 -1.847100e+00 -4.293100e-01
5.111026e+00 -2.128249e+00 -7.600585e-01 -1.090103e+00 -3.166573e+00 1.860281e+00 7.723975e-03 7.161517e-01 -1.897125e+00 5.052826e+00 3.674494e-01 7.948756e-01
1.810555e+00 -2.627283e+00 -2.250578e+00 -3.585157e-01 -2.355118e+00 1.701281e+00 6.167758e-01 1.185510e+00 -2.340718e+00 4.300524e+00 -4.942501e-01 -5.510720e-01
6.568246e+00 -7.382854e-01 7.547052e-01 -1.418641e+00 -2.904736e+00 2.141467e+00 6.397457e-02 -3.510204e-01 -1.066023e+00 4.273237e+00 8.617059e-01 1.675835e+00
7.317802e-01 -1.276494e+00 -8.922208e-01 -1.360053e+00 7.453585e-02 -8.860819e-01 1.639363e+00 -2.601889e+00 -1.258086e+00 -1.271945e-01 -8.071905e-01 -7.845300e-01
-1.014528e-01 -2.247391e+00 -2.296287e+00 9.701889e-01 -1.169249e+00 1.140428e-01 -2.428543e+00 -1.562919e+00 -1.447131e+00 1.825294e+00 -6.618860e-02 -3.860431e-01
1.242549e+00 -1.536546e+00 -1.749864e+00 -1.470332e+00 -2.007947e+00 5.740520e-01 -3.061640e+00 -9.796537e-01 1.732573e-01 2.243007e-01 -1.543215e+00 1.270713e+00
2.039572e+00 -2.877917e+00 -2.651923e+00 -1.239005e+00 -1.893809e+00 2.475114e+00 -5.521377e-01 -1.337879e+00 -1.777163e+00 -2.280125e-01 -2.377965e-01 1.017302e+00
5.168242e+00 1.256691e+00 1.909749e+00 -1.339320e+00 -1.143528e+00 2.062721e+00 -3.212376e-02 -1.125384e+00 -1.083513e-01 2.700982e+00 1.129983e+00 8.635734e-01
-8.604369e-01 -1.345203e+00 -1.806095e+00 -3.316317e-02 4.206870e-01 1.361498e+00 8.514951e-01 1.538564e+00 -7.833438e-01 1.794349e+00 -1.560974e+00 -1.527357e+00
1.408554e+00 2.080881e+00 1.654303e+00 -6.598450e-01 8.172140e-01 9.568137e-01 9.410394e-01 -8.024641e-01 9.431458e-01 7.651418e-01 9.802433e-01 -6.286162e-01
-9.661535e-01 -5.572983e-01 -1.659008e+00 2.587470e+00 -1.038721e+00 -9.490793e-01 -3.052429e+00 8.707051e-02 -3.642609e-01 1.784435e+00 4.066574e-01 -1.680883e-01
-7.517429e-01 -7.517856e-01 -1.305689e+00 -3.956822e-01 1.368893e+00 1.536050e+00 5.343360e-01 6.394659e-01 1.397901e-01 -5.040741e-02 -2.559170e+00 -1.114603e+00
1.813124e+00 -2.727558e+00 -1.707150e+00 2.907365e-01 -1.636475e+00 8.323148e-01 2.178344e+00 -6.632043e-01 -1.802293e+00 -2.847965e-01 2.269599e+00 -9.290171e-01
-5.876840e-01 -5.116616e-01 -1.088954e+00 1.292121e-02 1.011561e+00 1.526221e+00 1.707087e-01 5.784842e-01 7.215383e-01 -9.469555e-01 -2.886070e+00 -7.330511e-01
-6.860002e-01 -4.380848e-01 -1.141850e+00 7.316340e-01 -1.558326e+00 -2.497003e+00 -2.338875e+00 -8.466414e-01 -4.807540e-01 -6.160735e-01 -1.624133e-01 -5.988021e-02
1.147791e+00 -6.760481e-01 3.342910e-01 2.267619e+00 -9.987164e-01 -7.462314e-01 2.231135e+00 -5.684718e-01 -1.603287e+00 7.621622e-02 1.365105e+00 -2.832378e+00
-5.736362e-01 -4.671349e-01 -6.142588e-01 1.181095e-02 1.111730e+00 7.275726e-01 -5.749345e-03 4.740938e-01 8.018690e-01 -6.108656e-01 -1.980570e+00 -1.073833e+00
-5.872051e-01 2.943873e+00 1.992609e+00 -1.415119e+00 -2.271688e-01 8.053551e-01 -2.304488e+00 -1.056599e+00 1.136265e+00 -1.205867e+00 -3.694156e+00 -5.712600e-01
-5.341011e-01 -3.557275e-01 3.082190e-02 2.088070e-01 5.312904e-01 3.553029e-01 3.115866e-01 -2.436562e-01 8.952075e-01 -9.257538e-01 -5.198078e-01 -7.333263e-01
4.329086e-01 2.046904e-01 3.350192e-01 8.785094e-01 4.528715e-02 -6.401072e-02 1.794301e-01 7.857631e-01 1.054064e+00 9.480520e-01 1.079116e+00 -1.654264e+00
6.539669e-01 1.612848e-01 3.870997e-01 1.299776e+00 4.527597e-01 8.247145e-01 9.595677e-01 -2.303534e-01 5.340629e-01 1.267379e+00 1.208402e+00 -1.594282e+00
3.409148e-01 -3.087013e-01 2.232891e-01 6.719186e-01 1.071960e+00 1.361263e+00 1.147959e+00 -1.086402e+00 -4.559822e-01 4.212422e-01 1.232592e+00 -9.626676e-01
4.174786e-02 -6.083109e-01 -3.077634e-01 -4.526759e-01 1.085003e+00 1.138557e+00 9.964617e-01 -7.712850e-01 -8.571805e-01 -1.087076e-01 8.171813e-01 9.332592e-01
-1.148465e-01 -5.452495e-01 -2.548439e-01 -2.281769e-01 3.163942e-02 -8.603276e-02 2.114749e-01 -3.518134e-01 -1.628916e+00 -2.160740e-01 8.314419e-01 7.924910e-01
-2.191119e-01 2.044995e-01 3.455656e-01 -1.369531e-01 -3.452814e-01 -9.558643e-01 -6.131221e-01 -9.714579e-03 -2.881749e-02 2.476518e-01 3.277809e-01 3.463532e-01
1.201419e-01 5.356470e-01 1.377074e-01 -2.424600e-02 -8.657414e-01 -7.011589e-01 -3.237918e-01 -9.814142e-01 -2.044167e-01 -9.717518e-01 -2.113648e+00 -9.391873e-01
1.012568e-01 5.843108e-01 3.788336e-01 1.634007e-01 -4.382280e-01 -7.823038e-01 4.608039e-01 -3.462829e-01 -3.628476e-01 -3.438676e-01 -2.030502e+00 -1.226675e+00
2.953940e-02 4.974345e-01 4.669118e-02 6.454304e-01 1.912891e-01 -4.416024e-01 6.122197e-01 9.369346e-01 -1.557458e-01 -1.550004e+00 -1.096645e+00 -2.358684e-01
-1.056185e-01 1.483279e-01 1.500366e-01 9.324945e-01 2.871300e-01 1.131827e-01 3.845269e-01 6.932064e-01 -7.534854e-01 -9.837295e-01 -7.547049e-02 5.188300e-02
-1.189568e-01 1.897774e-01 2.905883e-01 5.728752e-01 4.660433e-01 3.714072e-01 -2.317661e-01 1.808249e+00 1.002350e+00 7.447580e-01 1.548456e+00 9.002336e-01
-1.012649e-01 -8.069049e-01 -1.194961e+00 -8.159330e-01 1.246668e+00 1.419407e+00 -1.699574e+00 2.208557e-01 9.081799e-01 7.436915e-01 1.962678e-01 1.370026e+00
1.031073e-01 -1.487114e+00 -1.815275e+00 -2.061150e+00 2.724339e-01 6.601495e-01 -6.432308e-01 1.070884e+00 1.214471e+00 1.994350e+00 -2.870562e-01 1.599443e+00
2.380377e-01 -1.171326e+00 -1.360077e+00 -7.504645e-01 2.971396e-01 2.744144e-01 -8.760954e-01 2.570697e-01 5.660101e-02 6.652552e-01 -5.023748e-01 1.250624e+00
2.582321e-02 -3.622888e-01 -3.187130e-01 4.187618e-01 6.297209e-02 -1.065851e+00 -3.089284e-01 -1.176650e+00 -7.458946e-01 -1.859279e-01 2.320275e-01 8.804925e-02
3.947414e-01 1.210077e+00 1.433443e+00 1.110347e+00 -6.707137e-01 -3.129376e-01 1.348518e+00 -1.264069e+00 -9.883703e-01 -5.219823e-01 -3.775581e-01 -2.137862e+00
-3.230515e-01 -5.321393e-01 -9.106262e-01 6.238825e-01 1.829453e+00 4.259017e-01 -2.197752e-02 1.424477e+00 1.860147e+00 2.561559e+00 1.205822e+00 1.416163e+00
9.880467e-02 2.326139e-01 -4.393064e-01 -5.850511e-01 1.006813e+00 1.035221e+00 5.503844e-01 8.217743e-01 1.537546e+00 1.045780e-01 1.330168e-01 -4.907771e-01
5.186651e-01 7.303824e-01 4.699875e-01 -1.825178e-01 -6.019801e-01 -2.698815e-01 1.177749e+00 1.237878e+00 2.983474e-01 -2.061677e+00 -6.777118e-01 -9.810516e-01
1.702047e-01 2.398919e-01 -7.125062e-02 -5.279128e-01 -7.525517e-01 -1.432107e+00 5.117618e-01 8.683702e-01 3.629919e-01 -1.485965e+00 -1.037745e+00 -3.553291e-01
-1.444135e-01 8.814690e-01 3.389989e-01 4.378417e-01 5.693075e-01 -1.603241e-01 -4.126498e-01 1.352847e-01 4.447633e-01 7.930599e-01 9.832602e-01 1.289877e+00
-1.076433e-01 7.570676e-01 5.798677e-01 9.375259e-01 6.707854e-01 9.049065e-01 3.580059e-01 -3.773864e-02 6.087171e-01 2.442592e-01 -7.934257e-01 2.450257e-01
-7.283446e-01 4.796964e-01 5.786585e-01 2.418474e-01 -5.476220e-02 4.200459e-01 9.588146e-01 4.177897e-01 1.331372e+00 -2.317628e-01 -1.149181e+00 -6.572884e-01
-9.574280e-01 5.705926e-01 7.402045e-01 -1.277618e-01 -8.424562e-01 -1.042509e+00 -5.878242e-01 -2.369691e-01 1.142014e+00 1.187699e+00 -5.673752e-01 -1.348615e+00
-2.427829e-01 6.502029e-01 -5.325470e-02 -8.204221e-01 -5.889843e-01 -6.084063e-01 -1.231564e+00 -9.590217e-02 1.017455e+00 2.320885e+00 1.904412e-01 -2.064077e-01
-1.496527e-01 5.982849e-01 2.892223e-01 -4.763390e-01 -2.911994e-01 -1.525834e-01 -3.037632e-02 -2.621234e-01 2.196081e-01 2.465554e+00 1.987541e+00 4.545026e-01
4.548206e-02 2.828562e-02 -1.572798e-02 -2.765286e-01 5.738189e-01 2.409083e+00 1.790725e+00 1.916052e-01 -1.053352e+00 5.591659e-01 8.287649e-01 4.077002e-01
1.379636e-01 1.170917e-02 1.129743e-01 2.522038e-01 -4.109321e-02 2.493071e+00 2.254000e+00 9.105043e-01 -9.539048e-01 -9.048880e-01 -2.398664e-01 5.361776e-02
-4.349648e-01 -4.917153e-01 7.750779e-02 8.586834e-02 -3.248254e-01 -3.700359e-02 -1.095154e-01 -6.138557e-01 3.407950e-01 3.409874e-01 6.187565e-01 6.744539e-01
-1.271125e-01 7.489264e-02 -1.220041e-01 1.597208e-01 1.567075e-02 -9.333364e-01 -5.905694e-01 1.210527e-02 2.157193e+00 6.788174e-01 -3.638789e-01 5.823595e-01
-4.746218e-02 -2.307798e-01 -5.937248e-01 6.379221e-01 3.020217e-01 -1.751250e+00 -3.563097e-01 -1.317232e-01 1.274090e+00 6.773736e-01 4.510849e-01 -5.442296e-01
-2.553307e-01 -3.390381e-01 2.899356e-01 4.717627e-01 6.361103e-01 -6.122589e-01 5.633947e-01 -1.066345e+00 1.348099e+00 8.055893e-01 7.754182e-01 -8.834241e-01
2.537909e-02 -4.581575e-02 7.009057e-01 9.010957e-01 2.828779e-01 2.377195e-01 1.630099e+00 -2.355410e-01 -1.243948e-01 5.100423e-01 6.552390e-01 -7.346234e-01
3.487749e-02 -3.616285e-01 -3.202319e-01 -2.657639e-01 -8.088560e-01 3.189096e-01 8.985184e-01 -4.122286e-01 -9.584527e-01 5.385162e-01 5.141341e-01 7.624304e-02
-2.178860e-03 4.810616e-01 1.339812e-01 -7.443623e-01 -6.382734e-01 1.399012e-01 -1.217124e-02 1.354609e+00 2.248435e-01 7.119288e-02 -4.560960e-01 7.774252e-01
4.288759e-02 2.585673e-01 -5.042250e-01 -8.566411e-01 -3.806739e-01 -5.017341e-01 -1.153264e+00 1.894253e+00 9.805322e-03 -1.328907e-02 -1.783278e-01 6.693639e-01
-1.168144e-01 2.259681e-01 2.516446e-01 -8.780111e-01 -1.636249e-01 -2.434895e-01 -1.340654e+00 9.568796e-01 7.694424e-01 4.494580e-01 9.999295e-02 5.533057e-01
2.446609e-01 1.035801e+00 -4.195844e-01 -6.145389e-01 3.179843e-01 5.759494e-01 -2.075859e-01 6.145858e-01 -3.733206e-03 -2.266855e-02 -4.036222e-01 9.377874e-01
-2.045844e-01 -3.981315e-01 3.759324e-01 3.800580e-01 1.680405e-01 -7.315635e-04 5.829145e-01 -1.534930e-01 1.431849e-01 -6.433411e-01 -7.074270e-02 1.471752e-01
-3.043605e-01 5.924436e-01 -1.578486e-01 -6.883646e-01 -6.926435e-01 -8.482341e-02 7.916907e-01 5.661997e-01 -1.591048e+00 6.119355e-01 -3.414299e-01 6.636872e-01
-1.507796e-01 -5.510267e-01 1.567554e+00 9.458408e-01 -7.658375e-01 -1.997603e+00 -1.059557e+00 1.760752e-01 3.272236e+00 -1.396431e+00 1.210676e+00 4.817762e-01
-7.969667e-01 6.455944e-02 5.917041e-02 -2.338571e-01 -2.446406e-01 -2.862850e-01 7.415820e-01 6.820139e-01 -6.850197e-01 9.347832e-01 1.407528e+00 1.095011e+00
-7.574739e-02 -4.332231e-01 7.190782e-01 1.968656e-02 2.957019e-01 -5.045374e-01 5.225934e-01 -1.080645e-01 1.581836e-02 -4.404886e-01 -4.424265e-01 4.637285e-01
-3.096944e-01 -3.484327e-01 1.628794e+00 1.363408e+00 -1.513585e+00 -1.209235e+00 -7.955024e-01 -3.017051e-01 4.308058e+00 -1.621045e+00 2.605673e-01 -2.762276e-01
2.956479e-02 -6.499956e-01 1.266302e+00 1.664216e+00 -2.189317e+00 2.570984e-01 -4.765752e-01 -4.374223e-01 2.874794e+00 -9.237974e-01 -1.304332e+00 -6.232079e-01
-1.037910e+00 7.986172e-01 1.329582e+00 8.948200e-01 4.345250e-01 -8.925813e-01 -8.412939e-01 -4.077552e-01 -2.022860e+00 5.880119e-01 1.788070e+00 3.919494e-01
-2.972574e-02 -5.066432e-01 1.349043e+00 1.961651e+00 -2.217876e+00 -2.547714e-01 -6.830431e-01 -1.754972e-01 3.992505e+00 -1.537671e+00 -7.757553e-01 -8.776573e-01
-1.341000e+00 1.113506e+00 1.296144e+00 9.441533e-02 8.796387e-01 -5.712864e-01 -9.117039e-01 2.979115e-01 -1.181364e+00 5.390867e-01 2.471835e-01 -7.564155e-01
2.704701e-01 -2.581472e-01 1.115050e+00 7.175967e-01 -5.376042e-01 -1.708763e+00 -7.984818e-01 3.830585e-01 1.328675e+00 -1.055254e+00 2.507902e+00 1.196428e+00
1.353870e-01 -6.811579e-01 1.194263e+00 9.905652e-01 -1.031595e+00 -2.427920e-01 -8.332115e-01 6.729122e-01 9.946041e-01 -3.534531e-01 -1.180999e+00 -5.988213e-01
1.414828e-01 -4.768894e-01 8.298903e-01 6.959758e-01 -2.952930e-01 -4.264788e-01 -3.213722e-01 4.421784e-01 5.436009e-01 -7.299072e-01 -8.642234e-01 4.368918e-02
-4.581235e-01 1.892133e+00 1.394405e+00 -9.166025e-01 2.369146e-01 -2.476111e-01 -2.989818e-01 -1.109056e+00 3.098700e-01 5.722660e-01 -1.191111e+00 -1.479264e+00
3.445434e-01 3.841291e-01 4.894961e-01 7.086135e-01 -3.162430e-01 -7.449187e-01 -2.636760e-01 1.145678e-01 9.958203e-01 -9.297746e-01 2.929530e+00 1.750637e+00
2.736438e-01 1.100020e+00 1.667381e+00 -7.107539e-01 -4.361688e-01 -3.526659e-01 2.834876e-01 -1.853472e+00 -1.499839e-01 9.112111e-01 -1.139472e+00 -1.252027e+00
-2.131820e+00 -2.435964e+00 -3.095485e+00 -3.577586e+00 -1.955364e+00 -1.013284e+00 -1.468879e-01 1.297013e+00 -1.023108e+00 -5.654323e-01 1.579738e+00 1.620262e+00
1.454083e+00 4.200656e-01 1.478404e+00 1.239179e+00 6.110642e-01 2.169567e-01 3.665899e-01 -1.739651e+00 1.197631e+00 -1.185458e+00 -1.179701e+00 4.946590e-01
-1.608031e+00 4.034138e+00 3.733154e+00 1.005009e+00 8.230724e-02 -1.194068e+00 6.058273e-01 1.535847e+00 1.716066e+00 -4.521640e-01 -1.367973e+00 -1.294048e+00
-5.999106e+00 7.970114e-01 -1.100456e+00 -2.227217e+00 2.370225e-01 -2.509612e-01 1.521982e+00 2.714121e-01 -2.546355e+00 -1.313794e+00 -5.426354e-01 2.013019e+00
-1.931884e+00 8.033608e-01 7.209837e-01 1.643573e-01 2.263476e+00 -2.254788e-01 5.978805e-01 7.685406e-01 9.595585e-01 6.504334e-01 1.890248e+00 1.479998e+00
5.711395e-01 1.119282e+00 -4.647458e-01 5.133981e-01 1.550468e+00 -1.005568e+00 -4.839405e-01 9.099315e-01 -1.677557e-01 -1.231975e+00 2.784204e+00 3.987807e-02
2.601551e+00 -3.212203e-01 4.065560e-01 1.823527e+00 1.454555e+00 3.186031e-01 -5.520785e-01 -1.055040e+00 -1.351020e-01 -3.644174e+00 4.216455e-01 1.502099e+00
-2.316757e+00 2.480723e+00 2.673917e+00 5.532515e-01 1.826380e+00 -5.016947e-01 2.359016e+00 1.757658e+00 1.417181e+00 1.259460e-01 1.628066e+00 -2.148941e-02
1.610057e+00 -1.301477e+00 -2.284128e+00 -1.151163e+00 -7.076573e-02 -9.021326e-01 -1.175283e+00 1.472700e+00 4.773521e-01 -1.120897e+00 1.894040e+00 7.137972e-01
2.970557e+00 -6.077980e-01 -6.665605e-01 1.298796e+00 1.956097e+00 1.004000e+00 -1.156286e+00 1.708326e+00 5.874748e-01 -3.355422e+00 6.764082e-01 6.487640e-01
-6.582690e+00 2.998330e+00 -6.975948e-01 -1.405397e+00 3.080060e+00 -4.084338e-01 1.652975e+00 1.775309e-01 -3.961243e+00 -2.421259e+00 -1.306595e+00 1.132201e+00
-4.527268e+00 4.877211e+00 6.604509e-01 3.291397e-01 5.596829e+00 -1.688371e-01 7.912990e-01 1.256454e+00 -3.020591e+00 -2.274851e+00 -5.457793e-01 -8.345979e-01
-1.464790e+00 4.326828e+00 3.660282e-01 1.084016e+00 4.573652e+00 -9.122223e-01 -1.980796e-01 5.194906e-01 -1.625796e+00 -1.427813e+00 1.814685e+00 -1.730446e+00
