4.239455e+00 -3.901155e+00 1.550421e+00 9.299830e-01 -4.009902e+00 -2.515813e+00 -3.432585e-01 -5.633492e-01 3.137027e+00 2.280765e-01 -2.529020e+00 -1.690585e-01
3.492617e+00 -2.911945e+00 2.279231e+00 1.603767e+00 -3.324586e+00 -2.257245e+00 5.430388e-03 -1.383003e+00 2.235541e+00 1.617976e+00 -2.702422e+00 1.093790e+00
3.358678e+00 -4.405687e+00 1.111745e+00 1.266979e+00 -3.376176e+00 -2.181990e+00 7.935195e-02 9.971507e-01 3.409382e+00 -3.406249e-01 -1.415030e+00 -3.251578e-01
6.938386e-01 -2.566277e+00 -2.289581e+00 -1.461975e+00 -2.447466e+00 -4.088657e+00 1.559446e-01 3.469567e-02 -1.093120e+00 -1.163553e+00 -2.430839e+00 -1.525023e+00
3.470194e-01 -2.759480e+00 -3.169294e+00 -2.997826e+00 7.525899e-02 -3.115270e+00 -3.010632e-01 -4.758593e-01 -1.410549e+00 -1.446556e+00 -1.650146e+00 -1.609128e+00
-3.626891e+00 -2.057642e+00 2.808442e-01 -3.191732e+00 5.474661e-02 1.794859e+00 -2.557162e+00 -2.122628e+00 -1.900711e+00 -1.981955e+00 -9.768568e-01 2.425340e-01
-2.592508e+00 -2.904905e+00 -5.369046e-01 -1.467774e-01 2.545893e+00 -5.822883e-01 -2.964599e+00 -4.906118e-01 -3.022482e+00 -9.864590e-01 -9.364880e-01 -8.472236e-02
-4.467659e-02 -1.175061e+00 4.713659e-01 4.760765e-01 -1.644894e+00 -1.075248e+00 1.298483e+00 -1.862610e-01 -1.510472e+00 -3.072098e-01 -2.723452e+00 -2.238392e+00
1.563384e+00 -4.449712e+00 7.082998e-01 9.352965e-01 -2.746394e+00 -5.040098e-01 3.818176e-01 8.233452e-01 1.870379e+00 -1.230060e+00 -3.934317e-01 -7.274693e-01
9.082266e-01 -2.342410e-01 1.777009e+00 8.050675e-01 -1.279054e+00 -1.025340e+00 -1.665690e-01 -1.626136e+00 -3.846352e-01 1.635111e+00 -1.918146e+00 1.790020e+00
-3.121943e+00 -8.588980e-01 2.167172e-01 -3.162604e+00 -1.548917e+00 7.378350e-01 -9.310220e-01 -4.527092e-01 -4.268842e-01 -1.567905e+00 5.113931e-01 1.436749e-01
3.977512e-01 -5.796474e+00 4.275729e-01 5.355568e+00 -3.416677e-01 2.175075e+00 1.388264e+00 -2.298598e+00 7.995932e-01 -3.565243e-01 -1.752317e+00 -1.827332e+00
-1.189331e-01 -2.072064e+00 -1.945327e+00 -1.918114e+00 1.258004e+00 -1.413120e+00 -1.437657e-02 8.094686e-01 -9.516130e-02 -6.307987e-01 -7.786804e-01 -1.240744e+00
4.152166e-01 -1.611313e+00 8.729542e-01 7.968124e-01 -9.533159e-01 1.717100e-01 1.145589e-01 -9.163847e-01 -2.306376e-01 1.206391e-01 -5.139970e-01 1.070919e+00
3.835718e-01 -1.452372e+00 -8.115643e-01 -7.867008e-01 5.344915e-02 -2.946854e+00 -3.023236e+00 1.251350e+00 1.480662e+00 5.210837e-01 -2.306978e+00 -2.312620e+00
3.763069e-01 -3.626255e+00 3.381135e-01 3.577316e+00 -5.992727e-01 5.823354e-01 8.593733e-01 -1.251091e+00 1.837495e+00 3.359948e-01 -2.756890e+00 -1.367652e+00
-2.627845e-01 -9.456810e-01 4.652569e-01 4.828824e-01 -4.138907e-01 -3.711293e-01 2.012759e-01 -2.957205e-01 2.586080e-01 -7.187709e-01 5.750517e-01 2.060639e-01
2.790270e-01 -3.172780e+00 5.477126e-01 3.954274e+00 3.553500e-01 1.129320e-01 1.041965e+00 -5.808135e-01 -9.094591e-01 1.858045e-01 -3.200470e-01 -4.452778e-01
-2.984146e-01 -3.512251e-01 5.587944e-01 1.267333e-01 -4.784828e-01 -7.725910e-01 -5.258688e-03 1.298885e-01 3.022821e-01 -9.665556e-01 7.399091e-01 5.265483e-01
-2.526262e-02 -7.571507e-02 7.296947e-01 1.689690e-01 -9.604775e-01 -1.447330e+00 6.445181e-01 -4.132237e-01 5.698760e-01 -7.458662e-01 4.722713e-01 8.503588e-01
8.044583e-02 3.801592e-01 1.079680e+00 2.150410e-01 -1.344958e+00 -1.232222e+00 5.893110e-01 -2.747074e-01 2.807991e-01 -1.243280e+00 1.018866e+00 8.858261e-01
6.240260e-01 4.648663e-01 -3.800464e-03 1.019598e+00 4.355438e-02 1.514026e+00 4.265997e-01 -1.446908e+00 8.998625e-02 -5.319790e-01 -1.358824e+00 -5.694118e-01
1.260900e-01 2.935392e-01 -6.738333e-02 3.273105e-01 6.512772e-01 5.433652e-01 -7.007440e-01 -9.116396e-01 -7.809868e-02 -4.059971e-01 -1.343170e+00 -3.940480e-01
-8.913292e-01 -9.375237e-01 -7.136676e-01 -8.673809e-01 2.421712e-01 8.078606e-01 3.728573e-01 1.342343e+00 2.377194e-01 1.352908e+00 -1.415613e+00 -2.321223e+00
2.454109e-01 2.016306e-01 -5.889918e-01 5.901278e-01 1.082274e-01 1.025021e+00 1.096421e+00 6.782358e-01 -1.204510e+00 -8.610503e-01 -3.476732e-01 5.348352e-01
-5.302420e-02 -2.910082e-02 -6.225704e-01 -3.562455e-02 -3.244537e-01 -2.891428e-01 8.104914e-01 2.901177e-01 -1.285340e+00 -1.437024e+00 -1.140106e+00 9.975411e-01
9.021500e-01 8.833467e-01 5.998446e-01 -2.167512e-01 -6.082293e-01 6.119173e-01 5.055833e-03 -9.927909e-01 -1.615374e+00 8.871889e-01 -2.588593e-01 3.989225e-01
6.471249e-01 2.613936e-01 3.112906e-01 -2.691422e-01 2.102710e-01 1.075785e+00 1.154191e-01 2.449393e-01 -2.602096e-02 -3.562449e-01 -9.357635e-01 3.141539e-01
1.034359e-01 -8.166432e-02 -6.254209e-01 3.038068e-02 8.959453e-02 -3.730335e-01 1.211436e-02 -2.565280e-01 -7.375924e-02 -6.244707e-01 -9.948393e-01 6.173185e-01
1.222090e-01 5.887529e-01 7.486903e-01 6.011596e-01 -2.408913e-02 1.538391e+00 1.253157e+00 -3.273807e-01 -5.045443e-01 2.150755e-01 5.883037e-01 9.256568e-02
-1.570094e-01 1.839549e-01 3.704408e-01 -3.426933e-01 -1.181199e+00 7.232934e-01 1.803841e+00 -5.004611e-01 -1.765529e+00 2.509885e-01 4.171993e-01 1.167643e-01
-1.130732e-01 2.475221e-02 2.438837e-01 -2.859321e-01 -1.215031e+00 -4.488192e-01 9.346989e-01 3.254845e-01 -7.881843e-01 1.549386e+00 1.312307e+00 -8.997008e-01
-2.253350e-01 -7.372526e-01 -1.786392e-01 -5.291930e-01 -7.225098e-02 -6.357927e-01 -9.262187e-01 8.638509e-02 2.892036e-01 9.581754e-01 5.788102e-01 -8.401785e-01
-1.574049e-01 -7.189919e-01 -6.911105e-01 1.628472e-02 9.864866e-01 -1.014961e+00 -1.799484e+00 2.299953e-01 5.964687e-01 9.880502e-01 -3.773741e-01 1.284491e-01
9.490585e-03 -3.788466e-01 -8.128885e-01 9.585478e-02 1.566036e-01 8.891504e-02 -1.770064e+00 6.180204e-01 1.004411e+00 -4.119446e-01 -5.030637e-01 3.317690e-01
-2.378120e-02 -5.118486e-01 -2.120875e-01 -4.761679e-01 -6.773807e-01 3.163366e-01 -1.060474e+00 -2.098360e-01 7.919180e-02 -1.826412e+00 -1.341401e+00 -1.873758e-01
7.940979e-02 -1.298422e-02 5.842052e-02 -6.395372e-01 -2.595456e-01 1.824979e-01 -2.428364e-01 2.892451e-01 4.740377e-01 -1.394418e+00 -2.034177e-01 -4.454005e-01
-8.647422e-02 -3.221653e-01 -4.492314e-01 -1.027067e+00 -3.554065e-02 -5.958348e-01 -5.177471e-01 -4.330808e-01 -3.358900e-01 -1.809878e+00 2.925763e-01 -5.935826e-01
-2.812054e-01 -2.646027e-01 -1.076386e+00 -8.663173e-01 2.235764e-01 -1.336231e+00 -8.854090e-01 -6.452643e-01 -8.500708e-01 -1.876424e-01 -2.879387e-01 -7.862915e-01
-4.047531e-01 -3.159634e-01 -1.301808e+00 -1.015857e-01 -4.706877e-01 -1.540543e+00 -9.949190e-01 -7.585070e-01 -5.770608e-01 4.784626e-01 2.612092e-01 2.151733e-01
-5.759676e-01 -1.170831e-01 5.873380e-01 2.499419e-01 -1.221140e+00 -1.240396e+00 5.599246e-02 -8.381919e-01 -1.283839e+00 -4.565848e-01 -6.460614e-01 1.107309e-01
-2.823353e-01 -1.030646e-01 8.056433e-01 1.095803e+00 -6.920239e-01 -1.022860e+00 2.416515e-01 -2.236607e-01 -1.407437e+00 -3.853098e-01 -5.260913e-01 -4.315033e-01
-5.752961e-01 3.180662e-01 1.310763e+00 3.888839e-01 -1.299094e+00 -1.632537e-01 1.152883e+00 4.389589e-01 -4.479713e-02 4.279258e-01 1.329770e+00 4.861913e-02
-5.266973e-01 3.079730e-01 -4.833505e-02 -9.003044e-01 -1.797703e+00 -3.333376e-02 8.393568e-01 -5.214540e-01 -9.359463e-01 9.696515e-02 2.677634e+00 -2.296946e-01
-1.117458e+00 -6.602117e-01 3.087785e-01 2.441719e-01 -2.966933e-01 1.306985e+00 8.390058e-01 1.910996e-01 -1.218740e+00 -1.009549e+00 -3.588300e-01 4.433703e-01
-3.382912e-01 3.962145e-01 9.355631e-01 -2.866243e-01 -1.653996e+00 -7.917842e-01 -4.706658e-01 -4.683853e-01 7.995499e-01 -1.162128e+00 2.748635e-01 1.109414e+00
-5.995981e-01 1.321821e-01 1.295213e-01 -9.442291e-01 -1.638408e+00 -1.949329e+00 -1.032208e+00 3.257765e-01 -9.338105e-02 -1.922977e-01 -1.958117e-01 -9.628345e-01
-7.836362e-01 -1.724432e-01 6.471832e-01 -3.822080e-01 -1.243040e+00 -1.466684e+00 -8.810684e-01 8.458081e-01 -1.915657e+00 4.648060e-01 1.853937e+00 -4.904936e-01
-2.340497e-01 -2.362065e-02 4.864326e-01 7.143014e-01 -1.957395e-01 -7.795075e-01 -5.336892e-01 6.417056e-01 -1.373268e+00 8.864793e-01 8.718159e-01 -1.946197e-01
4.243996e-01 6.100149e-02 -3.524181e-01 8.491018e-01 4.723592e-01 1.115712e+00 -1.671303e-01 -7.480196e-01 -6.698443e-01 2.234562e-02 -4.874424e-01 -4.232159e-01
-6.989209e-01 -5.321926e-01 -3.260752e-01 1.291349e-01 1.038922e+00 -1.137496e+00 -2.090846e+00 -1.575140e+00 -6.779217e-01 8.311557e-01 1.323999e+00 4.145764e-01
-2.252377e-01 -1.955169e-01 -1.752894e-01 -5.027830e-01 -1.095403e+00 2.467680e-02 1.091108e+00 -1.475019e-01 -1.219935e-01 2.906981e-02 1.101193e+00 1.002711e+00
3.780510e-01 3.468041e-01 4.453562e-01 -6.793793e-01 -1.205233e+00 6.330715e-01 1.449939e+00 2.686856e-01 -1.110407e+00 -3.610710e-01 -7.137804e-02 5.242797e-01
7.080641e-02 -3.533351e-01 1.022123e-01 -9.684208e-01 -5.583888e-01 5.183528e-02 -4.433804e-02 -1.502320e-01 4.501064e-01 -9.334875e-01 -1.009444e+00 3.199264e-01
-2.886798e-01 -8.545964e-01 -4.071121e-01 -1.010679e+00 -6.057011e-01 4.231904e-01 -8.274603e-02 -6.288690e-01 4.984178e-01 -4.087626e-01 4.058004e-01 9.765451e-02
2.934542e-02 -3.548690e-01 5.031644e-02 -8.766608e-02 9.837660e-01 -2.412713e-01 -5.961022e-01 -8.846372e-01 7.150843e-01 -8.910723e-02 -8.492258e-01 3.798384e-01
-7.025719e-02 -1.309809e-01 2.669141e-01 -1.902001e-01 8.128060e-01 3.168532e-01 -3.992336e-01 -1.196708e+00 6.141874e-01 3.947902e-02 -4.498796e-01 5.890535e-01
-3.931004e-01 9.892488e-01 7.632742e-02 1.033947e+00 -1.032338e+00 8.022425e-01 -1.225645e+00 -1.651552e+00 -9.114879e-01 -1.226399e+00 -2.431226e-01 8.311399e-01
-7.459698e-01 -6.918876e-01 -6.246514e-02 2.581719e-01 1.383052e+00 -1.457405e+00 -5.857393e-01 1.030032e+00 1.407580e+00 4.542124e-02 5.466824e-01 1.687961e+00
-3.101339e-02 1.005849e+00 1.588408e+00 -2.182055e-01 -8.931977e-01 4.703124e-01 -1.981029e-02 -1.204870e+00 7.433902e-02 -1.156692e+00 1.168157e+00 1.054793e+00
-8.299290e-01 -9.233532e-01 -7.318435e-01 -5.216244e-01 -9.837005e-02 -1.923508e+00 -1.943971e-01 2.134189e-01 6.820687e-01 -6.900104e-01 -9.758440e-02 1.696222e+00
3.543383e-02 7.502682e-01 9.999357e-01 4.867462e-01 -1.475188e+00 -5.066015e-01 2.718132e-01 -7.070731e-01 6.665049e-02 -1.933357e+00 1.788271e+00 8.948926e-01
-4.893333e-01 1.285734e+00 2.241414e+00 5.770785e-01 -1.896113e-01 4.995119e-01 1.219623e+00 3.370019e-01 -1.272795e+00 -3.378290e-01 1.260503e+00 3.328345e-01
-3.698297e-01 9.769750e-01 2.324002e-01 7.415741e-01 -6.459520e-01 9.193972e-01 -9.563197e-01 -1.737423e+00 -1.081929e+00 -5.752617e-01 -1.748360e-01 6.402984e-01
-4.019950e-01 1.004918e+00 6.947861e-01 4.422770e-01 -8.833916e-01 8.568012e-01 -1.078358e+00 -1.035992e+00 -1.114408e+00 -1.067143e+00 1.572986e+00 6.824140e-02
-9.118948e-02 1.010997e+00 7.431370e-01 7.241247e-01 -1.498865e+00 7.852326e-02 -1.914208e-02 -1.364774e+00 -6.630262e-01 -1.427027e+00 1.596582e+00 9.109386e-01
-9.304112e-01 1.630237e+00 2.380516e+00 6.166185e-01 4.445245e-01 9.119593e-01 1.700974e+00 5.759186e-01 -1.405112e+00 5.786764e-01 2.166696e+00 8.112705e-01
1.111832e-01 2.147299e+00 1.042485e+00 -1.896980e-02 1.343824e+00 1.144539e+00 5.562167e-01 3.667759e-01 -1.408466e+00 4.567044e-01 1.804158e+00 1.494365e+00
-2.825949e-01 1.043103e+00 -2.970223e-01 1.067774e+00 -6.884081e-01 9.732333e-01 -1.050017e+00 -1.832313e+00 -5.024294e-01 -1.426615e+00 3.979442e-01 3.983790e-01
-1.338521e+00 -7.084723e-01 -7.742425e-01 -7.237934e-01 4.196095e-01 1.650412e+00 1.389518e+00 1.362458e+00 1.713902e+00 1.599120e+00 -8.657309e-01 -2.933609e+00
6.998085e-01 1.458625e+00 5.425086e-01 -3.792028e-01 9.060804e-01 1.457237e+00 8.909621e-01 6.152404e-01 1.609438e+00 7.204516e-02 -1.059397e+00 7.825967e-01
5.233536e-02 -7.199430e-01 2.067114e+00 1.938030e+00 -1.332177e+00 1.843024e+00 5.062661e-01 1.278912e+00 -5.838593e-02 3.150375e-01 -2.666322e+00 -1.422172e+00
-1.077796e+00 1.192365e+00 6.095229e-01 4.593319e-01 1.403653e+00 8.794526e-02 1.247820e+00 8.755636e-01 -1.590063e+00 9.963163e-01 9.755432e-01 -8.420383e-01
-3.851048e-01 1.121254e+00 -5.702276e-01 8.880202e-01 7.582771e-01 3.396769e-01 -8.927976e-01 -1.073675e+00 -1.254028e+00 -9.787943e-01 -1.945976e-01 1.027742e-01
-1.104417e+00 1.426297e+00 -3.515739e-02 2.518967e-01 1.995222e+00 5.743548e-01 9.078432e-01 1.154797e+00 -3.011769e-01 2.194591e+00 1.667653e+00 9.142677e-01
-4.685759e-01 2.317843e+00 -8.809217e-01 -2.362039e-01 2.153320e+00 -5.366211e-01 -1.319041e+00 2.331681e-01 5.076700e-01 8.167375e-01 6.534287e-01 2.740361e-01
-1.673928e+00 -4.033055e-01 -5.226360e-01 -1.516009e+00 6.267773e-01 3.255843e+00 1.374746e+00 9.068798e-01 2.278847e+00 1.219556e+00 -3.456407e-01 -1.349327e+00
4.763316e-01 -1.049437e+00 -1.279096e+00 5.524052e-01 -9.688525e-01 2.094265e+00 9.850711e-01 -2.756966e+00 1.624458e-01 -3.695281e-01 4.652459e-01 9.803187e-01
-3.548497e-01 2.396817e+00 -9.300261e-01 -2.611498e-01 1.826611e+00 -7.459369e-01 3.476508e-01 1.261525e+00 9.535567e-01 6.504490e-01 -2.282819e-01 3.865980e-01
-4.723781e-01 1.728753e+00 -2.704306e-01 1.516278e-01 2.823332e+00 -8.163500e-01 -8.179563e-01 7.041604e-01 -1.650491e+00 -6.719592e-01 -2.832955e-01 -9.928687e-01
-2.322927e-01 -1.382391e-01 3.962446e-01 2.229219e+00 7.414412e-01 1.977107e+00 2.684791e+00 2.923647e-01 -1.937219e+00 -1.325645e+00 1.213772e+00 2.405841e+00
1.774600e+00 -2.076646e+00 -1.260424e+00 2.950468e-01 -1.082745e+00 1.692096e+00 -2.081049e+00 -1.879993e+00 2.147730e+00 -1.848340e+00 -9.720716e-01 -7.925967e-01
-2.451952e-01 1.789547e+00 -1.644687e+00 -7.462092e-02 3.621459e-02 -3.323660e-01 1.393799e+00 2.809007e-01 8.287804e-01 5.569732e-01 1.504381e+00 1.852320e+00
1.582108e-01 4.575606e-01 -2.119397e+00 2.020981e-02 -1.913979e-01 8.118843e-01 8.441851e-01 -1.505673e+00 -7.197602e-01 -9.361954e-01 1.377057e+00 1.736289e+00
3.647320e+00 8.420368e-01 -1.892101e+00 -4.875356e-01 -1.308861e+00 -4.115077e+00 -1.560838e+00 1.594795e+00 3.976449e+00 3.292104e+00 -9.830717e-01 -3.495456e+00
4.977909e-01 5.364560e+00 -5.954728e-02 -3.453915e+00 1.828338e+00 -4.886049e-01 -5.016079e-01 3.875246e+00 1.284666e+00 -2.988853e-01 -4.920163e-02 1.801991e+00
6.709899e-01 5.596068e+00 2.784059e-01 -2.866982e+00 2.400281e+00 -1.864572e-01 -5.173736e-02 2.849542e+00 -5.573930e-01 1.728227e+00 1.886638e+00 2.700818e+00
1.417216e+00 -1.895161e+00 9.605764e-01 4.992289e-01 1.120678e+00 2.829165e+00 -1.807781e+00 -7.967471e-01 2.010773e+00 -2.127575e+00 -2.603282e+00 -1.573431e+00
5.871063e-01 -1.496158e+00 2.405804e+00 1.954316e+00 4.182828e-01 3.156093e+00 2.614504e-01 1.023603e+00 1.610191e+00 -8.345145e-01 -2.515438e+00 -1.812549e+00
6.761264e-01 9.463385e-01 -2.131716e-01 2.622167e+00 2.054968e+00 2.571737e+00 3.466409e+00 -1.916705e-01 -2.318199e+00 -1.744406e-01 3.221636e+00 2.048526e+00
-7.136183e-01 3.432046e+00 -1.014762e+00 -8.793284e-01 5.986338e+00 -1.373343e+00 -6.997918e-01 3.016545e+00 -1.655259e+00 9.531614e-01 -1.051275e+00 -1.992512e+00
2.722323e+00 2.736304e+00 -2.288043e-03 1.750349e-01 -7.057448e-01 2.052140e+00 2.405948e+00 -8.223888e-01 1.061967e+00 1.375912e+00 8.029245e-01 7.292596e-01
-1.610918e+00 3.831176e-01 -1.358081e+00 -2.164627e+00 1.223168e+00 4.287903e+00 9.549103e-01 -4.567471e-01 9.528597e-01 1.525652e+00 1.343994e+00 5.876814e-01
3.858533e+00 2.618551e+00 -5.902230e-01 -3.287606e-01 -1.976128e+00 -2.081192e+00 8.909793e-01 8.261503e-01 3.640012e+00 3.555518e+00 6.007568e-01 -1.933930e+00
-7.157075e-01 4.542117e+00 -1.950835e+00 -1.483639e+00 6.349842e+00 -1.782394e+00 -4.710567e-01 3.179572e+00 -2.310287e+00 1.636458e+00 1.332323e-01 -9.243323e-01
-1.348238e+00 2.595615e+00 -2.206960e+00 -2.477271e+00 3.490019e+00 3.181469e+00 -5.186976e-01 9.505701e-01 1.821373e-01 2.023626e+00 2.659161e+00 1.502403e+00
-8.637105e-01 4.374353e+00 -2.405574e+00 -2.779015e+00 5.520314e+00 9.931065e-01 -6.930480e-01 1.798152e+00 -2.362637e+00 2.174201e+00 1.918379e+00 5.080556e-01
