4.660743e+00 -2.830410e-01 -8.719333e-01 -2.664418e+00 -2.281926e+00 4.585012e-01 -1.240559e+00 -6.281229e-01 -2.812269e+00 7.365052e-01 -1.947271e+00 -2.708093e+00
3.784065e+00 -1.808352e+00 -1.094931e+00 -3.675687e+00 -3.417505e+00 1.190879e+00 -1.519865e-01 3.083778e+00 -1.272768e+00 2.781967e-01 -4.319764e-01 -2.736753e+00
4.227504e+00 1.786699e+00 8.087437e-01 -7.019547e-02 -1.876292e+00 -1.656246e-01 -1.652658e+00 -2.509693e+00 -3.838498e+00 -1.210256e+00 -2.987998e+00 -1.820074e+00
1.651583e+00 -2.081564e+00 -4.262543e-03 -2.746083e+00 -3.178295e+00 1.772927e+00 6.245798e-01 3.479651e+00 -2.821068e-01 6.228133e-01 3.048690e-01 -1.508365e+00
1.924174e+00 2.749776e+00 2.834807e+00 3.790539e-01 -1.182354e+00 -1.373700e+00 -1.497150e+00 -3.031623e+00 -4.042981e+00 -1.644414e+00 -1.812985e+00 -2.079499e+00
1.724975e+00 -1.767275e+00 -4.012764e-01 -1.611083e+00 -5.259986e+00 5.418768e-01 4.288479e-01 -1.650852e+00 2.042214e+00 1.744845e+00 -1.256403e-01 -2.591800e+00
1.497544e+00 -1.006133e+00 -6.246031e-01 -1.663482e+00 -4.291807e+00 7.607926e-01 1.222209e+00 3.651652e-01 1.281802e+00 1.287621e+00 1.281573e+00 -1.738490e+00
3.760586e-02 -1.492150e+00 -2.323387e+00 -2.568527e+00 3.852534e+00 2.314698e+00 3.968793e-01 -2.265403e+00 -2.427504e-01 -7.394775e-01 -1.145872e+00 3.955549e+00
3.415588e-01 -1.277497e+00 -1.691542e+00 -3.557327e+00 1.283416e+00 3.446304e+00 1.094300e+00 2.893628e-01 9.062229e-01 -1.638822e+00 -1.579847e+00 2.740949e+00
1.163711e+00 -1.285172e+00 1.216743e-01 -7.671160e-01 -2.884598e+00 4.329432e-01 -1.363799e+00 -1.333077e+00 1.158149e+00 6.230155e-01 -2.626655e+00 -1.888208e+00
4.981143e-01 -1.050903e+00 -8.282777e-01 -2.660469e+00 -1.289064e+00 2.893569e+00 7.451603e-01 1.099576e+00 2.080907e+00 -8.587340e-01 -1.023043e+00 1.092553e+00
-2.572816e-01 -1.414243e+00 -1.892031e+00 -2.187326e-01 4.873865e+00 1.319358e+00 1.797653e-01 -3.457570e+00 1.467267e-01 7.193219e-01 -6.275347e-01 4.723190e+00
3.983558e-01 -5.111440e-01 -5.600417e-01 -1.175624e+00 -2.753302e+00 1.768059e+00 -7.533437e-01 -2.179058e-01 3.123313e+00 -3.969944e-02 -5.404883e-02 -6.099949e-02
9.688468e-02 -4.608293e-01 1.320111e+00 -1.201430e+00 -2.601043e+00 9.804071e-01 2.478044e-01 6.516582e-01 -1.121168e-01 -3.358812e-02 2.223035e+00 8.643200e-01
2.503165e-01 -8.646590e-03 3.826534e-01 -7.576495e-01 -3.095727e+00 7.049235e-01 -8.855397e-01 -1.579384e+00 2.252017e+00 5.398737e-01 1.837671e-01 1.012627e+00
8.342258e-01 -1.287643e+00 -4.271246e-01 2.366618e+00 1.188294e+00 -3.063927e-01 -3.666293e-01 -3.757946e-01 -1.756328e+00 -2.409343e+00 -2.630820e+00 -2.086141e+00
3.455101e-01 7.092697e-01 2.612638e+00 3.414535e-01 -1.352274e+00 -1.055834e+00 -1.978822e+00 -1.875417e+00 -1.760282e+00 3.893237e-02 -1.093118e+00 -2.421760e+00
4.518938e-03 2.331450e-01 6.529809e-01 -7.509040e-01 -3.409798e+00 4.473767e-01 -8.346971e-01 -1.346728e+00 3.865843e-01 3.170981e-01 1.536471e+00 1.216761e+00
-4.159927e-01 -3.812617e-01 -6.002584e-01 5.920961e-01 1.122937e-01 7.361528e-01 -3.229139e-01 8.354431e-01 4.223850e-01 9.985085e-01 1.280536e+00 3.672848e-01
-3.037820e-01 -2.695070e-01 1.320668e+00 1.562697e-01 -1.551030e-01 -1.457021e+00 2.842127e-01 2.358627e+00 5.936943e-01 -1.790520e+00 1.018318e+00 -1.024008e-03
1.188173e+00 1.335091e+00 1.483777e+00 6.959261e-01 1.531315e+00 3.992059e-02 -1.226248e+00 -1.265477e+00 -2.295979e-01 4.521068e-01 8.112561e-01 1.160838e+00
1.175598e+00 -1.651021e-01 -7.301254e-01 1.428827e+00 1.742424e+00 6.755604e-01 6.884455e-01 7.501427e-01 -3.191867e+00 -3.613193e+00 -2.966476e+00 -1.843216e+00
3.067407e-01 -1.356822e+00 -2.186308e-02 1.639539e-01 -3.355051e-01 -1.403300e+00 -3.093877e-01 -1.080939e+00 -1.573402e+00 4.573113e-01 -4.922705e-01 -3.526477e+00
-7.679095e-01 -7.514389e-01 -1.637252e+00 1.755933e+00 3.896325e+00 3.968572e-01 -1.075892e+00 -3.714527e+00 1.551588e+00 1.717475e+00 -2.013683e-03 3.065671e+00
8.324429e-01 7.019001e-01 9.669060e-01 9.972349e-01 -1.101963e-01 -7.056184e-01 -9.144896e-01 -1.105862e+00 7.900440e-01 1.267288e+00 -1.545752e-01 -2.714979e-02
1.716289e-01 8.348690e-01 3.768693e-01 9.116800e-01 -9.814898e-01 -6.340510e-01 1.064323e-01 5.085400e-01 1.091061e+00 1.659555e+00 1.449631e+00 3.535134e-01
-2.666137e-01 -6.958121e-01 -1.073199e+00 2.076964e-02 9.941915e-01 7.157503e-01 -1.882453e+00 -6.768605e-01 4.672121e-01 4.156755e-01 -7.323799e-02 3.591232e-01
3.342585e-01 -5.332335e-01 2.075327e+00 -2.683030e-01 -1.867059e+00 -1.786404e+00 -1.268564e+00 -5.630301e-01 -7.366231e-01 8.440949e-01 -4.960445e-01 -2.649206e+00
3.229372e-01 5.289413e-01 1.054506e+00 1.263109e+00 1.103008e+00 -7.922840e-03 -7.517759e-01 -1.445799e+00 -1.104783e+00 -7.500758e-01 5.345079e-01 2.008850e-02
1.880612e-01 1.117833e+00 7.757577e-01 2.619790e-01 8.774121e-01 1.133561e+00 -9.680583e-02 3.886241e-01 4.962028e-01 1.110314e+00 4.251362e-01 2.963781e-01
6.373859e-03 8.597269e-01 6.913902e-01 4.866986e-02 7.994652e-03 -7.569996e-01 1.262104e+00 -1.160823e+00 -2.253131e+00 1.306200e+00 -2.263624e+00 3.197517e-01
3.785457e-02 4.306025e-02 -2.662568e-01 -3.148713e-01 6.860465e-01 -1.679911e+00 -1.110809e+00 8.374855e-01 -3.396805e-01 -2.223540e+00 -1.825621e+00 1.546198e-01
-8.262245e-01 -5.732685e-01 -8.774723e-01 2.261490e+00 2.196373e+00 -7.248580e-01 -1.551611e+00 -2.240777e+00 1.413467e+00 1.884268e+00 2.635422e-02 1.051930e+00
-2.585762e-02 5.330853e-01 4.781236e-02 -4.583207e-01 -6.111794e-02 2.263818e-01 6.632043e-01 -1.092245e+00 -1.265777e+00 -7.245037e-01 -8.872391e-01 9.369153e-01
1.092826e-01 2.433784e-01 -1.460446e-01 -4.880107e-01 3.890513e-01 -2.401853e-01 -2.803326e-01 6.769282e-01 -1.229200e+00 -1.736629e+00 -4.810138e-01 3.200862e-01
3.881662e-01 1.060663e+00 -7.583068e-02 -7.257131e-01 -8.002117e-01 -3.127287e-01 5.096658e-01 3.231084e+00 2.508647e+00 -2.905557e-01 6.904734e-01 8.151625e-01
7.605036e-01 7.456029e-01 -1.968314e+00 8.259383e-01 2.611910e+00 2.352251e+00 9.930016e-01 7.472829e-01 -1.436845e+00 -1.243130e+00 -9.500515e-01 3.565745e-01
4.873747e-01 -4.526665e-02 -2.005083e-01 -7.772815e-01 -1.121860e+00 6.842585e-01 1.419341e-01 6.336421e-01 -3.760834e-01 -5.902685e-01 2.455742e-01 -5.576651e-01
-3.162609e-01 1.484712e-01 -1.017431e-01 -3.769264e-01 -6.806787e-01 2.443331e-01 1.822083e+00 9.390528e-01 9.771637e-01 1.539997e+00 4.671583e-01 -1.120944e-01
2.929754e-01 5.215085e-01 -1.210876e+00 -1.351102e+00 -1.456857e+00 -6.047202e-01 -7.272620e-01 2.769812e-01 9.044017e-01 6.320806e-01 2.426880e-01 3.682171e-01
1.707827e-01 1.225897e+00 1.665298e+00 7.898106e-01 1.142927e-01 -1.705231e+00 2.218417e+00 -2.780338e+00 -2.825800e+00 1.865511e+00 -2.962324e+00 -5.153458e-01
-3.041539e-01 2.712093e-01 4.087830e-01 6.423116e-01 -4.886255e-01 -9.468012e-01 -2.224104e-01 1.742533e+00 2.818894e-01 -1.302473e+00 1.025035e+00 -8.675276e-01
2.537627e-01 3.062281e-01 -2.410977e-01 -5.779387e-01 -5.311650e-01 -3.138902e-01 -1.070163e+00 4.215311e-01 1.029300e+00 1.021535e+00 -7.015949e-01 -2.317339e-01
-1.394510e+00 -8.927622e-01 1.438417e+00 2.224868e+00 2.303047e+00 -1.162687e+00 -1.215781e-01 9.018055e-01 -1.058067e+00 -1.265004e+00 3.354276e-01 2.652364e-01
-2.799787e-01 1.305485e-03 3.196348e-01 1.227553e+00 -1.144425e+00 -1.544747e+00 1.912580e-01 1.588441e+00 5.614961e-01 -1.509972e+00 -1.659987e-01 1.561505e-01
5.457374e-01 7.833053e-01 1.280371e+00 9.625043e-01 1.108556e+00 -5.986854e-01 -9.506813e-01 -1.859546e+00 -8.437993e-01 -1.753818e-01 -5.366367e-02 4.982267e-02
-4.670218e-01 -2.776921e-01 4.012209e-01 1.258818e+00 -6.679813e-01 -1.099474e+00 -9.137998e-01 2.210922e+00 8.055918e-01 -7.053389e-01 -7.823883e-01 9.173715e-02
-5.412996e-01 5.606943e-01 -2.229655e-01 -5.397053e-01 4.655027e-01 -1.755427e-01 1.225037e+00 -3.041551e-01 4.351959e-01 -2.654076e-03 -9.843988e-01 -6.626996e-01
-7.852956e-01 -1.450910e+00 2.882648e-01 1.615447e+00 2.443410e+00 9.051601e-01 -1.891008e+00 -2.776796e+00 -2.730602e+00 5.453195e-02 -1.695409e+00 -6.350199e-01
-2.400988e-01 5.636119e-01 4.403925e-01 4.706345e-01 -4.507046e-01 -5.361561e-01 -1.720692e-01 1.964381e+00 -2.057295e-01 -8.619365e-01 1.248792e+00 -1.062776e+00
-1.789068e-01 -3.974990e-01 -8.501980e-02 -9.256904e-01 7.478110e-01 2.669853e-01 -8.067206e-01 -7.180594e-01 -7.361913e-01 -8.270361e-01 -2.090723e+00 -5.060406e-01
-5.884086e-01 2.861781e-02 4.975065e-01 4.456216e-01 1.470638e+00 1.356051e+00 6.008708e-01 4.052645e-01 2.755043e-01 9.243658e-01 1.216155e+00 8.996309e-01
6.684262e-01 1.050196e+00 4.450931e-01 -2.124776e-01 2.017357e+00 2.583346e+00 -1.580785e-01 5.500722e-01 5.188249e-01 1.068834e+00 1.018596e+00 8.662010e-01
-9.817936e-01 -2.572298e-02 6.313416e-01 9.824287e-01 -1.293583e-01 -1.290306e+00 -1.279553e+00 2.095187e+00 1.578108e+00 -5.923249e-01 -8.888623e-01 -4.665667e-01
-7.108504e-02 4.432995e-01 1.603132e-01 -7.981710e-02 1.149967e-01 4.216914e-01 1.502598e+00 -1.400061e+00 -7.341405e-01 -1.696505e+00 2.987041e-01 1.021449e+00
-7.558813e-02 -2.121478e-01 1.871633e-01 1.386437e+00 -1.281015e+00 -1.008013e+00 -6.151778e-01 2.060987e+00 3.489189e-01 -1.104332e+00 -9.939884e-01 9.099454e-01
-6.811224e-01 -3.488191e-01 5.172963e-02 6.931097e-01 -3.854979e-01 -1.161906e+00 -1.866543e-02 3.544251e-01 1.375051e+00 1.426126e+00 -3.080637e-01 -7.029151e-01
1.248127e-01 -3.277338e-01 6.322794e-02 1.904598e+00 -1.963531e+00 -9.333496e-01 -1.799591e-01 1.885657e+00 5.566068e-01 -1.386905e+00 -1.074762e+00 1.000598e+00
-6.690444e-01 8.520975e-02 -4.911315e-01 -2.598926e-01 1.477675e+00 2.267610e-01 -2.483472e-01 -1.862819e+00 9.984861e-02 -5.522334e-01 -2.530170e-01 6.267012e-01
1.594936e-01 6.969819e-02 5.569540e-01 -6.826304e-01 1.067866e+00 5.145723e-01 1.598209e-01 -8.655078e-01 -1.024207e+00 1.007560e-01 -1.058901e+00 -4.055107e-01
-1.134041e+00 -1.703418e-01 5.503732e-01 1.242479e+00 -1.300590e-01 -1.924631e+00 -1.116136e+00 1.600557e+00 1.369671e+00 -5.191865e-02 -1.346501e+00 -8.021914e-01
-1.823618e-01 7.513326e-01 3.033746e-01 4.061074e-01 -1.417141e-01 -5.851665e-01 -1.719420e-01 1.863940e+00 -6.274138e-01 -5.943285e-01 1.510741e+00 -1.294347e+00
-9.481305e-01 -2.328700e-01 -2.025174e-01 1.459739e+00 1.744833e-01 -8.501849e-01 -1.544807e+00 -4.561254e-01 1.202117e+00 9.406387e-01 -1.240156e+00 6.462655e-02
-6.933398e-01 -2.900932e-01 -2.136797e+00 -2.019163e+00 -1.280786e+00 -9.513382e-01 -7.051507e-01 -4.428193e-01 2.686359e-01 -1.125733e-01 6.899818e-01 4.637005e-01
-2.739723e-01 1.303337e+00 5.759953e-01 2.244294e-01 -6.230186e-01 1.670028e-01 1.221687e+00 -1.971971e+00 -2.037912e-01 -2.111645e+00 2.433891e-01 8.650146e-01
-1.874103e-01 9.510214e-01 3.250404e-01 5.164816e-01 -1.875273e-01 -3.029833e-01 -2.069035e-01 2.072155e+00 -7.407076e-01 -3.448600e-01 1.570110e+00 -1.240487e+00
-9.037839e-01 -4.634115e-01 8.741598e-02 1.446810e+00 -5.889693e-01 -1.652400e+00 -1.542591e+00 5.429806e-01 1.231562e+00 3.163509e-01 -1.818269e+00 -8.697318e-01
-1.415146e-01 6.743250e-01 5.853865e-01 1.472722e-01 2.702989e-01 -9.141917e-01 -2.530831e-01 1.754364e+00 -1.001511e+00 -6.372861e-01 1.819376e+00 -1.288556e+00
-6.600274e-01 2.696855e+00 7.974769e-01 1.197160e+00 -9.745930e-01 -5.059685e-01 4.785854e-01 -2.447397e+00 1.117290e-01 -2.470441e+00 3.195888e-01 -2.198974e-01
4.733229e-01 8.157876e-01 2.661223e+00 1.254998e+00 4.937468e-01 -1.456689e+00 1.809803e+00 -3.311394e+00 -2.906014e+00 2.060462e+00 -2.758370e+00 -1.187635e+00
4.115165e-01 1.043766e+00 -1.783437e+00 -6.226215e-01 1.629541e+00 1.009388e+00 1.246040e+00 1.647884e+00 4.611021e-01 1.023977e+00 1.406451e+00 8.758906e-01
-1.396573e+00 -6.878070e-01 -4.303122e-01 -3.795730e-01 -1.245413e+00 -4.941801e-01 1.979240e-01 9.327883e-01 1.033035e+00 9.080163e-01 3.664369e-01 1.691265e-01
9.180567e-02 4.110054e-01 8.312135e-01 -3.007110e-02 8.267458e-01 -1.571639e+00 -4.162586e-01 1.212912e+00 -9.196003e-01 -1.247804e+00 1.961368e+00 -1.218910e+00
-1.547008e+00 -1.145878e+00 -1.447593e+00 -1.357136e+00 -1.612349e+00 -2.234166e-01 4.995518e-01 7.895551e-01 1.850841e-01 5.010363e-01 1.286688e+00 2.274572e-01
4.775104e-01 1.716693e-01 1.146234e+00 4.138910e-01 1.239703e+00 -1.505568e+00 -5.513145e-01 4.707007e-01 -3.120128e-01 -1.582341e+00 1.701037e+00 -1.115322e+00
7.746750e-01 4.927220e-01 2.750560e+00 1.268352e+00 1.507509e+00 -1.594815e+00 1.366220e+00 -2.608745e+00 -1.718988e+00 6.480581e-01 -1.148276e+00 -1.400467e+00
7.765074e-01 1.108284e-01 2.011062e+00 8.057114e-01 1.706969e+00 -1.566010e+00 1.899122e-01 -1.240470e+00 -7.289611e-01 -1.126780e+00 6.305745e-01 -1.413462e+00
-1.194217e+00 2.634348e+00 7.273346e-01 1.671111e+00 1.041024e+00 -1.151307e+00 -6.474227e-01 -1.237347e+00 7.335442e-01 -1.481332e+00 3.789276e-01 -6.769434e-01
3.660946e-01 2.441303e+00 -2.256860e+00 -1.782645e-01 3.068023e+00 1.892620e+00 1.310175e+00 1.150199e-01 -5.384097e-01 1.182281e+00 8.178375e-01 2.572094e+00
-3.195290e-01 2.433258e-01 -1.603498e-01 -9.574728e-01 1.830442e+00 3.347824e+00 1.887928e+00 3.172444e+00 1.863402e+00 1.740831e+00 1.591800e+00 2.867577e+00
-2.144280e+00 4.356853e-01 8.282317e-01 2.586095e+00 4.944306e+00 6.042284e-01 -1.192381e+00 -2.368236e+00 -2.971827e+00 -5.789549e-01 -6.724383e-01 1.192754e+00
-1.670636e+00 1.631350e+00 -4.879975e-01 9.317948e-01 1.789942e+00 -1.401538e+00 -1.394025e+00 -6.802777e-01 5.934727e-01 -9.489308e-02 6.953198e-01 -2.703680e-01
-1.390610e+00 -8.652027e-01 -1.063098e+00 6.163530e-02 1.608670e+00 4.539916e+00 4.706373e+00 5.048488e+00 3.189229e+00 1.599078e+00 2.976975e+00 2.439250e+00
-1.948535e+00 -3.427586e-01 -1.434224e+00 1.185582e+00 1.732744e+00 -3.873767e-01 3.866812e-01 6.992148e-01 1.271506e+00 8.623095e-01 1.715705e+00 -5.952384e-01
-1.958393e+00 -1.521265e+00 -1.920793e+00 -1.342154e-01 5.731587e-01 3.571688e+00 4.864757e+00 3.947376e+00 2.645595e+00 2.288058e+00 2.707187e+00 1.627167e+00
-2.117859e+00 -1.653443e+00 -1.862317e+00 5.236869e-01 1.634726e+00 9.651774e-01 3.310469e+00 2.468639e+00 1.747636e+00 1.347081e+00 2.550718e+00 1.431023e+00
