1.618555e+00 -3.613153e+00 -2.357169e+00 -6.779271e-01 -2.770297e+00 5.543733e-01 -1.996106e+00 -3.114744e+00 -2.918730e+00 -2.450032e+00 -2.260563e+00 -1.693482e+00
1.349487e+00 -3.462986e+00 -6.603301e-01 -1.099530e+00 -2.111065e+00 2.037337e-01 -1.064085e+00 -2.341900e+00 -2.362246e+00 -2.088319e+00 -2.959271e+00 -1.575983e+00
4.130149e+00 5.772657e-01 -1.406958e+00 -1.870265e+00 -4.999507e+00 -9.999658e-01 -2.078718e+00 -2.717016e+00 -2.526124e+00 -3.676703e+00 -2.087480e+00 -1.725191e+00
5.354371e+00 4.259356e+00 -4.695005e-01 -3.673965e+00 -6.530328e+00 -2.127574e-01 -1.674753e+00 -5.620397e-01 -1.543803e+00 -2.709585e+00 -1.628088e+00 -3.561838e+00
3.864874e+00 2.653497e+00 1.938748e+00 -5.344334e+00 -6.526852e+00 1.789068e+00 -3.561431e+00 -1.888349e+00 5.215355e-01 -5.475801e-01 -7.906525e-01 -3.575481e+00
7.602597e-01 1.866536e-01 1.093741e+00 -2.799851e+00 -2.804776e+00 2.770492e+00 -2.074643e+00 -2.368815e+00 1.562398e+00 7.813706e-01 8.153307e-01 -1.048020e+00
9.061651e-01 -1.712947e+00 1.940293e-02 -1.409157e+00 6.605672e-01 4.592162e-01 1.244703e+00 4.903750e-01 7.348583e-02 -7.028105e-01 -2.063511e+00 -6.665636e-01
5.592394e+00 4.876891e+00 1.639858e+00 -5.140668e+00 -6.626984e+00 7.788597e-01 -2.044090e+00 -2.011641e-01 2.041831e-02 -1.325022e+00 -1.641516e+00 -3.669415e+00
9.428501e-02 6.798272e-01 4.101668e-01 7.845843e-01 1.442347e-01 8.163846e-01 6.416043e-02 1.780595e+00 1.042869e+00 1.720200e-01 -8.451487e-01 2.486521e-01
1.787966e-01 8.113270e-01 1.027855e+00 -1.187030e+00 -1.294696e+00 9.671347e-01 1.746336e-01 -1.824514e+00 1.348569e+00 -3.638988e-01 8.870729e-01 1.861629e+00
-6.402073e-02 4.202152e-01 -8.623314e-01 -2.023499e-01 6.968719e-02 -2.446724e-01 2.096311e-01 2.174784e+00 1.405593e+00 6.128598e-01 -1.429982e+00 -2.831888e-03
6.884374e-02 -7.740162e-02 -1.609949e-02 4.457304e-01 2.304759e-01 -6.407418e-02 -2.971078e-01 8.264119e-01 1.972092e-01 -5.735635e-01 -1.127506e+00 5.274877e-01
-6.591593e-01 7.941896e-01 7.603173e-02 -1.136539e+00 -9.825931e-01 -7.049681e-01 -9.045029e-02 -6.164606e-01 -1.819807e+00 -1.294346e+00 -4.510198e-01 1.627530e-01
-2.931513e-01 4.936731e-01 5.295759e-01 3.577549e-01 8.457319e-02 -6.486619e-01 -1.084464e+00 1.212353e+00 1.345045e+00 -7.841735e-02 -4.279315e-01 -9.600150e-01
2.643955e-01 1.674792e-01 -2.171377e-01 -5.166554e-02 9.611607e-01 -4.450181e-01 -7.689379e-01 6.408517e-01 -4.093994e-01 -6.571833e-01 -2.068733e-01 1.100416e+00
2.687531e-01 -6.212744e-01 -2.400406e-01 -1.466993e-02 -1.087213e-01 6.267508e-01 2.460696e+00 -1.192107e-01 -1.499197e+00 2.735028e-01 6.452340e-01 7.997555e-01
-2.297624e-01 -1.267274e+00 -1.651925e+00 1.138387e+00 2.845453e+00 -1.012244e-01 -2.443595e+00 -4.361197e-01 9.954260e-01 1.434865e+00 -9.324702e-01 1.067253e+00
8.491325e-01 4.712272e-01 -8.948178e-01 -1.171718e+00 5.659255e-01 1.946492e+00 1.696057e+00 -4.527372e-01 -4.281168e-02 2.014764e+00 1.468183e+00 4.396423e-01
1.308003e-01 -1.654426e-01 1.814823e-01 1.108594e+00 5.341002e-01 1.536667e+00 -1.764941e-01 -1.953963e+00 -1.650829e-02 -1.621691e-01 7.778485e-01 -1.972882e-01
4.490128e-01 1.009989e+00 -5.656799e-01 2.161390e-01 5.897535e-01 -1.792134e+00 1.065559e+00 1.250262e+00 -1.473277e+00 1.540859e-01 2.974464e-01 8.814901e-01
3.915046e-01 4.899310e-01 -8.878784e-01 4.536501e-01 1.362843e+00 -1.853230e+00 3.489152e-01 1.028284e+00 -1.266182e+00 8.072538e-01 5.175754e-01 8.457403e-02
-1.348005e-01 -3.834293e-01 1.146184e+00 8.334551e-01 7.040985e-02 1.315875e+00 -2.392656e-01 -1.545040e+00 -6.259657e-01 -1.336217e+00 4.808305e-01 -4.973074e-01
-8.447602e-01 6.599274e-01 1.371518e+00 -1.087040e+00 -7.745077e-01 3.175428e-02 6.039510e-01 1.146373e+00 -1.809773e-01 1.377438e-01 2.163610e+00 5.197109e-01
4.176253e-01 4.528247e-01 3.309843e-01 -4.425228e-01 -2.162584e+00 -1.589202e-01 5.166274e-01 1.827091e+00 -8.516821e-01 -1.022639e+00 -1.100796e+00 -4.580987e-01
-2.892494e-02 9.697008e-02 1.355700e+00 1.157321e+00 -1.122552e-01 3.805191e-01 -1.231791e+00 -1.157247e+00 -8.346893e-01 -1.006026e+00 2.638039e-01 -3.969963e-01
-5.530357e-02 -2.835006e-01 5.656576e-01 1.697589e+00 -1.085999e-01 1.429808e-01 -1.117890e+00 -1.586456e-02 9.160786e-01 -7.520904e-02 -2.869687e-01 6.731864e-01
-4.303288e-01 3.460231e-01 1.564067e+00 1.314690e+00 -1.541245e-01 -2.913403e-01 -5.169586e-01 -6.115350e-01 8.511392e-02 -2.540019e-01 2.739271e-01 -9.064873e-01
-3.986189e-01 -9.067156e-01 -1.883765e+00 1.581149e+00 1.700972e+00 7.261668e-01 -2.568399e+00 3.722170e-01 8.878593e-02 -9.025383e-02 -1.166445e-01 1.936701e+00
-3.194043e-01 -1.217122e+00 -1.540597e+00 6.559172e-01 1.379180e+00 1.648485e+00 -6.347208e-02 1.304769e+00 -8.004217e-01 -1.734516e+00 1.128489e+00 4.536196e-01
2.220882e-01 -2.508416e-01 -1.282909e+00 -5.902313e-01 -2.390165e-02 -1.442487e-01 1.700039e+00 3.851924e-02 -4.852240e-02 6.352822e-01 6.452342e-01 6.847944e-01
-3.188422e-01 -1.364292e+00 -1.618414e+00 6.060587e-01 1.273559e+00 1.452934e+00 4.061248e-01 2.121002e+00 -2.196815e-01 -3.000304e+00 8.724172e-01 -3.168397e-01
-1.219597e-01 3.433081e-01 2.701613e-01 1.469081e+00 1.098092e+00 7.866930e-01 4.484213e-01 8.768076e-01 2.253803e+00 4.702287e-01 -1.653628e-01 5.002812e-01
1.071588e-01 7.108577e-02 -1.448995e+00 -1.204016e+00 -4.049203e-01 -2.599763e-01 1.007688e+00 1.371314e+00 1.790871e+00 1.920163e+00 -4.658045e-01 1.250768e+00
1.339259e-02 -1.297198e+00 -9.155968e-01 1.020796e+00 3.174666e+00 -9.430407e-01 -2.408487e+00 -1.960841e-01 2.181754e+00 2.520543e+00 -1.742839e+00 3.821546e-01
-6.192020e-01 2.995401e-01 1.295738e+00 1.252836e+00 4.912664e-01 7.617624e-02 -1.739086e+00 -5.791855e-01 7.553233e-01 -4.624894e-01 3.731211e-01 -1.484971e+00
1.640692e-01 2.032800e-01 2.582868e-01 -2.599023e-01 -1.764098e-01 3.699646e-01 3.569736e-01 -7.103658e-01 -1.253360e+00 -1.116321e-01 2.623645e-01 -6.201060e-01
2.986191e-01 3.276318e-01 -3.886628e-01 8.450298e-02 5.675131e-01 -7.766473e-01 5.834869e-01 7.052819e-01 -1.100723e+00 -2.101489e-01 1.215096e+00 6.018552e-01
2.606689e-01 1.263648e+00 -2.770846e-01 3.593483e-02 3.498760e-01 -2.200366e+00 1.985838e+00 1.238695e+00 -1.284811e+00 -6.889254e-01 -2.159070e-01 2.191315e+00
-9.092603e-01 4.830384e-01 7.591975e-01 -1.549522e+00 -6.534104e-01 -2.993954e-01 9.296139e-01 8.246981e-01 7.302121e-01 1.459983e+00 1.895091e+00 7.775108e-01
4.637938e-01 4.505199e-01 4.152445e-01 -7.070638e-01 -2.347727e+00 -8.514620e-01 -6.698503e-02 -6.881955e-02 -1.497584e+00 -1.532066e+00 -2.051156e+00 -7.270717e-01
6.627045e-02 -1.429804e-01 8.535932e-01 8.694609e-01 -6.587446e-01 3.855810e-02 2.163918e-01 4.886024e-01 1.334490e+00 7.665750e-01 3.588493e-01 5.760928e-01
-4.507359e-01 -1.123636e+00 -1.465600e+00 6.724495e-01 1.705775e+00 4.914060e-01 -8.801244e-01 4.679399e-01 -1.061431e+00 -7.965506e-01 7.195718e-01 9.857317e-01
-8.191709e-02 -7.370374e-02 -3.694664e-01 -3.866897e-01 7.360511e-01 -1.034797e+00 6.455439e-01 -7.889696e-01 -6.241940e-01 -9.838815e-02 4.006520e-01 5.463492e-01
-3.423420e-01 -2.564029e-01 8.511545e-02 -4.711441e-01 -4.421309e-01 -1.295459e+00 -1.489568e+00 6.680784e-02 -5.020300e-01 -8.560379e-01 3.059053e-01 1.936543e-01
-3.764096e-01 -3.789842e-01 -1.712299e-01 -5.009204e-01 4.938186e-01 -1.034269e+00 6.227947e-01 -9.310533e-01 1.255576e+00 1.437726e+00 1.337230e+00 1.417669e-01
-1.972124e-01 5.114358e-02 -3.276979e-01 -5.878490e-01 1.147357e+00 -1.014655e+00 1.135497e+00 1.140783e+00 9.772893e-01 -2.789744e-01 -4.764331e-01 -2.384836e-01
1.621578e-01 -1.905181e-01 1.022437e+00 6.692623e-01 -3.678291e-01 5.278965e-01 1.305761e+00 -8.044000e-01 -3.270362e-01 7.890472e-01 8.924818e-01 1.176749e+00
-6.613566e-01 8.332688e-01 -1.648192e-01 -3.664030e-01 -6.944645e-01 -4.600073e-01 -1.119741e+00 -9.863571e-01 -2.337453e+00 2.403055e-01 -2.816420e-01 -4.798089e-01
-4.390109e-01 -1.007984e+00 -1.412953e+00 1.287199e+00 1.167191e+00 2.512458e-01 -1.789316e+00 6.320384e-01 -7.159861e-01 -4.838972e-01 -8.808613e-02 2.314922e+00
3.852463e-02 6.771111e-02 5.468940e-01 2.571381e-01 -7.190288e-01 -2.028532e-01 5.679768e-01 -9.867665e-01 -5.214977e-01 -1.385122e-01 -1.402954e-01 -2.565057e-01
3.094788e-01 1.399669e+00 2.818021e-01 -5.392386e-01 4.886143e-01 6.415145e-02 1.888672e+00 4.025458e-01 1.801318e-01 -2.961101e-01 1.083583e+00 1.914103e+00
-2.060163e-01 -6.688404e-01 -1.077875e+00 2.720059e-01 5.048605e-01 1.571185e+00 7.528197e-01 3.402650e+00 -5.163763e-01 -3.494500e+00 1.498681e+00 -8.311523e-01
1.270338e-01 2.450832e+00 -5.010945e-01 -2.276639e+00 9.020675e-01 2.693937e+00 -6.773960e-01 -2.266350e+00 -1.908915e-01 1.718522e+00 -8.271306e-01 -1.615173e+00
2.659273e-02 2.559987e-01 -3.634610e-01 2.645949e-01 1.028154e+00 8.367483e-02 4.748514e-01 6.135920e-01 1.602193e-01 -2.623052e-01 9.872742e-01 5.577252e-02
-3.470692e-01 -1.346338e-01 -4.352621e-01 -1.197859e+00 7.110658e-01 -2.085134e+00 1.744102e-02 8.464736e-01 2.070143e-01 -6.123279e-01 8.758043e-01 7.081602e-01
1.884732e-02 -1.805773e+00 -2.139702e-01 1.484842e+00 1.106544e+00 9.606420e-01 3.408241e-03 -1.792830e+00 -1.925793e+00 7.936112e-01 -3.931583e-01 5.541169e-01
-2.398346e-01 -3.275209e-01 3.020793e-01 -6.851231e-01 -1.068492e+00 -1.019611e+00 5.484632e-02 -1.437689e+00 -1.387928e+00 -9.323701e-01 -3.896945e-01 -1.427175e+00
4.554920e-01 1.474975e+00 -1.121214e+00 -2.292214e+00 1.219431e+00 2.662917e+00 6.993088e-01 -1.938281e+00 -7.452716e-01 1.896128e+00 3.698545e-01 -1.195255e+00
-5.179594e-01 -8.121703e-01 5.676731e-02 4.353271e-01 -7.331216e-01 -8.067241e-01 3.809234e-01 -1.968331e+00 2.106603e-01 2.801450e-01 1.440235e+00 -1.410876e+00
-4.029341e-02 7.498188e-02 -4.069672e-01 -5.576992e-02 5.554203e-01 -3.788335e-02 8.360571e-01 1.130558e+00 -7.810560e-01 -8.533934e-01 8.239475e-01 -2.501770e-01
1.268820e-01 2.071675e+00 5.382069e-02 -1.372870e+00 2.623085e-01 2.016922e+00 -8.778132e-01 -2.029803e+00 -7.777580e-01 7.753633e-01 -1.361783e+00 -7.914162e-01
1.631967e-01 -1.294656e+00 -5.811405e-03 5.574964e-01 3.153291e+00 -1.578878e+00 -2.146697e+00 -4.121843e-01 2.713851e+00 2.991746e+00 -1.695871e+00 -4.858886e-01
-1.305961e-01 -5.907643e-01 -8.059311e-01 3.753803e-01 6.005953e-01 4.139853e-01 3.250001e-01 3.153599e+00 -4.886600e-01 -2.011103e+00 1.227689e-01 -9.931315e-01
-1.188960e-01 -1.108789e-02 -4.705018e-01 -1.582563e-01 3.551907e-01 2.515060e-01 1.023074e+00 1.909179e+00 -7.377932e-01 -1.498427e+00 6.439813e-01 -7.687533e-01
-4.341792e-01 1.752494e+00 1.486538e+00 4.129935e-01 -1.633394e+00 3.594211e-01 -7.854615e-01 -7.928482e-01 -2.140935e-01 9.419243e-01 2.216966e-01 -2.630747e-01
-6.605062e-01 4.987045e-02 3.168169e-01 7.607919e-01 1.793234e+00 -2.225936e-01 7.590957e-02 1.183486e+00 2.802271e+00 1.699751e+00 1.550107e+00 1.054317e+00
8.022618e-02 -7.947288e-01 -1.705190e-01 6.717545e-01 2.336674e+00 -1.759013e+00 -2.009730e+00 -1.096602e+00 2.416228e+00 2.566138e+00 -1.621514e+00 -1.510873e+00
-3.546993e-01 1.388249e+00 2.140354e+00 5.885866e-01 -1.110333e+00 6.809245e-01 2.226698e-01 7.852818e-01 1.520730e+00 2.004510e+00 1.853319e+00 6.127527e-01
-6.567265e-01 3.853062e-01 9.436371e-01 -3.178329e-01 1.053874e+00 -3.630341e-01 9.965978e-01 5.555177e-01 2.584840e+00 2.548905e+00 9.873846e-01 1.123401e+00
-4.904601e-01 1.375727e+00 1.028959e+00 5.850371e-01 -6.680558e-01 -1.891329e-01 -3.173739e-01 3.812510e-01 -5.741962e-01 4.530687e-01 -6.157792e-01 -8.230958e-01
8.615055e-02 -2.540306e-02 -8.873183e-01 1.556474e+00 1.800074e+00 -7.274920e-02 -2.577712e+00 -1.899224e+00 2.188395e+00 1.840888e+00 -1.133747e+00 -1.702473e+00
-1.422327e+00 -5.208611e-01 7.931343e-01 -2.440136e-01 7.285887e-01 1.710649e+00 1.867813e+00 1.297898e+00 2.303510e+00 1.913093e+00 6.447563e-01 1.127589e+00
4.596820e-02 4.948162e-01 -5.733628e-01 1.256359e+00 1.195609e+00 3.420971e-01 -2.019016e+00 -2.565851e+00 5.691395e-01 1.403454e+00 -8.576997e-01 -1.758390e+00
-8.257880e-01 4.896036e-01 1.436958e+00 -2.582940e-01 -7.291087e-01 6.472589e-01 1.218448e+00 1.503924e+00 2.293109e+00 1.326678e+00 5.747195e-01 5.482981e-01
-3.968025e-01 1.169956e+00 9.827690e-02 3.762572e-01 1.292869e+00 4.249558e-01 -1.195260e+00 -2.892048e+00 -1.929800e+00 -1.141989e+00 6.236058e-01 2.226353e-02
-4.149823e-02 1.096133e+00 -6.906222e-01 1.190863e+00 1.492420e+00 -5.786839e-01 -1.835775e+00 -2.481453e+00 -1.475742e-01 4.282837e-01 -1.120008e+00 -1.769579e+00
4.785891e-02 1.462719e+00 -2.754063e-01 1.988428e-01 1.608252e+00 -5.241731e-01 -1.156035e+00 -2.257491e+00 -1.272544e+00 -1.305976e-01 -4.915510e-01 -9.626806e-01
-2.332787e-01 1.630462e+00 2.299499e-03 -5.376246e-01 9.297668e-01 -7.360088e-01 -6.914881e-01 -2.418269e+00 -2.324958e+00 -1.352617e+00 1.973334e-01 -7.125869e-01
-6.164162e-01 -2.269955e+00 3.843952e-01 2.943171e+00 2.591547e+00 2.558159e-01 1.195921e+00 -1.455291e+00 -1.043293e+00 2.275740e+00 -1.254387e+00 1.628919e+00
-1.821503e+00 -1.045657e+00 1.287608e-01 3.101965e-01 1.801092e+00 2.533751e+00 3.486958e+00 3.106913e+00 4.650270e+00 1.220364e+00 -2.713667e-01 1.401265e+00
-2.674884e+00 -1.669617e+00 3.700680e-01 3.087607e-01 -8.158342e-01 1.396653e+00 4.165830e+00 2.106671e+00 2.510057e+00 -5.132368e-01 9.086729e-01 1.293712e+00
-1.800040e+00 -2.464745e+00 1.402568e+00 2.860430e+00 1.050830e+00 -1.042942e+00 3.564106e+00 -4.496599e-01 -3.061522e+00 1.865477e+00 -7.507439e-02 1.788797e+00
-3.377944e+00 -6.058962e-01 1.531953e+00 1.241793e+00 -6.784937e-01 -1.391301e-01 4.745548e+00 1.171945e+00 3.587614e-01 -1.589336e-02 2.222891e+00 2.522987e+00
-2.849052e+00 -1.603542e+00 1.503977e+00 1.608037e+00 -6.852341e-01 -1.493044e+00 5.426385e+00 1.090968e+00 -1.693420e+00 6.999542e-01 7.715017e-01 1.796090e+00
