3.620365e-01 -2.148082e+00 -3.301350e+00 1.973001e+00 -1.433824e+00 -2.526242e+00 -1.763766e+00 -1.081950e+00 1.339886e+00 -3.035538e-01 -5.356766e-01 -4.220082e-01
-3.803544e+00 6.460326e-01 -4.969618e-01 1.421133e+00 -1.628238e+00 -6.010678e-01 1.005987e+00 -4.897226e-01 -1.811573e-01 -1.506909e+00 5.925645e-01 7.391828e-01
3.386475e+00 -3.447255e+00 -4.334129e+00 2.056166e+00 -4.055165e-01 -2.968894e+00 -2.943434e+00 -1.934867e+00 2.824550e-01 -1.737669e-01 -4.450870e-01 -8.494423e-01
-4.457288e+00 -1.478098e+00 -2.030224e+00 7.093660e-01 2.886675e-01 1.610335e+00 4.793820e-01 -9.772363e-01 6.767683e-01 -1.234982e+00 8.564655e-01 -2.448811e-01
-4.019628e+00 1.474171e-02 -4.844901e-01 1.667130e+00 1.541644e+00 2.749563e+00 7.992598e-01 3.742628e-02 -4.962305e-01 -2.661203e-01 4.709300e-01 9.034467e-03
-4.083380e+00 -1.733531e+00 -2.896518e+00 -8.442190e-01 -1.032636e+00 -5.395417e-02 5.526688e-01 4.656058e-01 2.270647e+00 -8.697618e-01 -3.038545e-01 -5.011357e-01
-7.757177e+00 3.665665e+00 1.763241e+00 5.003552e-01 -3.642208e-01 1.672380e+00 3.297759e+00 6.409124e-01 -1.456587e+00 -3.788213e-01 1.543883e+00 2.543439e+00
2.503786e+00 -3.219566e+00 -3.260661e+00 1.008168e+00 4.050687e-01 -1.467396e+00 -2.244785e+00 -1.347659e+00 -3.061689e-01 -2.856525e-01 -6.732801e-01 -1.301344e+00
-2.186007e+00 7.842067e-01 -2.685246e-01 2.200550e+00 1.996688e+00 2.693390e+00 1.825423e-01 -1.046321e+00 -1.196069e+00 -3.140543e-01 -1.291887e+00 7.803832e-01
-6.081577e+00 3.034744e+00 9.494067e-01 -1.290768e+00 8.164239e-02 1.764220e+00 3.817027e+00 1.786108e+00 -1.124374e+00 1.760139e-01 1.270771e+00 2.947715e+00
2.690479e+00 -3.636520e+00 2.851435e+00 -2.249947e+00 -2.389540e+00 -9.884558e-01 -1.546235e+00 2.120347e+00 -1.459303e+00 1.173305e+00 5.617627e-01 6.205398e-01
-1.556067e+00 -1.016548e+00 -2.752484e+00 -1.462086e+00 -2.383008e+00 -1.536744e+00 -6.199564e-01 2.908663e-01 2.374227e+00 -2.467128e-01 -1.821619e-01 -1.967668e-01
-1.029484e+00 1.429195e+00 -2.130388e-01 1.183080e+00 6.466589e-01 -1.923031e-01 -5.217437e-01 -3.862295e-01 -1.222373e+00 1.387872e-01 -1.322023e+00 8.615727e-02
-2.332185e+00 1.709545e+00 -7.433355e-01 -1.578219e+00 3.317488e-01 9.347761e-01 3.357436e+00 1.804518e+00 -9.994541e-01 7.158593e-01 1.051825e+00 1.182115e+00
5.779506e+00 -2.613944e+00 4.883650e+00 -3.706725e+00 -3.765236e+00 -4.684015e+00 -5.293488e+00 2.438545e-02 -3.849714e+00 -4.019191e-01 -2.465001e+00 -1.039727e+00
-5.876371e-01 9.679796e-01 4.233418e-01 9.767126e-01 2.963754e-01 -3.838282e-01 -6.249977e-01 2.398500e+00 -5.340551e-01 -1.740503e-03 -9.667791e-01 -2.597412e-01
2.862005e+00 9.586127e-01 -7.772626e-01 -4.388947e-01 -1.519041e+00 -2.379991e+00 1.116369e+00 -1.369198e+00 -4.296101e-01 -8.382827e-01 -3.510986e-01 -1.784141e-01
-9.488088e-01 -7.852358e-01 6.803201e-01 -1.205019e+00 2.688137e-01 -6.735767e-01 -1.826360e+00 3.853772e-01 -1.995848e+00 1.438684e+00 -1.709810e-01 -1.705328e+00
4.530094e-01 -1.576232e+00 1.572443e+00 -5.502918e-01 -8.387235e-01 7.170296e-01 9.444010e-01 1.247323e+00 -9.192111e-01 6.146780e-01 1.402762e+00 1.036253e+00
1.297508e+00 -7.045368e-01 -2.275714e+00 -1.389732e+00 -2.592543e+00 -1.970381e+00 -1.112020e+00 -1.114303e+00 -4.633168e-01 -4.559363e-01 3.443924e-02 -8.984601e-01
-1.153259e-01 -2.961110e-02 7.058974e-02 2.992055e-01 -1.354375e+00 -1.410402e+00 -8.312401e-01 -1.205525e+00 -9.658945e-01 -1.124261e+00 -4.821292e-01 8.415724e-01
2.246893e+00 1.092394e-01 -5.024013e-01 -1.327658e+00 -2.436940e+00 -3.133120e+00 2.150058e-02 -6.468328e-01 -7.200139e-01 6.412054e-01 -6.894000e-01 -1.105275e+00
1.491247e-01 -4.249822e-01 -6.765662e-01 -6.523528e-02 -1.858216e+00 1.027594e-01 1.393979e-01 7.180082e-01 6.147849e-02 -1.142005e+00 -4.156036e-01 3.867449e-01
1.655908e+00 6.240537e-01 -1.246802e+00 3.044859e-01 -3.022007e-01 -1.221585e+00 2.220597e+00 -9.266371e-01 9.332913e-01 -1.211594e+00 -2.727714e-01 4.403094e-01
1.582527e-02 -1.852378e-01 1.386680e-01 3.609610e-01 -1.509033e-01 -1.054548e+00 -1.656849e+00 -2.347571e+00 3.086743e-02 -3.782670e-01 8.556952e-02 7.212736e-01
-6.755356e-01 -2.356622e-01 7.777556e-01 -1.695485e+00 1.570351e-02 -1.110506e+00 -2.314606e+00 -4.090084e-01 -1.143918e+00 -5.781027e-01 -1.627683e+00 -8.074995e-01
2.538053e-01 -1.167512e+00 -6.558930e-01 -6.113376e-02 -2.054120e+00 1.072638e+00 9.728344e-01 2.017035e+00 -6.426565e-01 -1.085841e+00 -1.457313e+00 1.957285e-01
1.566541e-01 4.667258e-01 -8.164152e-01 1.216019e-01 4.535512e-01 -7.931106e-02 -1.410722e+00 -3.111859e-01 -2.286717e-01 1.511317e+00 -8.348553e-01 9.616044e-01
1.139204e-01 8.917490e-01 -5.517041e-01 -7.657369e-01 7.867135e-01 6.296732e-01 1.133689e+00 9.531682e-01 -9.132744e-01 3.739021e-01 3.135855e-02 -1.070055e+00
-2.876511e-02 3.772712e-03 3.000679e-02 -1.055476e-01 8.330047e-01 4.556084e-01 -6.195518e-01 1.327341e-01 -2.196040e+00 -2.187731e-01 8.640571e-01 -6.240894e-01
-4.661457e-01 1.040149e+00 1.184718e+00 1.329571e+00 9.905503e-01 -4.380577e-02 -1.694940e+00 2.219067e+00 1.122705e-01 3.459913e-01 -3.462254e-01 -4.729584e-01
-1.804823e-01 -4.957945e-02 -5.271541e-01 4.846318e-01 1.822163e-01 5.382922e-01 -2.375436e-01 -6.226164e-01 8.936332e-01 7.317582e-01 9.979264e-01 9.958988e-01
7.946453e-02 5.235736e-01 -9.642466e-01 3.029261e-01 -8.047333e-01 -5.552790e-01 -2.210877e+00 -1.945012e+00 3.277703e-01 1.651741e+00 5.245657e-02 1.667835e+00
-2.983876e-01 7.760388e-02 -8.016925e-01 -4.614503e-01 -4.476132e-02 1.185311e-01 1.098850e+00 1.566923e+00 -2.986138e-01 1.391408e+00 6.782231e-01 9.415253e-01
1.629248e-02 2.151490e-01 -5.480568e-02 7.411876e-02 -8.661915e-01 1.048128e+00 4.461989e-01 9.335060e-01 5.169010e-03 1.205542e+00 1.124830e+00 1.103099e+00
1.718611e-01 -6.726512e-01 3.512021e-01 -8.442249e-02 -9.485428e-01 1.346323e+00 1.395485e+00 4.445691e-01 6.921889e-01 -4.686482e-01 1.150926e+00 -7.630688e-01
2.191056e-01 5.409686e-01 2.811438e-01 9.050131e-01 3.035482e-01 -5.306783e-01 -4.927799e-01 -2.138493e+00 -4.948462e-01 -1.212204e+00 -1.770429e+00 -1.131059e+00
1.121079e-01 -1.405051e-01 3.122934e-01 -1.469651e-01 -8.063175e-01 8.812342e-01 -1.155002e+00 -5.488998e-01 -8.516897e-01 -6.670350e-01 4.384955e-01 -1.010370e+00
2.887420e-01 2.991780e-01 -2.272054e-01 8.161774e-01 7.508228e-01 -4.008919e-01 -1.294492e+00 -1.142860e+00 -8.313851e-01 -2.676750e-01 -1.307603e+00 -7.526190e-01
-2.151100e-01 -9.691103e-01 -2.946773e-01 6.876230e-03 -2.558218e-01 -4.642818e-01 7.771530e-01 -2.055336e+00 6.042593e-02 6.948242e-02 7.736510e-01 7.405127e-01
6.211281e-04 -4.806027e-01 -6.552822e-01 1.303267e-01 7.965065e-01 4.247964e-01 -1.127068e+00 1.992183e-02 1.135933e+00 -1.010220e+00 2.961386e-01 1.312384e+00
3.156635e-01 -1.183321e+00 -6.416079e-01 -9.093466e-01 -1.039215e+00 7.158293e-01 1.691866e+00 1.923459e+00 -6.048180e-01 -9.340782e-02 -1.804255e+00 -1.831241e+00
-1.240777e-01 3.898912e-02 2.069217e-01 -3.385983e-02 -5.895633e-01 4.779426e-01 4.683151e-01 -1.112715e+00 -1.610293e+00 -5.258092e-01 5.255052e-01 9.234665e-01
3.798532e-01 4.560739e-01 -6.061069e-01 6.500861e-01 8.561306e-01 3.885272e-01 8.019282e-01 -2.213542e-01 3.873416e-01 -4.793553e-01 2.743754e-01 1.323664e-01
-1.268208e-01 -5.500849e-01 -5.575424e-01 -4.614530e-01 -1.201911e+00 -4.094129e-02 7.881325e-01 -5.956463e-01 6.154076e-01 3.798398e-01 -5.409051e-01 5.498087e-01
2.673149e-04 3.350638e-01 -2.126903e-01 -1.015622e+00 -1.517528e+00 4.308307e-01 -2.629957e-01 4.558685e-01 -7.015666e-01 3.520992e-02 -2.908466e-01 -7.926400e-02
7.184961e-01 9.674217e-01 5.546684e-01 8.459476e-01 1.418595e+00 5.565146e-01 -2.690856e-01 1.197125e+00 3.170338e-02 2.407675e-01 7.685752e-01 -9.292292e-03
-4.577495e-01 -9.956814e-01 -5.368038e-01 1.577652e-01 -3.576778e-01 1.185932e+00 9.813551e-01 6.891387e-01 1.832809e+00 1.373224e+00 8.576241e-01 4.632286e-01
-3.613847e-02 -4.689199e-01 3.593540e-01 9.797907e-02 -6.093399e-01 1.270059e+00 1.411342e+00 4.102796e-01 1.158735e+00 -1.083793e+00 1.423635e+00 -9.830276e-01
2.984591e-01 -2.757308e-01 -6.131624e-01 5.969083e-01 9.054655e-01 9.726402e-01 6.183010e-01 7.121873e-01 9.723120e-01 9.586859e-03 -6.946778e-02 4.663509e-01
-3.481337e-01 -2.519441e-02 -7.979723e-01 2.547947e-01 1.285865e+00 1.469587e-01 -3.178441e-01 -1.821163e+00 7.842257e-01 1.366323e+00 1.479812e+00 1.002101e+00
-2.815571e-01 -4.314098e-01 1.726960e-01 4.050950e-01 -8.063156e-01 6.652063e-01 6.141958e-01 1.001558e+00 1.920975e-01 -1.239478e+00 1.314813e+00 -1.272151e+00
-1.488613e-01 -1.881108e-01 3.385356e-01 -5.532135e-01 -2.604887e-01 -3.559706e-01 1.646211e-01 -4.962107e-01 9.906726e-02 6.213355e-03 -7.689853e-01 -7.085463e-01
-1.133643e+00 -2.058913e-01 6.980311e-01 -5.682205e-01 -4.034635e-01 -7.684988e-01 1.101590e+00 3.890646e-01 -5.653657e-01 4.141933e-01 4.559543e-01 -4.671167e-01
5.065718e-02 7.026602e-01 3.304502e-01 -5.792398e-01 4.660978e-02 -2.675472e-01 -6.090868e-01 -2.320553e-01 -1.048562e+00 -2.085949e+00 -9.067494e-01 -1.631524e+00
-5.403178e-01 -1.551585e-01 -7.746674e-01 -2.537962e-01 1.623317e+00 2.320715e-01 -3.243778e-01 -1.270383e+00 1.937873e+00 7.118620e-01 4.679940e-01 8.479478e-02
-4.616066e-01 -2.206901e-01 4.944932e-01 -5.688030e-01 -8.904153e-01 -1.336725e-01 1.408599e-01 -1.320732e+00 -6.717738e-01 9.239776e-01 5.036198e-01 1.726725e-01
-1.646809e-01 8.120669e-01 2.272685e-01 2.376879e-01 -7.490010e-01 -9.134351e-01 -1.523865e+00 -1.077155e+00 3.565782e-01 1.209358e+00 -6.921437e-01 2.467725e-01
3.913046e-01 2.257629e-01 -4.785776e-02 -1.748017e+00 -1.618277e-01 1.171277e+00 -3.368662e-02 1.286178e-01 -1.990616e-01 -9.775122e-02 6.462736e-01 -1.070287e+00
-1.020456e-01 -7.796929e-01 -1.069364e+00 -4.328645e-01 6.866021e-01 2.230332e-01 3.851199e-01 -1.632911e-01 -2.531484e-01 -2.081899e-01 -9.719766e-01 -2.054294e+00
-3.898261e-01 -6.330969e-01 -6.136590e-01 -1.123361e+00 -9.031655e-01 -9.609116e-01 3.115179e-01 3.729124e-01 9.649850e-01 -4.263780e-01 -7.733272e-01 -2.047178e+00
-2.657978e-01 -4.458567e-01 2.299726e-01 -7.017814e-01 -1.562596e+00 -5.204345e-01 3.282868e-01 7.453938e-01 4.615873e-01 -6.607093e-01 -3.440634e-01 -1.960524e-01
-7.720287e-01 -1.530312e+00 -1.341052e+00 -1.022267e-01 1.910920e+00 1.103204e+00 -5.922020e-01 -7.076603e-01 2.733911e-01 -6.444099e-01 2.354484e-01 -9.157172e-01
-3.405334e-01 -3.823922e-01 6.091328e-02 5.974280e-01 -7.746975e-01 -8.691464e-02 3.570254e-01 9.786559e-01 -9.202524e-01 -5.502607e-01 6.403486e-01 -1.114755e+00
-3.307687e-01 -9.985048e-01 -9.365389e-01 -1.041782e+00 1.409404e-02 -9.936911e-01 -3.194332e-01 7.899641e-02 3.192703e-01 -7.228019e-01 -7.279852e-01 -2.644081e+00
-4.303924e-01 6.183234e-01 2.998710e-01 2.100681e-01 -5.174100e-01 -7.255036e-01 4.882608e-02 -2.357507e-01 -3.564340e-01 -3.041155e-01 -1.180648e+00 -1.215974e+00
-2.743534e-01 1.514020e-01 -2.405278e-01 -9.895319e-01 4.648613e-01 -1.500625e-01 -2.063518e-01 -1.354226e+00 3.373012e-01 -7.994941e-01 -1.971580e-01 -3.846879e-01
-1.291599e-02 -2.137476e-01 -2.138979e-01 -4.638433e-03 -4.945517e-03 -1.264013e-01 -1.106346e+00 -1.864362e-01 1.053845e+00 -1.311393e+00 6.975368e-01 4.608025e-01
-7.960243e-01 9.481171e-01 9.166776e-01 9.745029e-01 1.406514e+00 8.137854e-01 9.309058e-02 2.229135e+00 -6.490545e-01 1.059473e+00 1.618151e+00 -1.771926e-02
7.518959e-03 -1.343163e-01 1.637545e-01 -3.507916e-01 -5.611449e-01 -8.634462e-02 -1.894851e-01 4.635047e-01 -1.562648e-01 2.828230e-02 9.037907e-01 8.013775e-01
-1.378121e+00 -1.293351e+00 -1.343898e+00 -6.721555e-01 1.106767e+00 2.123392e+00 1.993074e+00 1.944056e+00 2.163718e+00 -7.295389e-02 -2.892434e-01 -7.982398e-01
5.718899e-03 1.287994e+00 8.416031e-01 1.011711e+00 1.286904e+00 1.357987e+00 -3.029935e-01 6.635482e-01 -1.588415e+00 -5.335263e-01 1.623745e-01 3.558354e-01
-2.163753e-02 -4.452147e-01 -6.549705e-01 3.962198e-01 8.916111e-02 -1.334659e+00 -5.547988e-01 -7.934626e-01 3.738980e-02 -8.615679e-01 2.204679e+00 1.340259e+00
7.538193e+00 -6.634467e-01 5.634058e+00 -3.609068e+00 -2.973952e+00 -6.132567e+00 -5.964100e+00 -2.421554e+00 -3.315679e+00 -1.813906e+00 -2.428642e+00 -1.627046e+00
-2.975026e-01 -4.113404e-01 -2.130713e-01 6.008153e-01 -1.041353e+00 -1.227907e+00 -1.937294e-01 6.932849e-01 -2.652683e+00 -1.545912e-01 -2.410493e-01 -1.290182e+00
-3.450997e-01 6.426551e-01 6.996537e-01 1.275899e+00 7.158891e-01 1.365400e+00 -4.312364e-01 -6.719273e-01 -1.143381e+00 2.036317e-01 5.536193e-01 -5.805469e-02
-4.231720e-01 -5.189877e-01 -6.552591e-02 5.505329e-01 6.277888e-01 1.239834e+00 1.615915e+00 -1.333638e+00 7.182484e-01 1.390650e+00 8.548231e-01 1.303381e+00
-7.391030e-01 6.117631e-01 2.061222e+00 -9.696000e-01 -4.666887e-01 -5.383502e-01 1.582648e+00 5.954321e-01 8.585668e-01 -3.719655e-01 1.100041e+00 -4.760525e-01
1.206929e-01 8.710414e-01 2.997685e-01 1.373917e-01 -1.205227e-01 8.306230e-01 1.229394e+00 6.961244e-01 -5.820014e-01 -4.589658e-01 -7.736347e-01 -5.080053e-01
3.233000e-01 1.121182e-01 1.522194e+00 3.483706e-01 1.153450e+00 4.284012e-01 -4.140624e-01 1.713666e-01 5.166934e-01 5.986683e-02 1.473383e+00 -3.752592e-01
-1.815441e-01 3.912797e-01 1.478409e+00 -5.768356e-01 -1.155730e-01 -2.069819e-01 2.841533e-01 8.030976e-01 7.658782e-02 1.170069e-01 2.271449e+00 5.110267e-01
-4.116276e-01 5.170943e-01 1.045820e+00 1.062749e+00 9.143621e-01 1.361792e+00 -7.980776e-01 -8.680887e-01 -1.785810e+00 1.211900e+00 1.532815e+00 4.975514e-02
5.894176e-01 -4.154077e-01 -2.217368e-01 9.440193e-01 -2.425685e-01 -1.489818e+00 3.983025e-01 -7.428449e-01 -1.655303e+00 -7.567632e-01 -5.587101e-04 -2.353752e-01
-5.574285e-01 2.359765e-01 5.803960e-01 8.669602e-01 1.948803e+00 2.262231e+00 1.608228e+00 1.216257e+00 1.149238e+00 2.096205e+00 1.065275e+00 1.229016e+00
2.317398e-02 2.476535e-01 -3.401671e-02 1.160720e+00 -2.903862e-01 -1.778623e+00 3.941851e-01 6.786615e-01 -2.979777e+00 5.878158e-01 1.733458e-01 -6.181010e-01
-3.316847e-01 1.168152e-01 6.926982e-01 7.710675e-01 9.875679e-01 1.096162e+00 -1.006689e+00 1.003249e+00 1.203112e+00 1.370626e+00 5.863770e-01 -7.633311e-01
8.129780e-01 -5.999870e-01 1.614913e-01 -1.019494e+00 -3.613194e-01 4.420344e-01 9.910490e-01 -1.180633e+00 -1.176531e+00 1.888896e-01 -9.881444e-02 -1.266981e+00
1.036035e+00 -2.503971e-01 -7.832327e-02 -5.266473e-01 9.988106e-01 3.762753e-02 4.936436e-01 -2.895344e-01 4.128875e-01 3.147852e-01 6.479932e-01 -1.400396e+00
1.543915e+00 -1.111283e+00 7.583836e-01 -1.219441e+00 -4.649292e-01 1.354276e+00 5.841726e-01 -2.156064e+00 -1.824677e+00 6.427331e-02 -1.260336e+00 -1.233975e+00
-1.769910e+00 -7.393383e-01 -1.579870e+00 -6.102042e-01 6.677799e-01 2.499067e+00 2.054034e+00 4.422660e+00 5.754888e+00 2.519932e+00 1.236174e+00 7.102047e-01
2.200833e-01 1.147385e+00 1.509996e-01 2.210308e+00 2.372673e-01 -2.285755e+00 2.084380e-01 1.180931e+00 -2.830377e+00 6.740888e-01 8.738934e-01 2.663944e-01
2.653866e+00 -6.691927e-01 1.234603e+00 -9.085169e-01 5.054482e-01 -2.110199e-01 -2.278584e-01 -1.894720e+00 1.930577e-01 -1.225439e+00 -2.864878e+00 -1.538179e+00
9.441935e-01 -4.902373e-02 -2.480397e-01 -1.179575e-01 -6.158185e-01 1.012745e+00 -2.883835e-01 2.339353e+00 2.385198e+00 6.225611e-01 -1.422190e+00 -2.162603e+00
6.655818e+00 1.397679e+00 4.377914e+00 -2.786419e+00 -1.634475e+00 -5.431029e+00 -4.433204e+00 -3.487473e+00 -1.104506e+00 -1.482935e+00 -1.596269e+00 -3.078056e+00
2.865438e+00 4.027209e-02 1.474458e+00 -3.601770e-01 1.427740e+00 -1.303785e+00 -9.633309e-01 -1.999931e+00 -1.382817e-01 -2.547896e+00 -2.318601e+00 -1.581882e+00
3.358578e+00 1.997290e+00 2.582601e+00 -8.354459e-01 1.003172e+00 -3.034896e+00 -1.621483e+00 -2.985768e+00 -9.374617e-01 -8.608109e-01 -3.868176e-01 -1.596264e+00
1.911486e+00 -8.802956e-01 8.369424e-01 -7.819457e-02 4.760231e-01 -2.723169e+00 1.907332e-01 4.232545e-01 1.950347e+00 -8.642460e-01 -1.310984e+00 -4.333475e-01
-3.205821e-01 2.894550e+00 7.727777e-01 3.109219e+00 1.070886e+00 -4.824066e-01 1.809546e+00 1.064171e-01 -5.140232e-01 -8.852132e-02 -1.125815e-01 2.627559e+00
2.349367e+00 4.328793e-01 -2.725647e-01 -5.997571e-01 -7.146282e-02 1.391454e+00 -1.600503e+00 1.942276e+00 3.388343e-01 -1.243851e+00 -1.999138e+00 -6.331908e-01
-2.650791e+00 4.308018e-01 -2.739292e+00 -1.286958e-01 3.072908e+00 3.609837e+00 4.342055e-01 2.703122e+00 6.294170e+00 3.725610e+00 2.149613e+00 1.984401e+00
1.586590e+00 -8.341669e-01 9.087187e-01 -4.545240e-01 1.175709e+00 -9.409378e-01 7.805341e-01 1.333615e+00 1.731768e+00 1.622588e-01 4.218432e-01 1.279015e+00
2.459015e+00 -7.677317e-01 -4.470120e-02 -1.417947e-01 -2.083535e-01 6.002043e-01 -4.259911e-01 2.428442e+00 4.350693e-01 -3.554732e-01 -1.742356e+00 5.409962e-01
1.962470e+00 -1.173907e+00 1.458064e-01 -6.500813e-01 3.063786e-01 1.019976e+00 1.517666e+00 1.311770e+00 -1.224866e+00 -2.242415e-01 -6.080399e-02 1.369995e+00
-2.022646e+00 3.685905e+00 -3.620794e-01 2.987065e+00 3.176678e+00 2.275341e+00 2.246647e+00 -2.587451e+00 9.281893e-01 -7.614447e-01 -2.269650e+00 3.120551e+00
-2.979282e+00 2.546316e+00 -2.472533e+00 7.923180e-01 4.225418e+00 5.099837e+00 7.591196e-01 -2.909093e-01 6.560435e+00 2.502566e+00 2.501194e-01 2.846174e+00
-2.888464e+00 3.373985e+00 -1.896801e+00 2.267046e+00 4.266925e+00 4.341056e+00 1.345309e-01 -3.166408e+00 3.406680e+00 -4.432630e-01 -1.323777e+00 2.488786e+00
