5.126975e+00 1.069543e+00 1.237461e+00 -5.560908e-01 -2.472828e+00 -3.580002e+00 -2.689461e+00 -2.483773e-01 -3.059738e+00 4.060850e-01 1.039672e+00 -4.538911e-01
3.846971e+00 -2.334583e-01 9.865600e-01 8.818741e-02 -2.334584e+00 -3.439964e+00 -1.646145e+00 2.978582e+00 -9.251233e-01 1.552947e+00 1.418696e+00 -1.022888e-01
4.480208e+00 1.772017e+00 1.475976e+00 -3.148270e-02 -1.902292e+00 -3.162673e+00 -1.609529e+00 -2.581753e+00 -4.495264e+00 -1.333016e+00 -1.675198e-01 -2.202974e+00
1.358595e+00 -1.443567e+00 1.061502e+00 8.738918e-01 -2.762471e+00 -1.298582e+00 6.328079e-01 4.148992e+00 -8.256674e-01 8.545971e-01 -5.718897e-01 -6.552149e-01
2.409662e+00 1.101537e+00 1.354842e+00 -3.677562e-01 -9.938481e-01 -1.648645e+00 -6.973716e-01 -1.133743e+00 -3.357285e+00 -3.159070e+00 -2.991645e+00 -4.178111e+00
-2.386761e-01 -3.087525e+00 -4.328084e+00 -1.849216e+00 -1.189859e+00 5.397540e+00 -2.323681e+00 -2.370389e+00 2.210207e+00 6.209343e-01 -5.440311e-01 2.166495e+00
-6.462585e-01 -3.462022e+00 -3.161681e+00 -2.438530e+00 -6.511469e-01 5.197231e+00 -2.683487e+00 -1.803269e+00 3.291159e+00 -8.957243e-02 4.232194e-01 1.064886e+00
4.378796e-04 -1.616785e+00 -3.825557e+00 -1.033622e+00 -1.304736e+00 3.802529e+00 -3.678969e-01 -2.454591e+00 7.263438e-01 1.122053e+00 -1.450389e+00 3.149837e+00
-9.843391e-01 -2.798105e+00 -1.679067e+00 -2.371854e+00 -4.339611e-01 4.051164e+00 -1.550503e+00 -1.972453e+00 2.071234e+00 -5.393282e-01 -1.265803e-01 1.432037e-02
7.426746e-01 -5.274382e-01 5.865318e-01 7.564922e-01 -6.899484e-01 -2.807526e-01 8.768862e-01 -1.200757e+00 -4.164035e+00 -3.594882e+00 -5.380576e+00 -4.884107e+00
4.421882e-01 -9.004688e-03 -1.635300e+00 -3.126660e-01 -7.121498e-01 1.849058e+00 1.906257e+00 -3.354035e+00 -1.659726e+00 1.781621e+00 -1.935957e+00 3.697718e+00
-5.255798e-01 -1.103923e+00 1.459698e+00 4.742942e-02 -1.971295e+00 8.168025e-01 7.566282e-01 3.615333e+00 1.154853e+00 3.626048e-01 -9.462656e-01 -6.598910e-01
3.564417e-01 -4.590023e-01 2.496422e-01 4.776030e-01 -6.392385e-01 -1.447439e-01 -8.935897e-01 -1.534316e+00 -2.360224e+00 -2.610642e+00 -3.769464e+00 -3.745858e+00
-7.186180e-01 -1.287115e+00 8.072280e-01 -7.683746e-01 -1.336422e+00 2.099775e+00 3.835735e-01 -2.472880e-01 9.814336e-01 6.252412e-02 -2.425825e-01 -2.457969e-01
-2.315528e-01 -3.952404e-01 -1.092765e+00 -9.906617e-01 -6.212133e-01 1.037542e-01 3.896446e-01 1.435523e+00 4.221375e-01 -8.003545e-02 -6.123518e-01 -9.691373e-01
6.459535e-01 7.314962e-01 3.414966e-01 7.324173e-01 2.227001e-01 7.039214e-01 7.599166e-01 1.718106e-01 2.056731e-01 9.999806e-01 4.591724e-01 1.270779e-01
1.522470e-01 6.963100e-02 3.796718e-01 1.986997e+00 -3.125961e-01 -1.502075e-01 -4.026629e-01 -9.188020e-01 -1.250625e+00 -8.778747e-01 6.616872e-01 -5.395399e-01
-2.281861e-02 -8.019400e-03 -1.464654e+00 8.570374e-01 7.700924e-01 -1.778320e+00 -8.781296e-01 1.799830e+00 -9.008873e-01 -1.703987e+00 1.862205e+00 -1.359260e+00
4.668551e-01 3.660516e-01 4.086375e-01 4.751695e-01 -5.080065e-01 5.136514e-01 -1.087401e+00 -6.097447e-01 -7.787148e-01 -2.486898e+00 -2.810050e+00 -9.671857e-01
2.268365e-01 4.692978e-01 -8.068652e-01 -7.789208e-01 3.254593e-01 1.320177e+00 2.070985e+00 -2.812833e+00 -1.448991e+00 1.084231e+00 -1.189541e+00 3.255102e+00
-1.681619e-01 -4.153265e-01 -6.316355e-01 8.397156e-01 5.376148e-01 -2.239690e+00 2.895102e-01 1.796337e+00 -1.952146e+00 2.099687e-01 8.633587e-01 -1.436923e+00
4.108364e-01 4.567939e-01 6.382561e-01 1.449809e+00 7.396523e-01 6.711889e-02 -5.829236e-01 -8.845710e-01 -1.455971e+00 -9.816170e-01 -3.160452e-01 -8.248043e-01
4.054179e-01 2.910314e-02 -1.799818e+00 1.669690e+00 6.356806e-01 -1.496259e+00 -6.629551e-01 1.550131e+00 3.130248e-01 -2.719220e+00 2.363110e+00 -5.653608e-01
6.144773e-01 4.514611e-01 3.515926e-01 1.049387e+00 1.198484e+00 -1.065814e-01 -5.454887e-01 3.990700e-01 -1.164385e+00 -1.448802e+00 -2.025517e+00 -9.592918e-01
-1.751356e-01 7.524486e-02 -1.196520e-01 -1.369115e-01 1.118957e+00 -7.053286e-01 -1.334964e+00 -2.747416e-02 1.206918e+00 1.044938e+00 1.919764e-01 -2.862497e-01
-6.340872e-01 2.029659e-01 -2.653979e-01 -9.064562e-01 2.697407e-01 -7.445704e-01 -1.035569e-01 3.879650e-01 1.065941e+00 1.220829e+00 9.164112e-01 8.740931e-01
-3.561139e-01 -6.838710e-01 1.540737e-02 1.090528e+00 9.171402e-02 -2.217846e+00 9.705811e-01 1.618300e+00 -2.360667e+00 1.621716e+00 -4.864531e-01 -9.090691e-01
-2.881836e-01 9.429699e-01 8.681718e-01 4.827108e-01 2.736531e-01 -5.639124e-01 2.981721e-01 -1.141800e+00 -3.145362e-01 -8.364246e-01 1.579395e-01 2.705638e-01
2.204739e-01 6.635028e-01 -6.505244e-01 -9.915773e-01 7.644125e-01 2.192805e+00 1.742773e-01 -2.088180e+00 2.846508e-02 1.362096e+00 -4.161554e-01 1.478726e+00
-1.265247e-01 5.923816e-01 -1.248041e+00 -1.271791e+00 2.396286e+00 1.919007e+00 -2.408428e+00 -1.469542e+00 1.268588e+00 2.063209e+00 -8.904644e-01 -9.236858e-01
1.949205e-01 5.560520e-01 -8.701819e-01 -8.892337e-01 1.587425e+00 2.625420e+00 -1.439280e+00 -1.863036e+00 1.395191e+00 1.643438e+00 -1.578234e-01 -1.919890e-01
4.008660e-01 1.104455e+00 4.253595e-01 5.333239e-01 9.155359e-02 9.804275e-02 -2.529393e-01 -1.728313e+00 -4.179575e-01 1.238279e-02 5.941756e-01 1.347233e-01
8.821375e-01 9.497959e-01 9.814165e-01 1.122462e+00 1.693902e-01 5.753164e-01 -1.896216e-01 -1.065482e+00 -1.023205e+00 5.644184e-01 3.710249e-01 2.629069e-01
-7.397985e-01 -6.237593e-01 -2.011553e+00 -2.286163e+00 -6.391779e-01 -3.419128e-01 -5.463018e-01 7.586529e-01 1.216529e+00 7.353144e-01 3.758694e-01 -4.247443e-01
-8.236571e-02 1.293886e-02 4.105472e-01 8.122989e-01 6.376157e-01 1.228798e+00 7.064756e-01 -9.743032e-01 2.097305e-01 -7.252790e-01 1.118405e+00 2.503552e+00
6.689084e-01 -1.457028e-02 -1.713320e+00 2.487577e+00 4.810515e-01 -8.835337e-01 -4.838314e-01 1.941974e+00 7.799972e-01 -2.190048e+00 1.944161e+00 5.816353e-01
-3.459247e-01 -2.732487e-01 -1.610932e-02 3.029559e-02 -2.509357e+00 -1.251089e+00 3.521933e-01 7.780872e-01 -6.877061e-01 -6.800622e-01 5.488749e-01 -1.109563e+00
-5.157110e-01 2.853821e-01 -1.512995e-01 -2.505336e-01 8.144180e-01 -8.346469e-01 -4.532892e-01 -4.940686e-01 6.888115e-01 7.839468e-01 1.111149e+00 1.365173e+00
-5.294781e-02 3.844251e-01 -9.794503e-01 -1.832364e+00 2.591920e+00 9.462188e-01 -2.017563e+00 -1.422833e+00 1.087157e+00 1.919860e+00 -2.072146e+00 -4.040952e-01
-9.797736e-02 -3.661691e-01 -1.303693e-01 1.542427e-01 -2.939321e-01 -4.425083e-01 -3.701006e-01 1.673946e+00 5.612715e-01 4.930621e-01 7.893944e-03 5.148776e-02
1.854585e-01 1.103485e-01 -2.745711e-01 -1.654632e+00 2.498439e+00 6.874170e-01 -1.449840e+00 -2.362518e-01 7.968393e-01 1.481125e+00 -1.762496e+00 5.992519e-01
3.772311e-01 3.447661e-01 1.963720e-01 1.089330e+00 4.207359e-01 7.017764e-02 -5.760511e-01 -1.505169e-01 -4.551498e-01 -4.339218e-04 -1.883916e+00 -9.404253e-01
2.477456e-01 -1.476776e-01 -3.067005e-01 -1.286592e+00 2.491426e+00 -2.824787e-01 -1.444930e+00 3.479071e-01 6.863517e-01 5.882896e-01 -1.538419e+00 5.518201e-01
-6.560482e-01 -3.151275e-01 2.253671e+00 2.061322e-01 -1.885097e+00 -4.493079e-01 1.421548e+00 5.747420e-01 1.168488e+00 -2.288211e+00 5.184206e-01 8.673223e-01
7.352512e-01 -2.532938e-01 -1.557172e+00 1.989247e+00 1.396008e+00 -1.804788e+00 -5.698799e-01 2.184982e+00 6.604562e-01 -2.275713e+00 1.345269e+00 8.615134e-01
5.475748e-01 -6.085170e-01 -4.285585e-01 -1.616254e-01 2.180481e+00 -8.093201e-01 -1.437086e+00 9.460705e-01 1.443784e+00 -1.076978e+00 -2.976418e-01 3.744600e-01
6.207694e-01 -5.702820e-01 -8.424943e-01 1.084726e+00 1.597833e+00 -1.505147e+00 -7.183434e-01 1.751611e+00 8.514441e-01 -1.814042e+00 7.669600e-01 7.980368e-01
-6.784259e-01 -6.222666e-01 1.814121e+00 2.257119e-01 -2.014305e+00 -4.494688e-01 4.176520e-01 1.430158e-01 1.367839e+00 -2.021384e+00 -5.445212e-01 2.823101e-01
6.465819e-01 1.182579e+00 1.526796e+00 1.452945e+00 4.005538e-01 1.560363e-01 -2.485843e-01 -1.360287e+00 -7.003067e-01 5.541795e-01 3.408291e-01 8.481679e-02
1.127863e-01 1.067297e+00 -1.330750e+00 2.216746e+00 3.532922e+00 -4.921969e+00 1.447156e+00 1.150308e+00 -2.816427e+00 -9.425724e-01 -3.721366e-01 -2.508794e+00
-4.864020e-01 -1.135482e+00 1.354638e+00 1.021620e+00 -1.156441e+00 -1.175128e+00 1.787957e+00 2.312097e-01 -1.291935e+00 2.315032e+00 -1.757177e+00 -1.312376e-01
-1.716408e-01 -5.466970e-01 -2.668042e-01 4.185664e-01 -4.388275e-01 4.948059e-01 7.420089e-01 -1.162884e+00 7.788619e-01 6.133738e-01 4.703679e-01 1.013124e+00
2.428300e-01 1.019217e-01 -4.734893e-02 6.347576e-01 7.409469e-01 9.407939e-01 9.290432e-01 8.107897e-01 1.385908e-01 3.459150e-01 -5.777869e-02 3.131396e-01
-8.007183e-01 -8.805960e-01 1.814244e+00 1.814846e-01 -2.065124e+00 -1.058378e-01 1.802124e-01 -4.581690e-01 1.438231e+00 -1.304341e+00 -1.493265e+00 3.693233e-01
-2.367389e-01 -3.197845e-01 -5.980400e-01 -9.104179e-01 -8.641235e-01 -7.548182e-01 -1.008782e+00 2.131100e+00 1.669175e+00 1.157492e+00 6.732165e-01 5.404117e-02
-3.392950e-01 -5.061046e-01 -3.284516e-01 -8.091621e-01 -8.074480e-01 -1.190450e+00 -1.113024e+00 4.598071e-01 3.395964e-01 2.727542e-01 1.389445e+00 -1.305099e+00
2.405224e-02 3.115146e-01 -5.029151e-01 -1.145989e+00 -5.808313e-01 5.801677e-01 -1.615965e+00 -2.714843e+00 -9.010389e-01 -1.401616e-01 1.565048e-01 -9.702631e-01
-9.326674e-01 7.175997e-01 7.917759e-01 -1.305774e-01 -7.811613e-02 -2.241245e-01 8.047733e-01 -4.704922e-01 7.031764e-01 6.731117e-01 4.661651e-01 5.833108e-01
-5.708305e-01 -1.240704e+00 1.640196e+00 7.902291e-01 -2.059251e+00 -2.519697e-01 6.413175e-01 -3.684654e-01 3.816659e-01 2.016110e-01 -1.758857e+00 -4.749403e-02
-8.417944e-01 7.113247e-02 2.859351e+00 -3.280768e-01 -2.413803e+00 -3.981064e-01 2.480978e+00 1.810725e-01 3.850209e-01 -2.029450e+00 1.224672e+00 1.144773e+00
-1.773247e-01 1.249675e-01 7.009345e-01 -1.672087e-01 5.408920e-01 -6.530229e-01 1.251702e-01 3.170918e-01 -5.539814e-01 -1.079284e+00 -3.490501e-01 1.236484e+00
-3.586606e-01 -2.774647e-01 -9.731619e-01 -1.296658e+00 4.427378e-01 1.407516e-01 -1.194151e+00 -9.525236e-01 6.280853e-01 3.132565e-01 -8.658320e-01 -1.205780e+00
-6.065502e-01 -9.539580e-03 -4.501034e-01 1.226250e+00 2.981704e+00 -2.405449e+00 -4.455312e-01 -8.087561e-02 -9.452295e-01 -9.515767e-01 -2.857712e-01 -1.569815e+00
2.037939e-01 -5.232719e-01 -1.027597e+00 2.222055e-01 9.085262e-01 1.185670e+00 1.232378e+00 -2.377841e-01 1.270579e+00 1.018565e+00 2.073774e-02 4.855271e-01
5.797730e-02 6.691811e-02 3.205435e-01 -7.815040e-01 2.877382e-01 -1.060314e+00 -9.262808e-02 9.188023e-01 -1.084661e+00 -1.114562e+00 -3.376742e-01 -6.681598e-01
5.165201e-01 8.661867e-01 3.070624e-01 6.832682e-01 1.269330e+00 1.003276e+00 7.163240e-01 -6.153396e-01 -2.381095e+00 -2.770413e-01 -4.151963e-01 2.278415e-01
-6.221798e-01 -1.586090e-01 -5.139076e-01 -1.334540e+00 -9.668862e-03 1.371437e+00 6.163769e-02 1.602674e+00 2.491977e+00 1.231055e+00 1.325192e+00 5.943831e-01
-6.273285e-01 2.991067e-01 3.000327e-01 -2.990577e-01 1.014395e+00 4.841669e-01 7.994444e-01 1.533886e+00 1.390831e+00 5.512988e-01 -4.402885e-01 7.361217e-01
-8.588541e-01 2.270877e-01 3.234867e+00 -8.286154e-01 -3.384954e+00 3.683621e-01 2.173275e+00 1.172699e-01 -6.089118e-01 -1.960092e+00 2.242789e+00 3.554205e-01
4.291065e-01 1.314623e-01 -4.009017e-01 2.864542e-02 6.417708e-01 4.172021e-01 5.035619e-01 5.801299e-01 8.633661e-01 7.542077e-01 -4.766188e-01 -9.259659e-01
-9.325048e-01 -1.264013e-01 -2.949807e-01 9.576828e-01 2.850943e+00 -2.650967e-02 -1.860163e+00 -2.186463e+00 -3.797321e-01 -2.224176e+00 -1.818598e-01 -4.672532e-01
8.576298e-02 6.600953e-01 6.157573e-01 -1.322100e-01 5.451535e-01 -6.788169e-01 -8.299589e-01 -1.795503e-01 2.009890e+00 1.417357e+00 -1.580225e-01 2.553265e-01
-6.980331e-01 7.059686e-01 3.137302e+00 -1.330184e+00 -3.489292e+00 9.692626e-02 2.120326e+00 -1.773341e-01 -1.546145e+00 -6.845595e-01 2.314224e+00 -3.762546e-01
5.018857e-01 1.023120e+00 5.272387e-01 -2.794164e-01 1.469276e+00 1.380887e+00 6.629822e-01 -7.411518e-02 1.819367e-01 3.668766e-01 6.981392e-01 6.562023e-01
-6.092448e-01 -8.935323e-02 5.993353e-01 -4.681739e-01 2.282144e-01 1.112400e-01 4.105979e-01 2.133307e+00 3.714440e+00 2.509027e+00 1.484292e+00 7.348566e-01
-4.003006e-01 9.321986e-01 2.920024e+00 -1.428454e+00 -3.251660e+00 -1.999633e-01 1.157577e+00 7.282345e-01 -2.958176e+00 7.467703e-01 2.488133e+00 -1.943988e+00
7.259070e-01 2.451398e+00 -1.964287e+00 3.029520e+00 5.503676e+00 -6.042936e+00 2.789928e+00 -3.460969e-01 -2.046881e+00 -9.299635e-01 -2.451464e-01 -2.036679e+00
2.028086e-01 7.505682e-01 3.132838e+00 -1.082018e+00 -3.106289e+00 5.552581e-01 1.368327e-02 1.255550e+00 -2.848664e+00 1.699677e+00 2.157626e+00 -2.188895e+00
2.704686e-01 1.256637e+00 2.875814e+00 -6.278254e-01 -2.586639e+00 1.158138e+00 -9.876757e-01 1.465180e+00 -2.722880e+00 2.150675e+00 8.999270e-01 -1.411268e+00
1.022679e+00 3.275601e+00 -1.874764e+00 2.902268e+00 5.205843e+00 -5.704728e+00 2.551713e+00 -2.015651e+00 -1.666812e+00 -1.642261e+00 -6.143628e-01 -1.372715e+00
-1.253401e+00 -9.462012e-01 -6.710642e-01 1.765216e-01 9.582102e-01 1.510089e+00 2.561999e+00 4.530087e+00 4.466108e+00 1.725759e+00 2.213526e+00 2.343708e+00
3.765517e-01 1.618430e+00 2.579355e+00 -3.835189e-01 -2.091039e+00 1.654071e+00 -1.698222e+00 7.626704e-01 -2.301299e+00 1.024914e+00 6.933792e-01 -1.153600e+00
-1.111626e+00 3.378727e-01 -3.313617e-01 1.194422e+00 1.294794e+00 2.437780e+00 -1.468140e+00 -1.949567e+00 1.217560e-01 -2.421175e+00 -1.446872e-01 3.237001e-01
9.301716e-01 3.242167e+00 -2.411021e-01 1.562695e+00 3.822692e+00 -2.963857e+00 1.590419e+00 -2.303056e+00 -1.163292e+00 -7.867477e-01 -5.883108e-01 -7.793810e-01
5.980002e-01 2.314436e+00 1.522109e+00 2.366111e-02 1.364042e-01 2.674823e-01 -3.655624e-01 -1.634656e+00 -7.558457e-01 1.433444e-01 -6.661686e-01 -3.299333e-01
-2.078361e+00 -1.864914e+00 -1.989489e+00 -6.437607e-02 1.090641e+00 2.250053e+00 2.657276e+00 3.224648e+00 2.528919e+00 1.005283e+00 1.820618e+00 3.620901e+00
-1.413803e+00 7.159111e-01 1.860921e-01 8.758445e-01 -7.181549e-02 2.670684e+00 -5.141041e-01 -1.327954e+00 1.693295e+00 -1.950122e-01 1.440320e+00 2.777724e-01
-2.508232e+00 -1.660138e+00 -1.863004e+00 -7.210948e-01 6.672775e-01 8.322623e-01 2.196505e+00 1.991601e+00 2.798902e+00 1.577340e+00 1.771382e+00 3.766528e+00
-1.627510e+00 2.600064e-02 -2.077589e-01 -2.493384e-01 -1.608316e+00 2.019616e+00 5.518996e-01 -2.091763e-01 2.478987e+00 1.575621e+00 3.347721e-01 1.267030e+00
-2.182280e+00 -1.069646e+00 -1.018649e+00 3.806949e-01 -6.559199e-01 8.378258e-01 1.357057e+00 1.167367e+00 3.084414e+00 2.168326e+00 3.606337e-01 2.428224e+00
