2.994851e+00 -7.283446e+00 -2.228195e+00 -6.156126e+00 1.481646e-01 -1.745464e+00 -2.688351e+00 9.442387e-01 -2.946378e+00 8.201885e-01 -1.152724e+00 -4.501499e+00
2.153824e+00 -7.180288e+00 -1.623355e+00 -5.387254e+00 1.403359e+00 -4.074182e-01 -1.712527e+00 2.323746e+00 -3.328241e+00 2.255156e-01 -1.946639e+00 -4.831919e+00
2.856103e+00 -4.279944e+00 -1.198672e+00 -3.618933e+00 1.511660e-01 -1.243086e+00 -1.902818e+00 9.308419e-02 -2.598428e+00 3.026761e-01 -1.043492e+00 -4.178157e+00
2.391344e+00 2.456612e+00 2.672527e-01 -1.152177e+00 -3.160483e+00 4.022555e-01 4.631605e-02 -1.812919e+00 -1.576553e+00 -2.201111e+00 -1.050428e+00 -1.667905e+00
3.196845e+00 1.226900e+00 -2.854129e-01 -7.821178e-03 -1.578830e+00 -3.377636e-01 -1.586316e+00 -1.479158e+00 -3.405049e-01 -1.244906e+00 -1.316358e+00 -1.305977e+00
3.025419e+00 1.850153e+00 -2.973478e-01 8.278771e-02 -2.633506e+00 -3.801571e-01 -1.040120e+00 -2.050333e+00 -1.126134e+00 -1.909983e+00 -1.602564e+00 -1.390702e+00
8.664793e-01 -4.269415e+00 -1.376938e+00 -3.312403e+00 3.760132e-01 4.249122e-01 -5.737163e-01 1.739569e+00 -2.098176e+00 -6.254140e-01 -7.274993e-01 -2.779618e+00
1.492439e+00 2.213378e+00 -2.307811e-01 -1.218770e+00 -3.431688e+00 3.260727e-02 1.723188e-01 -1.446544e+00 -1.482133e+00 -2.280333e+00 -5.273768e-01 -1.259979e+00
-6.290570e-01 -1.366503e+00 -4.400044e-01 5.138924e-02 -4.396581e-01 1.904712e+00 4.326543e+00 8.569759e-01 -1.851709e-01 1.133137e+00 -1.239417e+00 8.393690e-01
-6.738293e-01 -1.045594e+00 -2.165224e-01 4.412109e-01 4.733518e-01 7.275990e-01 3.987048e+00 1.879868e+00 -7.912523e-01 1.327245e+00 4.066597e-01 2.037837e+00
1.929951e-02 -1.871967e-01 -1.824535e-01 1.431216e+00 1.279133e+00 1.020584e+00 4.797067e-01 7.308776e-01 -8.725543e-01 9.082149e-01 1.071172e+00 2.129936e+00
2.001026e-01 1.659680e+00 -7.650998e-01 -7.088698e-01 -1.984411e+00 4.019655e-01 2.037045e-01 -9.987084e-01 -1.296530e+00 -9.860889e-01 1.243426e-01 -1.186356e+00
3.342929e-01 3.285188e-01 -4.769011e-01 -1.344774e+00 -1.375848e+00 1.080071e-01 -4.092388e-01 -6.766515e-01 1.995702e-01 -4.876510e-01 -2.900740e+00 -2.011510e+00
6.489619e-01 5.922245e-01 2.432895e-01 1.443478e+00 1.911019e-01 2.553678e-01 -9.587156e-01 1.519106e-01 7.827059e-01 1.420042e+00 4.783327e-01 -4.360447e-01
-6.184915e-01 -2.111993e-01 -6.050476e-01 -2.093513e-01 -8.632131e-01 2.681684e-01 5.475707e-01 8.026055e-02 1.110188e+00 1.020596e+00 4.386694e-02 2.215920e-01
-5.153974e-01 2.237421e-01 -2.087977e-01 -3.552704e-01 -2.935558e-01 8.437269e-01 -7.204159e-01 -3.052909e-01 8.270755e-02 1.202288e+00 6.563073e-01 2.618666e-01
2.045822e-03 -1.941929e-02 -2.412313e-01 -7.495327e-01 -7.249341e-01 1.049561e+00 1.815153e+00 7.451590e-01 2.871293e-01 7.293636e-01 -1.725631e+00 -1.432782e+00
1.645027e-01 1.149060e+00 6.373343e-01 7.224876e-01 5.226282e-01 -1.050678e-01 -2.543975e+00 -3.270197e-02 6.624675e-01 1.652393e-01 1.786911e-01 1.115548e+00
4.644932e-01 -1.073717e-01 -8.056619e-02 1.599638e+00 5.744025e-01 9.604678e-01 -2.773451e-01 -4.786007e-01 -9.454435e-01 9.622006e-02 -1.713334e+00 -1.437088e+00
-2.244170e-01 7.589596e-01 4.454403e-02 -5.324360e-01 -6.212390e-01 -4.037016e-01 1.120400e-01 -3.601537e-01 2.322451e+00 1.462273e+00 1.223293e+00 3.216375e-01
9.438727e-02 6.133415e-01 7.754383e-02 2.618040e-01 5.155463e-01 1.633801e+00 -2.071103e-01 -1.670346e+00 1.017042e+00 2.012560e+00 6.804007e-01 8.114430e-01
3.721629e-01 4.070988e-01 -4.031669e-01 1.679245e-01 6.919341e-01 9.018282e-01 -5.103825e-01 -1.884720e+00 9.571645e-01 1.302295e+00 4.651405e-01 5.265103e-02
4.828482e-01 8.723183e-01 8.165094e-01 1.567382e+00 4.045458e-01 -5.445046e-01 -4.544736e-01 -9.300196e-02 -3.496954e-01 1.001328e+00 -2.610128e-02 2.998611e-01
8.987207e-01 5.339712e-01 -5.133986e-02 2.050931e-01 8.981942e-02 1.222397e+00 -1.481731e+00 -1.090136e+00 8.335716e-01 3.203292e-01 -1.201672e+00 -1.754292e+00
-5.150170e-01 4.344986e-01 4.607019e-01 9.457044e-02 -1.400933e-02 -4.834804e-01 -6.172983e-01 -2.005439e+00 -7.794142e-04 8.497481e-01 8.319229e-01 4.776976e-01
6.643973e-02 3.988019e-01 -2.466856e-01 -4.716807e-01 -1.873824e-01 8.630396e-01 9.212829e-01 5.456493e-01 1.615748e+00 2.054906e-01 -1.164320e+00 -1.056804e+00
4.989059e-02 2.274203e-01 7.824270e-01 2.861256e-01 1.873689e-01 1.432430e+00 -4.042516e-01 -3.772444e-01 6.265640e-01 1.730598e+00 8.383350e-01 1.125689e+00
-1.861093e-01 -2.158571e-01 -1.476215e-01 4.451365e-01 3.848582e-01 -1.480383e-01 1.819028e+00 -4.001800e-01 1.927400e-03 1.915647e-01 1.512348e+00 1.330213e+00
-3.975073e-01 -2.020457e-01 4.934485e-01 5.761145e-01 1.749529e-02 3.591597e-01 9.888390e-01 3.194227e-01 6.009053e-01 1.646999e+00 -9.546610e-01 7.117743e-01
-5.465258e-01 -3.372237e-01 -6.431879e-01 -1.871710e-01 -1.175760e+00 -1.417505e+00 -1.152956e-01 -1.742714e-01 2.917634e-01 -3.969166e-01 -4.915883e-01 -2.425720e-01
-3.459552e-01 -2.984943e-01 -4.242631e-01 4.362415e-01 -2.651494e-01 7.875456e-01 1.380388e+00 6.881514e-01 -4.581296e-01 -6.582372e-01 4.399239e-01 8.681841e-01
5.776815e-02 -1.723044e-01 -5.854689e-01 -1.179672e+00 -7.904354e-01 8.813628e-01 1.097155e+00 2.107007e+00 1.029319e+00 -9.626169e-01 -1.729926e+00 -6.384939e-01
-1.656616e-01 -2.234233e-01 -1.623303e-01 7.410392e-01 7.272919e-02 2.247780e-01 1.447696e+00 4.779431e-01 -1.923903e+00 -1.735857e+00 7.390229e-01 8.768799e-01
-4.603944e-01 1.408350e-01 5.346655e-02 -3.848451e-01 -5.343449e-03 -1.543156e+00 -1.030548e+00 -2.650588e-01 -3.034072e-01 -1.464901e+00 6.884028e-01 -2.976306e-01
1.132248e-01 -8.017634e-02 5.395876e-01 1.349720e+00 4.403017e-01 5.101829e-01 1.198080e+00 -8.243004e-01 -6.381918e-02 4.076335e-01 2.001199e+00 1.265738e+00
1.028125e-01 -6.073513e-02 7.111301e-01 -2.066626e-01 -1.205225e-02 7.011798e-01 -5.504034e-01 -8.041749e-02 -1.497696e-01 1.325449e+00 2.434518e-01 1.099045e+00
-3.075880e-01 -7.615024e-01 -2.066822e-01 -6.512981e-01 -8.433320e-01 3.198774e-01 2.186790e-02 4.902481e-01 -7.062569e-01 -7.965343e-01 -2.882519e-02 -1.825771e-01
-2.191200e-01 -6.741707e-01 -5.215923e-01 -3.203372e-01 1.587561e-01 1.536575e-01 1.149042e-01 1.155784e+00 -2.586053e-01 -1.430180e+00 -1.426825e+00 -1.075342e+00
-3.065395e-03 7.803573e-01 1.326846e+00 1.168087e+00 1.216629e+00 6.870553e-01 -6.903198e-02 3.670813e-01 6.544738e-02 3.907785e-01 1.806941e+00 3.769994e-01
5.836201e-02 5.886849e-01 5.307926e-01 6.504513e-01 7.127365e-01 -1.166886e-01 -1.669936e+00 1.353048e-01 6.265964e-01 -2.515021e-01 7.438729e-01 -7.444658e-02
-2.779454e-01 3.403533e-02 7.195054e-01 1.649524e+00 5.738428e-01 -8.792306e-01 -7.315440e-01 -5.580910e-01 9.875070e-01 1.621339e+00 -6.151869e-01 3.088808e-03
-5.564918e-02 -1.458394e-01 -4.397001e-02 6.901559e-01 8.902402e-01 7.344795e-01 1.881499e+00 6.982680e-02 1.837225e-01 3.768480e-01 1.423144e+00 1.023855e+00
-5.623920e-02 5.404320e-01 2.306081e-01 -6.008447e-01 -5.103436e-01 1.540785e-01 3.416616e-01 -7.981144e-01 -3.678055e-01 7.235240e-01 1.267850e-01 6.192724e-01
-1.237120e-01 3.395274e-02 2.375082e-02 3.460473e-01 9.759928e-01 3.071600e-01 3.964728e-01 5.649127e-01 5.208803e-01 3.705944e-01 6.905710e-01 3.267943e-01
5.640227e-01 1.999408e+00 -7.094821e-01 -5.305691e-02 -6.252263e-01 1.141837e+00 -2.895791e-01 -1.772522e+00 3.745228e-01 1.412685e-01 5.446141e-01 -2.299332e-01
2.383040e-01 -5.588598e-01 -3.541825e-01 3.172762e-01 1.042580e-01 -7.597271e-01 7.384601e-01 -1.610643e-01 -1.704531e+00 -1.086491e+00 1.737235e+00 1.348435e+00
-8.498139e-01 -4.058676e-01 4.510533e-01 -5.488872e-04 4.527416e-01 -1.462440e-01 -3.403547e-01 -9.918177e-01 -6.410511e-01 2.137816e-01 7.633485e-01 -1.373912e-01
-2.875090e-02 8.963814e-01 -1.749659e-02 2.412109e-01 1.576962e-01 -2.932107e-01 1.417757e+00 -7.919204e-01 -6.584400e-01 -4.285675e-01 2.714134e-01 9.574646e-01
-6.893577e-02 4.565591e-01 8.233647e-02 -8.533737e-01 -9.970066e-01 -1.716839e-01 3.186132e-01 -9.989493e-01 -1.006335e+00 1.297783e-01 3.991327e-02 -1.685038e-02
-3.953668e-01 4.542809e-01 8.509079e-01 -1.276023e-01 3.094411e-01 -5.772696e-01 3.935961e-01 9.424497e-01 4.364096e-01 6.589423e-01 1.004164e+00 1.193338e+00
9.347840e-02 7.037274e-01 2.023821e-01 -9.431496e-02 -2.900669e-01 -1.083718e-01 1.651335e+00 -1.249786e+00 -8.652899e-01 -5.958526e-02 2.603877e-01 6.998637e-01
-2.046742e-01 8.151347e-01 8.614195e-01 -3.581292e-01 9.361154e-01 1.543955e+00 3.059579e-01 -2.854842e-02 4.068848e-01 1.535469e+00 2.318946e+00 1.704945e+00
4.238563e-01 7.714505e-01 3.643038e-01 1.666863e-01 -9.313506e-01 9.102260e-01 1.000501e+00 -5.333120e-01 -4.202789e-01 1.492565e-01 6.777239e-03 1.557009e+00
3.845543e-01 -1.120817e-01 -3.102561e-02 -3.953161e-02 4.712074e-01 -6.419369e-01 2.719455e-02 -1.819867e-01 6.079226e-02 -4.882516e-01 -1.684727e-01 -2.945869e-01
1.656356e-01 1.263072e+00 8.445172e-01 -8.059826e-02 -1.188046e+00 -1.784780e+00 -5.859515e-01 9.585951e-01 1.521923e-01 -1.361607e+00 -1.498259e+00 -6.765567e-01
-1.865342e-02 1.061863e+00 -1.628340e-01 -4.577206e-01 -1.158664e+00 3.748379e-02 2.417182e-01 -3.013574e-01 -1.038310e+00 1.247022e-01 -4.434195e-01 7.978712e-01
4.497051e-04 8.001549e-01 1.024044e+00 7.623165e-01 -5.553455e-02 -2.336280e+00 -1.615455e+00 7.396457e-01 1.328860e+00 -5.562996e-01 -1.223423e+00 -7.981573e-01
2.237816e-02 8.583950e-01 -5.110564e-02 -4.477875e-01 -5.904140e-02 -1.335441e-01 8.790644e-01 -5.350689e-01 -7.469662e-01 -1.679599e+00 2.437972e-01 5.394572e-01
5.585302e-01 5.227966e-01 6.612132e-01 -1.586742e-01 -1.225738e+00 1.442420e+00 -3.100700e-01 7.843879e-01 -1.296416e+00 1.223133e-01 1.073934e-01 1.504509e+00
3.187100e-01 6.985765e-01 -9.735508e-02 -1.517706e-01 -1.677207e+00 7.345454e-01 -5.190478e-01 4.436204e-01 -1.633796e+00 -3.684092e-01 5.713844e-02 6.018081e-01
-6.950883e-01 -1.526863e-01 1.434380e-01 -1.206484e+00 -1.089777e-01 -1.469842e+00 -1.456963e-01 -5.546891e-01 -1.454002e+00 -1.979445e+00 -3.074472e-02 1.118438e+00
-1.796212e-02 -6.896375e-01 -2.734643e-01 4.599302e+00 1.046552e+00 -1.373668e+00 -7.031535e-01 1.313293e+00 2.451393e+00 3.024956e+00 -1.516608e+00 -2.610788e+00
-9.728844e-01 -7.871488e-01 -1.200773e+00 -2.553805e-01 5.332475e-01 1.707645e+00 1.343490e+00 2.780891e+00 2.808310e+00 1.864118e+00 4.445698e-01 1.228913e+00
1.272299e-01 7.683291e-01 1.066374e+00 -2.816535e-01 6.182442e-01 -5.717450e-01 -2.588165e+00 -6.352420e-01 1.151561e+00 -1.884575e-01 4.320793e-02 -8.878830e-01
-4.066620e-01 6.454229e-01 1.293788e+00 -9.070570e-01 -1.112213e-02 2.797103e-02 1.081005e-01 -3.004223e-01 -2.935665e-01 -1.469438e+00 2.007860e-01 5.592737e-01
-7.113773e-01 -4.026704e-02 7.523716e-01 -1.840558e+00 -9.435384e-01 -1.788110e+00 5.688633e-02 1.956776e-01 -1.132342e+00 -1.459683e+00 8.642351e-01 9.013461e-01
-6.011267e-02 7.671026e-01 5.179691e-01 2.080616e+00 9.125026e-01 -2.618543e+00 -2.551672e+00 1.377948e+00 2.746241e+00 -3.550840e-01 -1.116213e+00 -9.605396e-01
5.423124e-01 1.552138e+00 5.045268e-01 -1.059240e-01 -1.176625e+00 -1.532967e+00 8.108032e-02 1.629961e+00 4.601212e-01 -1.898477e+00 -9.479774e-01 -6.435281e-01
-1.002224e-01 5.917852e-01 4.403333e-01 3.940243e+00 1.375206e+00 -2.766710e+00 -1.689648e+00 1.895067e+00 3.072190e+00 1.822172e+00 -1.828198e+00 -1.458363e+00
-1.746176e-01 -6.798769e-01 -7.237041e-01 3.877309e+00 -5.114390e-01 -1.532102e-01 2.004421e+00 -4.188328e-01 7.768091e-01 2.242998e+00 -2.883646e+00 -2.829764e+00
-3.883072e-01 3.573876e-02 -4.647227e-01 3.559546e+00 1.758950e+00 2.943745e-01 2.118994e+00 -2.160031e+00 -5.957639e-01 1.013165e+00 -2.362905e+00 -1.426968e+00
-2.735888e-01 7.157779e-01 1.773943e+00 -1.013229e+00 -1.071701e+00 4.958725e-02 3.053693e-01 -7.105536e-01 7.083862e-01 -1.574071e+00 -5.668594e-01 3.884718e-01
3.552142e-01 1.350107e+00 1.104148e+00 1.241005e-01 -1.543185e+00 -9.310043e-01 4.848972e-01 6.914058e-01 1.088969e+00 -1.606547e+00 -8.546991e-01 -7.897425e-03
2.215660e-01 1.961501e+00 1.432009e+00 2.358635e-01 9.944746e-01 -1.522582e+00 -4.155232e+00 -3.041454e-01 2.119658e+00 1.359891e+00 1.209002e+00 -4.392889e-01
-4.011808e-02 1.307068e+00 1.600602e+00 -1.214908e+00 -1.454331e+00 -5.525045e-01 6.506073e-01 -2.506425e-01 1.178543e+00 -2.273489e+00 -1.082657e+00 4.393906e-01
-9.243510e-01 9.488955e-01 2.348241e-01 3.590425e+00 4.041817e+00 9.126289e-01 3.616899e-01 -2.730964e+00 -1.925231e+00 -1.724909e+00 -7.827120e-01 3.141876e-01
-1.481046e+00 1.580911e+00 9.381729e-01 3.656675e+00 5.274272e+00 9.518640e-02 -6.824707e-01 -2.357456e+00 -1.634565e+00 -2.375795e+00 7.311872e-01 1.862605e+00
-1.802049e+00 -1.377953e+00 -1.956794e+00 -7.197566e-01 1.707043e+00 2.928454e+00 2.906727e+00 4.143115e+00 3.798745e+00 1.514328e+00 2.443376e+00 1.986277e+00
-1.713676e+00 4.259970e-01 1.281353e+00 1.794671e+00 3.555396e+00 3.676500e-01 -1.199331e+00 -1.242742e+00 -1.382043e+00 -1.357699e+00 2.404609e+00 2.422714e+00
-2.392087e+00 -1.012867e+00 3.373734e-01 2.053287e-01 1.347576e+00 9.350146e-01 5.425998e-01 -4.341755e-02 -8.781341e-01 -9.333432e-01 2.224615e+00 2.102682e+00
-2.359721e+00 -1.784334e+00 -1.823636e+00 -1.360384e+00 9.736239e-01 2.990129e+00 3.454606e+00 4.751004e+00 2.714250e+00 1.543842e-01 2.879718e+00 1.985362e+00
-2.595256e+00 -1.862171e+00 -1.292800e+00 -3.770425e-01 1.254204e+00 1.294687e+00 1.804861e+00 2.060281e+00 2.072631e+00 7.241436e-01 2.217452e+00 1.417355e+00
