3.689728e+00 -1.401696e+01 -9.942862e+00 -9.437469e+00 5.523792e+00 1.542980e+01 -1.165528e+01 -8.942131e+00 7.724674e+00 -1.379273e+01 8.256936e-02 -1.419429e+01
3.924568e+00 -1.209079e+01 -9.064330e+00 -1.171295e+01 6.893834e+00 1.620796e+01 -8.144510e+00 -8.517384e+00 8.297952e+00 -1.334388e+01 1.396747e+00 -1.056264e+01
3.645590e+00 -1.423285e+01 -9.234123e+00 -6.492886e+00 5.283728e+00 1.521115e+01 -1.141110e+01 -8.175653e+00 9.423644e+00 -1.118135e+01 -3.220374e+00 -1.288774e+01
1.173721e+00 -1.912020e+01 -6.998964e+00 -3.710783e+00 -4.703379e+00 -3.289371e+00 -6.595653e+00 -1.536264e+00 4.098031e+00 -1.937994e+01 -1.673883e+01 -1.696954e+01
3.536364e+00 -1.024783e+01 -1.087829e+01 -1.306748e+01 4.180600e+00 1.692938e+01 -8.809143e+00 -7.280413e+00 6.227885e+00 -1.493124e+01 9.179664e-02 -1.048012e+01
1.957111e+00 -1.788322e+01 -8.525284e+00 -4.044984e+00 1.241385e+00 1.368972e+00 -1.067723e+01 -6.259630e+00 6.056403e+00 -1.142915e+01 -1.742624e+01 -1.475522e+01
2.649855e+00 -1.761988e+01 -4.995463e+00 -1.321554e+00 2.433524e-01 4.139104e+00 -6.956975e+00 1.654240e+00 6.886024e+00 -9.147476e+00 -1.649378e+01 -1.141136e+01
2.963082e+00 -1.526803e+01 -9.449914e+00 -5.093092e+00 3.499726e+00 1.264040e+01 -1.299282e+01 -7.648086e+00 1.023757e+01 -1.372050e+01 -5.467324e+00 -1.479953e+01
3.194754e+00 -1.805204e+01 -8.102534e+00 -5.325521e+00 2.799264e+00 7.597694e+00 -1.301431e+01 -7.035573e+00 7.818493e+00 -1.304251e+01 -1.019741e+01 -1.626487e+01
4.598881e+00 -8.444200e+00 -1.045607e+01 -1.403043e+01 3.824937e+00 1.729004e+01 -5.764018e+00 -6.058815e+00 7.364024e+00 -1.525322e+01 5.965962e-01 -5.984223e+00
7.412171e+00 -1.051806e+00 -1.129573e+01 -1.839471e+01 -9.477773e+00 1.478280e+01 -2.334654e+00 -5.669031e-01 9.193258e+00 -1.398604e+01 -3.365415e+00 -3.571950e+00
4.982552e+00 -7.154133e+00 -1.155311e+01 -1.520511e+01 9.484849e-01 1.653741e+01 -4.437044e+00 -6.611404e+00 6.989046e+00 -1.547157e+01 -2.689317e+00 -3.770034e+00
1.178359e+00 -1.736179e+01 -5.278631e+00 -1.247612e+00 -8.094368e+00 -2.278423e+00 -3.821653e+00 3.282428e+00 3.292668e+00 -1.958278e+01 -1.438272e+01 -1.465215e+01
8.320536e+00 6.421250e-01 -1.220318e+01 -2.006236e+01 -1.335156e+01 1.209110e+01 -3.418512e+00 -1.142867e+00 6.783893e+00 -1.433803e+01 -4.475218e+00 -4.438556e+00
6.688819e+00 -4.344279e+00 -1.038520e+01 -1.746773e+01 -6.738934e+00 1.363225e+01 -2.808559e+00 -3.130529e+00 9.207882e+00 -1.575392e+01 -3.747871e+00 -4.342913e+00
6.341551e+00 -5.508253e+00 -1.006624e+01 -1.584244e+01 -2.018001e+00 1.569128e+01 -1.969628e+00 -4.901356e+00 8.209404e+00 -1.422209e+01 -2.972346e+00 -1.239198e+00
1.875305e-01 -1.478057e+01 -3.053807e+00 -2.511709e+00 -9.775557e+00 -2.628214e+00 -2.919123e+00 6.748551e+00 1.313553e+00 -1.949089e+01 -1.400130e+01 -1.271477e+01
1.042737e+00 -1.423714e+01 -6.635675e-01 -1.036375e+00 -1.197598e+01 1.480608e+00 -4.264713e+00 1.145290e+01 -1.269043e+00 -1.641023e+01 -1.395705e+01 -9.452692e+00
8.631559e+00 4.564100e+00 -1.040086e+01 -1.831568e+01 -1.611856e+01 1.227765e+01 -6.738126e+00 1.382574e+00 6.330291e+00 -1.343318e+01 -4.166276e-01 -5.711082e+00
1.774603e+00 -1.426473e+01 7.490880e-01 -3.080937e+00 -1.381446e+01 1.166671e+00 -8.606627e+00 1.054837e+01 -3.834991e+00 -2.056654e+01 -1.088042e+01 -1.257810e+01
8.905559e+00 -2.476435e+00 1.310394e+00 6.624508e+00 -1.033955e+01 -6.677573e+00 -3.972070e+00 -1.904814e+01 -1.948912e+01 -4.070452e+00 -6.618892e+00 -4.324442e+00
8.984351e+00 -3.604863e+00 2.380427e+00 8.553176e+00 -7.631577e+00 -5.201063e+00 -9.454398e-01 -1.277276e+01 -1.846208e+01 -6.005069e+00 -3.204066e+00 -6.583424e+00
9.300610e+00 -1.510922e+00 3.047776e+00 8.303478e+00 -5.470893e+00 -3.452167e+00 5.900478e-02 -1.181496e+01 -1.874345e+01 -4.795985e+00 -3.392444e+00 -3.960428e+00
8.691889e+00 -4.984303e+00 2.231790e+00 6.052331e+00 -8.452632e+00 -7.056376e+00 -6.797762e-01 -1.310732e+01 -1.709295e+01 -6.563271e+00 -2.772511e+00 -9.001396e+00
9.882743e+00 6.813684e+00 -7.029956e+00 -1.658558e+01 -1.596342e+01 4.373112e+00 -8.467487e+00 1.646042e-01 6.103524e+00 -7.034986e+00 -1.456879e+00 -3.540579e+00
8.638004e+00 -4.540552e+00 3.836310e+00 5.971305e+00 -8.283542e+00 -6.506606e+00 9.570751e-01 -1.149719e+01 -1.501166e+01 -8.614672e+00 1.953037e-01 -8.337664e+00
1.102948e+01 7.565271e+00 -3.985800e+00 -1.164724e+01 -1.840786e+01 -4.565297e+00 -8.020798e+00 4.434118e-01 4.827337e+00 -5.298575e+00 4.801814e+00 -2.471302e+00
8.834301e+00 -2.408271e-01 7.362595e-01 2.512147e+00 -9.090050e+00 -1.277456e+01 -6.374954e+00 -1.926499e+01 -2.132796e+01 -8.405706e+00 -1.221330e+01 -6.897330e+00
8.180509e+00 -4.897832e+00 5.276204e+00 6.490814e+00 -5.187114e+00 -4.488824e+00 -2.632154e+00 -4.867857e+00 -1.861263e+01 -1.150139e+01 5.522174e+00 -7.802121e+00
7.522882e+00 -4.831345e+00 5.755208e+00 2.376732e+00 8.828874e-01 -8.773369e+00 -4.749139e+00 6.658753e+00 -2.230888e+01 -1.367241e+01 6.466020e+00 -9.036835e+00
6.949825e+00 -5.469437e+00 3.877462e+00 3.614437e+00 -5.312099e-01 -8.389095e+00 -9.092844e+00 1.011759e+01 -1.909720e+01 -1.855890e+01 4.106195e+00 -9.379780e+00
4.246556e+00 -1.273230e+01 3.278767e+00 -2.078176e+00 -1.265067e+01 -2.949334e+00 -1.268733e+01 4.498602e+00 -1.166187e+01 -2.069580e+01 -8.500384e+00 -9.725285e+00
1.168882e+01 1.178251e+01 -2.647014e+00 -1.011999e+01 -1.567802e+01 -3.247666e+00 -9.978357e+00 -1.492022e+00 6.638732e+00 -3.121632e+00 7.377398e+00 -2.877294e+00
3.805161e+00 -5.802292e+00 2.170494e+00 2.013796e+00 2.604599e-01 -1.286454e+01 -4.451745e+00 4.227369e+00 -1.619907e+01 -1.817832e+01 -5.071724e+00 -3.345373e+00
1.151896e+01 1.239540e+01 -5.780743e-01 -1.002983e+01 -1.259556e+01 -8.626715e+00 -1.238767e+01 4.628825e-01 4.729943e+00 8.449621e-01 4.982277e+00 -7.037857e+00
6.993758e+00 1.692411e+00 7.050118e+00 9.562662e+00 -2.077219e+00 -1.697955e+00 -3.488978e+00 -2.097964e+01 -1.659796e+01 -3.053589e+00 -9.574327e+00 -6.208185e+00
1.180156e+01 1.644526e+01 2.625794e+00 -7.551817e+00 -1.221782e+01 -8.994020e+00 -1.376169e+01 5.624161e-01 5.649956e+00 2.629687e+00 8.378747e+00 -8.717136e+00
1.159867e+01 1.378822e+01 2.484089e+00 -7.379995e+00 -1.025898e+01 -8.864211e+00 -8.667370e+00 1.255426e-01 -3.120959e+00 -1.808903e+00 5.732753e+00 -4.094864e+00
1.342705e+01 1.026429e+01 -3.145687e+00 -8.066529e+00 -4.972144e+00 -5.375243e+00 -9.080559e+00 -7.339409e+00 -7.817192e+00 6.654072e-01 -5.798552e-01 -4.547286e+00
1.317393e+01 1.110714e+01 -9.014981e+00 -6.957381e+00 -3.418651e-01 -8.134841e+00 -9.698343e+00 -5.476538e+00 -7.136336e+00 -2.432377e+00 -6.995811e+00 -2.646459e+00
3.658614e+00 -1.834555e+00 4.051957e+00 7.781514e+00 -6.619471e+00 -6.100297e+00 -1.317992e+00 -1.824995e+01 -1.873327e+01 -8.554058e+00 -1.086839e+01 -6.020730e+00
2.194527e+00 -2.377703e+00 4.345510e+00 7.772798e+00 3.963660e+00 -6.950618e-01 2.784589e+00 -1.269039e+01 -1.685166e+01 -4.689823e+00 -9.316293e+00 9.669852e-01
4.848770e+00 1.534338e+01 1.951994e+00 3.698676e-01 3.244275e+00 -7.979566e+00 -3.136868e-01 1.955307e+00 -6.661748e+00 -2.156286e-01 -5.494123e+00 -1.553628e+00
-1.747909e-01 -2.313069e+00 7.954346e+00 5.541543e+00 1.870933e+00 3.619276e+00 7.701707e+00 -5.863623e+00 -7.087831e+00 7.078382e+00 -2.842424e+00 1.908555e+00
-1.797464e+00 -3.782375e+00 7.598058e+00 5.534428e+00 -2.368989e-01 5.585887e+00 1.410389e+01 -2.672907e+00 -8.320783e+00 5.598296e+00 -4.657498e+00 5.149121e+00
-9.811406e-01 -2.943736e+00 9.185842e+00 6.820233e+00 5.287576e+00 8.556959e+00 1.294161e+01 2.108779e-01 -5.134215e+00 6.911796e+00 1.532988e+00 8.314730e+00
-1.865363e+00 -3.054608e+00 7.426249e+00 7.743181e+00 1.146791e+00 1.506203e+00 7.757104e+00 -3.654876e-01 -3.768950e-01 7.617402e+00 2.397551e+00 7.948556e+00
-3.231144e+00 -2.765533e+00 9.039996e+00 1.034339e+01 4.244622e+00 3.032032e+00 1.509860e+01 2.224713e+00 -3.272546e+00 4.540336e+00 1.076297e+00 9.926176e+00
-2.685916e+00 -2.673012e+00 6.332797e+00 8.250058e+00 -3.501987e-02 1.156888e+00 1.216252e+01 5.476465e-01 -1.703450e+00 5.451962e+00 5.120990e-01 1.057436e+01
-3.485485e+00 -1.347884e+00 1.123773e+01 1.036653e+01 6.798016e+00 3.019684e+00 8.856421e+00 2.612512e+00 2.330956e-01 1.023927e+01 2.593578e+00 9.162895e+00
-3.876124e+00 -2.777041e+00 8.800486e+00 1.011720e+01 5.748852e+00 4.793912e+00 1.213258e+01 3.651306e+00 -2.281456e+00 1.018500e+01 1.100943e-01 8.312018e+00
-2.958884e+00 -3.680289e+00 4.232213e+00 6.294004e+00 2.414460e+00 3.891793e+00 1.721935e+01 1.306505e+01 2.262837e+00 8.413645e+00 4.252849e+00 1.104680e+01
-1.201890e+01 8.657977e+00 4.388412e+00 2.508366e+00 8.462718e+00 -1.633483e+01 5.408718e+00 -2.654788e+00 -4.906043e+00 5.614035e+00 -7.238690e+00 2.569491e+00
1.491438e+00 9.565062e+00 3.387543e+00 7.460584e+00 7.994577e+00 -1.597095e+00 4.910810e+00 2.106541e+00 -2.729918e+00 7.837864e+00 2.138926e+00 8.643039e+00
-1.839262e+00 -7.275777e-01 7.536816e+00 7.867676e+00 -6.281562e-01 -1.411810e+00 1.205245e+01 6.525417e+00 7.874793e+00 1.230727e+01 6.357571e+00 1.154503e+01
5.647316e-01 3.815474e+00 4.752128e+00 8.064250e+00 5.815476e+00 1.310502e+00 7.718160e+00 2.130618e+00 3.686414e+00 1.510496e+01 6.549803e+00 9.250223e+00
-4.738913e-01 1.949831e+00 6.735927e+00 6.437861e+00 4.376511e+00 -2.378996e+00 5.688190e+00 -1.571708e-01 -2.342910e+00 3.540613e+00 -2.461101e+00 9.180750e+00
1.213161e+00 8.286302e+00 2.641631e+00 3.627348e+00 2.408181e+00 -2.036486e+00 8.901826e+00 3.918203e+00 -8.250046e-02 1.013230e+01 4.341630e+00 5.610462e+00
-4.951094e+00 1.007952e+01 5.014617e+00 3.975203e+00 5.516870e+00 -6.683727e+00 5.387440e-01 -1.875840e+00 -8.266629e+00 -2.593707e+00 -9.227500e+00 -6.762247e+00
7.467704e-01 6.732238e+00 -8.220932e-01 4.110326e+00 5.471997e+00 -2.829771e+00 1.137073e+01 7.413154e+00 3.640244e+00 1.119621e+01 5.038369e+00 1.085678e+01
-1.400349e+01 -7.019293e-01 6.655893e+00 -3.811887e-01 2.087240e-01 8.045840e+00 8.183187e+00 8.722655e+00 1.987859e+01 1.233086e+01 7.776654e+00 1.012643e+01
-9.929633e-01 1.210306e+01 5.396219e+00 5.088157e+00 5.212414e+00 -3.981327e+00 2.763382e+00 2.761521e+00 7.085214e-01 8.595586e+00 5.407961e+00 4.085151e+00
-4.847822e-01 1.137942e+01 2.579329e+00 4.754885e+00 8.912746e+00 -2.548140e+00 5.029646e+00 3.743612e+00 1.219756e+00 5.928360e+00 3.292830e+00 8.589364e+00
-1.244899e+01 -7.260114e+00 -5.705010e-01 6.092652e+00 1.447965e+01 -9.914589e-02 -3.707299e+00 5.622996e+00 1.168844e+01 1.255768e+01 1.882699e+01 1.145608e+01
-2.176673e-01 9.769150e+00 4.357561e+00 5.282302e+00 7.761009e+00 -2.163082e+00 3.874936e+00 6.206074e+00 4.562988e+00 5.462992e+00 1.695659e+00 5.981884e+00
-6.498530e-01 8.227132e+00 1.556420e+00 5.347541e+00 6.765061e+00 -9.167564e-01 6.341174e+00 7.744549e+00 4.819487e+00 1.214765e+01 8.725424e+00 6.261274e+00
-1.503456e+00 9.152452e+00 2.420034e+00 4.748592e+00 8.442776e+00 -1.443047e+00 3.087825e+00 1.000363e+01 3.582988e+00 7.586867e+00 2.792277e+00 4.724041e+00
-3.387376e+00 1.170536e+01 6.577454e+00 6.459693e+00 7.324638e+00 1.227699e+00 8.538846e+00 3.064411e+00 3.197483e+00 1.022303e+01 2.002475e+00 4.399110e+00
-2.224066e+00 1.190271e+01 5.011774e+00 4.885841e+00 5.819158e+00 -1.352865e+00 5.586291e+00 5.340208e+00 8.059261e+00 1.452072e+01 5.638104e+00 7.759591e+00
-2.125518e+00 8.477390e+00 2.393533e+00 4.151578e+00 5.327582e+00 -3.276912e+00 1.923094e+00 1.491298e+00 -8.725262e-01 2.956015e+00 3.179566e+00 2.563903e+00
-4.628382e+00 1.149544e+01 4.931003e+00 4.946259e+00 8.740378e+00 5.171423e+00 8.159438e+00 7.576267e+00 3.234959e+00 2.513132e+00 1.969706e+00 6.754473e+00
-1.264945e+01 -5.280061e+00 -7.800527e-01 6.470561e+00 1.272784e+01 1.014640e-01 -4.545987e+00 7.109548e+00 8.616286e+00 1.312715e+01 1.287249e+01 8.348178e+00
-1.152230e+01 3.379379e+00 -4.005734e+00 2.018845e+00 2.743052e+00 1.101074e+00 5.757990e+00 6.123183e+00 5.034372e+00 1.217343e+01 5.986894e+00 1.054443e+01
-1.023070e+01 4.980042e+00 -5.058138e-01 -3.143932e-01 7.322924e+00 -1.133057e+01 2.261781e+00 1.794223e+00 -4.388022e-01 1.171239e+01 2.589375e+00 8.649479e+00
-2.967746e+00 9.433676e+00 3.763856e+00 2.015079e+00 5.780973e+00 -3.875593e+00 9.972706e-01 1.353319e+00 -4.895854e-01 8.515763e+00 2.883383e+00 6.497078e+00
-1.431991e+01 -1.422599e+00 5.847713e-01 -3.178028e+00 -5.810018e-01 1.503423e+00 1.563355e+00 4.328188e+00 1.314178e+01 1.273324e+01 8.644820e+00 9.557163e+00
-3.928418e+00 1.153326e+01 7.715034e+00 5.548264e+00 1.145643e+01 -1.304108e+00 3.317167e+00 4.156857e+00 4.081944e+00 7.815063e+00 6.834891e+00 5.936945e+00
-7.228543e+00 4.564194e+00 -5.342179e+00 1.386911e+00 4.265123e+00 -5.881660e+00 -2.212235e+00 4.557034e+00 1.086420e+00 1.453122e+01 3.720007e+00 7.323756e+00
-1.346542e+01 1.481403e+00 -2.842954e+00 2.852578e-01 1.276438e+00 -3.062773e+00 4.733003e+00 9.188238e+00 4.786366e+00 1.163586e+01 9.743758e+00 8.119509e+00
-9.201359e+00 3.516507e+00 -9.670793e-01 2.804344e+00 1.494597e+00 -6.362147e-01 1.401845e+00 2.735256e+00 3.533837e+00 1.076557e+01 2.282364e+00 4.083090e-01
-8.731613e+00 4.850978e+00 -2.475713e+00 -3.352496e-01 2.987436e+00 -2.776272e+00 6.181345e-01 1.367240e+00 1.217605e+00 1.009104e+01 -9.418871e-01 5.335289e+00
-7.890449e+00 1.847610e+00 -4.203482e+00 -5.267411e-02 1.709354e+00 -3.445022e+00 1.089414e+00 3.625931e+00 4.576017e+00 1.051956e+01 3.319808e+00 6.572653e+00
-1.212291e+01 2.920268e+00 -2.066931e+00 1.583914e+00 -1.905217e+00 -4.079254e-01 7.502147e+00 2.855035e+00 3.511485e+00 6.319815e+00 3.453573e+00 7.114763e+00
-1.055823e+01 3.900961e+00 8.280230e-01 1.270481e+00 1.601324e+00 -1.694765e+00 9.318523e+00 4.532701e+00 2.480412e+00 1.401558e+01 3.153561e+00 3.487778e+00
-1.141059e+01 3.175331e+00 -2.108605e+00 -6.205838e-01 4.369512e+00 1.364532e+00 5.275953e+00 9.161388e+00 7.925687e+00 1.080375e+01 6.785569e+00 1.371883e+01
-5.488484e+00 9.309569e+00 6.265330e+00 5.633256e+00 6.285733e+00 -3.877357e+00 1.619180e+00 3.090897e+00 8.149323e+00 1.100642e+01 2.177533e+00 6.654992e-01
-1.409676e+01 -1.378686e-01 -2.114024e+00 -1.890150e+00 2.795683e+00 -3.141960e+00 7.208200e-01 3.709209e+00 4.958791e+00 1.319165e+01 5.992751e+00 2.172051e+00
-1.233860e+01 1.210911e+00 -3.613513e-01 9.761365e-01 2.843195e+00 -3.311190e+00 2.977146e+00 1.930851e+00 5.911810e+00 1.376423e+01 1.035596e+01 9.396418e+00
-1.311787e+01 -8.989573e-04 -5.435879e+00 -2.318509e+00 3.047350e+00 -4.855713e+00 3.228053e+00 3.360518e+00 8.230072e+00 1.777537e+01 4.869635e+00 7.084794e+00
-1.351133e+01 4.427445e-02 -9.085964e-01 2.096828e+00 4.175418e+00 -3.570460e+00 4.339917e+00 4.049581e+00 9.039879e+00 1.711311e+01 1.025415e+01 1.105243e+01
