1.195287e+01 -7.133186e+00 -1.613658e+01 -2.936181e+00 -2.010559e+00 -7.897403e-01 -1.211107e+01 2.484051e+00 -7.500424e+00 -1.294577e+01 1.224605e+01 -1.782141e+01
8.370611e+00 -1.148312e+00 -1.795980e+00 -2.019729e+01 -1.811482e+01 1.209149e+01 -7.166076e+00 -1.079000e+01 -6.205791e+00 -5.386684e+00 -4.349994e+00 -3.427028e+00
8.670576e+00 -1.214451e+00 -1.720607e+00 -2.315715e+01 -1.897727e+01 1.088033e+01 -6.070518e+00 -1.268361e+01 -4.296249e+00 -9.958401e+00 -5.983788e+00 -4.227557e+00
1.014534e+01 -6.896344e+00 -1.780211e+01 -1.105639e+00 -1.622582e+00 -3.000429e+00 -1.428010e+01 5.163665e+00 -7.523328e+00 -1.718974e+01 1.158156e+01 -1.888134e+01
9.722506e+00 8.174521e-01 -8.070827e-01 -2.279922e+01 -1.796401e+01 1.332579e+01 -3.853465e+00 -9.788806e+00 -2.203758e+00 -8.285360e+00 -5.677022e+00 -1.340125e+00
1.317970e+01 -4.304382e+00 -1.417381e+01 -1.844944e+00 -5.295911e+00 3.630803e+00 -6.125079e+00 1.223678e+00 -6.523288e+00 -1.032081e+01 1.626956e+01 -1.538067e+01
9.309209e+00 -1.416177e+00 -2.431605e+00 -1.762438e+01 -1.612392e+01 1.036075e+01 -8.483648e+00 -8.834990e+00 -4.046195e+00 -4.954262e+00 -1.206181e+00 -4.044600e+00
1.076572e+01 2.484963e+00 -9.449959e-02 -2.152775e+01 -1.737404e+01 1.262581e+01 -1.773814e+00 -6.960502e+00 -7.032032e-01 -6.416393e+00 -7.418516e+00 2.078783e+00
1.017866e+01 -7.125633e+00 -1.790178e+01 -1.876328e+00 -3.108287e-01 -3.353643e+00 -1.738563e+01 7.167007e+00 -8.400100e+00 -1.608823e+01 7.268735e+00 -1.897537e+01
1.064620e+01 1.840727e+00 -1.784289e+00 -2.328773e+01 -2.133216e+01 9.109874e+00 -6.398376e+00 -1.111587e+01 -1.503634e-01 -9.922977e+00 -1.189049e+01 -2.669037e+00
1.089577e+01 -7.014649e+00 -1.762744e+01 -1.365225e+00 1.652481e+00 -2.904593e+00 -1.965852e+01 9.933168e+00 -8.143248e+00 -1.400855e+01 5.368134e+00 -1.827475e+01
1.213067e+01 -2.927404e+00 -1.455430e+01 -5.530579e+00 -1.222965e+01 9.894082e-01 -6.039134e+00 -3.269125e+00 -1.065166e+01 -1.383612e+01 1.112922e+01 -1.626216e+01
1.348183e+01 1.108754e+00 -8.490601e+00 -1.357091e+01 -1.792457e+01 -7.113353e-01 -2.148694e+00 -8.001026e+00 -6.211937e+00 -1.379450e+01 2.159776e+00 -1.199751e+01
1.436965e+01 4.687916e+00 -4.383444e+00 -1.434584e+01 -1.638621e+01 -9.975559e-01 -1.899001e+00 -6.132732e+00 -3.344359e-01 -8.758009e+00 -2.052971e+00 -8.419272e+00
1.279856e+01 1.676572e+00 -1.077565e+01 -5.681482e+00 -1.139852e+01 4.153368e+00 -4.442883e-02 -1.845272e+00 -5.872241e+00 -8.791227e+00 9.274867e+00 -1.037609e+01
1.395944e+01 7.721730e+00 -3.321207e+00 -1.587218e+01 -2.119339e+01 -5.025659e-01 -4.896143e+00 -7.876802e+00 3.525200e-01 -1.131201e+01 -3.032235e+00 -8.517408e+00
1.176557e+01 4.558096e+00 1.296701e-01 -2.143150e+01 -2.126438e+01 8.028646e+00 -4.342076e+00 -8.220962e+00 2.442276e+00 -7.720321e+00 -1.062981e+01 -1.770650e+00
1.177285e+01 -5.540627e+00 -1.524541e+01 1.222802e+00 3.725215e+00 1.801211e+00 -2.042244e+01 1.392644e+01 -3.530099e+00 -1.290809e+01 7.527740e+00 -1.386132e+01
1.542173e+01 7.314286e+00 2.459416e-01 -1.603394e+01 -1.959239e+01 -1.739600e+00 -5.198315e+00 -7.702029e+00 4.168497e+00 -1.058091e+01 -2.659419e+00 -6.370806e+00
1.533400e+01 7.145486e+00 1.062086e+00 -1.841168e+01 -2.252031e+01 -1.500142e+00 -8.662411e+00 -5.807572e+00 -1.864189e+00 -9.832010e+00 -4.991271e+00 -6.081761e+00
1.463788e+01 8.200511e+00 -4.548879e-01 -2.052546e+01 -2.451326e+01 -1.231402e+00 -1.117189e+01 -9.184252e+00 -1.225014e+00 -1.124951e+01 -7.435354e+00 -7.037504e+00
1.259602e+01 5.159122e+00 1.679149e-01 -1.895171e+01 -2.074517e+01 4.589405e+00 -6.281650e+00 -7.504157e+00 4.790335e+00 -8.149511e+00 -9.307502e+00 -5.158615e+00
1.191523e+01 -6.555944e+00 -1.289738e+01 -9.469995e-01 4.535387e+00 6.615622e-01 -2.114941e+01 1.214570e+01 -3.349144e+00 -1.215691e+01 4.427839e+00 -1.224019e+01
1.553494e+01 7.879046e+00 2.217855e+00 -1.894669e+01 -2.006641e+01 -4.353497e-01 -6.332569e+00 -6.290237e+00 3.379503e+00 -1.047761e+01 -3.352218e+00 -4.325789e+00
1.385167e+01 8.269849e+00 -6.533580e-01 -1.748833e+01 -2.111097e+01 4.308118e+00 -7.534253e+00 -6.654171e+00 6.820755e+00 -8.273649e+00 -8.314888e+00 -5.009534e+00
1.425468e+01 9.474550e+00 1.694999e-01 -1.999950e+01 -2.337667e+01 3.012719e+00 -8.492514e+00 -7.961476e+00 4.457529e+00 -1.103545e+01 -7.415493e+00 -4.933395e+00
1.099672e+01 -5.575101e+00 -1.475038e+01 -2.156996e+00 4.088821e+00 -2.354179e+00 -2.566482e+01 1.411063e+01 -1.294286e+01 -1.317001e+01 2.477758e+00 -1.333246e+01
9.974318e+00 -1.240583e+00 -3.243013e+00 -1.640889e+01 -1.284256e+01 2.854935e+00 -6.754552e+00 -9.495383e+00 -5.996492e+00 -5.838497e+00 -3.073924e+00 -2.844060e+00
1.214442e+01 -3.470624e+00 -1.382311e+01 -1.217645e+00 2.987661e+00 -4.281796e+00 -2.301975e+01 9.474754e+00 -1.453358e+01 -1.204383e+01 1.977602e+00 -9.201831e+00
-1.075038e+01 -6.432951e+00 -2.291602e+00 3.699461e+00 -2.958307e-01 -1.531326e+00 3.184783e+00 1.311748e+00 6.066250e+00 7.144148e+00 3.024123e+00 3.621259e+00
1.284278e+01 -2.754642e+00 -1.099420e+01 -3.718216e-01 -4.835581e+00 -1.043864e+01 -2.122701e+01 1.246025e+01 -1.459162e+01 -9.003206e+00 -2.753996e+00 -1.032670e+01
-1.437072e+01 -5.027953e+00 -2.208836e+00 6.341955e+00 7.676760e+00 3.000875e+00 2.371595e+00 1.341777e+00 2.486586e+00 2.177357e+00 2.921959e+00 2.205945e+00
-3.131067e+00 -1.652932e+00 -1.758792e+00 1.970258e+00 -2.893080e+00 -3.841904e+00 -1.609160e+00 -5.552737e+00 -2.744226e-01 8.156528e-01 -3.409961e+00 -6.297090e-01
9.406766e+00 -2.922428e+00 -6.971200e+00 6.191560e+00 -2.979527e+00 -1.107297e+01 -2.051773e+01 6.998775e+00 -1.464395e+01 -9.874636e+00 -7.220150e+00 -9.333950e+00
-1.394240e+01 -4.915601e+00 -2.533085e+00 2.727288e+00 1.479418e+00 -1.953343e+00 2.301524e+00 4.094375e+00 4.826618e+00 8.050962e+00 6.204916e+00 3.926187e+00
-1.451428e+01 -5.362096e+00 -4.871821e-01 4.871683e+00 -1.495391e+00 -7.242404e+00 2.037199e+00 2.235276e+00 5.059127e+00 8.914871e+00 5.743198e+00 5.992059e+00
-1.605619e+01 8.775313e+00 -1.004236e+00 5.006250e+00 -8.626084e-01 4.637470e-01 -1.031268e+00 3.046500e+00 1.702236e+00 1.262729e+01 6.703286e-01 7.757484e+00
7.985639e+00 -3.175857e+00 -6.596741e+00 5.851496e+00 5.034301e+00 -4.720403e+00 -1.282558e+01 7.117779e+00 -1.550595e+01 -1.166572e+01 -9.536764e+00 -5.248558e+00
-1.481927e+01 -5.177184e+00 1.116644e+00 7.732530e+00 3.965009e+00 -2.067688e-01 4.005003e+00 -2.257674e+00 3.231327e+00 8.119463e+00 5.876884e+00 6.596322e+00
-1.544854e+01 -4.068571e+00 2.391199e+00 4.763625e+00 5.738730e-01 -2.300592e+00 3.046669e+00 -4.602218e+00 1.419527e+00 3.751319e+00 -6.409349e-01 2.324858e+00
-1.679015e+01 -5.988685e+00 3.587677e+00 6.821989e+00 -1.121256e+00 -2.485253e+00 -1.083918e-01 3.260362e-02 3.027856e+00 4.208573e+00 -1.091147e+00 3.695423e+00
4.689358e+00 -3.491059e+00 -7.450403e+00 3.640136e+00 8.849863e+00 -3.401830e+00 -4.653863e+00 5.057707e+00 -1.058554e+01 -1.235676e+01 -9.039230e+00 -4.849144e+00
-1.316035e+01 -2.239689e+00 4.923748e+00 7.829473e+00 5.894432e-01 -3.060551e+00 3.798110e+00 2.974977e+00 4.553015e+00 3.223087e+00 -6.238949e-01 3.150958e+00
1.636562e+00 -6.198119e+00 -4.048523e+00 2.536763e+00 7.704716e+00 -8.944587e-01 6.755371e-01 -1.092743e-01 -6.677000e+00 4.226305e+00 -4.162468e+00 -2.767117e+00
-9.929661e+00 3.877456e+00 -1.145215e+01 1.402043e+00 5.343606e+00 6.714896e+00 -6.096478e+00 -1.468088e+01 -1.162063e+01 7.571604e+00 -2.234213e-01 4.159816e+00
1.408265e+00 -8.917099e+00 -6.296249e+00 6.977225e+00 1.196737e+01 1.997805e+00 1.203736e+01 6.844274e+00 -1.302722e+00 5.200478e+00 -5.573923e+00 -4.674795e-01
-1.355830e+01 -1.874375e+00 5.437488e+00 9.675767e+00 -6.330538e-01 -5.519337e+00 -9.270153e-01 -4.247046e+00 -1.073356e+00 6.871178e+00 -9.642904e-01 3.201125e+00
-1.318373e+01 -4.279428e+00 3.802280e+00 1.165767e+01 4.908242e+00 4.728984e+00 6.125686e+00 3.662923e+00 1.605832e+00 2.517354e+00 -2.924482e+00 1.308060e-02
-2.195573e-01 -8.804262e+00 -3.400886e+00 3.712468e+00 3.460296e+00 -3.022364e+00 1.003902e+01 6.198239e+00 -7.974629e-01 4.559410e+00 -6.519024e+00 2.847140e-01
-1.949039e-01 -8.743523e+00 -1.645570e+00 4.814859e+00 5.994173e+00 1.844718e+00 1.375661e+01 5.057795e+00 2.075064e+00 4.397527e+00 -3.636329e+00 6.307719e-01
-1.169520e+01 -3.957664e+00 2.455972e+00 7.618521e+00 2.633602e+00 3.243810e+00 5.244371e+00 9.606231e-01 3.594726e+00 4.993725e+00 -1.142643e+00 6.706694e+00
-3.856102e+00 -4.045375e+00 1.078035e+01 -4.938963e+00 6.265712e-01 -1.926864e+00 8.316302e-01 4.787538e+00 -1.012837e+01 3.844593e+00 6.252999e+00 6.765038e+00
-1.155371e+01 -6.619342e+00 4.766067e+00 8.335415e+00 1.621744e+00 1.300188e+00 3.226268e+00 7.953820e-01 2.276169e+00 7.149421e+00 2.685560e+00 6.362837e+00
-3.051858e-01 -8.169395e+00 1.874130e+00 6.937922e+00 8.599658e+00 4.301323e+00 1.170878e+01 2.151621e+00 3.235557e+00 8.489286e+00 -3.953163e+00 2.204699e+00
-1.062088e+01 -5.221062e+00 9.474024e+00 1.264278e+01 3.174593e+00 4.556299e+00 8.270952e+00 8.370290e+00 6.233082e+00 5.667294e+00 6.084161e+00 4.641313e+00
1.487093e-01 -7.241287e+00 -7.105999e+00 -1.780041e+00 2.884344e+00 3.796182e+00 1.242778e+00 -1.827968e+01 1.404142e-02 8.904853e-01 3.362389e+00 1.069006e+00
1.067518e+00 -6.552823e+00 -2.608457e-01 4.594275e+00 6.669315e+00 8.624649e-01 1.316486e+01 -2.403219e-01 1.805703e+00 5.482671e+00 -1.327901e-01 9.820924e-01
2.299056e+00 -4.291302e+00 3.932150e+00 6.053868e+00 8.961397e+00 6.823551e-01 1.116204e+01 -4.449332e-02 -1.785683e+00 4.224626e+00 -7.516451e+00 8.036256e-01
1.632238e+00 -4.410510e+00 4.129376e+00 7.394392e+00 7.855553e+00 -1.074352e-01 8.271239e+00 -2.178850e-01 -4.942144e+00 -1.149497e-01 -5.322877e+00 -7.421601e-01
-7.247180e+00 -3.707888e+00 1.001676e+01 1.015152e+01 6.078456e+00 4.457331e+00 8.401758e+00 5.821922e+00 5.078955e+00 6.328501e+00 -9.383290e-01 1.205095e+00
2.681932e-01 -4.923712e+00 2.693045e+00 6.857139e+00 7.143927e+00 -2.546654e+00 5.958966e+00 5.824726e-01 -2.037225e+00 2.795301e+00 -5.180655e+00 1.246846e+00
7.749848e-01 -3.437982e+00 4.573561e+00 8.615535e+00 5.354252e+00 -2.608748e+00 4.561186e+00 -1.480129e+00 2.830914e+00 -1.018523e+00 -5.954786e+00 4.505051e+00
4.829092e-01 -1.159277e+00 6.731336e+00 7.821421e+00 6.070591e+00 -2.515137e+00 8.751388e+00 -9.191260e-01 -2.264464e+00 1.002708e+00 -2.277360e-01 7.213728e+00
-3.424408e+00 5.908383e-01 8.276769e+00 -1.939557e+00 1.778606e+00 -4.500568e+00 -3.580008e-01 -2.012941e+00 -9.950950e+00 2.517782e+00 4.694877e+00 7.087117e+00
-1.597385e+00 -4.494847e+00 1.620965e+00 2.845683e+00 6.644855e+00 -2.360860e+00 9.612861e+00 5.727733e+00 1.183281e+00 5.999422e-02 -5.387961e+00 4.127118e+00
1.989069e-01 -2.696123e+00 1.711737e+00 5.086839e+00 1.263125e+01 -1.148193e+00 4.239231e+00 2.124791e+00 -6.540017e-01 3.048479e+00 8.464074e-01 3.257992e+00
-4.627941e+00 2.890445e+00 6.246312e+00 3.429566e+00 1.324374e+01 -2.950560e-01 1.044062e+01 1.752119e+00 -3.184847e+00 1.128829e+01 4.471237e+00 5.707014e+00
4.593420e-02 8.691409e-01 3.865719e-01 3.585332e+00 9.121774e+00 -1.107207e+00 8.361050e+00 2.405101e+00 -7.191143e-01 2.227821e+00 -1.561001e+00 6.104918e+00
-3.379665e+00 3.130882e-01 8.627964e+00 1.188626e+01 1.305222e+01 3.747420e+00 8.556121e+00 7.080406e+00 3.929893e+00 4.777765e+00 2.486143e+00 -1.783256e+00
8.043251e-01 1.604514e+00 3.701513e+00 8.062340e+00 1.263734e+01 -6.131667e-01 8.514147e+00 2.216058e+00 1.017840e+00 1.129595e+00 -2.346418e+00 9.241066e-01
-2.947726e+00 -1.536868e+00 -9.856319e-02 2.592956e+00 8.833390e+00 5.888242e+00 6.591671e+00 -8.191349e+00 7.374191e-01 6.744937e+00 3.393587e+00 8.721166e-01
-3.769078e+00 4.170984e+00 2.889350e+00 8.121042e-01 2.913142e+00 -4.945284e-01 2.060338e+00 -2.823120e+00 6.777511e-01 4.100205e+00 1.076835e+00 9.127039e+00
-1.185656e-02 7.700784e-01 7.676630e-01 4.684587e+00 7.213053e+00 -2.106609e+00 2.554439e+00 -3.142737e+00 -4.011056e+00 6.363335e-01 -3.428647e+00 2.746237e+00
-4.357104e-01 1.121643e+01 1.054413e+01 1.061713e+01 6.649809e+00 -5.312497e-02 4.171825e+00 -1.841709e+00 3.458939e+00 5.391634e+00 -4.994748e-01 2.689879e+00
9.943337e-01 2.373967e+00 1.021915e+00 4.274241e+00 7.241229e+00 -2.759385e+00 1.926106e+00 -2.965297e+00 3.465241e+00 3.598719e-01 -4.710184e+00 4.783408e+00
3.620977e-01 6.293436e+00 6.143598e+00 1.067952e+01 1.002242e+01 4.327227e+00 6.307253e+00 3.212387e+00 3.933561e+00 -1.202747e+00 -3.077563e+00 1.665303e+00
6.318293e-01 5.024020e+00 3.770386e+00 8.216720e+00 6.276665e+00 -8.990693e-01 1.559852e+00 -1.574031e-01 2.255043e+00 7.756062e-01 -3.084830e+00 1.538078e+00
-3.178458e+00 7.665254e+00 1.122410e+01 8.435414e+00 6.062204e+00 6.806580e+00 5.854018e+00 8.464748e+00 6.402087e+00 3.061111e+00 1.355147e+00 4.943102e+00
-7.524686e-01 8.034752e+00 9.682538e+00 1.143281e+01 1.310354e+01 5.791972e+00 3.717147e+00 5.719197e-02 -1.145898e+00 -4.448857e-01 -1.649468e+00 1.543741e+00
3.558674e-01 5.359456e+00 6.196702e+00 8.349069e+00 8.808988e+00 2.029437e+00 5.088380e+00 -2.031570e+00 6.008485e+00 7.536983e-01 -1.379436e+00 3.271845e+00
4.615922e-01 7.221039e+00 7.159716e+00 7.844553e+00 1.210083e+01 3.656548e+00 6.545744e+00 2.425224e+00 3.833780e+00 3.875800e+00 -2.491922e+00 1.789407e+00
-1.230645e+00 9.872169e+00 1.014154e+01 9.306612e+00 1.117647e+01 1.212268e+00 9.523331e+00 3.583867e+00 7.242479e+00 8.284379e+00 3.208452e+00 5.239003e+00
-1.971327e+00 8.502072e+00 9.529634e+00 8.929338e+00 8.065245e+00 -5.324015e-01 2.316695e+00 2.974941e+00 8.502563e+00 8.766086e+00 9.159815e-01 5.101877e+00
1.652660e-01 6.585646e+00 4.623052e+00 6.461894e+00 9.007552e+00 4.662613e+00 1.310438e+01 -2.075240e+00 -2.034712e+00 8.148232e-01 -9.364378e-01 3.452059e+00
-1.416848e+00 6.668940e+00 5.881471e+00 6.088598e+00 5.257720e+00 -1.351273e+00 5.379371e+00 -3.922005e-01 2.020278e+00 2.166443e+00 -9.760618e-01 1.710107e+00
-8.444935e+00 3.674822e+00 4.347641e+00 4.356134e+00 1.117140e+00 -3.082090e+00 4.684276e+00 5.233966e+00 4.808668e+00 1.026212e+01 5.988278e+00 7.615693e+00
-9.533848e+00 1.688737e+00 2.282339e+00 2.190638e-02 3.724719e+00 -4.739308e+00 2.038964e+00 -2.285206e-02 3.234375e+00 6.127520e+00 3.292658e+00 6.159553e+00
-9.269781e+00 1.340243e+00 3.542934e+00 -6.830621e-02 2.124976e+00 -7.110882e+00 5.098667e-01 -5.311190e+00 5.047934e-01 9.569454e+00 1.046247e+01 6.532478e+00
-8.999090e+00 1.846656e+00 2.811555e+00 -1.346536e+00 1.973505e+00 -3.838077e+00 -6.227121e-01 -4.961546e+00 1.028044e+00 4.988647e+00 5.599482e+00 6.500369e+00
-7.213295e+00 2.443080e+00 2.075156e+00 2.030269e+00 6.501452e+00 -3.815752e-01 2.584669e+00 6.261989e-01 4.589634e+00 2.132824e+00 -1.991452e+00 6.092919e+00
-6.495547e+00 3.662359e+00 4.552680e+00 2.974891e+00 3.770029e+00 -2.360207e+00 1.840951e+00 1.452457e+00 1.033782e+01 8.877578e+00 2.167575e+00 8.541757e+00
-8.070707e+00 1.972951e+00 2.964083e+00 2.413006e+00 3.004140e+00 -2.273025e+00 5.415552e+00 -3.360276e-01 6.565986e+00 5.280704e+00 1.493607e+00 5.722178e+00
-8.228563e+00 2.556293e+00 4.279165e+00 3.085195e+00 4.219388e+00 -4.841079e+00 7.474537e-01 3.102796e+00 6.187793e+00 6.453373e+00 2.016067e+00 1.559825e+00
-8.336586e+00 3.154420e+00 3.353085e+00 2.899907e+00 2.910118e+00 -4.153679e+00 4.418770e+00 9.381770e+00 7.847164e+00 3.889359e+00 1.191355e+00 5.238058e+00
-8.954731e+00 2.731812e+00 4.843864e+00 1.470050e+00 4.649221e+00 -1.795661e+00 4.407480e+00 5.231679e+00 7.022410e+00 5.546640e+00 1.881967e-01 5.556092e+00
-9.091156e+00 1.092165e+00 3.638283e+00 2.685951e+00 4.202570e+00 -5.765613e+00 4.356962e+00 -1.460243e+00 3.317640e+00 8.740609e+00 3.447556e+00 5.889019e+00
-9.906189e+00 9.768467e-01 4.748019e+00 1.098172e+00 2.192655e+00 -3.935853e+00 3.228592e+00 -5.170252e-01 7.030824e+00 9.431135e+00 1.742037e+00 6.477985e+00
-9.104391e+00 1.935992e+00 2.763231e+00 2.838480e+00 -1.022718e+00 -5.746553e+00 4.027101e+00 1.044228e+00 3.882329e+00 7.702854e+00 4.006267e+00 7.557169e+00
-9.155247e+00 8.541162e-01 3.396228e+00 9.528780e-01 4.133257e+00 -1.234062e+00 3.046416e+00 2.845469e+00 5.910140e+00 5.376203e+00 3.948592e+00 7.357794e+00
-8.789589e+00 7.369946e-01 2.865591e+00 8.475494e-02 1.085176e+00 -4.679086e+00 1.825408e+00 9.306778e-01 7.832417e+00 9.382717e+00 3.749872e+00 7.987767e+00
-9.390976e+00 2.741143e+00 4.203569e+00 1.507946e+00 2.244428e+00 -7.977744e+00 5.057133e+00 1.856983e+00 4.263498e+00 8.497826e+00 3.538265e+00 5.817719e+00
-7.962966e+00 2.326827e+00 5.104364e+00 3.475523e+00 4.228616e+00 -2.526924e+00 9.722042e+00 3.490670e+00 9.187225e+00 1.162721e+01 5.444505e+00 7.066498e+00
-8.401585e+00 3.301769e+00 2.875416e+00 3.700692e+00 4.295537e+00 -2.635341e+00 4.826051e+00 2.237481e+00 6.385306e+00 1.117413e+01 5.740571e+00 1.023115e+01
