6.453931e+00 -7.691731e+00 -9.722969e+00 -1.687669e+01 -8.775867e+00 5.750463e+00 -4.768089e+00 -9.940590e+00 -1.735274e+00 -2.547025e+00 -7.822137e+00 -5.239088e+00
6.413050e+00 -8.988482e+00 -1.088813e+01 -1.626352e+01 -1.034005e+01 5.718781e+00 -7.584472e+00 -9.284525e+00 -3.248509e+00 -4.782672e+00 -7.279594e+00 -8.227254e+00
6.881268e+00 -8.408630e+00 -1.073488e+01 -1.510015e+01 -7.758268e+00 6.900890e+00 -6.253790e+00 -7.684316e+00 -3.740666e+00 -4.748316e-01 -8.621623e+00 -6.426910e+00
5.679627e+00 -7.537305e+00 -1.069664e+01 -1.745566e+01 -1.129567e+01 6.644439e+00 -7.612274e+00 -1.148501e+01 -2.486376e+00 -3.749681e+00 -9.104140e+00 -6.353396e+00
3.589969e+00 -1.264024e+01 -7.819965e+00 -1.283103e+01 -1.964570e+00 6.970212e+00 -5.256906e+00 -4.094627e+00 -3.290908e+00 -1.245226e+00 -1.955386e+00 -1.178420e+01
7.335927e+00 -5.629103e+00 -7.088543e+00 -1.646075e+01 -6.887749e+00 8.694870e+00 -3.823182e+00 -5.212058e+00 -7.089219e-01 -2.524862e-01 -5.523795e+00 -2.900943e+00
7.506378e+00 -9.220644e+00 -9.022681e+00 -1.478682e+01 -5.673724e+00 6.473387e+00 -4.472896e+00 -7.532240e+00 -2.211626e+00 -5.346122e-01 -7.625204e+00 -5.965304e+00
3.741716e+00 -1.123463e+01 -8.512223e+00 -1.293972e+01 -3.581454e+00 6.157243e+00 -6.723347e+00 -4.148972e+00 -4.689620e+00 -1.758648e+00 -4.059305e+00 -1.092326e+01
5.195964e+00 -1.416249e+01 -8.700356e+00 -1.166928e+01 -1.910692e+00 6.757173e+00 -5.922046e+00 -1.092280e+00 -4.080828e+00 1.267196e+00 -3.632797e+00 -1.231584e+01
6.032938e+00 -9.306644e+00 -8.062500e+00 -1.348288e+01 -6.089994e+00 7.371292e+00 -4.687019e+00 -7.030792e+00 -1.963069e+00 -2.597723e-01 -7.169318e+00 -7.113835e+00
5.347204e+00 -8.685614e+00 -9.226172e+00 -1.204409e+01 -5.977900e+00 7.544650e+00 -4.940495e+00 -6.194820e+00 -1.970207e+00 -1.974890e+00 -4.586091e+00 -8.573440e+00
4.212941e+00 -9.669640e+00 -9.193004e+00 -1.259389e+01 -4.166152e+00 5.393885e+00 -5.599662e+00 -5.449946e+00 -3.397331e+00 -1.734943e+00 -5.996354e+00 -9.549886e+00
4.932459e+00 -8.872059e+00 -8.990753e+00 -1.240625e+01 -3.608131e+00 7.129198e+00 -6.214831e+00 -3.329770e+00 -4.023345e+00 3.035135e-01 -5.407782e+00 -8.227503e+00
6.868655e+00 -3.808971e+00 -8.575314e+00 -1.633932e+01 -8.788685e+00 7.152586e+00 -3.051248e+00 -7.574630e+00 3.290694e-01 -4.708013e+00 -5.558524e+00 -3.606521e+00
6.796150e+00 -2.817219e+00 -9.749442e+00 -1.674622e+01 -1.203841e+01 7.769691e+00 -5.858150e+00 -7.927698e+00 -2.895960e+00 -6.890559e+00 -8.416253e+00 -3.472648e+00
6.899328e+00 -2.800423e+00 -9.016820e+00 -1.837508e+01 -1.257646e+01 6.353788e+00 -6.197373e+00 -9.871414e+00 -1.920900e+00 -1.084231e+01 -8.448930e+00 -5.348309e+00
6.718396e+00 -2.839090e+00 -8.672122e+00 -2.038062e+01 -1.181560e+01 4.180897e+00 -9.043547e+00 -1.000124e+01 -3.088814e+00 -1.319814e+01 -9.656443e+00 -7.469020e+00
6.213393e+00 -1.408135e+00 -7.464913e+00 -2.132028e+01 -1.269526e+01 4.273796e+00 -1.042010e+01 -8.851704e+00 -4.072437e+00 -1.306650e+01 -1.163082e+01 -5.356210e+00
6.617424e+00 1.884539e-01 -6.360950e+00 -1.975933e+01 -1.134008e+01 4.997196e+00 -1.013604e+01 -5.945272e+00 -1.536621e+00 -1.250160e+01 -1.109449e+01 -2.909595e+00
1.025527e+01 6.124256e+00 -3.831707e+00 -1.696776e+01 -1.306318e+01 5.596408e+00 -1.053859e+01 1.838207e-02 2.883344e-01 -7.800646e+00 -4.190512e+00 -7.430556e-01
7.721733e+00 3.114821e+00 -4.399981e+00 -1.937289e+01 -1.177094e+01 6.974316e+00 -7.060298e+00 -3.540680e+00 -1.227252e+00 -1.231385e+01 -6.916948e+00 -7.668247e-01
8.631927e+00 4.000162e+00 -2.866725e+00 -2.009842e+01 -1.322105e+01 5.965778e+00 -9.319189e+00 -1.489017e+00 -3.273618e+00 -1.023704e+01 -6.139765e+00 -1.649785e-02
1.049495e+01 6.008720e+00 -4.344324e+00 -1.779198e+01 -1.553056e+01 1.689133e+00 -1.250770e+01 -1.015490e+00 -2.520305e+00 -8.386684e+00 -5.215442e+00 -4.929017e+00
9.928606e+00 8.132326e+00 -5.994763e+00 -1.866197e+01 -1.536083e+01 -9.958732e-01 -1.350079e+01 -2.706393e+00 -5.029621e+00 -1.116889e+01 -4.582073e+00 -8.750613e+00
1.126026e+01 8.928009e+00 -5.225018e+00 -1.755988e+01 -1.268587e+01 -1.608616e+00 -1.035248e+01 -7.315645e-01 -7.354599e+00 -1.170424e+01 -3.990310e+00 -6.757079e+00
5.085724e+00 -1.138556e+01 -7.659286e+00 -8.912073e+00 9.478478e-01 3.682665e+00 -4.479724e+00 -3.215127e+00 -3.683650e+00 2.822268e+00 -3.033703e+00 -6.140423e+00
1.125538e+01 9.905591e+00 -2.060804e+00 -1.223834e+01 -1.082869e+01 -3.532278e+00 -7.392794e+00 6.714506e+00 -3.665675e+00 -8.767603e+00 -3.459782e+00 -7.974969e+00
1.173333e+01 9.085673e+00 -3.010760e+00 -1.113500e+01 -1.011679e+01 -7.296760e+00 -7.597454e+00 5.051329e+00 -5.977692e+00 -1.051185e+01 -3.094571e+00 -1.155006e+01
1.142510e+01 7.524388e+00 -3.240861e+00 -1.027611e+01 -8.455846e+00 -8.847059e+00 -8.026802e+00 1.887403e+00 -1.166780e+01 -8.828197e+00 -1.802199e+00 -1.125532e+01
1.130522e+01 7.118247e+00 -4.375548e+00 -1.011333e+01 -8.152736e+00 -1.154600e+01 -9.049867e+00 -9.815245e-01 -1.253797e+01 -1.295638e+01 8.351569e-01 -7.178611e+00
1.232115e+01 5.129503e+00 -4.682194e+00 -1.449531e+01 -1.054474e+01 -9.430956e+00 -6.394885e+00 -1.434909e+00 -1.302722e+01 -8.290916e+00 1.360536e-02 -6.618242e+00
-5.302792e-01 -1.384211e+01 -4.428959e+00 -7.086351e+00 8.724999e+00 1.319794e+01 2.652780e+00 2.876758e+00 -5.118781e+00 1.072108e+00 -7.326007e-02 -2.882313e+00
6.810630e+00 3.507756e+00 4.002430e+00 -4.412712e+00 -5.538426e+00 -1.146902e+01 -3.957133e+00 -3.701407e+00 -8.589758e+00 -7.719549e+00 -2.327436e+00 -4.597591e+00
1.127778e+00 -9.872322e+00 4.724119e+00 1.050268e+00 9.113731e-01 -3.210695e+00 2.728923e+00 -1.507358e+00 -7.360529e+00 -4.652256e+00 7.645113e+00 -3.354985e+00
2.788032e+00 -9.177271e+00 4.741914e+00 -2.162170e-01 -1.115786e+00 -5.076810e+00 -5.288301e-01 -3.700450e+00 -9.750813e+00 -4.896758e+00 8.021328e+00 -4.794829e+00
6.346736e-01 1.141778e+00 1.116899e+01 -1.341083e+00 -1.089504e+00 -8.906515e+00 -3.666810e+00 -2.949142e+00 -4.483310e+00 -4.994049e+00 -1.328274e+00 -2.001590e+00
4.861045e-01 -3.166773e+00 4.590071e+00 6.828823e+00 6.890266e+00 -5.930645e+00 1.827860e+00 -5.151172e+00 -8.441153e+00 -5.409531e+00 1.483752e+00 -3.083427e-01
-1.856511e+00 -6.068743e+00 7.519544e+00 9.066328e+00 4.750931e+00 1.165118e+00 4.584181e+00 -3.397575e+00 -4.221324e+00 -2.000634e+00 1.145088e+00 4.085328e+00
2.046496e+00 1.098997e+00 1.083724e+01 1.251905e+01 4.942624e+00 3.126480e+00 4.686484e+00 1.813800e+00 6.924298e-01 2.512195e-01 2.233392e+00 3.403375e-01
-1.609140e+00 -4.056500e+00 5.599599e+00 4.491934e+00 4.773047e+00 1.080661e-01 5.555637e+00 -6.571503e-01 -1.979922e+00 1.437590e-01 8.059614e+00 3.645926e+00
-1.225456e+00 -4.516815e+00 6.622375e+00 7.100708e+00 7.622054e+00 -2.979155e-01 3.551076e+00 2.629626e+00 6.074069e-01 -2.981854e+00 1.046031e+00 4.074866e+00
-1.194291e+01 -9.472174e+00 8.139048e+00 1.157728e+01 1.585542e+00 -4.403337e+00 7.900252e-01 4.185359e+00 1.332489e+01 7.565192e+00 8.110688e+00 5.811245e+00
1.586504e-01 -4.914295e+00 6.539410e+00 8.256280e+00 7.012097e+00 4.032745e+00 3.330756e+00 6.290526e-01 4.611346e+00 6.132288e+00 3.665965e+00 3.842882e+00
3.366556e-01 -1.597081e+00 7.438912e+00 7.408279e+00 8.271022e-01 -2.714541e+00 6.388826e+00 5.048558e+00 4.742791e+00 8.589029e-01 5.665898e-01 -7.347326e-01
-5.392714e-01 -4.792507e+00 9.843318e-01 5.159583e+00 5.520132e+00 2.151824e+00 5.204774e+00 -3.452406e+00 -9.400916e-01 4.685173e+00 7.654217e+00 6.617179e+00
1.737028e+00 2.100455e+00 8.252853e+00 1.066842e+01 2.763703e+00 4.181640e+00 7.826590e+00 2.135046e+00 5.465187e+00 -1.780238e+00 1.894281e-01 7.499599e+00
-6.223321e-01 -3.738546e+00 4.131390e+00 7.092491e+00 4.785726e+00 4.698165e+00 7.004784e+00 -1.539658e+00 -1.426047e+00 1.066760e+01 8.315916e+00 9.338888e-01
2.621343e+00 2.689173e+00 7.141978e+00 9.692817e+00 4.019837e-01 -5.025861e-01 6.665334e+00 3.622763e+00 1.781062e+00 -2.470724e+00 -1.286450e+00 4.570823e+00
2.938364e+00 4.155305e+00 5.347349e+00 1.262414e+01 9.072505e+00 1.292263e+00 8.293522e+00 5.606974e+00 -3.905697e+00 -2.885152e+00 2.640057e+00 3.520147e+00
3.667270e+00 1.085558e+01 6.650984e+00 1.072697e+01 5.168706e+00 -8.635347e+00 4.168559e+00 2.923949e+00 5.432887e-01 3.548794e+00 4.658216e+00 3.962269e+00
-1.363632e+01 -1.962911e+00 2.851641e+00 7.008167e+00 5.055245e+00 -8.819098e+00 2.517571e-01 -1.067004e+01 9.999361e+00 1.483869e+01 -2.809799e+00 6.873112e+00
1.020298e-01 7.574794e+00 7.793717e+00 1.642446e+01 1.149840e+01 -2.332208e+00 2.950239e+00 7.247877e-01 -1.737180e+00 7.906237e-01 4.228319e+00 3.104819e+00
2.636406e+00 8.301412e+00 5.602472e+00 1.123634e+01 7.831400e+00 -5.261850e-01 3.475654e+00 -2.373712e+00 -2.168000e+00 5.279744e+00 2.911222e+00 2.678548e+00
1.400153e+00 6.015416e+00 7.311608e+00 1.459131e+01 6.341459e+00 -1.892376e+00 6.817756e+00 6.297768e+00 3.643805e+00 -2.630946e+00 1.489258e-01 3.336119e+00
-4.457521e-02 1.006045e+01 7.431193e+00 1.052058e+01 6.860574e+00 3.290573e+00 1.071537e+01 6.236920e+00 2.487982e+00 2.355229e+00 6.880949e+00 9.080294e+00
8.060308e-01 9.126665e+00 5.078881e+00 1.180980e+01 4.361486e+00 -3.956978e-01 4.917127e+00 3.691104e+00 -3.311415e-01 8.500320e+00 7.292587e+00 3.387843e+00
-1.168490e+01 -3.145356e+00 1.903470e+00 1.229910e+01 -2.341955e+00 -8.107357e+00 2.107660e+00 7.298396e+00 6.737075e+00 6.653882e+00 -6.711557e-01 1.747649e+00
-1.142843e+01 -7.715814e-01 3.269964e+00 1.142009e+01 -7.644281e-01 -2.829625e+00 5.689768e+00 7.169993e-01 5.881071e+00 7.447530e+00 4.509208e+00 5.244690e+00
-8.981405e+00 1.341605e+00 -1.106777e+00 9.335147e+00 4.247228e+00 -6.416988e+00 -2.069716e+00 6.532166e+00 7.946256e+00 5.196730e+00 7.449782e+00 7.067220e+00
-1.127302e+01 -1.515640e+00 4.722375e+00 8.414968e+00 5.943487e+00 -3.125571e+00 1.607126e+00 9.439500e+00 6.311164e+00 1.440291e+00 6.820697e+00 6.571003e+00
-8.370106e+00 1.893667e+00 2.439738e+00 9.884113e+00 8.160637e+00 -1.890621e-01 2.370264e+00 5.760917e+00 7.340817e+00 8.025976e+00 5.489865e+00 5.835142e+00
-8.741852e+00 1.167083e-01 -8.455377e-01 8.630320e+00 1.731518e+00 -4.720487e+00 4.481049e+00 9.503090e+00 4.925921e+00 7.409028e+00 4.983619e+00 7.573856e+00
-7.710672e+00 2.446910e+00 -2.662630e+00 7.219346e+00 6.610410e+00 -8.850837e-02 7.825657e+00 8.670504e+00 5.047534e+00 1.009314e+01 4.022145e+00 6.700038e+00
-1.103774e+01 -7.367805e-01 -1.676407e+00 1.270978e+01 4.453087e+00 -7.840782e+00 3.765601e+00 7.746976e+00 5.885979e+00 7.423211e+00 4.246117e+00 7.174973e+00
-1.144660e+01 -4.328878e+00 2.846148e+00 1.034005e+01 2.970924e+00 -4.362328e-01 4.289337e+00 4.699056e+00 9.422400e+00 7.226746e+00 7.840184e+00 5.815203e+00
-9.958559e+00 7.844789e-01 1.746889e+00 1.106342e+01 1.488184e+00 -5.534875e+00 4.631649e+00 4.804151e+00 3.615061e+00 7.223285e+00 4.388581e+00 3.589283e+00
-9.881552e+00 2.497519e+00 1.705161e+00 1.034021e+01 1.785707e-01 -5.733676e+00 3.554374e+00 2.965514e+00 4.088032e+00 9.480964e+00 3.828427e+00 5.948743e+00
-1.164708e+01 -1.114387e+00 -5.634353e-01 3.803863e+00 4.097857e+00 -6.924827e+00 2.964364e+00 -6.618961e+00 8.020525e+00 9.760621e+00 -1.242424e+00 4.255214e+00
-1.098505e+01 -6.000433e-01 -6.573777e-01 2.603333e+00 -4.770060e-01 -3.962684e+00 4.573687e+00 5.506539e-02 3.944917e+00 8.036283e+00 5.148731e+00 7.353272e+00
-9.327810e+00 1.961486e-01 -1.184091e+00 2.987140e+00 2.284622e+00 -2.317383e+00 1.248507e+00 2.014232e+00 -7.560251e-01 3.383063e+00 4.117553e+00 6.839768e+00
-1.144587e+01 -5.835704e-01 -1.630559e+00 8.863522e+00 1.598314e+00 -5.904151e+00 1.790544e+00 -1.348586e+00 5.297952e+00 8.821314e+00 3.372659e+00 6.418800e+00
-9.389389e+00 1.195347e+00 -2.270653e+00 6.032358e+00 1.283473e+00 -8.554277e+00 5.708665e+00 5.812734e+00 1.455832e+00 7.629409e+00 4.866510e+00 3.941349e+00
-9.664547e+00 1.597061e+00 -1.444947e+00 9.196550e+00 6.003772e+00 -4.411789e+00 3.029598e+00 6.576390e+00 7.145315e+00 6.678304e+00 3.623820e+00 4.135482e+00
-1.025821e+01 -3.128735e-01 -7.160184e-01 9.187008e+00 5.273642e+00 -4.536620e+00 -8.927202e-01 4.015941e+00 5.197279e+00 4.800238e+00 5.685953e+00 5.613442e+00
-1.013710e+01 -5.996909e-01 -1.502205e-01 7.426531e+00 4.567312e+00 -3.573946e+00 3.280115e+00 1.576655e-01 4.778360e+00 9.808813e+00 4.856105e+00 3.386599e+00
-2.003188e+00 7.644428e+00 5.444794e+00 9.506150e+00 9.429091e+00 3.530447e+00 6.548870e+00 3.710027e+00 4.917331e+00 -1.292591e+00 -5.868673e-03 5.861485e+00
-6.109591e-01 1.098616e+01 7.577660e+00 1.174946e+01 6.486168e+00 -3.931045e+00 4.142543e+00 -4.017572e-01 9.994836e-01 1.555128e+00 -6.374066e-01 3.058218e+00
-2.570773e+00 1.030044e+01 8.934415e+00 1.534802e+01 1.061301e+01 -1.969366e+00 2.346520e+00 5.618899e-01 -1.486957e+00 -6.156878e-01 8.610294e-01 8.065208e+00
-3.477229e+00 9.991236e+00 9.709994e+00 1.633634e+01 1.179562e+01 1.287986e+00 6.476130e+00 3.650028e+00 2.174337e-01 1.360250e-01 -2.708976e+00 3.741120e+00
-5.469484e+00 5.558864e+00 5.144228e+00 1.321476e+01 9.938890e+00 1.275776e+00 1.214621e+00 4.362862e+00 5.742988e+00 5.357270e+00 3.238149e-01 3.376252e+00
-3.475038e+00 8.747916e+00 5.683981e+00 1.229822e+01 1.284470e+01 4.176354e-01 5.079563e+00 4.378730e+00 3.786453e+00 2.011277e+00 -3.813219e-02 1.227884e+00
-5.432688e+00 8.584440e+00 6.251979e+00 1.273344e+01 1.030980e+01 3.061315e+00 9.410085e+00 5.227170e+00 4.494178e+00 5.125968e+00 2.496667e+00 3.451897e+00
-6.003130e+00 7.641500e+00 7.586977e+00 1.143109e+01 1.202552e+01 4.380152e+00 1.393852e+01 7.368768e+00 5.370494e+00 8.559004e+00 8.706223e+00 5.419505e+00
-6.228411e+00 6.422342e+00 5.602417e+00 1.340568e+01 1.216698e+01 1.465743e+00 1.062950e+01 9.021515e+00 7.160885e+00 1.779248e+00 2.631465e+00 1.157475e+00
-4.505457e+00 8.158760e+00 8.455709e+00 1.487698e+01 1.319106e+01 6.731606e-01 8.808913e+00 8.091604e+00 -5.241451e-01 3.672815e+00 1.128159e+00 5.182270e+00
