7.253917e+00 -7.615191e+00 -7.841558e+00 -1.585803e+01 -6.391952e+00 7.103428e+00 -4.938843e+00 -7.431945e+00 -3.926095e+00 -4.038394e+00 -4.995566e+00 -4.135586e+00
7.657486e+00 -1.384476e+01 -4.353921e+00 -1.458706e+01 -7.206131e+00 7.153859e+00 -2.903836e+00 -7.826475e+00 -6.993518e+00 -3.274918e-03 -7.198781e+00 -4.980322e+00
9.172649e+00 -6.026173e+00 -7.704662e+00 -1.511084e+01 -5.023005e+00 5.895981e+00 -2.886654e+00 -5.241049e+00 -4.394409e+00 -1.377528e+00 -4.337669e+00 -1.917250e+00
7.162118e+00 -7.793754e+00 -7.323841e+00 -1.392720e+01 -6.922708e+00 8.680994e+00 -3.479422e+00 -7.482297e+00 -3.470545e+00 -3.208850e+00 -4.155581e+00 -4.391476e+00
8.788868e+00 -5.217303e+00 -8.879783e+00 -1.605087e+01 -8.124262e+00 7.050746e+00 -3.263073e+00 -7.014358e+00 -5.138612e+00 -1.457318e+00 -4.866995e+00 -1.834868e+00
8.012987e+00 -1.218790e+01 -5.439689e+00 -1.385110e+01 -6.208186e+00 6.482421e+00 -3.612340e+00 -5.899097e+00 -8.894148e+00 1.712819e+00 -8.359945e+00 -5.507795e+00
7.946993e+00 -9.039837e+00 -7.059063e+00 -1.346641e+01 -4.559967e+00 5.654300e+00 -2.261818e+00 -7.856414e+00 -5.506902e+00 3.356454e-01 -7.347241e+00 -2.638639e+00
8.164690e+00 -4.544969e+00 -7.339734e+00 -1.494209e+01 -1.054257e+01 5.500644e+00 -2.652954e+00 -6.865534e+00 -7.813942e+00 -9.008825e-01 -7.389791e+00 -2.062151e+00
7.000458e+00 -1.419015e+01 -5.294292e+00 -8.592197e+00 -4.615128e+00 4.047518e+00 -2.825218e+00 -5.968771e+00 -1.987860e+00 2.584599e+00 -4.756139e+00 -1.070770e+01
8.893660e+00 -2.387302e+00 -6.830520e+00 -1.331765e+01 -9.342239e+00 6.838931e+00 -5.031800e-01 -5.511018e+00 -3.380133e+00 -3.364674e+00 -3.327182e+00 -1.827655e+00
6.911507e+00 -1.310262e+01 -4.410347e+00 -9.855654e+00 -4.326302e+00 5.147451e+00 -1.862391e+00 -6.998781e+00 -1.442242e-01 1.368399e-01 -4.587146e+00 -8.907488e+00
8.458231e+00 -2.238390e+00 -6.011302e+00 -1.801727e+01 -1.070057e+01 7.342123e+00 -3.217909e+00 -8.832947e+00 -5.960024e-01 -8.690589e+00 -7.031033e+00 -1.037874e+00
7.922743e+00 -1.147552e+01 -5.838348e+00 -1.091606e+01 -4.926937e+00 5.425720e+00 -2.305228e+00 -4.735702e+00 -6.656110e+00 3.835508e+00 -8.483545e+00 -5.642441e+00
7.530710e+00 -1.242176e+00 -5.120224e+00 -1.897904e+01 -1.308479e+01 7.031914e+00 -5.625502e+00 -6.595344e+00 -4.703888e+00 -8.615442e+00 -1.017684e+01 -1.475628e+00
7.487793e+00 3.622352e-01 -4.267655e+00 -1.940919e+01 -1.127236e+01 3.801902e+00 -3.343887e+00 -6.947905e+00 -2.312026e+00 -1.144172e+01 -8.871937e+00 -2.607007e+00
1.086256e+01 5.862136e+00 -2.761368e+00 -1.975028e+01 -1.678738e+01 4.317691e+00 -9.330945e+00 -6.154685e+00 9.337966e-01 -1.173684e+01 -5.808208e+00 -2.807727e+00
8.856974e+00 1.619341e+00 -5.307563e+00 -1.975760e+01 -1.178428e+01 7.991111e+00 -3.746282e+00 -7.440490e+00 -2.378722e+00 -1.252044e+01 -8.292799e+00 -1.275357e+00
8.642801e+00 1.505452e+00 -5.130789e+00 -2.145107e+01 -1.609025e+01 4.036248e+00 -8.050546e+00 -6.068509e+00 -6.233900e+00 -1.484095e+01 -1.252323e+01 -1.656847e+00
1.026051e+01 5.942524e+00 5.024714e-01 -1.884822e+01 -1.568339e+01 7.908940e-02 -1.191361e+01 -4.777118e+00 2.252003e+00 -1.047222e+01 -7.844157e+00 -3.390743e+00
8.028062e+00 1.297718e+00 -3.371721e+00 -2.102440e+01 -1.443004e+01 6.987411e+00 -6.250052e+00 -6.082930e+00 -4.466119e+00 -1.629521e+01 -8.377010e+00 -2.927811e+00
1.006221e+01 5.365835e+00 -4.470675e+00 -2.119080e+01 -1.678593e+01 3.838041e+00 -7.760053e+00 -6.682074e+00 -1.153436e+00 -1.565752e+01 -7.425198e+00 -3.089895e+00
1.062266e+01 1.012028e+01 2.224382e+00 -1.660336e+01 -1.780720e+01 3.584042e+00 -1.095320e+01 -2.126158e+00 3.212755e+00 -1.025896e+01 -4.877573e+00 -2.614260e+00
9.949060e+00 8.552568e+00 2.061571e-01 -1.497501e+01 -1.641315e+01 -1.576048e+00 -1.336935e+01 -3.302611e+00 5.297520e-01 -9.979440e+00 -7.265182e+00 -5.984531e+00
1.000334e+01 9.738569e+00 -2.630680e-01 -1.536624e+01 -1.540497e+01 -1.608263e+00 -1.582592e+01 -3.665213e+00 1.143712e+00 -9.177428e+00 -9.118715e+00 -6.701706e+00
1.201069e+01 1.088300e+01 9.639485e-01 -1.422487e+01 -1.206877e+01 8.894701e-01 -1.441350e+01 -2.364571e+00 4.929160e+00 -6.940143e+00 -3.105581e+00 -5.864912e+00
6.927298e+00 -9.604837e+00 -5.707473e+00 -6.870406e+00 -1.655252e+00 4.990047e+00 -8.726921e-01 -7.563395e+00 -4.552283e-01 -2.343342e-01 -4.847864e+00 -6.197740e+00
1.167898e+01 8.965979e+00 1.313262e+00 -1.595233e+01 -1.179331e+01 -4.623243e+00 -1.478820e+01 -2.874325e+00 -2.271753e+00 -4.194592e+00 -1.180879e+00 -1.111452e+01
1.207923e+01 6.881269e+00 -3.473483e-01 -1.357948e+01 -1.230462e+01 -9.621501e+00 -1.395246e+01 -4.745571e+00 -4.055014e+00 -5.634089e+00 -5.417742e+00 -8.162151e+00
1.302802e+01 5.673178e+00 -2.569382e+00 -1.116666e+01 -9.879694e+00 -1.357720e+01 -3.417929e+00 -2.433730e+00 -1.066612e+01 -4.135406e+00 -3.738540e+00 -3.517707e+00
-5.267470e+00 -1.426247e+01 -4.543085e-01 -2.640339e+00 9.640572e+00 9.420511e+00 -1.825446e+00 -3.764107e+00 9.496202e+00 1.861880e+00 -5.665193e+00 -3.647250e+00
7.386895e+00 3.804723e+00 3.656121e+00 -6.361435e+00 -6.185019e+00 -1.084478e+01 -1.327581e-01 -1.196102e+00 -9.554975e+00 -2.754547e+00 -3.229446e+00 -7.418594e+00
4.750118e-01 -3.880891e+00 4.115918e+00 1.509366e+00 7.949972e-01 -5.701220e+00 3.258503e+00 -5.539848e+00 -1.008067e+01 -5.772065e+00 4.932198e+00 -4.158993e+00
3.720664e+00 -5.086554e+00 5.553949e+00 8.994775e-01 3.289329e+00 -3.363323e+00 -2.329698e-01 -3.267654e+00 -2.134284e+00 -4.938384e+00 9.271957e+00 -7.759472e-01
-1.024239e+01 -6.005966e+00 -6.221394e+00 3.137604e+00 3.255408e+00 -1.066433e+01 -1.209696e+00 2.490015e+00 5.693834e-01 -3.082683e+00 2.277822e+00 3.376236e+00
-1.474397e+01 -8.225061e+00 3.674376e+00 4.660125e+00 9.327335e+00 6.880650e+00 -3.743082e+00 2.359875e+00 2.042122e+01 4.562280e+00 2.456550e+00 -3.177060e+00
-1.071197e+01 -1.807341e+00 -5.489663e+00 1.523329e+01 2.487988e+00 -1.248182e+01 -6.166990e+00 7.467104e+00 6.856936e+00 -3.189265e+00 -1.199402e+00 9.505367e-02
-1.525304e+01 -7.184102e+00 3.141567e+00 4.953871e+00 1.072741e+01 1.020133e+01 -1.595841e+00 -5.006076e+00 1.966868e+01 5.927433e+00 2.925606e+00 -2.631025e+00
7.018504e+00 -2.972061e+00 -1.480307e+00 -4.679217e-01 -5.575869e+00 1.949559e+00 -1.220858e+00 -1.232893e+00 1.019595e+00 -4.773327e+00 4.550207e+00 6.113923e+00
-1.346471e+01 3.423238e-01 -2.807623e-01 1.472880e+01 2.515200e+00 -9.941341e+00 -6.057795e+00 6.573848e+00 4.635098e+00 -6.363624e+00 -4.204179e+00 3.736973e+00
3.301920e+00 -3.340075e+00 5.437991e+00 7.134910e+00 4.934394e+00 3.691313e+00 2.361837e+00 -3.001966e+00 -6.201365e+00 -8.340924e-01 3.263917e+00 4.531728e+00
-9.104597e+00 -9.996941e+00 -1.151771e+00 4.465680e+00 2.336325e+00 2.430337e+00 7.798066e-01 2.479455e+00 4.146305e+00 3.429104e+00 -2.135690e+00 -2.234275e+00
5.122788e+00 5.087056e+00 7.826950e+00 1.172655e+01 5.545434e+00 -1.201233e+00 3.072223e+00 2.854818e+00 2.338060e+00 3.562793e+00 7.113348e+00 8.272268e+00
-1.333604e+01 -8.656879e+00 -2.930593e-02 5.392556e+00 7.047874e+00 -9.533944e-01 1.045413e+01 1.335297e+00 9.983358e+00 2.678084e-02 -3.976811e+00 3.293155e+00
2.933105e+00 -3.549808e+00 5.736380e+00 1.027716e+01 6.003129e+00 8.154418e-01 8.309455e+00 3.584265e+00 -5.945370e-01 8.888919e-01 5.272945e+00 4.514640e+00
5.155526e+00 9.963058e+00 6.792231e+00 1.142983e+01 5.175478e+00 -4.164488e+00 5.226659e+00 3.086576e+00 1.868797e+00 2.293420e+00 8.186436e-01 -3.529088e+00
5.130374e+00 3.554996e+00 -1.302457e+00 -2.236004e-01 -1.394807e+00 3.754634e+00 2.107372e+00 -2.959077e+00 -1.288384e+00 -1.018633e+01 2.094709e+00 7.418292e+00
6.402023e+00 1.262994e+01 4.431038e+00 6.899337e+00 4.537762e+00 -2.724780e+00 6.922174e+00 4.477918e+00 8.324020e-01 1.728766e+00 2.200627e+00 3.510524e+00
4.061149e+00 4.068202e+00 9.679376e+00 1.053251e+01 4.646932e+00 -1.973567e+00 1.478209e+00 8.003593e+00 2.070395e+00 1.667608e+00 9.103497e+00 5.464898e+00
-9.403311e+00 1.214217e+00 -4.210015e+00 5.695660e+00 2.416736e+00 -3.797339e+00 -1.600672e+00 3.413383e+00 -1.963023e+00 -4.254916e-01 -1.824455e+00 2.390808e+00
6.124556e+00 5.760179e+00 3.612924e+00 1.111213e+01 7.776617e+00 1.476616e+00 5.199223e+00 1.861726e+00 -3.446714e+00 4.928110e+00 5.651496e+00 4.843301e+00
1.662343e+00 -1.354435e+00 7.006622e+00 9.779246e+00 1.037071e+01 5.010080e+00 5.762486e+00 2.764464e+00 -3.308861e+00 -5.694771e-02 3.652125e+00 3.954377e+00
1.993629e+00 -3.661241e+00 3.548349e+00 6.596035e+00 8.412891e+00 6.175411e+00 6.325119e+00 -9.911113e-01 -2.175734e+00 1.693716e+00 4.264246e+00 5.667787e+00
-4.282274e-01 -2.596608e+00 8.510329e+00 8.578833e+00 1.013532e+01 4.915526e+00 8.887181e+00 8.803982e+00 -4.099160e+00 -1.583661e+00 4.731184e+00 2.798121e+00
5.240539e+00 5.719747e+00 3.090078e+00 1.085347e+01 6.052658e+00 -1.144761e+00 3.873166e+00 -1.291241e+00 -5.432614e+00 4.503087e+00 7.322346e+00 4.016668e+00
4.039645e-01 -1.322961e+00 7.195774e+00 9.308317e+00 1.133187e+01 7.257386e+00 6.735759e+00 6.595046e+00 1.842764e+00 -6.670678e-01 -3.521933e+00 6.025183e+00
2.309475e-01 -1.924366e+00 7.529298e+00 1.130310e+01 1.010147e+01 6.781871e+00 6.998845e+00 -1.836266e+00 1.758538e-01 1.813029e+00 -1.015504e+00 4.896783e+00
6.040516e-01 -7.224198e-01 1.042095e+01 9.233162e+00 7.958479e+00 6.288928e+00 5.276952e+00 5.240762e+00 -3.259977e+00 -4.915975e+00 -4.272103e-01 -8.703291e-01
1.003512e+00 -7.151538e-01 7.841682e+00 8.973690e+00 6.763445e+00 5.789622e+00 5.357957e+00 -1.441565e+00 -1.774025e+00 -2.221763e+00 5.737986e+00 3.994483e+00
-5.943154e+00 -1.203406e+01 -6.836736e+00 8.507299e+00 2.674440e+00 -6.968319e+00 2.673206e-01 -1.860166e+01 -2.000756e+00 6.980056e+00 -4.379074e+00 -8.521130e+00
5.151557e+00 1.129622e+01 3.760619e+00 1.128834e+01 4.092955e+00 -2.842541e+00 5.958037e+00 2.328952e+00 -1.360910e+00 5.715144e-01 6.017876e+00 6.200247e+00
-3.487711e-01 -2.488094e+00 8.769162e+00 8.147367e+00 6.355348e+00 6.857046e+00 6.831493e+00 5.804444e+00 -1.180434e+00 -4.257436e+00 -6.901207e-01 3.195165e+00
9.452982e-01 -3.166582e+00 5.048118e+00 1.060240e+01 6.304285e+00 -9.594562e-01 5.416336e-01 3.343252e+00 -1.573496e+00 -3.814179e+00 -1.591867e+00 2.045942e+00
2.828877e+00 1.147861e+01 4.277694e+00 1.224531e+01 1.053849e+01 2.401325e+00 1.140873e+01 8.061703e+00 9.209023e-01 3.343753e+00 2.042231e+00 3.567625e+00
4.530896e+00 1.195254e+01 1.768736e+00 8.044639e+00 3.428031e+00 -4.070250e+00 4.319612e+00 3.996612e+00 4.236097e+00 9.564919e+00 6.382135e+00 5.680580e+00
-6.992158e+00 -9.202327e+00 -5.038085e+00 1.034639e+01 6.110099e+00 -8.248730e+00 -8.016655e+00 -1.599322e+01 -2.213214e+00 7.580624e+00 -4.927031e+00 -8.643516e+00
2.116882e+00 1.332790e+01 8.202763e+00 9.990059e+00 5.648300e+00 -2.055948e+00 5.690173e+00 5.409527e+00 -1.968367e+00 -1.303533e+00 5.040785e+00 6.316667e+00
-9.064648e+00 -9.759959e-01 -6.123205e+00 9.613246e+00 8.014259e+00 1.791051e+00 2.517366e+00 8.201005e+00 4.713436e+00 7.218990e-01 -1.047944e+00 -2.551970e-01
-1.085555e+01 -5.497670e+00 3.277111e+00 7.548732e+00 1.140967e+01 -2.998891e-01 6.889236e+00 7.566860e+00 7.325549e+00 5.217312e+00 7.175970e-02 3.255508e+00
-9.971342e+00 2.779622e+00 -2.464992e+00 7.246679e+00 -2.038479e-02 -5.656807e+00 -5.683979e+00 2.015625e+00 5.984761e-01 2.837384e+00 2.452678e+00 3.960150e+00
-1.194197e+01 -3.564480e+00 -1.166379e+00 4.298065e+00 9.023792e+00 -4.044361e-01 1.413345e-01 3.161675e+00 4.923752e+00 3.817483e+00 -3.971125e+00 -1.666910e+00
-1.213615e+01 -2.127450e+00 -1.031873e+00 5.358038e+00 4.404103e+00 -2.942886e+00 -2.106287e+00 3.268313e-02 9.112066e+00 9.457253e+00 4.863703e-01 -3.877304e+00
-3.277183e-01 1.049743e+01 7.918293e+00 1.224647e+01 4.433098e+00 -2.128336e+00 8.027029e-01 2.026272e-01 1.930576e+00 5.535803e+00 1.440995e+00 3.475235e-01
-4.628177e-01 1.072096e+01 6.126177e+00 8.457726e+00 4.114002e+00 2.306466e-01 1.208877e+01 7.475377e+00 1.651028e+00 5.975277e+00 1.142518e+01 5.490872e+00
-6.012955e-01 1.020443e+01 4.983089e+00 1.179066e+01 7.716131e+00 -1.269424e+00 3.687392e+00 2.512813e+00 -2.504143e+00 6.888006e-01 5.073862e+00 -1.684283e+00
-7.930041e+00 1.720297e+00 -1.666833e+00 7.358215e+00 4.006655e+00 -2.452585e+00 3.196888e+00 1.071518e+01 1.905396e+00 9.747190e+00 2.428534e+00 3.127725e+00
-1.617075e+00 9.414667e+00 5.305733e+00 9.772700e+00 4.871550e+00 -3.681285e+00 9.307340e+00 9.905457e+00 -1.263016e+00 2.760986e+00 5.393898e+00 -3.135773e+00
-8.455368e+00 3.581311e+00 -8.936763e-03 6.857106e+00 2.803861e+00 -8.409879e-01 5.396090e+00 7.365768e+00 1.013840e+00 6.283183e+00 7.964703e+00 3.562787e+00
-1.043631e+01 1.742241e+00 1.568940e-01 9.196226e+00 1.738517e+00 -6.247870e+00 2.007637e+00 5.278919e+00 8.805686e-01 8.884200e+00 2.830378e+00 -4.336228e-01
-6.288524e-01 5.385693e+00 1.573157e+00 6.344102e+00 7.028502e+00 -2.709461e+00 5.181526e+00 7.104374e+00 2.059794e-01 2.796746e+00 2.072537e+00 1.210128e+00
-1.037107e+01 8.046706e-01 -1.362984e+00 5.718534e+00 1.996686e+00 -5.677981e+00 4.943441e+00 4.433017e+00 -4.817404e-01 9.777402e+00 5.368401e+00 -5.880675e-01
-1.000312e+01 -1.135722e+00 -3.296179e+00 5.224126e+00 1.991600e+00 -6.348806e+00 1.293161e+00 -7.582450e-02 -1.952594e+00 6.121602e+00 2.036573e+00 -6.942375e-01
-1.087608e+01 1.227708e+00 1.038336e-01 7.712826e+00 7.494357e+00 -2.366934e+00 7.355356e-02 4.879216e+00 4.447538e+00 6.061895e+00 9.165945e+00 6.793334e+00
-9.708603e+00 1.245585e+00 -1.131393e+00 6.883930e+00 4.036510e+00 -7.238069e+00 1.727546e+00 3.840523e-01 -1.853725e-01 5.389490e+00 3.177275e+00 7.745011e-01
-1.004848e+01 1.741740e+00 -6.106100e-01 5.981951e+00 5.995209e+00 -2.528930e+00 6.841695e+00 8.303328e+00 2.201244e+00 9.912006e+00 8.617868e+00 2.056493e+00
-9.193821e+00 1.269600e+00 -1.384419e+00 5.986167e+00 4.733963e+00 -3.319715e+00 2.816767e+00 5.383182e+00 5.540940e+00 9.341414e+00 7.844230e+00 6.277041e+00
-1.005103e+01 4.881278e-01 2.772754e-01 5.307672e+00 2.954405e+00 -3.001568e+00 4.681788e+00 3.254827e+00 4.433585e+00 9.158953e+00 8.633160e+00 2.151458e+00
-1.054938e+01 2.688904e-01 1.826392e-01 5.141067e+00 1.423244e+00 -2.600194e+00 3.021487e+00 6.529479e+00 1.964698e+00 6.359760e+00 7.477629e+00 8.668984e+00
-1.051133e+01 1.292343e+00 -1.699073e+00 2.092160e+00 1.185002e-01 -5.192132e+00 2.046678e+00 3.066893e+00 -5.378992e-01 7.071844e+00 4.285834e+00 4.448554e+00
-1.236787e+01 -9.615607e-01 -3.281357e+00 -1.554246e-01 -3.030159e+00 -1.019857e+01 -1.017922e+00 1.737415e+00 7.946612e-01 3.113219e+00 2.700185e+00 3.433723e+00
-1.213170e+01 -2.398757e+00 -3.213773e+00 1.531340e+00 -3.976841e-01 -7.739782e+00 -2.994719e+00 3.443739e+00 5.728388e+00 8.569590e+00 2.483484e+00 -2.439552e+00
-9.207359e+00 1.944381e+00 -2.785545e+00 2.317240e+00 4.210637e+00 -2.853089e+00 6.010691e+00 8.383216e+00 1.703618e+00 7.476609e+00 4.943696e+00 4.195743e+00
-1.056898e+01 -8.988941e-02 2.009082e-02 3.327987e+00 1.513109e-01 -6.273773e+00 4.181220e+00 2.531218e+00 -1.006160e+00 5.753459e+00 7.543330e+00 4.947103e+00
-9.664419e+00 2.119298e+00 1.603164e+00 1.059064e+01 5.331007e+00 -4.908984e+00 1.674277e+00 7.483065e+00 5.982572e+00 1.952696e+00 6.472096e+00 4.738883e+00
