-3.250915e+00 -4.157585e-01 1.338611e+00 -3.174661e+00 3.179091e+00 -5.881131e-01 -4.551843e-01 8.937270e-01 -1.700557e+00 -8.270236e-01 -8.421752e-01 -2.274823e-01
-3.860368e+00 1.426950e+00 1.937875e-01 -2.314989e+00 2.270869e+00 -9.867012e-01 8.949892e-02 -4.386797e-01 -2.543404e+00 -2.627012e+00 -1.218418e+00 6.361896e-01
-2.847003e+00 1.348159e+00 -9.326998e-01 -4.248827e-01 -7.547869e-01 -1.334554e+00 6.753076e-01 4.625504e-01 -1.882663e+00 -2.317328e+00 -2.056424e+00 -7.123154e-01
-2.194002e+00 -1.764267e+00 1.254207e+00 -3.163604e+00 1.036785e+00 -2.040582e+00 -2.584468e+00 3.316019e-01 -1.227346e+00 -1.365797e-01 -2.638386e-01 9.880016e-02
-6.624508e-02 -2.039965e+00 -1.668616e+00 -2.813267e+00 4.965627e-01 -1.058603e+00 -4.024714e+00 -2.928730e+00 -2.241835e+00 1.774349e+00 -1.303105e+00 -6.281257e-03
2.667742e-01 -4.098653e+00 -4.542624e+00 -3.465162e+00 -3.585361e-01 -3.966692e-01 -4.074121e+00 -2.504950e+00 -2.142190e+00 2.406216e+00 -1.628117e+00 -9.832903e-01
-3.421723e+00 5.385687e-01 2.975191e+00 -4.411506e-01 9.874747e-01 -1.394446e+00 -3.582643e-01 -7.155373e-01 2.993765e-01 6.315840e-01 1.849402e+00 8.528782e-01
-5.088566e+00 1.069883e+00 4.201379e+00 3.106767e-01 1.538635e-01 -1.458240e+00 1.529301e+00 1.824297e+00 2.779279e+00 -1.273915e+00 1.580600e+00 6.047705e-01
7.064739e-01 -5.020674e+00 -5.114041e+00 -3.155831e+00 1.427203e+00 1.487189e+00 -3.019081e+00 -1.716544e+00 -1.113815e+00 1.401298e+00 -5.839275e-01 -1.375899e+00
-1.673558e+00 1.221179e+00 -9.668009e-01 5.449835e-01 -2.179729e+00 -2.070642e-01 1.509362e+00 6.134862e-01 -1.328486e+00 -1.043132e+00 -1.900442e+00 -7.071199e-02
-5.053479e+00 9.129291e-01 3.528607e+00 -5.901043e-01 -1.687294e+00 -1.123512e+00 2.491088e+00 2.460933e+00 3.795507e+00 -2.826466e+00 -1.921147e-03 7.841092e-01
-7.254940e-01 -1.574294e+00 6.848311e-01 -9.596933e-01 1.248208e-01 -1.937876e+00 -2.949877e+00 -1.601029e-01 6.674471e-02 -1.319296e-01 -1.077632e+00 1.652895e-01
-1.360997e+00 1.134882e-01 -8.189432e-01 3.490444e-01 -2.476243e+00 6.498773e-01 7.280230e-01 -1.806326e-01 -9.781731e-01 3.564776e-01 1.389428e+00 1.347649e+00
4.614893e+00 -4.484031e+00 -1.445701e+00 2.256081e+00 -4.631270e+00 -1.233148e+00 5.684149e-01 -7.449222e-01 -1.393646e-02 4.308263e+00 -1.414510e+00 8.590061e-01
-4.435252e+00 1.112943e+00 2.111464e+00 2.068444e-01 -2.221264e+00 -1.209105e+00 2.560594e+00 2.438854e+00 1.930874e+00 -2.394988e+00 -2.140776e+00 9.151518e-01
9.338117e-01 -2.534783e+00 -6.665247e-01 -2.604300e-01 -3.546538e+00 2.700548e-01 9.081157e-01 3.252924e+00 1.389984e+00 1.641214e+00 -1.491065e+00 -2.613208e-01
-2.866513e-01 -2.923268e+00 -3.523219e+00 -1.999887e+00 1.820869e+00 3.420824e+00 2.933715e-01 -1.102539e+00 -1.568151e+00 1.371602e+00 8.548517e-01 -8.241533e-01
-7.764751e-01 7.270813e-04 -4.538983e-01 6.847347e-01 2.813475e-01 1.641808e+00 1.227030e-01 -5.873967e-01 -8.221459e-01 4.100857e-01 1.570245e+00 2.621277e-01
-2.939652e-01 1.033658e+00 -3.405005e-01 1.161361e+00 4.961092e-01 1.041617e+00 -7.252856e-01 -1.185874e+00 -1.187765e+00 -1.862955e-02 1.551486e+00 2.358708e-01
-2.738937e-01 3.585077e-01 -4.026046e-01 2.362439e-01 5.352273e-01 1.171061e+00 -8.271602e-01 9.402738e-02 1.402813e+00 1.611666e-01 1.109482e+00 -9.545811e-01
-1.976924e+00 -2.285969e-01 3.996743e+00 4.074614e-02 1.756271e-01 1.557519e+00 -1.369981e+00 -1.978072e+00 -6.084285e-01 -1.226268e+00 -3.938118e-01 8.940865e-01
1.685607e+00 1.031763e-01 -8.570646e-01 -4.133881e-01 -2.502389e+00 -3.282216e+00 -8.280728e-01 -2.415024e+00 -2.168745e+00 1.815447e+00 8.184875e-01 1.593819e+00
-1.659325e+00 1.192923e+00 1.318335e-01 -1.128594e+00 -1.133517e+00 -4.171146e-01 1.367006e+00 1.535380e+00 -6.895475e-02 -1.697678e+00 -2.563111e+00 1.695074e+00
-9.821043e-02 -9.045436e-01 -8.590673e-01 4.011966e-01 1.522048e+00 1.082391e+00 -1.840794e-01 1.491770e+00 1.779554e+00 2.780069e-01 -2.916819e+00 -2.032157e+00
8.449912e+00 -4.404212e+00 -4.506769e-01 4.873335e+00 -3.094267e+00 -2.092076e+00 -2.420276e-01 -3.477134e+00 -1.789343e+00 5.506001e+00 -9.357460e-01 1.270722e-01
-6.917279e-01 -1.507058e+00 -1.584092e+00 -5.638261e-01 2.701798e+00 4.308486e-01 4.929291e-01 -6.878238e-01 1.304650e-01 4.529158e-01 2.909574e-02 -4.950989e-01
8.797640e-01 -4.120628e-01 -1.246797e+00 6.751098e-02 -5.347425e-01 -1.678349e+00 -1.084182e+00 -1.947511e+00 -9.608666e-01 1.497442e-01 -2.459883e-01 -5.220015e-01
-1.412945e+00 9.157284e-01 4.164150e+00 1.622676e+00 1.619277e+00 1.276978e+00 -2.592146e+00 -2.360912e+00 1.483981e-01 4.114661e-01 -5.066490e-02 1.014894e+00
-3.383425e-01 -1.629251e+00 -2.021813e+00 -1.816016e-01 1.649420e+00 8.784902e-03 -1.056058e+00 -3.000046e+00 -1.011885e+00 -6.733043e-01 -5.029137e-01 -2.001594e+00
1.820775e-01 -1.327588e+00 1.085888e-01 -7.732930e-01 -1.694228e-01 -5.086594e-01 -3.345810e-01 3.981000e+00 1.434673e+00 -5.612723e-01 -7.862840e-02 -1.230066e+00
1.014542e+00 2.601539e-01 -4.028873e-01 -1.587690e+00 -6.422967e-01 -5.244012e-01 -1.524213e+00 1.468457e+00 2.398691e+00 -3.352457e-01 -8.429421e-01 -9.737989e-01
-4.312447e-01 1.037194e+00 6.071714e-01 -7.037605e-01 -2.876349e-01 1.058490e+00 1.245230e+00 4.706744e-01 -9.742424e-01 5.932510e-01 -2.660294e-01 1.461329e-01
-2.451956e-01 2.896650e-01 -1.875957e-01 -7.488326e-01 2.958360e-01 2.028728e-02 -1.004266e+00 -5.297108e-01 9.994370e-01 8.436864e-01 1.815639e+00 1.699965e+00
-1.431868e-01 7.273925e-01 -8.976372e-01 -5.503745e-01 1.480706e-02 -3.876948e-01 3.119572e-01 -4.100413e-01 -1.269548e+00 -3.327262e-01 2.345300e-01 2.217565e-01
-6.574621e-01 -3.186079e-01 -1.101713e+00 -1.194409e+00 -1.970853e+00 2.875199e-01 1.164343e+00 1.441873e-01 -1.370858e+00 -8.917471e-01 -8.352111e-01 -2.501309e-01
-7.296854e-01 -3.279756e-01 -1.253265e+00 -1.810992e+00 -1.861897e+00 2.190055e-01 6.968746e-01 -1.325531e-01 -7.202733e-01 -8.586739e-01 1.096881e-01 5.247430e-01
-5.443346e-01 1.785499e-01 -8.898789e-01 -1.720343e+00 -1.504691e+00 3.599681e-01 -4.149042e-02 -1.019344e+00 -2.784848e-01 -4.113118e-01 5.677778e-01 9.843426e-01
-1.624535e-01 1.669806e-01 -6.591316e-01 -7.580847e-01 -9.472445e-01 -1.341165e+00 -6.100758e-01 -1.009166e+00 9.023016e-01 9.772292e-01 -4.846907e-01 -1.519677e+00
8.762398e-02 -1.617536e-01 6.981261e-01 7.270867e-03 4.951680e-01 -1.928372e-01 -1.640249e+00 6.290808e-01 1.289191e+00 1.694678e+00 1.446432e+00 2.535232e-01
-2.002107e-01 5.335696e-02 8.416532e-01 6.830325e-01 1.102978e+00 -6.316148e-01 -8.478187e-01 8.242391e-01 5.190376e-01 -2.297095e-01 4.840319e-01 -3.024032e-01
3.248076e-01 7.219960e-01 7.552862e-01 1.789369e+00 -9.977846e-01 -1.527173e+00 -6.449329e-01 8.645967e-01 1.052754e+00 -1.157157e+00 -6.708425e-01 9.656167e-02
2.126411e-01 -3.445949e-01 3.757315e-01 7.706587e-01 5.698258e-01 1.682674e-01 -3.927076e-01 1.166994e+00 -7.574484e-01 3.119916e-01 -3.605290e-01 -4.586624e-01
-2.307730e-01 2.114754e-02 5.022093e-01 -5.436401e-01 6.939355e-01 5.115311e-01 -6.978139e-01 4.161920e-01 1.334547e+00 6.019974e-01 5.937723e-01 2.707429e-02
3.525314e-02 3.454217e-01 -4.026916e-01 -8.457884e-01 -4.160887e-01 1.426849e+00 -1.417089e-01 -2.790026e-01 -4.020784e-01 8.688917e-01 1.735439e+00 1.741649e+00
3.757868e-01 -3.570704e-01 -2.618069e-01 8.134095e-01 1.435724e+00 1.135623e+00 8.740899e-01 8.662230e-01 -1.066320e+00 5.210488e-01 1.072850e+00 9.508231e-01
1.712452e-01 -5.081720e-01 -1.862853e+00 -1.784814e+00 -6.311601e-01 -2.126917e+00 -7.619675e-01 8.020107e-01 1.160922e-01 1.130286e+00 1.158159e+00 -1.820292e-01
-5.900059e-02 8.071867e-01 9.389356e-01 -2.044452e-01 -7.500426e-01 1.485424e+00 8.569853e-01 -1.093578e-03 -1.211446e+00 8.029412e-01 1.106175e+00 -6.001836e-01
-6.946678e-02 -1.777021e-01 8.480171e-02 4.926513e-01 -3.401046e-01 7.364753e-01 1.099418e+00 -6.198392e-02 -7.948395e-01 -3.119082e-01 1.034292e+00 1.747661e+00
-1.178202e-01 -4.263302e-01 6.210616e-01 5.843142e-01 -4.381250e-01 -3.754354e-01 4.042436e-01 -1.639443e-01 -6.434549e-01 -9.557657e-01 -5.850446e-01 4.542289e-01
2.320196e-01 -8.555188e-01 -1.482204e-01 -1.209228e-01 1.574910e+00 -1.055487e+00 -8.876681e-01 3.232642e+00 9.862518e-01 -6.130973e-01 -6.184111e-01 6.254075e-01
-2.328027e-01 -3.213735e-01 3.814197e-01 7.583278e-01 1.577036e+00 -1.175599e+00 -1.152436e+00 -1.992757e+00 5.246772e-01 2.474813e+00 2.881155e+00 2.162439e+00
-4.205408e-01 -1.102154e+00 5.133011e-02 -7.115849e-01 -9.922953e-01 -8.778313e-01 -4.112074e-01 -5.585041e-01 6.451379e-01 -5.648295e-01 -1.847561e+00 -9.673738e-01
4.492599e-01 7.397622e-01 -2.904526e-01 5.596832e-01 1.128932e+00 1.126813e+00 1.674117e+00 3.817783e-02 -2.057880e+00 -1.256001e-01 3.588846e-01 9.474822e-01
-7.484770e-02 1.218269e-02 -3.671659e-01 1.980246e-01 8.330359e-01 1.237497e-03 9.744707e-01 -5.724451e-01 -1.204904e+00 1.230365e+00 5.207528e-01 -5.525656e-01
-1.865414e-01 -3.507917e-01 1.941940e-01 4.260224e-01 -5.416574e-02 2.247029e-01 -3.776400e-01 -1.506223e-01 7.460476e-01 -2.417603e+00 -2.013899e-01 -6.115212e-02
-3.014832e-01 -9.423428e-01 -3.314784e-01 -4.728351e-02 -4.239577e-01 -3.068619e-01 -6.725194e-01 -3.490816e-01 1.850897e+00 -2.505667e+00 6.297700e-01 1.191800e+00
2.111683e-01 5.151843e-01 5.883771e-01 3.151408e-01 6.414915e-01 1.072372e+00 -1.105108e+00 -7.154896e-01 -7.518911e-02 3.444051e-01 3.043078e-01 1.313496e+00
-3.393812e-01 -4.989381e-01 -1.066811e-01 -2.630978e-01 -9.189342e-01 -1.640371e+00 -1.221001e+00 -1.126170e+00 1.161291e-01 -6.429538e-01 -2.560091e+00 -2.097397e+00
1.699100e-01 2.093285e-01 4.436025e-01 1.590363e+00 1.786566e+00 -3.652000e-03 1.276717e+00 1.009862e-01 5.266945e-02 5.673472e-01 7.060304e-02 -1.353727e+00
2.570724e-02 1.395626e-01 1.086556e+00 -4.071738e-01 -1.645477e+00 1.343965e+00 5.735853e-01 -9.131699e-01 -9.601402e-03 3.783522e-02 7.386096e-01 1.928171e-01
-1.577230e-01 -4.686364e-01 1.169495e+00 6.558278e-01 -1.161507e+00 1.251288e+00 3.419200e-01 -8.244829e-01 1.772470e+00 -6.954896e-01 5.990409e-01 2.125789e-01
1.747787e-01 7.723175e-01 8.500441e-01 5.386740e-01 2.517021e-01 1.391510e+00 -2.841997e-01 -9.602958e-01 -1.118111e+00 -1.806717e+00 3.988028e-02 -5.276295e-01
-7.649212e-02 -3.340768e-01 2.124977e-01 3.163733e-01 1.638331e-02 -1.123943e+00 -1.184212e+00 -2.024148e+00 7.524256e-02 1.426313e+00 1.426389e+00 1.825709e+00
-1.442625e-01 -1.202693e-01 1.212634e-01 8.128727e-01 2.618141e+00 -4.827306e-01 -6.937232e-01 -1.332357e+00 1.141878e-01 1.381541e+00 2.075532e+00 2.082426e+00
-1.911139e-01 5.181634e-01 1.551115e+00 4.297222e-01 -2.477495e+00 2.440689e-01 1.945662e+00 8.649726e-01 -5.760085e-01 -2.082836e-01 -1.238907e+00 4.009725e-01
-5.045252e-01 4.990343e-01 3.788958e-01 -9.209509e-02 -9.061769e-01 8.865172e-01 3.316905e+00 2.266791e+00 5.279687e-01 -1.842433e+00 -2.237264e+00 -9.217327e-01
8.242798e-02 5.024193e-01 7.757020e-01 4.606262e-01 4.476163e-01 2.096507e-01 -8.539379e-01 -8.603503e-01 -2.256036e+00 -1.103772e+00 -9.031649e-01 -2.953404e-01
-3.810293e-01 7.074758e-01 5.999537e-01 -8.262863e-01 -8.753513e-01 -3.174548e-01 -5.197883e-01 -1.753535e+00 1.708400e-01 1.143082e+00 9.037938e-01 -4.066940e-01
1.650265e-01 5.749997e-01 5.558675e-01 3.363542e-01 2.888623e-01 -5.143226e-01 4.230241e-01 -1.243396e+00 -1.522440e+00 6.010695e-01 -1.002064e+00 -5.198696e-01
1.318739e-01 5.330539e-01 3.841628e-01 -6.237261e-01 -2.167337e+00 -1.380221e+00 -7.176796e-01 3.372284e-01 7.493664e-01 -8.462577e-02 -9.248381e-01 1.323641e+00
1.565529e+00 1.663512e+00 -2.397743e-01 -4.447208e-01 -3.046795e+00 -2.649665e+00 -1.158291e+00 -1.491839e-01 -8.369616e-01 1.079663e+00 2.460361e+00 3.270212e+00
-1.732890e-01 -7.105031e-02 -6.677782e-01 -1.601280e+00 1.508747e-01 1.018792e+00 -6.695421e-01 1.608987e+00 1.191392e+00 1.808234e+00 2.363515e+00 1.281857e+00
-7.110792e-01 8.544811e-01 5.821753e-01 -4.520701e-01 -4.158928e-02 -4.463502e-02 -1.108100e+00 -1.618128e+00 9.286299e-01 1.871720e+00 1.610057e+00 2.880690e-01
-5.020533e-02 4.210183e-01 -1.150024e+00 -7.235388e-01 9.462816e-01 1.515400e-01 8.009536e-01 9.620164e-01 -4.818886e-01 -1.004436e+00 -1.895205e+00 8.881543e-01
-8.461889e-01 1.260176e+00 1.415610e+00 -3.897725e-01 1.323844e-01 1.620413e+00 1.631356e+00 -3.940009e-01 8.851210e-01 -1.623064e+00 -1.954615e+00 -9.280037e-01
-8.335114e-03 1.933053e-01 1.239615e+00 1.194136e+00 1.120081e+00 6.947063e-01 1.082613e-01 -9.446709e-01 -1.318011e+00 -3.360482e-01 -8.479573e-01 -4.477856e-01
-3.921528e-02 1.148845e+00 1.609981e+00 1.056747e+00 -2.028779e+00 -1.832952e+00 9.790535e-01 1.339005e+00 -1.414678e+00 -1.668515e+00 -9.819572e-02 1.050422e+00
-8.111304e-01 -6.027235e-01 -6.773394e-01 -5.128013e-01 2.731951e+00 3.425278e+00 -1.381457e+00 2.983657e+00 3.223484e+00 2.083070e-01 -1.369866e+00 -2.193865e+00
4.348135e-02 5.987943e-01 -5.733434e-01 -1.196178e+00 -1.609726e+00 -1.045430e+00 1.560349e-01 1.051475e+00 1.385569e-01 -1.002116e+00 -1.204763e+00 1.063298e+00
-4.377457e-01 8.902338e-01 1.716162e+00 1.013317e-02 -2.415574e-01 9.251003e-01 -1.001111e+00 -2.747427e+00 1.483140e-01 2.856976e+00 2.561930e+00 1.872809e-01
-1.140237e-01 1.196180e+00 1.690607e+00 1.216403e+00 -1.328252e+00 -7.673019e-01 1.974181e+00 1.570904e+00 -9.753450e-01 -1.970285e-01 -7.862381e-01 7.309343e-01
4.544255e-01 -3.182451e-01 -9.231794e-02 2.526200e-01 1.938988e+00 -5.466429e-01 -2.090160e+00 1.410640e+00 1.628201e+00 -5.468163e-01 -1.032573e+00 2.416785e+00
-1.144572e+00 -6.806400e-01 -8.950256e-01 -1.375071e+00 2.197046e+00 3.434003e+00 -1.396082e+00 2.381328e+00 3.053227e+00 5.970113e-01 3.468009e-01 -1.362279e+00
3.574673e+00 4.502392e-02 5.074016e-01 -1.491304e+00 -1.012717e+00 -1.052733e+00 -1.606438e+00 4.857931e-01 1.680422e+00 -3.883159e-01 -2.608163e-01 -1.107591e+00
1.023859e+01 -3.526922e+00 6.604671e-02 4.918480e+00 -2.314402e+00 -4.428659e+00 -1.225469e+00 -4.468867e+00 -2.984946e+00 2.977625e+00 -9.164961e-01 -1.297178e+00
1.635571e-01 -6.082231e-01 -4.362034e-01 -2.432880e-01 2.223304e-01 2.819424e-01 1.081373e+00 1.698944e-01 1.983489e-01 7.530581e-01 4.074647e-01 3.847098e-01
-6.914821e-02 2.644648e-01 3.572112e-01 1.123400e+00 7.408937e-01 -2.852576e-01 -1.693728e+00 -1.417919e-01 2.095833e+00 -8.870202e-01 -1.677752e+00 4.234625e+00
4.621828e-01 -1.336650e+00 -8.118104e-01 -1.038916e+00 -1.544592e+00 -1.094697e+00 8.292772e-01 1.603102e-01 1.442302e+00 1.479423e+00 4.585130e-01 3.784899e-01
8.710423e-01 -6.837813e-01 -3.512649e-01 -1.090206e+00 -1.039655e+00 -3.074514e-01 7.721995e-01 2.286538e-01 5.128115e-01 1.517368e+00 6.566169e-01 9.348704e-01
-5.414189e-01 1.150380e+00 -5.505068e-01 -6.285148e-01 -4.180394e-01 1.021692e+00 2.316366e-01 -8.033674e-01 2.279850e+00 3.863826e+00 7.018800e-01 -1.494982e+00
3.457815e-01 1.382506e+00 -1.457742e+00 -1.212760e-01 4.484619e-01 6.019144e-02 1.940834e+00 1.121421e+00 1.053610e+00 2.162240e+00 4.016386e+00 7.387476e-02
1.147125e+00 -8.633846e-01 -1.355307e-01 -4.241630e-01 -1.035450e+00 -1.608438e+00 -8.671435e-01 5.093586e-01 -4.164450e-01 4.858152e-01 1.828314e-01 -1.955734e-01
-7.349339e-01 7.782599e-01 5.435829e-01 2.401476e+00 5.867235e-01 1.222195e+00 -2.354182e+00 1.865842e-01 2.932352e+00 -4.000849e+00 -1.188688e+00 3.447092e+00
7.717452e+00 -1.917404e+00 5.936625e-01 1.849439e+00 -4.203300e-01 -3.280766e+00 -2.336474e+00 -2.546324e+00 -2.762496e-01 2.268539e-01 5.856856e-01 -2.157882e+00
1.875787e+00 -6.550328e-01 -4.044531e-01 6.200281e-01 -1.484005e-01 -1.496515e+00 -2.955492e-01 1.218295e+00 -1.182498e+00 -2.152661e+00 -2.022897e-01 -1.621692e-01
9.409653e-01 2.133650e+00 -3.277249e+00 -1.684758e+00 5.687575e-01 -1.010416e+00 2.795142e+00 8.222811e-01 3.443748e-01 1.084360e+00 2.838010e+00 -2.084110e-02
3.013469e+00 4.127462e-01 9.818490e-02 1.911031e+00 8.747401e-01 -1.132418e+00 -3.357892e-01 1.639069e+00 -1.336906e+00 -3.401897e+00 -5.439598e-02 -9.336499e-01
-2.685035e+00 2.604792e+00 1.491730e+00 -1.398779e+00 1.189738e+00 3.819850e+00 3.801432e+00 3.174085e-01 -1.514011e+00 1.473115e+00 1.320306e+00 -8.873493e-01
1.803526e-01 4.777038e-01 -2.780105e+00 1.237841e-02 -2.756698e-02 1.596007e+00 1.689123e+00 6.671602e-01 2.069118e+00 4.225642e+00 2.431850e-01 -7.284719e-01
3.877738e+00 7.126764e-01 -5.606685e-01 2.999939e+00 1.364140e+00 -1.304674e+00 2.154136e-01 1.713404e+00 -8.692211e-01 -3.718297e+00 8.488929e-02 -2.115569e-01
1.923311e+00 1.115907e+00 -2.294651e+00 1.874952e+00 1.081907e+00 7.895321e-01 1.721102e+00 1.206316e+00 2.445846e-01 2.266116e+00 -9.277318e-01 -8.086685e-01
-1.495775e+00 1.923957e+00 -5.709742e-01 2.221938e+00 2.655666e+00 1.457006e+00 -1.133178e+00 -8.516995e-01 1.959909e+00 -4.556893e+00 1.100831e+00 1.558956e+00
3.421579e+00 1.378491e+00 -1.818905e+00 2.222497e+00 1.113024e+00 3.291315e-01 1.871029e+00 2.296590e+00 -8.321205e-01 -1.174067e+00 -7.122588e-01 4.712995e-01
-3.507771e+00 5.389163e+00 2.049185e+00 -2.009013e+00 1.828731e+00 3.035000e+00 4.988768e+00 -8.245939e-01 -2.336460e+00 2.353552e+00 1.968499e+00 -2.287905e+00
-3.055293e+00 4.743735e+00 6.524857e-01 6.654702e-01 2.973051e+00 1.966734e+00 1.118163e+00 -1.236667e-01 4.596685e-01 -3.080560e+00 1.824664e+00 -5.398537e-01
-3.600913e+00 6.144403e+00 1.050877e+00 -1.831526e+00 1.962384e+00 2.679511e+00 3.437929e+00 -1.248694e-01 -5.105122e-01 -5.203866e-01 3.065524e+00 -2.475529e+00
