-1.372616e+00 -1.919752e+00 1.929986e+00 -1.227850e+00 -1.701505e+00 1.028456e+00 -6.392001e-01 4.577659e-01 -8.296445e-01 -1.439032e+00 9.939755e-01 4.133623e-01
-2.453152e-01 -2.782857e+00 2.499659e+00 -2.479139e+00 -3.582848e+00 1.620293e+00 -4.620572e-01 -1.784834e+00 -1.129248e+00 -2.017535e+00 7.456305e-02 1.663010e+00
-1.421453e+00 -8.314477e-01 2.623145e-01 1.062199e+00 1.045042e+00 -1.148532e+00 -1.574314e+00 2.250072e+00 -3.161116e-01 -4.243860e-02 1.562423e+00 3.935269e-01
-6.638069e-02 -2.711498e+00 2.543699e+00 -1.616016e+00 -2.658827e+00 1.841053e+00 -2.978755e-01 -1.969751e+00 2.585553e-01 -1.885410e+00 -7.738790e-01 1.621769e+00
1.873732e+00 -3.149981e+00 -2.263204e+00 -1.795017e-01 -2.067358e+00 2.500537e+00 -2.218141e+00 -1.302834e+00 6.740213e-01 -1.818631e+00 8.669874e-01 -2.465919e+00
4.366458e+00 -2.546069e+00 -2.160653e+00 7.517770e-01 -3.030418e+00 3.024052e-01 -3.322381e+00 -3.129909e+00 -4.350324e-01 -4.413383e+00 -5.742480e-01 -3.887689e+00
-1.781341e-01 -1.566529e+00 -1.397133e+00 -9.481163e-01 -5.085905e-01 3.375203e+00 -2.324931e+00 -3.593597e-01 3.060074e-02 -1.066220e+00 6.770170e-01 -2.389720e+00
-1.100679e-01 1.836952e+00 -9.422868e-01 3.598735e+00 3.323199e+00 -3.917407e+00 -3.757212e+00 2.686169e+00 -4.911196e-02 -5.619512e-01 -9.047707e-01 -1.792180e+00
4.906128e-01 -1.036434e+00 -4.424838e-01 -9.483973e-01 -8.717880e-01 -2.536961e-01 -2.546101e-01 -2.236178e-02 -6.535406e-01 -8.860115e-01 -9.135860e-01 4.071812e-01
2.549473e-01 9.712538e-01 2.675771e-01 1.390682e+00 -1.593508e-01 8.802210e-01 9.267778e-01 4.434204e-01 4.474788e-01 8.042119e-02 -3.511347e-01 4.016595e-01
1.353447e-01 -1.119882e+00 1.439818e+00 1.350518e+00 -1.008792e+00 1.810200e+00 1.982391e+00 -2.364261e+00 -8.806739e-02 2.252125e+00 7.110808e-01 -6.233249e-01
1.180325e-01 8.563658e-01 9.222969e-01 1.037342e+00 2.575376e-02 3.765864e-01 -4.561586e-01 1.410589e+00 4.464822e-01 -7.009673e-03 -5.725392e-01 6.843820e-01
5.211452e-01 1.390173e-01 -1.583061e+00 5.025502e-01 -2.526093e-02 2.112062e+00 -5.239505e-01 -1.852025e+00 -2.391136e-01 9.416491e-01 1.175254e-01 2.532282e-02
-1.643753e-01 4.017344e-01 1.235196e+00 9.213063e-01 5.640980e-01 -3.695482e-01 -5.864897e-01 2.039909e+00 4.701716e-01 -4.268565e-01 -8.880560e-01 1.306852e+00
-3.144086e-01 1.904645e-01 -2.842987e-01 3.708745e-01 -1.127292e+00 -1.004396e+00 -8.817807e-01 -3.013796e-01 -1.282894e+00 -4.938152e-01 1.837292e+00 4.571864e-01
5.473942e+00 -1.527541e+00 -1.975988e+00 1.306310e+00 -3.006048e+00 -2.874314e+00 -4.186225e+00 -4.154968e+00 -1.660643e+00 -4.763606e+00 -1.885473e+00 -4.033591e+00
2.739810e-01 -4.385652e-01 1.259539e+00 7.741680e-01 -1.557244e-01 9.981879e-01 1.304637e+00 -4.969844e-01 4.745591e-01 1.144949e+00 -1.293068e+00 -6.020765e-01
-4.681645e-02 4.593878e-01 3.689325e-01 -1.032389e-01 -1.032907e+00 6.971351e-02 2.284590e+00 1.776874e+00 -8.511063e-01 5.841907e-01 8.136431e-01 9.566777e-01
4.728045e-01 1.175205e-01 -3.912024e-01 -1.816885e+00 9.740146e-01 2.264913e+00 -1.336883e+00 -1.038355e+00 -1.552431e+00 3.634852e-01 1.358907e+00 -7.548020e-01
4.177418e-02 2.488556e-01 5.907245e-01 -4.283113e-01 -1.372396e+00 3.422328e-01 1.823858e+00 1.313292e+00 2.619888e-01 6.726726e-01 8.683416e-01 -2.533370e-01
-3.723520e-01 -3.903518e-02 -3.685552e-01 5.281704e-01 -2.151857e-01 -2.312463e+00 -9.103519e-01 -3.736576e-01 2.076903e-01 8.565041e-01 9.121126e-01 -3.031560e-01
-7.995987e-02 -4.391192e-01 9.307182e-02 5.450149e-01 -8.536255e-01 -4.093746e-01 4.192933e-01 -4.528934e-01 1.012532e+00 4.892865e-01 1.878648e-01 -9.290664e-01
-9.521332e-02 -2.692772e-01 -1.255403e+00 -4.336547e-01 -9.693190e-01 -2.404361e+00 -2.067565e+00 -1.747368e+00 -1.094178e+00 -7.824081e-01 -1.965104e+00 -1.100743e+00
5.987860e-01 3.644972e-01 -1.003425e+00 -4.566832e-01 1.902060e+00 -2.844737e-01 -5.699728e-01 1.855614e+00 -6.454169e-01 -1.113288e+00 -1.005397e+00 1.950042e-01
2.902897e-01 2.081680e-01 -7.922625e-01 1.282375e-01 -3.681472e-01 -2.591699e+00 -2.839535e+00 -1.670501e+00 1.723298e-01 4.508206e-01 -2.246594e+00 -1.728206e+00
4.116306e-02 2.802274e-01 6.918355e-01 2.500720e-01 -4.429575e-01 -3.508491e-02 -8.977997e-01 -6.752791e-01 -1.308309e+00 6.997178e-02 -2.792164e-01 1.948540e-01
2.278303e-01 8.991150e-02 -5.644802e-01 1.124487e-01 -6.801355e-01 -2.098555e+00 -2.629225e+00 -6.286864e-01 8.420070e-01 4.614106e-01 -1.144818e+00 -8.957794e-01
1.145409e-01 9.830719e-02 3.403426e-01 -3.040063e-01 6.300452e-01 1.077047e+00 -1.387923e+00 -1.919740e+00 -9.303318e-01 -5.686225e-01 -9.993575e-01 2.589725e-01
-5.627265e-01 -9.079324e-01 -9.158880e-01 -9.625397e-01 -6.591600e-01 -2.805947e-01 1.414390e+00 -1.334421e+00 -1.311381e+00 -1.854495e+00 -8.826424e-01 -4.260025e-01
3.619594e-01 6.608520e-01 1.136585e+00 7.463318e-01 3.427149e-01 -1.635327e-01 -7.016617e-01 7.276613e-01 -4.210944e-02 -3.162694e-01 -1.035379e+00 -1.238114e+00
4.846201e-02 -2.471494e-02 4.807977e-01 -3.289404e-01 2.616949e-01 1.201602e+00 -9.263857e-01 -1.532128e+00 -1.261459e+00 -1.848821e-01 -5.767692e-01 4.139416e-01
-2.469363e-01 -8.028799e-01 -8.332806e-01 -7.195294e-01 3.717065e-02 1.977269e-01 1.905863e+00 4.708325e-01 -9.409445e-01 -1.669534e+00 -9.122662e-02 1.066247e+00
-4.275175e-01 2.638403e-01 1.487567e-01 4.407384e-01 -9.404409e-03 -7.221038e-01 1.589835e-01 7.371659e-01 5.455245e-01 -1.733074e-01 -1.266971e+00 -7.806478e-02
-3.381893e-01 -5.558535e-01 -4.600827e-02 -7.230548e-01 -4.096495e-01 -2.098079e-02 2.584150e-01 4.816570e-01 1.393214e-01 3.122571e-01 1.394276e+00 1.317414e+00
-4.572721e-01 -4.539010e-01 6.757794e-01 5.257289e-02 -2.508039e-01 7.699924e-01 -7.103355e-01 -4.709979e-01 1.313269e+00 -3.350882e-01 -3.960812e-02 2.044095e+00
-1.326196e+00 -7.796895e-01 -1.129613e+00 -1.431495e+00 -2.349463e-02 -5.350056e-02 -6.757228e-01 1.616834e-01 1.141687e-01 -2.995658e-01 1.674969e+00 2.257970e+00
-1.009328e+00 -7.212905e-01 -1.598028e+00 -2.018368e+00 -2.954704e-01 -1.309935e+00 -1.727145e+00 -8.648864e-01 -6.369311e-01 5.271736e-01 1.188141e+00 1.782177e+00
1.391783e-02 -3.550785e-01 2.078374e-01 -7.455784e-02 -5.577368e-01 -1.222848e-02 8.415310e-01 7.001652e-01 -7.863221e-02 -6.108605e-01 5.678689e-01 1.127191e+00
6.781281e-01 3.670114e-01 2.805078e-01 -2.881310e+00 1.544558e+00 1.665229e+00 2.788868e-02 -2.123296e+00 -1.868971e+00 -3.068666e-01 2.025190e+00 1.310744e-01
8.701229e-02 -4.411200e-01 -1.545862e+00 -1.294167e+00 -5.587538e-01 1.397983e+00 3.164555e-01 -1.488989e+00 4.861245e-01 1.755724e+00 2.083358e+00 7.877518e-01
-1.876759e-01 5.889747e-01 1.358888e+00 2.255812e-01 -1.259704e-01 -1.521867e+00 -1.213441e+00 1.160431e+00 -2.844508e-01 -6.450775e-01 4.246672e-01 -1.032497e+00
6.377850e-02 -3.170111e-01 -4.082879e-01 -8.931029e-01 1.826806e-01 2.665507e-01 2.626789e-01 -2.351440e-01 2.041534e-01 8.427925e-01 1.654980e+00 4.480774e-01
-9.560448e-01 -8.486789e-01 -3.883461e-01 -1.122483e+00 -7.084186e-01 -7.766541e-01 -1.006806e+00 1.373440e-01 5.499910e-01 6.918762e-02 -8.585988e-01 -8.207449e-01
-4.727087e-01 -1.058162e-01 9.883645e-01 -4.860404e-01 4.154216e-01 -5.995960e-01 -5.375468e-01 4.089627e-01 8.479780e-01 1.698514e-01 1.112919e+00 -9.506888e-01
7.748921e-01 1.026091e+00 7.398609e-01 -2.788034e+00 2.202356e+00 2.141339e+00 1.279980e+00 -1.431414e+00 -1.982473e+00 -8.820935e-02 2.641086e+00 1.462801e+00
-1.163121e+00 -1.380596e+00 -1.767617e+00 -1.573219e+00 -1.262304e+00 -1.769791e+00 -2.188999e+00 -2.231813e+00 -1.293463e+00 -5.201457e-01 -5.531778e-02 -1.183929e+00
-1.257121e+00 -1.149220e+00 -1.994888e+00 -2.045355e+00 -4.871360e-01 -2.312306e+00 -1.947891e+00 -1.772944e+00 -7.572780e-02 4.288834e-01 7.967930e-01 4.923422e-01
6.208867e-01 1.490735e+00 4.710595e-01 -2.412191e+00 1.615161e+00 1.384627e+00 1.064693e+00 -8.619791e-01 -2.591886e+00 -6.166234e-01 2.396412e+00 2.190640e+00
-1.744549e-01 1.099416e+00 -9.730089e-02 4.000868e-01 1.968968e+00 4.332225e-01 -1.226518e+00 -2.110848e-01 2.911992e-01 3.859369e-01 1.834132e-01 -9.624127e-01
5.176914e-01 1.249544e+00 -1.066557e+00 -7.861049e-01 2.110759e+00 -7.749298e-01 -1.488696e+00 2.437328e+00 1.573909e+00 -1.301075e+00 -1.501613e+00 -1.640409e+00
4.916297e-01 1.959074e+00 -1.521592e-01 -2.356756e+00 -5.069610e-01 7.360125e-02 1.771290e-01 -3.581659e-01 -3.065171e+00 -1.965317e+00 1.071593e+00 1.597520e+00
-8.193143e-01 1.504571e+00 1.910137e+00 -1.695747e+00 1.746602e+00 9.893049e-01 -4.134618e-01 2.793894e+00 3.772387e+00 2.001436e+00 1.507065e+00 -4.326324e-01
-3.728140e-01 1.972113e+00 6.474354e-01 1.531422e+00 2.379930e+00 1.164916e+00 -7.228889e-01 -1.792675e-01 1.569386e+00 1.613164e-01 -2.235825e-01 -2.274980e-01
3.968446e+00 6.052102e-01 -1.145460e+00 2.560782e+00 1.624561e-01 -5.159399e+00 -4.501977e+00 -1.419188e+00 -1.715218e+00 -2.629315e+00 -1.815876e+00 -3.358043e+00
-3.565870e-01 4.136793e+00 1.338069e+00 -2.231396e+00 7.449408e-01 1.065072e+00 1.213089e+00 2.269017e+00 2.422712e+00 8.423292e-01 5.099794e-01 -2.039056e+00
9.006543e-01 2.946922e+00 -7.806955e-02 -1.137525e+00 -2.184848e+00 2.792646e-01 4.222086e-01 1.679630e+00 -2.124452e+00 -1.449074e+00 5.143383e-01 1.257245e+00
-2.008812e+00 -1.708539e+00 -1.586334e+00 1.426354e-01 6.915903e-02 3.042579e-01 4.542039e-01 -1.567172e-01 2.982300e-02 9.738100e-01 2.024804e-01 1.605955e+00
1.261054e+00 3.255969e+00 2.399850e-01 -2.683245e-01 -2.694919e+00 -1.594764e-01 4.881849e-01 3.350864e+00 -3.840883e-01 -1.080177e+00 -1.208698e+00 8.331632e-03
-1.631355e+00 -1.754470e+00 1.508557e+00 1.514108e+00 1.793365e+00 -4.294565e-01 5.555464e-01 2.682954e+00 4.833585e+00 3.278267e+00 7.584378e-01 1.916163e+00
1.352595e+00 3.073144e+00 5.807137e-01 7.270319e-01 -7.052761e-01 2.406169e-01 9.585016e-01 4.397065e+00 1.344752e+00 4.415554e-01 -1.840967e+00 -5.642085e-01
9.212055e-01 2.559488e+00 2.922365e-01 7.471231e-01 9.803500e-01 1.283536e-01 2.259931e+00 2.406873e+00 1.411275e+00 1.424134e+00 -2.567372e+00 -4.405407e-01
-1.739379e+00 3.333147e+00 1.154693e+00 5.194574e-01 5.514851e-01 8.962611e-01 2.911259e+00 2.482915e-01 -8.966928e-01 6.258310e-01 -6.311234e-01 -1.699450e+00
6.820713e-01 1.340763e+00 -9.238516e-02 1.425881e+00 3.073027e+00 -3.908198e-01 2.838183e+00 2.067303e-01 1.499347e+00 2.798708e+00 -2.546361e+00 2.671328e-02
-2.517650e+00 -1.525177e+00 -2.109546e+00 2.068285e+00 -1.137560e+00 1.098403e-01 2.179795e+00 -6.325511e-01 -7.286423e-01 5.102118e-01 -1.460776e+00 3.931713e-01
-2.656761e+00 6.853792e-01 -9.017721e-01 1.508166e+00 -4.105164e-01 1.313302e-01 3.128377e+00 -9.569336e-01 -3.959611e-01 1.962312e-01 -1.100680e+00 -1.411350e-02
-1.932080e+00 -2.915692e+00 1.668531e+00 4.545383e+00 2.314228e+00 -1.809681e+00 1.877996e+00 1.122511e+00 4.108479e+00 3.750643e+00 -1.432357e-01 2.923177e+00
1.550120e-01 2.471635e-01 2.379646e-01 2.967460e+00 3.490489e+00 -1.502001e+00 3.885509e+00 -1.309991e+00 1.114741e+00 4.191919e+00 -1.992514e+00 1.026264e+00
-1.462630e+00 -1.720688e+00 1.889859e+00 5.344686e+00 2.958980e+00 -1.629784e+00 3.874999e+00 -1.442248e+00 1.133885e+00 4.246634e+00 -1.187947e+00 1.962547e+00
