-4.102087e-01 -9.765188e-01 8.594708e-01 -1.856347e+00 -2.763459e+00 1.784479e+00 -2.746481e+00 -1.324959e+00 -1.235832e+00 -2.993176e+00 -5.587808e-01 6.352750e-01
-6.131042e-01 -2.644742e+00 1.097577e+00 -1.665983e+00 -2.044381e+00 2.535155e+00 -2.521419e+00 -4.199468e-01 -7.878553e-01 -2.812486e+00 -3.289144e-01 9.123279e-01
-1.208984e+00 -3.646730e-01 1.223630e+00 -1.822371e+00 -2.484600e+00 1.208924e+00 -2.330326e+00 -1.905684e+00 -8.660671e-01 -1.791684e+00 -3.594215e-02 -4.465451e-02
-2.398525e+00 -1.716009e+00 9.015459e-01 1.515815e+00 -1.900438e+00 1.740407e+00 -1.625889e+00 -2.154862e-01 -1.444634e+00 -1.086726e+00 -1.881454e+00 2.261614e+00
-6.307583e-01 -2.719855e+00 1.294717e+00 -3.265542e-01 -6.678498e-01 1.382343e+00 -1.783139e+00 9.728308e-02 -1.073030e+00 -2.334609e+00 -1.059261e+00 1.482116e-01
-1.449890e+00 -2.634981e+00 -1.906967e+00 1.219653e+00 1.361991e+00 1.372045e+00 -1.242277e-01 -5.420083e-01 -2.926962e+00 -2.804901e+00 -2.726411e+00 2.442612e+00
-1.868098e+00 8.312004e-01 3.209569e+00 7.459351e-01 -4.802896e+00 2.903488e+00 -2.931940e+00 -1.246864e-01 -3.019144e-01 5.075533e-02 -2.391092e+00 1.033471e+00
2.283851e+00 -2.638477e+00 -9.475389e-01 2.762951e+00 -2.042408e+00 -1.604706e+00 -1.584157e+00 -1.144863e+00 -1.658011e+00 -9.953964e-01 1.418485e+00 -5.833375e-01
5.498656e+00 -2.032653e+00 4.914364e-01 5.679396e+00 -2.067272e+00 -1.343953e+00 -2.636825e+00 -1.080810e+00 -6.377695e-01 -1.582692e+00 9.221759e-01 -1.821151e-01
-4.104218e-01 -3.625342e+00 -2.460112e+00 -7.111368e-02 1.956784e+00 1.506927e+00 1.206058e+00 -1.432269e+00 -1.543041e+00 -1.163847e+00 -1.531282e+00 1.938431e+00
5.926288e-01 -9.919714e-01 -4.743589e-01 4.495848e-01 -2.492847e-01 -1.687970e+00 -2.798691e-02 6.262392e-01 -9.941489e-01 7.045594e-01 6.199707e-01 -9.018970e-01
-1.407747e-02 5.873268e-01 6.924583e-01 7.777676e-01 4.578055e-01 1.417717e+00 1.000702e+00 1.497523e+00 8.822519e-01 6.035042e-01 4.849557e-01 1.255296e+00
2.540810e-01 5.392537e-01 8.771538e-01 7.033922e-01 3.299533e-01 1.719022e+00 9.968759e-01 1.399075e+00 1.612770e+00 8.330075e-01 -5.391809e-01 1.185330e+00
3.033981e-02 -2.194726e+00 -1.683426e+00 2.306413e-01 1.982869e+00 1.108000e+00 1.461908e+00 -1.655073e-02 -9.287909e-01 -3.122238e-01 6.432166e-02 1.624899e+00
2.965893e-01 6.471292e-01 1.078517e+00 9.860460e-01 9.414032e-01 5.641879e-01 2.694427e-02 1.313937e+00 1.385921e+00 3.792685e-01 -1.109130e+00 5.322481e-01
7.302606e+00 -1.157794e+00 1.645658e+00 7.558803e+00 -1.162343e+00 -9.210471e-01 -2.074834e+00 -1.400566e+00 2.621213e-01 -1.529009e+00 -4.816167e-01 2.184132e-01
5.763653e-01 -6.202887e-01 -6.941595e-01 4.203968e-01 -1.005920e-01 -1.160266e+00 2.666887e-01 8.708199e-01 -8.498166e-01 7.649152e-01 -8.184170e-03 -7.859504e-01
-5.473652e-01 1.146580e+00 1.250625e+00 2.493651e-02 -1.253707e+00 -9.468386e-01 -3.553991e-02 -2.006135e+00 3.315111e-01 -3.982620e-02 -1.833137e-01 -6.681077e-01
-4.287228e-01 2.522010e-01 4.026561e-01 8.075390e-01 -5.928431e-02 -8.479679e-02 1.579063e-01 2.751032e-01 -5.285781e-01 8.123320e-01 1.599916e+00 2.119134e+00
-8.908558e-02 -1.406307e-01 -1.504104e-01 -1.505406e+00 -6.125454e-01 1.092334e+00 -4.403303e-01 -4.396860e-01 1.220209e+00 -9.413010e-01 -1.882042e+00 -9.321682e-01
-1.445330e-01 -2.710187e-01 -1.431887e-01 -1.048478e+00 -3.465181e-01 9.898731e-01 -1.756194e+00 -8.911110e-01 8.787835e-01 -6.254832e-01 -1.715305e+00 -9.190599e-01
-1.219173e-01 1.061064e+00 1.219187e+00 -2.256949e-01 -4.353290e-01 -8.550693e-01 -1.491949e-01 -6.583235e-01 2.897593e-01 1.799739e+00 2.021448e+00 1.552409e+00
-5.479870e-02 4.033564e-01 -1.411250e-01 -4.133132e-01 3.079281e-01 1.056726e-02 -5.481150e-01 3.157391e-01 7.634991e-01 -4.403206e-01 3.518909e-01 -1.384919e+00
3.803070e-01 -2.993219e-02 1.741838e-03 -8.830191e-01 -1.379463e-01 7.210957e-01 9.977098e-02 -8.374027e-01 1.060907e+00 -1.056001e+00 -1.817795e+00 -1.023747e-01
2.253706e-01 7.806903e-02 -4.004784e-01 -9.651807e-01 -1.081045e+00 -8.529000e-01 -1.123032e+00 -2.592707e-01 -5.423895e-01 2.143289e-01 -1.054783e+00 -1.604098e+00
-7.766272e-01 -1.414276e-01 -4.579926e-01 3.551201e-01 1.807614e+00 2.608403e+00 3.134396e+00 1.619708e+00 1.791853e+00 1.288446e+00 8.952451e-01 1.536850e+00
9.958925e-02 1.020571e+00 1.010224e+00 1.061466e+00 3.459821e-01 -1.168752e+00 -1.097884e+00 -5.904874e-01 9.212562e-01 -1.486854e-01 -4.642030e-01 1.176191e+00
-3.377495e-02 -4.969061e-01 -8.097552e-01 -4.865846e-01 1.438772e+00 2.219095e+00 3.014263e+00 3.604341e-01 2.344492e-01 1.153600e+00 8.409719e-02 6.307205e-01
1.873177e-01 -5.107488e-02 -1.177928e+00 -2.779117e-01 4.253229e-01 1.494510e-01 -2.759261e-01 -9.093813e-01 3.700895e-02 4.285604e-01 6.725951e-01 2.221002e-01
-3.035732e-01 -4.473887e-02 4.374411e-01 8.567588e-02 -8.395340e-01 5.229850e-01 -3.854792e-01 -4.853558e-01 4.649115e-02 2.291553e-01 -1.017327e+00 -1.967147e+00
7.240699e-01 3.670589e-02 7.402115e-01 5.259231e-01 -3.554820e-01 -1.190922e+00 -2.494470e-01 -1.105654e+00 -8.447385e-01 -1.353847e+00 -9.625786e-01 5.517288e-01
4.112339e-01 4.635646e-01 5.504505e-01 5.284876e-01 7.686572e-01 -5.809982e-01 -5.668007e-01 3.388961e-01 6.571037e-01 1.631224e-01 -1.117827e+00 -1.296131e+00
4.221953e-01 2.537982e-01 -2.107529e-01 1.870297e-01 5.734814e-01 7.558544e-01 4.243183e-01 3.484180e-01 -6.090928e-01 9.726497e-01 1.173300e+00 -6.896327e-01
2.401926e-01 6.846792e-01 -8.083021e-01 -1.173429e+00 8.107018e-02 4.416192e-01 -4.761978e-01 -6.699586e-01 3.772224e-01 1.433391e-01 6.949286e-01 -1.402783e+00
-1.119137e-02 7.582217e-01 1.002881e+00 9.034964e-01 1.323904e-01 -1.154315e-01 1.687319e-01 4.962102e-01 1.007140e+00 -4.048104e-01 3.809284e-01 1.092104e+00
-1.155121e+00 -1.102619e+00 -8.605016e-01 -7.041626e-01 -5.271896e-01 -9.654225e-01 -7.697269e-01 -5.778804e-01 9.785560e-01 1.147784e+00 3.831156e-01 4.835634e-01
2.247196e-01 3.441637e-01 2.243216e-01 2.045071e-02 -3.104231e-01 -8.816770e-01 -1.723963e+00 3.011219e-01 1.301779e+00 4.619386e-01 1.280971e-01 -6.681185e-01
-2.685065e-01 -1.200195e-01 5.206125e-01 1.172536e+00 7.485773e-02 -1.427558e+00 -2.309999e+00 2.716512e-01 4.788971e-03 -6.987052e-02 5.754477e-01 -5.832494e-01
3.478807e-01 5.979141e-01 5.675980e-01 6.855817e-01 1.325679e-01 -2.426437e-01 6.608316e-01 1.239449e+00 -1.951854e-01 5.659819e-01 5.661271e-01 -6.834762e-01
6.798767e-01 -4.279278e-01 -7.810971e-01 5.295035e-01 5.813618e-02 -5.568148e-01 9.757080e-02 2.032382e-01 -1.088747e-01 1.496464e-01 -5.667601e-01 9.423082e-02
-8.782431e-01 -4.469562e-01 -6.387864e-02 6.523220e-01 7.722523e-01 7.184211e-01 6.884229e-02 9.898196e-01 1.227630e+00 1.375342e+00 1.744816e+00 -3.654510e-01
-2.837372e-02 1.002921e+00 1.115733e+00 1.095967e+00 7.844425e-01 -5.265591e-01 -1.662208e+00 -1.097162e+00 1.345524e+00 4.023927e-01 5.920053e-02 1.915668e+00
-9.615523e-01 -6.574365e-01 3.799110e-01 1.057494e+00 3.310542e-01 -3.190827e-02 7.305030e-01 4.698246e-01 1.072615e-02 1.262320e+00 9.186365e-01 1.267542e+00
3.757362e-01 -1.455175e-01 -5.017442e-01 -9.243913e-01 -9.138346e-03 -4.471689e-01 -1.051833e-01 -6.934251e-01 -7.991598e-01 1.044554e+00 -3.670845e-01 -9.513771e-01
4.372403e-01 -3.628522e-01 -4.910045e-01 -2.713095e-01 -3.381844e-01 1.492207e-01 -4.326641e-01 -2.525903e-02 -3.368185e-01 9.357493e-02 3.567146e-01 -1.638881e-01
-3.566723e-02 5.413765e-02 8.555638e-01 1.457696e+00 1.406658e+00 3.698389e-01 1.398165e+00 4.895904e-01 1.030201e+00 2.576032e-01 4.467172e-01 1.110286e+00
3.857929e-01 1.874655e-01 7.341820e-01 7.296916e-01 -5.951086e-01 -3.054301e+00 -1.848775e+00 -9.935718e-01 -6.666462e-01 1.009639e-01 1.364444e-01 -9.287474e-02
-1.211334e+00 -9.908290e-01 -1.273837e+00 -1.329613e+00 -4.870934e-01 1.358006e-01 5.756633e-02 -8.677794e-01 9.737010e-01 1.010284e-01 -2.019668e-01 -4.222815e-01
-3.945528e-01 -1.947307e-01 4.139142e-01 1.023175e+00 4.067886e-01 -2.834438e-01 2.121337e-01 4.815933e-01 6.673570e-01 -1.528244e-01 -3.421978e-01 3.748115e-01
4.542394e-01 -9.858710e-01 -1.527210e+00 -5.678339e-02 -1.125197e+00 -6.630021e-01 2.960061e+00 2.284657e+00 5.875604e-01 1.414751e+00 1.677090e+00 8.760048e-02
-2.862101e-01 4.588968e-01 1.121189e-01 1.430929e+00 5.308456e-01 -4.984489e-01 -8.119470e-01 -9.423787e-01 1.057791e+00 3.636902e-01 -1.959378e+00 1.106780e-01
1.045475e-01 -4.941743e-01 -3.169754e-01 -2.327628e-01 3.765092e-02 2.380464e-01 -6.322173e-01 5.461095e-02 -6.438035e-01 -1.321281e+00 -5.799004e-01 6.396925e-01
8.932098e-01 -3.013100e-01 -7.710252e-01 7.901818e-01 5.759945e-02 -1.925043e-01 -1.342459e-01 -2.803050e-01 2.355981e-01 1.950273e-02 -9.038579e-01 3.611429e-01
-4.974961e-01 3.322054e-01 -3.651946e-01 7.312308e-01 9.138303e-01 6.630261e-01 -1.643471e-01 -1.923870e+00 1.762627e-01 1.688640e+00 -4.501366e-01 8.375121e-01
-2.422663e-01 -6.023512e-01 -9.465603e-01 -1.395425e+00 -3.793545e-01 -4.893608e-02 -1.167698e+00 -1.202830e+00 -3.064926e-01 -1.563608e+00 -4.553965e-01 1.442690e-01
-4.758072e-03 -1.360708e-01 1.422190e+00 1.099516e+00 6.436700e-01 3.434439e-02 5.090429e-01 1.228778e+00 3.086352e-01 -1.761739e-01 2.305718e-01 -4.679226e-01
-2.966184e-01 -3.911575e-02 -5.845268e-02 7.712573e-01 1.754944e-01 -7.506677e-01 -7.901139e-01 -2.415963e-01 1.811604e+00 8.255518e-01 -1.218019e+00 6.856108e-02
-1.334701e+00 2.978012e-01 6.301778e-01 3.390147e-01 3.470387e-01 2.326275e+00 -3.338150e-01 -1.051507e+00 2.506198e-01 1.289700e+00 2.145331e-01 -4.309302e-01
-8.176804e-01 -4.858161e-01 -7.514406e-01 -1.834473e+00 -3.365354e-01 -4.965627e-01 -1.104326e-02 -3.197005e-01 9.255117e-01 -7.498187e-01 2.118961e-01 -4.889956e-01
5.053132e-01 4.585832e-01 -9.429600e-01 5.709444e-01 1.162353e+00 -8.495485e-01 1.437906e-01 -6.695965e-01 3.113668e-02 3.615500e-01 -1.038398e+00 5.611277e-01
-9.474730e-01 5.233414e-02 9.076222e-01 1.421000e+00 1.603068e+00 2.201831e+00 -1.957702e-01 -9.341137e-01 9.246928e-01 7.811817e-01 -5.508367e-01 -4.390134e-01
-5.345793e-01 2.046540e-01 1.493481e+00 1.852680e+00 2.016889e+00 1.292371e+00 -3.633742e-01 -8.826944e-01 2.121767e+00 2.148215e+00 -3.628371e-01 2.581575e-01
5.485111e-01 7.709742e-01 -1.192412e+00 8.494505e-01 1.103138e+00 -3.724870e-01 4.145350e-01 -1.450109e+00 2.710542e-01 5.991843e-01 -1.713073e+00 1.421052e+00
-1.395664e+00 -8.018309e-01 -2.288093e+00 -7.283708e-01 -2.575655e-02 7.096831e-01 -3.612991e-01 -4.781441e-01 1.280616e+00 1.208763e+00 -1.483528e+00 -4.509802e-01
-2.400842e-02 1.315421e+00 1.744993e-01 -2.073455e+00 1.006912e+00 -2.261124e+00 2.185140e+00 3.099645e+00 6.621219e-01 -5.529381e-01 1.197083e+00 4.654376e-01
3.544942e-01 1.269090e+00 -1.195082e+00 -8.285282e-01 1.221972e+00 1.543469e+00 1.942820e-01 -2.019495e+00 4.562546e-01 -4.903235e-01 7.485443e-01 2.383285e-01
-2.318919e-01 1.850987e+00 8.894256e-01 -2.640928e+00 3.273284e-01 -2.449636e+00 2.254731e+00 3.109534e+00 1.813385e-01 -3.742878e-01 3.094742e-01 1.583055e+00
7.140088e-01 1.029604e+00 -1.409046e+00 3.371593e-01 1.393373e+00 1.299793e-01 2.963165e-01 -1.565853e+00 2.190724e-01 8.133425e-01 -1.734022e+00 1.527381e+00
4.981622e-01 1.110831e+00 -1.252305e+00 -4.803356e-01 1.523587e+00 9.218750e-01 7.337608e-02 -1.870619e+00 2.994412e-01 4.827116e-01 -8.170349e-01 1.059266e+00
-2.453795e-01 2.014246e+00 -1.035820e+00 -1.587600e+00 1.587957e+00 1.382895e+00 6.885891e-01 -1.632702e+00 -7.927722e-01 -4.676043e-01 2.020783e+00 -4.427954e-01
7.098141e-02 -7.172306e-01 -2.989437e-01 3.178210e+00 1.266003e-03 9.476595e-02 2.310405e+00 7.111368e-02 -1.280638e+00 2.636185e+00 3.224484e-01 6.610404e-01
-3.888486e-01 2.565858e+00 -9.359919e-01 -1.588927e+00 9.702418e-01 1.715840e+00 1.369565e+00 -1.203303e+00 -1.931985e+00 -4.750740e-01 2.093945e+00 -2.233776e-01
-4.161097e-01 3.223087e+00 -7.410679e-01 -1.853320e+00 5.901638e-01 1.885275e+00 1.815703e+00 -1.555496e-01 -2.825611e+00 -1.288407e+00 1.904079e+00 4.828630e-01
-5.600506e-01 2.675702e+00 1.079104e+00 -2.901404e+00 5.689303e-01 -1.081774e+00 1.489547e+00 3.046237e+00 -1.449184e+00 -1.017179e+00 5.865065e-01 1.780495e+00
-3.087710e-01 3.076913e+00 1.449801e-01 -2.279987e+00 4.388519e-01 1.385399e+00 2.376262e+00 6.837891e-01 -3.132667e+00 -1.461763e+00 6.444321e-01 2.029011e+00
-6.154214e-01 2.912571e+00 5.350322e-01 -2.151176e+00 7.821892e-01 6.507546e-01 2.009251e+00 1.429101e+00 -2.393590e+00 -1.910131e+00 2.201101e-01 1.901243e+00
-1.631476e-01 3.388768e-01 2.550219e-01 -8.466141e-01 1.905948e+00 -1.191023e+00 3.049040e+00 2.885449e+00 4.664931e-01 -7.965118e-01 1.858465e+00 6.604061e-02
5.502736e+00 -1.021235e+00 3.132486e+00 6.835858e+00 -5.120894e-01 -8.330975e-01 -1.299314e+00 -3.474407e-01 5.875441e-01 -1.214209e+00 -9.038059e-01 -1.333654e+00
4.249184e-01 2.747454e+00 3.531702e+00 -9.664848e-01 -3.632073e+00 2.569115e-01 -2.776659e+00 2.076306e-01 7.224660e-01 2.972863e-02 -4.705421e-01 -1.100253e+00
1.752162e+00 7.053401e-01 -1.550234e+00 -3.104455e+00 -6.582694e-02 -3.682596e+00 1.996365e+00 3.113227e+00 8.776813e-01 -9.881449e-01 3.213991e+00 -1.341018e+00
-1.186635e+00 -4.431305e-01 7.918543e-01 5.101194e-01 1.875571e+00 8.355190e-01 2.693995e+00 3.177785e+00 1.048101e+00 6.280909e-02 2.014507e+00 -1.589586e+00
1.383324e-01 1.937956e-03 -6.879034e-01 2.967135e+00 8.816004e-01 -4.518588e-01 2.914905e-01 -1.740902e+00 -6.756735e-01 3.537446e+00 -8.244377e-01 6.395974e-01
-1.727121e+00 -1.016741e+00 1.773473e+00 -4.043255e-02 3.581075e-01 6.602259e-01 2.571764e+00 3.193694e+00 1.303951e+00 2.423663e-01 1.896888e+00 -3.086229e+00
-1.711461e+00 -7.712525e-01 -3.847393e+00 -1.615671e+00 -5.700257e-01 6.498356e-02 -5.593896e-01 -9.563522e-01 -2.006192e-01 1.448915e+00 -1.953341e+00 1.407190e+00
2.294186e+00 4.912778e-01 3.232051e+00 2.704968e+00 2.524590e-01 -7.673229e-01 -4.168629e-01 2.079136e-01 6.058906e-01 1.797170e-01 -1.040920e+00 -1.928526e+00
-2.164993e+00 -1.537925e+00 2.066375e+00 -2.389865e-01 -1.314322e+00 -1.434829e-01 1.931525e+00 3.178915e+00 2.369601e+00 4.350905e-01 6.245421e-01 -4.476302e+00
-2.147623e+00 -1.111442e+00 1.123282e+00 -7.994109e-01 -1.496531e+00 -1.665661e-01 2.460981e-01 1.763064e+00 2.939335e-01 6.536819e-01 -1.441049e+00 -3.889407e+00
-2.184816e+00 -1.415269e+00 -3.845605e+00 -1.539144e+00 -4.296342e-01 -3.329981e-01 -1.023759e+00 1.974654e-01 2.769598e-01 3.400000e+00 -2.962294e+00 -3.706303e-01
2.474370e+00 2.669378e+00 -1.045294e+00 -6.012895e+00 8.755024e-01 -2.913102e+00 9.532221e-01 1.936395e+00 1.731118e-01 -3.243098e+00 2.906100e+00 -2.779092e+00
-2.048594e+00 -1.705644e+00 -2.198888e+00 -1.925008e+00 -1.215860e+00 -5.187879e-01 -5.749475e-01 2.243328e-03 -4.471519e-01 1.876875e+00 -2.852696e+00 -2.794378e+00
2.646503e+00 2.520776e+00 8.263299e-01 -4.831560e+00 -8.945729e-01 -2.012778e+00 -1.008397e+00 5.424083e-01 1.464643e+00 -5.712761e-01 2.597604e+00 -2.687664e+00
