5.422927e+00 -6.042447e-01 7.641267e-01 -3.645505e-01 -7.327668e+00 -3.441308e+00 2.783995e-02 -3.563657e+00 -1.624410e-01 -8.639244e-01 -3.259706e+00 2.847269e-01
6.029020e+00 1.059039e+00 1.540284e+00 7.211320e-01 -5.704492e+00 -3.311905e+00 -7.776189e-01 -2.872861e+00 8.753422e-01 -1.150886e+00 -2.564821e+00 -2.723876e-01
3.301410e+00 -2.527637e+00 3.215679e-01 2.335079e-01 -6.817822e+00 -2.445548e+00 1.107851e+00 -3.098058e+00 3.619535e-01 4.468916e-01 -2.415079e+00 1.169499e+00
4.580752e+00 2.506720e+00 1.835181e+00 1.325045e+00 -2.481407e+00 -9.785526e-01 -1.365955e+00 -1.827139e+00 -9.694763e-02 -1.888611e+00 -1.664293e+00 -1.293664e+00
1.238835e+00 -2.532079e+00 7.006779e-02 7.309512e-01 -4.430106e+00 -7.281275e-01 2.173882e+00 -1.612311e+00 2.863689e-01 8.583001e-01 -1.786529e+00 5.287932e-01
9.256268e-03 -1.292234e+00 1.042223e+00 -2.629075e+00 -5.216186e-01 7.049519e-01 -9.659199e-02 1.686240e+00 -2.870445e+00 1.934067e+00 -3.406205e-01 -3.904555e+00
3.387395e-01 -2.440991e+00 -1.975402e+00 -5.686375e-01 -2.067122e+00 1.975943e+00 1.417699e+00 1.744567e+00 2.685561e-01 3.988656e-01 -9.766984e-01 9.514211e-01
3.736150e-01 -2.122765e+00 -9.628223e-01 -9.309915e-01 -1.906791e+00 4.727953e-01 1.421532e+00 1.558296e+00 -6.775232e-02 9.505523e-01 -8.100367e-01 5.428746e-01
-2.989976e+00 -2.067992e+00 -1.522150e+00 -8.717734e-01 -1.595839e+00 4.873853e-01 1.699978e+00 -1.442800e+00 9.432322e-01 3.953208e+00 -2.537027e+00 6.342507e-03
-3.513384e-02 -2.232051e+00 -2.438821e+00 -7.875429e-01 -1.362587e+00 3.088733e+00 1.161624e+00 2.294919e+00 8.324882e-01 1.761209e-01 -1.016984e+00 2.284835e-01
6.950734e-01 -1.947571e+00 -7.688942e-01 -1.768049e-01 -2.324168e+00 -1.330893e-01 2.532375e+00 -5.953407e-03 -1.902814e-01 2.250269e+00 -1.474505e+00 5.151144e-01
-5.368645e-01 -1.835123e+00 -2.601297e+00 -1.327008e+00 1.230953e-01 3.819073e+00 8.844436e-01 2.192572e+00 8.449014e-01 2.003170e-01 -9.466804e-01 -5.553383e-01
6.964502e-01 -1.684533e+00 -4.261180e-01 2.353226e-01 -2.537251e+00 4.088116e-03 2.268260e+00 -5.140958e-01 -3.597095e-02 1.911181e+00 -7.980884e-01 3.376927e-01
-7.755559e-01 -1.600288e+00 -2.210716e+00 -1.565588e+00 1.159543e+00 4.069889e+00 1.089349e+00 8.446141e-01 7.859119e-01 -2.189459e-01 -1.052500e+00 -4.889041e-01
-1.826102e+00 -1.139299e+00 -1.173713e+00 -5.650182e+00 -3.583891e+00 -2.489096e+00 -1.970454e+00 -1.676754e+00 3.863053e+00 -4.120240e-01 1.511763e+00 2.855004e+00
2.069447e+00 2.091163e+00 2.190852e+00 2.217501e+00 -2.348174e-01 6.939318e-01 -1.693213e+00 -1.151949e+00 -2.825548e-01 -9.408157e-01 -7.056706e-01 -1.055622e+00
2.317365e-01 6.257272e-02 7.370266e-01 -1.114689e+00 -1.011347e+00 -1.113879e+00 -5.634707e-01 4.672735e-01 -1.110285e+00 -1.693535e-01 -7.762661e-01 -1.026847e+00
-8.424104e-01 -1.600914e+00 -9.051980e-01 -1.948407e+00 2.140549e+00 3.524011e+00 5.581608e-01 1.726381e-01 1.185200e-01 -1.295066e+00 -3.515069e-01 -4.393774e-01
9.277640e-02 -5.297183e-01 7.641560e-01 -8.953629e-01 6.384587e-01 6.352269e-01 1.475744e+00 9.482106e-01 -2.274554e+00 2.662094e-01 -1.064152e-01 -3.150111e+00
-3.116348e+00 -1.750217e+00 -1.217040e+00 1.547687e+00 -4.177475e-02 8.152018e-01 6.600439e-01 -1.870840e+00 6.130668e-01 6.419241e+00 -2.601708e+00 -1.095747e+00
-5.408937e-01 -1.431714e+00 -7.019998e-01 -9.250427e-01 1.873255e+00 2.916611e+00 5.954139e-01 -1.290927e+00 -2.938757e-02 -1.676221e+00 -3.476132e-01 5.656978e-01
-2.419773e+00 2.342490e+00 -7.677208e-01 -8.571277e-01 -1.957369e-02 -1.330716e+00 9.118644e-01 5.261253e-01 -1.573851e+00 -1.590925e+00 5.032549e+00 9.059179e-01
2.822762e-01 5.780885e-02 -1.042299e+00 -2.930349e-02 1.077970e+00 1.082097e+00 -7.218457e-01 2.631957e+00 2.318938e+00 2.423470e+00 2.900700e-01 -2.426025e-01
-1.897616e-01 -1.321602e+00 -8.732704e-01 -1.148942e-02 1.614504e+00 2.541159e+00 5.268006e-01 -2.537032e+00 4.711652e-01 -1.754828e+00 2.025520e-01 8.847876e-01
4.617473e-01 3.038193e-01 -7.876762e-01 1.840464e-01 7.471970e-01 3.725156e-01 -1.774538e-01 1.221429e+00 2.771516e-01 8.545597e-01 -6.037930e-01 1.777424e-01
-1.203593e+00 -9.429595e-01 -1.438462e+00 -4.137261e+00 -2.897923e+00 -6.729355e-01 2.186426e-01 -1.227751e+00 2.204259e+00 -4.723824e-01 -1.580105e+00 1.835669e+00
-5.175831e-01 -5.360748e-01 2.548938e-01 -7.232102e-01 -4.439045e-01 6.114972e-03 1.733245e+00 2.396618e+00 1.233841e+00 1.190849e+00 3.124749e-01 3.257720e-01
-4.289865e-02 2.345699e-01 -5.117690e-01 2.872035e-01 -8.631901e-02 3.247668e-01 1.140431e+00 2.572348e+00 1.646993e+00 1.091198e+00 -1.228585e-02 4.023597e-01
5.521288e-02 9.068568e-01 8.521584e-01 4.467101e-01 8.668764e-01 5.634406e-01 1.071653e+00 5.492880e-01 -2.493248e-01 1.292386e+00 1.925008e+00 4.886836e-01
-2.341641e-01 -7.875938e-01 -9.077955e-01 2.562565e-01 1.651422e+00 2.065919e+00 -3.380765e-01 -2.454980e+00 4.616154e-01 -9.139841e-01 8.125609e-01 6.392251e-01
-2.669567e-01 -1.326892e-01 -7.027476e-01 -1.190574e+00 -9.506769e-02 1.221026e+00 2.626882e+00 1.309055e+00 1.670421e+00 2.032977e+00 -1.779014e-01 -9.435558e-02
-3.752432e-01 -5.756896e-01 -4.082232e-01 -1.278545e+00 -4.669932e-01 1.001121e+00 2.772781e+00 2.015812e+00 4.455733e-01 1.228574e+00 -6.176544e-01 3.882629e-01
-3.064338e-01 -4.943815e-01 -1.215959e+00 5.276520e-01 1.600069e+00 1.719158e+00 -4.715610e-01 -2.779039e+00 8.442766e-01 -9.379553e-01 2.246629e+00 -4.938073e-01
-3.741400e-01 -1.227500e-01 4.506164e-01 6.638400e-01 7.660068e-01 1.833944e-01 -8.756938e-01 9.281662e-01 1.996544e+00 1.050034e-02 1.684923e+00 8.447386e-01
-8.126615e-01 -5.330719e-01 2.233729e-01 -6.714612e-01 -1.007164e+00 2.598205e-01 -6.680611e-01 -1.133031e+00 2.554116e-01 -1.964385e-01 7.787400e-01 1.114233e+00
2.185641e-01 2.896500e-01 -2.496156e-01 3.223859e-01 1.123629e+00 3.887164e-01 -1.038788e-01 -5.192314e-01 -5.030875e-01 1.491913e+00 -2.030275e-01 -3.840140e-01
-4.271130e-01 6.949630e-02 6.397551e-01 2.097032e-01 4.498584e-01 8.479058e-01 -4.199629e-02 3.679052e-01 1.951347e+00 2.355319e-02 1.675641e+00 1.665215e+00
-4.165323e-01 -3.022655e-01 7.435827e-01 -1.935312e-01 4.949996e-01 6.793915e-01 1.900257e-01 1.537186e+00 1.499810e+00 5.846108e-01 7.988648e-01 4.824953e-01
8.856485e-01 1.309757e+00 1.913965e+00 7.535015e-01 -2.975167e-01 -8.560765e-01 -1.496098e+00 -4.504684e-01 5.777291e-01 -1.815804e-01 -9.697031e-01 1.122053e-01
2.651157e-01 5.669280e-01 3.183007e-01 -1.229051e+00 -5.424885e-01 -1.185247e+00 5.864618e-01 1.293968e+00 1.486917e+00 1.481567e+00 1.639860e+00 1.429713e+00
-5.749922e-02 5.389079e-01 -1.504311e-01 6.264919e-01 3.924968e-01 -2.661571e-01 -3.988881e-01 -2.436800e-01 1.707477e+00 -2.755733e-01 6.788618e-01 -6.873973e-01
-2.902131e-01 7.364788e-02 -6.097523e-02 1.211140e-01 -2.112192e-01 1.218204e-02 5.834821e-01 6.594518e-01 -3.233519e-01 -1.708478e-01 -1.053979e+00 -5.205520e-01
-6.393107e-01 -1.638617e-01 9.513044e-01 -1.765119e+00 -4.335784e+00 1.545130e+00 4.905637e+00 1.049951e+00 -3.074707e+00 3.455597e-01 2.438267e-01 2.939321e+00
-5.263655e-01 2.567884e-01 -4.474111e-01 -2.014398e+00 -2.644504e+00 1.914540e+00 3.134330e+00 -1.063656e+00 -3.563338e+00 -5.593596e-02 5.335594e-01 2.706952e+00
-1.499408e+00 1.222844e+00 -2.126236e+00 1.640081e+00 1.184587e+00 3.366852e-02 -8.356220e-01 -6.655086e-01 -2.888109e-01 5.288644e-02 2.324614e+00 -8.963135e-01
-2.572231e-02 3.203141e-01 -5.277869e-01 -1.334690e-01 1.178596e-01 1.287186e+00 3.750888e-01 -8.705401e-01 -6.922987e-01 -1.681362e+00 -1.352407e+00 6.222153e-03
-1.933861e-01 -1.317711e-01 2.738689e-01 5.121625e-01 1.115372e+00 1.621350e+00 6.225824e-03 -4.101964e-01 5.717508e-01 -6.789032e-01 1.206450e+00 2.228522e-01
-1.769851e-01 -4.529144e-01 -6.045762e-01 1.373524e-01 1.788208e+00 1.039153e+00 -4.990024e-01 -2.682838e+00 1.080185e+00 -8.079554e-01 2.765479e+00 -6.775612e-01
-3.878565e-01 -1.218139e-01 -7.341491e-01 5.528185e-01 1.367265e+00 7.268821e-01 -8.223438e-01 -1.511426e+00 3.588186e-01 -4.074025e-01 2.629189e+00 -6.049415e-01
-9.429175e-01 6.634163e-01 -1.747946e+00 2.274805e+00 4.748777e-01 1.255915e-01 -1.896866e+00 4.159857e-01 -8.747633e-01 1.049261e+00 1.502033e+00 -4.935606e-01
2.055225e-01 1.427722e+00 2.742249e-01 -7.894155e-01 4.841304e-03 9.638233e-01 1.186538e+00 -2.412251e+00 2.019413e+00 4.759286e-01 -2.521857e+00 -1.153431e+00
1.561559e-01 1.309414e-01 8.669448e-02 -5.398896e-02 -8.262771e-01 -1.501013e+00 -9.144300e-01 -1.676413e+00 -1.901432e+00 -1.974745e+00 -1.047135e+00 -9.182587e-01
3.356562e-02 -3.675969e-01 5.759767e-02 3.371855e-01 8.286117e-01 7.175041e-01 1.100277e+00 6.419551e-01 -1.336575e+00 -1.008848e+00 1.084665e+00 -6.480569e-01
-3.702539e-01 1.194759e+00 3.090563e-02 -5.478439e-01 -2.500668e-01 -4.461050e-03 7.367272e-01 -3.508371e+00 1.938189e+00 -2.683461e-01 -1.622385e+00 1.526279e+00
-5.035742e-01 -3.727973e-02 5.964735e-01 -4.426642e-01 -3.094128e-01 -3.689206e-01 -1.563212e-01 -2.142113e+00 -4.313349e-01 2.404558e-01 4.461234e-01 -4.357232e-01
-1.271738e-01 5.199704e-01 2.878376e-01 1.647948e+00 -4.127768e-01 -2.410960e+00 -6.580905e-01 -5.028208e-01 -1.250180e-01 3.259182e-03 -1.554401e-01 4.773425e-01
1.311553e-01 -5.065002e-01 -7.785800e-01 2.159591e+00 5.716633e-01 -3.180637e-01 -2.553433e+00 8.659621e-01 -8.109198e-01 1.190166e+00 1.350628e+00 -3.475245e-01
4.703259e-01 1.467644e+00 6.570991e-01 -3.511832e-01 6.687786e-01 1.614304e+00 1.203571e+00 7.241660e-01 1.242075e+00 1.679645e+00 -7.307431e-01 -2.450500e+00
6.230200e-01 5.854523e-01 9.858991e-01 -1.443203e+00 -1.414604e+00 -2.027748e+00 -1.490628e-01 5.097938e-01 7.930555e-02 4.589680e-01 -3.080009e-01 4.462236e-01
-1.804883e+00 -3.621346e-01 -2.080595e+00 -6.855320e-01 -7.433748e-02 8.511975e-01 8.291389e-01 2.201689e-01 -1.091552e+00 2.473948e+00 -2.565667e-01 -4.649814e-01
-9.284230e-02 3.873501e-01 -5.109368e-02 1.484738e-01 -1.285395e-01 1.204534e-01 -1.204751e-01 -2.770409e+00 6.931214e-01 1.373214e-01 2.045577e-01 1.929559e+00
-1.090254e+00 1.809590e+00 1.963688e+00 2.248162e+00 3.356803e+00 -1.831279e-01 -1.581148e+00 1.013511e-01 -4.336019e-01 5.078322e-01 2.890049e+00 -8.342068e-01
-1.924287e+00 -8.681282e-01 -1.236088e+00 -3.975204e+00 -1.085447e+00 -1.312079e+00 -5.088990e-01 6.519760e-01 2.152199e+00 1.970615e+00 2.183346e+00 1.371997e+00
3.878819e-01 1.296192e+00 8.196921e-01 1.415997e+00 1.917783e+00 1.843021e+00 2.466517e-01 1.856790e+00 -9.424328e-01 7.719046e-01 1.077316e+00 -2.418035e+00
8.164597e-03 2.054081e-01 -8.595376e-02 9.856953e-02 -1.314007e-01 -8.655533e-01 -1.256682e+00 9.965506e-01 -7.460001e-01 -2.665636e+00 -1.639459e+00 1.432774e+00
1.325264e+00 -1.806077e+00 9.458970e-01 1.071795e+00 1.128001e+00 -6.766318e-01 -2.973631e+00 4.967042e-01 1.018933e-01 1.132681e+00 8.752846e-01 -7.102962e-02
-1.487064e+00 3.939708e-01 2.377846e+00 -2.495048e-01 -2.631902e+00 -1.625119e+00 2.688451e+00 3.055163e+00 -1.120481e+00 -4.739847e-01 4.869236e-01 1.304634e+00
-1.477907e+00 4.272512e-01 1.645220e+00 4.902858e-01 1.334859e+00 -3.205396e+00 -2.019990e+00 2.320623e+00 1.717288e-01 1.092155e+00 3.961661e-02 -1.204835e+00
-1.564495e+00 8.833250e-01 1.373158e+00 9.873217e-01 7.002279e-01 -2.956401e+00 -1.874195e+00 2.076411e+00 7.112642e-01 8.594853e-01 -1.750629e-01 -9.899567e-01
1.612642e+00 -2.472676e+00 2.279385e+00 4.281338e-01 1.148093e+00 -1.346558e+00 -2.640756e+00 6.330088e-01 5.044678e-01 1.082790e+00 4.083793e-02 7.705143e-01
-1.990801e-01 -3.702342e-01 2.824073e-01 -6.321309e-01 -1.106672e+00 -2.131864e+00 4.143033e-02 -1.952501e+00 -1.983089e+00 -1.219403e+00 -5.160071e-01 -7.964836e-01
-2.148745e-01 4.714041e-01 2.624794e-01 -3.946625e-01 2.204963e+00 -3.943884e-02 8.831428e-01 1.911951e-01 -9.754459e-01 -1.876562e-01 1.244273e+00 -8.132324e-01
-2.695842e-02 -7.826594e-01 1.625648e+00 7.912554e-01 1.022033e+00 -2.297637e+00 -2.138419e+00 1.033147e+00 1.109996e+00 4.381386e-01 3.738718e-01 -3.389476e-01
2.767327e-01 1.047393e+00 -2.598367e-01 4.761301e-01 1.964161e+00 3.180130e+00 -2.672777e-01 4.603299e-01 -1.601773e+00 1.658014e+00 2.353083e+00 -2.858161e-01
-7.837929e-01 7.084044e-01 1.319850e+00 1.431272e+00 -2.053698e-01 -1.504637e+00 -1.955987e+00 1.047293e+00 1.108353e+00 1.203447e-01 -2.920929e-01 -8.693644e-01
-6.146194e-01 1.053056e+00 -4.305325e-01 -1.974169e-01 2.244695e+00 1.023774e+00 -2.478663e-01 -8.303084e-01 5.387015e-02 -1.939323e-01 -2.683411e-01 -9.917289e-01
-4.324189e-01 6.348405e-01 1.461088e-01 -7.717231e-01 2.892526e+00 2.242282e-01 9.837330e-01 -9.848321e-01 -2.939549e-01 3.339512e-01 2.176279e-01 -1.372293e+00
-4.895999e-01 1.192873e+00 -1.008880e+00 -1.385723e+00 6.081785e-01 1.662979e+00 1.776472e-01 -9.110726e-01 -2.529382e+00 -5.882241e-01 2.183165e+00 2.859553e+00
-9.324383e-01 1.132183e+00 2.453706e-01 3.778736e-01 9.471709e-01 1.540785e+00 -3.311918e-01 -7.931269e-01 1.591953e+00 -8.635057e-01 -9.601845e-01 -6.422035e-01
-1.573087e+00 1.501995e+00 3.475084e+00 1.500685e+00 4.227206e-01 -2.078279e+00 -2.359886e-02 2.348531e+00 4.513370e-01 -9.642290e-01 -2.244787e-02 -1.043000e+00
-1.429128e+00 2.712291e+00 2.851212e+00 2.265460e+00 4.048813e+00 -1.567886e+00 -2.937334e+00 6.698973e-01 7.615451e-01 -1.834587e+00 1.243698e+00 -1.187428e+00
1.333729e-01 4.449302e-01 1.612667e+00 1.370673e+00 -6.811293e-01 -7.945255e-01 -7.627935e-01 -1.280968e+00 8.640932e-01 -7.631706e-01 -1.205837e+00 9.155513e-01
-5.233169e-01 1.158319e+00 -1.118830e-01 2.975966e+00 1.069552e-01 -5.329713e-01 7.040383e-01 -1.821522e-01 1.333044e+00 -4.519300e-01 4.328384e-01 3.286290e+00
7.816539e-02 1.612862e+00 3.555647e-01 3.362145e-01 2.852648e+00 -9.952376e-01 7.109914e-01 3.370049e+00 -3.608033e+00 -2.731700e+00 4.291263e-01 -4.461982e-01
-4.790506e-01 9.547729e-01 -5.130842e-01 1.884287e+00 4.694493e-01 2.404269e-01 1.219589e+00 -3.239163e-01 9.968892e-01 -6.531318e-01 -1.090325e+00 1.539298e+00
-1.523905e+00 1.622649e+00 1.079957e+00 1.439456e+00 1.221852e+00 1.505464e+00 1.207716e+00 2.166291e-01 1.256032e+00 -1.368630e-01 -7.387056e-01 -6.900159e-01
3.207886e-01 2.255820e+00 8.382252e-01 5.647557e-01 3.178343e+00 -1.437819e+00 2.981333e-01 3.615596e+00 -4.453475e+00 -4.651519e+00 -9.589813e-01 7.356486e-01
1.116972e+00 1.119102e+00 1.652486e+00 1.690562e+00 6.227463e-01 -7.803535e-01 2.578874e-01 -5.613528e-01 -8.987426e-01 -4.099426e+00 -1.869070e+00 1.104728e+00
-2.040236e+00 1.474008e+00 5.745010e-01 1.970550e+00 3.390640e+00 9.807913e-01 1.494264e+00 7.949970e-01 9.800177e-01 2.403117e+00 5.540125e-01 -1.743586e+00
6.744769e-01 2.035663e+00 1.369909e+00 9.281949e-01 2.383753e+00 -1.092382e+00 -7.628374e-02 2.266963e+00 -3.826686e+00 -5.086418e+00 -1.824943e+00 1.289211e+00
7.693388e-01 1.626704e-01 1.870028e+00 9.836006e-03 -7.525328e-01 3.192165e-01 -9.236261e-01 -6.271905e-01 -2.199348e+00 8.237505e-01 5.568857e-02 4.541469e-01
-2.219384e+00 1.033393e+00 -5.946424e-02 1.610314e-01 3.041438e+00 -2.105606e-01 8.826548e-01 1.033931e+00 2.229397e+00 3.389026e+00 1.302999e+00 -1.479937e+00
3.422787e-01 3.717371e+00 -1.589653e-01 -5.987526e-01 9.958261e-01 -4.360995e-01 2.603473e+00 2.235345e+00 -2.755923e+00 -1.992347e+00 5.556174e+00 -9.006718e-01
5.938220e-01 2.215077e+00 9.569923e-01 -7.690568e-01 4.636638e-01 3.275681e-03 1.311456e+00 1.794040e+00 -2.258067e+00 -8.721398e-01 3.259124e+00 -1.153081e+00
1.487550e+00 -1.645633e-01 5.545908e-01 -9.555598e-01 1.585883e-01 3.643467e-01 -2.039264e+00 -6.763294e-01 -1.435700e+00 -4.380225e-01 -2.490037e+00 3.552274e-01
