1.138257e+01 -3.200771e+00 -1.084486e+01 -1.636115e+01 3.605615e+00 1.299067e+01 -5.704409e+00 -8.350468e+00 -8.714257e+00 2.412768e+00 -3.470454e+00 1.355372e+00
1.178307e+01 -2.452232e+00 -1.014974e+01 -1.906281e+01 -6.744990e-01 1.097936e+01 -2.838628e-01 -4.109242e+00 -1.339581e+01 -3.915405e+00 -1.600143e+00 7.619815e-01
1.004294e+01 -6.605940e+00 -8.770792e+00 -1.293218e+01 4.825003e+00 1.049538e+01 -7.110498e+00 -1.180764e+01 -3.569514e+00 5.705851e+00 -6.878201e+00 6.639671e-02
9.718904e+00 -7.066517e+00 -1.037059e+01 -8.366414e+00 4.200741e+00 1.150090e+01 -9.277194e+00 -1.039758e+01 -3.867523e+00 5.820312e+00 -7.151327e+00 -1.403508e+00
9.508654e+00 -6.536426e+00 -1.041426e+01 -6.080885e+00 3.841659e+00 8.291386e+00 -8.545244e+00 -1.032414e+01 -6.744709e-01 4.833920e+00 -1.110786e+01 2.794242e-01
8.290804e+00 -7.301628e+00 -9.319189e+00 -2.183568e+00 1.934253e+00 4.210562e+00 -8.895878e+00 -4.927714e+00 -3.184247e-01 4.667515e+00 -1.749432e+01 2.582827e-01
7.090204e+00 -5.998929e+00 -8.861383e+00 -2.634072e+00 3.139888e+00 1.229123e+00 -9.561225e+00 -6.709633e-01 -4.180717e-02 5.907650e-01 -1.891068e+01 1.984121e+00
9.451835e+00 -6.097190e+00 -1.074342e+01 -4.628470e+00 3.401476e+00 6.563754e+00 -8.178216e+00 -9.920137e+00 -1.080379e-01 5.549356e+00 -1.356834e+01 -1.831672e+00
1.445950e+01 1.315618e-01 -1.019531e+01 -1.538742e+01 -4.778378e+00 9.430776e+00 1.719915e+00 -2.200105e+00 -1.069206e+01 -3.917418e+00 -7.595620e-01 -4.526342e+00
7.568454e+00 -6.645916e+00 -7.730637e+00 1.772403e-01 -1.336634e+00 6.527992e-01 -4.966315e+00 -3.279489e+00 2.079952e+00 -2.787721e+00 -1.785047e+01 4.868134e+00
7.306507e+00 -7.188082e+00 -5.594712e+00 1.952670e-01 -2.452523e+00 1.512312e+00 -6.027063e+00 -1.637349e+00 1.759900e+00 -4.436373e+00 -1.579852e+01 4.640705e+00
7.519730e+00 -6.615513e+00 -4.986930e+00 5.884631e-02 -3.992443e+00 6.545423e-01 -2.953572e+00 -1.880510e+00 1.280975e-02 -4.102625e+00 -1.527149e+01 6.221570e+00
7.614774e+00 -6.859140e+00 -2.781954e+00 2.414777e+00 -6.651728e+00 -7.154524e-01 -3.753834e+00 2.063995e+00 -1.589579e+00 -3.596291e+00 -1.343159e+01 4.198203e+00
1.444179e+01 4.158673e+00 -1.003207e+01 -1.474038e+01 -4.752953e+00 6.195712e-01 2.951988e+00 1.004152e+00 -1.457075e+01 -2.801853e+00 4.693051e+00 -9.515493e+00
6.531996e+00 -6.430487e+00 1.881816e+00 -7.293453e-01 -7.104809e+00 1.730872e+00 -7.132454e+00 6.087698e+00 -4.468057e+00 -4.208047e+00 -1.082079e+01 2.865020e+00
5.090421e+00 -5.596215e+00 5.993596e+00 -1.271122e-01 -6.365875e+00 2.385259e-01 -5.953119e+00 4.202838e+00 1.317197e+00 -5.371632e+00 -1.005149e+01 2.303831e+00
1.411976e+01 6.281250e+00 -8.029280e+00 -1.287304e+01 -9.932386e+00 -5.428243e+00 -5.874350e-01 1.483262e-03 -1.296667e+01 -4.781005e+00 1.462432e+00 -9.325738e+00
5.372423e+00 -2.241110e+00 7.816536e+00 7.423274e-01 -5.086949e+00 -1.157057e+00 -4.587379e+00 -1.018052e+00 3.157791e+00 4.457240e-01 -1.195179e+01 2.216790e+00
5.478347e+00 5.641954e+00 6.557084e+00 3.081713e+00 2.758220e+00 -1.121204e+01 -3.562053e+00 1.383620e+00 -4.583847e+00 -2.674244e+00 -7.517972e+00 -2.707946e-01
1.534130e+01 9.783751e+00 -4.968215e+00 -1.116954e+01 -1.188090e+01 -9.342282e+00 -3.430512e+00 1.001754e+00 -7.180726e+00 -1.860392e+00 6.078080e+00 -6.591713e+00
3.880947e+00 2.187726e+00 9.469124e+00 -1.205245e+00 -2.080184e+00 -8.938826e+00 -9.382517e-01 9.049758e-01 -1.045127e+01 -1.369330e+01 -9.132746e+00 -5.390938e+00
3.902896e+00 2.481704e+00 9.242094e+00 1.356957e+00 1.063551e+00 -1.007049e+01 -1.590789e+00 -2.959452e+00 -1.072919e+01 -9.772100e+00 -8.318365e+00 -7.237226e+00
4.343623e+00 3.645501e+00 1.040502e+01 1.108314e+00 -4.506269e+00 -1.076204e+01 5.344340e+00 3.236144e+00 -1.267421e+01 -8.730774e+00 -4.599137e+00 -7.526992e+00
4.954021e+00 3.001577e+00 9.718344e+00 1.995886e+00 -3.838593e+00 -1.120630e+01 4.972463e+00 2.647923e+00 -1.330935e+01 -7.192712e+00 -2.237479e+00 -8.982278e+00
5.505628e+00 7.260091e+00 7.205882e+00 2.382533e+00 3.907471e+00 -1.514666e+01 -2.717088e+00 4.754045e+00 -6.145551e+00 -5.741813e+00 -9.728208e-01 -4.382690e+00
5.085708e+00 4.592916e+00 9.111176e+00 1.822008e+00 -1.946236e+00 -1.393551e+01 5.608357e+00 4.739784e+00 -1.669059e+01 -4.134643e+00 -3.741109e+00 -3.887245e+00
4.064109e+00 3.781017e+00 1.064253e+01 -2.372834e-01 -3.350002e+00 -1.049695e+01 3.603855e+00 2.669813e+00 -1.006875e+01 -1.035932e+01 -7.669070e+00 -7.766749e+00
3.632471e+00 1.975508e+00 8.406082e+00 9.302550e-01 6.637506e+00 -1.420059e+01 -3.600478e+00 -5.169377e+00 -1.185092e+01 -9.843254e+00 -6.182026e+00 -7.180802e+00
5.805088e+00 5.088267e+00 1.038502e+01 1.316219e+00 -1.254652e+00 -1.289609e+01 1.107511e+00 2.430391e+00 -9.458104e+00 -3.674348e+00 -2.873082e-01 -7.195847e+00
3.438166e+00 2.734712e+00 1.069008e+01 1.315487e+00 3.644447e+00 -1.084773e+01 -5.050036e+00 -8.700165e+00 -8.439550e+00 -6.822760e+00 -9.360323e+00 -1.152501e+01
1.401994e+01 1.261913e+01 -4.158282e+00 -1.095487e+01 -1.511124e+01 -1.266390e+01 -3.163533e+00 -1.222950e+00 -7.503532e+00 -7.860287e+00 -1.098553e+00 -5.770436e+00
4.794450e+00 1.735897e+00 9.168650e+00 4.824477e+00 3.637878e+00 -7.119739e+00 -4.209637e+00 -1.131581e+01 -9.012064e+00 -1.014443e+01 -8.712421e+00 -1.342810e+01
4.840996e+00 3.388951e+00 9.073424e+00 7.770329e+00 2.801586e+00 -7.480301e+00 -2.577892e+00 -7.602213e+00 -1.069218e+01 -1.159594e+01 -7.838922e+00 -1.259971e+01
2.725436e+00 3.679748e+00 8.811413e+00 1.133603e+01 5.833596e+00 -7.110364e+00 -3.811176e+00 -4.419553e+00 -8.795046e+00 -1.584799e+01 -1.009141e+01 -1.797274e+01
8.726872e+00 1.484767e+01 2.693832e+00 -7.217893e+00 -1.222299e+01 -1.037728e+01 -3.509286e+00 -6.484833e+00 -6.062145e-01 -3.654554e+00 -5.172297e+00 -6.766354e+00
1.868968e+00 1.732757e+00 6.397113e+00 1.011362e+01 7.677091e+00 -2.315720e+00 -8.992951e-01 -1.534577e+00 -9.505177e+00 -1.452287e+01 -9.205404e+00 -1.317144e+01
5.357375e-01 9.662044e-01 4.153180e+00 6.910804e+00 4.374140e+00 -4.162641e+00 3.633492e-01 -5.316834e+00 -7.485630e+00 -1.428749e+01 -9.320368e+00 -1.033513e+01
-8.900328e-01 -1.228940e+00 2.608018e+00 5.592262e+00 2.464334e+00 -4.696558e-01 -3.496432e+00 1.140508e+00 3.692570e+00 -9.777678e+00 -4.755524e+00 -1.153354e+01
1.590486e-01 8.856171e+00 3.407922e+00 2.455272e+00 9.837526e-01 -1.310962e+00 -1.910584e+00 -7.881305e+00 -2.011669e+00 -3.622305e+00 -3.341832e-01 -5.246982e+00
-7.862571e+00 3.120937e+00 -2.754929e+00 3.169791e+00 -1.220742e+00 7.436618e+00 1.822547e+00 7.636305e+00 1.400194e+01 1.513493e+01 7.576688e+00 5.449493e+00
-9.447599e+00 -6.488153e+00 5.997193e+00 1.305686e+00 -7.034981e+00 7.366274e+00 7.006753e+00 4.053946e+00 -1.928018e+00 -2.678167e+00 2.125348e+00 5.160499e-01
-6.953718e+00 3.127723e+00 -1.552448e+00 1.412304e+00 -6.294796e-01 8.679994e+00 4.877004e+00 7.912467e+00 1.192125e+00 7.179882e+00 7.969631e+00 6.044094e+00
-1.089758e+01 -7.068002e+00 7.481048e+00 2.426539e+00 -5.063587e+00 3.660569e+00 3.606369e-01 4.326406e+00 8.647210e+00 5.834539e-01 1.242113e+01 1.009621e+01
-9.058558e+00 2.227080e+00 -1.287446e+00 4.056818e+00 2.753513e-01 7.862603e+00 1.085079e-01 2.785029e+00 7.142407e+00 1.278507e+01 1.494150e+01 5.626907e+00
-2.678173e+00 -1.188503e+00 2.686869e+00 6.336416e+00 4.038229e+00 5.958985e+00 1.661062e+00 5.618256e+00 1.932525e+00 -1.735631e+00 4.014202e+00 -3.354869e+00
-3.277307e+00 -2.018896e+00 -3.312190e+00 2.128865e+00 8.836610e-01 3.598496e+00 3.876952e+00 1.057437e+01 8.689939e+00 5.388472e+00 5.350191e+00 -1.481395e+00
-4.584062e+00 -3.832119e+00 2.009110e+00 1.752943e+00 2.576947e-02 1.200232e+01 1.434474e+01 8.194340e+00 6.864570e+00 2.385459e+00 3.317107e+00 2.813700e+00
-1.019774e+01 -4.085835e+00 5.746788e+00 2.671566e+00 -3.638056e+00 2.471212e+00 3.387530e+00 1.412226e+00 9.911559e+00 9.720414e-01 1.129833e+01 6.628798e+00
-5.654486e+00 -6.160302e+00 -3.228539e+00 3.724540e-01 -4.191571e+00 3.253016e+00 6.856477e-01 8.958241e-01 1.453810e+00 -2.760707e+00 4.421686e+00 4.809501e+00
-9.361164e+00 5.699463e-01 -7.085668e-01 5.928918e-01 6.219010e-01 1.895683e+00 1.412932e+00 -7.194588e-01 1.855563e+00 1.122820e+01 1.356660e+01 4.385820e+00
-7.210211e+00 -5.276551e+00 -6.035261e-02 -1.011464e+00 -7.413349e+00 -1.524448e+00 3.359723e-02 -3.206542e-01 5.920710e+00 3.323409e+00 5.774283e+00 4.007272e+00
-3.273754e+00 -1.320679e+00 -1.760711e+00 3.171158e+00 6.600547e-02 2.599689e+00 6.021759e+00 8.578219e+00 9.359533e+00 2.057626e+00 5.074443e+00 8.989820e-01
-5.020885e+00 -4.569737e+00 -5.130318e+00 4.451760e+00 -1.837089e+00 -4.910757e+00 3.706460e+00 3.846051e+00 1.101311e+01 6.221897e+00 5.482884e+00 5.380928e+00
-3.817825e+00 -2.851032e+00 -5.420008e+00 4.655238e+00 4.842165e+00 7.844353e-02 4.570162e-01 1.939916e+00 7.515404e+00 3.456331e+00 3.705224e+00 7.932178e+00
-5.619932e+00 -6.317607e+00 -4.124934e+00 2.877563e+00 -3.558891e+00 -3.729909e+00 -9.181666e-02 3.794352e+00 3.155864e+00 5.583806e-01 4.974663e+00 3.775184e+00
-8.841728e+00 1.146212e+00 -2.637540e+00 -1.859295e+00 2.712034e+00 8.708997e+00 5.016743e+00 2.731781e+00 7.485021e+00 9.775276e+00 8.257974e+00 5.930531e+00
-5.331120e+00 -5.097846e+00 -3.020149e+00 2.803871e+00 -3.481677e+00 -2.778334e+00 9.014781e-01 2.384445e-01 8.455374e+00 3.275422e+00 7.820965e+00 2.112645e+00
-6.045441e+00 4.071109e+00 1.308330e+00 8.060181e+00 6.174907e+00 3.254995e+00 4.292944e+00 7.506865e+00 8.981453e+00 6.590510e+00 4.049547e+00 6.237120e+00
-5.091909e+00 -4.944082e+00 -7.319948e+00 4.436824e+00 3.751126e+00 4.239000e+00 2.875619e+00 3.066484e+00 7.252243e+00 1.488556e+00 -1.775717e+00 9.067423e-01
-3.240959e+00 2.392550e+00 1.608500e+00 4.627207e+00 5.961770e+00 2.904661e-01 6.355062e-01 2.303679e+00 3.516958e+00 -1.085269e+00 2.701194e+00 4.318218e+00
-6.418040e+00 3.765100e+00 1.935671e+00 5.077707e+00 3.999032e+00 4.408053e+00 1.013396e+01 9.400681e+00 1.213352e+01 8.298779e+00 7.540384e+00 8.111402e+00
-6.492139e+00 5.783095e-01 -1.997282e-01 2.274196e+00 1.976132e+00 2.909933e+00 -1.974809e+00 -2.337172e-01 5.422333e+00 6.325207e+00 5.412282e+00 6.266731e+00
-4.804516e+00 3.313790e+00 -1.456364e+00 3.979653e-01 -1.136923e+00 -8.112452e-01 2.414093e+00 2.107167e+00 4.362637e+00 5.451420e+00 9.622108e+00 6.066283e+00
-4.895181e+00 -4.095258e+00 -8.158751e+00 1.344570e-01 5.764138e+00 3.384930e+00 -6.677752e+00 -5.363951e+00 4.017065e+00 3.546120e+00 5.567486e+00 1.405485e+00
-2.439723e+00 1.861811e+00 3.545276e-01 3.565643e+00 3.658124e+00 1.815610e+00 3.774598e+00 6.934833e+00 5.925928e+00 1.545959e+00 6.575172e+00 4.438100e+00
-6.742112e+00 2.341286e+00 5.808673e-01 1.228707e-01 4.436429e+00 4.250838e+00 4.612868e+00 1.277956e+00 4.823075e+00 5.712973e+00 1.045523e+01 4.207872e+00
-4.672434e+00 4.913713e+00 1.990697e+00 2.239479e-02 1.591452e+00 1.714814e+00 1.400242e+00 -3.743834e+00 -3.795197e+00 -6.977682e-01 -8.853841e-01 -2.678054e+00
-8.177880e+00 8.988237e-01 -1.291113e+00 -1.138024e+00 7.287378e-01 4.011575e+00 4.511861e+00 3.652728e+00 9.165335e+00 6.392917e+00 7.717134e+00 2.782801e+00
-4.999955e+00 -1.854914e+00 -6.176270e+00 -4.537137e+00 3.761036e+00 9.624430e+00 3.619180e+00 -3.779582e+00 4.029591e+00 8.011545e+00 1.184095e+01 3.983158e+00
-7.062650e+00 -9.268372e-01 -4.385469e+00 -3.289306e+00 -2.455649e-01 2.478924e+00 9.365785e-01 -6.445218e+00 5.620705e+00 9.620213e+00 1.046708e+01 8.520000e+00
-8.176294e+00 2.579059e+00 4.461168e-01 1.368904e+00 5.988535e+00 8.918626e-01 4.331650e+00 5.114217e+00 4.682055e+00 3.250005e+00 1.009874e+01 2.158938e+00
-9.007147e+00 1.157344e+00 5.250340e-01 -8.566821e-02 1.738965e+00 3.267623e+00 3.437344e+00 -1.285524e+00 2.523403e+00 2.611061e+00 1.127149e+01 2.564698e+00
-6.450776e+00 1.796526e+00 1.035636e-01 6.059793e+00 5.072894e+00 4.955985e+00 2.723519e+00 2.315840e+00 1.131455e+01 5.045156e+00 6.435850e+00 5.562667e+00
-7.537848e+00 7.709963e-01 1.240841e+00 3.132557e+00 2.481686e+00 3.331394e+00 3.329997e-01 -9.516367e+00 -1.081253e+00 4.486770e+00 5.899508e+00 3.788399e+00
-8.265018e+00 -1.193635e-01 -1.355984e+00 3.363706e+00 4.761215e+00 1.520371e+00 2.308013e+00 -6.402691e+00 5.120248e+00 7.343450e+00 8.810507e+00 2.639074e+00
-8.273899e+00 2.401215e+00 5.581579e-01 4.211471e-01 2.983418e-01 8.453528e-01 3.369286e+00 9.510617e-01 7.159772e+00 6.641288e+00 4.018399e+00 1.638808e+00
-7.064326e+00 7.987220e-01 -6.803389e-01 -2.260526e+00 -5.868371e-01 -1.751480e+00 1.499477e+00 5.075484e+00 8.611603e+00 6.440685e+00 1.070131e+01 8.569301e+00
-6.577795e+00 3.067787e-01 1.921414e+00 1.781817e+00 9.155051e-01 1.273215e+00 3.593521e+00 3.066540e+00 7.104866e+00 3.016147e+00 3.480259e+00 7.870529e+00
-8.888977e+00 1.815549e+00 2.986069e+00 4.270910e+00 1.936586e-01 -2.844501e-02 8.081163e+00 7.038620e+00 2.709481e+00 2.487951e+00 6.163383e+00 4.584107e+00
-9.094616e+00 -2.465606e-01 6.549866e-01 -1.316767e-01 1.907985e+00 -2.413583e-01 -3.508453e+00 -1.677760e+00 7.881309e+00 6.030334e+00 6.171158e+00 3.831237e+00
