1.102163e+01 -1.427661e+01 7.811666e+00 4.993342e+00 -1.104355e+01 -1.780828e+01 -1.815749e+00 -1.512426e+01 9.769765e-01 9.534769e+00 -8.168961e+00 5.314881e+00
9.020589e+00 -1.251837e+01 5.617844e+00 3.899816e+00 -8.320854e+00 -1.631895e+01 1.163273e+00 -1.316621e+01 2.308672e+00 6.434185e+00 -8.117733e+00 2.879287e+00
1.186967e+01 -1.487435e+01 8.709265e+00 4.445845e+00 -9.878275e+00 -1.919434e+01 -3.395641e+00 -1.526682e+01 3.005285e+00 1.163383e+01 -7.514806e+00 4.432514e+00
1.012923e+01 -1.300885e+01 7.076025e+00 3.811791e+00 -9.468461e+00 -1.880332e+01 -4.775099e+00 -1.561210e+01 2.745267e+00 1.104252e+01 -7.800276e+00 4.569497e+00
1.115407e+01 -1.353063e+01 6.388676e+00 5.249470e+00 -9.866204e+00 -1.598657e+01 -5.963928e+00 -1.696229e+01 3.235513e+00 1.096404e+01 -7.280025e+00 6.364797e+00
-1.679354e+01 -5.437201e+00 4.800147e+00 -9.567704e+00 -9.809072e+00 -5.187412e+00 -3.495695e+00 9.582226e+00 2.264185e+00 -5.019862e+00 5.257145e+00 1.607144e-01
1.236985e+01 -1.282231e+01 4.128808e+00 7.615399e+00 -1.164317e+01 -1.332612e+01 -8.239889e+00 -1.705926e+01 2.548287e+00 8.627715e+00 -5.894500e+00 6.898222e+00
1.028241e+01 -9.846066e+00 5.384936e+00 5.142688e+00 -8.873910e+00 -1.430423e+01 1.834074e+00 -1.089881e+01 4.432953e+00 5.448016e+00 -9.701008e+00 -9.613380e-01
1.244665e+01 -1.193283e+01 5.175969e+00 5.447797e+00 -1.101240e+01 -9.679237e+00 -1.035861e+01 -1.662891e+01 3.244640e+00 5.160978e+00 -4.668075e+00 7.004828e+00
-1.172864e+01 -4.202505e+00 2.974271e+00 -1.192796e+01 -4.263303e+00 -3.047573e+00 -6.279226e+00 5.875176e+00 -1.760383e+00 -3.540967e+00 3.146531e+00 3.964729e+00
1.364393e+01 -9.739121e+00 1.786970e+00 6.870646e+00 -7.906501e+00 -1.095740e+01 -7.614739e+00 -1.766093e+01 1.045089e+00 5.048211e+00 -6.467556e+00 1.003889e+01
1.531681e+01 -9.254380e+00 5.963662e-01 6.835871e+00 -7.491839e+00 -8.544056e+00 -8.982132e+00 -1.646902e+01 -3.244657e-01 2.819722e+00 -6.108658e+00 8.654058e+00
-1.579678e+01 -5.049839e+00 1.084037e+00 -7.575141e+00 -1.231938e+01 -9.919666e+00 8.984900e-02 1.362529e+01 9.033273e+00 3.524746e+00 6.088559e+00 -1.139826e+00
1.479874e+01 -6.185700e+00 1.251476e+00 4.140662e+00 -6.858102e+00 -3.432432e+00 -1.011800e+01 -1.798395e+01 1.058225e+00 -7.831795e-01 -3.255327e+00 5.381426e+00
1.574274e+01 -4.144166e+00 6.021645e-01 3.038112e+00 -6.149346e+00 -4.401116e-01 -9.955877e+00 -1.870184e+01 6.903849e-01 -2.009751e+00 -2.852924e+00 7.181743e+00
1.691376e+01 -3.025021e+00 8.266597e-01 1.731564e+00 -5.749658e+00 -6.291497e-01 -9.247557e+00 -1.790704e+01 -1.304504e+00 -2.897449e+00 -4.267057e+00 1.022755e+01
-1.135428e+01 -8.157246e+00 1.763927e+00 -1.167737e+01 -3.445210e+00 -2.783605e+00 -7.716067e+00 8.636421e+00 -2.734640e+00 -3.427963e-01 -1.309441e-01 -4.089461e+00
1.633081e+01 -2.159564e+00 1.100318e+00 2.956754e+00 -5.607731e+00 -8.055930e-01 -8.701512e+00 -1.451514e+01 -3.830927e+00 -2.657570e+00 -4.618037e+00 9.724719e+00
-9.242895e+00 -3.208972e+00 4.964830e+00 -3.076045e+00 -9.009894e+00 -8.273195e+00 -4.539393e+00 7.901431e+00 4.780742e+00 6.676282e+00 4.543527e+00 -4.280362e+00
1.659477e+01 -4.321418e-01 1.652908e+00 -5.804791e-01 -6.327070e+00 2.193908e+00 -7.905128e+00 -1.149014e+01 -2.518226e+00 -4.895225e+00 -3.114411e+00 8.897913e+00
1.524538e+01 1.137651e-01 2.242369e+00 -6.806350e-01 -5.638421e+00 2.421843e+00 -7.568219e+00 -1.223593e+01 1.920893e+00 -1.050653e+01 -5.362866e-01 6.445180e+00
4.899433e+00 -1.945231e+00 6.373420e+00 1.465986e+00 -3.913136e+00 -9.959881e+00 -6.284659e+00 2.669560e+00 7.076163e-01 1.843714e+00 -3.133983e+00 -4.887727e+00
1.211062e+01 2.414230e+00 1.841992e+00 -2.102712e+00 -3.952198e+00 1.028447e+00 -5.610021e+00 -1.147740e+01 -9.132405e-01 -9.205812e+00 -1.965976e+00 8.936795e+00
-8.500072e+00 -1.216692e+01 3.493661e+00 -6.123648e+00 -2.991399e-01 3.682446e-01 -1.002617e+01 1.415236e+01 -6.266409e+00 -2.563871e+00 3.826362e+00 -6.115520e+00
1.218997e+01 3.613460e+00 1.495708e+00 -2.738650e+00 -1.734980e+00 -2.754047e+00 -4.639340e+00 -7.713733e+00 -3.108306e+00 -1.049736e+01 -1.753783e+00 9.755056e+00
-2.469289e+01 5.454064e+00 1.272651e+01 -1.034254e+01 8.987198e+00 3.240525e+00 -4.371079e+00 6.885768e+00 -6.045704e+00 5.553630e+00 1.948665e+00 -4.206655e+00
1.283907e+01 3.422593e+00 1.011536e+00 -2.925483e+00 -3.829232e+00 1.779688e+00 -7.802836e+00 -4.770191e+00 -7.035508e+00 -1.233802e+01 2.240667e+00 1.011502e+01
-2.261898e+01 4.985883e+00 8.261465e+00 -1.605824e+01 7.238649e+00 5.042835e+00 -2.353044e+00 1.026374e+01 -3.715625e+00 8.065990e+00 3.508557e+00 -4.629878e+00
-2.272592e+01 7.280162e+00 3.544532e+00 -8.643979e+00 7.740859e+00 6.898177e+00 -2.382998e+00 4.426684e-01 3.155943e+00 -2.585053e+00 -4.591722e+00 -1.380454e+00
1.309576e+01 4.249518e+00 9.746275e-01 -2.037396e+00 -2.216645e+00 3.929966e+00 -9.502651e+00 -2.457283e+00 -6.479797e+00 -1.588919e+01 4.638583e+00 5.974205e+00
1.107703e+01 9.177090e+00 -1.419528e+00 -4.287956e+00 -1.079789e+00 9.621420e+00 -7.296650e+00 2.159723e+00 -5.892852e+00 -1.715075e+01 7.600560e+00 3.264929e+00
-4.311751e+00 -8.967659e+00 -1.250936e+01 -1.152620e-01 2.030830e+01 1.093683e+01 1.698203e-01 -3.343843e+00 1.328877e+01 1.564584e+01 -7.448852e+00 3.301653e+00
-1.793744e+01 6.351902e+00 1.868909e+00 -8.526258e+00 5.238253e+00 5.851140e+00 3.092336e+00 7.720869e+00 3.065219e+00 -3.552314e+00 -2.956294e+00 -2.035676e+00
8.342514e+00 9.171492e+00 -2.358686e+00 -6.339078e-01 3.259978e+00 6.766706e+00 -3.171716e+00 -1.339056e+00 -4.809702e+00 -1.312794e+01 7.860293e+00 -4.988670e-01
5.777595e+00 5.365497e+00 -1.469900e+00 3.291731e+00 4.619248e+00 8.224802e+00 5.490060e+00 -4.856277e+00 -5.473785e+00 -6.498807e+00 5.527276e+00 -7.716467e+00
-3.515383e+00 3.242233e-01 -5.657781e+00 3.537081e+00 1.839883e+01 4.391510e+00 -4.691846e+00 5.909514e-01 7.018405e+00 1.241205e+01 3.218327e+00 -2.586525e+00
6.914293e+00 2.886881e+00 -7.292509e-03 3.962846e+00 1.096407e+01 1.122243e+01 6.717874e+00 2.842994e+00 -2.201355e+00 -3.344974e+00 4.986146e+00 -6.407273e+00
5.934757e+00 1.852612e+00 -3.569041e+00 3.945289e-01 1.084780e+01 1.332201e+01 3.758239e+00 1.041294e+00 -3.032843e+00 -3.394764e+00 4.421338e+00 -1.167146e+00
4.013579e+00 1.044952e+00 -2.740923e+00 2.086134e+00 8.694314e+00 9.641732e+00 5.796426e+00 5.079950e+00 -2.463112e+00 -3.198028e+00 7.368861e+00 -5.788150e-01
-4.006742e+00 3.156274e+00 -4.773748e+00 2.345781e+00 1.975850e+00 2.493165e+00 5.016132e+00 7.068651e+00 1.130942e+00 -2.301883e+00 2.381341e-01 -1.406901e+00
-4.398776e+00 2.365824e+00 -4.107397e+00 6.208777e-01 -5.999501e-01 4.210841e-01 6.108488e+00 6.678874e+00 -3.612430e+00 -2.697345e+00 2.664534e+00 -2.264832e+00
-2.684184e+00 1.587338e-01 -6.235793e+00 4.208550e+00 9.972720e+00 7.169952e+00 4.107933e-01 1.035151e+00 3.530673e+00 6.564264e+00 -2.186829e+00 -4.310818e+00
-4.275112e+00 3.901377e+00 -1.579948e+00 5.881530e+00 3.544289e+00 1.158093e+00 7.560988e+00 4.739808e+00 -5.057724e+00 -6.299966e+00 -3.303769e+00 -5.507616e+00
-1.103144e+01 6.268969e+00 -1.795164e+00 -5.900351e+00 6.935866e+00 5.204263e+00 2.917964e+00 5.099644e+00 3.211237e+00 4.613215e+00 1.964531e+00 -5.011551e+00
-3.977304e+00 4.097697e+00 -3.487412e+00 2.605648e-01 2.016282e+00 1.586646e+00 4.374943e+00 9.440026e+00 -3.306853e-01 -8.501773e-01 -1.230934e+00 -2.799716e+00
-4.603547e+00 1.607431e+00 -2.383125e+00 2.678566e+00 3.153129e+00 6.160071e-01 4.730844e-01 6.729241e+00 -1.890645e+00 -6.132271e+00 -3.546084e-01 -1.277411e+00
-3.560523e+00 3.283730e+00 -3.714420e+00 2.988641e+00 2.804133e+00 5.504307e+00 6.128920e+00 5.662202e+00 5.300736e-01 2.515908e+00 1.820535e+00 -2.106483e+00
-4.601086e+00 1.637215e+00 -4.178790e+00 -8.474145e-01 9.701996e-01 8.083513e-01 2.021784e+00 5.615518e+00 7.639368e-01 1.498983e+00 2.812670e+00 -8.774996e-01
2.826142e+00 5.242527e+00 -2.553620e+00 6.297245e-01 7.513613e+00 1.050215e+01 1.785228e+00 1.165178e+00 1.707853e+00 -2.059751e+00 5.529197e+00 4.639932e+00
-1.863317e+00 4.130842e+00 -2.705100e+00 1.895363e+00 4.866931e+00 6.382496e+00 3.761385e+00 3.968704e+00 2.174867e+00 1.885104e+00 5.685958e+00 -1.405519e+00
1.719936e+00 4.189657e+00 -1.661928e+00 -3.059588e+00 3.542664e+00 1.160070e+01 1.069675e+01 6.557869e+00 4.767186e+00 -2.278662e-01 4.174671e+00 -5.113876e-01
-1.642996e+00 5.596310e+00 5.710084e-01 7.624556e+00 7.570662e+00 9.814233e+00 1.483042e+01 1.024256e+01 1.704146e+00 -2.523984e+00 2.388818e+00 -2.937081e+00
-3.313239e+00 2.697489e+00 -4.257536e+00 -1.907349e-03 -1.418264e+00 5.310330e-01 5.505714e-01 9.685552e-01 -4.680174e+00 3.727665e-01 5.710057e-01 -5.490495e+00
-2.063336e+00 5.434154e+00 5.054564e-01 4.651326e+00 -4.932762e-01 2.671406e+00 1.201020e+01 1.172396e+01 1.479615e+00 -2.236986e+00 -1.847915e+00 -4.908092e+00
-1.680640e+00 3.587829e+00 -4.514993e+00 -1.724947e+00 3.547118e+00 9.937198e+00 6.856251e+00 2.572785e+00 -3.109896e+00 2.724576e+00 3.079044e+00 -4.178616e+00
-3.296528e+00 2.819143e+00 -3.935714e-01 2.271150e+00 2.600048e+00 6.398375e+00 5.619179e+00 7.035797e+00 3.925110e-01 5.312145e-01 1.825733e+00 2.138937e-01
-3.249733e+00 1.546941e+00 -5.311732e+00 9.157324e-02 1.574436e+00 6.031127e-01 4.539187e+00 4.061661e+00 -3.091155e+00 2.550918e+00 3.117655e+00 -7.613790e-01
-2.348567e+00 5.675127e+00 -3.213356e+00 1.684169e+00 -4.756407e-01 -1.067976e+00 5.979540e+00 8.098133e+00 2.721529e+00 5.673405e+00 6.947974e+00 -3.563355e+00
-2.113765e+00 4.372249e+00 -2.790022e-01 3.779703e+00 3.648893e+00 3.296417e+00 5.033274e+00 6.272564e+00 9.578665e-01 3.094875e+00 1.478962e+00 -4.737360e+00
-3.586260e+00 6.043513e+00 -2.047792e+00 1.039081e+00 2.824902e+00 -1.473397e+00 6.145615e+00 2.507843e+00 1.403613e+00 8.478236e-02 4.848468e+00 1.766089e+00
-3.898925e+00 3.242610e+00 -1.570216e+00 1.569050e+00 -1.547496e+00 -4.237479e+00 3.096871e+00 5.838479e+00 4.899114e+00 1.025829e-01 6.500261e-01 -1.422926e+00
-6.821503e+00 3.742366e+00 -3.681902e+00 2.972918e-01 -1.160666e+00 -2.077128e+00 -3.035772e+00 1.102876e+01 -1.784405e+00 -6.181498e+00 1.378226e+00 -1.275680e-01
-7.752981e+00 1.755512e+00 -5.270781e+00 -4.969305e+00 3.003282e+00 -4.371216e-01 4.666540e+00 3.854465e+00 -2.100869e+00 6.495275e-01 5.886822e-01 -3.941061e-01
-5.640035e+00 -7.000321e-02 -5.371079e-01 2.258915e+00 -1.686873e-01 -1.299170e+00 9.389521e+00 9.866631e+00 5.538001e+00 -1.837652e+00 1.021870e+00 -2.998455e+00
-7.242495e+00 4.370965e+00 -2.166227e+00 2.664791e+00 1.900887e+00 -4.088078e+00 -7.043943e-01 5.229698e+00 -5.734661e-01 1.048877e+00 7.517850e+00 -8.334355e-01
-7.315807e+00 3.995668e+00 -2.727087e+00 -2.265353e-01 2.202891e+00 1.771986e+00 3.143179e+00 6.483899e+00 -5.100401e+00 -3.693835e+00 -4.072858e+00 -5.172459e+00
-5.681883e+00 3.190184e+00 -3.653702e+00 1.976656e+00 1.062314e+00 -1.511008e+00 3.268682e+00 3.835972e+00 -4.669433e+00 -3.905770e+00 -2.731060e+00 -6.768537e+00
-8.065689e+00 3.762254e+00 -2.292824e+00 4.931650e-01 5.983543e+00 3.188763e+00 6.526358e+00 6.041175e+00 2.359877e+00 6.848143e+00 3.023973e+00 -2.999415e+00
-6.278506e+00 3.366357e+00 -1.444009e+00 9.772549e-01 1.432549e+00 4.040584e+00 6.194058e+00 3.385759e+00 -2.425797e+00 5.515895e-01 -2.513441e+00 -6.365414e+00
-5.996367e+00 5.399580e+00 -3.201115e+00 -2.984503e+00 3.778248e+00 1.738634e+00 2.924060e+00 2.316983e+00 -1.273561e+00 2.578348e+00 -4.018635e+00 -9.684865e+00
-6.015713e+00 4.755749e+00 -1.065638e+00 -2.074032e-01 -4.790538e-01 2.307620e+00 9.269995e+00 4.206245e+00 2.351640e+00 2.684188e-02 -1.958994e+00 -5.052238e+00
-6.396152e+00 3.853107e+00 -2.070898e+00 -4.263029e+00 -6.724501e-01 1.717751e+00 9.133737e+00 4.837199e+00 -2.538994e+00 2.597049e+00 -2.943681e+00 -7.551005e+00
