1.148177e+01 -6.862975e+00 -1.777257e+00 -1.133470e+01 -3.221531e+00 -2.629386e+00 5.109452e-01 -1.017607e+01 4.340976e+00 -2.334754e+00 6.409393e+00 1.397600e+01
1.197351e+01 -6.645068e+00 -9.640410e-01 -1.221367e+01 -3.341125e+00 -3.995584e+00 1.363954e+00 -1.102378e+01 4.881615e+00 -3.919788e+00 6.596811e+00 1.490118e+01
1.236629e+01 -7.880831e+00 -1.038579e+00 -1.107840e+01 -3.040246e+00 -1.277313e+00 9.188377e-01 -1.333271e+01 8.087026e+00 -1.517411e+00 6.222435e+00 1.252297e+01
1.091249e+01 -4.652725e+00 1.324367e+00 -1.407222e+01 -5.478211e+00 -3.505871e+00 2.661216e+00 -9.691439e+00 2.057493e+00 -2.096963e+00 5.445964e+00 1.474773e+01
9.481848e+00 -4.352845e+00 3.786990e-01 -1.295821e+01 -4.869664e+00 -5.690761e+00 1.809438e+00 -8.242568e+00 3.414454e+00 -4.371923e+00 4.157233e+00 1.302779e+01
1.267287e+01 -8.319568e+00 -3.952530e-01 -1.172998e+01 -1.314253e+00 -2.130205e+00 9.258919e-01 -1.310082e+01 8.335505e+00 -1.780624e-01 5.680469e+00 1.216481e+01
9.834641e+00 -3.529424e+00 4.582943e-01 -1.223623e+01 -6.814668e+00 -5.434371e+00 1.871868e+00 -8.348230e+00 3.306054e+00 -5.622332e+00 3.704672e+00 1.355270e+01
1.171874e+01 -7.062305e+00 -1.437701e+00 -1.070689e+01 -1.364751e+00 -1.150186e+00 -8.070121e-01 -1.093536e+01 8.780161e+00 -2.860153e+00 8.985420e+00 9.332382e+00
1.045635e+01 -2.592188e+00 9.462523e-01 -1.135684e+01 -8.873541e+00 -5.077869e+00 2.315629e+00 -8.577614e+00 3.266192e+00 -6.749953e+00 2.710690e+00 1.364692e+01
1.327247e+01 -9.579138e+00 3.152005e-01 -9.655860e+00 -2.751624e+00 4.148424e-01 -5.974766e+00 -7.543980e+00 1.063468e+01 -2.563591e+00 8.210817e+00 7.928423e+00
1.117224e+01 -1.912327e+00 7.552042e-01 -1.052550e+01 -8.903644e+00 -5.778021e+00 1.963938e+00 -7.971258e+00 3.913914e+00 -9.392824e+00 3.369458e+00 1.200859e+01
1.246779e+01 -9.312454e+00 1.384067e+00 -1.016489e+01 -1.301914e+00 4.482317e-02 -9.579287e+00 -6.057851e+00 1.419953e+01 -3.149107e+00 7.819646e+00 5.786481e+00
1.098950e+01 -9.742727e+00 2.398486e+00 -1.189800e+01 1.427242e+00 3.681703e-01 -1.150426e+01 -5.937329e+00 1.598115e+01 -1.242471e+00 6.668952e+00 3.665646e+00
1.144468e+01 -3.493054e-01 7.844959e-01 -1.026142e+01 -9.493811e+00 -5.234286e+00 1.448541e+00 -7.216295e+00 3.350459e+00 -1.001120e+01 2.533028e+00 1.072012e+01
1.213365e+01 -2.709985e-01 1.408668e+00 -9.461071e+00 -9.965399e+00 -6.127297e+00 1.082619e+00 -6.072726e+00 2.417902e+00 -1.025448e+01 1.799634e+00 1.028893e+01
1.189267e+01 1.203845e+00 1.156267e+00 -8.455629e+00 -1.127974e+01 -6.305429e+00 1.643696e+00 -5.569515e+00 1.210844e+00 -9.534174e+00 6.771650e-01 8.440553e+00
1.052478e+01 -1.120612e+01 7.308825e-01 -1.071251e+01 -9.596289e-01 1.855473e+00 -1.003478e+01 -7.167368e+00 1.223261e+01 1.270559e+00 6.189567e+00 3.371105e+00
1.146153e+01 2.678889e+00 5.273764e-01 -6.928164e+00 -1.172555e+01 -6.414378e+00 1.620423e+00 -4.621779e+00 1.480223e+00 -9.909622e+00 -4.155884e-01 8.245426e+00
1.179800e+01 3.643899e+00 1.637979e-01 -7.401531e+00 -1.036038e+01 -5.976480e+00 1.817319e+00 -3.922638e+00 4.992131e-01 -1.074416e+01 9.879093e-01 6.114323e+00
1.125598e+01 5.420908e+00 2.921235e-01 -7.069555e+00 -1.071419e+01 -4.788874e+00 1.877287e+00 -2.560136e+00 1.039913e+00 -1.144587e+01 -1.177421e+00 6.312436e+00
-1.907169e+01 -8.324047e+00 2.483031e+00 2.286729e+00 6.414462e+00 3.363192e+00 -2.034131e-01 -4.733646e+00 -1.259088e+01 -3.512775e+00 -9.261488e-01 -6.397687e+00
1.045194e+01 -6.541677e+00 -4.050123e+00 -9.875330e+00 1.990764e+00 4.226146e+00 -1.313736e+01 -2.894606e+00 1.417704e+01 -8.140202e-01 2.339692e+00 2.461536e+00
1.058664e+01 6.421863e+00 1.178207e+00 -7.659957e+00 -1.067121e+01 -5.057178e+00 2.730652e+00 -1.459194e+00 -1.428633e+00 -1.055461e+01 -1.149332e+00 5.846932e+00
-2.258965e+01 -1.175817e+01 -1.560499e+00 8.334658e-01 7.882784e+00 2.654537e+00 -6.129840e+00 -5.215700e+00 -1.851960e+00 7.678191e+00 5.172867e+00 -3.184697e+00
1.003865e+01 6.956379e+00 1.958166e+00 -8.376808e+00 -1.123549e+01 -6.517025e+00 2.060613e+00 -8.047882e-01 -2.182170e+00 -1.044403e+01 9.649473e-02 3.577667e+00
1.031639e+01 7.024598e+00 1.506965e+00 -8.022991e+00 -1.222113e+01 -5.155165e+00 2.646291e+00 1.548167e+00 -2.416050e+00 -1.184529e+01 2.370905e-01 2.093929e+00
-1.146352e+01 -1.325808e+01 -2.315383e-01 -4.037233e+00 -6.179432e+00 -1.625438e+00 -2.243760e+00 -1.060754e+00 -1.133516e+01 -6.451400e+00 -6.324987e+00 -1.995453e+00
1.101002e+01 7.226866e+00 1.845343e+00 -1.188404e+01 -9.006094e+00 -1.517187e+00 1.373679e+00 4.500363e+00 -4.347928e+00 -1.112794e+01 1.431406e+00 -8.893148e-01
-2.021027e+01 -1.312819e+01 -2.479306e+00 1.060313e+01 1.019594e+01 3.528684e+00 -2.302059e+00 -7.347089e-02 1.939349e+00 1.102923e+01 5.697227e+00 -9.141397e+00
-2.047718e+01 3.967285e-01 -2.791845e+00 6.440731e+00 -1.718880e+00 1.214835e+00 -1.164878e+00 1.694479e+00 -2.506739e+00 6.725058e+00 2.557875e+00 -4.762951e-01
1.162244e+01 1.286107e+01 1.805458e+00 -1.312848e+01 -3.173230e+00 -1.051351e+00 -7.349086e-01 3.687450e+00 -5.720506e+00 -5.084032e+00 1.037575e+00 -3.903686e+00
9.161614e+00 -4.747749e+00 -1.136752e+01 -1.941279e+00 5.740407e+00 -1.389798e+00 -1.218644e+01 7.936529e+00 5.364432e+00 5.819188e+00 4.521785e-01 -1.706513e+01
8.738108e+00 -3.200149e+00 -1.157000e+01 8.962369e-02 8.079926e+00 -4.233218e+00 -6.645945e+00 5.474371e+00 -5.259535e-01 3.713878e+00 -3.743224e+00 -1.395746e+01
7.759454e+00 -1.263142e+00 -1.444535e+00 -2.930779e+00 7.597732e+00 5.761602e+00 -9.451834e+00 1.014094e+00 5.856100e+00 -7.240362e-01 1.642927e+00 -2.448201e+00
-2.961347e+00 -1.400249e+01 -7.614467e+00 -1.723976e+00 -5.409941e+00 1.583317e+00 5.412363e+00 1.522599e+00 -1.053224e+01 -6.724456e+00 -6.255678e+00 -4.512023e+00
-1.680179e+01 -7.639217e+00 -2.899259e+00 8.115403e+00 1.495125e+01 -6.033734e-01 -1.944221e+00 7.591024e+00 4.535027e+00 1.375278e+01 6.880982e+00 -7.493664e+00
6.208734e+00 8.904295e-01 -1.347367e+00 3.788711e+00 -2.219676e+00 -4.313577e-01 -4.892210e+00 7.461937e+00 -5.672889e+00 -7.168454e+00 -2.341456e+00 -2.809641e+00
7.399156e+00 6.872541e+00 -1.817683e-01 -4.107148e+00 -3.375080e+00 -2.734165e+00 2.692445e+00 5.076912e+00 -1.356957e+00 -4.366728e+00 1.017295e+00 2.321618e+00
5.969104e+00 3.061669e+00 1.790429e+00 6.390394e+00 3.697437e+00 2.478851e+00 4.571303e+00 3.695079e+00 -5.846362e+00 -3.949792e+00 -6.178454e+00 -4.365562e+00
6.404888e+00 4.006280e+00 1.986309e+00 5.285859e+00 1.631595e+00 6.436723e+00 4.340509e+00 5.208310e+00 -8.569372e+00 -3.336418e+00 -4.631791e+00 -3.471240e+00
-6.118690e+00 7.292707e+00 1.416849e+00 2.945796e+00 1.581382e+00 -7.394524e+00 -3.296569e+00 7.196128e+00 -1.323730e-01 8.138163e+00 -2.476256e+00 -6.114313e+00
-1.389569e+01 2.490233e+00 -2.713181e+00 3.872740e+00 -1.986302e+00 3.408349e+00 3.529418e+00 7.228757e+00 3.506956e+00 9.612807e+00 1.497756e+00 -2.311089e+00
-1.237048e+01 1.662295e-01 -3.782256e+00 8.410645e+00 1.001706e+00 -2.396271e-01 -1.484784e+00 4.668423e+00 -3.057617e+00 3.614421e+00 9.029194e-01 3.382105e+00
4.219845e+00 4.686449e+00 -2.864543e-01 2.149637e+00 5.671753e-01 4.811954e+00 5.848098e+00 1.797507e+00 -4.928253e+00 -5.955402e+00 -7.474061e+00 -2.726794e+00
5.935059e-01 -3.011043e+00 3.612021e+00 1.068569e+01 4.106775e+00 8.952436e+00 5.730484e+00 7.386401e+00 9.203460e-01 1.702297e+00 -2.837506e+00 -6.179047e+00
2.989399e+00 4.744475e+00 1.045983e+00 8.073109e+00 4.623804e+00 6.913169e+00 2.968726e+00 9.755160e-01 -8.650791e+00 -3.826798e+00 -5.618310e+00 -4.917515e+00
8.824129e-01 3.134208e+00 -4.834548e+00 6.070822e-01 1.800844e+00 1.048360e+01 1.211534e+01 4.372387e+00 -1.135995e+01 -5.124776e+00 -5.898117e+00 -4.079617e+00
5.479326e-01 2.813918e+00 -2.691232e+00 4.014312e+00 1.503577e+00 6.852020e+00 5.595675e+00 8.226211e+00 -2.292233e+00 -2.271008e-01 -3.776404e+00 -6.395693e+00
-5.175271e+00 1.574579e+00 7.033048e-01 7.298618e+00 1.662056e+00 2.210755e+00 -1.597927e+00 4.508465e+00 -1.164363e+00 5.408017e+00 -1.668350e+00 -2.972001e+00
-3.459116e+00 5.949351e+00 3.669937e+00 7.836881e+00 1.623478e+00 1.031179e+00 -1.936802e+00 -1.141774e+00 -3.815128e+00 5.537945e+00 -8.197523e-01 -1.551735e+00
-2.917253e+00 3.442750e+00 1.936425e+00 1.142785e+01 6.396795e+00 2.101898e+00 -6.016081e-01 1.274484e+00 -6.171642e-01 5.526448e+00 2.536298e-01 -4.430934e+00
-4.546899e+00 6.026240e+00 2.029778e+00 4.647070e+00 2.381160e+00 6.434865e+00 5.903256e+00 4.556549e+00 -6.563975e+00 4.548957e+00 -8.552399e-01 -4.128036e-01
-9.647079e-01 6.083950e+00 2.722882e+00 1.002515e+01 6.339261e+00 1.016708e+00 -3.061852e+00 8.630535e-01 -4.988827e+00 1.578151e+00 -1.016184e+00 -4.413693e+00
-3.597899e+00 4.852726e+00 3.794290e+00 1.116020e+01 3.671670e+00 1.092155e+00 1.960579e+00 9.736810e-01 1.068181e+00 6.119756e+00 -3.380719e+00 -3.066052e-01
-2.537584e+00 4.414310e+00 2.300782e+00 8.757459e+00 1.290830e+00 -1.393802e+00 -1.621638e+00 2.460137e+00 -3.120138e+00 3.361647e+00 -3.577193e+00 -5.966155e+00
-5.357094e+00 3.891915e+00 2.013919e+00 6.019100e+00 4.166494e+00 1.494150e+00 1.386810e+00 3.811777e+00 1.017137e+00 4.413290e+00 -1.803884e+00 -1.092095e+00
-1.480276e+00 3.221075e+00 5.420064e-01 5.018918e+00 2.260895e+00 7.614525e+00 8.054142e+00 1.813216e+00 -1.196197e+01 -5.729384e-01 -3.569555e+00 -4.645355e+00
-3.618651e+00 6.546473e+00 5.762064e+00 1.250968e+01 6.569733e+00 4.980294e+00 6.412644e+00 5.148710e+00 -1.978674e+00 3.247202e+00 -5.649853e+00 -3.193749e+00
-1.612497e+00 2.894288e+00 -1.295445e+00 1.817310e+00 1.517361e+00 4.839931e+00 5.559786e+00 4.520792e+00 -2.885703e+00 4.106792e+00 -3.028264e+00 -4.396428e+00
-4.808307e+00 4.201971e+00 2.607555e+00 1.011214e+01 8.250984e+00 5.794479e+00 6.719550e+00 1.061494e+01 2.679513e+00 8.448856e+00 -1.000191e+00 1.146480e+00
-1.010361e+01 1.153536e+00 -5.707865e-01 6.914803e+00 2.976668e+00 6.471045e-01 -5.111052e-01 -1.986727e+00 -2.804671e+00 2.371585e+00 -2.348300e+00 -7.406144e+00
-2.074914e+00 5.677128e+00 -5.754784e-01 5.215968e+00 5.215161e+00 5.729542e+00 7.267880e+00 7.187803e+00 9.459865e-01 2.423911e+00 -4.735274e+00 -1.000396e+01
-3.790089e+00 4.662907e+00 2.444287e+00 7.946500e+00 5.365054e+00 -2.742459e-01 -2.671700e+00 3.018676e+00 -7.852865e-01 7.902556e+00 9.752870e-01 -5.108056e+00
-4.206323e+00 4.933766e+00 1.964170e+00 1.061496e+01 4.645992e+00 9.573023e-01 4.752708e+00 6.880444e+00 3.084027e+00 4.949463e+00 -9.680906e-01 2.353884e+00
-9.891665e+00 -1.414140e+00 2.393698e-01 2.358791e+00 -1.902057e+00 -3.586184e+00 -4.070297e+00 -1.389966e+00 -4.725451e+00 -2.616438e+00 -6.593668e+00 -2.499224e+00
-7.610303e+00 6.195304e-01 -2.468801e+00 2.868839e-01 -1.477993e+00 -2.891271e+00 -5.275351e+00 -5.475654e+00 -3.689241e+00 4.758029e-01 -6.619569e+00 -3.407719e+00
-3.708517e+00 4.448680e+00 2.796059e+00 7.369650e+00 6.112612e+00 3.429724e+00 5.871641e+00 3.767165e+00 1.104207e+00 7.866973e+00 -7.953385e-01 -3.095395e+00
-4.654082e+00 4.272259e+00 3.288678e+00 7.637436e+00 1.450264e+00 2.822712e+00 -3.647324e-01 4.468981e+00 5.824103e-01 5.662352e+00 7.490429e-01 -4.156280e+00
-9.331871e+00 5.554357e-01 -1.314467e+00 1.237062e+00 1.619125e+00 -3.433923e+00 -3.720071e-01 5.803237e+00 -6.825310e-01 -2.323523e+00 -1.455232e+00 -3.363505e+00
-5.167763e+00 1.917845e+00 1.295052e+00 7.609540e+00 1.391610e+00 -1.138721e+00 -2.362284e+00 3.405213e+00 -9.019899e-01 9.834862e-01 -2.268747e+00 -5.003012e+00
-8.391788e+00 2.536206e-01 -2.517254e-01 3.202363e+00 -3.128157e-01 -3.740254e+00 -2.888859e+00 -2.630007e+00 -4.191804e+00 1.294440e+00 -2.131879e-01 -3.776201e+00
-9.831392e+00 -4.608412e-01 1.789162e-01 7.758086e+00 6.264889e+00 1.562091e+00 -1.527027e-01 1.362256e+00 -1.225262e+00 2.299088e+00 9.173372e-01 -3.107767e+00
-1.010130e+01 -3.688874e-01 -1.369783e+00 6.986259e+00 4.199779e+00 -3.461305e+00 -5.047314e+00 -1.570855e+00 -3.194827e+00 7.350172e+00 -3.257973e-01 9.833694e-01
-7.576352e+00 2.519082e+00 -1.575024e+00 -2.429580e+00 -1.251747e+00 -3.926330e-01 -2.303703e-01 5.904056e+00 2.167989e+00 4.400614e+00 -1.043866e+00 -2.643537e+00
-1.049277e+01 -2.198068e+00 -1.217723e-03 6.289013e+00 1.423083e+00 6.752279e-01 3.868400e+00 5.839272e+00 5.849317e+00 6.077385e+00 -2.555929e+00 -2.821666e+00
-9.518866e+00 2.280160e+00 1.062505e+00 4.735712e+00 3.781680e+00 -4.439927e-01 -1.055980e+00 4.383093e-01 -9.982882e-01 5.508330e+00 3.420262e+00 2.100698e+00
-9.483154e+00 2.731052e+00 1.276705e+00 2.934682e+00 4.783630e+00 2.497163e+00 5.768172e+00 2.805583e+00 1.948767e+00 8.097954e+00 2.760760e+00 -2.676095e+00
-7.373118e+00 1.249237e+00 -1.292917e+00 6.653810e-01 -1.682207e+00 -1.767253e+00 -3.207212e+00 4.086960e+00 4.040571e+00 8.517150e+00 2.070493e+00 -5.010802e+00
-9.526844e+00 2.269261e-01 1.670764e+00 5.951709e+00 4.884814e+00 2.009178e+00 -1.217491e+00 1.254848e+00 -4.152559e-01 4.697816e+00 -2.431748e+00 -4.130864e+00
-8.672548e+00 1.938152e-02 1.552087e+00 3.131548e+00 4.396078e+00 4.962841e+00 1.079429e+00 -3.604985e+00 -4.450721e+00 1.666501e+00 -3.525272e+00 -7.185335e+00
-7.375640e+00 1.943890e+00 4.486034e-01 2.587351e+00 9.825153e-01 -4.303659e+00 -5.602136e+00 -9.716920e-01 -1.205185e+00 -4.709535e-01 -6.051052e+00 -1.981117e+00
-9.293226e+00 -9.713523e-01 -1.778708e+00 3.681729e+00 -8.213109e-01 -2.963585e+00 -2.484499e+00 -1.947966e+00 -5.457943e-01 7.221511e+00 -7.553670e-01 -1.428987e+00
