-1.744272e+00 -4.755234e-01 -2.260252e+00 1.100854e+00 2.811814e+00 5.940294e-02 3.403017e+00 8.330232e-01 5.183746e+00 1.241188e+00 3.502008e-01 -3.924767e+00
-5.098752e+00 2.500689e+00 1.162584e+00 1.605722e+00 1.020900e+00 -5.202768e-01 3.402643e+00 1.701599e+00 1.664691e+00 -1.430989e+00 1.193819e+00 -6.904646e-01
-2.187550e+00 8.870390e-01 1.317586e-01 -2.834378e+00 -6.501113e-01 -1.501574e+00 2.573337e-01 -1.467666e+00 1.456227e+00 -1.382957e+00 2.300579e+00 -8.069745e-02
4.682688e-01 -3.042430e+00 -4.351148e+00 6.138337e-01 5.011035e+00 4.869616e-01 2.444996e+00 7.867129e-01 4.825432e+00 1.443414e+00 1.244063e+00 -3.834892e+00
-4.198009e+00 1.608780e+00 -1.070472e+00 -2.722802e+00 -5.231136e-01 -8.295944e-01 -1.779129e+00 -9.046968e-01 3.059366e+00 -3.403352e-01 2.197581e+00 3.372658e-01
-3.773674e-01 -3.608665e-01 1.263510e+00 -1.291152e+00 -9.436439e-01 -2.874945e+00 1.041040e+00 -2.804848e+00 -2.083375e-01 -2.656591e+00 1.055409e+00 -4.034871e-01
-3.956477e+00 2.595149e+00 -1.097458e+00 6.887650e-01 2.268815e+00 1.250392e+00 -5.957221e-01 2.391315e-02 1.864052e+00 1.726863e+00 1.268871e+00 -3.580029e-01
-1.450583e+00 4.501281e-01 -1.270226e+00 1.559137e+00 2.569092e+00 -9.877726e-01 1.469428e+00 -2.017482e+00 -5.912554e-01 -1.319651e+00 -1.352173e+00 -2.660463e+00
3.234446e+00 -3.163467e+00 1.625545e+00 -5.522278e-01 -3.498543e+00 1.128215e+00 -4.704080e+00 3.914949e+00 -3.266819e+00 7.241751e-01 6.392691e-01 -1.842560e+00
-1.804434e+00 2.361708e+00 -1.119369e+00 1.434459e+00 2.348500e+00 -2.380637e-01 5.707262e-01 -4.757740e-01 6.252197e-01 3.514528e-03 -6.351506e-01 -9.196556e-01
-6.624432e-02 -4.805393e-02 -1.028087e+00 8.595799e-01 3.481086e-01 -1.324096e+00 1.858452e+00 -8.985323e-01 -2.494300e+00 -1.123185e+00 -7.645373e-02 -2.656629e+00
6.254246e-01 -8.250554e-01 4.946709e-01 -2.212252e-01 -9.581141e-01 -3.386736e+00 8.066236e-01 -2.354660e+00 -1.236889e+00 -2.746358e+00 1.209952e+00 3.452023e-01
-6.213243e+00 3.763263e+00 3.265419e+00 1.095088e+00 4.078416e-01 -5.864191e-02 2.793666e+00 1.270743e+00 -2.890304e+00 -2.937366e+00 7.904425e-01 7.533054e-01
-4.901988e-01 -2.009553e+00 1.130720e+00 -1.087781e+00 -1.507960e+00 1.993145e+00 -7.709449e-01 3.369582e+00 -1.056479e+00 -5.911586e-01 1.003540e+00 -7.079933e-01
7.162367e+00 -3.070190e+00 3.066060e+00 -1.686656e-01 -4.445296e+00 -1.037882e+00 -7.344905e+00 2.267413e+00 -4.126834e+00 6.090471e-01 -7.435655e-01 -4.045508e+00
5.333534e-01 -4.394899e+00 -4.014155e+00 1.028676e+00 4.169075e+00 1.616725e+00 1.728725e+00 9.229646e-01 2.560710e+00 4.238088e-01 3.463711e-01 -2.121991e+00
3.741665e-02 -8.640858e-01 -1.223957e+00 -2.439895e-01 -1.677618e+00 -1.334820e+00 8.786043e-01 -3.363318e-01 -1.321897e+00 -2.009075e-01 9.899603e-01 -9.036967e-01
-6.380805e-01 -4.016542e-01 2.093002e-01 -3.403617e-01 -4.370628e-01 3.425316e-01 1.372180e+00 1.310163e+00 -7.387638e-03 -3.124809e-01 1.866426e-01 3.488471e-01
2.584614e-01 -2.917529e-01 -3.396774e-01 4.378708e-01 5.615621e-02 -7.988874e-01 1.538122e+00 4.451827e-01 -2.696735e-02 -1.334928e+00 8.500192e-01 -1.674653e+00
1.114647e-01 -1.543180e-01 -5.488254e-01 7.101672e-01 8.575794e-01 -1.139825e+00 2.002645e+00 8.404139e-01 6.871709e-01 -1.137126e+00 1.540045e+00 -7.870457e-01
-3.971677e-01 -1.678197e-01 1.402327e-01 2.931790e-02 -6.838701e-01 3.767068e-01 5.530113e-01 1.307193e+00 -3.143510e-01 4.422230e-01 2.703454e-01 6.238711e-01
6.466526e-01 1.521584e-01 5.136832e-01 1.641717e+00 6.050683e-01 -6.450775e-01 -7.085099e-02 -1.481676e+00 -6.024522e-01 -3.623713e-01 2.421827e-01 -1.936071e-02
-3.787661e+00 2.029524e+00 3.063962e+00 1.338900e+00 3.401468e-01 1.764522e+00 1.296524e+00 -3.271894e-01 -3.579708e+00 -2.663486e+00 2.903950e-01 1.869618e+00
-2.423651e-01 -3.074369e-02 -1.843305e-01 3.757010e-01 -6.255791e-01 4.080544e-01 2.002821e-02 1.635041e+00 -1.143597e+00 6.433542e-01 3.631617e-01 3.458062e-01
5.152574e-01 3.625616e-01 1.221946e-01 -3.653525e-01 -6.374871e-01 -1.661323e-01 -8.953458e-01 4.721055e-01 -1.176396e+00 -1.068187e+00 7.750452e-01 6.056597e-01
1.706705e-01 -5.673859e-01 -2.653916e-01 2.459419e-01 -3.735052e-01 1.623095e-01 -3.224555e-01 8.580959e-01 4.108265e-01 -5.291603e-02 -8.413507e-01 8.159252e-01
-3.125284e-01 2.836118e-01 2.385893e-01 7.953900e-01 8.401780e-01 -3.580028e-01 4.340792e-01 4.654848e-01 -2.303431e-01 2.105455e-02 -6.660263e-01 6.750232e-01
-4.325034e-01 -3.054132e-01 8.500790e-03 1.357753e+00 8.317253e-01 7.906502e-01 -1.230204e-01 1.261396e+00 7.185943e-01 6.585481e-01 6.104503e-01 -5.973662e-01
-7.145538e-02 2.945037e-01 5.786462e-02 4.507396e-01 6.488369e-02 5.724236e-01 2.218236e-01 1.134493e+00 1.671591e+00 4.455189e-01 1.737715e-01 1.396236e+00
-3.511103e-01 -3.094566e-01 8.554991e-02 6.849793e-01 2.639938e-01 6.035778e-01 1.345255e-01 6.899864e-01 -4.833021e-01 -2.097863e+00 8.371384e-01 -9.998509e-01
-7.971121e-01 -1.818766e-01 -9.015532e-01 -1.988160e+00 -1.081869e+00 -3.634750e-01 2.350652e+00 1.639694e+00 -1.507083e-01 8.528530e-01 6.657256e-01 -8.799736e-02
-1.549900e-01 -5.723015e-01 -6.676905e-01 4.328675e-01 1.205783e-01 3.345858e-01 6.758214e-01 2.112271e-01 3.271810e-02 -9.253588e-02 7.279986e-01 1.220039e-01
-1.215574e-01 -1.171402e-01 -5.694696e-01 7.263305e-01 -2.339970e-01 -8.098915e-01 1.465542e-01 -1.197050e+00 -1.223206e+00 -1.319768e+00 5.546919e-01 7.495096e-01
-2.206991e-01 -7.977857e-02 -1.541292e-01 1.065379e-01 -6.492313e-01 2.265036e-01 -5.332580e-01 1.317690e+00 -2.016061e+00 4.758213e-01 2.472591e-01 1.255586e-01
1.781590e-01 -7.049262e-01 -4.317955e-01 1.066671e-01 -9.671792e-01 8.798205e-01 1.073137e+00 1.305363e+00 1.281052e+00 5.440056e-01 1.081525e+00 -7.947807e-01
-4.843369e-01 -1.636287e-01 5.098647e-02 9.087712e-01 2.978752e-01 -1.277544e-01 6.038751e-02 1.144701e+00 6.534957e-01 1.651255e+00 1.467606e+00 3.596072e-01
4.570130e-01 4.581164e-01 1.863334e-01 -7.238117e-01 -1.174145e+00 -1.242112e+00 -3.496643e-01 1.307642e-01 3.446913e-01 1.623286e+00 6.587610e-01 7.046183e-01
-4.733429e-02 5.569338e-01 -3.260075e-01 -1.097336e+00 -4.302638e-01 1.920956e-01 -1.419150e+00 -2.104783e-01 2.480580e-01 -1.241238e-02 6.196140e-01 4.990259e-01
-8.065268e-01 -1.334258e-01 -5.077606e-01 -3.093774e-01 -1.169607e+00 -1.809862e+00 1.045827e+00 -6.777970e-01 -1.414614e+00 -1.959626e-01 5.263480e-01 4.003190e-01
1.880053e-01 4.522001e-02 -4.028168e-02 7.058078e-01 4.095732e-01 3.559544e-01 -1.418645e-01 1.194160e+00 5.893973e-01 -1.312969e+00 5.928742e-01 -7.498078e-02
3.068388e-01 4.429340e-01 1.300509e-01 7.546483e-02 7.896922e-01 9.519852e-01 9.464631e-01 3.302668e-01 7.596989e-02 -1.192950e+00 -7.609597e-01 -2.777031e-02
2.248098e-01 5.891238e-01 -2.633341e-01 -6.487359e-01 -2.513240e-01 -6.965474e-01 -7.738525e-01 3.197279e-01 -9.979222e-02 5.422612e-01 1.315678e+00 3.744199e-01
-1.558252e-01 5.945100e-02 -1.592168e-02 1.806813e-01 2.970076e-01 3.359108e-01 7.370923e-01 1.868094e-01 3.937681e-02 1.474632e+00 -1.014889e+00 -1.118469e+00
-3.029078e-01 -1.917483e-01 -5.364524e-01 -4.919085e-01 8.075683e-01 -2.897263e-01 7.659501e-01 2.739058e-01 -6.294240e-01 2.092714e-02 -4.210931e-01 5.928612e-02
-4.559198e-01 -4.819277e-01 -3.994361e-01 2.476997e-01 1.376210e-01 4.487997e-01 1.614506e+00 -3.597704e-01 -3.325915e-03 8.557049e-01 -7.118354e-01 -1.112009e+00
3.259903e-01 -4.916546e-01 -2.787284e-01 -2.361597e-02 -2.387323e-02 -2.859142e-01 -1.249403e+00 -1.550643e+00 -5.369662e-01 4.130355e-01 -5.305707e-01 -3.190874e-01
2.140551e-01 8.874570e-02 6.136254e-01 1.403015e-01 5.903769e-02 -8.818275e-01 -9.635134e-01 -1.950503e-01 8.380917e-01 1.177388e+00 -9.301721e-01 -8.433487e-02
4.977951e-01 -8.654815e-02 -6.740949e-01 -8.723544e-01 3.938447e-01 3.666308e-01 -1.102790e+00 -1.372856e+00 -1.871112e-01 -4.789740e-01 1.649005e-01 -6.202928e-01
1.400383e-02 6.729241e-02 1.077058e-01 6.544433e-01 -4.403746e-01 -5.627235e-01 -8.055735e-02 9.456054e-01 -2.324010e+00 6.537876e-02 4.702587e-01 5.703086e-01
2.430012e-01 -5.477605e-01 -5.225687e-01 -7.608137e-01 2.950747e-01 -3.014364e+00 1.069889e-01 1.386288e+00 8.142328e-01 -7.112820e-01 1.160111e+00 1.362049e+00
1.578920e-01 3.195122e-01 4.557985e-01 -4.457961e-01 -8.270060e-01 -2.831814e-01 -4.940639e-02 8.767570e-01 4.026822e-01 1.136574e+00 5.761197e-01 6.779193e-01
2.679830e-01 9.740403e-02 -1.968077e-01 1.101716e+00 7.456697e-01 -1.184889e-01 1.460081e-01 -1.158052e+00 9.636863e-01 -2.562537e-01 -1.575133e-01 -1.652582e-01
-3.210459e-01 -5.616051e-01 -2.776185e-01 5.692004e-01 -2.682304e-01 9.997988e-02 -2.581684e-01 7.885560e-01 5.557772e-01 8.371151e-01 5.058950e-01 -7.036128e-02
1.936779e-01 3.947603e-01 1.451319e-01 -2.245949e-01 3.215706e-03 -1.051965e+00 -2.020345e-01 -1.873445e-01 -6.642702e-01 -8.973260e-02 2.635230e-01 -4.706756e-01
-6.036588e-01 -6.032500e-02 2.130961e-01 -6.171349e-01 9.136316e-01 1.487049e+00 2.309080e+00 2.073243e+00 7.330886e-01 6.175642e-01 -1.153774e+00 -3.138427e-01
-4.316393e-01 -3.413858e-01 1.360269e-01 3.031502e-01 1.840793e+00 2.624497e+00 1.585883e+00 2.140606e+00 1.772695e+00 7.489368e-01 -1.292835e+00 1.356764e-01
-1.906233e-01 -5.121271e-01 -1.054390e-01 8.688115e-01 1.425939e+00 1.105021e+00 -8.542546e-01 2.322278e-01 2.790945e-01 -4.441664e-01 -1.648934e+00 -1.228490e-02
4.544901e-01 3.170362e-01 1.254407e-01 3.261321e-01 7.463670e-01 2.695602e-01 1.081736e+00 -3.447628e-01 6.879040e-01 -2.391614e-01 -1.697814e+00 -6.024442e-01
1.251184e-01 -2.222845e-01 -3.813108e-01 5.917311e-02 1.567849e-01 6.415762e-01 8.407448e-01 -5.802475e-01 -8.273843e-01 -2.586328e-01 -1.455019e+00 -1.063841e+00
8.569908e-03 6.455435e-01 1.528747e+00 -1.048669e-01 -4.164860e-01 -1.476643e-01 -1.260835e+00 -8.353392e-01 4.141297e-02 -2.739248e-01 2.946946e-01 5.393925e-01
7.824589e-01 2.333715e-02 -1.211567e-01 3.870577e-01 1.080620e-01 -7.556026e-01 -1.813080e-01 -1.094766e+00 4.247846e-01 8.646616e-01 -1.837064e+00 -6.162689e-01
2.674309e-01 8.865710e-02 -4.412652e-01 -8.590137e-01 -8.888415e-01 -4.653789e-01 -1.129246e+00 1.966357e-02 -1.161188e+00 -1.316086e+00 -7.854094e-02 2.559708e-01
3.439522e-02 -2.706602e-01 2.735134e-01 -3.688854e-01 -3.084899e-02 -4.318236e-02 -9.215816e-01 -3.147787e-01 9.538295e-02 -6.195323e-01 9.972833e-01 1.085247e+00
-8.825876e-01 -5.259570e-01 -4.758205e-02 -1.464968e-02 1.388682e+00 1.379743e+00 1.067574e-01 -7.508275e-01 -7.396542e-01 7.009318e-02 3.267460e-02 -6.500988e-01
3.104137e-01 -1.195642e-01 2.881250e-01 8.192866e-01 1.166114e+00 2.624324e-01 -6.235305e-01 -1.517636e+00 4.722301e-01 -1.043264e-01 -6.222470e-01 -3.554285e-01
-1.644548e-01 -5.944148e-01 -1.736201e-01 -9.119129e-02 3.066226e-01 2.705553e-01 5.890797e-01 -1.178486e+00 -7.118801e-01 -1.718447e-01 -1.031489e+00 -7.680834e-01
-5.020313e-02 -5.800386e-01 -4.452899e-01 3.715046e-01 8.354427e-01 2.108525e-01 3.185216e-01 -1.263233e+00 -5.839573e-01 -5.187986e-01 -2.857857e+00 -2.297692e+00
8.795585e+00 -3.140450e+00 3.499609e+00 -6.322806e-01 -5.118596e+00 -2.917721e+00 -7.027379e+00 1.000452e+00 -4.122179e+00 -3.007103e-01 -2.269328e+00 -3.815808e+00
-1.036106e-01 -5.612659e-01 2.526725e-01 -6.181067e-01 -6.698414e-01 1.735054e+00 3.013303e-01 -5.169945e-02 7.984945e-01 1.940161e+00 5.744399e-01 -8.603193e-01
4.748205e-01 5.659949e-01 4.463762e-01 1.389682e+00 4.329161e-01 -1.649790e+00 4.257593e-01 4.986998e-01 -2.013118e+00 -7.187504e-01 1.433444e+00 9.253594e-01
3.294004e-01 -2.765617e+00 -1.518591e-01 -3.157996e-01 -2.315627e+00 -3.721832e-01 1.176945e+00 2.171844e+00 -1.332028e+00 1.271258e+00 8.432585e-01 7.323819e-01
-1.334720e+00 9.066364e-01 1.799859e+00 1.818758e+00 2.371882e+00 3.663972e+00 -3.200205e-01 -1.957602e+00 3.769094e-01 -4.522156e-01 -9.252834e-03 -1.096588e-01
-1.723126e+00 -3.753989e-01 8.466040e-01 -8.804394e-01 -5.627133e-01 9.723498e-01 -4.115161e-01 -3.543949e-03 -1.666915e+00 -1.956661e-01 1.268334e+00 1.912016e+00
5.655544e-01 -2.328073e-01 3.484455e-01 -1.180920e+00 1.641234e+00 -1.826292e+00 2.397003e-02 7.207415e-01 2.049063e-01 7.910684e-01 -1.030171e+00 1.845030e+00
1.135705e+00 -7.363454e-01 1.370358e+00 -1.050523e+00 2.073027e+00 -1.247556e+00 3.164513e-01 3.767003e-01 4.993920e-02 1.524598e+00 -2.203035e+00 1.846772e+00
2.011232e+00 -4.026901e-01 1.946771e+00 -1.770540e+00 7.202188e-01 -1.121215e+00 2.719062e-01 -2.132716e+00 -1.124470e-01 2.808469e+00 -2.502771e+00 1.215610e+00
-9.804053e-01 1.513434e+00 2.340151e+00 1.084694e+00 -1.582503e-02 3.246652e+00 -1.569452e+00 -1.403902e+00 -6.628320e-01 -2.346141e-01 4.106885e-01 6.569674e-02
8.060135e-01 1.331962e+00 6.393666e-01 2.088537e+00 1.254995e+00 -2.057486e+00 5.167247e-01 -1.674930e-01 -1.159747e+00 -1.127879e+00 1.713880e+00 1.460310e+00
7.002892e+00 -2.497665e+00 2.257333e+00 -1.235003e+00 -3.495549e+00 -4.108661e+00 -3.906461e+00 -4.720017e-01 -2.205142e+00 -5.482677e-01 -3.255486e+00 -2.164366e+00
-2.313919e+00 -1.326875e+00 -3.589392e+00 -1.749992e+00 3.160665e+00 3.240546e+00 8.155795e-01 -1.946649e+00 3.082949e+00 1.984960e+00 -1.180075e+00 8.693899e-01
-1.952069e-01 2.471703e+00 1.836258e+00 1.092499e+00 -4.346600e-01 3.425349e+00 -1.498610e+00 6.107333e-02 -7.667502e-01 9.753732e-02 -1.886295e-01 -1.055238e-01
3.409426e+00 -2.052463e+00 2.170036e+00 -1.613175e+00 -3.212125e+00 -1.338597e+00 1.226263e-02 1.699080e+00 -1.017912e+00 5.900961e-01 -1.051090e+00 -9.154020e-02
2.593930e+00 -1.717847e+00 6.870252e-01 -1.228260e+00 -2.381454e+00 -7.504286e-01 -7.385402e-01 -7.398388e-01 -4.440229e-01 2.878924e+00 -1.216723e+00 2.443780e-01
3.185642e+00 -2.096535e+00 -1.005364e+00 -7.419606e-01 -3.566424e+00 7.786182e-01 -1.156780e+00 1.000857e+00 5.804379e-02 9.927635e-01 -6.242624e-01 3.785599e-02
1.554612e+00 4.044254e-01 -4.386557e-01 3.372891e-01 -2.453140e+00 2.641000e+00 -2.414744e+00 2.516562e+00 -9.903466e-01 -4.227092e-01 -8.242882e-01 -9.744304e-02
2.896108e+00 -1.610812e+00 -2.040751e+00 -7.776552e-01 -4.629659e+00 1.189386e+00 -1.781026e+00 2.875846e+00 -6.916893e-01 6.912635e-01 -5.694159e-01 6.900258e-02
1.126622e-01 3.669749e+00 2.792602e-02 3.110773e+00 1.822247e+00 -2.189246e+00 9.679205e-01 -1.868596e+00 7.246567e-01 -1.757316e+00 1.349633e+00 3.203366e+00
-3.750221e+00 2.530493e+00 -3.252973e+00 -2.021842e+00 1.579306e+00 2.823030e+00 3.096417e-01 -5.805807e+00 4.601457e+00 2.163141e+00 -2.021706e+00 3.908801e+00
-1.509643e+00 5.836328e+00 -1.538328e+00 7.786149e-01 2.187190e+00 4.218454e-01 -1.809545e-01 -6.088564e+00 3.623024e+00 -3.524942e-01 -1.015363e+00 4.356812e+00
-3.055217e+00 4.823691e+00 -2.993632e+00 -1.192256e+00 1.264097e+00 2.650247e+00 2.219678e-01 -7.147333e+00 5.319213e+00 1.343141e+00 -2.413857e+00 5.054897e+00
