9.190717e+00 -8.386192e+00 -8.702926e+00 -5.998106e+00 -3.534317e+00 1.193670e+01 -1.072596e+01 -1.852608e+00 -1.007276e+01 1.018172e+00 2.928998e+00 -1.457956e+01
9.303292e+00 -8.940652e+00 -8.766866e+00 -5.849372e+00 -3.242100e+00 1.362000e+01 -8.908549e+00 -3.181400e+00 -8.319477e+00 -3.896294e-01 3.079810e+00 -1.564316e+01
9.761579e+00 -8.752129e+00 -8.548820e+00 -5.483469e+00 -3.873197e+00 1.366230e+01 -1.006326e+01 -2.564616e+00 -9.642233e+00 1.298032e+00 2.994249e+00 -1.421043e+01
1.082734e+01 -7.816175e+00 -9.359691e+00 -5.673897e+00 -1.271633e+00 1.198788e+01 -9.304513e+00 -3.675677e+00 -5.267206e+00 1.951439e+00 2.535753e-01 -1.676464e+01
1.183069e+01 -8.800645e+00 -7.815610e+00 -7.919390e+00 6.743178e-01 1.122583e+01 -9.181445e+00 -4.886343e+00 -1.675691e+00 2.044270e-01 -1.083260e+00 -1.514319e+01
9.891903e+00 -7.606445e+00 -7.584940e+00 -5.569180e+00 -6.378652e+00 1.021331e+01 -1.269860e+01 2.252843e+00 -9.763842e+00 2.282714e+00 3.597361e+00 -1.791191e+01
1.180406e+01 -8.849878e+00 -8.540421e+00 -7.229874e+00 5.575471e-01 9.759212e+00 -1.104149e+01 -7.043346e+00 -1.756435e+00 3.952262e-01 -5.078660e+00 -1.188449e+01
1.124648e+01 -8.431854e+00 -9.301355e+00 -4.850520e+00 2.949045e+00 7.783577e+00 -1.354411e+01 -5.140300e+00 2.199240e+00 -6.820189e+00 -1.809370e+00 -1.112345e+01
1.088833e+01 -8.355644e+00 -8.429897e+00 -4.368360e+00 1.959390e+00 7.670133e+00 -1.374359e+01 -2.447996e+00 -1.245852e+00 -5.672959e+00 -2.733438e+00 -1.093484e+01
1.079399e+01 -4.307331e+00 -7.497066e+00 -2.773295e+00 -1.153788e+01 6.636167e+00 -1.528979e+01 3.518202e+00 -7.854256e+00 4.495459e-01 5.264024e+00 -1.661373e+01
1.090106e+01 -9.402727e+00 -6.888644e+00 -2.431395e+00 -2.099260e+00 8.811882e+00 -1.292105e+01 -3.045839e+00 -1.606408e+00 -4.176611e+00 -3.617880e+00 -9.216738e+00
7.318913e+00 -9.635621e+00 -4.223514e+00 -8.048277e-01 -1.146113e+00 7.829204e+00 -9.236955e+00 8.244662e-01 -2.993477e+00 -4.346271e+00 -6.943734e-01 -9.297388e+00
1.013776e+01 -9.063807e+00 -6.104048e+00 -4.523800e+00 -1.797320e+00 1.013977e+01 -1.379884e+01 -2.746356e+00 -3.456550e+00 -1.165629e+00 -5.091298e+00 -9.505449e+00
8.171608e+00 -9.587556e+00 -5.435753e+00 -1.932874e+00 -3.632278e+00 1.024533e+01 -1.157096e+01 -7.000908e-01 -5.222270e+00 -4.161291e+00 1.449109e+00 -1.242749e+01
9.518522e+00 -8.527354e+00 -5.960346e+00 -3.984208e+00 -1.510135e+00 9.744444e+00 -1.095740e+01 -3.156242e+00 -3.346726e+00 -4.365429e+00 1.400079e+00 -1.341868e+01
7.646589e+00 -8.893856e+00 -3.945793e+00 -6.546370e-01 -2.781531e+00 9.538698e+00 -7.576921e+00 3.329666e-02 -2.662449e+00 -5.100650e+00 7.022543e-01 -1.049549e+01
1.055635e+01 -8.983868e+00 -5.774852e+00 -4.081420e+00 -2.748677e+00 1.180431e+01 -1.321309e+01 -2.132427e+00 -3.858952e+00 -2.065694e+00 -1.981056e+00 -1.093961e+01
1.011375e+01 -7.903397e+00 -6.911933e+00 -3.756181e+00 -2.179229e+00 1.051019e+01 -1.317209e+01 -2.625205e+00 -6.789565e-01 -5.527875e+00 -7.153709e-01 -1.195728e+01
1.010240e+01 -8.726400e+00 -5.623225e+00 -3.663191e+00 -3.029670e+00 1.220599e+01 -1.317534e+01 -1.029937e+00 -3.831806e+00 -3.483953e+00 -2.439079e-01 -1.101146e+01
1.068232e+01 -8.875278e+00 -5.046219e+00 -4.712837e+00 -2.649021e+00 1.200896e+01 -1.153160e+01 -3.575365e+00 -2.865857e+00 -3.160717e+00 -2.327290e-01 -1.080490e+01
9.452509e+00 -9.420810e+00 -5.283993e+00 -4.033352e+00 -2.091322e+00 9.906782e+00 -1.321614e+01 -3.350905e+00 -3.257198e-01 -4.137143e+00 -3.945955e+00 -9.758757e+00
7.327706e+00 -9.989451e+00 -4.553121e+00 -2.015708e+00 -2.871977e+00 4.190638e+00 -7.833460e+00 -1.360624e+00 -6.196660e+00 -7.384292e+00 -4.240975e+00 -8.369931e+00
7.163345e+00 -9.461844e+00 -3.059390e+00 -7.856439e-01 -5.015559e+00 5.393141e+00 -8.134164e+00 3.394994e+00 -8.516403e+00 -7.477144e+00 -3.780606e+00 -7.543019e+00
6.578536e+00 -8.216841e+00 -3.230447e+00 -1.007944e+00 -8.306701e+00 3.647260e+00 -6.351197e+00 4.052677e+00 -1.120396e+01 -9.803513e+00 -6.046721e+00 -4.948327e+00
6.460305e+00 -7.185228e+00 -2.669156e+00 -7.449185e-01 -9.659837e+00 1.959482e+00 -3.076886e+00 3.335827e+00 -1.090702e+01 -1.037062e+01 -5.891806e+00 -4.113121e+00
5.574098e+00 -5.367730e+00 -1.933361e+00 -5.887842e-01 -1.449510e+01 2.161790e+00 -2.077138e+00 3.319142e+00 -1.111219e+01 -1.205476e+01 -3.935520e+00 -4.745651e+00
5.238629e+00 -4.705777e+00 3.891182e-02 -2.668938e+00 -1.646564e+01 1.533360e-01 -2.437439e-01 1.608711e+00 -1.029827e+01 -1.066812e+01 -4.652705e+00 -4.492409e+00
5.108355e+00 -2.596272e+00 4.184865e+00 -3.553718e+00 -1.875867e+01 1.887429e-01 2.966769e+00 4.014885e+00 -9.397318e+00 -8.935289e+00 -1.975723e+00 -3.525844e+00
5.250998e+00 -1.577636e+00 3.624581e+00 -3.184811e+00 -2.305289e+01 -2.805146e+00 1.480474e+00 1.792067e+00 -8.688364e+00 -9.969145e+00 -1.726400e+00 -5.670035e+00
4.760695e+00 -1.728904e+00 5.723421e+00 -5.532109e+00 -2.412089e+01 -7.452808e+00 -3.437457e-01 2.282710e+00 -1.200239e+01 -7.510685e+00 -3.921844e+00 -5.312904e+00
6.294268e+00 -5.239081e-01 8.414430e+00 -2.923769e+00 -2.405341e+01 -9.186453e+00 2.321702e+00 1.740861e+00 -9.314253e+00 -4.212283e+00 -1.528543e+00 -4.045911e+00
-7.518591e+00 -5.431815e+00 1.023822e+00 -2.766800e+00 3.229591e+00 -7.829608e+00 1.473068e+00 -1.247510e+00 5.589186e+00 -2.543827e+00 -5.452603e+00 1.039995e+01
5.758526e+00 9.728961e-01 9.148493e+00 -2.417396e+00 -2.414708e+01 -1.446345e+01 -3.320756e-01 -7.780229e-01 -1.139649e+01 -7.465828e+00 -8.563759e-01 -6.221380e+00
5.638371e+00 1.995899e+00 1.094012e+01 -3.787125e-01 -2.497014e+01 -1.900540e+01 -2.019623e+00 -6.517211e-02 -1.450127e+01 -9.687386e+00 -1.571085e+00 -4.624499e+00
6.363290e+00 1.728961e+00 1.101833e+01 3.438795e+00 -2.397546e+01 -2.125573e+01 -8.876810e+00 -3.076337e+00 -1.203102e+01 -1.042646e+01 -1.403176e+00 -4.884375e+00
6.936307e+00 3.809050e+00 -6.831589e-01 -3.196179e+00 -7.260780e-01 -1.404168e+00 1.042816e+00 -6.100136e+00 1.150334e+00 7.985551e-01 4.346542e-01 1.819977e+00
7.822426e+00 3.733336e+00 1.004412e+01 1.029626e+01 -1.770026e+01 -2.376521e+01 -7.233052e+00 -2.241565e+00 -9.647942e+00 -8.659622e+00 2.447329e+00 -3.624448e+00
6.424513e+00 3.135994e+00 1.151414e+01 4.678320e+00 -9.906215e+00 -2.201227e+01 -4.950633e+00 -1.026528e+01 -8.137743e+00 -7.736664e+00 -1.283595e+00 -1.114926e+00
5.261296e+00 3.757472e+00 1.030832e+01 -3.009563e+00 -7.810953e+00 -1.935088e+01 -1.083517e+00 -5.698171e+00 -2.931352e-01 -9.262264e+00 -8.079602e+00 -9.596596e-01
-7.086942e+00 -5.915967e+00 -9.221330e-01 -4.332439e+00 2.622716e+00 -7.673158e+00 2.138209e-01 -3.125218e+00 6.596570e+00 2.296701e+00 -3.134047e+00 1.348486e+01
3.992631e+00 4.962024e+00 7.811147e+00 9.973582e+00 2.789310e+00 -1.469860e+01 2.289254e+00 -1.138010e+01 -1.169807e+01 -9.142876e+00 -8.687991e+00 -4.382839e+00
5.725327e-01 9.692252e+00 5.747807e+00 9.751957e+00 2.627438e+00 -9.108743e+00 -1.344232e+00 -9.675783e+00 -1.238238e+01 -6.763321e+00 -1.160054e+01 -2.276998e+00
-2.474920e+00 -7.771708e+00 -6.072702e+00 7.257811e+00 8.876282e+00 -1.703493e+00 1.018977e+01 1.086672e+01 1.215139e+01 7.302331e+00 1.846389e+00 6.167587e+00
-1.170161e+00 -6.298072e+00 -7.835570e+00 4.530419e+00 6.965632e+00 -1.212758e+00 9.474442e+00 8.290277e+00 6.518335e+00 3.408807e+00 -4.228827e+00 2.673333e+00
-3.323517e-01 -3.747828e+00 -1.394583e+00 1.003550e+01 1.335882e+01 2.147091e+00 1.057722e+01 1.063270e+01 7.387361e+00 6.471472e+00 1.266654e+00 6.093358e+00
-1.021306e+00 7.091383e+00 2.535537e+00 5.407845e+00 9.286599e-01 -5.806599e+00 3.485456e+00 2.270183e+00 -2.208745e+00 -5.935739e+00 -3.917535e+00 9.765635e-01
-1.221155e+00 -3.330849e+00 -7.534642e+00 4.617147e+00 8.763577e+00 -8.024490e-01 8.278646e+00 2.113289e+00 5.072152e+00 4.583068e+00 -2.033875e+00 2.320306e+00
-1.212228e+00 -2.259933e+00 -8.276500e+00 6.431676e+00 1.262006e+01 -6.384668e-01 5.836654e+00 3.366441e+00 8.126969e+00 3.654576e+00 -1.542795e-01 5.635853e+00
-6.231432e-01 7.294106e-01 -3.644567e-01 1.155683e+01 1.028545e+01 4.622032e+00 1.184521e+01 2.851391e+00 4.050743e+00 8.087841e+00 2.716271e+00 3.249364e+00
-5.019092e+00 2.751001e+00 6.936707e+00 -4.963643e+00 -2.779847e+00 2.682104e+00 1.401542e+01 4.587431e+00 3.460498e+00 4.411068e+00 1.345840e+01 1.263873e+01
-1.084711e+00 3.811374e+00 -1.774004e+00 -2.792326e+00 -8.850222e-01 -9.280540e+00 7.795754e+00 3.834405e+00 4.099058e+00 -6.020436e-01 5.757117e-01 7.874671e+00
-3.773057e+00 6.865815e+00 2.128553e+00 7.184783e+00 1.094049e+01 3.475447e-01 -5.069642e-01 1.142962e+00 3.458702e+00 6.434047e+00 3.811716e+00 1.565086e+00
-3.471097e+00 8.995790e+00 6.329416e+00 1.042015e+00 1.018604e+00 -1.279323e+00 9.240877e+00 7.286083e+00 -2.516849e+00 7.669738e+00 2.202885e-01 -1.127631e+00
-3.099578e+00 6.929023e+00 2.427703e+00 2.241633e+00 9.053679e+00 -2.907260e+00 9.200661e+00 6.391292e+00 3.425403e-01 9.426027e+00 -3.919430e+00 1.783995e+00
-2.941541e+00 8.667668e+00 4.002238e+00 4.478037e+00 9.752689e+00 -2.594107e+00 8.933708e+00 1.694871e+00 9.687169e+00 9.751862e+00 -2.714702e+00 5.128878e+00
-3.924834e+00 -2.407931e+00 -5.816897e+00 2.360146e+00 5.812318e+00 -8.109962e+00 -2.121425e-01 4.112604e+00 9.472336e+00 3.989801e+00 1.202829e+00 4.822525e+00
-8.267179e+00 5.195782e+00 1.011921e+01 -1.278377e+00 -1.769906e+00 2.702974e+00 1.037307e+01 -9.945124e-01 3.277740e+00 8.620954e-01 9.926598e+00 1.379432e+01
-4.038385e+00 1.256634e+01 8.213316e+00 4.294571e+00 5.901627e+00 -3.524615e+00 1.060211e+01 -4.634013e+00 7.964138e+00 6.827254e+00 3.478649e-01 6.699165e+00
-6.106962e+00 9.130075e+00 8.335960e+00 5.352810e+00 8.256275e+00 -6.795020e-01 1.460747e+01 2.045024e+00 1.378144e+01 7.092403e+00 -6.694291e+00 5.515548e+00
-3.636308e+00 5.180858e+00 6.446086e+00 -1.101948e+00 9.486198e-03 9.002316e-01 9.193485e+00 -5.562040e-01 -5.120540e+00 -2.099247e-01 6.635382e+00 5.254618e+00
-6.785648e+00 9.511213e+00 8.703611e+00 7.901282e+00 1.110767e+01 -6.315892e+00 7.777903e+00 -1.595552e-01 7.843500e+00 6.853368e+00 2.733929e+00 1.066944e+01
-4.010040e+00 -1.813226e+00 -4.590824e+00 3.357746e+00 6.501464e+00 -6.869766e+00 4.462113e-01 5.935142e-02 7.471269e+00 -6.670475e-03 -4.130323e-01 7.077322e+00
-7.673919e+00 5.537464e+00 5.583856e+00 -8.220260e+00 3.659353e-01 5.302899e+00 -2.164867e+00 -5.521789e+00 1.025702e+01 2.212186e+00 4.991533e+00 1.184798e+01
-8.338194e+00 5.497120e+00 3.410328e+00 -1.012729e+01 5.790834e-01 3.644195e+00 -8.388524e-01 -5.682605e+00 1.056046e+01 -6.238799e-01 4.214863e+00 1.014468e+01
-5.296507e+00 -1.136241e+00 -7.105595e+00 2.362819e+00 8.950692e+00 -5.448372e+00 6.021946e+00 -1.730907e-01 5.804415e+00 4.682216e+00 1.842407e+00 1.379523e+01
-9.024706e-01 4.094343e+00 -4.456896e+00 9.299002e-01 5.680431e+00 -5.997859e+00 -2.804211e+00 -8.188657e+00 -2.750790e+00 -2.203779e+00 9.847958e-01 9.484859e+00
-3.418290e+00 7.902887e+00 1.958071e+00 4.651628e+00 8.441854e+00 -2.055991e+00 5.608683e+00 -3.067024e+00 1.460680e+00 2.959769e+00 -1.792621e+00 2.586794e+00
-5.463685e+00 3.041869e+00 -5.117398e+00 -5.259514e-03 7.528203e+00 3.614814e-01 8.944439e+00 8.639206e+00 7.955966e+00 3.496846e+00 4.914508e-01 1.097810e+01
-3.435157e+00 9.801702e+00 3.222989e+00 1.088921e+00 4.993549e+00 2.385502e-01 4.784619e+00 -4.487819e+00 -9.726443e-01 8.262095e-01 -2.944681e+00 3.360923e+00
-8.398577e+00 8.694348e+00 7.897918e+00 3.776878e+00 6.122907e+00 -5.472603e-01 3.910604e+00 1.602033e+00 2.045441e+00 -6.712298e-01 6.001295e+00 4.708938e+00
-1.191241e+01 6.468443e+00 1.544983e+00 1.312631e+00 1.138661e+01 2.247519e+00 6.852736e+00 5.247977e+00 1.133978e+01 1.220490e+01 5.540230e+00 6.886087e+00
-9.048006e+00 5.390850e+00 -1.550369e+00 -2.547284e+00 4.978586e+00 9.562211e-01 6.461299e+00 4.556361e+00 9.455256e+00 3.190908e-01 -8.233035e-01 9.262457e+00
-1.137941e+01 3.971766e+00 1.587694e+00 -2.329976e+00 5.301997e+00 1.353741e-03 8.352322e+00 5.709314e+00 6.574206e+00 7.897020e+00 5.076827e+00 5.725920e+00
-6.224837e+00 7.290471e+00 1.710384e+00 -1.260727e+00 5.907723e+00 -3.922802e+00 2.937985e+00 -2.738063e+00 1.505551e+00 6.253691e-01 4.352899e+00 9.109272e+00
-5.121026e+00 1.029079e+01 1.547512e+00 -2.751219e-02 4.267762e+00 -2.805498e+00 6.015158e-01 -8.118977e+00 -3.833756e-01 4.723995e+00 -2.241609e+00 7.186079e+00
-1.208665e+01 4.466370e+00 1.712765e+00 1.476874e+00 9.774839e+00 2.329713e+00 4.211772e+00 -1.848070e-01 9.923004e+00 6.707654e+00 2.442133e+00 9.422706e+00
-1.444511e+01 2.066541e+00 -2.263366e+00 -2.016836e+00 4.387932e+00 -1.361476e+00 5.928681e+00 1.276523e+00 4.188920e+00 4.338195e+00 3.348912e-01 6.423463e+00
-6.047876e+00 3.795328e+00 -3.176821e+00 8.099180e-01 7.314711e+00 1.349428e+00 1.134788e+01 7.638338e+00 7.930367e+00 2.925409e+00 2.879735e+00 7.535196e+00
-1.182926e+01 6.701665e+00 1.104602e+00 2.058566e+00 5.791778e+00 -1.892817e-01 6.850273e+00 -2.835257e+00 3.879421e+00 9.587019e+00 3.254933e+00 8.306445e+00
-1.212098e+01 7.670703e+00 4.579422e+00 4.526735e+00 8.555205e+00 -4.459581e+00 4.533136e+00 2.077845e+00 3.672069e+00 4.565002e+00 3.213223e+00 9.244085e+00
-1.300163e+01 4.558752e+00 1.339867e+00 2.777866e+00 9.748116e+00 2.079954e-01 5.668662e+00 2.499107e-01 7.636662e+00 6.949210e+00 8.643710e+00 1.203303e+01
-1.381175e+01 5.279767e+00 5.429290e+00 8.467101e+00 1.224271e+01 1.816200e+00 5.688088e+00 3.285013e+00 9.962841e+00 7.105445e+00 4.171771e+00 1.197605e+01
-8.904772e+00 8.674785e+00 3.359631e+00 -2.180566e+00 -1.112432e-01 -6.446295e+00 1.199125e+00 -1.037958e-01 6.487947e+00 4.355149e+00 1.040819e+00 5.806742e+00
-1.306351e+01 3.895134e+00 3.746811e+00 4.354707e+00 1.041615e+01 3.306979e+00 8.867802e+00 7.136880e+00 5.964861e+00 8.416487e+00 6.758137e+00 1.326745e+01
-1.110133e+01 7.364780e+00 4.607186e+00 8.805636e-01 8.281415e+00 1.309662e+00 3.844671e+00 -2.725876e+00 5.318338e+00 6.489006e+00 1.348566e+00 4.085120e+00
-1.321206e+01 4.811833e+00 2.215648e+00 1.220506e+00 6.270656e+00 -7.193122e+00 3.667379e+00 3.382652e+00 5.760826e+00 6.627294e+00 -1.615259e+00 5.212732e+00
-1.117072e+01 6.797857e+00 2.988978e+00 5.141801e-01 8.377206e+00 2.458033e+00 9.341591e+00 2.733590e+00 7.712060e+00 7.613022e+00 3.068563e+00 5.236223e+00
-1.243963e+01 5.455603e+00 4.858515e+00 8.546667e-01 3.857010e+00 -1.703381e+00 6.011798e+00 1.089261e+00 3.027978e+00 1.754350e+00 5.443439e-01 6.354545e+00
