9.668252e+00 -1.091084e+01 -7.893597e+00 -9.067297e+00 -4.713385e+00 3.948839e-01 -1.106925e+01 9.568012e+00 -1.919502e+00 -2.266609e+00 -4.594816e+00 -1.477512e+01
1.087254e+01 -1.193256e+01 -7.006973e+00 -9.427145e+00 -4.385653e+00 4.490690e-01 -1.138101e+01 1.035312e+01 -2.415561e+00 -7.304049e-02 -5.244008e+00 -1.383072e+01
9.424178e+00 -1.072711e+01 -6.840395e+00 -9.538076e+00 -6.373504e+00 7.384835e-01 -1.141241e+01 9.142915e+00 -1.802878e+00 -3.479539e+00 -5.476707e+00 -1.264943e+01
1.112933e+01 -1.188475e+01 -6.886501e+00 -7.649903e+00 -7.769989e+00 1.730882e+00 -1.123849e+01 8.659756e+00 -5.437760e-01 1.035407e+00 -5.893056e+00 -1.518358e+01
9.042801e+00 -8.091813e+00 -2.786297e+00 -8.013227e+00 -1.419259e+01 1.592481e-01 -1.331795e+01 8.396691e+00 4.031381e+00 -5.998596e+00 -2.832121e-01 -1.108434e+01
9.022397e+00 -8.449933e+00 -5.600627e+00 -8.332918e+00 -1.156293e+01 -5.884051e-01 -1.266247e+01 1.232292e+01 -7.078595e-01 -3.324476e+00 -4.289454e+00 -1.102787e+01
-1.822619e+01 6.495351e+00 -1.196774e+01 8.551288e+00 -4.048495e-01 4.058304e+00 2.382852e+00 6.429136e+00 6.989308e+00 5.707335e+00 -2.746554e+00 2.939335e+00
1.110406e+01 -1.111427e+01 -7.673888e+00 -6.193195e+00 -8.015024e+00 1.990476e-01 -1.165205e+01 7.869408e+00 -1.132725e+00 4.430637e+00 -6.638105e+00 -1.529240e+01
8.773543e+00 -1.021552e+01 -5.484252e+00 -8.842443e+00 -8.034006e+00 3.092631e-01 -1.249921e+01 1.089450e+01 -2.088216e+00 -3.748541e+00 -4.212068e+00 -1.293423e+01
1.257290e+01 -1.198860e+01 -5.507514e+00 -7.478186e+00 -7.768638e+00 -2.112689e+00 -1.364258e+01 8.052486e+00 -2.572448e+00 7.332979e+00 -4.259503e+00 -1.886753e+01
-1.803118e+01 4.558722e+00 -1.010635e+01 5.735305e+00 -3.411040e-01 4.351329e+00 -7.709353e-01 -5.166154e-01 6.986475e+00 9.738060e+00 4.255623e+00 5.185885e+00
9.608747e+00 -7.179985e+00 -1.607046e-01 -6.041335e+00 -1.586732e+01 -4.079582e+00 -1.568450e+01 2.488777e+00 2.111698e+00 -6.752715e-01 -3.632221e+00 -7.563743e+00
-1.995517e+01 6.586729e+00 -9.799321e+00 9.118814e+00 3.183868e+00 -2.731166e-01 2.785654e+00 4.189026e-01 8.389057e+00 8.639289e+00 6.066941e+00 4.415700e+00
-1.627403e+01 1.792273e+00 -8.192686e+00 4.429794e+00 2.752306e+00 3.527165e+00 -2.217459e+00 1.287366e+00 5.011255e+00 7.982795e+00 -1.619739e+00 8.009307e+00
1.389823e+01 -1.116899e+01 -3.875726e+00 -6.983264e+00 -4.236488e+00 -4.460274e+00 -1.187394e+01 3.683457e+00 -3.456550e-01 8.071715e+00 -1.386460e-01 -1.675500e+01
9.478993e+00 -4.982572e+00 4.712096e+00 -4.619979e+00 -2.298026e+01 -2.831688e+00 -9.248209e+00 9.885708e+00 1.981826e+00 -7.610748e+00 -7.768809e+00 -4.287990e+00
9.617008e+00 -4.781703e+00 3.919132e-01 -4.048794e+00 -1.401629e+01 -8.402452e+00 -1.612189e+01 -4.103504e+00 5.473742e-01 -2.369055e+00 -9.823647e+00 -3.637671e+00
1.027518e+01 -5.457972e+00 5.025990e+00 -4.073977e+00 -1.966639e+01 -7.941023e+00 -9.611756e+00 8.997585e+00 5.206458e+00 -7.859983e+00 -3.021973e+00 -7.253768e+00
8.755100e+00 -3.009695e+00 5.555067e+00 -6.162061e+00 -2.258845e+01 -1.204779e+00 -6.627562e+00 1.071171e+01 -7.112308e-01 -9.671754e+00 -6.996500e+00 -3.118869e+00
8.302752e+00 -1.604140e+00 5.958301e+00 -7.105589e+00 -2.339420e+01 6.313751e-01 -4.638451e+00 7.605036e+00 -7.857833e-01 -1.281033e+01 -5.314627e+00 -2.425686e+00
1.034664e+01 -5.484919e+00 5.470080e+00 -1.012205e+00 -1.833250e+01 -7.389708e+00 -1.220396e+01 5.805552e+00 4.124336e+00 -3.049267e+00 -1.133631e+00 -8.577986e+00
9.053186e+00 -1.239804e+00 6.364523e+00 -7.176697e+00 -2.277761e+01 2.278298e-01 -4.346544e+00 4.818510e+00 1.017814e+00 -1.686440e+01 -4.358350e+00 -1.771171e+00
-1.094846e+01 1.233162e+00 -7.358726e+00 7.987305e-01 -2.130633e+00 -1.619919e+00 5.414863e-01 -1.151673e+00 9.008391e+00 2.213338e+00 -7.951925e-01 1.175766e+01
-1.699555e+01 6.509231e+00 -8.373697e+00 3.163854e+00 4.915250e+00 -3.606328e+00 9.351308e+00 8.851182e-01 9.191624e+00 5.246245e+00 3.688537e+00 6.087670e+00
1.119594e+01 -3.266878e-01 6.610048e+00 -7.156432e+00 -1.757530e+01 -1.618008e+00 -4.242738e+00 5.235894e+00 -1.867206e+00 -1.426453e+01 -5.694728e+00 -1.429464e+00
1.374957e+01 5.446985e+00 4.782854e+00 -2.634825e+00 -1.781442e+01 -4.399330e+00 7.811764e+00 -1.109805e+01 -1.758719e+01 -1.148732e+00 -3.219604e+00 -2.274820e+00
1.288165e+01 5.566601e+00 5.999137e+00 -2.929806e-01 -1.794881e+01 -5.396010e+00 3.312883e+00 -1.111269e+01 -1.650368e+01 -1.193006e+00 -3.294289e+00 -3.268734e+00
8.027481e+00 -3.337402e+00 5.149970e+00 3.694375e-01 -9.275864e+00 -1.205566e+01 -1.128544e+01 1.364627e+00 2.326823e+00 -2.228739e+00 5.617218e-01 -6.999125e+00
1.249544e+01 -7.171582e+00 5.197144e-01 1.339021e+00 1.031274e+00 -4.811865e+00 -1.411589e+01 -3.562391e+00 -4.625230e-01 9.117325e+00 4.374236e+00 -1.117714e+01
1.412843e+01 3.032844e+00 3.679039e+00 -2.878603e+00 -1.411979e+01 -4.537828e+00 1.818624e+00 -2.427938e+00 -1.280320e+01 -7.454293e+00 -4.812269e+00 -1.803168e+00
1.238530e+01 6.854877e+00 1.046803e+01 -1.444654e+00 -1.579534e+01 -1.045005e+01 5.388660e+00 -1.199941e+01 -1.644797e+01 -6.611569e-01 -1.445220e+00 -3.764515e+00
1.142509e+01 8.739428e+00 9.405110e+00 4.198092e+00 -1.194198e+01 -1.154185e+01 -2.390337e+00 -1.497188e+01 -1.669305e+01 2.440040e+00 2.779591e+00 -1.818362e+00
1.183149e+01 8.628992e+00 5.833690e+00 2.560439e+00 -6.794397e+00 -6.301441e+00 -3.672314e+00 -1.603926e+01 -1.512577e+01 -3.687168e+00 2.714479e+00 6.721914e-01
-2.815532e+00 4.591302e+00 2.649155e+00 3.001278e+00 -3.517121e+00 -9.810200e+00 -7.632088e+00 -8.003403e+00 4.474009e+00 4.765687e-01 -8.909298e+00 4.346851e+00
1.224292e+01 7.811938e+00 5.314229e+00 1.756374e+00 -4.833546e+00 -2.122668e+00 -1.978093e+00 -1.622501e+01 -1.554999e+01 -3.879872e+00 -2.577002e+00 1.527424e+00
5.276752e+00 -1.949264e+00 4.180546e+00 2.810428e+00 -1.147513e+00 -1.008070e+01 -1.262388e+01 -1.352653e+00 -9.495597e-01 -8.842449e-01 -2.373888e+00 -4.327431e+00
1.134123e+01 6.398984e+00 6.833010e+00 1.702880e+00 -6.111007e+00 -2.833754e+00 7.861758e+00 -1.288517e+01 -2.426184e+01 -8.135980e+00 -7.059574e-04 1.216951e+00
-1.318698e+01 3.709153e+00 -4.172027e+00 -1.655821e+00 3.169956e+00 7.303807e-01 7.035334e+00 1.310780e+01 8.060317e-01 2.366654e+00 1.664727e+00 9.839754e+00
9.401917e+00 -2.384653e+00 3.129712e+00 8.278946e+00 8.118608e+00 -8.942581e+00 -1.829066e+01 -8.550898e+00 1.428158e+00 7.185342e+00 4.488821e+00 -6.468525e+00
1.016359e+01 5.781956e+00 6.757542e+00 2.871126e+00 -3.037820e+00 -1.961978e+00 7.168180e+00 -1.410716e+01 -2.179444e+01 -1.014638e+01 -5.176035e+00 -4.775102e-01
4.562906e+00 -2.385244e+00 4.823174e+00 6.706141e+00 1.165978e+00 -4.689234e+00 -1.306356e+01 -8.100208e+00 4.343290e-01 4.398160e-01 -1.449657e+00 -4.156676e+00
5.838282e+00 -1.901200e+00 5.635699e+00 7.213758e+00 2.564924e+00 -2.379048e+00 -1.197607e+01 -1.063097e+01 -7.367539e-01 1.070655e+00 1.111320e+00 -5.387042e+00
7.121594e+00 -8.642009e-01 6.780903e+00 7.028955e+00 4.671567e+00 -5.534645e+00 -1.258264e+01 -9.617090e+00 -9.404244e-01 1.163019e+00 3.652442e+00 -2.605001e+00
8.816352e+00 4.489252e+00 7.371789e+00 2.843642e+00 -8.356166e-01 2.480249e+00 3.305794e+00 -1.316788e+01 -1.914429e+01 -9.575057e+00 -6.203022e+00 -2.399711e+00
7.502566e+00 3.697737e+00 7.834507e+00 3.492365e+00 -9.465070e-01 7.289798e-01 6.428669e+00 -1.054299e+01 -1.773203e+01 -9.860641e+00 -6.313926e+00 -5.362734e+00
6.507693e+00 2.694097e+00 7.814814e+00 5.771923e+00 3.041744e-02 -2.330912e+00 3.666848e+00 -1.275254e+01 -1.699773e+01 -8.232803e+00 -3.694418e+00 -3.648920e+00
5.405751e+00 2.919033e+00 7.294947e+00 5.469332e+00 -1.207950e+00 -1.321057e+00 5.658214e+00 -1.160725e+01 -2.090369e+01 -9.029386e+00 4.113182e-01 -2.255757e-01
-3.771479e+00 5.334810e+00 -4.591148e+00 -3.600485e+00 -3.306036e+00 -3.108485e+00 3.135286e+00 5.904208e+00 9.659125e+00 2.824129e+00 4.431235e+00 4.897871e+00
3.929866e+00 3.774965e+00 4.705010e+00 5.956093e+00 -1.274498e+00 -4.438348e+00 3.584178e+00 -7.946180e+00 -1.587440e+01 -5.753109e+00 -6.188455e-01 -1.452640e+00
4.046168e+00 1.510683e+00 -5.112616e+00 -5.958477e+00 -7.236600e+00 -9.873855e+00 2.057199e+00 2.110828e+00 8.360798e+00 3.152910e+00 2.003730e+00 -1.358371e+00
1.549765e+00 3.790145e+00 3.991400e+00 3.392602e+00 3.418843e+00 -4.008629e+00 1.341026e+00 -1.235070e+00 -1.323606e+01 -9.463923e+00 -3.154803e+00 -2.912743e+00
2.988529e-02 1.671393e+00 1.760117e+00 4.974939e+00 5.304110e+00 -2.998937e+00 6.786640e+00 6.165915e+00 -7.931722e+00 -4.717914e+00 -3.624847e+00 -1.153860e+00
-3.730231e+00 4.014122e-02 -4.184227e+00 2.821707e-01 9.962553e+00 4.190559e+00 1.081848e+01 5.112708e+00 -3.933098e+00 -1.299743e+00 3.949938e+00 7.396332e+00
-2.981909e+00 7.086587e-01 -1.377185e+00 7.754102e-01 1.022952e+01 3.793565e+00 1.170894e+01 4.904636e+00 -8.021748e+00 -2.139714e+00 1.413267e+00 4.380929e+00
-3.341527e+00 7.530646e-01 -4.507404e+00 -3.128297e+00 5.226392e+00 4.664706e+00 6.394946e+00 1.259005e+00 -2.562146e+00 1.813411e+00 5.167853e+00 8.214193e+00
-3.043881e+00 2.331131e+00 -2.975621e+00 -3.178654e+00 7.992570e+00 7.307464e+00 1.178861e+01 -9.392213e-01 -3.505026e+00 1.630916e+00 9.098778e+00 1.445341e+01
-4.752932e+00 -5.542812e-01 -2.885993e+00 1.821941e+00 9.192690e+00 1.060661e+01 1.176383e+01 -9.810186e-01 -2.478176e+00 -6.633780e+00 -3.303389e+00 1.707807e+00
-5.224700e+00 2.425359e+00 -3.786722e-01 2.007966e+00 8.299660e+00 2.671185e+00 5.917452e+00 1.068797e+00 -3.222752e-01 -8.415804e-01 6.615057e+00 1.058723e+01
-3.971055e+00 4.147833e+00 -9.682457e-01 2.158115e+00 9.521714e+00 3.367221e+00 5.332490e+00 2.606985e+00 4.754896e+00 5.245893e-01 2.701226e+00 6.461633e+00
-4.591480e+00 -9.791927e-01 -3.337933e+00 -1.324926e+00 7.998394e+00 6.480023e+00 8.265212e+00 2.886198e+00 -1.200740e+00 -4.028442e+00 4.109738e-01 5.393911e+00
-5.796142e+00 -6.696022e-01 -3.594651e+00 1.292961e+00 7.639986e+00 4.695570e+00 1.179560e+01 5.795832e+00 4.545196e+00 -3.645758e+00 2.574107e+00 1.005277e+01
-1.209947e+01 -1.483108e+00 -1.058652e+00 3.726771e+00 1.109211e+01 6.241332e+00 5.404903e+00 8.448250e-01 5.073100e+00 -3.740933e-01 -4.690293e+00 -5.786650e-01
-3.957318e+00 1.490349e+00 -1.470096e+00 -7.094785e-01 8.385681e+00 3.374598e-01 4.535495e+00 -3.619194e-03 5.205202e-02 -1.811450e-01 7.465775e+00 1.104311e+01
-4.729402e+00 3.585705e+00 -8.713464e-01 1.811654e+00 1.153211e+01 6.957787e+00 9.981238e+00 5.002499e+00 3.935331e+00 1.448181e+00 5.411428e+00 8.706811e+00
-7.588190e+00 3.876391e+00 2.099877e+00 6.180696e+00 1.310517e+01 4.149105e+00 4.582694e+00 2.261407e+00 5.077375e+00 -4.000037e-01 3.618372e+00 3.714718e+00
-8.480288e+00 1.780104e+00 1.426209e+00 2.359865e+00 8.604931e+00 1.854057e+00 1.290664e+00 -3.487668e+00 1.040947e+01 2.557159e+00 -7.424605e-01 3.883252e+00
-3.887843e+00 1.438920e+00 -1.962443e+00 -1.338809e+00 8.319857e+00 2.967121e+00 1.866031e+00 -5.708462e+00 4.818217e+00 7.628357e+00 3.386853e+00 8.427463e-01
-1.072313e+01 -5.465850e-01 -2.970533e+00 -1.000343e+00 1.278855e+01 7.951517e+00 7.906175e+00 1.124438e+00 8.324918e+00 6.470045e+00 5.988649e+00 2.716809e+00
-4.709648e+00 3.313681e+00 6.899409e-01 3.881829e+00 1.073458e+01 5.867747e+00 1.091613e+01 8.008536e+00 7.664411e+00 -1.407275e+00 3.275364e+00 6.337840e+00
-6.078998e+00 2.682699e+00 1.871287e+00 5.563061e+00 8.010095e+00 5.038070e+00 8.029912e+00 1.660129e+00 9.054958e+00 -3.481233e-01 -1.276407e+00 5.509513e+00
-9.875303e+00 -2.610862e-01 3.016962e-01 -1.900088e-01 8.829774e+00 -6.427360e-01 5.199583e+00 4.669011e+00 1.044648e+01 5.941382e+00 3.357553e+00 4.242621e+00
-5.561741e+00 5.543480e+00 2.535205e+00 2.799126e+00 7.056279e+00 3.844417e+00 4.592762e+00 -2.749933e+00 6.615422e+00 6.857529e+00 1.803535e+00 3.598228e-01
-1.121761e+01 -6.666400e-01 -3.629203e+00 4.798001e-01 9.869765e+00 7.360993e+00 9.547390e+00 3.320705e+00 1.103886e+01 1.168927e+01 5.173032e+00 3.642462e+00
-1.163254e+01 -5.796583e-01 -2.165802e+00 6.098372e-01 7.905510e+00 2.338712e+00 4.053181e+00 2.615583e+00 9.245634e+00 3.341729e+00 3.747288e+00 5.717809e+00
-1.009397e+01 2.364470e-01 -3.941993e+00 -3.853412e+00 5.858164e+00 1.389893e-01 -2.695141e-01 -3.380560e+00 1.014953e+01 8.273468e+00 -9.984472e-01 8.778889e-01
-1.020117e+01 -1.071906e+00 -2.038532e+00 -1.814311e+00 8.865794e+00 4.649199e+00 6.657082e+00 4.553613e+00 1.020989e+01 9.488008e-01 5.955728e+00 8.968444e+00
-4.493938e+00 3.763290e+00 1.700366e-01 3.061754e+00 9.624228e+00 7.125035e+00 2.973283e+00 -9.297232e+00 8.638630e-01 2.525999e+00 5.235065e+00 5.258907e+00
-6.441464e+00 2.760411e+00 8.259651e-01 1.812830e+00 8.499729e+00 4.487752e+00 5.596635e+00 5.494199e-01 9.152033e+00 3.082933e+00 -1.010756e+00 6.597597e+00
-5.840550e+00 2.312541e+00 1.101652e+00 1.294307e+00 5.509121e+00 9.591172e-01 2.980394e+00 -1.745579e-01 8.078322e+00 -1.549187e-01 1.306606e+00 4.514599e+00
-1.064368e+01 -1.498601e+00 -3.933494e+00 -2.492357e+00 8.716784e+00 3.342598e+00 2.221771e+00 1.224254e+00 1.274199e+01 8.285665e+00 2.724720e+00 6.712766e+00
-6.123256e+00 3.498088e+00 4.500329e-01 2.511091e+00 1.137816e+01 4.858639e+00 7.488737e+00 1.429690e-01 7.679770e+00 4.948014e+00 2.135513e+00 2.815381e+00
-1.017983e+01 7.132938e-01 -2.102956e+00 -2.671110e+00 9.192844e+00 7.402922e+00 7.478170e+00 4.141254e-01 8.301793e+00 5.830764e+00 6.218151e+00 4.650509e+00
-7.144098e+00 3.603727e+00 2.707256e+00 4.641162e+00 1.457244e+01 5.525440e+00 3.309189e+00 3.884417e+00 4.358262e+00 2.749249e+00 2.263010e+00 5.805775e+00
-9.957527e+00 -3.336205e-01 -1.690849e+00 8.601661e-01 8.950447e+00 -3.942351e-01 3.793322e+00 -3.471199e-01 7.711339e+00 9.987364e+00 8.487123e+00 5.085494e+00
-1.104332e+01 -1.962146e+00 -2.784021e+00 -8.563805e-01 1.067913e+01 5.037642e+00 7.368949e+00 2.158608e+00 9.532924e+00 6.095445e+00 -3.572994e+00 3.201597e+00
-1.009354e+01 6.646619e-01 -1.591261e-01 2.018207e+00 1.023922e+01 8.088535e+00 4.434285e+00 2.787343e+00 1.013212e+01 1.373332e+00 4.711417e+00 2.569099e+00
-9.779226e+00 -2.071138e+00 -3.214273e+00 1.937500e+00 9.976107e+00 5.678008e+00 6.431317e+00 2.982488e+00 8.788310e+00 9.843340e+00 5.504430e+00 1.251238e+00
-1.099550e+01 -9.742955e-01 -5.682863e-01 -1.330328e-01 9.113085e+00 2.752072e-01 -1.143654e+00 -4.329766e+00 3.494906e+00 3.767838e+00 3.496961e+00 4.200157e+00
-1.159253e+01 -1.093345e+00 1.181061e+00 2.655912e+00 1.047171e+01 2.123217e+00 3.640311e+00 1.102567e+00 6.254704e+00 3.324086e+00 9.956302e-01 7.316042e+00
