8.985095e+00 -4.588647e+00 -6.795231e+00 -6.243997e+00 1.546256e+00 1.054037e+01 -1.898468e+01 4.239882e+00 1.522416e+00 3.551899e+00 1.630016e+00 -9.190852e+00
9.906948e+00 -4.693135e+00 -7.901354e+00 -6.952855e+00 2.414485e+00 1.051077e+01 -2.016249e+01 3.735063e+00 2.637759e+00 3.106730e+00 1.927288e-01 -8.154477e+00
9.210178e+00 -5.352890e+00 -7.460245e+00 -4.156710e+00 -7.303710e-01 1.100992e+01 -1.900551e+01 3.860950e+00 2.707400e+00 1.265778e+00 2.361435e+00 -9.613983e+00
7.844776e+00 -3.178536e+00 -8.585116e+00 -5.356220e+00 3.388205e-01 1.009852e+01 -1.833854e+01 4.676752e+00 9.421368e-01 1.406643e+00 2.080045e+00 -8.620533e+00
9.053281e+00 -5.456342e+00 -5.761066e+00 -5.669453e+00 1.461949e-01 9.518461e+00 -1.767610e+01 2.450393e+00 3.671980e+00 2.358700e+00 1.719169e+00 -8.480436e+00
9.006333e+00 -3.685267e+00 -7.444683e+00 -5.263762e+00 9.042096e-01 6.817626e+00 -1.605805e+01 5.501142e+00 8.454452e-01 2.130823e-01 2.788155e+00 -8.742143e+00
9.095764e+00 -4.853029e+00 -6.169967e+00 -6.940802e+00 2.406936e+00 7.516629e+00 -1.987202e+01 4.235132e+00 4.668932e+00 -1.259550e+00 1.083915e+00 -7.428070e+00
1.009689e+01 -5.153406e+00 -5.334212e+00 -6.435938e+00 6.171641e-01 8.680520e+00 -1.651435e+01 2.861083e+00 3.027328e+00 1.045518e+00 2.821751e+00 -7.958879e+00
9.572425e+00 -5.508688e+00 -5.038254e+00 -6.445774e+00 1.197307e+00 7.604569e+00 -1.765323e+01 3.261097e+00 4.812504e+00 -3.088857e+00 3.027291e+00 -5.949125e+00
9.152796e+00 -5.918678e+00 -3.533300e+00 -6.871880e+00 -8.519320e-01 9.230137e+00 -1.836280e+01 2.632627e+00 5.501341e+00 -2.684659e+00 -6.830788e-02 -5.212131e+00
8.198355e+00 -4.241934e+00 -5.209005e+00 -6.137146e+00 -4.971099e-01 4.435213e+00 -1.437836e+01 5.915546e+00 -1.351424e+00 7.707434e-01 2.273624e-01 -7.647104e+00
7.455452e+00 -3.252914e+00 -5.229508e+00 -4.779657e+00 -1.148375e+00 3.035950e+00 -1.494354e+01 7.755087e+00 -1.244568e+00 2.621117e-01 -9.559059e-02 -7.486767e+00
8.764732e+00 -5.512792e+00 -4.697264e+00 -4.361134e+00 -6.853490e-01 6.339268e+00 -1.763526e+01 5.002227e+00 2.708631e+00 -1.885396e+00 -6.128728e-01 -6.108640e+00
6.812839e+00 -6.500231e+00 -1.101454e-01 -2.502397e+00 -8.820160e+00 3.285113e+00 -1.302651e+01 4.618680e+00 8.641620e-01 -1.178231e+01 1.592274e+00 -4.101532e+00
7.226778e+00 -5.440785e+00 -3.402552e+00 -1.109137e+00 -6.622388e+00 5.726087e+00 -1.514019e+01 5.380344e+00 2.929138e+00 -5.057573e+00 -2.033020e+00 -4.529292e+00
8.272559e+00 -5.018508e+00 -3.706609e+00 -1.970839e+00 -3.871022e+00 7.022964e+00 -1.575294e+01 6.002898e+00 2.289403e+00 -2.377627e+00 -7.326298e-01 -4.810244e+00
6.947251e+00 -6.503364e+00 -4.124680e-01 -3.197257e+00 -7.976185e+00 3.664724e+00 -1.176335e+01 2.240017e+00 2.944554e+00 -9.440357e+00 1.098263e-01 -3.591273e+00
6.213130e+00 -6.247253e+00 2.642190e+00 -2.190281e+00 -1.301016e+01 2.469365e+00 -8.640524e+00 2.542206e+00 -2.189258e+00 -1.043056e+01 3.305779e+00 -4.348591e+00
5.694675e+00 -4.545207e+00 3.794087e+00 -1.867944e+00 -1.654549e+01 4.347820e+00 -7.088432e+00 9.156806e-01 -5.031051e+00 -9.985821e+00 6.305181e+00 -6.149305e+00
4.875970e+00 -2.461319e+00 5.200331e+00 -8.356689e-01 -2.092154e+01 5.710178e+00 -6.387971e+00 -3.613377e-01 -5.083249e+00 -7.727668e+00 6.495025e+00 -9.015178e+00
7.496029e+00 -1.377281e+00 -5.406365e+00 -4.883195e+00 -1.733259e+00 8.443495e-01 -1.237465e+01 6.358965e+00 2.551546e-01 -2.380333e+00 1.384816e+00 -6.445572e+00
4.285162e+00 -2.198145e-01 6.964884e+00 -2.834384e+00 -2.259233e+01 6.782523e+00 -5.174371e+00 -1.483890e+00 -7.533746e+00 -5.931289e+00 5.610323e+00 -9.424161e+00
4.255661e+00 1.103653e+00 9.863995e+00 -5.019824e+00 -2.414728e+01 6.755845e+00 -5.270804e+00 -1.778360e+00 -7.492446e+00 -5.846391e+00 5.093175e+00 -9.522110e+00
3.982780e+00 3.109131e+00 1.134450e+01 -6.189684e+00 -2.461341e+01 6.595098e+00 -4.915453e+00 -3.618288e+00 -7.433430e+00 -5.091905e+00 3.422953e+00 -8.858734e+00
8.088007e+00 3.230050e-01 -3.123747e+00 -3.884385e+00 -2.103524e+00 -3.905536e+00 -1.167975e+01 4.523537e+00 3.798742e-01 -9.760818e-01 9.584091e-01 -8.774517e+00
4.852103e+00 4.260829e+00 1.058533e+01 -5.771463e+00 -2.504363e+01 5.598699e+00 -1.276800e+00 -5.313553e+00 -9.970720e+00 -2.555709e+00 2.553325e+00 -8.219416e+00
6.514650e+00 3.998387e+00 1.284626e+01 -5.600521e+00 -2.650013e+01 6.187860e+00 -1.981460e+00 -7.402051e+00 -8.941647e+00 -2.246670e+00 1.656342e+00 -8.000645e+00
1.199729e+01 8.386313e-01 3.579491e+00 -7.167070e-01 -5.558960e+00 -7.874398e+00 -7.763573e+00 -2.536763e+00 -9.059462e+00 3.221456e+00 9.697492e-01 -1.015364e+01
1.246690e+01 9.569567e+00 5.840063e+00 -1.082930e+00 -7.778780e+00 -7.964180e+00 2.336159e+00 -1.859136e+01 -2.369432e+01 5.498097e+00 8.524186e+00 -8.883555e+00
1.186965e+01 3.366586e+00 8.250060e+00 1.283411e+00 -8.461277e+00 -8.514660e+00 -2.177455e+00 -9.177579e+00 -1.161503e+01 -1.853354e+00 1.265840e+00 -1.351480e+00
1.314583e+01 9.743476e+00 4.357820e+00 5.194205e-01 -6.732337e+00 -9.335790e+00 1.826933e+00 -1.919725e+01 -2.517443e+01 3.358139e+00 9.654292e+00 -6.155539e+00
8.922545e+00 4.952322e+00 1.094981e+01 -2.119006e+00 -2.359113e+01 5.171235e+00 2.092075e-02 -9.306770e+00 -1.244958e+01 -1.145498e+00 -8.682811e-01 -4.477396e-01
1.301562e+01 7.337472e+00 6.490169e+00 -1.172000e+00 -7.923550e+00 -8.464125e+00 2.906522e+00 -1.698273e+01 -2.116554e+01 2.112176e+00 6.751539e+00 -6.717383e+00
1.234145e+01 1.032130e+01 3.852218e+00 1.479528e+00 -5.258247e+00 -9.014846e+00 -1.666351e+00 -1.969957e+01 -2.654014e+01 9.814696e-01 1.088064e+01 -4.053821e+00
1.127383e+01 9.091911e+00 6.925286e+00 3.568734e+00 -5.765315e+00 -9.828181e+00 5.475135e-01 -2.245671e+01 -2.608881e+01 -2.988302e+00 9.516427e+00 1.703158e+00
1.153094e+01 9.148324e+00 8.554276e+00 1.815245e+00 -6.094204e+00 -9.017017e+00 -1.095037e+00 -1.004070e+01 -1.027402e+01 -3.519217e+00 -5.789393e+00 1.104434e+00
1.068187e+01 8.325508e+00 5.756511e+00 3.747729e+00 -5.360690e+00 -6.147083e+00 7.331057e+00 -1.728239e+01 -2.739329e+01 -6.190197e+00 1.179047e+00 -1.957562e+00
9.853997e+00 6.610510e+00 2.631342e+00 6.636038e+00 -1.258841e-01 -1.958521e+00 1.013987e+01 -1.371074e+01 -2.410807e+01 -7.715771e+00 -6.384591e+00 -5.774222e+00
1.816047e+00 -2.455443e+00 5.472110e+00 1.515758e-01 3.186030e-01 -8.315114e+00 1.728741e+01 -3.329505e+00 -3.825820e+00 -2.115534e+00 -1.372632e+00 7.415051e-01
7.180362e+00 4.958558e+00 5.194001e+00 3.424492e+00 1.516066e+00 -3.727592e+00 1.027252e+01 -1.290969e+01 -1.825958e+01 -1.244438e+01 -4.707601e+00 9.916253e-01
-7.674394e-01 -6.060729e+00 6.400578e+00 2.310890e+00 4.376554e-01 -4.483779e+00 1.061022e+01 1.412827e+00 -1.032626e+01 -5.442555e+00 -9.890038e+00 -6.692836e-01
3.307945e+00 -1.981379e+00 5.540090e+00 3.023203e-01 -1.614240e+00 -8.408867e+00 1.001850e+01 -1.350529e+00 -8.670113e+00 -8.130682e+00 -5.575290e+00 7.763384e+00
-2.734367e+00 -8.530972e+00 4.486881e+00 4.493772e+00 9.206407e+00 -1.030515e+00 9.688986e+00 5.274529e-01 -3.481725e+00 -2.820664e+00 -1.107703e+01 3.233429e+00
-4.201627e+00 -7.696288e+00 -7.948151e-01 -1.510390e+00 4.785046e+00 -3.543484e+00 7.245412e+00 4.299117e+00 1.968341e-01 -3.255024e+00 -1.195741e+01 8.126616e+00
-3.437903e+00 -8.333733e+00 -2.393103e+00 2.016436e+00 -9.225259e-01 -6.947891e+00 1.068311e+01 9.233378e+00 4.944219e+00 -4.008270e+00 -1.209546e+01 5.853149e+00
3.470446e+00 8.504556e+00 8.433499e+00 1.341522e+01 2.578196e+00 -2.864605e+00 3.938896e+00 -9.715722e+00 -1.260532e+01 -5.440794e+00 -1.033995e+00 4.120155e+00
-2.653131e+00 -6.007823e+00 -1.922459e+00 4.270984e+00 3.815208e+00 -6.965483e+00 7.961470e+00 1.020725e+01 8.120708e+00 -3.038766e+00 -8.952371e+00 3.631410e+00
-2.990767e+00 -6.267509e+00 -7.085916e+00 8.725728e-01 3.318966e+00 -4.676754e+00 7.793875e+00 1.078662e+01 8.137825e+00 -2.617685e+00 -5.598504e+00 9.595831e+00
-2.735709e+00 -8.258956e+00 -8.232911e+00 3.174376e+00 5.360408e+00 -9.639954e+00 6.339827e+00 7.913130e+00 9.693565e+00 2.245109e+00 -9.789727e-01 1.129029e+01
-4.893787e+00 -8.182506e+00 -1.108125e+01 -2.069187e-01 5.999249e+00 -5.602138e+00 4.953237e+00 4.885999e+00 3.097242e+00 -6.858973e+00 -3.047369e+00 8.279081e+00
-3.028382e+00 -4.483827e+00 -9.608040e+00 -1.269828e+00 4.391737e-01 -1.141616e+01 2.012802e+00 7.151842e+00 7.836092e+00 -4.513358e+00 -2.737854e+00 9.136248e+00
-3.123061e+00 2.969354e+00 2.975924e+00 6.525594e+00 -3.020043e-01 3.776686e+00 1.151768e+01 -7.876441e+00 -8.601294e+00 9.156427e-01 -1.417208e+00 5.307662e+00
-5.796753e+00 1.939174e+00 -2.449580e-01 4.596790e+00 4.583868e+00 -8.592497e-01 8.054020e+00 -7.686004e+00 -1.412183e+01 9.393783e-01 -1.684941e+00 2.838527e+00
-3.073332e+00 -4.089116e+00 -8.860286e+00 6.802591e-01 4.351954e+00 -3.052778e+00 6.467110e+00 8.711698e+00 7.721398e+00 -1.468739e+00 -5.387212e+00 5.931994e+00
-5.848569e+00 -4.749127e+00 -1.099683e+01 -5.455438e-01 7.340963e+00 -3.075426e+00 2.433736e+00 5.396429e+00 1.105977e+01 -2.054736e+00 -3.512968e+00 8.938383e+00
-1.991873e+00 9.028403e+00 2.357851e+00 3.775243e+00 5.837447e+00 -4.918190e+00 9.234314e-01 1.634848e+00 7.592709e+00 2.973794e+00 -1.105679e+00 8.396152e+00
-6.110202e+00 -1.565698e+00 -6.447313e+00 2.008342e+00 8.210122e+00 -3.573731e-01 4.644598e+00 5.469331e+00 1.225601e+01 3.545957e+00 3.707204e+00 2.418247e+00
-5.469197e+00 -6.002069e-03 -1.456018e+00 1.572802e+00 5.626249e-01 -5.259242e+00 3.943658e+00 -7.179477e+00 -7.666367e+00 1.830211e-01 3.922334e+00 1.118829e+00
-6.596399e+00 -2.702224e-01 -8.469980e+00 -3.508306e+00 3.713487e+00 -4.229093e-01 2.746583e+00 3.243438e+00 1.292958e+01 -1.473951e-02 -6.401969e+00 2.829517e+00
-6.117326e+00 -1.468630e+00 -5.760726e+00 -5.618687e-01 3.116704e+00 -7.121985e+00 4.865358e+00 3.599391e+00 8.111828e+00 -6.155815e-01 -3.602779e+00 -5.722592e-01
-4.301764e+00 4.011647e+00 -1.570996e-01 5.123967e+00 6.273181e+00 -4.013701e+00 3.291677e+00 8.033184e+00 9.424133e+00 -2.362796e+00 -5.905054e+00 2.861653e+00
-5.689917e+00 2.460060e+00 -8.857732e-01 2.550094e+00 5.119772e+00 -4.631240e+00 4.833003e+00 -2.800710e+00 -2.089007e+00 3.316865e+00 3.937171e+00 6.840715e+00
-9.535233e+00 2.306363e+00 1.158578e+00 4.122231e+00 7.871312e+00 -1.317981e+00 9.785913e+00 6.039930e+00 5.701791e+00 4.494278e+00 3.724024e-01 2.991283e+00
-1.034419e+01 3.429619e+00 6.806582e-01 3.220850e+00 9.053836e+00 -1.016411e+00 8.826352e+00 4.590020e-01 2.632811e+00 6.630762e+00 1.620257e+00 1.735012e+00
-9.669398e+00 3.706728e+00 2.334475e+00 3.273665e+00 7.478245e+00 3.845826e+00 6.106886e+00 -1.557022e+00 5.296791e+00 1.926554e+00 -3.223705e+00 7.404706e-01
-8.978229e+00 2.367519e+00 -1.909332e+00 6.002715e-01 8.071067e+00 -3.894191e-01 5.158878e+00 -8.912465e-01 6.732429e+00 -1.421146e-01 -6.806094e+00 -3.653724e-01
-1.070089e+01 2.463490e+00 2.084640e+00 2.303928e+00 5.183828e+00 8.918417e-01 6.681783e+00 1.312576e+00 6.090230e+00 -1.558452e+00 -4.352903e-01 4.670617e+00
-7.980777e+00 1.957662e+00 -4.653281e-01 -3.524113e+00 6.594308e+00 2.236285e+00 7.916784e+00 3.548742e+00 9.098207e+00 5.251289e+00 -4.145092e+00 7.309286e+00
-1.060748e+01 2.807097e+00 1.845105e+00 2.653866e+00 1.031072e+01 3.031723e-01 7.497101e+00 1.580265e-01 8.682078e+00 6.954129e+00 5.979037e-02 6.445567e+00
-7.242789e+00 1.386632e+00 -4.994531e+00 -4.390934e+00 3.880444e+00 1.549147e+00 7.024275e+00 -9.209928e-01 5.700344e+00 4.286389e+00 3.395758e+00 8.138161e+00
-8.294751e+00 1.130210e+00 -9.741535e-01 8.394606e-01 4.563481e+00 -5.105588e+00 1.397608e+00 4.913234e+00 6.195899e+00 -4.115624e-01 -5.542001e+00 6.372891e+00
-6.756008e+00 -7.609733e-01 -4.951312e+00 -1.618189e-02 2.620557e+00 -4.223600e+00 4.485859e+00 5.965592e+00 6.313684e+00 5.092418e+00 -6.164445e+00 2.232877e+00
-9.351693e+00 3.062062e+00 -2.663893e-01 -2.817698e-01 6.449717e+00 -8.137524e-03 6.165133e+00 1.703353e+00 9.275298e+00 7.819176e+00 -8.121603e-01 5.573469e+00
-9.110681e+00 4.956474e+00 1.871623e+00 3.342551e+00 8.725693e+00 1.004005e+00 6.533235e+00 4.314897e+00 7.832669e+00 2.626290e+00 -1.540410e+00 1.609597e+00
-1.025687e+01 3.267501e+00 1.197704e+00 3.920974e+00 7.214682e+00 2.788574e+00 6.322686e+00 -1.283217e+00 6.284435e+00 4.613957e+00 -8.960454e-01 -2.559760e-01
-1.228299e+01 6.051205e-01 5.088390e-01 3.015328e+00 1.040197e+01 2.350001e+00 7.532418e+00 2.707349e+00 1.119433e+01 8.487806e+00 3.036881e+00 4.651793e+00
-8.996688e+00 1.723453e+00 -1.163946e+00 -9.100442e-01 4.604597e+00 -1.736435e+00 3.887907e+00 -4.635715e+00 5.630022e+00 4.989712e+00 -2.165194e+00 5.255377e+00
-8.783133e+00 3.440622e+00 8.037956e-01 1.649270e+00 4.662941e+00 -2.858435e+00 4.770277e+00 2.724669e+00 8.287580e+00 2.201688e+00 1.209676e+00 4.498718e+00
-1.202353e+01 9.486148e-01 2.222444e+00 2.416353e+00 9.607206e+00 7.658342e-02 7.830708e+00 3.991105e+00 8.670534e+00 6.634506e+00 2.797227e+00 6.459947e+00
-1.045840e+01 4.086818e+00 2.947569e+00 3.983808e+00 6.408578e+00 -2.565967e+00 1.496787e+00 -1.093411e+00 7.779788e+00 2.469377e+00 -6.670120e-01 3.093249e+00
-1.158220e+01 1.281482e+00 2.931405e+00 5.127967e+00 1.033525e+01 2.595928e+00 9.548318e+00 3.070251e+00 9.967855e+00 8.528435e+00 -1.724397e+00 2.629618e+00
-1.062929e+01 2.458796e+00 3.796878e+00 4.440729e+00 7.893864e+00 2.487480e+00 5.946979e+00 1.295591e+00 7.516209e+00 8.803560e+00 2.772292e+00 4.376934e+00
-9.672904e+00 3.157487e+00 2.440701e+00 3.445901e+00 9.206508e+00 3.344053e-01 7.152634e+00 1.041432e+00 5.497681e+00 6.344837e+00 4.337523e+00 6.644670e+00
-1.154308e+01 5.767652e-01 -2.151160e+00 1.086617e+00 1.006447e+01 3.883028e+00 6.929723e+00 6.310779e+00 1.419583e+01 1.082135e+01 7.789406e+00 8.799599e+00
-9.731353e+00 2.118715e+00 8.056927e-02 4.243016e+00 6.429886e+00 3.444466e+00 1.151445e+01 -1.036287e+00 1.121607e+01 7.362406e+00 4.280996e+00 5.272784e+00
-1.081179e+01 8.436422e-01 4.238645e-01 3.824183e-01 2.666814e+00 3.910793e+00 3.482356e+00 -4.493077e-01 7.598891e+00 3.557325e+00 3.977398e+00 6.762898e+00
-6.547053e+00 -3.723361e-01 -3.199105e+00 4.320936e+00 1.214677e+01 -2.052417e-01 7.000871e+00 3.930438e+00 6.672831e+00 6.277667e+00 -2.412288e-01 3.219172e+00
-1.132372e+01 3.656526e-01 1.220466e+00 4.603622e+00 9.225080e+00 -2.279094e-01 5.994011e+00 2.851963e+00 9.976086e+00 7.543691e+00 3.234608e+00 5.260784e+00
-9.958739e+00 8.303922e-01 -4.504442e-02 1.979256e+00 5.774465e+00 2.035864e+00 8.134544e+00 6.101143e+00 9.611108e+00 6.486595e+00 3.378146e+00 5.944773e+00
