1.560607e+01 -1.648897e+01 -6.584499e+00 -7.026439e+00 -3.083747e+00 -1.853859e+01 -2.463827e+01 1.255064e+01 4.567122e-01 -1.675405e+01 -3.791242e+00 -1.145012e+01 -4.706045e-01 -9.040021e-01 2.559219e+00 3.808330e-01 -1.685930e+00 -8.684891e-01 2.454903e+00 2.865656e+00 -4.188665e-01 -2.506453e-01 -7.555026e-01 5.671309e-01
1.552349e+01 -1.411544e+01 -9.054923e+00 -6.421121e+00 -1.197087e+00 -1.627745e+01 -2.609901e+01 9.992780e+00 7.178748e-01 -1.326509e+01 -3.514429e+00 -9.689547e+00 -6.591334e-01 -1.242662e+00 1.626052e+00 3.822073e-01 -1.064953e+00 -1.779030e+00 1.865175e+00 2.739403e+00 -1.047783e-02 -1.020626e+00 -2.097864e+00 -8.257820e-01
1.510669e+01 -1.588992e+01 -2.861883e+00 -5.815989e+00 -4.829793e+00 -1.627522e+01 -2.105547e+01 1.584101e+01 7.832253e-01 -1.514601e+01 -3.164550e+00 -7.782765e+00 -3.595408e-01 -3.410824e-01 3.200141e+00 1.810698e-01 -2.534897e+00 2.493111e-01 2.891209e+00 2.184514e+00 -9.615406e-01 8.664265e-01 3.056899e-01 1.849168e+00
1.703422e+01 -1.283020e+01 -8.798799e+00 -7.431643e+00 -4.455519e-02 -1.204689e+01 -2.873817e+01 9.073449e+00 4.417796e-01 -1.179859e+01 1.063390e+00 -6.338424e+00 -6.522963e-01 -1.825548e+00 5.427564e-01 -1.212312e-01 -3.904308e-01 -2.541744e+00 6.852347e-01 3.030847e+00 9.003582e-02 -1.725784e+00 -2.613089e+00 -2.074534e+00
1.768828e+01 -1.150600e+01 -9.884993e+00 -7.524423e+00 -1.024624e+00 -1.062591e+01 -2.833139e+01 3.882598e+00 8.430808e-01 -1.252060e+01 4.897453e+00 -6.209701e+00 -5.184084e-01 -1.422672e+00 -6.540392e-01 -6.498304e-01 5.914032e-01 -1.222441e+00 -2.894268e-01 2.718349e+00 9.572948e-01 -1.643682e+00 -2.025583e+00 -1.898334e+00
1.488960e+01 -1.646297e+01 9.007766e-01 -5.830044e+00 -6.657851e+00 -1.639046e+01 -1.898542e+01 2.047761e+01 -1.685228e+00 -1.211136e+01 -2.889063e+00 -4.456160e+00 -3.970075e-01 2.968277e-01 3.140503e+00 2.636752e-01 -3.068006e+00 4.032368e-01 3.429498e+00 1.192683e+00 -2.109986e+00 2.801717e+00 1.009167e-01 2.247443e+00
1.778516e+01 -8.665953e+00 -8.883246e+00 -5.868631e+00 -1.217824e+00 -8.655636e+00 -2.694825e+01 4.514971e-01 -5.606985e-02 -8.497374e+00 5.068262e+00 -2.817368e+00 1.605193e-01 -1.128784e+00 -1.791187e+00 -1.129975e+00 9.005606e-01 8.874255e-01 -1.398032e+00 2.524239e+00 1.409973e+00 -2.130799e+00 -1.936791e-01 -6.512496e-01
1.774006e+01 -9.084204e+00 -5.742503e+00 -3.953475e+00 -3.567469e+00 -1.186088e+01 -2.554683e+01 7.120137e-01 -3.819674e+00 -6.697297e+00 4.611047e+00 -1.958403e+00 9.081923e-01 -1.571193e+00 -2.856812e+00 -1.329641e+00 1.056356e+00 1.671588e+00 -3.241291e+00 1.174495e+00 3.281355e-01 -2.766320e+00 1.154947e+00 -4.297064e-01
1.278374e+01 -4.462790e+00 1.592891e+00 -3.693479e+00 -9.237034e+00 -1.565144e+01 -1.212892e+01 2.622148e-01 3.543230e+00 -2.291424e+00 -3.982878e+00 -4.271255e+00 3.201585e+00 -3.071482e+00 7.327919e-02 -4.374216e-01 8.211722e-01 -4.416465e+00 -6.477447e+00 -5.731382e-01 -1.285560e+00 -2.433701e+00 8.078941e-01 -2.080634e+00
1.408402e+01 -1.583385e+01 3.203147e+00 -6.113969e+00 -1.208452e+01 -1.610496e+01 -1.446939e+01 1.695187e+01 -3.018858e+00 -1.125430e+01 -2.437069e+00 -3.940687e+00 -5.827342e-01 9.350531e-01 2.661429e+00 5.026386e-01 -3.249601e+00 -1.107311e-01 3.532799e+00 -1.006674e-01 -2.297692e+00 2.824784e+00 6.203690e-01 7.012714e-01
1.393703e+01 -3.784425e+00 9.144967e-01 -2.026911e+00 -5.277348e+00 -1.537840e+01 -1.402892e+01 -7.829001e-01 1.312721e+00 -9.095657e-01 5.693579e-01 -2.865940e+00 1.424520e+00 -2.943530e+00 -1.563255e+00 -9.442413e-01 1.857669e+00 -1.003012e+00 -4.412704e+00 -9.777735e-01 -1.958130e+00 -2.042942e+00 2.589210e+00 -1.017820e-01
1.620574e+01 -8.397172e+00 -1.914108e+00 -3.567241e+00 -3.275936e+00 -1.586654e+01 -2.314029e+01 -1.962456e+00 -4.276706e+00 -4.056253e+00 2.174988e+00 -5.207825e+00 1.380586e+00 -1.370611e+00 -2.760927e+00 -6.276869e-01 1.774830e+00 1.750914e+00 -4.115657e+00 1.873478e-01 -1.233099e+00 -1.819963e+00 2.214397e+00 3.815313e-01
1.413237e+01 -1.503287e+01 6.085504e+00 -5.559072e+00 -1.479641e+01 -1.660753e+01 -1.078382e+01 1.795863e+01 -8.192177e+00 -4.691315e+00 -3.650399e+00 -2.133942e+00 -6.447831e-01 1.492357e+00 2.167706e+00 7.358252e-01 -3.324181e+00 8.774605e-02 3.559968e+00 -1.493479e+00 -1.943017e+00 2.125598e+00 1.061817e+00 -9.328079e-01
1.257163e+01 -1.192971e+01 7.852899e+00 -3.438281e+00 -1.700852e+01 -1.672034e+01 -7.492270e+00 1.659717e+01 -7.451759e+00 -4.732113e+00 3.179632e-01 -5.437517e+00 -6.655594e-01 1.772391e+00 2.126415e+00 6.853276e-01 -2.324392e+00 6.815464e-01 3.008009e+00 -1.734782e+00 -1.455626e+00 1.932316e+00 7.528241e-01 -1.176737e+00
1.242188e+01 -1.095326e+01 9.414433e+00 -3.488762e+00 -2.081676e+01 -1.564404e+01 -4.674137e+00 1.318757e+01 -9.183863e+00 -4.744470e+00 1.042505e+00 -8.371784e+00 -8.244311e-01 1.995870e+00 1.771851e+00 3.582218e-01 -1.759718e+00 1.970848e+00 1.698929e+00 -2.421101e+00 -6.641278e-01 9.921767e-01 6.538060e-01 -1.157263e+00
1.232846e+01 3.666254e+00 3.202698e-01 8.308507e-01 -9.875263e+00 -6.953367e+00 -8.988992e+00 4.488546e+00 2.061009e+00 2.634995e+00 -5.256072e+00 -1.917778e+00 4.634442e+00 -1.457103e+00 2.242515e+00 4.603011e-01 -5.685841e-01 -5.837701e+00 -6.338919e+00 -9.281109e-01 -9.912079e-01 -2.571883e+00 -1.081557e+00 -3.323599e+00
1.161147e+01 -9.011703e+00 1.217076e+01 -3.722486e+00 -2.069630e+01 -1.317898e+01 -2.484183e+00 1.066349e+01 -9.801144e+00 -1.566147e+00 -1.019400e+00 -6.705449e+00 -6.419238e-01 1.715249e+00 1.419760e+00 8.949306e-02 -1.505488e+00 2.476870e+00 8.010532e-01 -2.805671e+00 -1.113086e+00 9.484806e-01 -1.475354e-01 -4.771118e-01
-3.344358e+00 -3.477529e-01 -8.509939e+00 -4.770649e+00 -4.511524e+00 4.982749e+00 8.237722e+00 4.855006e+00 7.151901e+00 7.634155e+00 3.461588e+00 9.255795e+00 4.551686e+00 -2.849486e-01 1.462283e+00 -5.232304e-01 -3.119268e+00 -2.087224e+00 -1.890538e+00 -1.018898e-01 -5.724028e-01 6.450421e-01 -7.749666e-01 -4.267469e-01
1.049030e+01 -6.512517e+00 1.278583e+01 -3.625861e+00 -2.175111e+01 -8.523968e+00 -4.793219e+00 8.819967e+00 -1.033812e+01 -1.313414e+00 2.873130e-01 -7.286293e+00 -7.067438e-01 1.839650e+00 1.024377e+00 2.038260e-01 -7.231989e-01 2.530137e+00 2.028863e-01 -2.757939e+00 -9.630339e-01 3.452390e-01 -1.427668e-01 -6.586006e-01
1.002098e+00 3.234900e+00 -1.983391e+00 -2.809014e+00 -5.082839e+00 2.003267e+00 6.726980e+00 -1.732488e+00 1.776948e+00 6.339970e+00 1.048232e+00 4.721262e+00 4.832667e+00 -1.565028e+00 2.240055e+00 -4.324043e-01 -2.310184e+00 -5.026014e+00 -4.058746e+00 1.441880e-01 -1.414265e-01 -1.788594e+00 -1.848409e+00 -2.959906e+00
1.032780e+01 -5.573833e+00 1.326600e+01 -2.922266e+00 -2.406878e+01 -7.896021e+00 -3.427464e+00 4.752614e+00 -1.244006e+01 -1.705238e+00 -4.211779e-02 -8.365822e+00 -7.359967e-01 1.847210e+00 3.307359e-01 3.041189e-01 -4.196586e-02 2.073651e+00 9.892408e-01 -2.505525e+00 -9.504825e-01 -7.054461e-01 -3.822492e-01 -9.722222e-01
9.529992e+00 -3.473942e+00 1.398870e+01 -2.869742e+00 -2.274652e+01 -5.634830e+00 -3.188066e+00 2.353311e+00 -1.267957e+01 -2.948729e+00 -1.599705e-01 -1.083460e+01 -7.424018e-01 1.717240e+00 1.762247e-02 1.077238e+00 1.608041e+00 2.715774e+00 3.006775e+00 -1.997996e+00 -2.150646e-01 -1.237830e+00 -2.132577e+00 -2.165336e+00
8.411634e+00 -1.294941e+00 1.322300e+01 -2.579951e+00 -2.040843e+01 -4.255291e+00 1.659444e+00 1.369190e+00 -1.338283e+01 -4.275720e+00 -2.707005e+00 -9.792406e+00 -1.060724e+00 1.573889e+00 4.077910e-01 1.968861e+00 3.478941e+00 4.964621e+00 4.440198e+00 -3.479951e+00 -2.491697e+00 -1.878243e+00 -2.966406e+00 -1.519019e+00
-2.888917e+00 -2.261024e+01 6.105212e+00 1.246158e+01 -8.422796e+00 -7.191052e-01 6.522465e-01 -8.039256e+00 3.518759e+00 5.189199e+00 -4.455574e-01 2.499734e+00 2.240882e-01 -6.339355e-02 -5.575706e-01 -1.120154e+00 -3.232257e-01 7.916667e-01 -8.883693e-01 4.529395e-01 -9.201829e-01 1.713171e+00 1.528762e+00 -3.305830e-01
7.736372e+00 -6.576562e-02 1.289544e+01 1.589172e+00 -1.554108e+01 3.234538e+00 7.697204e+00 5.217002e-01 -1.094206e+01 -6.217322e+00 -9.043129e+00 -1.739968e+01 -1.246744e+00 1.291741e+00 8.651611e-01 1.833665e+00 4.488428e+00 4.227048e+00 2.735283e+00 -3.915355e+00 -3.278945e+00 -1.486417e+00 -1.468242e+00 -9.251709e-02
5.920991e+00 5.915264e-01 1.585158e+01 4.692583e+00 -1.027679e+01 1.249240e+01 1.333090e+01 -1.173133e+01 -2.576730e+01 -9.462158e+00 -1.043257e+01 -1.267838e+01 -1.195368e+00 1.069135e+00 -2.578802e-02 2.411269e-01 3.807896e+00 3.605827e+00 1.156586e+00 -4.197906e+00 -3.041127e+00 3.215793e-01 9.081619e-01 6.550679e-01
-2.763881e+00 -1.476344e+01 3.692066e+00 9.144189e+00 -9.286494e+00 -4.497398e+00 4.085724e+00 -6.309011e+00 3.280409e+00 2.998282e+00 -2.307209e+00 1.194835e-01 -1.447206e-01 -5.776599e+00 1.464957e+00 2.013548e+00 -3.165048e+00 -9.090311e-01 -6.681483e-01 -7.368382e-01 -1.067296e+00 1.931224e+00 1.072308e+00 2.263411e-01
8.290882e-01 3.342938e+00 -4.120265e+00 -1.045106e+01 3.013942e+00 -2.523478e+00 -2.055634e+00 5.974488e+00 -4.977830e+00 -6.613531e-01 5.168175e+00 1.738388e+00 -2.965710e-01 -3.419023e-01 -2.928089e-01 4.475764e-01 -5.030111e-01 -6.309294e-01 8.689723e-02 7.943643e-01 1.364668e+00 -1.855816e+00 -6.498123e-01 -3.858165e-01
4.541594e+00 2.041530e+00 1.700021e+01 2.662316e+00 -5.370196e+00 7.126569e+00 4.652624e+00 -1.067320e+01 -2.288207e+01 -7.787592e+00 -3.638399e+00 -9.854200e+00 -1.448943e+00 3.514545e-01 -1.714769e+00 -2.205334e+00 3.506892e+00 2.738890e+00 -5.963000e-01 -2.530045e+00 -6.245924e-01 1.277353e+00 1.653611e+00 1.385113e+00
-3.543181e+00 5.369355e+00 -5.192279e+00 1.269293e+00 -3.679852e-01 3.510575e+00 -4.485512e-01 -6.419550e-01 1.704916e+00 4.151965e+00 9.003382e-01 4.941490e+00 2.109962e+00 -8.766639e-01 -9.137688e-01 -1.622163e+00 -2.541799e+00 2.894902e-02 2.247598e-01 -1.772094e+00 -2.655264e-01 1.967007e+00 -1.063876e-01 8.540977e-01
-4.602175e-01 1.800250e+00 -4.213875e+00 -9.961706e+00 2.378792e+00 -2.966386e+00 -1.880404e+00 4.050927e+00 -4.530295e+00 -6.335571e-01 4.235392e+00 -1.249411e-01 7.706434e-01 8.091365e-01 -1.094954e+00 -1.352999e+00 -8.667681e-01 -1.237734e+00 2.099637e-01 3.447701e+00 1.131199e+00 -9.025252e-02 -1.622834e-01 6.188877e-01
4.032184e+00 2.997087e+00 1.104168e+01 -1.910888e+00 -6.454391e+00 1.182783e+01 8.964664e+00 -1.402289e+01 -2.261846e+01 -1.882689e+00 -8.685600e-01 -1.028981e+01 -1.939927e+00 -7.931518e-01 -3.419549e+00 -2.153791e+00 2.523401e+00 2.089247e+00 -2.388617e-01 2.221942e-01 4.071444e+00 3.229196e+00 7.380861e-01 2.076596e-01
-8.157336e+00 4.023769e+00 -5.386703e+00 1.407849e+00 3.363652e+00 2.729100e+00 4.051463e+00 4.452729e+00 4.959040e+00 5.037878e-01 -1.307292e+00 1.058433e-01 7.818310e-01 -9.065182e-01 -2.312792e+00 -1.635649e+00 -2.562276e+00 -5.499439e-01 4.004221e-01 -5.728232e-01 6.523458e-01 2.011386e+00 1.498799e+00 1.500708e+00
-2.225878e+00 -2.597831e+00 3.890666e+00 -1.677335e+00 -3.859768e-01 1.787128e+01 1.101349e+01 -1.046559e+01 -9.031393e+00 4.600173e+00 -5.782801e+00 -1.073298e+01 -1.038141e+00 -2.089888e-01 -2.658209e+00 1.668592e-01 1.599328e-01 -1.060049e+00 -1.213768e-01 2.496868e+00 5.845620e+00 3.500462e+00 2.765254e+00 2.958942e+00
-1.664468e+00 -1.563362e+00 -1.303226e-01 -2.178231e+00 1.015052e+00 1.959214e+00 -1.066183e+00 -8.581387e+00 -4.982892e+00 2.465513e+00 5.992530e+00 2.297587e+00 9.383494e-01 1.533980e+00 -1.206944e+00 -2.036874e+00 1.553065e+00 -9.085444e-01 5.724965e-01 4.098042e+00 -6.483339e-01 -6.766343e-01 9.808706e-01 4.744693e-01
1.436058e+00 4.887268e-01 6.726549e+00 -6.135760e+00 8.218431e-02 1.726127e+01 6.898819e+00 -1.098275e+01 -1.563944e+01 -3.620294e+00 -5.557077e+00 -1.166840e+01 -1.670905e+00 -6.111361e-01 -3.856908e+00 -1.449849e+00 1.091830e+00 1.688432e+00 9.550875e-01 8.734811e-01 4.534235e+00 2.987862e+00 5.046058e-02 7.743524e-01
-2.614721e+00 1.551461e+00 -3.949187e+00 -9.064341e-01 -1.426558e+00 -6.745252e+00 -2.462657e+00 -2.860417e+00 6.614679e+00 1.850643e+00 -2.275214e+00 2.211180e+00 2.172771e-01 -6.955490e+00 2.590344e+00 3.814090e+00 -3.259322e+00 -1.497118e-01 9.225619e-01 -2.720026e-01 -1.000007e-01 6.556543e-01 1.541965e-01 2.082282e-01
-1.827503e+00 -2.361602e+00 -1.178952e+00 -1.341768e+00 1.718815e+00 1.655336e+00 -4.643973e+00 -9.228537e+00 -5.286963e+00 -3.507623e+00 -7.064565e-01 5.361542e-01 3.391683e-01 6.065754e-01 -6.265699e-02 -1.127537e+00 1.803650e+00 3.944459e-02 6.326221e-01 9.647211e-01 -1.910294e+00 -1.764678e+00 7.712575e-01 6.257585e-01
-2.954872e+00 -1.051188e+01 -1.453521e+00 2.379394e+00 -7.529396e+00 -5.994848e+00 -2.106402e+00 -5.249697e+00 8.906541e-01 9.144952e+00 4.413989e+00 4.481388e+00 6.598616e-02 4.675376e+00 -1.685961e+00 -4.302808e+00 1.423176e+00 7.092472e-01 -1.970480e+00 3.779923e-01 -9.586588e-01 4.475105e-01 1.253746e+00 -6.290400e-01
-6.838989e-01 1.783308e+00 1.291178e+00 -4.703709e+00 -2.945256e+00 1.254700e+01 8.403649e+00 -8.084448e+00 -7.004425e+00 3.910285e+00 -9.289758e-01 -5.760852e+00 -2.512989e-02 8.908991e-01 -2.071452e+00 8.136178e-01 1.443502e-01 -2.293261e+00 -2.935205e-01 1.896480e+00 3.816698e+00 3.125535e+00 3.475469e+00 3.593174e+00
-3.766899e+00 -1.988214e+00 -1.371930e+00 -2.936027e+00 1.496627e+00 -1.532631e+00 -2.218437e-02 -2.950116e+00 -6.079512e-01 -5.932617e+00 5.414012e+00 -1.649061e+00 -1.264233e+00 -4.125057e-01 -2.051194e-01 1.681912e+00 2.721123e-01 6.828018e-02 1.151549e+00 -1.776758e+00 1.308748e+00 -6.849418e-01 -6.684933e-01 -3.695107e-03
-3.179016e+00 -2.246037e+00 3.969913e-01 -4.576662e+00 -4.421396e+00 -2.916176e-01 -3.536332e+00 -7.875989e+00 -1.357827e+00 4.158852e+00 2.734746e+00 -9.645059e-01 2.152090e-01 1.642672e+00 5.631691e-01 -7.332211e-01 2.272895e+00 1.960165e+00 1.244905e-01 -1.476654e+00 -2.024270e+00 -2.420967e+00 4.426296e-02 -2.208760e-01
-3.379099e+00 -2.233945e+00 -4.220915e+00 -3.950160e+00 -9.342160e-01 -3.655457e+00 7.356381e-01 -7.465227e-01 -1.614037e+00 -6.971704e+00 5.458279e-01 1.166855e+00 -9.722778e-01 9.801443e-01 -6.802524e-01 3.004526e-01 1.619690e+00 8.502962e-01 2.159089e+00 1.717600e-01 7.302157e-01 3.181208e-01 -8.035779e-02 1.117822e+00
1.082917e+00 9.274590e+00 5.527383e+00 5.680874e+00 6.854036e+00 3.767812e+00 5.954127e+00 -1.602193e+00 2.998943e+00 -2.804665e+00 -4.519857e+00 3.868536e+00 -5.903794e-01 -5.708800e-01 -6.765431e-01 -1.462104e-01 -4.477555e-01 -9.959350e-01 -1.976709e-01 3.410348e-01 3.295409e-01 -3.054276e-01 6.544117e-01 5.748771e-01
-3.409516e+00 3.909320e+00 5.338703e-01 2.858965e+00 6.084649e+00 6.400697e+00 8.408926e+00 2.596984e+00 8.033228e-02 -1.318522e+00 -1.635794e+00 4.357308e+00 -3.408738e-01 1.782058e-01 2.694467e-01 1.569799e+00 2.323002e+00 1.704762e+00 1.337457e-01 1.050535e+00 1.555539e+00 7.545254e-01 -2.093063e+00 -1.249195e+00
-5.493307e-01 2.909961e+00 -2.811568e+00 -1.279814e+00 7.912405e-01 1.881142e+00 6.471101e+00 2.242703e+00 4.530750e+00 3.298316e+00 4.567873e+00 5.961425e+00 1.109894e+00 8.432748e-01 2.662133e-01 6.099173e-01 3.902264e-01 -3.901474e-01 -1.025132e+00 -3.099656e-01 -1.292886e+00 -8.322812e-01 -5.483423e-01 -1.510758e-01
-2.368367e+00 6.290268e+00 -3.751107e+00 -1.004341e+00 4.797724e+00 1.563381e+00 2.791792e+00 -4.154925e+00 4.679173e+00 1.158110e+00 -3.272177e-02 3.493959e+00 6.613636e-01 -3.809144e+00 1.105519e+00 2.131295e+00 -2.113135e+00 -7.162389e-01 1.805429e+00 1.773312e+00 1.687068e+00 5.587659e-01 -9.420652e-01 -7.699851e-01
-7.141225e+00 5.432458e+00 1.023835e+00 2.212552e+00 3.688569e+00 2.985346e+00 7.696311e+00 7.329121e+00 4.201011e+00 7.011700e-02 3.964610e+00 5.025749e+00 -3.385277e-02 3.910270e-01 -1.117200e+00 -8.187661e-01 -2.609903e+00 -1.433298e+00 -1.091415e+00 -1.132189e+00 -1.443462e+00 -1.134930e-01 1.904338e+00 8.937132e-01
7.789354e-01 -7.690700e-01 -4.658749e+00 -3.970349e+00 -3.614470e+00 -2.291989e+00 -3.099429e+00 7.320294e-01 3.665018e-01 -2.395452e+00 -1.105695e+00 3.910192e+00 -1.043375e+00 -1.339954e+00 2.734256e-01 1.953813e+00 -8.143331e-01 -3.872948e-02 7.265534e-01 -1.851950e+00 1.020239e+00 -1.794756e+00 -7.133290e-01 -8.038566e-02
1.851828e+00 9.211481e+00 2.141162e+00 5.685184e+00 8.693096e+00 9.752331e+00 3.832871e+00 -7.494137e+00 1.171222e+00 2.135539e+00 -6.633154e+00 -2.896481e+00 9.156933e-02 1.219249e+00 1.280527e+00 1.590407e+00 5.433161e-01 -2.212444e+00 -4.450580e-01 1.766464e+00 1.358233e+00 -1.916041e+00 -1.163268e+00 1.789755e+00
-9.854126e-02 1.304852e+00 4.683200e-01 -1.792618e+00 -4.141007e+00 8.884718e+00 7.605366e+00 -2.987700e+00 2.292130e+00 1.185433e+01 1.064366e+01 1.551130e+00 9.105107e-01 2.219521e+00 -5.137188e-01 1.858826e+00 2.379670e+00 -1.648875e+00 -6.385360e-01 9.934340e-01 2.069157e+00 -3.246626e-01 1.303459e+00 1.074732e+00
1.861356e+00 7.895488e+00 2.927430e+00 6.269956e+00 8.699021e+00 1.075628e+01 8.454995e+00 -6.920999e+00 -1.078966e+00 7.418505e-01 -1.533513e+00 -8.317451e+00 4.011560e-01 1.865502e+00 4.801777e-01 2.486488e+00 2.586768e+00 -1.495992e+00 -5.779703e-01 1.065945e+00 2.944770e-01 -2.205067e+00 -2.535232e+00 -1.846437e-01
1.104695e+00 7.522561e+00 8.388593e-01 6.792215e+00 5.787010e+00 1.672716e+00 6.366718e+00 3.469450e+00 2.070047e+00 3.951379e+00 3.087596e+00 2.153859e+00 -4.377467e-01 -1.579700e-01 5.447793e-02 4.264596e-01 -1.912409e-01 -1.764029e+00 -8.796094e-01 1.598046e+00 6.746320e-01 -4.088798e-01 6.006950e-01 3.284554e+00
5.707741e-02 7.074083e+00 1.506709e+00 8.404408e+00 8.662347e+00 4.928402e+00 2.996320e+00 -1.876740e+00 1.380334e+00 1.167553e+00 4.133135e-01 4.722810e+00 -8.761919e-01 -4.658200e-01 -8.875784e-01 -1.147555e+00 -3.736239e-01 8.744522e-01 -6.361657e-01 -2.010994e+00 -5.009813e-01 -2.905371e-01 -3.127695e-01 -7.003646e-01
-3.139149e+00 5.093166e+00 -9.439675e-01 7.071011e+00 9.232571e+00 6.649246e+00 9.251207e+00 -2.349890e+00 1.236692e+00 8.802307e-01 2.417745e-02 4.828439e+00 -5.360133e-01 -4.533167e-01 -5.073052e-02 6.085417e-01 1.148685e+00 -2.643676e-02 6.646528e-01 2.021648e+00 1.427862e+00 1.697565e+00 -5.591534e-01 5.201114e-01
-4.922142e+00 3.728287e+00 -2.765950e+00 -5.159643e-01 2.722061e+00 -1.117982e-01 2.677804e+00 -1.134943e+00 1.398737e+00 2.597020e+00 6.837761e-01 3.431408e+00 1.819031e+00 6.365892e-01 8.045259e-01 3.711034e-01 -4.512596e-02 -9.566307e-01 -2.868554e-01 1.699790e-01 -2.068632e+00 -2.040360e+00 -3.601785e-01 -2.711206e-01
2.467403e-01 2.991880e+00 -1.919536e+00 -2.010030e+00 2.681451e+00 1.028825e+01 7.135279e+00 -5.239290e+00 -2.217713e+00 8.380304e+00 3.607040e+00 1.554143e-01 7.031350e-01 2.144698e+00 4.159078e-01 2.884036e+00 3.611673e+00 -3.717775e-01 -8.291928e-01 -2.752678e-01 1.298020e+00 -1.466197e+00 -2.358553e+00 -4.139839e-01
-5.454492e+00 4.153286e+00 -5.403793e-02 2.935968e+00 6.271578e+00 7.995083e+00 2.163181e+00 3.733584e+00 2.642125e+00 -3.818498e-01 -5.564546e+00 1.710125e+00 -1.002721e+00 -7.688036e-02 -5.269397e-01 -7.947051e-01 -1.483218e+00 -4.834568e-01 7.328895e-01 1.141393e+00 -1.406084e-01 -1.551078e+00 1.186226e+00 3.585210e-01
-9.144828e+00 1.323812e+00 -7.849388e-01 2.825996e+00 6.740406e+00 7.824004e+00 9.250062e+00 3.136836e+00 8.527475e+00 7.916749e+00 -4.278278e-01 2.209050e+00 1.817269e+00 5.689724e-01 4.099570e-01 4.079169e-01 -9.038235e-01 -2.135838e+00 -1.210342e+00 -1.803333e-01 -1.133813e+00 -1.079377e+00 -7.127800e-02 1.354901e-01
-5.291530e+00 4.237828e+00 -2.247663e+00 -1.198201e+00 1.500506e-01 -2.788362e+00 -4.515950e+00 -1.272764e+01 -3.507279e+00 -2.857332e-01 2.442403e+00 5.189322e+00 6.119553e-01 2.208571e-01 -5.149347e-01 -2.365610e-01 1.160012e+00 3.360546e-01 -9.427294e-01 -6.381554e-01 1.103506e+00 -6.441321e-01 -1.945988e+00 -3.722174e-01
-5.762606e-01 6.581320e+00 -1.575478e+00 4.148035e+00 5.016651e+00 3.144812e+00 4.529715e+00 -3.115868e+00 3.163784e+00 2.000314e+00 -2.023954e+00 -1.306571e+00 -1.212446e+00 -1.127551e+00 -1.248593e+00 -1.239502e+00 -1.027309e+00 -5.040473e-01 -7.592530e-01 -2.194066e+00 -1.104735e+00 2.726126e-02 8.057903e-01 -1.652464e+00
-4.351673e+00 5.449669e+00 -1.103783e+00 4.188119e+00 7.010243e+00 2.617020e+00 1.258840e+00 -2.789553e-01 2.722246e+00 5.713114e+00 -2.009754e+00 9.907211e-01 -1.112615e+00 1.926791e-01 2.708580e-01 1.017166e+00 1.610359e+00 1.387126e+00 -1.107210e+00 5.763338e-01 6.223098e-01 -8.795609e-02 -2.512177e+00 -1.318913e+00
-8.830955e+00 2.392710e+00 -9.326468e-01 5.176879e+00 5.247055e+00 2.677947e+00 5.206594e+00 -1.453056e+00 -6.511836e-01 3.342792e+00 8.994907e-01 5.457581e+00 -5.289793e-01 5.116146e-02 5.791559e-01 1.595139e+00 3.626096e-01 -8.441984e-02 4.927200e-01 -8.118803e-01 -1.542687e+00 -2.738442e-01 -1.054492e+00 -2.145270e-01
-4.410591e+00 5.861337e+00 -2.589280e+00 -1.851406e+00 3.008584e+00 8.569702e-01 1.941589e+00 -4.657667e+00 -2.958943e+00 -3.482311e-01 4.633321e+00 1.408245e+00 3.533487e-02 -4.635498e-01 -6.502154e-01 -1.082204e+00 5.377698e-02 -8.170091e-01 -1.942768e+00 -2.709535e+00 -7.020310e-01 -2.552296e-01 -8.184973e-01 -1.350292e-01
-4.725340e+00 3.349461e+00 -2.272609e+00 4.599064e+00 1.122757e+01 8.044075e+00 5.952663e+00 5.378560e+00 1.008068e+01 5.162248e+00 -6.492727e+00 -3.292167e-01 -8.566235e-01 1.749893e-01 2.029675e-01 -2.544976e-01 -5.530826e-01 -1.452639e-01 -5.208886e-02 1.347681e+00 8.161236e-01 -3.317687e-01 7.646016e-01 2.056287e-01
-5.542035e+00 8.076543e+00 -5.206438e-01 1.161968e+00 4.059889e+00 1.906645e-01 9.061208e-01 -3.755067e+00 4.040734e+00 4.156628e+00 -1.580604e+00 2.766036e+00 3.488048e-01 1.556537e-02 1.814884e-01 -6.085734e-02 -1.504494e+00 -1.357206e+00 1.094125e+00 3.656383e-01 -6.292164e-01 7.406894e-01 1.131828e+00 -2.880673e-01
-3.815403e+00 6.504982e+00 3.208488e+00 6.940721e+00 1.044623e+01 6.496150e+00 6.064631e+00 3.955145e+00 5.528509e+00 6.254137e+00 -4.982641e+00 -2.797903e+00 -3.093689e-01 -3.636289e-02 -1.201033e-01 -2.746232e-01 6.337820e-01 8.428585e-01 6.649333e-01 2.416186e+00 1.651630e+00 3.977532e-02 -9.232181e-01 1.194908e+00
-7.123815e+00 3.745441e+00 -1.160392e+00 2.573128e+00 5.167124e+00 4.533181e+00 -1.228671e-01 -3.957240e+00 5.699330e+00 -2.125578e+00 -7.853544e-01 4.254453e+00 -2.197247e-02 2.569981e-01 -1.535393e-01 1.952658e-02 -1.120430e-01 -5.509943e-01 1.316511e+00 -4.942632e-01 7.297210e-01 8.486333e-01 -6.441491e-01 4.085376e-01
-5.382915e+00 5.988111e+00 1.391234e-01 5.431771e+00 6.165219e+00 4.630822e+00 8.451923e+00 -3.081458e+00 1.973936e+00 7.929277e-02 -3.689747e+00 -3.267282e+00 -4.102442e-01 8.061206e-02 4.620568e-01 6.058929e-01 3.399391e-01 -5.242626e-01 -1.209039e+00 -1.543193e+00 -7.230395e-01 1.061885e+00 8.007565e-01 -2.465248e-01
-8.206925e+00 1.519448e+00 -4.502074e+00 -1.049458e+00 3.335696e+00 8.212420e+00 8.453722e+00 1.300023e+00 8.425129e+00 6.574064e+00 2.662949e+00 7.589098e+00 4.779312e-01 3.306998e-01 7.103335e-01 5.596904e-01 -1.071158e-01 -1.764404e-01 2.118465e-01 -5.765582e-01 -1.015568e+00 3.523046e-01 -4.280632e-01 -1.698278e-01
-2.446675e+00 6.540096e+00 -4.760212e-02 1.820861e+00 4.837584e+00 6.356476e+00 3.898096e+00 -5.828683e+00 -5.172791e-01 9.620428e-02 2.757976e-01 1.239589e+00 -9.543627e-01 -6.639326e-01 -3.264300e-01 -4.039691e-01 -2.463297e-02 8.304133e-02 9.687034e-01 -8.426981e-01 -5.026993e-01 -4.707643e-01 8.235345e-02 -1.134347e-01
-5.513199e+00 5.134948e+00 -1.076183e+00 6.930737e-01 4.833565e+00 -4.193039e-01 -1.620468e+00 -2.021698e+00 7.082526e+00 4.413372e+00 1.539462e+00 2.300643e+00 2.756456e-01 9.152161e-01 7.147835e-01 2.698713e-01 -1.441332e-01 -7.254844e-01 -8.314130e-02 -5.265331e-03 6.142539e-01 5.271623e-01 -1.357802e-01 -6.980042e-01
-7.145305e+00 2.149480e+00 -2.341375e+00 3.226291e-01 4.961979e+00 2.990652e+00 3.075790e+00 1.289784e+00 2.430086e+00 5.054242e+00 5.252301e+00 5.576479e+00 -3.585455e-01 -5.615184e-01 -8.890015e-01 6.593449e-01 -7.017279e-01 -8.946406e-01 3.371682e-02 -5.810121e-01 7.699457e-01 7.694281e-01 3.458066e-02 4.967589e-01
-5.439237e+00 5.958970e+00 1.217630e+00 5.844449e+00 8.163681e+00 2.905091e+00 4.325909e+00 -3.501389e+00 2.663959e+00 4.904258e+00 -2.486634e+00 -1.805658e-01 -5.029557e-01 -2.093834e-01 1.686911e-01 -9.175361e-01 1.092110e-01 1.547782e+00 -8.013406e-02 6.486739e-01 2.342644e-02 3.539611e-01 1.925460e+00 1.879166e+00
-4.173059e+00 1.640358e+00 -3.124924e+00 -1.534605e+00 8.317020e-01 -3.000936e+00 -3.313597e+00 -7.756286e+00 3.319380e+00 2.831014e+00 -2.353783e+00 -2.286451e-01 6.514902e-01 -6.567311e-01 -4.223258e-01 2.083804e-01 -4.222612e-01 -1.085270e+00 -1.500750e-01 1.216721e+00 2.733370e+00 5.841591e-01 -1.629219e+00 -8.949268e-03
-1.398785e+00 -8.912894e-01 -4.164247e+00 -3.124806e+00 -3.921236e+00 -2.038193e+00 -3.808440e+00 -1.125377e+00 3.208643e+00 7.343165e+00 2.007997e+00 -1.622687e+00 1.898684e-01 4.876311e+00 -1.271782e+00 -3.456275e+00 2.339122e+00 1.045211e+00 -1.202237e+00 -5.004852e-01 -1.985992e+00 -2.237975e+00 -2.201041e-01 -9.373053e-01
-3.413057e+00 2.012847e+00 -5.364779e+00 -2.051599e+00 3.034376e+00 -1.500344e+00 1.784575e+00 -2.170024e+00 2.556178e+00 -1.797936e+00 9.999467e-01 3.091581e+00 -3.253613e-01 9.739892e-01 -1.015316e+00 6.508883e-01 1.010726e+00 1.441586e+00 1.001988e+00 1.767533e-01 5.770329e-01 1.352680e+00 -3.745688e-01 2.676034e+00
-6.467207e+00 2.699830e+00 -1.951381e+00 1.849056e+00 3.856524e+00 5.306260e+00 1.069128e+00 -2.988650e+00 3.868370e+00 5.483094e-01 -2.961708e-01 5.213046e+00 -7.263212e-02 1.048060e+00 1.993175e-01 -5.166571e-01 -5.724937e-01 -7.521713e-01 -5.256686e-01 -2.517013e-01 1.833705e-01 8.956621e-01 -1.119988e-02 4.452767e-01
-3.727435e+00 3.903829e+00 6.157410e-02 2.775140e+00 3.629874e+00 5.335385e-01 1.706974e+00 -1.059655e+01 -1.575926e+00 -2.132684e+00 -4.221471e-01 -2.652175e+00 -7.170758e-01 -1.599605e-01 8.671569e-01 1.083552e+00 1.525414e+00 6.995445e-01 8.422943e-01 1.762082e+00 6.483421e-01 9.291673e-01 -6.168995e-01 6.061866e-02
-5.082758e+00 2.972935e+00 -1.874712e+00 2.780778e+00 7.172832e+00 3.242987e+00 5.042531e+00 -2.996290e+00 3.069814e+00 4.390617e+00 -2.397227e-01 3.913010e+00 -4.768278e-01 -2.847543e-01 -5.874531e-02 -8.479611e-01 -5.768686e-01 -1.225643e+00 -8.871723e-01 -4.331802e-01 -1.619271e-01 -1.402744e+00 -1.000227e+00 -3.155270e-01
-4.340810e+00 4.539274e+00 -2.755504e-01 3.108884e+00 1.683232e+00 7.128513e-01 1.703343e+00 6.842988e-01 3.925493e+00 9.800991e-01 -1.419273e-01 7.728612e-01 2.437873e-01 -3.548272e-01 -3.949805e-01 -5.914065e-01 -9.800631e-01 3.160388e-02 1.109584e+00 -4.030329e-01 -2.182287e+00 -7.711442e-01 1.397199e+00 -1.423061e-03
-7.887570e+00 2.151935e+00 -4.713441e+00 -3.750918e-01 4.126073e+00 4.832934e-01 1.426177e+00 2.352823e+00 7.397002e+00 1.440531e+00 6.428398e-01 3.782507e+00 -8.550007e-01 -4.071645e-01 -1.809912e-01 -6.535057e-01 4.141590e-01 2.452911e+00 1.883714e+00 3.157930e-01 9.247135e-02 1.843141e+00 9.974483e-01 6.364157e-01
-5.279752e+00 4.530821e+00 4.033353e-01 4.527995e+00 7.657014e+00 5.436237e-01 4.279673e+00 -3.442009e+00 3.084788e-01 -1.161922e+00 -5.015133e+00 -3.818798e-02 -1.793398e-01 7.178051e-01 6.397378e-01 8.011972e-01 3.182646e-02 -2.495929e-01 -1.172991e-02 -5.899237e-01 -4.603439e-01 4.795575e-01 -3.277282e-01 -1.523451e+00
-7.353284e+00 3.330935e+00 -1.058131e+00 3.002664e+00 8.573722e+00 4.634823e+00 8.514031e+00 -1.189947e-01 2.087147e+00 3.633985e+00 6.723607e-01 1.837986e+00 3.812199e-02 -6.340027e-02 2.943262e-01 -5.255500e-01 -4.031901e-01 -1.130717e+00 -2.040668e-01 -1.745049e-01 6.437238e-01 -3.111403e-02 -1.917484e-02 1.029662e+00
-7.349011e+00 4.242403e+00 4.015694e-01 -3.029879e-01 6.648171e+00 9.273489e+00 7.571131e+00 1.199979e+00 9.262154e-01 1.353863e+00 3.850669e+00 6.414676e+00 -3.429075e-01 -7.806739e-01 -6.632744e-01 -1.366175e+00 -9.272262e-01 -3.825734e-01 -4.093145e-01 1.714516e+00 -3.681583e-01 6.545453e-02 1.413525e+00 9.378721e-01
-6.290893e+00 4.283357e+00 2.314833e+00 3.300269e+00 6.406158e+00 -1.347941e+00 -5.252399e-01 1.684119e+00 -2.241110e+00 -1.058087e+00 -3.509378e+00 4.832754e-01 -1.073309e-01 -6.300040e-01 -1.421558e+00 -1.334317e+00 -1.585400e+00 -5.787191e-01 2.451331e-01 1.420733e+00 1.678471e+00 1.184238e+00 1.121271e+00 8.654621e-01
-6.273953e+00 4.471116e+00 1.829566e+00 5.918377e+00 9.275015e+00 2.648914e+00 1.067666e+00 -5.878694e+00 9.727273e-01 -1.412666e+00 -2.166754e+00 2.618646e+00 -3.725729e-01 -5.126078e-01 3.535358e-01 -1.041044e+00 -1.033633e-01 -5.589129e-01 -1.470910e+00 1.423252e+00 -1.016783e+00 -5.825155e-01 6.698042e-01 1.409636e+00
-7.269832e+00 2.367360e+00 -2.877165e+00 -7.347315e-01 2.332915e+00 -1.980929e+00 4.340884e+00 2.567493e+00 8.346191e+00 4.513174e+00 2.767884e+00 9.020628e+00 5.734479e-01 1.970216e-01 -1.422606e-01 -1.316544e+00 -1.479743e+00 -1.330116e+00 -1.661519e+00 -9.358622e-01 4.257922e-01 -3.113827e-01 -5.791137e-02 1.064224e+00
-6.912461e+00 2.367556e+00 -3.906749e+00 -1.066015e+00 2.191111e+00 2.896737e+00 4.541002e+00 1.180067e+00 8.613146e+00 2.658335e+00 2.738786e+00 7.365054e+00 -6.765774e-01 -3.538062e-01 -5.086230e-01 8.607470e-01 -2.033130e-01 7.739072e-01 1.359447e+00 -9.017190e-01 9.858322e-03 7.090309e-01 4.464926e-01 9.829713e-01
-4.782488e+00 4.037734e+00 -1.053346e+00 1.306641e+00 4.783597e+00 1.367630e+00 3.262460e+00 -2.465498e+00 5.259888e+00 4.041384e+00 2.843639e+00 5.879276e+00 5.282014e-01 2.637034e-01 5.408197e-02 6.671194e-01 1.240546e-01 7.505168e-01 -1.030961e+00 -8.904500e-01 -1.684522e+00 -1.128365e+00 -8.275628e-01 -2.189806e+00
-6.601628e+00 2.508969e+00 -2.845042e+00 3.170820e+00 3.527008e+00 -1.307943e+00 9.267712e-01 -2.555853e-01 5.782025e+00 -2.842393e-01 1.247954e-01 2.588892e+00 -9.339253e-01 2.070279e-02 2.525572e-01 -5.183702e-01 3.678795e-01 1.072700e+00 1.338817e+00 1.147431e+00 1.185030e+00 1.643802e+00 2.002930e-01 -1.202246e+00
-4.302475e+00 4.782129e+00 -7.357025e-02 3.547139e+00 7.828653e+00 6.450961e+00 7.135978e+00 1.807581e+00 5.765665e+00 -3.689001e+00 -4.906288e+00 3.780081e+00 -3.332019e-01 5.241441e-02 -3.860683e-01 -1.270682e-01 -8.077830e-01 -6.430019e-01 4.011728e-01 -1.451892e+00 -9.870480e-01 -1.790223e+00 -2.189621e-01 -4.889957e-01
-5.307248e+00 4.077941e+00 -4.882730e-01 3.383799e+00 8.086349e+00 2.850632e+00 1.705457e+00 -3.671118e+00 6.194941e+00 1.810780e+00 -7.022522e-01 1.702857e-01 -2.833738e-02 -5.100608e-04 -2.897592e-01 1.779388e-01 -8.947241e-01 5.282822e-01 -1.390344e+00 -4.690844e-01 -1.303993e+00 -1.152627e+00 -7.195467e-01 -1.262550e+00
-5.309378e+00 3.075494e+00 -1.444255e+00 3.368646e-01 -2.090779e+00 -2.045845e+00 4.877845e+00 -2.513458e+00 2.300804e+00 5.968393e+00 6.203664e+00 4.536601e+00 4.312296e-02 -6.355368e-01 -5.767768e-01 -9.680628e-01 -6.494324e-01 -5.813934e-01 -1.060590e+00 -2.328711e+00 -2.198046e+00 -1.021305e+00 1.282126e+00 5.481956e-01
-4.259375e+00 2.131121e+00 -6.063586e+00 -2.910301e+00 3.715103e+00 1.943348e+00 6.792636e+00 1.200783e+00 2.435516e+00 -2.872189e+00 6.995484e-01 7.128981e+00 -4.037811e-01 8.925333e-01 -6.305218e-03 7.963073e-01 7.065986e-01 1.328905e+00 5.481796e-01 2.247654e-01 1.775447e+00 1.623001e+00 5.340016e-02 1.275503e+00
-5.256452e+00 2.651550e+00 -3.134099e+00 1.415983e+00 2.505581e+00 1.782475e+00 2.037546e+00 3.274172e-01 9.404063e-01 1.484470e-01 -1.052431e-01 3.039378e+00 -2.621381e-01 8.163176e-02 -1.508783e-01 -2.761876e-01 -4.129888e-01 -1.118240e-01 -1.040218e+00 1.570069e-01 1.318704e-01 -5.184935e-02 -2.202274e-01 -2.114504e-01
-6.760859e+00 2.314068e+00 -4.160946e+00 -1.731054e-01 4.628035e+00 3.966927e+00 5.090550e+00 1.584538e+00 6.082244e+00 3.795238e+00 1.451650e+00 7.121807e+00 -8.038845e-02 2.289771e-01 9.893195e-02 1.379431e-01 4.317670e-01 -3.960427e-01 1.886156e+00 -1.515504e-01 -2.782276e-01 1.053301e+00 -4.368877e-01 -4.166797e-01
-7.016603e+00 1.509231e+00 -1.264823e+00 4.473907e+00 9.576835e+00 7.916913e+00 4.653303e+00 3.942340e+00 3.729445e+00 2.412164e+00 5.104764e+00 4.140203e+00 4.042740e-02 3.845884e-01 -5.687815e-01 -1.119480e+00 -1.430731e+00 -1.128370e+00 -3.901677e-01 -1.261518e+00 6.675485e-01 -1.771594e-01 -1.319635e+00 6.077458e-01
-7.993283e+00 1.169518e+00 -3.993291e+00 -3.052652e+00 5.003541e+00 8.398226e+00 9.634852e+00 1.926887e+00 6.686620e+00 6.706681e+00 3.934677e+00 3.205130e+00 -5.405754e-01 -3.002799e-01 4.331574e-01 -1.364013e-01 5.636419e-01 2.599302e+00 2.367413e+00 5.732042e-01 6.519026e-01 2.153551e+00 9.148626e-02 3.046908e-01
-4.953568e+00 6.991988e-01 -5.527176e+00 -2.015147e-01 4.225595e+00 2.875896e+00 1.959259e+00 -3.040003e+00 2.524366e-01 -1.218975e+00 3.464308e+00 8.750046e+00 -6.745517e-01 1.746667e-01 6.931819e-01 1.246147e+00 -7.266724e-02 -7.575987e-02 -5.119049e-01 3.440388e-01 1.243125e+00 6.753401e-01 -2.869203e-01 -3.419220e-01
-6.562502e+00 2.009288e+00 -1.542962e+00 1.014034e+00 7.191136e+00 2.872272e+00 7.408392e+00 7.532299e-01 8.228592e+00 4.364979e+00 1.827122e+00 1.010585e+01 6.579415e-01 3.164386e-01 2.963534e-01 2.803642e-01 1.475938e-01 -2.198236e-02 -1.469557e+00 -1.213724e+00 5.129284e-01 -4.118198e-01 -2.673470e-01 -6.476754e-01
-7.254336e+00 2.391803e+00 -5.844582e-01 6.895046e+00 1.149102e+01 7.136934e+00 1.101723e+01 2.649925e+00 6.201650e+00 5.963794e+00 3.710577e+00 4.692089e+00 -8.844586e-02 -1.739295e-01 -3.307305e-02 -3.439949e-01 -1.722731e-01 -1.236032e+00 1.235098e+00 1.134593e+00 1.298626e-01 1.311625e+00 6.327187e-01 4.248532e-01
-4.627749e+00 2.885545e+00 -4.171242e+00 -8.936653e-01 2.003167e+00 8.009477e-01 3.389194e+00 8.122936e-01 8.415070e+00 8.538185e-01 -4.193522e-01 4.715138e+00 -8.904452e-01 1.851397e-01 5.382423e-01 8.442753e-01 1.233516e-02 -7.103948e-01 -1.176541e+00 5.088497e-01 1.545256e+00 9.560175e-01 -3.452930e-01 -1.285410e+00
