1.768719e+01 -5.776206e+00 -1.092995e+01 -3.366507e+00 -3.551658e+00 9.164013e+00 -1.120894e+00 3.807250e-01 -8.618151e+00 -5.365411e+00 5.455352e+00 -4.709672e+00
1.812883e+01 -5.240310e+00 -8.656908e+00 -7.658499e+00 -4.821791e+00 1.215985e+01 -3.407178e-01 -3.176115e-01 -8.301308e+00 -1.159585e+00 3.390164e-01 -2.545016e+00
1.812930e+01 -6.829700e+00 -9.132071e+00 -4.278212e+00 -2.351036e+00 8.682368e+00 -7.656064e-01 -2.187478e+00 -5.602037e+00 -8.276951e+00 8.555116e+00 -6.084440e+00
1.961965e+01 -5.023301e+00 -7.850503e+00 -1.019792e+01 -7.863897e+00 1.523757e+01 -2.727482e+00 -1.466511e+00 -7.973584e+00 -2.740262e-01 -1.383067e+00 -2.726975e+00
2.037667e+01 -6.151711e+00 -7.587711e+00 -9.239367e+00 -8.252170e+00 1.158068e+01 1.330379e+00 -2.131709e+00 -1.193257e+01 9.065270e-01 3.575349e-02 -3.385226e+00
2.040899e+01 -6.195951e+00 -7.528255e+00 -8.827595e+00 -8.478116e+00 1.031610e+01 7.052706e-01 -3.589090e+00 -1.104080e+01 -9.532747e-01 2.199163e+00 -3.333408e+00
2.138157e+01 -4.718573e+00 -8.590316e+00 -8.216922e+00 -9.339473e+00 7.017904e+00 1.176973e+00 -5.165025e+00 -8.553056e+00 -1.770353e-02 2.224620e+00 3.364171e-01
1.743855e+01 -5.986745e+00 -7.247398e+00 -5.657080e+00 -1.474263e+00 7.890946e+00 1.546807e+00 -4.399105e+00 -9.746527e+00 1.505943e+00 5.678488e-01 -5.548047e+00
2.082462e+01 -5.211320e+00 -8.422315e+00 -1.698017e+00 -1.154259e+01 4.859988e+00 -1.002098e+00 -1.685542e-01 -1.077377e+01 -4.139335e+00 5.007356e+00 6.589782e-01
1.760855e+01 -4.631522e+00 -8.962295e+00 -2.846407e+00 -3.018254e+00 5.610200e+00 3.309383e+00 -3.551320e+00 -1.125769e+01 3.476921e+00 -2.230757e+00 -4.427631e+00
1.662721e+01 -5.845092e+00 -5.358602e+00 -4.320057e+00 -4.294950e+00 5.411394e+00 3.477889e+00 -1.272735e+00 -1.260437e+01 1.390246e+00 3.039149e+00 -8.147438e+00
1.595108e+01 -4.150535e+00 -3.260397e+00 -6.542319e+00 -5.677158e+00 6.880481e+00 9.738693e-01 1.408549e+00 -1.426965e+01 1.320574e+00 1.479488e+00 -6.314124e+00
1.667865e+01 -2.897859e+00 -4.390591e+00 -4.356153e+00 -4.298247e+00 1.097018e-01 -1.741014e-01 7.337502e+00 -1.406194e+01 6.178145e-01 -2.848839e+00 -7.181014e+00
1.558651e+01 -3.172686e+00 -3.987604e+00 -1.697608e+00 -3.089409e+00 -4.465469e+00 -5.187771e+00 1.213202e+01 -1.062507e+01 -1.705991e+00 -6.639474e+00 -7.658502e+00
1.492774e+01 -1.703339e+00 -4.026650e+00 9.971587e-01 -5.827875e+00 -5.099769e+00 -2.327201e+00 4.261654e+00 -2.096983e+00 -1.297927e+00 -9.468515e+00 -8.056912e+00
1.816210e+01 8.704630e-01 -9.609553e+00 -3.378851e-01 -5.107474e+00 -5.020595e-01 -4.855455e+00 1.835896e+00 -6.288160e-01 3.305567e+00 -8.217628e+00 -6.352338e+00
1.614613e+01 1.476950e+00 -4.996862e+00 6.607991e-02 -1.055214e+01 -1.584192e+00 -8.959026e+00 4.493303e+00 -1.513405e-01 4.502367e+00 -6.887241e+00 -8.771626e+00
1.741283e+01 1.680469e+00 -4.875213e+00 1.028111e+00 -8.805951e+00 -7.293212e-01 -8.269503e+00 4.101733e+00 2.843620e-01 2.743505e+00 -8.727163e+00 -6.117364e+00
-5.024541e+00 -5.988332e+00 -2.705451e+00 3.350311e+00 4.566092e+00 6.771479e-01 -1.462671e+00 -2.969083e-01 -1.558993e+00 -2.326843e+00 -1.863772e+00 -7.786648e+00
1.440637e+01 2.414433e+00 -3.158776e+00 -5.638552e+00 -2.048693e+00 -2.423868e+00 -8.606424e-01 -1.003712e+00 -8.622907e+00 -5.153297e+00 -3.604713e-01 1.175006e+00
-6.338181e+00 -8.498926e+00 -3.530859e+00 -1.952625e+00 -5.624124e+00 -5.863800e+00 -5.314213e+00 -3.324158e+00 -2.587509e+00 -1.861209e+00 -6.280789e-01 -3.322877e+00
-9.741332e+00 -8.330077e+00 2.495631e+00 -3.417389e+00 -9.604500e+00 9.353220e-02 4.172071e+00 -2.831144e+00 8.069043e-01 -1.007020e+00 -5.711819e+00 2.402174e+00
-7.457747e+00 -9.161505e+00 -6.215948e+00 -2.823619e+00 4.067460e+00 -1.031994e+00 -8.469149e+00 -5.372541e+00 6.928572e+00 8.256186e+00 3.665208e+00 -1.030463e+00
-1.806213e+01 -2.432304e+00 3.518576e+00 7.776300e+00 -2.289014e-01 1.474424e+00 3.756676e-01 -6.310444e-01 3.624684e+00 2.405798e+00 2.874791e+00 3.020047e+00
-6.672090e+00 -8.462430e+00 -7.057869e+00 -8.395296e+00 -4.912739e+00 3.124831e+00 1.132942e+00 -3.098185e+00 -2.374120e+00 -5.457654e+00 2.705727e+00 5.890759e+00
-6.657651e+00 -9.294955e+00 -1.075781e+01 -6.528483e+00 5.005050e-01 3.332054e+00 -1.817079e-01 -4.571220e+00 1.564093e+00 1.613008e+00 3.728709e+00 1.559827e+00
-8.695346e+00 -1.052939e+01 1.229419e+00 2.359173e+00 2.164418e+00 1.267500e-01 3.328274e+00 -1.655821e+00 7.807602e+00 7.694698e+00 -3.333555e+00 -3.957514e+00
1.227852e+01 4.845197e+00 2.589984e+00 7.487252e+00 -1.064329e+01 -6.750367e+00 -1.468497e+01 -1.618466e+00 -4.705542e+00 2.016477e+00 -1.290189e+01 -7.707904e+00
1.297376e+01 6.204333e+00 2.348358e+00 7.404477e+00 -9.517831e+00 -1.038921e+01 -1.184236e+01 -2.739211e+00 -2.673798e+00 -6.694529e-01 -1.453036e+01 -6.200066e+00
-6.436307e+00 -6.958892e+00 -2.300824e+00 1.883459e+00 5.645690e+00 1.913271e-01 -1.629630e+00 -3.113189e-01 4.513255e+00 5.171798e+00 2.336979e+00 -1.358604e-01
-6.345252e+00 -1.171747e+01 -2.149982e-01 2.135117e+00 6.113241e+00 2.590408e+00 -2.747574e+00 -3.072115e+00 2.618259e+00 6.565604e+00 2.748184e+00 -1.724506e+00
-6.014026e+00 -6.798769e+00 -4.517337e+00 -2.126663e+00 -7.910316e+00 -6.770527e+00 -3.400836e+00 -3.872875e+00 2.605003e-01 -1.684723e+00 5.107380e-01 -2.343467e+00
8.076687e+00 2.573792e+00 2.692578e+00 1.200206e+01 -2.904177e-02 -8.272909e+00 -1.075347e+01 1.268042e+00 -7.185759e+00 -2.146791e+00 -1.226970e+01 -8.014597e+00
7.835837e+00 1.938610e+00 1.431160e+00 1.205968e+01 4.487881e+00 -4.411284e+00 -4.851207e+00 6.313014e+00 -6.228411e+00 -1.985078e+00 -1.109359e+01 -8.998339e+00
-1.014838e+00 -3.102172e+00 5.990152e+00 6.801991e+00 1.428669e+01 3.836878e+00 -3.679909e+00 5.864924e-01 -2.945553e+00 -6.125495e+00 5.170931e-01 -3.215553e+00
8.929812e+00 1.094328e+00 3.379800e+00 8.925474e+00 2.727112e+00 -1.012542e+00 -8.148149e+00 3.080670e-01 -1.370018e-01 2.133875e+00 -1.036268e+01 -5.647002e+00
-2.880543e+00 -9.802573e+00 -5.097027e-01 -8.652738e-01 6.174756e+00 2.348774e+00 -2.250061e+00 -4.299210e+00 5.270849e+00 -1.842933e+00 -1.878716e+00 2.044243e+00
-5.876863e+00 3.477026e+00 1.078129e-01 -4.846685e+00 -1.488860e+00 -2.489013e+00 -2.115748e+00 -1.428237e+01 2.111304e+00 1.144561e+00 1.238862e+00 3.057162e+00
-8.341834e+00 4.202585e+00 -6.695223e-01 -8.258936e-01 -7.623262e+00 -4.505221e+00 -1.668099e+00 -3.353231e+00 2.097323e+00 5.584741e-01 2.311271e+00 -3.895965e-02
4.571562e-01 -7.383906e+00 -2.948764e+00 2.589417e-01 -1.267095e-01 -5.622718e+00 -6.862026e+00 -1.499981e+00 1.229965e+01 3.240259e+00 -5.173375e+00 -8.868854e-01
-5.512105e+00 -2.749217e+00 1.306107e+00 -4.236979e+00 -2.617808e+00 -4.351042e+00 -3.466673e+00 8.133207e+00 1.134098e+00 -7.627965e+00 9.185702e+00 6.132112e+00
-9.380473e+00 2.393331e+00 1.973960e+00 7.263334e-01 -3.966841e+00 -1.050542e+00 1.387036e+00 4.271135e+00 7.465014e+00 3.783620e+00 7.616575e-01 3.504686e+00
2.492880e+00 -1.273014e+00 -2.471352e+00 2.983154e+00 4.686318e+00 -5.374336e-02 -7.518840e-02 7.159530e-01 1.269267e+01 1.205196e+01 -4.552369e+00 -8.015177e+00
-3.133411e+00 -7.156812e+00 9.750979e-01 -1.862561e+00 -3.620613e+00 -2.766492e-01 4.047523e+00 4.449782e+00 6.704720e-01 -1.581156e-01 5.402729e+00 1.184983e+00
-6.086633e+00 -1.096535e-02 -1.162623e+00 2.150329e-01 -2.052452e+00 -7.452143e+00 -3.552741e+00 3.503136e+00 5.585069e+00 4.474799e+00 4.813430e+00 2.321475e+00
-2.163879e+00 4.414609e+00 2.662792e+00 -1.166276e+00 2.217852e+00 6.557474e-01 3.076305e+00 -6.745482e+00 -3.634250e+00 -4.445261e+00 -1.643949e+00 -6.522158e-01
-3.863006e+00 2.933923e-01 3.309242e+00 6.045229e-01 1.975385e+00 -6.002079e-01 -3.825073e-01 1.041155e+01 5.912582e+00 -6.400921e-01 4.833491e+00 9.021386e+00
-3.202064e+00 -1.014659e+00 2.610458e+00 5.706510e+00 -1.241035e+00 -8.209560e+00 1.380520e+00 1.079478e+01 1.208103e+01 -7.760439e-01 1.893482e+00 3.106020e+00
-2.375763e+00 -3.963851e+00 1.653623e+00 -6.073123e-01 1.548092e+00 4.015147e+00 4.111468e+00 -1.203727e+00 -2.747892e+00 7.872715e-01 1.306547e+00 -3.706147e+00
-3.041166e+00 6.396297e+00 3.910842e+00 2.690277e+00 -1.351627e+00 -2.632258e+00 -3.884019e+00 -1.711233e+00 3.995736e+00 3.028481e+00 9.746801e-01 5.968419e-01
1.392335e+00 6.404263e+00 7.536199e-01 -8.397712e-01 -5.049837e+00 1.397810e+00 8.504645e-01 -7.006471e-01 -3.480425e+00 -1.309242e+00 -2.787192e+00 -2.521743e+00
-7.231339e+00 3.837604e+00 1.914337e+00 5.040488e-01 5.201437e+00 -2.237571e-01 -1.360306e+00 1.386361e+00 -2.157982e+00 -5.478837e+00 4.894951e+00 3.409537e+00
-5.051744e+00 4.345873e+00 2.017794e+00 1.399145e+00 5.765080e+00 1.357682e+00 1.640919e+00 1.047911e+01 1.269336e+01 6.964032e+00 6.127746e-01 2.976578e+00
-5.470016e+00 -1.125464e-01 2.344948e+00 4.434076e+00 3.057534e+00 1.038234e+00 -1.732763e+00 -9.541333e-02 6.627045e+00 2.657189e+00 3.734619e+00 3.008905e+00
-5.104529e+00 2.814270e+00 1.255031e+00 2.640152e+00 2.441278e+00 -1.535768e+00 6.685846e-01 -2.961977e+00 5.773095e+00 3.348219e+00 4.866941e+00 1.225888e+00
-3.146324e-01 -1.153100e-01 -4.034034e+00 -2.209360e-01 3.189295e+00 5.405190e-01 9.835918e-01 -4.543147e+00 1.468682e+00 -3.428979e+00 -8.047474e+00 -3.982888e+00
-2.966103e+00 6.837995e+00 4.507471e+00 1.797992e+00 4.796650e+00 4.626656e+00 1.013009e+00 -7.191007e+00 -1.367101e+00 -2.953978e+00 -2.010719e+00 5.568483e-01
1.244832e+00 4.568651e+00 -2.123225e+00 2.458792e+00 4.983042e+00 4.662177e+00 1.550590e+00 -2.697057e+00 3.724639e+00 -8.049607e-02 -3.366974e+00 -3.677177e-01
2.344131e-01 7.356444e+00 3.171704e+00 -3.153738e-01 7.786798e-02 -2.574767e+00 -6.355019e-01 -2.501852e+00 2.971416e-01 -1.230740e+00 3.609560e-01 -1.921921e+00
-6.162604e+00 2.451860e+00 6.690271e-01 1.484174e+00 4.094752e+00 -5.954600e-01 4.617358e-01 2.512106e+00 5.246333e+00 1.117890e+00 3.423409e+00 4.618724e+00
-5.698752e+00 4.879856e+00 4.635636e+00 2.143857e+00 1.547984e+00 -3.475817e+00 5.010574e+00 3.754175e+00 7.554434e-01 -2.544012e+00 2.483598e-01 4.206051e+00
-3.288365e+00 3.959282e+00 4.729354e+00 3.826657e+00 1.164056e+00 -3.945287e+00 -3.561674e+00 1.969596e+00 -6.937926e-01 1.863532e-01 -8.059660e-01 3.473645e+00
-6.150970e+00 2.170441e+00 3.144248e+00 2.571383e+00 1.906630e+00 6.020427e-01 4.814786e+00 2.744882e+00 2.613005e-01 -2.842357e+00 1.269136e+00 5.306363e+00
-6.436872e+00 1.656330e+00 2.079191e+00 2.270816e+00 6.894097e-01 -3.928409e+00 -4.743299e-01 5.548596e-03 -1.958138e+00 1.869278e+00 4.191495e+00 2.353117e+00
-5.083585e+00 2.350307e+00 6.739922e-01 -1.181657e+00 3.904479e-01 -4.191574e+00 -3.628166e+00 -5.184848e-01 9.237088e-01 5.828971e+00 7.813252e+00 2.769341e+00
-5.323983e+00 5.116967e+00 1.631857e+00 7.811723e-01 1.086812e+00 6.287611e-02 5.629982e+00 1.483869e+00 -2.137412e+00 -1.016976e+00 -1.949061e+00 1.250128e+00
-7.088866e+00 2.739153e+00 2.602300e+00 -1.180725e-01 4.475412e+00 -1.233944e+00 1.741005e+00 -3.655271e+00 -4.143263e-01 2.130489e+00 4.355469e+00 7.271466e+00
-5.546611e+00 3.185894e+00 3.809102e+00 -4.258992e-01 2.633661e+00 1.019062e+00 1.352330e+00 -1.844348e+00 3.322792e+00 -4.273965e-01 1.288348e+00 4.330888e+00
-5.819827e+00 2.986180e+00 4.707956e+00 3.747413e+00 2.444910e+00 -3.226787e+00 4.879047e+00 1.476326e+00 6.241801e+00 1.040549e+00 1.813402e+00 1.530367e+00
-5.556127e+00 2.697302e+00 4.492578e+00 1.891330e+00 3.770100e+00 2.137683e+00 9.489719e-01 4.221384e+00 2.355656e+00 -3.983748e+00 1.735577e+00 -1.009172e+00
-6.514489e+00 3.150530e+00 3.127315e+00 1.371248e+00 -2.483474e+00 -4.614137e+00 -3.809357e-01 1.978832e+00 4.984904e+00 3.986173e-01 1.575786e+00 5.148880e+00
-6.479718e+00 1.943359e+00 4.013592e+00 1.752347e+00 1.913698e+00 -1.694701e+00 3.707976e+00 -2.032343e+00 2.139790e+00 3.173776e+00 5.050528e-02 1.280442e+00
-5.221469e+00 3.460528e+00 1.819856e+00 -1.149383e+00 1.784398e+00 -7.557710e-01 -1.494280e+00 -7.343254e+00 -7.021054e-02 -3.253123e+00 -1.690233e+00 1.156757e+00
-5.627378e+00 2.463303e+00 2.438460e+00 -3.941911e+00 5.523102e-01 -2.454488e+00 -6.511202e-01 -1.019031e+00 6.841568e+00 1.954216e+00 -4.756331e-01 2.172151e+00
-5.864285e+00 3.344925e+00 2.918931e+00 -7.328205e-01 2.804827e+00 9.261224e-01 1.244653e+00 -1.685977e+00 3.509835e+00 -4.174002e+00 1.391400e+00 6.201458e+00
-5.046571e+00 5.230735e+00 4.103180e+00 3.991368e+00 8.466413e+00 -1.866371e+00 3.291245e+00 -1.167228e+00 5.487714e-01 -1.836865e+00 3.315033e+00 1.313174e+00
-5.253480e+00 2.190426e+00 1.590996e+00 2.732159e+00 2.825343e+00 -2.564050e+00 2.421319e+00 -5.445828e+00 -8.343231e-01 3.777377e+00 -9.854501e-01 4.272800e+00
-4.564330e+00 4.926605e+00 4.644357e+00 4.569192e+00 5.451223e+00 1.117765e+00 4.807887e+00 2.288371e+00 1.807626e+00 -2.860761e+00 2.234902e-01 2.218325e+00
-5.776589e+00 2.903625e+00 3.706752e+00 -1.859796e+00 2.071121e-01 2.316546e+00 4.714451e+00 1.956003e+00 2.902276e+00 1.753405e+00 7.161109e-01 1.926611e+00
-6.315436e+00 2.624969e+00 5.300099e+00 2.406779e+00 9.765695e+00 3.003958e+00 5.563753e+00 4.847687e+00 3.436509e+00 -4.790196e+00 -3.742395e+00 1.367103e+00
-5.563403e+00 4.094316e+00 2.284739e+00 -3.511584e+00 -2.063182e+00 -1.114520e+00 6.942669e-01 1.356252e+00 3.139452e+00 -1.065070e+00 2.830647e+00 2.296815e+00
-5.147128e+00 2.433547e+00 3.425971e+00 -2.242890e+00 5.176618e+00 -9.006047e-01 1.991073e+00 -1.821617e+00 1.177141e+00 -1.474941e+00 3.334190e+00 9.856251e-01
-7.247962e+00 9.207964e-03 1.118993e+00 -8.015385e-01 4.926634e-02 1.127723e+00 3.875656e+00 1.189052e+00 -1.638039e+00 4.380589e-01 -6.800024e-01 1.813296e+00
-5.927178e+00 1.403794e+00 5.387514e-01 2.442162e+00 5.863296e+00 -9.856476e-01 4.194479e+00 -7.916297e-01 -1.637871e-01 -2.922518e-01 3.399894e+00 9.080691e+00
-4.582612e+00 2.827543e+00 3.928745e+00 -2.694311e+00 3.059218e+00 1.311643e+00 4.080705e+00 4.929644e+00 1.193215e+00 2.412537e+00 2.280306e+00 2.782489e+00
-5.783095e+00 3.460219e+00 3.160964e+00 -2.365460e+00 7.222428e-01 9.968514e-01 -3.269522e-01 5.016581e-01 7.545621e+00 1.357973e+00 2.141981e+00 -1.456185e+00
-5.578126e+00 2.914606e+00 2.190464e+00 -1.198444e+00 6.367979e-01 -1.335441e+00 1.230568e+00 4.545301e+00 1.650930e+00 -1.193659e-01 -1.968404e+00 -1.299277e+00
-5.849315e+00 3.076533e+00 5.509653e+00 -1.689632e-01 2.921873e+00 1.517524e-01 3.456542e+00 -1.480424e+00 1.726232e-02 -4.591880e+00 3.301929e+00 3.790086e+00
-5.393292e+00 2.085792e+00 2.842066e+00 4.846682e-01 1.599300e+00 -1.878259e+00 3.259492e-01 2.410236e+00 3.922250e+00 -2.172381e+00 1.930134e+00 4.965587e+00
-4.883637e+00 3.235230e+00 3.396511e+00 5.195826e-01 2.401935e+00 -1.192954e-01 3.548226e+00 5.044425e-02 3.747556e+00 5.615047e+00 2.576074e+00 1.404343e+00
-4.619597e+00 2.708306e+00 2.999645e+00 4.945809e+00 5.558689e+00 3.114575e+00 7.952482e+00 7.008439e-01 1.306060e+00 3.053484e-01 -7.317924e-02 2.570697e+00
-5.834622e+00 2.111458e+00 2.495492e+00 3.012978e-01 1.540457e+00 -3.655289e+00 3.593397e+00 -2.961284e+00 -4.592311e+00 -7.453432e+00 3.248974e+00 1.052555e+01
-5.475734e+00 2.590516e+00 -1.533014e+00 -8.408655e-01 2.697624e+00 -3.659474e+00 8.903754e-01 -2.011538e+00 -1.688706e+00 -5.500442e+00 -6.023248e-01 2.243943e+00
-5.867581e+00 2.978120e+00 3.905577e+00 7.129527e-01 1.304052e+00 -3.887835e+00 4.767313e+00 -1.097158e+00 1.688877e+00 1.597799e+00 4.338702e+00 1.017901e+00
-6.509234e+00 2.047300e+00 2.299642e+00 -2.300495e+00 1.092350e+00 -1.325002e+00 5.698197e+00 -2.575155e+00 8.897404e-01 2.680648e+00 3.506420e+00 4.969018e+00
-6.228372e+00 1.737719e+00 3.900098e+00 2.290128e+00 2.088247e+00 -2.838092e+00 4.429672e+00 2.651110e+00 6.411768e+00 2.711397e+00 1.271848e+00 1.964228e+00
-4.248640e+00 3.216546e+00 3.316237e+00 -4.599945e-01 1.554513e+00 7.826922e-01 5.550629e+00 2.638392e+00 2.968401e+00 4.130421e-01 1.313526e+00 2.331843e+00
-4.151305e+00 5.365148e+00 5.542728e+00 3.701336e+00 2.828265e+00 -4.692289e+00 -3.770697e-01 9.706248e-01 1.944274e+00 -7.505678e+00 -2.472325e+00 -1.626438e+00
-5.252063e+00 3.223532e+00 1.479748e+00 2.708665e-01 2.807965e+00 2.140669e+00 3.527732e+00 1.304055e-01 1.647106e+00 1.056778e+00 2.965577e-01 4.829489e+00
