1.170133e+01 -1.118793e+01 9.908251e+00 9.587375e+00 -2.210246e+01 -3.782480e+00 -6.900687e+00 -1.883080e+00 -3.660170e+00 -3.755780e+00 1.394648e+00 6.559775e-01
1.137443e+01 -9.275493e+00 4.218937e+00 1.210147e+01 -2.283850e+01 -4.053583e+00 -5.470074e+00 -3.329004e+00 -1.997856e+00 -4.267251e+00 1.118785e+00 -3.139198e-02
1.144855e+01 -7.904848e+00 1.009805e+01 1.124830e+01 -2.142592e+01 -3.256026e+00 -7.220681e+00 -4.761134e+00 -2.204886e+00 -5.317887e+00 2.843393e+00 2.614561e-01
1.249649e+01 -7.806997e+00 8.554122e-01 1.115728e+01 -1.902286e+01 -7.797928e+00 -3.398448e+00 2.806014e-01 -4.885967e+00 -2.372276e+00 -7.620692e-02 -1.586988e+00
1.042404e+01 -7.310619e+00 1.437875e+01 1.042393e+01 -2.272152e+01 2.639426e+00 -8.052469e+00 -4.479740e+00 -6.035889e+00 -4.935872e+00 -2.147973e+00 2.293966e+00
1.148509e+01 -5.430222e+00 7.918651e-01 6.531406e+00 -1.551605e+01 -6.690813e+00 -6.940433e+00 7.018188e+00 -7.285495e+00 -3.517001e+00 2.405059e+00 -5.717599e+00
1.073017e+01 -5.707804e+00 1.089465e+01 1.071600e+01 -2.142417e+01 -1.143968e-01 -7.725657e+00 -4.635540e+00 -4.307096e+00 -5.330748e+00 -2.937294e-01 1.868954e+00
9.985452e+00 -6.804771e+00 1.447161e+01 1.148529e+01 -2.360055e+01 4.880027e+00 -8.952523e+00 -7.000511e+00 -2.349610e+00 -9.543578e+00 -7.827223e-01 5.729775e-01
1.167862e+01 -8.132854e+00 5.846246e+00 2.709205e+00 -1.787046e+01 -9.543062e-01 -8.290805e+00 6.807490e+00 -3.077125e+00 -3.982768e+00 -2.322363e-01 -3.658195e+00
1.051021e+01 -3.003775e+00 1.215468e+01 1.200124e+01 -2.286854e+01 5.171352e+00 -8.680540e+00 -5.017273e+00 -6.978086e+00 -7.900433e+00 -3.162751e+00 1.606503e+00
9.618711e+00 -7.395105e+00 6.852256e+00 2.244504e+00 -1.668337e+01 1.417377e+00 -6.616693e+00 7.047347e+00 -1.389650e+00 -1.497641e+00 1.105731e-01 -3.323464e+00
9.867337e+00 2.607120e+00 1.346826e+01 3.539089e+00 -1.788111e+01 1.022587e+01 -1.202079e+01 -7.016164e+00 -4.880114e+00 -1.145667e+01 -1.111746e+00 -1.090254e+00
4.318810e-02 -2.945425e+00 3.410471e+00 -1.442529e+01 2.888269e-01 -4.396169e+00 -6.811231e+00 4.122449e-01 3.406204e+00 -4.603670e+00 6.810838e-01 3.455846e+00
1.071989e+01 4.864951e-01 1.314455e+01 9.421383e+00 -1.788091e+01 6.317814e+00 -1.178829e+01 -2.812257e+00 -1.185573e+01 -1.106058e+01 -1.634650e+00 -2.735482e+00
2.776018e+00 -1.804838e+01 6.155798e+00 3.696534e+00 -1.870087e+01 2.852399e+00 -6.383078e+00 7.248805e+00 6.279265e+00 -4.499357e+00 -5.997898e-01 1.339706e+00
3.045646e+00 -8.095755e+00 6.757762e-01 -1.375950e+01 6.959462e-01 -1.278121e+00 -3.407655e+00 -7.840017e-01 -7.539221e-01 -5.043532e+00 1.488484e+00 -2.088567e+00
9.710203e+00 6.580055e+00 1.785352e+01 6.813783e+00 -1.592632e+01 5.421379e+00 -1.233120e+01 -2.572262e+00 -1.273268e+01 -8.997069e+00 -2.630518e+00 -4.854666e+00
-5.920315e-02 -4.826199e+00 7.184610e+00 -1.727915e+00 2.831993e+00 -4.732044e+00 -6.003330e-01 6.417237e+00 5.336216e+00 -1.812035e+00 5.411006e+00 1.213116e+01
7.252901e+00 1.368138e+01 1.908189e+01 1.299577e+01 -1.019547e+01 3.750285e+00 -7.693052e+00 -4.804351e+00 -1.442454e+01 -7.544421e+00 -2.190929e+00 -4.526830e+00
4.048281e+00 -1.153543e+01 1.972296e+00 -5.704989e-01 1.053798e+00 -5.248696e+00 5.302444e+00 3.136876e+00 1.745476e-01 -3.159269e+00 -1.254266e+00 2.514505e+00
1.773984e+00 -8.601607e+00 1.265762e+00 -3.037913e+00 1.702586e+00 -4.155580e+00 8.056718e+00 4.212081e+00 -1.049314e+00 -3.458405e+00 2.894959e+00 3.660501e+00
5.448920e+00 1.384159e+01 1.660946e+01 1.242931e+01 -4.577220e+00 4.985984e+00 -6.899765e+00 -5.914683e+00 -1.496899e+01 -1.193473e+01 -5.699399e+00 -7.633451e+00
4.222334e+00 -7.537963e+00 -5.772805e-02 -1.964046e+00 1.444572e+00 -4.411609e+00 -1.953579e+00 3.800371e+00 -1.579035e+00 -2.380406e+00 -1.726134e+00 1.543889e+00
4.933791e+00 9.899442e+00 1.146393e+01 1.159496e+01 6.084938e-01 4.060436e+00 -1.013329e-01 -2.549299e+00 -1.383020e+01 -1.479044e+01 -4.724656e+00 -6.702576e+00
6.698829e+00 -3.947864e+00 2.071250e+00 1.671794e+00 6.124835e+00 -4.038818e+00 -7.143731e+00 4.324211e-01 2.077035e+00 -2.398726e+00 -1.609348e+00 3.719252e+00
-1.912407e+00 -3.675561e+00 -1.910116e+00 -1.022574e+01 -9.196598e+00 2.699128e+00 -6.967682e+00 4.026403e+00 2.704774e+00 -9.227825e+00 2.569427e+00 2.608938e+00
6.651572e+00 -2.289489e+00 -2.044015e+00 2.816814e+00 -4.706087e-01 -1.036387e+00 2.536831e+00 1.908929e+00 3.725697e+00 -1.043041e+00 -4.123824e+00 -3.136140e+00
3.592289e+00 1.676465e+00 -2.475116e+00 -1.212344e+00 8.880334e-01 -7.769428e+00 4.319457e+00 3.572527e+00 1.357987e+00 9.404613e+00 5.346989e+00 1.455000e+00
5.350228e+00 -4.923640e-01 -8.339629e-01 1.769158e+00 -1.290904e+00 -8.274282e+00 -1.751626e+00 1.384313e+00 2.003154e+00 -3.349493e+00 -9.974918e-01 4.336872e-01
3.962014e+00 9.627640e-01 -5.573484e+00 -3.945784e+00 -2.780016e+00 -7.653627e+00 8.044307e-01 -3.342940e+00 -2.074191e+00 2.416842e+00 -1.018885e+00 -1.041273e+00
4.128637e+00 2.110072e+00 -1.095758e+00 -1.185817e+00 4.924326e-01 -6.206179e+00 2.197185e+00 1.221374e+00 -5.916854e-01 -2.591362e+00 -1.126135e+00 -2.459833e+00
3.238110e+00 -8.430614e-01 -4.771286e+00 -3.849885e+00 4.875853e+00 7.611514e-01 2.354338e+00 -1.026475e+00 -1.115606e+00 4.608921e-01 -1.916250e+00 -1.449930e+00
4.290752e+00 9.597363e+00 2.773495e+00 2.846479e+00 6.549397e+00 3.292130e+00 3.629928e+00 7.356991e-01 -6.197577e+00 -2.595778e+00 -6.038104e+00 -4.827867e+00
-3.793863e+00 1.146183e+00 -3.390321e+00 -7.641464e+00 3.070807e-01 -5.607949e+00 -6.523703e+00 1.736433e+00 9.268867e+00 1.001472e-01 6.826394e+00 3.538541e+00
-2.226839e+00 -3.790728e+00 -6.421425e-01 -6.944356e+00 -4.678119e+00 1.584675e+00 -9.780550e-02 2.901537e-01 1.527382e-01 -3.704105e+00 3.377361e-01 1.555577e+00
-2.791828e+00 4.638456e+00 -1.946438e+00 1.302556e+00 9.922208e+00 9.083772e+00 6.587422e+00 2.124229e+00 1.589868e+00 6.059235e+00 -6.727738e-01 -2.702553e-01
-5.255388e+00 2.088918e+00 -3.410813e+00 -6.506782e-01 9.237175e+00 2.980023e+00 3.574162e+00 -1.500186e-01 -6.310502e-01 3.619281e+00 -1.322406e+00 -8.170080e-01
-5.086695e+00 2.437999e+00 -4.374469e+00 -5.299713e+00 5.861976e+00 2.358570e+00 3.928993e+00 -1.766911e+00 -2.651652e+00 1.190901e+00 -4.877895e-01 -4.229677e-01
-5.124172e+00 2.786573e+00 -8.610940e-01 1.352881e+00 8.202849e+00 -2.268051e+00 3.989398e-01 -2.408240e+00 -1.980572e+00 -1.209202e+00 -2.066225e+00 -6.356145e-01
-7.167887e+00 1.230253e+00 -2.606711e+00 -4.234384e+00 5.023373e+00 -4.056626e+00 4.762473e-01 -3.141120e+00 3.511748e+00 4.371824e+00 -5.789835e-01 -1.213476e+00
-8.015709e+00 -1.263804e+00 -4.825138e+00 -4.157544e+00 -2.765799e-01 -7.823467e+00 -4.477886e+00 -5.381901e+00 2.875859e+00 4.179677e+00 3.578724e+00 1.294260e+00
-4.870686e+00 2.919301e+00 -2.829005e+00 -1.247141e+00 6.111354e+00 -9.670443e-01 3.034490e+00 -1.861995e+00 -1.262203e+00 8.232566e+00 2.717428e+00 -1.146232e+00
-5.183176e+00 1.944777e+00 -4.276174e+00 -1.980302e+00 5.633534e+00 3.959144e+00 5.305532e+00 -9.454675e-01 2.450705e+00 3.082797e+00 -4.347832e+00 1.958055e+00
-4.574259e+00 1.992331e+00 -3.916128e+00 -3.074906e+00 7.159386e+00 1.824032e+00 3.225366e+00 -4.895616e-02 3.213575e+00 4.163513e+00 9.052277e-03 2.376012e+00
-3.265468e+00 1.753610e+00 -6.406630e+00 -4.149952e+00 5.306213e+00 3.813347e+00 6.007135e+00 3.808245e+00 5.223012e+00 6.206482e+00 4.499445e+00 3.814432e+00
-2.504990e+00 3.491082e+00 -4.302429e+00 -1.614677e+00 3.784362e+00 -9.368656e-01 -1.289958e+00 -1.948702e+00 5.205352e+00 1.569529e+00 -1.704008e+00 -2.079287e+00
-4.274738e+00 2.678211e+00 -4.009358e+00 -3.319214e+00 3.478887e+00 -1.740503e+00 2.546136e-01 1.479256e+00 3.889489e+00 2.344091e+00 7.205367e-02 1.160850e+00
-5.535164e+00 2.207333e+00 -3.548053e+00 -3.159257e+00 6.336246e+00 3.356538e+00 4.941107e+00 9.158438e-01 2.745796e+00 1.039147e+01 4.866170e+00 3.730706e+00
-5.248711e+00 3.428787e-01 -4.180854e+00 2.433963e-01 5.247888e+00 1.021703e+00 3.423183e+00 2.155554e+00 3.802397e+00 8.849384e+00 3.589538e+00 9.542465e-02
-4.914520e+00 -1.053836e+00 -4.713259e+00 -4.917058e+00 1.854057e+00 1.996621e+00 3.461087e+00 -4.656718e-01 2.664927e+00 4.875990e+00 -2.309570e-01 1.363234e+00
-5.682423e+00 1.044751e+00 -5.982978e+00 -4.810644e+00 5.818464e+00 4.307890e-02 -1.121406e+00 -2.787255e+00 -1.974987e+00 3.404012e+00 -3.083700e-01 -2.898542e+00
-5.255943e+00 8.805492e-01 -5.381189e+00 -8.297565e-01 6.386871e+00 -9.324799e-01 4.792241e+00 -1.605028e+00 4.557745e+00 1.316670e+00 1.179607e+00 1.630813e+00
-5.248142e+00 1.608849e+00 -4.093708e+00 -4.416758e+00 4.095661e+00 -3.365987e+00 3.946419e+00 4.600213e+00 3.377597e+00 4.112754e+00 2.038077e-01 3.450908e+00
-1.473763e+00 7.734389e+00 1.683925e+00 2.901859e+00 8.999643e+00 1.410953e+00 -1.134491e-01 1.261768e+00 -7.499115e+00 -7.708188e+00 -9.756862e+00 -4.271120e+00
-4.457045e+00 3.387252e+00 -1.661039e+00 9.110551e-01 7.130191e+00 -1.149792e+00 4.802678e-01 -2.034838e+00 -8.919248e-02 -4.748649e-01 6.210555e-01 -1.502934e+00
-5.226982e+00 2.054658e+00 -3.427575e+00 -1.794510e+00 5.633251e+00 2.509155e+00 1.662123e+00 -4.540230e+00 -3.202210e+00 1.407311e+00 1.873694e+00 6.557136e-01
-5.311382e+00 1.533878e+00 -3.445046e+00 -2.665699e+00 6.901291e+00 -1.323839e+00 7.979428e+00 2.671648e+00 3.900830e+00 1.883865e+00 2.475626e+00 3.540746e+00
-6.779768e+00 9.863952e-01 -4.603810e+00 -3.838171e+00 2.470697e+00 -1.774894e+00 5.710479e+00 3.425562e+00 6.166160e+00 5.061881e-01 8.686777e-01 6.058825e+00
-5.791824e+00 2.554405e+00 -5.230427e+00 -4.036491e-01 3.527072e+00 -3.689793e+00 -8.169889e-02 -2.526571e+00 4.013522e+00 4.723544e+00 2.302984e+00 1.278821e+00
-5.638203e+00 2.004496e+00 -5.320610e+00 -4.009501e+00 4.247549e+00 -1.323449e-01 5.787001e+00 7.127130e-02 -1.195544e+00 3.211191e+00 2.115973e+00 1.995947e+00
-5.284443e+00 2.224241e-01 -4.843180e+00 -2.515651e+00 5.984132e+00 2.195735e+00 5.435374e+00 -1.368112e+00 5.948907e-01 3.798755e+00 -9.254055e-01 1.769475e+00
-5.191835e+00 3.005318e+00 -3.444418e+00 -8.675375e-01 9.884713e+00 -1.440191e+00 4.753783e-01 -3.537248e+00 3.108762e+00 1.801286e+00 -1.108974e+00 -8.154071e-01
-7.190161e+00 6.665509e-01 -6.100916e+00 -2.535950e+00 1.030786e+01 2.633437e+00 2.369576e+00 1.739334e+00 2.028945e+00 4.288604e+00 1.088542e+00 1.768881e+00
1.754137e+00 5.292304e+00 -3.015657e+00 -4.108934e-01 4.933702e+00 -3.898327e+00 -4.836290e-01 1.842313e+00 3.487652e+00 1.177454e+00 -5.486498e+00 7.836082e-01
-7.460880e-02 7.394990e+00 -1.619896e+00 -8.558724e-01 8.713257e+00 4.152323e+00 2.393576e+00 2.927844e+00 4.150408e+00 4.852388e+00 1.261439e+00 2.639614e+00
-1.846651e+00 6.468624e+00 -3.403830e+00 1.969106e+00 9.544985e+00 4.641576e+00 8.739433e+00 2.555854e+00 2.544171e+00 1.417811e+00 -2.012115e-01 1.420505e+00
-4.900623e+00 2.104720e+00 -3.771006e+00 -2.941625e+00 9.844540e+00 5.429081e+00 6.042755e+00 6.915723e-01 1.761621e+00 3.942128e+00 3.931617e-01 -5.992379e-01
-4.473709e+00 2.066777e+00 -1.530698e+00 -4.493885e-01 8.054357e+00 -2.797753e-02 4.480961e+00 4.119881e+00 5.693367e+00 9.127469e+00 1.737154e-02 -5.704722e-01
-4.920334e+00 9.621589e-01 -3.545464e+00 -6.820345e-01 7.049772e+00 8.431400e-01 6.920111e+00 6.233303e+00 8.287172e+00 8.452081e+00 4.362403e+00 -5.099638e-01
-6.187704e+00 -2.851613e-01 -4.173182e+00 4.247108e-01 7.924796e+00 -1.340208e+00 5.113404e-01 -9.294555e-01 4.554985e+00 4.197516e+00 1.907008e+00 2.121624e+00
-6.311609e+00 6.324993e-01 -8.788590e+00 -8.006667e+00 5.995925e+00 -2.265028e+00 2.558071e+00 6.231610e-01 5.711244e-01 3.090286e+00 2.112763e+00 -1.162168e+00
-5.276861e+00 1.027324e+00 -5.168254e+00 -1.638180e+00 8.278400e+00 -2.404314e-01 -1.459087e+00 -2.572334e+00 2.053057e+00 5.382658e+00 -2.659098e+00 -2.019519e+00
-4.276270e+00 2.109842e+00 -2.299386e+00 1.400948e-03 6.760907e+00 2.158354e+00 7.111477e+00 2.506281e+00 1.286924e+00 2.442199e+00 -2.502841e+00 -1.908828e+00
-4.267548e+00 3.085067e+00 -5.638244e+00 -7.621040e-01 7.616426e+00 3.918602e+00 2.430298e+00 -3.869911e+00 -1.380882e+00 4.663199e+00 3.797471e+00 6.013620e-02
-5.726662e+00 1.747911e-01 -6.383258e+00 -4.007138e+00 5.965446e+00 -1.599631e+00 5.595994e+00 -3.302503e+00 -3.900307e+00 1.065182e+00 6.305373e-02 -9.415833e-01
-4.431534e+00 2.104141e-02 -5.509871e+00 -4.239484e+00 5.434926e+00 3.828354e-01 8.335080e+00 -7.815112e-01 5.463722e+00 3.325918e+00 1.528493e+00 8.268008e-01
-5.468800e+00 6.537964e-01 -5.386556e+00 -7.589072e+00 6.298098e+00 1.891302e-01 1.334855e+00 -2.433987e+00 2.308120e+00 -3.586239e+00 -3.498398e+00 -4.102688e+00
-5.016235e+00 5.053820e-02 -5.805745e+00 -5.242283e+00 7.701749e+00 2.685188e+00 6.319127e-01 -7.551473e+00 -1.967459e+00 -1.103019e+00 8.249913e-01 8.509512e-01
-5.879280e+00 1.179810e+00 -3.536891e+00 -2.490000e+00 9.557401e+00 3.298551e+00 2.639988e+00 3.354306e-01 2.842414e+00 4.854489e+00 2.749667e+00 1.122379e+00
-3.471206e+00 3.503015e+00 -3.627869e+00 -1.791315e+00 8.320999e+00 1.842881e+00 2.906724e+00 4.127666e+00 5.369556e+00 6.038628e+00 -3.172871e-01 -5.529387e+00
-2.094896e+00 1.681175e+00 -3.545941e+00 -8.187847e-01 9.522677e+00 3.644694e+00 4.660504e+00 7.982438e+00 6.178623e+00 6.150826e+00 -1.235075e+00 -2.703960e+00
