1.097803e+01 -7.268392e+00 -6.635462e+00 -1.452702e+01 -1.710696e+01 1.319397e+01 9.751595e+00 -3.951730e+00 5.055224e+00 -1.220418e+01 -5.213509e+00 6.332417e+00
1.067073e+01 -5.810636e+00 -5.108787e+00 -1.555921e+01 -1.722141e+01 8.488426e+00 1.059966e+01 -1.059809e+00 3.760592e+00 -1.170371e+01 -4.855769e+00 3.557923e+00
8.597130e+00 -1.132599e+01 -8.839410e+00 -7.944903e+00 -2.710255e+00 1.427225e+01 6.806609e-02 -1.839652e+01 5.769099e+00 8.101304e-01 -2.925066e+00 1.951515e+00
9.088523e+00 -1.099284e+01 -7.152232e+00 -9.257246e+00 -4.356156e+00 1.566457e+01 1.154038e+00 -1.663388e+01 5.837585e+00 -8.592968e-01 -2.526875e+00 5.020198e+00
9.450686e+00 -1.015536e+01 -6.760552e+00 -1.154951e+01 -8.694890e+00 1.821692e+01 4.940450e+00 -1.391654e+01 5.305669e+00 -5.715573e+00 -1.672256e+00 8.014528e+00
9.309186e+00 -8.709761e+00 -7.550949e+00 -1.232517e+01 -1.144480e+01 1.754083e+01 4.688725e+00 -1.209774e+01 4.709014e+00 -8.389368e+00 -2.064425e+00 8.296083e+00
8.261621e+00 -8.414945e+00 -7.925366e+00 -9.319350e+00 -7.298210e+00 1.628262e+01 2.940771e+00 -1.554396e+01 7.690504e+00 -5.337314e+00 -1.313320e+00 5.094955e+00
6.260396e+00 -1.149769e+01 -6.498354e+00 -6.421125e-01 4.348755e-02 -2.910303e+00 -2.607328e-01 -1.201333e+01 1.282426e+01 -1.597358e+00 -9.159847e+00 -6.753976e+00
1.088690e+01 -3.711335e+00 -3.858099e+00 -1.446823e+01 -1.761190e+01 5.039651e+00 1.026237e+01 -1.845542e+00 5.994486e+00 -8.703102e+00 -1.704624e+00 9.153788e-01
9.532397e+00 -7.023497e+00 -6.044769e+00 -1.314654e+01 -1.232307e+01 1.423763e+01 6.903462e+00 -1.076925e+01 7.186394e+00 -8.688887e+00 -1.437944e+00 6.970904e+00
9.905344e+00 -7.432765e+00 -4.736277e+00 -1.417232e+01 -1.402035e+01 1.092330e+01 7.092982e+00 -6.845102e+00 5.850670e+00 -8.403381e+00 -4.093421e+00 6.411664e+00
7.721711e+00 -1.183915e+01 -6.339545e+00 -1.988805e+00 6.491604e-01 -1.595867e+00 -6.660993e-01 -1.209002e+01 9.923779e+00 2.158267e+00 -1.079836e+01 -6.215271e+00
7.908591e+00 -1.201784e+01 -7.842186e+00 -3.231739e+00 -1.651126e+00 6.576423e+00 4.043528e-02 -1.669361e+01 1.097930e+01 8.427060e-01 -7.915836e+00 -7.731056e-01
7.866582e+00 -1.031929e+01 -7.119184e+00 -8.624444e+00 -4.870791e-01 7.570848e+00 3.420410e+00 -1.692913e+01 8.134913e+00 -1.230255e+00 -4.455676e+00 5.235718e-01
8.117393e+00 -1.181916e+01 -7.119841e+00 -1.731866e+00 -1.923004e+00 3.108787e+00 -1.452206e+00 -1.338221e+01 1.010202e+01 1.375910e+00 -8.804262e+00 -6.646914e+00
7.748688e+00 -1.065307e+01 -7.228558e+00 -6.284061e+00 -1.133020e+00 7.422071e+00 5.180639e-01 -1.463691e+01 7.153594e+00 1.235169e+00 -6.075283e+00 -1.148748e+00
1.086418e+01 -2.432154e+00 -1.856980e+00 -1.052635e+01 -2.190223e+01 -1.133971e+00 7.761301e+00 1.250830e+00 6.622931e+00 -4.713340e+00 5.762109e+00 -3.348610e+00
7.209331e+00 -1.044711e+01 -8.245567e+00 -2.382984e+00 -1.561984e+00 3.373184e+00 2.019857e-01 -1.438049e+01 9.560318e+00 1.164118e+00 -8.142997e+00 -4.178092e+00
1.103644e+01 -3.250589e+00 -2.996488e+00 -1.145629e+01 -2.126103e+01 3.003434e+00 7.649930e+00 6.491740e-01 4.948128e+00 -5.714284e+00 2.108680e+00 -1.281661e+00
6.524518e+00 -1.065492e+01 -6.327566e+00 3.352077e-01 -3.072550e+00 -1.340320e+00 -1.056949e+00 -1.133163e+01 1.505608e+01 -5.695587e+00 -8.226446e+00 -5.386060e+00
1.169091e+01 -1.830060e+00 -4.385679e-01 -1.011370e+01 -2.116571e+01 -5.498728e+00 5.561039e+00 1.997641e+00 3.700552e+00 -1.876411e+00 9.042254e+00 -2.879309e+00
6.197987e+00 -1.049485e+01 -4.401584e+00 -1.255620e+00 -1.871608e+00 -3.050503e+00 -1.601007e+00 -8.127573e+00 1.178314e+01 -3.614625e+00 -1.148505e+01 -2.177231e+00
5.747808e+00 -9.735388e+00 -3.228473e+00 -2.672902e+00 -1.611120e+00 -4.470840e+00 -1.764951e-01 -7.030991e+00 9.467039e+00 -3.571704e+00 -1.200827e+01 -1.011777e+00
3.599009e+00 -9.844575e+00 6.081206e-01 -1.157613e+00 -3.688169e+00 -6.110714e+00 -2.075994e+00 -4.052443e+00 1.198538e+01 -7.324002e+00 -9.458893e+00 -2.250865e-01
4.186587e+00 -9.351058e+00 -1.099864e+00 6.846361e-01 -4.626697e+00 -4.011994e+00 -1.726264e+00 -4.077149e+00 1.131547e+01 -5.802386e+00 -9.944395e+00 -5.469596e-01
4.035086e+00 -8.351484e+00 -3.218637e+00 -9.380198e-01 -3.011550e+00 -3.711566e+00 -3.314861e-01 -6.686812e+00 1.112328e+01 -5.749575e+00 -9.657267e+00 -2.188977e+00
4.010622e+00 -8.510629e+00 -1.994710e+00 -1.691749e+00 -2.374245e+00 -5.503127e+00 2.617416e-01 -5.658462e+00 9.643854e+00 -5.506308e+00 -1.126424e+01 -3.783655e-01
1.122216e+01 2.046739e-01 3.671257e-01 -7.230208e+00 -1.836075e+01 -6.192517e+00 3.785284e+00 8.219435e-01 1.337110e+00 -4.334106e-01 1.168526e+01 -1.257560e+00
4.090782e+00 -1.073423e+01 1.686426e+00 -2.602870e+00 -6.951986e+00 -6.001723e+00 -4.433250e+00 -9.876246e-01 9.441347e+00 -6.509827e+00 -1.145522e+01 -3.746729e-01
4.644333e+00 -9.893433e+00 2.361594e+00 -4.159844e+00 -1.029482e+01 -5.629617e+00 -9.204442e+00 1.775685e+00 9.739574e+00 -8.172972e+00 -1.303697e+01 -4.316816e+00
6.350540e+00 1.415949e+00 5.599715e+00 4.460744e+00 -1.033811e+01 -9.637281e+00 -7.571889e+00 -1.053453e+01 -1.691535e+01 -1.639641e+01 -5.008060e+00 -1.519804e+01
6.278364e+00 -2.038161e+00 5.933172e+00 3.282569e+00 -1.248031e+01 -1.370078e+01 -1.032649e+01 -8.345490e+00 -8.807174e+00 -1.326579e+01 -6.240248e+00 -2.077356e+01
6.380508e+00 -9.729305e+00 4.354341e+00 -3.258568e+00 -9.415092e+00 -4.195004e+00 -1.311565e+01 3.215481e+00 1.008899e+01 -1.159976e+01 -1.179440e+01 -6.914013e+00
6.499770e+00 -6.256506e+00 4.013043e+00 4.737810e+00 -1.557124e+01 -1.416708e+01 -9.189101e+00 -1.361287e+01 -1.089004e+01 -1.087708e+01 -6.817018e+00 -1.866059e+01
6.789234e+00 -5.776764e+00 4.714227e+00 4.125374e+00 -1.203825e+01 -9.680029e+00 -4.770864e+00 -1.341878e+01 -1.333482e+01 -7.875322e+00 -2.061439e+00 -1.353070e+01
1.067996e+01 4.004647e-01 1.816265e+00 -5.099292e+00 -1.568623e+01 -5.554728e+00 3.898686e+00 1.231431e+00 -4.041624e+00 -3.343050e+00 1.196034e+01 -2.649307e+00
5.946136e+00 5.237573e+00 4.631732e+00 1.040534e+01 -2.062408e+00 -9.292973e+00 -9.095941e+00 -1.573869e+01 -1.966573e+01 -1.465041e+01 -6.391315e+00 -9.154146e+00
7.654451e+00 -8.214650e+00 4.513181e+00 2.486227e+00 -1.008874e+01 -7.226454e+00 -1.005882e+01 -7.802255e+00 -6.609794e+00 -1.165418e+01 -6.508493e+00 -9.340270e+00
1.034143e+01 -2.700746e-03 4.140394e-01 2.551887e-01 -8.973165e+00 -6.092646e+00 1.000428e+00 8.831341e-01 -5.945271e+00 -6.146097e+00 1.027659e+01 -2.349992e+00
1.018544e+01 4.307978e+00 8.992404e-03 2.882180e+00 -8.144360e+00 -6.817767e+00 2.593632e+00 -8.689733e-01 -1.684899e+01 -1.065084e+01 -4.805017e-01 -8.763926e+00
9.758354e+00 -2.366885e-01 4.431711e+00 1.448320e+00 -8.562800e+00 -7.476604e+00 2.076463e+00 2.813163e+00 -9.380511e+00 -7.209046e+00 7.438646e+00 -4.387502e+00
3.382933e+00 4.952694e+00 5.696397e+00 9.526841e+00 1.119949e+00 -1.049978e+01 -5.442528e+00 -2.079666e+00 -1.647391e+01 -1.559076e+01 -7.572483e+00 -1.054843e+01
4.031803e+00 1.168008e+01 1.035536e+00 2.105129e+00 -9.145765e-01 -8.390543e+00 4.125034e+00 -2.050238e+00 -1.567731e+01 -1.149206e+01 -5.059445e+00 -9.519290e+00
-1.116352e-01 1.433542e+00 5.662805e+00 7.766521e+00 2.726939e+00 -8.816410e+00 -9.012506e+00 -2.873248e+00 -1.665208e+01 -1.401999e+01 -5.740050e+00 -5.970766e+00
-4.746870e+00 -1.937695e+00 4.854349e+00 3.063222e+00 2.479023e+00 -6.988403e+00 -7.884582e+00 5.164675e+00 -1.887736e+01 -1.511038e+01 -9.919851e-01 -3.758129e+00
-5.780902e+00 -2.292636e+00 2.171297e+00 2.706831e+00 4.891665e+00 -2.363194e+00 -7.157513e+00 5.775187e+00 -1.104819e+01 -6.705978e+00 3.149647e+00 -1.697802e+00
-3.598778e+00 4.155403e+00 3.310730e+00 7.849323e+00 1.684070e+01 6.009067e+00 2.941882e+00 1.044108e+01 -3.012591e+00 3.487793e+00 4.384428e+00 4.479789e+00
-5.256739e+00 1.511645e+00 2.464485e+00 7.558931e+00 9.645780e+00 6.613694e-01 -7.294843e+00 7.405458e+00 -3.464931e+00 6.670167e-01 4.527445e+00 -3.228900e-01
-6.061128e+00 6.803471e-01 3.479256e+00 3.082982e+00 8.171660e+00 -5.925632e+00 -7.488869e+00 6.176926e+00 -7.239791e+00 1.371501e+00 9.141048e+00 3.820865e-01
-9.802446e+00 6.864410e+00 2.798032e+00 2.293435e+00 1.329000e+00 -5.024576e-01 -1.969328e+00 9.601933e+00 -2.942186e+00 5.900739e+00 4.347567e+00 2.321930e+00
-7.673793e+00 3.308790e+00 -2.765064e-01 2.112831e+00 1.050241e+01 5.263013e+00 -1.874750e+00 4.544558e+00 -4.072434e+00 1.282049e+01 8.869282e+00 1.033524e+01
-5.718003e+00 8.600574e+00 3.452734e+00 3.238298e+00 4.254943e+00 8.635472e-01 1.200659e+00 4.853075e+00 -8.559567e+00 -4.959657e+00 -3.103183e+00 -7.241405e+00
-9.161566e+00 5.610146e+00 -5.774585e+00 -1.709234e-01 5.249452e+00 2.195950e+00 -3.025642e+00 8.989731e+00 -1.105041e+00 8.663839e+00 4.717568e+00 3.601191e+00
-1.071382e+01 3.024744e+00 -2.098055e+00 1.592877e+00 5.992518e+00 -1.686575e+00 -3.948113e+00 8.517786e+00 -3.739504e+00 6.186431e+00 4.906658e+00 6.856049e+00
-2.384403e+00 1.161568e+01 5.772431e+00 4.022021e+00 1.301462e+01 5.881605e+00 5.572060e+00 9.322468e+00 -6.955435e-01 3.901987e+00 -2.853383e+00 -2.738679e+00
-5.804441e+00 1.037806e+01 5.429847e+00 9.012485e+00 1.372584e+01 2.745086e+00 2.312511e+00 8.710516e+00 1.927784e+00 8.126096e+00 4.223297e+00 5.428619e+00
-1.064044e+01 3.984600e+00 1.332658e+00 -1.851843e+00 4.056768e+00 5.715526e-01 -5.722328e+00 4.981914e+00 -3.822391e+00 5.506490e+00 9.345585e+00 2.311654e+00
-5.604199e+00 9.564448e+00 3.494717e+00 6.994053e+00 1.149306e+01 4.878726e+00 4.786627e+00 6.379596e+00 -2.501340e+00 5.854118e+00 -1.400999e+00 1.533077e+00
-9.181627e+00 4.123689e+00 2.492542e+00 1.759794e+00 -9.538851e-01 -5.013790e+00 -1.467898e+00 1.025313e+01 -1.534048e+00 1.351038e+01 3.251450e+00 3.742313e+00
-3.333861e+00 7.516472e+00 6.932378e+00 6.782646e+00 9.956387e+00 8.838247e-01 -8.190049e-01 8.242800e+00 -6.247749e-01 4.642602e+00 3.137639e+00 3.782978e+00
-4.437582e+00 9.358022e+00 6.636723e+00 7.215407e+00 1.046130e+01 1.987388e+00 -5.029859e-01 7.643541e+00 -1.400046e+00 2.371095e+00 2.439656e+00 5.437315e+00
-7.902191e+00 6.047307e+00 3.270115e-01 1.867856e+00 1.009314e+01 2.184909e+00 2.391637e+00 1.052089e+01 7.495718e-01 1.079641e+01 8.947255e+00 5.015812e+00
-5.041674e+00 1.122821e+01 5.510670e+00 7.456393e+00 1.088353e+01 5.310792e+00 5.213681e+00 4.923934e+00 -1.767585e+00 7.156090e+00 1.010573e+00 -5.488572e-01
-9.754925e+00 2.343781e+00 -2.118523e+00 2.216922e+00 3.993300e+00 5.996714e-01 -3.969306e+00 5.406920e+00 -4.163244e+00 6.218225e+00 1.768912e+00 5.482594e+00
-9.563099e+00 3.995056e+00 -2.783623e+00 -2.076725e+00 7.344361e+00 5.521529e+00 -2.442296e+00 4.854765e+00 1.908231e+00 1.026169e+01 3.283171e+00 5.542581e+00
-6.512877e+00 9.397596e+00 4.149897e+00 6.135205e+00 1.035007e+01 4.309930e+00 7.766608e+00 7.416497e+00 -3.784018e+00 8.736341e+00 3.356986e+00 6.447649e-01
-5.984727e+00 8.120382e+00 2.265929e+00 7.089864e+00 1.006668e+01 1.872048e+00 2.041014e+00 5.815249e+00 -6.785842e+00 2.751442e+00 4.243016e-02 -7.897308e-01
-7.305931e+00 7.598152e+00 2.171054e+00 -4.245546e-01 7.984198e+00 1.471251e+00 -1.189535e+00 6.347432e+00 1.668544e+00 1.177119e+01 3.858111e+00 5.650883e+00
-8.396654e+00 2.348534e+00 -4.659979e+00 2.491001e+00 6.981421e+00 -4.412972e+00 1.208867e+00 7.890836e+00 -3.220383e+00 7.938838e+00 5.878203e+00 7.103012e+00
-5.135948e+00 9.125518e+00 4.748865e+00 7.549790e+00 9.632822e+00 -1.301879e-01 4.643344e+00 5.296587e+00 -7.079482e-02 6.729991e+00 4.880070e+00 -4.442387e-01
-4.973343e+00 1.128988e+01 3.942190e+00 5.444741e+00 1.211169e+01 3.931702e+00 5.166879e+00 1.012612e+01 -3.880591e+00 4.023434e+00 9.606183e-01 6.087145e-01
-8.092049e+00 6.835453e+00 1.940521e+00 1.082502e+00 7.985347e+00 6.945590e-01 6.099191e-01 1.293018e+01 -7.499114e-01 1.020127e+01 4.400808e+00 7.026810e+00
-6.932390e+00 8.239804e+00 2.753379e+00 5.715232e+00 9.615690e+00 -5.068772e-01 2.810171e+00 7.614477e+00 1.811131e+00 1.271935e+01 8.840134e+00 5.404586e+00
-5.755815e+00 8.848835e+00 3.454834e+00 8.144661e+00 1.497095e+01 3.825150e+00 1.634805e+00 6.783004e+00 3.924353e-01 5.443103e+00 5.990864e+00 3.493193e+00
-7.597237e+00 4.920870e+00 -3.854530e+00 8.144729e-01 9.107128e+00 9.696168e-01 1.716646e+00 4.962681e+00 5.966392e-01 9.118620e+00 8.022741e+00 7.372008e+00
-6.761154e+00 7.113362e+00 2.089999e+00 3.653368e+00 7.163113e+00 7.176272e-01 3.424066e+00 2.695557e+00 -8.728529e+00 6.198741e+00 5.751119e+00 5.100059e+00
-6.649704e+00 5.643638e+00 2.355435e+00 5.134027e+00 9.713380e+00 9.843816e-01 -5.254039e-01 9.455514e-01 -1.280641e+00 5.798139e+00 7.236690e+00 4.585014e+00
-9.117569e+00 1.066745e+00 -1.217919e+00 2.565879e+00 3.866277e+00 -7.022366e+00 -2.308254e+00 9.185303e+00 -1.350385e+00 3.683587e+00 1.411358e+00 5.456346e+00
-8.222088e+00 3.488671e+00 -3.684664e-02 1.482300e+00 5.615621e+00 -1.064752e+00 4.333391e+00 7.900457e+00 -1.804027e+00 7.108990e+00 5.415644e+00 3.048492e+00
-7.851668e+00 5.455113e+00 -1.026236e+00 -8.385682e-02 5.458179e+00 3.607205e+00 3.297550e+00 8.490567e+00 5.252804e+00 1.517281e+01 7.831466e+00 6.198036e+00
-5.946188e+00 7.237869e+00 4.688195e+00 5.852468e+00 1.212229e+01 2.568246e+00 2.191431e+00 6.990123e+00 1.299150e+00 5.414402e+00 4.837513e+00 7.284955e+00
-9.116817e+00 5.495420e+00 2.993057e+00 2.718775e+00 7.083932e+00 2.530504e+00 3.046011e+00 1.001947e+01 -2.214255e+00 5.044802e+00 3.179541e-01 4.204592e+00
-1.019063e+01 2.819342e+00 1.158242e+00 2.731295e+00 4.439072e+00 3.970919e-01 -7.946705e-01 3.512473e+00 7.882453e+00 1.476554e+01 8.819789e+00 7.133134e+00
-9.612995e+00 3.112637e+00 -1.512437e+00 4.929957e-01 4.427562e+00 -2.781970e+00 -1.659181e+00 4.818544e+00 -4.032234e-01 7.985569e+00 6.245973e+00 5.771529e+00
-6.937108e+00 4.932014e+00 6.853861e-01 -6.095576e-02 1.893434e+00 -7.938792e+00 2.368237e+00 5.836444e+00 8.581474e-01 5.155701e+00 6.272028e+00 3.078878e+00
-8.861254e+00 2.535055e+00 7.615737e-01 4.760702e-01 -3.657970e-01 -5.194737e+00 -1.222991e+00 4.449167e+00 -4.283802e+00 1.673103e+00 2.833233e+00 -1.107444e+00
-5.783748e+00 6.975453e+00 3.339154e+00 3.917640e+00 7.822956e+00 -1.509507e+00 -5.425078e-01 7.183815e+00 1.715240e-01 7.673029e+00 7.242594e-01 -3.847082e+00
-8.273264e+00 6.409059e+00 2.897081e+00 2.766446e+00 8.068178e+00 -1.057075e+00 7.514945e-01 5.015272e+00 2.743243e+00 7.471681e+00 3.685219e+00 2.235492e+00
-1.002513e+01 2.780459e+00 1.095636e+00 2.832439e+00 5.609967e+00 -5.834893e+00 -7.368450e+00 1.854525e+00 -7.703357e-01 9.535240e+00 1.913775e+00 -7.798929e-01
-9.332172e+00 5.673108e+00 1.285369e-01 -4.321488e-01 4.322673e+00 2.918018e-01 2.112940e-02 5.033522e+00 1.787961e+00 1.191946e+01 2.467182e+00 1.383012e+00
