3.396498e+00 -1.787432e+01 -2.862974e+00 -5.256835e+00 -1.090627e+01 2.083413e+00 -6.701900e+00 4.756168e+00 4.248330e+00 -2.615047e+00 -4.431302e+00 -1.786313e+01
3.583725e+00 -1.856183e+01 -3.553179e+00 -3.332172e+00 -1.075380e+01 2.442958e+00 -3.106892e+00 3.370414e-01 9.433410e+00 -2.690088e+00 -1.807138e+00 -1.323651e+01
6.035017e+00 -1.570312e+01 -3.458936e+00 -5.384810e+00 -8.522065e+00 1.331574e+00 -4.077101e+00 6.054701e+00 4.984220e+00 4.390488e-01 -2.818033e+00 -1.544085e+01
7.765987e+00 -1.663311e+01 -3.498901e+00 -3.730440e+00 -9.614106e+00 3.369844e+00 -4.999335e+00 4.863184e+00 6.585740e+00 5.790324e-01 -4.319048e-02 -1.615306e+01
7.649754e+00 -1.562757e+01 -6.810961e+00 -3.275996e+00 -8.442485e+00 -1.355988e-01 -1.990535e+00 3.402853e-02 9.549221e+00 -1.988096e+00 7.725499e-01 -1.720437e+01
7.957324e+00 -1.505650e+01 -5.446023e+00 -3.609601e+00 -7.184516e+00 3.443091e-01 -2.050495e-02 -7.419779e-01 7.362705e+00 2.430650e+00 -6.288704e-01 -1.547709e+01
9.014370e+00 -1.340476e+01 -6.793446e+00 -1.900527e+00 -7.632682e+00 2.317190e+00 -2.093635e-01 -3.776371e-01 7.752733e+00 2.593775e-01 2.880173e+00 -1.477495e+01
8.885165e+00 -1.142200e+01 -9.015902e+00 -5.831611e-01 -7.484591e+00 -1.837018e-01 2.971094e+00 -5.587448e+00 1.192129e+01 -3.878011e+00 5.629235e+00 -1.447874e+01
9.214613e+00 -1.158199e+01 -8.328281e+00 2.689366e-01 -8.212581e+00 1.255162e+00 5.806749e-01 -2.171571e+00 7.762880e+00 2.080684e+00 2.880355e+00 -1.224531e+01
9.414871e+00 -1.221249e+01 -6.418020e+00 -1.407134e+00 -8.444845e+00 -1.874712e-01 1.916705e+00 -5.889240e+00 1.122768e+01 4.019861e-01 6.642949e+00 -9.867659e+00
9.734414e+00 -1.244144e+01 -5.813331e+00 -2.469214e+00 -7.535408e+00 -1.501668e+00 2.502626e+00 -6.091401e+00 9.370628e+00 3.444760e+00 3.719599e+00 -6.741114e+00
1.030225e+01 -1.274354e+01 -5.047439e+00 -1.960528e+00 -8.496471e+00 4.527309e-01 1.891421e+00 -6.232390e+00 1.063225e+01 3.139349e+00 6.329289e+00 -6.433582e+00
9.320536e+00 -1.033767e+01 -8.430027e+00 5.418671e-01 -7.873924e+00 8.151217e-01 1.683635e+00 -9.333665e-01 7.401005e+00 2.468374e+00 4.741697e+00 -1.144608e+01
9.491936e+00 -1.141285e+01 -7.668244e+00 -3.183751e-01 -8.269527e+00 -8.892834e-01 3.742477e+00 -6.272766e+00 1.181807e+01 6.823440e-01 3.266550e+00 -7.617822e+00
1.039420e+01 -1.217638e+01 -5.631988e+00 -1.421152e+00 -9.838269e+00 1.633136e+00 1.441047e+00 -6.664439e+00 9.648183e+00 3.911419e+00 5.832128e+00 -4.239082e+00
1.033905e+01 -1.186212e+01 -4.772749e+00 -2.140040e+00 -1.052450e+01 1.955216e+00 1.705980e+00 -8.234040e+00 1.106048e+01 1.311587e+00 8.730772e+00 -5.039000e+00
1.070037e+01 -1.206534e+01 -3.716277e+00 -2.882471e+00 -1.025632e+01 2.048601e+00 2.561586e+00 -8.512403e+00 9.741688e+00 2.289385e+00 8.206467e+00 -2.349336e+00
4.293428e+00 -1.640855e+01 -1.770057e+00 -3.475501e+00 -7.955397e+00 2.400977e+00 -1.045741e+00 4.305668e-01 7.238130e+00 -1.108264e+00 -1.352325e+00 -9.278906e+00
1.104616e+01 -1.184771e+01 -3.990839e+00 -2.010262e+00 -1.229778e+01 3.190175e+00 1.608677e+00 -8.387005e+00 9.920434e+00 7.791176e-01 9.020123e+00 -1.582801e+00
1.106752e+01 -1.094045e+01 -3.988209e+00 -2.498516e+00 -1.201254e+01 2.972383e+00 2.420353e+00 -8.153799e+00 8.056827e+00 4.739966e-01 8.188595e+00 1.600449e+00
1.141959e+01 -9.047939e+00 -3.613730e+00 -5.368475e+00 -8.844355e+00 2.785817e+00 1.341403e+00 -1.111379e+01 3.577497e+00 -3.181739e+00 1.191140e+01 6.618136e+00
1.075388e+01 -9.801834e+00 -3.414419e+00 -3.505087e+00 -1.104495e+01 1.339173e+00 4.064443e+00 -8.873585e+00 6.948988e+00 -1.565955e+00 9.488859e+00 2.789790e+00
1.039253e+01 -9.161478e+00 -3.610554e+00 -4.719635e+00 -8.803534e+00 1.416833e+00 3.917713e+00 -9.985445e+00 4.197760e+00 -1.292173e+00 1.076680e+01 3.572859e+00
1.166017e+01 -6.052457e+00 -4.499494e+00 -4.180993e+00 -1.247244e+01 4.742247e+00 -2.121051e+00 -8.846402e+00 3.203389e+00 -5.122314e+00 1.409684e+01 5.578008e+00
9.217432e+00 -2.243707e-01 -6.047868e+00 -6.211389e+00 -1.325072e+01 1.601030e+00 -3.047661e+00 -3.140304e+00 -7.329156e+00 -1.441448e+00 6.999874e+00 1.377414e+01
1.199148e+01 -4.631303e+00 -3.350654e+00 -5.373612e+00 -1.354950e+01 1.690340e+00 -1.597517e+00 -5.921114e+00 -3.046106e-01 -5.174706e+00 1.175878e+01 8.237401e+00
1.171359e+01 -2.250280e+00 -4.524198e+00 -7.476488e+00 -1.459553e+01 2.408155e+00 -2.383602e+00 -7.170629e+00 -3.195083e+00 -1.002063e+01 9.750546e+00 1.067510e+01
1.184590e+01 -1.774049e+00 -2.752325e+00 -7.474589e+00 -1.425230e+01 1.007321e-01 -3.014934e-01 -5.039909e+00 -4.006808e+00 -1.176224e+01 4.059721e+00 7.714373e+00
1.159091e+01 -1.224015e-01 -5.900959e+00 -8.609128e+00 -1.402315e+01 -6.170193e-01 -1.173349e+00 -6.157516e+00 -6.027629e+00 -1.562651e+01 1.639349e+00 5.873916e+00
1.269223e+01 1.093559e+00 -4.038052e+00 -7.563765e+00 -1.430856e+01 -2.822972e+00 -1.969042e-01 -5.747683e+00 -8.278129e+00 -1.186102e+01 -1.503137e+00 1.008608e+01
1.101755e+01 4.956731e+00 -6.398795e+00 -6.733768e+00 -1.612156e+01 -1.014948e+01 -4.277172e+00 -7.016943e+00 -1.192788e+01 -1.084487e+01 -3.902820e+00 5.115653e+00
1.025441e+01 9.182554e+00 -7.086468e+00 -5.137172e+00 -1.584025e+01 -9.617987e+00 -9.808571e-01 -1.854335e+00 -1.745097e+01 -1.152241e+01 -1.427249e+00 2.879047e+00
7.213407e+00 1.035063e+01 -3.664230e+00 -7.225756e+00 -9.916081e+00 -1.101278e+01 2.401041e+00 2.421103e+00 -1.292905e+01 -1.350636e+01 -1.578408e+00 -5.143223e+00
-2.702433e+00 -1.231858e+01 2.678722e+00 -3.288341e+00 1.047164e+00 -1.384270e+00 -9.617345e-01 8.449535e+00 5.098357e+00 -1.114851e+00 -4.899900e-01 -9.272810e+00
4.183767e+00 1.061966e+01 -3.152576e+00 1.295060e+00 -4.922605e+00 -1.148742e+01 -4.001193e-01 -3.403640e+00 -1.125431e+01 -1.821868e+01 -6.182903e+00 -1.717788e+01
3.063793e+00 1.016224e+01 1.155797e+00 3.096961e+00 -2.363788e+00 -7.134304e+00 -1.009070e+00 -2.145302e+00 -1.531782e+01 -1.981464e+01 -5.161793e+00 -1.254875e+01
2.647395e+00 9.552658e+00 3.419298e+00 1.651303e+00 6.820378e-01 -6.359890e+00 -7.158821e-01 1.064200e+00 -1.518852e+01 -1.355111e+01 -8.482553e+00 -9.984337e+00
1.364928e+00 9.262962e+00 3.119807e+00 3.485460e+00 -2.830856e+00 -8.653847e+00 1.640648e+00 3.058445e+00 -2.078810e+01 -1.901843e+01 -5.767514e+00 -1.103558e+01
1.137894e+00 7.308220e+00 4.179454e+00 7.282460e+00 3.669372e+00 -4.777849e+00 -1.742635e-01 -4.135180e+00 -1.584181e+01 -1.530974e+01 -4.651670e+00 -8.424004e+00
3.506875e-01 7.346083e+00 3.830634e+00 5.061802e+00 6.462015e+00 -3.294548e+00 -3.913736e+00 -6.791673e+00 -1.723943e+01 -1.376973e+01 -8.043936e+00 -7.175821e+00
-2.364450e-01 8.452522e+00 1.283262e+00 1.394254e+00 4.609307e+00 -4.665056e+00 -5.736166e+00 -3.944244e+00 -1.440390e+01 -1.576981e+01 -1.234708e+01 -1.371370e+01
-5.221744e-01 7.912602e+00 1.280200e+00 4.104391e+00 5.832819e+00 -1.605610e+00 -1.810069e+00 -5.284663e+00 -1.564426e+01 -1.223036e+01 -1.252628e+01 -1.399767e+01
-3.261433e-01 6.459059e+00 1.861924e+00 5.308476e+00 8.165028e+00 -4.935605e+00 -1.768235e+00 -2.725091e+00 -1.386079e+01 -1.316588e+01 -1.290610e+01 -9.911354e+00
-2.035346e+00 4.085345e+00 5.810933e-01 7.732828e-01 6.693270e+00 2.906205e+00 -6.321002e+00 -3.813858e+00 -1.645623e+01 -1.981121e+01 -1.663239e+01 -9.307808e+00
-7.957631e+00 -1.063858e+01 1.500886e+00 3.271308e+00 1.089248e+00 3.041170e+00 3.149682e+00 2.793512e+00 5.045796e+00 6.438543e+00 -5.113919e+00 -1.822343e-01
-2.505099e+00 3.110020e+00 2.891611e+00 3.912712e+00 9.003941e+00 3.823986e-01 -4.519341e+00 -2.954348e+00 -9.688980e+00 -1.329324e+01 -1.227809e+01 -5.931049e+00
-2.675272e+00 4.062311e+00 3.906710e+00 4.232253e+00 1.210509e+01 3.894773e+00 -6.663957e+00 -2.465080e+00 -1.189911e+01 -9.051719e+00 -9.924941e-01 -5.067954e-01
-1.415452e+01 6.330012e+00 1.706881e+00 6.562156e+00 -7.737660e-01 -8.835338e-01 1.996784e+00 5.795597e+00 -2.054201e+00 1.312163e+01 5.153310e-01 5.454476e+00
-3.959599e+00 2.126081e+00 1.294789e-01 2.025949e+00 8.369079e+00 1.922480e+00 -5.934255e+00 -1.511202e+00 -9.736275e+00 -9.835000e+00 -3.721967e+00 4.730565e+00
-1.399514e+01 5.431729e+00 1.101544e+00 6.300374e+00 5.669441e-01 -1.932228e+00 -1.976828e+00 3.718179e+00 3.328180e-01 1.004424e+01 -1.578823e+00 7.462934e+00
-3.467439e+00 3.355001e+00 2.652807e+00 2.261901e+00 1.192193e+01 -2.461303e+00 -9.379126e+00 1.006731e+00 -6.392329e+00 -8.672601e+00 -9.389189e+00 1.957974e+00
-2.830924e+00 3.048496e+00 7.359357e-01 -4.781306e-01 9.758035e+00 1.360617e+00 -4.044429e+00 5.965375e+00 -8.016527e+00 -4.483651e+00 3.569503e-01 2.512748e+00
-1.109054e+01 7.524869e-01 5.643597e+00 7.114193e+00 2.576022e+00 -5.154678e+00 3.649667e+00 2.560164e+00 1.692722e+00 1.426353e+01 -2.975583e+00 3.379672e+00
-3.320293e+00 6.527031e+00 4.780380e+00 2.310979e+00 1.581088e+01 3.303104e+00 -1.874159e+00 1.038590e+01 2.296101e+00 1.373696e-01 -2.012074e+00 2.969045e+00
-2.077143e+00 9.363075e+00 7.265499e+00 6.762866e+00 1.165923e+01 3.600224e+00 -9.853089e-01 6.367001e+00 1.477600e+00 6.025935e+00 4.278963e+00 4.761949e+00
-2.816293e+00 5.544199e+00 4.072863e+00 4.267612e+00 1.586601e+01 6.695779e+00 4.619927e+00 7.282424e+00 -1.528410e+00 2.767759e+00 1.634033e+00 6.322011e+00
-5.144169e+00 6.764281e+00 7.096113e+00 6.395496e+00 1.194277e+01 5.974922e+00 -1.639492e+00 8.094522e+00 3.990440e+00 9.745201e+00 2.444394e+00 9.963634e+00
-4.233819e+00 5.573200e+00 4.146018e+00 3.648395e+00 1.317850e+01 3.510708e+00 3.037318e+00 9.610258e+00 4.827476e+00 3.978623e+00 -4.810493e+00 2.848706e+00
-5.173527e+00 6.537740e+00 7.130697e-01 -2.776621e+00 2.767774e+00 -4.773682e+00 -3.066375e+00 3.161822e+00 -2.084527e+00 7.198652e+00 -2.445426e+00 7.050611e+00
-4.148738e+00 9.139177e+00 9.582668e+00 6.252882e+00 1.716093e+01 5.712205e+00 1.997479e+00 2.004650e+00 1.373689e+00 8.420084e+00 2.406938e+00 5.416377e+00
-1.100241e+01 2.401205e+00 8.316465e+00 6.673973e+00 3.871268e+00 -1.494924e+00 6.021461e+00 7.756746e+00 5.038344e+00 1.290622e+01 -3.409147e+00 1.730277e+00
-7.815746e+00 8.479910e+00 3.065834e+00 2.883725e+00 1.280092e+01 9.623386e+00 8.456336e+00 5.753748e+00 -1.526325e+00 7.004792e+00 1.787872e+00 1.004992e+01
-1.000530e+01 5.525139e+00 8.270957e-01 1.658019e+00 7.343422e+00 9.124291e-01 1.611277e+00 3.591073e+00 3.900423e+00 1.219398e+01 9.647422e-01 5.367646e+00
-1.070695e+01 7.539778e+00 3.690238e+00 -6.527486e-01 2.027636e+00 -1.102645e+00 4.012721e+00 6.153066e+00 5.436999e+00 1.361456e+01 6.576400e-01 7.257717e+00
-1.009166e+01 7.168881e+00 2.969405e+00 -1.637722e+00 5.593871e+00 9.610462e-01 -2.035281e+00 6.749530e+00 3.965372e+00 1.070711e+01 1.767809e+00 9.045969e+00
-5.960127e+00 9.560504e+00 3.825969e+00 6.103720e+00 1.859153e+01 6.310382e+00 -8.273575e-01 7.378814e-01 -3.151799e-01 1.760484e+00 -3.642083e+00 7.514825e+00
-1.088296e+01 7.144082e+00 2.543287e+00 1.970853e-01 7.056674e+00 -1.968289e+00 2.201488e+00 8.002212e+00 6.275447e+00 1.228141e+01 -1.674692e+00 5.441748e+00
-1.006090e+01 6.601572e+00 8.605285e-01 -4.585829e-01 5.385308e+00 3.100125e+00 3.943102e+00 5.165406e+00 4.372345e+00 1.025222e+01 -2.236851e+00 5.552073e+00
-1.045378e+01 6.001372e+00 5.333879e+00 1.014073e+00 2.653956e+00 6.601396e-01 4.966144e+00 6.484612e+00 3.930237e+00 1.579381e+01 -1.070266e+00 8.890225e+00
-5.129170e+00 7.187605e+00 4.470968e+00 9.699129e+00 1.555614e+01 5.320016e+00 1.619085e+00 1.921357e+00 1.282629e+00 5.143556e+00 -1.303330e+00 7.037681e+00
-4.166193e+00 6.813225e+00 7.000100e+00 5.861465e+00 1.574598e+01 6.222104e+00 1.126516e-01 5.896651e+00 3.944570e+00 8.902838e+00 -1.329056e+00 2.652532e+00
-1.173697e+01 4.672790e+00 2.502025e+00 -1.594293e+00 5.755878e+00 1.342238e+00 -7.933958e-01 3.641941e+00 -2.710718e-01 1.289370e+01 4.519303e-01 1.053464e+01
-6.817853e+00 4.890780e+00 4.314733e+00 5.536834e+00 1.533073e+01 6.328540e+00 8.696144e-01 1.234770e+00 3.331641e+00 3.370568e+00 -5.234050e+00 5.650734e+00
-7.199047e+00 7.588181e+00 4.815214e+00 5.784613e+00 1.481368e+01 6.692911e+00 -8.614857e-01 1.345825e+00 -1.936458e-01 5.231935e+00 8.893723e-01 4.312895e+00
-9.557566e+00 5.941371e+00 4.369196e+00 1.068762e+00 2.124171e+00 -5.558096e+00 9.247303e-01 5.040433e-01 7.766194e-01 9.205844e+00 -2.731370e+00 7.487170e+00
-1.197197e+01 4.864798e+00 1.955439e+00 -1.312992e+00 3.194154e+00 -1.867358e+00 2.710569e-01 -4.442763e-02 2.716942e+00 1.209895e+01 2.713439e+00 8.850157e+00
-1.126022e+01 5.517904e+00 2.702851e+00 4.516155e-01 4.050402e+00 -1.151352e+00 1.506695e+00 1.869432e+00 4.206692e+00 1.016984e+01 -1.562239e+00 9.879835e+00
-1.230274e+01 5.537619e+00 3.514562e+00 -1.437791e+00 1.815237e+00 -4.551318e+00 1.411044e+00 2.951427e+00 2.212692e+00 6.715644e+00 -1.160249e+00 8.003563e+00
-9.164125e+00 7.316334e+00 9.547453e-01 -1.929161e+00 4.045756e+00 -3.008349e+00 1.071421e+00 2.441696e+00 4.191268e+00 6.337371e+00 -8.628199e-01 1.126154e+01
-7.222065e+00 7.842132e+00 3.713037e+00 3.260029e+00 1.426854e+01 2.470149e+00 2.010612e+00 4.332278e+00 1.780532e+00 7.544508e-01 1.989166e+00 8.535172e+00
-1.064818e+01 5.864864e+00 4.572504e+00 -1.298319e+00 4.772791e+00 3.658819e-02 2.162678e+00 7.066395e+00 -1.651362e-01 9.781688e+00 2.628717e-01 7.215681e+00
-9.885004e+00 6.500310e+00 3.047066e+00 -3.750880e+00 5.083599e+00 -2.831991e-01 9.187975e-01 3.098055e+00 -3.201667e-01 6.228297e+00 -8.900738e-01 7.028561e+00
-1.313762e+01 3.696858e+00 3.591255e+00 -1.686940e+00 1.942231e+00 -5.071962e+00 1.149211e+00 2.162055e+00 2.227368e-01 1.139302e+01 4.705644e+00 1.468719e+01
-1.156751e+01 7.270129e+00 4.797474e+00 -2.372590e-01 5.410798e+00 -4.302485e+00 3.559528e+00 5.260541e+00 4.272317e+00 1.073758e+01 -3.078055e-02 1.244903e+01
