1.395915e-01 -1.111533e+00 -2.194237e-02 -2.241458e+00 -4.833456e-01 7.169780e-01 -1.428722e+00 -6.048446e-01 -2.813261e+00 5.946197e-01 -9.367299e-03 -5.044191e-01
-1.864660e+00 7.535512e-01 -5.821959e-01 -2.987918e+00 -7.436321e-01 -7.358800e-01 -2.120583e+00 1.341076e+00 -1.699418e+00 5.671965e-02 2.338690e+00 -4.530136e-01
1.143350e+00 -1.953133e+00 1.550376e+00 -6.353159e-01 1.169438e+00 1.431748e+00 -9.160045e-01 -2.761579e+00 -3.089463e+00 -2.446659e-01 -1.209186e+00 -1.137955e+00
-3.248205e+00 2.313034e+00 -8.882936e-01 -2.397412e+00 -2.015698e+00 -3.238104e+00 -9.039660e-01 2.856541e+00 -6.164270e-02 -1.121952e+00 1.985335e+00 7.505696e-01
1.378131e+00 -1.971014e+00 5.711633e-01 -2.752878e+00 -2.247360e+00 -4.061687e+00 -1.988260e+00 9.520572e-01 -1.246669e+00 7.722573e-01 -4.648847e+00 -2.330108e+00
1.077493e+00 -1.848185e+00 1.913290e+00 -2.621465e-01 1.681737e+00 1.546847e+00 8.136365e-01 -2.105041e+00 -1.217702e+00 -5.707399e-01 -5.760859e-01 -5.380371e-01
2.958991e+00 -1.813849e+00 2.762161e+00 -2.620117e+00 -1.560733e+00 -3.946183e+00 -2.251232e+00 1.019440e+00 -1.861334e+00 1.528142e+00 -6.083690e+00 -1.683703e+00
-2.185442e+00 1.139383e+00 6.506616e-01 -1.571573e+00 -7.926945e-02 -2.858660e+00 8.900751e-01 3.641827e+00 1.026802e+00 -1.758625e+00 -4.005194e-04 1.898102e-01
9.967817e-01 1.519907e+00 7.565829e-01 4.751495e-01 -8.445923e-01 6.461928e-01 4.500712e-01 -3.451846e-01 3.155247e-01 -9.397291e-01 1.789922e-01 1.341141e-01
1.525707e-01 9.335108e-02 9.463087e-01 1.073151e+00 -3.039084e-01 -4.648800e-02 -7.168984e-01 -1.434288e-01 8.423061e-01 4.493155e-01 9.211643e-01 1.046261e+00
-1.152433e+00 -4.667694e-01 -4.853724e-01 3.095547e-01 6.331403e-01 -7.809238e-01 -2.451924e-01 1.088942e-01 1.967100e+00 1.621315e-01 6.250032e-01 2.849293e-01
-1.734733e-01 -1.022811e+00 -1.047188e+00 -1.750242e-01 -1.396317e-01 -2.162634e+00 8.130337e-01 9.833363e-01 5.970474e-01 8.840424e-01 -2.233246e+00 -9.486263e-01
4.080810e-01 2.340848e-01 5.464336e-01 1.262900e+00 -9.969475e-01 9.529247e-02 -2.446129e+00 -1.024722e+00 7.162020e-01 -1.034102e+00 1.762187e+00 1.456838e+00
1.087321e+00 1.607424e+00 1.367488e-01 4.888067e-02 -6.502752e-01 -5.984739e-01 -6.256961e-01 3.050042e-01 1.554191e+00 1.923875e-01 9.487885e-01 1.782343e+00
2.493972e-01 2.504715e-01 9.428526e-01 1.696712e+00 9.827711e-01 -3.432062e-01 -7.733350e-01 7.609206e-01 2.096350e+00 5.700469e-02 3.066477e-01 7.494920e-01
-7.278343e-01 -2.393247e-01 -8.241079e-01 -1.820120e+00 -3.851138e-01 -9.681208e-01 -5.621589e-01 -3.770888e-01 9.646997e-01 5.213519e-01 8.865126e-01 4.287018e-01
-2.150931e-02 6.848851e-01 7.405734e-01 1.274039e+00 1.205234e+00 2.337279e-02 -9.091998e-03 4.438474e-01 6.296927e-01 4.920712e-01 1.855474e-01 -3.110134e-01
1.216319e-01 3.952646e-01 -4.486671e-01 4.735294e-01 -1.089254e+00 -7.944613e-01 -2.707253e+00 -3.305644e+00 3.792119e-01 -1.997376e+00 1.252779e+00 6.949883e-01
-4.636002e-03 -6.198300e-01 8.887919e-01 -5.184262e-01 -6.591700e-02 -2.055510e+00 6.323876e-01 1.493593e+00 1.984825e-02 -8.310655e-01 -3.653741e-01 5.772693e-01
9.978350e-02 1.478519e-01 9.571767e-02 9.088205e-01 5.959129e-02 -1.069446e+00 7.821978e-01 -2.938355e-01 9.398814e-01 4.620968e-01 3.378759e-01 4.449209e-01
-1.248093e+00 -8.177555e-01 -1.343317e-01 1.641256e+00 1.237911e+00 -1.257603e-02 3.832169e-01 1.133113e+00 1.495674e-01 -2.336126e+00 2.345492e-01 -7.231714e-01
-2.551512e-01 1.974297e-01 5.521829e-01 -4.307818e-02 -5.506899e-01 -1.225640e+00 -7.029319e-01 8.366171e-01 -2.119646e-01 -2.170057e-01 -1.304063e+00 -2.066058e+00
3.897821e-01 5.413713e-01 6.643009e-01 1.364473e+00 -2.991505e-01 1.021638e+00 2.069469e+00 -4.204187e-01 -9.025025e-01 3.850296e-01 4.063151e-01 -7.227954e-01
3.508072e-01 3.361447e-01 3.356884e-02 -3.693452e-01 -1.583523e+00 -1.443105e+00 -4.715590e-01 -4.851664e-01 -1.522944e+00 -1.801265e+00 -2.770057e+00 -1.170921e+00
-1.230368e-01 6.590479e-01 3.794045e-01 8.276073e-01 1.462768e+00 3.376597e-01 9.358209e-01 3.401600e-01 2.196281e-01 1.045974e+00 7.130022e-01 8.051927e-02
1.697507e-01 2.954609e-01 8.398930e-01 1.574384e+00 -5.704707e-02 4.512652e-01 1.539024e+00 -2.895465e-01 -1.389512e+00 -9.885281e-03 1.738040e-01 -7.016395e-01
-7.679638e-01 -2.111122e-01 -3.318434e-01 2.110472e-01 1.663130e+00 1.038965e+00 1.471092e+00 1.459188e+00 2.430114e+00 2.155894e+00 5.781581e-01 1.143136e+00
-4.763413e-01 -3.026479e-01 -1.214604e+00 -1.457968e-02 1.548597e+00 1.058971e+00 1.498388e+00 1.619384e+00 2.649412e+00 1.480837e+00 2.998226e-01 1.563323e+00
-3.513847e-01 -3.916535e-01 1.704792e+00 1.576617e+00 7.420623e-01 3.824876e-02 -1.376921e+00 1.146872e+00 1.227036e+00 1.213621e+00 4.124016e-01 6.458040e-01
4.374873e+00 -7.366643e-01 2.557364e+00 -1.508001e+00 -1.466147e+00 -3.606824e+00 -2.492600e+00 -1.209107e+00 -2.729353e+00 3.309293e-02 -5.734384e+00 -1.875050e+00
-4.528438e-01 -1.500951e-01 5.208892e-01 3.285839e-01 7.893283e-01 7.533604e-01 1.314978e+00 9.481189e-01 1.244162e+00 7.519748e-01 8.538516e-02 -2.926562e-01
4.923679e-01 7.168458e-01 -3.404035e-02 9.043284e-02 9.114429e-01 -2.390793e-01 -4.166563e-01 -3.344359e+00 1.648307e+00 -8.310497e-01 1.274335e+00 1.416185e+00
2.177893e-01 5.447369e-02 -6.457784e-01 3.687698e-01 -7.090731e-02 -1.887886e+00 1.357715e+00 -3.991724e-01 8.823541e-01 1.227760e-02 -3.480381e-01 -4.516296e-01
8.795319e-01 3.866903e-01 -1.064388e+00 -1.690857e+00 -1.206068e+00 -3.622005e-01 -2.731193e-01 1.589127e-01 7.115380e-02 -5.527671e-01 -1.162286e+00 -1.318373e-01
-1.098240e-01 -3.301175e-01 -3.080290e-01 -1.453050e+00 -5.390939e-01 1.908169e-02 -1.417987e-01 -1.262054e+00 1.898716e-01 2.138597e+00 1.179438e+00 7.812882e-01
-1.343856e-01 7.120582e-01 5.705348e-01 -8.351253e-01 -1.538481e+00 -1.369693e+00 -1.592927e-01 -8.176136e-02 -8.222632e-01 -4.057845e-01 -8.999664e-01 2.970901e-01
2.444446e-02 6.695712e-01 4.531373e-01 -7.568697e-01 -1.073784e+00 -7.013111e-01 -5.740033e-01 -9.010957e-01 -8.879632e-01 -1.783165e+00 -1.666529e+00 -1.764382e-01
-2.553131e-01 -1.205767e-01 7.602780e-01 4.426341e-01 2.918892e-02 -5.286839e-01 -5.428312e-01 1.104743e+00 -3.567435e-01 5.274869e-01 5.412521e-01 4.988357e-01
4.122849e-01 1.284211e-01 -7.878211e-01 -2.025093e+00 -1.788691e+00 -6.558763e-01 -4.175630e-01 2.134788e-01 1.749076e+00 2.672908e+00 9.965426e-01 1.852513e+00
3.537578e-01 4.486237e-02 -1.050322e+00 -1.367487e+00 -1.392555e+00 -3.071052e-01 -2.559168e-01 -1.253952e+00 3.805547e-01 1.103520e+00 -3.182462e-01 1.567828e-01
-3.934047e-01 1.509617e-01 1.074672e+00 5.743225e-02 -1.636478e+00 -1.072614e+00 7.175687e-01 -2.891535e-01 -6.379895e-01 -6.477451e-01 -5.146551e-01 1.120983e-01
-1.302518e+00 -8.552778e-01 6.459848e-01 1.892645e+00 2.662080e-01 -3.216223e-01 9.838505e-01 8.566117e-01 -7.228136e-01 -2.014751e+00 -6.538081e-01 -2.087564e-01
-3.840743e-01 1.999534e-01 -2.813984e-01 -3.205244e-01 7.882413e-01 1.327260e+00 1.597859e+00 1.322308e-01 -2.398375e+00 -7.572221e-01 2.358437e-03 -7.403126e-01
-8.262817e-01 -3.117382e-01 6.496514e-01 1.537504e+00 2.083061e+00 1.063734e+00 9.122106e-01 9.559723e-02 4.999552e-02 -9.012131e-02 9.111086e-01 1.677500e-01
-6.599448e-01 -4.053417e-01 5.086592e-01 5.930480e-01 9.994491e-01 1.393189e+00 3.740890e-01 -3.327300e-01 1.139088e+00 4.975806e-01 8.992662e-01 8.657827e-01
-7.842011e-01 -2.505608e-01 4.496828e-01 1.869902e+00 2.526205e+00 5.335541e-01 6.381723e-01 -3.006644e-01 -1.435667e+00 -6.606660e-01 4.150831e-01 -1.264762e-01
1.606426e-02 -1.346212e+00 -1.152282e+00 2.332810e-01 8.807878e-02 5.526334e-01 -1.072634e+00 -3.924763e-01 -7.698377e-01 -8.294541e-01 6.928500e-01 3.597155e-01
-2.605438e-01 -6.709377e-01 -3.698730e-01 -1.207348e+00 -8.057289e-01 3.701034e-01 -1.081689e+00 -1.137121e+00 -1.408906e+00 4.020477e-01 3.988131e-01 3.739053e-01
-5.244902e-01 -7.927160e-01 1.531744e-01 1.103833e+00 -5.041005e-01 -3.314938e-01 4.405433e-01 8.988938e-01 3.369331e-01 1.073961e+00 5.015423e-01 9.121992e-02
-7.244110e-03 -5.847758e-01 -2.887639e-01 3.858805e-02 -5.152502e-01 -1.203803e+00 -4.745906e-01 -4.827626e-01 -8.485554e-01 -1.487691e+00 -4.883146e-03 2.634119e-01
1.907616e-02 -3.727221e-01 -1.103079e+00 -1.599961e+00 -1.633469e+00 2.991007e-01 3.507458e-01 -1.071773e+00 1.259591e+00 3.909168e-01 -3.736698e-01 7.763103e-01
-1.041467e-01 -5.997658e-02 -3.364343e-01 -5.085143e-01 4.551255e-02 -1.095227e+00 -8.080214e-01 1.911725e-01 -4.107448e-01 1.468588e+00 5.083698e-01 1.000096e+00
-1.729418e-01 -1.433398e+00 -1.399571e+00 -1.037900e+00 -1.026702e+00 4.425020e-01 -1.438200e+00 9.207034e-02 -1.388855e+00 5.123074e-02 1.213367e+00 2.790515e-01
7.076079e-01 4.777251e-01 -2.900174e-01 -4.293929e-01 1.827111e+00 2.588928e-01 7.287876e-01 -2.310412e+00 1.811406e+00 -7.891980e-01 5.472851e-01 6.903750e-01
-6.447896e-01 -2.459171e-01 -1.373103e-01 -8.437745e-01 -6.727849e-01 9.349130e-01 7.496423e-01 -2.486767e-01 -2.090077e+00 -7.882098e-01 -1.765299e+00 -1.522865e+00
2.665791e-01 -5.740571e-01 -3.703009e-01 -1.282769e+00 -1.430219e+00 6.997951e-01 6.736147e-01 9.305533e-02 5.206150e-01 1.600785e+00 1.366848e+00 1.387331e+00
8.982860e-01 3.795795e-01 -5.967728e-01 -3.592963e-01 1.987438e+00 1.227255e+00 1.184377e+00 -1.241490e+00 1.981450e+00 -5.806314e-01 -2.090207e-01 -1.585002e-01
6.737132e-01 2.574040e+00 -5.151358e-01 -1.504471e+00 3.845942e-02 2.735101e+00 1.829672e+00 -1.869243e+00 -3.425709e+00 9.929790e-02 4.205560e+00 6.516409e-01
5.337259e-01 6.374182e-01 -1.507334e+00 9.846104e-01 8.726110e-02 2.491093e+00 -6.963472e-01 -3.956574e-01 1.197400e+00 -2.718087e-01 -7.671739e-01 -2.283697e+00
6.851628e-01 1.005796e+00 -1.221213e+00 1.458924e+00 5.545292e-01 3.172623e+00 -7.653235e-01 -2.514595e-01 1.447087e+00 9.168981e-01 -6.677504e-02 -2.147424e+00
1.096080e+00 6.236633e-01 -6.321943e-01 1.059997e+00 1.412258e+00 3.044820e+00 6.620634e-01 7.567475e-01 1.754431e+00 8.500586e-01 -4.393652e-01 -4.268498e-01
-1.558426e-01 2.757669e+00 -5.547001e-02 -1.477402e+00 -9.518337e-02 1.943657e+00 2.143502e+00 3.760662e-01 -4.169975e+00 4.331447e-01 2.042668e+00 2.142801e+00
2.209556e+00 -1.092866e+00 9.134715e-02 4.748865e-01 -9.434599e-01 -1.117719e+00 1.053993e-01 -1.103329e-01 -5.386369e-01 -5.185703e-01 -3.296468e-01 8.835179e-01
8.409360e-01 8.542539e-01 -1.155892e+00 7.058767e-01 5.633034e-01 2.669705e+00 -5.906700e-01 -7.565678e-01 3.663186e-01 5.141451e-01 8.880409e-01 -2.504042e+00
8.307480e-01 1.943094e+00 -1.089586e+00 -3.382888e-01 3.616950e-01 3.067739e+00 6.878979e-01 -1.524860e+00 -2.167198e+00 2.583005e-01 3.543704e+00 -5.211074e-01
6.469860e-02 2.285653e+00 3.161811e-01 -1.187490e+00 -8.788681e-01 1.891882e+00 3.338118e+00 1.087745e+00 -2.803929e+00 -1.017256e+00 -5.796405e-01 2.720274e+00
8.468767e-01 1.146219e+00 -1.245347e+00 2.112818e-01 7.124992e-01 2.382967e+00 1.070129e-01 -1.588747e+00 -2.559794e-01 -2.378912e-01 1.891186e+00 -1.712924e+00
1.395962e+00 4.204148e-01 -1.266980e-01 7.094690e-01 -4.543455e-02 -1.221971e+00 -1.660161e+00 1.840976e-01 2.694726e+00 -1.377026e-01 1.654378e+00 3.193506e+00
-3.503479e+00 -1.852035e-01 -6.483072e-01 -4.874206e-01 1.829272e+00 -4.886009e-01 2.268706e-01 2.660535e+00 1.640632e+00 1.734091e+00 3.829985e-01 -1.458616e+00
-3.613185e-01 1.493373e+00 5.739023e-01 4.926613e-01 -1.231964e+00 2.071278e+00 3.916564e+00 1.131428e+00 -1.075770e+00 -1.158402e+00 -3.457006e+00 1.142948e+00
4.836884e+00 -1.185054e-01 1.517256e+00 -1.726218e-01 -1.425889e+00 -1.964683e+00 -1.905055e+00 -3.246311e+00 -2.657340e+00 -9.059334e-01 -2.053031e+00 -1.405504e+00
-5.308232e-01 7.595834e-01 -9.354247e-02 2.395354e+00 -6.404119e-01 2.381356e+00 2.298194e+00 6.118730e-01 6.890393e-01 -1.675064e+00 -3.184763e+00 -2.694045e-01
8.342127e-01 -1.258369e-01 -5.157502e-01 1.393334e+00 6.049612e-01 -1.889221e+00 -1.702381e+00 9.247587e-01 3.357857e+00 7.078439e-01 1.931672e+00 2.598875e+00
-2.699860e+00 -1.386631e+00 6.916484e-01 1.074065e+00 2.542163e+00 -1.206467e-02 -1.462455e-01 2.759185e+00 8.838967e-01 1.724260e-01 -3.315870e-01 -1.181611e+00
-1.204398e+00 -9.517629e-01 1.440372e+00 2.462769e+00 1.931823e-01 1.750222e+00 1.531841e+00 1.667326e+00 6.943020e-01 -1.570374e+00 -2.047833e+00 -1.464900e+00
-2.360785e+00 -2.315300e+00 1.967825e+00 1.751187e+00 1.407469e+00 -5.822120e-02 6.181930e-01 3.186693e+00 -1.288984e-01 -6.865250e-01 -1.491253e+00 -1.704817e+00
-1.789392e+00 9.790333e-01 -2.491416e+00 -3.229072e-02 1.490183e+00 -3.019218e-01 -7.446190e-01 1.792539e-01 3.166785e+00 2.483143e+00 1.908327e+00 -3.180129e-01
3.219926e+00 -3.876689e-01 2.301942e-01 1.059433e+00 -3.230238e-02 -4.684895e-01 -6.300024e-01 -1.327657e+00 -1.245475e+00 -1.388666e-01 1.132062e-01 2.440250e-03
-6.498287e-01 5.268803e-01 -1.817758e+00 1.315073e+00 1.518669e+00 -1.480783e+00 -1.087321e+00 2.726890e-01 3.430694e+00 2.686100e+00 2.347631e+00 1.617448e+00
