5.139738e+00 -1.710840e+00 -1.781220e+00 -6.526919e+00 1.283445e+00 -4.484601e-01 6.340719e-01 -1.548416e+00 -6.767699e-01 4.416424e-01 -4.038297e+00 -3.799832e-01
4.417770e+00 -1.642362e+00 -8.532486e-01 -8.459411e+00 3.801497e-01 -1.034621e-01 -1.178314e-01 -4.479253e+00 -2.501931e+00 -2.482490e-01 -6.256732e+00 -9.023423e-01
3.636068e+00 -2.709913e+00 -2.101896e+00 -1.885986e+00 1.451282e+00 -1.132874e+00 6.745665e-01 2.212173e-01 1.582612e-01 -1.004271e+00 -1.232107e+00 -1.877212e+00
2.128939e+00 -1.879200e-01 6.962617e-01 -7.341343e+00 -3.024530e-01 1.003686e+00 -7.032304e-01 -6.162280e+00 -3.246805e+00 -1.471388e+00 -4.813944e+00 9.385460e-01
1.726437e+00 -2.151202e+00 -8.603269e-01 -6.840929e-01 5.418067e-01 -7.752597e-01 2.071908e-01 1.024965e+00 2.231278e-01 -4.318932e-01 9.136451e-01 -8.567320e-01
-6.174878e+00 -2.104098e+00 -1.720817e+00 -1.336019e+00 9.666510e-01 2.456039e+00 6.033531e-01 1.999062e+00 6.456683e-01 3.517763e-01 3.071611e+00 4.897086e+00
-2.646648e+00 -1.101990e+00 -6.762065e-01 -1.924682e+00 -1.951387e+00 -1.886513e-01 -9.998253e-01 4.803486e-02 3.774179e-01 1.834545e+00 2.082688e+00 1.888019e+00
4.761488e-01 -3.346793e-01 -1.079470e+00 -3.981370e+00 4.325115e-01 9.569379e-01 1.704760e-02 -3.402133e+00 -2.601647e+00 -1.638925e+00 -2.921016e+00 9.736727e-01
4.440418e-01 -5.633310e-01 5.530033e-01 5.246146e-01 -1.267521e+00 -1.323473e+00 -1.030189e+00 -3.068933e-01 -6.953597e-03 2.229130e-01 1.176425e+00 -5.130544e-02
-7.079822e+00 -2.331293e+00 -1.819878e+00 1.870056e+00 3.965702e+00 4.210946e+00 7.201010e-01 3.738864e+00 3.102413e+00 6.463307e-01 4.173918e+00 4.961143e+00
2.252109e-01 -7.726644e-01 -1.211338e-01 1.719344e-02 -1.627144e+00 -1.704370e+00 -1.149546e+00 7.176133e-02 -3.869244e-01 1.550467e-01 1.052115e-01 -3.493861e-01
2.379375e-01 2.229051e-01 -2.668585e-01 -1.657655e+00 -6.482985e-01 1.677567e+00 1.770729e+00 7.804365e-02 -1.128352e+00 -8.476313e-01 -8.081563e-01 -5.913273e-01
8.322830e-02 -2.714905e-01 3.575044e-02 -6.400522e-01 -8.043729e-01 1.853005e-01 3.873957e-01 1.211008e+00 -6.428614e-02 2.582689e-01 9.021507e-02 2.358924e-01
-1.864075e-01 -6.561154e-01 -1.472564e+00 1.223768e-01 -7.775096e-01 -2.510321e-01 -1.250260e+00 -1.867823e+00 -2.068661e+00 -2.488328e+00 -1.852977e+00 -8.739142e-02
1.462623e-01 2.942894e-01 1.100051e+00 2.567369e-01 5.138499e-01 -4.779493e-01 3.414356e-01 1.342151e+00 1.405704e+00 -3.655237e-01 9.892131e-01 1.076541e+00
9.306667e-01 6.889604e-01 2.510194e-01 3.323587e-01 -6.551329e-01 -1.006646e+00 -1.304771e+00 3.184014e-01 -1.248152e-01 8.298586e-02 -8.666816e-01 -7.871997e-01
-3.102779e-03 7.436656e-01 9.766318e-01 1.536116e+00 7.507635e-01 1.265634e+00 1.599535e+00 -2.627545e-01 -6.105320e-01 -1.551868e+00 -9.135858e-01 -5.736395e-01
6.432195e-01 3.935931e-01 5.866231e-01 5.661715e-01 -2.485794e-01 -1.127888e+00 -1.362359e+00 8.911002e-01 7.575391e-01 3.057814e-01 -1.451535e+00 -1.390670e+00
4.549112e-01 -2.825785e-02 8.019940e-01 -1.792650e+00 -2.281994e+00 -6.850927e-01 -1.883020e+00 -2.589794e+00 -7.814444e-01 3.627393e+00 9.928694e-01 -1.538642e+00
2.051315e-01 3.941382e-01 1.165445e+00 1.520326e-01 3.920465e-02 -1.670378e+00 -8.638221e-01 2.249163e+00 1.709700e+00 -8.777367e-01 7.401338e-01 4.404783e-02
8.817557e-01 1.008630e+00 1.100720e-01 1.132820e-01 -7.438946e-01 -4.625420e-01 -1.394389e+00 -5.163370e-01 6.263018e-02 6.655304e-02 -3.736344e-01 -5.118628e-01
5.649780e-01 1.560812e+00 1.294975e+00 5.410820e-01 -1.232044e+00 -1.144744e+00 -8.448412e-01 5.404575e-02 1.716323e-01 -2.067513e+00 -2.890781e-01 -1.636610e-01
4.023576e-02 1.881627e+00 2.074401e+00 1.069248e-01 -1.017947e+00 -7.119809e-01 3.888004e-01 -1.502643e-01 -4.359915e-01 -2.139796e+00 -1.334070e+00 -5.362043e-01
1.852631e-01 -9.090022e-02 1.734389e-01 -1.435576e+00 -3.724393e-01 1.952946e+00 1.442160e+00 -5.926467e-01 -1.021013e+00 -1.233397e+00 -5.287068e-01 -2.481676e-01
-1.494875e-01 -7.075532e-01 -1.015373e+00 1.399855e-01 8.246481e-01 -1.850674e+00 -1.865054e+00 -8.790182e-01 3.750173e-01 1.224935e+00 4.124232e-01 1.980723e+00
-1.447392e-01 -5.564576e-01 -5.183990e-01 4.759057e-01 9.718437e-01 -2.052073e+00 -1.689813e+00 -2.024282e-01 3.611611e-01 1.210435e+00 6.584696e-01 1.990681e+00
9.364109e-02 -6.019190e-01 -2.630560e-01 -1.040473e-01 4.102332e-01 -3.522057e-02 -2.210315e-01 -9.020611e-01 3.131508e-01 5.789963e-01 -1.926510e-01 9.358077e-01
-1.023761e-01 3.001423e-01 -2.179278e-01 5.682067e-01 6.752264e-01 1.384361e+00 6.935693e-01 -8.656791e-01 -9.103689e-01 -5.137435e-01 -1.110474e+00 -8.640998e-01
-2.832654e-01 -1.866693e-01 1.214861e+00 1.018120e+00 2.063576e+00 1.007942e+00 4.197856e-01 8.479382e-01 8.086511e-01 1.980987e+00 1.895556e+00 3.789381e-01
-8.793041e-01 -5.033739e-01 6.333464e-01 -6.213007e-01 1.282962e+00 -1.374016e+00 3.423635e-01 -1.122445e+00 -6.252083e-01 -1.198198e-01 1.102064e+00 -1.282899e+00
4.864120e-01 7.126539e-01 -4.785953e-01 -1.045775e+00 -5.836200e-01 -1.126375e+00 -2.635055e+00 -1.050686e+00 -2.018933e-01 -3.045855e-02 7.777813e-01 2.931741e-01
3.646137e-01 5.299684e-01 4.620455e-01 -7.861320e-01 -9.606291e-01 -2.247865e+00 -1.726601e+00 2.885931e-01 1.647905e+00 8.888828e-01 1.352340e+00 1.315065e+00
7.566132e-02 4.143557e-01 3.097195e-01 7.644388e-01 -5.307949e-01 -1.197768e+00 -7.788188e-01 1.834534e-01 -3.569930e-01 -1.646131e+00 1.736657e-01 1.180725e+00
8.734379e-02 -1.951371e-01 2.161045e-01 -6.098846e-01 -7.887219e-01 -9.932814e-02 1.191455e+00 5.717019e-01 -3.340843e-01 5.472054e-01 -3.326060e-01 5.521286e-01
-7.968652e-03 8.018589e-03 1.238786e+00 1.650666e+00 2.224680e+00 2.016612e+00 -1.257218e-01 1.445275e+00 1.360717e+00 2.188878e+00 2.459120e+00 8.979479e-01
-7.759742e-02 -6.023223e-01 -6.087322e-02 -1.074818e+00 -5.918404e-01 -1.349899e-01 1.739715e-01 1.987356e-01 3.370104e-01 1.348908e+00 1.109295e-01 6.218931e-01
3.294944e-01 2.705956e-01 -1.089340e+00 -2.058806e-01 -1.841636e+00 -5.096935e-01 -8.965284e-01 -1.423008e+00 -2.470387e+00 -1.702096e+00 -1.187926e+00 -4.859274e-01
-5.658538e-01 1.584885e+00 2.186880e+00 3.924823e-01 -1.973813e-01 4.292662e-02 5.603529e-01 -4.515249e-01 3.220467e-01 9.781049e-02 8.419386e-01 1.164679e+00
-5.558357e-01 -4.871536e-01 3.546238e-03 3.552671e-01 6.498856e-01 -1.446203e+00 3.871656e-03 -1.175561e+00 -1.214992e-01 -5.990392e-01 4.813368e-01 -1.419406e+00
6.074638e-02 1.184940e-03 -4.120318e-01 -2.657177e-01 -7.747453e-01 1.457473e-01 1.380608e+00 6.701440e-01 -1.274888e-01 1.258494e+00 -1.040916e+00 -7.368935e-01
1.532493e-01 -1.597605e-02 1.380237e+00 1.123857e+00 6.905910e-01 2.849551e+00 -4.091259e-01 3.132212e-01 1.374896e+00 1.872418e+00 1.275935e+00 4.991685e-01
5.144212e-01 4.944540e-01 3.987751e-02 6.987427e-01 -7.334164e-01 1.856727e+00 -8.421226e-01 2.419037e-01 -3.366794e-01 7.334530e-01 6.197701e-02 -2.293501e-02
-6.316265e-02 -7.053511e-01 -3.628182e-01 5.622870e-01 3.182628e-01 -1.375115e+00 -2.482631e-01 -1.371435e+00 2.907978e-01 -1.201269e+00 1.130028e-01 -1.464132e+00
-6.661159e-01 -4.922938e-01 9.739371e-02 5.005382e-01 5.458692e-01 6.071960e-01 1.170296e-01 -1.093746e+00 -1.031143e+00 5.778143e-01 6.810160e-01 -1.247123e-01
-8.397005e-01 -6.685612e-01 -2.815113e-02 7.352799e-01 2.317287e-01 -8.110144e-01 1.709624e+00 1.277594e+00 -1.706281e+00 -7.770783e-01 -6.105417e-01 5.386665e-01
3.574989e-01 -8.053877e-01 -3.997861e-01 7.908484e-01 -8.261175e-02 -7.346233e-01 -8.780807e-01 -5.289940e-01 1.118612e-01 -1.296924e+00 -4.939575e-01 -5.394121e-01
-3.267151e-01 -1.209858e-01 8.473853e-01 1.034129e+00 -3.786349e-01 -1.836971e+00 1.127917e+00 2.213692e+00 -1.189546e+00 -1.414252e+00 -4.468805e-01 -5.352753e-01
-3.828744e-01 4.463292e-01 5.321896e-01 7.109033e-01 1.101919e-01 -1.525332e+00 3.145159e-01 2.605477e+00 1.372229e-01 -2.059666e+00 3.775461e-01 -5.470566e-01
-6.318197e-01 9.583614e-01 1.071133e+00 4.301015e-01 -4.684995e-01 1.471524e-01 1.281091e+00 -2.468268e-01 -1.599272e+00 8.853197e-01 -6.899893e-01 -6.115631e-01
-1.164407e+00 2.241118e-01 9.010389e-01 8.896534e-01 1.052038e+00 8.107315e-01 1.065119e+00 3.869855e-01 -5.056698e-01 6.596382e-01 6.738629e-01 -3.981602e-01
5.396393e-01 2.494312e+00 1.815863e+00 2.044011e+00 5.074664e-01 1.630029e+00 3.405165e-01 -9.716498e-01 -2.692957e-02 1.618607e+00 4.712465e-02 -3.463835e-01
-9.106845e-01 9.640570e-02 1.626930e-01 -3.105728e-01 -4.916299e-01 -3.464888e-01 1.668652e+00 1.106189e+00 -1.442316e+00 8.430687e-01 -3.039277e-01 2.589927e-01
-1.268912e+00 -4.413870e-01 3.699458e-01 1.324177e+00 2.001658e+00 1.396432e+00 2.866268e-04 -9.761772e-01 -6.624126e-01 8.350189e-01 1.304304e+00 6.704611e-01
-2.594260e-01 3.221442e-01 -5.206540e-01 1.622335e+00 -1.223096e+00 -6.965059e-01 7.614903e-01 -6.558012e-01 1.132075e+00 -2.664707e+00 1.799019e+00 -1.062580e+00
1.232581e+00 -4.242952e-01 8.449471e-03 -1.092021e+00 -1.126251e+00 2.970737e-01 -7.275263e-01 -2.466110e+00 9.602253e-01 2.636832e+00 -1.462597e+00 -2.668074e+00
7.314937e-02 1.068579e+00 1.992960e+00 -6.426808e-01 -2.811718e+00 -9.327105e-01 3.420370e-01 1.693196e+00 8.401494e-02 5.729578e-01 3.908680e-01 1.218965e+00
-3.195857e-01 -1.703826e-01 2.148672e-01 1.667433e+00 -6.433887e-01 -1.915419e+00 1.788124e+00 -8.969158e-01 8.790137e-01 -1.439969e+00 9.094103e-01 -8.123446e-01
2.010511e-01 1.590165e+00 1.457075e+00 -7.268956e-01 -2.685694e+00 -6.106972e-01 -4.640279e-01 5.043924e-01 2.610200e-01 1.648822e+00 1.372890e+00 9.665797e-01
8.667110e-01 -1.032906e-01 -1.805038e-01 1.392812e+00 3.635757e-01 3.129481e-01 2.379614e-01 1.017130e-01 8.843030e-01 4.718338e-01 -8.899767e-01 4.433154e-01
-2.437603e-01 -3.954778e-01 1.091029e+00 1.425136e+00 -7.059125e-01 -2.043968e+00 1.888492e+00 8.318722e-01 -6.354287e-01 -1.003606e+00 -9.525127e-01 5.539894e-03
-4.999964e-01 7.131497e-01 9.801413e-01 6.667446e-01 3.321332e-02 -2.051510e+00 -5.710344e-02 2.935831e+00 9.003775e-01 -1.941936e+00 6.182824e-01 -6.731914e-01
-2.699277e-01 -4.050168e-01 1.018955e+00 1.389356e+00 -8.185416e-01 -2.191324e+00 2.323585e+00 -5.011702e-01 1.784722e-01 -9.026328e-01 -5.074219e-01 2.311635e-02
1.839175e+00 4.986258e-01 5.549020e-01 7.866750e-02 2.812664e-01 -1.340480e-01 -1.517795e-01 -1.208598e+00 1.738484e+00 3.351664e-01 -1.376621e+00 -1.940217e+00
9.366812e-02 1.184532e+00 1.855699e+00 -5.017846e-01 -2.419934e+00 -7.529254e-01 5.303669e-01 2.935284e+00 -5.012808e-01 8.090132e-01 -2.116914e-01 1.178524e+00
7.400708e-01 6.503893e-01 -1.100115e-01 1.211281e+00 4.353568e-01 9.561127e-01 7.196711e-01 -9.886933e-03 1.984139e+00 3.524781e-01 -1.077479e+00 6.464986e-01
-6.031173e-01 1.058109e+00 1.753269e+00 1.011243e-01 -1.604317e+00 -1.661714e+00 6.249639e-01 2.906427e+00 -3.060876e-01 -1.265038e+00 1.064360e-01 -2.420376e-01
1.446795e-01 1.036412e+00 -7.040967e-01 1.909698e+00 -7.790619e-01 3.677166e-01 5.143434e-01 7.170086e-02 1.352982e+00 -1.234354e+00 1.361069e+00 -1.276489e+00
3.646122e-01 1.564246e+00 5.742277e-01 2.880964e-01 -1.870461e+00 -1.466229e+00 -2.518861e+00 -5.477639e-01 -7.026648e-01 1.545001e+00 9.399775e-01 7.288204e-01
3.371522e-01 1.090194e+00 -6.202505e-01 2.054503e+00 -5.334119e-01 7.408840e-01 7.111316e-01 3.635807e-02 1.550213e+00 -2.216915e-01 -7.710953e-02 -5.910310e-01
2.160564e+00 7.795233e-01 2.001853e-02 -6.041819e-01 3.845452e-01 -4.817977e-02 6.671473e-01 -6.827601e-01 -5.052573e-01 -1.615108e+00 -9.371230e-01 -1.403886e+00
-5.271160e+00 -1.605159e+00 -1.623022e+00 3.852429e+00 5.212613e+00 4.121014e+00 -7.811867e-01 2.418975e+00 1.944849e+00 3.195539e-01 1.676465e+00 2.429699e+00
7.259709e-02 1.311413e+00 3.148647e-01 2.246153e+00 -7.026696e-01 -1.073590e+00 -3.349524e+00 -5.890337e-01 -1.331598e+00 1.355961e+00 2.766008e-01 -1.248078e+00
6.142435e-02 -1.026393e+00 -1.323628e+00 -1.419412e+00 1.703309e+00 9.771246e-01 4.705763e-01 7.723144e-01 -1.251828e+00 2.842731e+00 -9.134403e-01 5.468572e-01
9.168764e-01 -6.719422e-01 -1.478172e+00 -1.505856e+00 2.192877e+00 4.191362e-01 1.661121e+00 1.618404e+00 -1.991531e+00 8.810778e-01 1.181565e-01 6.439785e-01
2.339622e+00 4.026314e+00 7.139324e-01 2.970758e+00 3.665040e-01 1.370901e+00 -1.289230e+00 -1.095766e+00 2.413200e+00 2.310853e-01 1.547866e+00 -5.452912e-01
2.072701e+00 -2.523184e-02 -6.868845e-01 3.637699e-01 1.389418e+00 -8.350444e-02 1.938655e+00 2.180488e+00 -6.018576e-01 -1.098500e+00 5.032279e-02 -1.661443e-01
9.807259e-01 1.273425e+00 -7.850111e-01 -1.263821e-01 1.710674e+00 2.417527e-01 -2.060427e+00 -1.070809e-01 1.570936e+00 1.047372e+00 -9.577061e-01 -5.458760e-01
-1.651839e+00 4.852274e-01 8.051229e-02 3.978915e+00 2.458271e+00 1.522327e+00 -2.683426e+00 7.649040e-01 -1.867483e+00 2.510956e+00 9.573529e-01 -5.240420e-01
2.150129e+00 3.566453e+00 -4.252452e-01 1.416768e+00 1.482097e+00 1.119233e+00 -2.142198e+00 -1.293904e+00 2.884874e+00 -2.947514e-01 1.353732e-01 -1.140692e+00
3.011164e+00 4.068655e+00 2.367850e-01 4.517025e+00 1.384355e+00 1.484570e+00 -1.298508e+00 -5.772288e-01 4.271463e+00 -6.587850e-01 1.359431e+00 -1.080575e+00
