4.847794e+00 -3.212377e+00 1.459301e+00 2.421232e+00 -4.775623e+00 5.237200e-01 1.038067e+00 -3.624997e+00 -9.102830e-01 -1.426100e+00 7.577285e-01 1.615127e+00
3.383152e+00 -3.769360e+00 5.586635e-01 1.222017e+00 -6.806931e+00 -5.408856e-01 -8.862038e-01 -3.342318e+00 -1.430982e-01 -6.874468e-01 1.648047e+00 9.635606e-01
4.651190e+00 -9.018973e-01 2.790749e+00 3.076428e+00 -1.773894e+00 1.352107e+00 1.543602e+00 -3.032588e+00 -2.508741e+00 -1.841443e+00 -6.508583e-01 9.977365e-01
-2.201026e-01 -1.723592e+00 2.301836e+00 -3.223936e+00 1.643829e+00 9.008906e-02 -2.455286e+00 2.236416e+00 2.641653e-01 -1.883384e+00 1.228043e-01 -2.681723e-01
1.396870e+00 -2.834724e+00 -3.819153e-01 -8.597312e-01 -5.983157e+00 -7.776979e-01 -7.771009e-01 -1.269232e+00 2.733397e+00 6.632317e-01 1.488020e+00 -3.599129e-01
-2.371995e+00 2.914419e+00 1.977222e-01 6.000227e-01 -1.011927e-02 2.505265e+00 -6.076099e-01 -7.717627e-01 8.815870e-01 5.406907e-01 7.069493e-01 -3.953149e-01
5.879065e-01 -3.097010e+00 2.401851e+00 -3.094279e+00 5.044032e-01 5.593886e-01 -1.837893e+00 1.107919e+00 -2.867205e-01 -1.012260e+00 5.384299e-01 -4.672109e-01
-3.776588e-01 -7.171726e-01 2.501195e-01 -1.558570e+00 2.114985e+00 6.524174e-01 -1.350898e+00 2.437950e+00 8.759223e-01 5.396178e-01 3.953969e-02 -1.158032e+00
2.684860e+00 1.099016e+00 2.834288e+00 3.397907e+00 5.943934e-01 2.581130e+00 2.981792e+00 1.322359e-01 -1.810710e+00 -2.632370e+00 -1.807843e+00 -8.092319e-01
-1.400916e+00 2.414502e+00 8.454887e-01 -2.062860e-01 -1.104187e+00 7.466069e-01 -9.019513e-01 -3.425053e-01 6.604427e-01 1.734939e+00 5.824332e-01 3.468054e-01
5.498188e-01 -1.446156e-01 -4.270395e-01 -2.848630e+00 -3.134813e+00 6.847427e-01 -1.261234e+00 5.638304e-01 4.013162e+00 8.172169e-02 1.288666e-01 -1.393230e+00
5.083200e-01 6.738180e-01 -3.325973e-01 -5.164315e+00 -1.549292e+00 2.622335e+00 -3.783833e-01 1.153810e+00 3.770534e+00 -9.377327e-01 -1.113666e+00 -1.377764e+00
2.435207e-02 -1.637131e-01 -2.553923e-01 -5.608222e+00 -9.642414e-01 4.111650e+00 7.241071e-01 1.236478e+00 3.258262e+00 -2.078862e+00 -1.724564e+00 -1.694278e+00
-7.175067e-01 -6.174808e-01 -6.277654e-01 -4.336518e+00 -9.263786e-01 5.918458e+00 1.183464e+00 6.032200e-01 1.709534e+00 -2.867147e+00 -2.044416e+00 -1.820627e+00
-8.585108e-01 -1.105777e+00 -4.308178e-01 -3.273548e+00 1.441982e-01 6.054194e+00 6.690049e-01 3.737652e-01 -6.474404e-01 -1.829490e+00 -2.600303e+00 -1.181082e+00
-1.226710e+00 2.089836e+00 4.922422e-01 1.125405e-01 -8.093136e-02 2.081300e-01 -5.693756e-01 4.366284e-01 1.449497e+00 -1.443653e+00 -5.357314e-01 5.185271e-01
-6.479703e-01 -9.617351e-01 -3.610923e-01 -1.549016e+00 7.242262e-01 4.767016e+00 -4.001889e-01 -4.719650e-01 -1.623506e+00 -2.498608e-02 -2.653973e+00 4.965010e-02
-1.583354e+00 9.107922e-01 -2.431781e+00 2.947105e-01 5.546443e-01 3.184934e+00 7.792592e-01 1.407934e+00 -1.050674e+00 2.640194e+00 -5.317789e-01 -3.981298e+00
1.139796e+00 6.374318e-01 1.153600e+00 2.965148e+00 6.987030e-01 9.673767e-01 1.313797e+00 7.287197e-01 -5.493038e-01 -6.834153e-01 7.922667e-01 -8.287554e-01
1.104937e+00 1.347398e+00 -1.565382e-01 -3.017757e+00 -1.860114e+00 -2.186956e+00 -2.858000e-01 1.733177e+00 -7.948089e-01 -4.818316e-01 3.356185e-02 -1.129797e+00
-2.914210e-01 -1.067905e+00 -6.344030e-02 1.570634e-01 1.848212e+00 1.175832e+00 -7.194737e-01 -1.528794e+00 -6.490553e-01 1.869932e+00 3.959367e-01 -1.255153e+00
-5.200804e-01 -8.608872e-01 1.396948e-01 2.120048e+00 7.064863e-01 -1.491870e+00 -7.173342e-01 1.341363e-01 3.012140e-02 2.835556e+00 -1.209027e-01 -2.283976e+00
-2.482209e-01 -1.039615e+00 -2.141769e-01 2.969036e-01 1.753531e+00 1.333836e+00 -9.137384e-01 -1.687973e+00 -2.067548e-01 1.759516e-01 1.102558e+00 -3.588574e-01
-5.323703e-01 -9.945822e-01 4.916030e-01 1.084227e+00 1.471161e+00 -9.027433e-01 -1.682413e-01 -4.846673e-01 -2.241952e-01 2.842142e+00 3.478459e-01 -2.716569e+00
-1.380550e-01 5.766194e-01 -7.632460e-02 -1.360429e+00 3.666693e-01 -8.287541e-01 -1.350265e+00 8.485243e-01 -2.022208e+00 1.479070e-01 2.510747e-01 -1.250263e+00
-7.532790e-01 -5.662385e-01 -1.523609e-01 -8.212150e-01 2.113394e+00 2.402904e+00 -7.351890e-01 -1.442284e+00 -1.659081e+00 9.772493e-01 -1.709308e+00 1.037536e+00
-4.854458e-01 -9.137354e-01 3.563418e-01 2.900135e-01 2.126878e+00 -2.007294e-01 1.622627e-02 -1.244118e+00 -5.975661e-01 3.209115e+00 -3.235820e-01 -1.836531e+00
-1.417814e-01 -1.249962e+00 4.621725e-01 2.855625e+00 -1.884951e-01 -1.857250e+00 -1.767301e+00 1.222186e+00 4.711123e-01 2.440585e+00 -6.437230e-01 -1.750266e+00
6.589937e-02 5.054399e-01 8.800034e-02 3.437846e-01 5.864648e-01 3.343131e-01 5.504023e-01 -1.748695e-01 -1.734304e-01 1.373052e+00 -1.151344e+00 -8.002465e-01
1.550318e+00 3.023686e-01 -3.859220e-01 2.749985e+00 -1.492578e+00 -1.069245e+00 -5.119913e-01 -1.290832e+00 1.184117e+00 9.431311e-01 1.024581e+00 8.824936e-01
4.629845e-01 8.711228e-01 6.904168e-02 -7.482738e-01 -3.165769e-01 4.347421e-01 8.037918e-01 1.384767e+00 7.297267e-01 -7.070312e-01 4.462759e-01 9.332031e-01
6.838081e-01 9.183748e-01 1.143825e-01 -3.135524e-01 -1.196898e-01 8.826578e-01 1.010457e+00 2.011621e+00 9.631899e-01 -1.721164e+00 -5.979553e-01 1.026421e+00
2.107998e-01 3.531203e-01 -1.171116e-01 1.628675e-02 -1.759042e-01 1.805926e-01 -1.006572e+00 -1.266117e+00 -7.934557e-01 -2.005410e+00 -6.482666e-01 1.003916e+00
-2.266468e-01 -5.279576e-01 -4.649062e-01 -1.444857e-02 -4.935631e-01 -9.949015e-02 -1.610698e+00 -2.573508e+00 -1.726639e+00 -1.067844e+00 -1.703627e+00 8.397964e-01
-2.996811e-01 -6.585587e-01 6.861992e-02 6.722398e-01 2.456339e-01 6.218014e-02 -7.558638e-01 -7.610214e-01 -1.396060e+00 5.798737e-01 -9.917049e-01 6.617345e-02
4.213529e-01 7.840436e-01 4.392272e-01 -6.814215e-02 5.554591e-01 3.588079e-01 2.383802e-01 1.096673e+00 -3.084154e-01 1.106503e+00 -4.003604e-01 3.770425e-01
9.881541e-01 1.414490e+00 1.330312e+00 4.798834e-01 1.260639e+00 1.492098e+00 1.757886e+00 2.741350e+00 1.380645e+00 6.726183e-01 2.279784e-01 4.477138e-01
8.481804e-01 1.326709e+00 8.763412e-01 1.175051e+00 9.203620e-01 8.941496e-01 7.676731e-01 1.881407e-01 1.249147e-01 -1.114986e-01 1.160317e+00 -2.448275e-02
3.044748e-02 -5.073090e-02 -1.179814e-01 7.046127e-01 9.454449e-01 1.187315e+00 9.082850e-01 -7.199951e-01 -5.142582e-01 -8.924516e-01 2.786600e-01 8.924875e-01
-6.943172e-01 -1.542932e+00 -9.691383e-01 9.476328e-01 9.245002e-01 -6.859909e-01 -8.540530e-01 -1.179411e+00 -7.820825e-02 -3.779403e-01 5.712808e-01 9.815739e-01
-4.385760e-01 -1.375172e+00 -9.357846e-01 -3.108468e-02 1.437887e+00 -4.527672e-01 -1.020679e+00 -1.061078e+00 -6.951178e-01 -3.089950e-01 7.452358e-02 4.068846e-01
-1.234643e-01 -1.435948e+00 -9.287273e-01 -1.383403e+00 4.142535e-01 -7.861701e-01 -1.016656e+00 -7.950843e-01 5.729178e-01 1.359432e+00 9.267987e-01 5.171363e-01
4.630600e-01 -5.634071e-01 -1.240006e+00 -1.170423e+00 -9.784702e-01 -8.085607e-01 -1.125816e+00 -1.437826e-01 6.875344e-01 1.801548e+00 1.990611e+00 -6.523027e-02
5.802587e-01 -2.601207e-01 -4.303743e-01 -1.363012e+00 -1.897175e+00 -6.434860e-01 6.185363e-01 1.727191e+00 3.070512e-01 1.045178e+00 1.315180e+00 -5.954684e-01
6.206956e-01 -2.999649e-01 -6.534692e-01 -5.602413e-01 -3.209075e+00 -2.041282e+00 -7.552147e-01 1.967078e+00 9.249362e-01 3.506943e-01 1.482209e+00 6.954930e-02
1.169187e+00 2.277375e-01 3.409892e-01 1.184536e+00 -8.781924e-01 -4.287241e-01 -1.478820e-01 3.562807e-01 -1.932057e+00 -2.554237e+00 -3.708971e-01 -8.621569e-01
1.065191e+00 3.084205e-01 2.974387e-01 1.543702e+00 -6.434725e-01 -1.603393e+00 3.306158e-02 -3.484227e-01 -1.773671e+00 -2.177269e+00 -1.168048e+00 1.435688e-01
6.809233e-01 3.456652e-01 -4.313354e-01 1.726765e+00 4.973761e-01 1.512237e-01 6.852055e-01 -5.066863e-01 -1.041828e+00 -1.050426e+00 -9.883723e-01 1.211347e-01
3.795965e-01 2.122839e-01 4.784905e-01 1.091170e-01 7.078481e-01 4.977148e-01 1.298681e+00 3.010848e-01 -2.121146e+00 -9.933235e-01 -2.996521e-02 9.119910e-01
9.036656e-02 -1.973773e-01 -1.878936e-01 9.059314e-02 -6.574003e-01 5.090245e-01 -3.068955e-02 1.314169e-01 -3.411569e-02 8.975162e-02 -2.263018e-01 5.854028e-01
-7.373142e-03 2.421049e-01 1.752599e-01 1.353345e+00 3.872657e-01 1.046301e+00 1.888951e+00 1.850415e+00 -3.944850e-02 -9.021824e-01 -1.285556e+00 -9.077571e-01
2.918043e-02 1.790991e-01 7.905150e-03 1.242269e+00 6.205695e-01 2.050924e-01 1.270105e+00 9.695088e-01 1.131685e+00 -1.929932e-01 -5.247377e-01 1.647941e-01
3.748612e-01 2.800685e-01 1.529051e-01 3.637600e-01 5.977041e-01 3.806416e-01 1.527850e-01 -3.845614e-01 -1.341622e-01 5.667200e-01 -9.382275e-01 6.550642e-01
-4.924338e-01 -6.489434e-01 -4.122442e-01 4.201090e-01 2.068916e+00 8.501293e-01 -1.030210e+00 -1.738402e+00 -6.113489e-01 4.088297e-02 7.571943e-01 7.148722e-01
2.249879e+00 5.796090e-01 -8.467724e-01 -1.531883e+00 -3.991288e+00 -3.906767e+00 -1.658754e+00 -1.560504e+00 2.648848e+00 2.215459e+00 1.893545e+00 1.299402e+00
2.051507e+00 -9.292722e-03 -1.550989e+00 1.027457e+00 -3.264537e+00 -2.604905e+00 -1.471491e+00 -2.268624e+00 3.074788e+00 2.028944e+00 1.321498e+00 1.985771e+00
3.135690e-01 -1.408139e+00 6.671442e-01 2.557597e+00 -4.273643e-02 -2.092330e+00 -1.973237e+00 2.035961e+00 -4.339742e-01 2.759431e+00 -1.739417e+00 -1.107821e+00
2.181064e+00 1.407679e+00 -3.639575e-01 -2.235656e+00 -3.339712e+00 -2.875916e+00 1.040683e+00 -1.994533e-02 1.939090e+00 -1.097112e-01 -1.066666e+00 4.188623e-01
-7.751919e-01 -5.945243e-01 1.292489e-01 -2.999962e-01 2.527819e+00 9.551346e-01 -1.206164e+00 -1.645947e+00 -1.062949e+00 5.258623e-01 -3.489126e-01 1.251942e+00
1.591711e-02 3.935350e-01 -1.273761e-01 -6.944283e-01 3.040004e-03 -6.227500e-01 -2.987961e-01 -1.049084e+00 -5.915951e-01 1.742343e-01 1.895995e+00 8.648120e-01
-3.413965e-01 2.059283e-02 4.128676e-02 1.744003e-02 -9.788244e-01 8.017704e-01 -6.822686e-02 1.204276e-02 2.192386e-01 5.498004e-03 -1.928626e-01 8.344752e-01
-3.865633e-02 1.020858e+00 1.144978e+00 -6.269730e-01 -1.501818e+00 9.339041e-02 -1.071064e+00 -2.339282e-01 2.428110e-01 -1.090055e-01 -9.437803e-01 -6.079128e-02
-1.401921e+00 6.756293e-01 1.174968e+00 -8.808168e-01 1.334784e+00 1.024132e+00 2.814251e-01 3.122512e+00 -1.256045e+00 -1.314670e+00 -7.415199e-02 -1.789507e-01
1.304006e-01 3.691069e-01 2.418998e-01 -1.447546e-01 1.328828e+00 -5.264748e-01 1.489908e+00 6.666964e-01 -1.260976e+00 -1.034828e+00 2.696283e-01 1.252723e+00
-5.109155e-01 2.349977e-01 5.998321e-01 -2.140890e-01 -4.318353e-01 1.890806e-01 -4.043923e-01 -1.985411e-01 4.655808e-01 7.808828e-01 -8.191075e-01 -3.998625e-01
2.975445e-02 4.609809e-02 2.436193e-01 1.276569e+00 -3.276536e-01 7.008250e-01 2.114273e+00 1.266364e+00 -1.422221e+00 -7.755460e-01 -9.555733e-01 -2.889733e-01
-5.601462e-01 -1.116231e+00 -2.413183e+00 -9.854609e-01 2.356139e-01 6.564806e-02 4.313871e-02 -1.621020e-01 3.100288e-02 -9.882124e-02 2.482652e-01 1.531996e-01
1.931448e-01 6.416756e-01 6.381953e-01 -9.308816e-01 3.971282e-01 -3.432262e-02 -4.396290e-01 -8.470078e-02 -3.988057e-01 9.073833e-01 7.269084e-01 1.989238e-01
-6.692253e-01 -1.339381e+00 -2.250418e+00 -1.031411e+00 6.371638e-01 3.051659e-01 -3.314648e-01 1.558244e-01 2.977069e-01 8.378207e-01 4.482161e-01 -2.736764e-01
-1.304343e+00 2.652696e-01 1.979806e+00 1.681076e+00 1.641781e+00 -3.175543e-01 -1.473150e+00 2.571058e+00 -2.499461e+00 -3.416519e+00 2.053388e+00 1.845250e-01
-2.901464e-01 -8.901112e-02 -5.503945e-01 -3.072063e-01 -5.991904e-01 -9.049231e-01 -3.922926e-01 -2.216987e-01 1.150196e+00 -4.795252e-01 8.578970e-02 -2.821199e-01
-6.574674e-01 -6.913493e-01 -1.230335e+00 -7.334999e-01 8.593057e-01 4.376507e-01 -2.359811e-01 1.395814e-01 7.079586e-01 1.665281e+00 1.410326e-01 -3.889927e-01
6.038721e-01 -1.211754e+00 1.032396e+00 1.888479e+00 4.989254e-01 -2.908509e+00 -1.563716e+00 2.612037e+00 -3.737225e-01 1.748076e+00 -2.143726e+00 -7.965983e-01
-2.289293e-01 1.856624e-01 -2.904474e-01 2.306008e-01 -6.235895e-01 7.754822e-02 3.539831e-01 -4.545515e-01 6.012058e-01 1.072571e+00 1.142132e-01 -3.332739e-01
-1.016630e+00 1.050862e+00 4.808821e-01 -4.858044e-01 -1.219508e+00 3.413815e-01 -1.220977e+00 -1.489912e+00 4.657432e-01 1.344244e+00 1.748766e+00 3.238065e-01
-5.599751e-01 -1.843939e-01 -4.984822e-01 -8.222078e-01 2.706003e-02 7.873455e-01 9.811459e-01 3.572554e-01 1.496479e+00 6.834364e-02 4.101492e-01 9.673476e-02
-2.513991e-01 -1.957810e-01 -9.628054e-01 -1.086814e+00 -2.026632e-01 -7.632551e-01 -3.918214e-01 -2.004968e-01 -2.099828e-01 7.789441e-01 1.416716e+00 -7.357405e-01
9.963083e-02 5.519993e-02 -1.543870e-01 -5.085852e-01 1.902477e+00 -4.343995e-01 9.474980e-01 1.639211e-01 -2.270765e-01 5.598612e-01 -1.167571e-01 2.306552e-01
-2.418447e-01 3.811906e-02 -5.502818e-01 -8.795663e-01 8.165982e-01 -1.221108e-01 -6.112393e-01 -8.230714e-01 -7.413385e-02 1.921544e+00 2.093840e+00 2.018309e-01
8.144770e-02 -7.751171e-02 -3.953664e-01 -5.336118e-01 1.250192e+00 4.400148e-01 8.215281e-01 2.406441e-01 4.708680e-01 7.049130e-01 -7.211260e-01 -1.217592e-01
-1.295792e+00 4.330825e-01 1.959051e-01 -8.024449e-01 -1.937268e+00 1.430663e-01 -1.903109e+00 -1.413143e+00 3.540954e-01 1.070364e-01 8.827022e-01 -5.183438e-01
-8.505551e-01 -5.261415e-01 -9.783495e-02 6.359603e-01 1.655492e+00 -5.481067e-02 -4.671513e-01 -1.980076e+00 -1.711993e+00 3.109617e-01 1.625529e+00 2.127830e+00
3.264580e-01 -2.638302e-01 1.167235e+00 1.157223e+00 1.129519e+00 -3.540682e+00 -1.105855e+00 2.999480e+00 -5.467068e-01 5.434939e-01 -1.345481e+00 -8.193138e-01
-1.727852e+00 -4.130233e-01 -1.036169e-01 -1.823341e+00 -2.231356e+00 -4.020415e-01 -9.145686e-01 -7.365592e-01 1.149610e+00 6.879995e-01 4.679216e-01 7.798275e-01
7.780876e-02 -6.314656e-01 2.172377e-01 -6.284478e-01 -1.696537e-01 1.163922e-01 5.384740e-01 3.424857e-01 1.082538e+00 -1.124929e+00 -7.266249e-01 -1.017810e-01
-1.806904e+00 -5.736235e-01 -7.175105e-01 -1.357033e+00 -1.455114e+00 -8.116686e-02 1.373869e+00 1.910877e-01 -4.389932e-02 -1.497337e+00 -9.078169e-01 -6.744659e-01
-1.460478e-01 8.481444e-01 9.401842e-01 9.962034e-01 1.138882e+00 -3.456015e+00 -9.325484e-01 2.142583e+00 -1.325941e-01 -2.321713e-01 -1.159174e+00 3.925141e-01
-1.140261e+00 2.125568e+00 6.363964e-02 -4.526020e-01 1.868111e+00 -8.903418e-01 1.771692e+00 2.191335e+00 -1.581950e-01 4.952497e-02 -5.519863e-01 1.033741e+00
-1.981682e-01 1.417370e+00 7.723030e-01 1.141196e+00 9.064328e-01 -2.494935e+00 -1.976941e+00 1.570695e+00 7.063106e-01 -1.890402e+00 -3.365710e-01 1.909655e+00
-1.186083e+00 -2.429547e-01 -2.006881e+00 -5.259725e-01 5.097589e-01 2.429064e-01 3.421605e+00 -1.709486e-01 1.061636e-01 -8.554988e-01 -1.889894e+00 -1.015487e+00
1.242066e+00 -2.810369e+00 1.635437e+00 -2.475379e+00 -4.430311e-02 3.229057e-01 -8.265211e-01 7.369153e-01 -3.384798e-01 -8.836009e-01 -1.844775e-01 -3.050569e-01
-8.939987e-01 1.262551e+00 2.059587e+00 3.253567e+00 2.861670e+00 -1.706129e+00 -1.605483e+00 1.964334e+00 -3.104371e+00 -4.589813e+00 3.874779e+00 5.972887e-01
-3.756002e-01 -2.900783e-01 7.735795e-01 1.342620e+00 2.261387e+00 -8.976946e-01 4.985608e-01 -2.089251e+00 -7.548014e-01 1.689898e-01 2.479528e+00 3.972820e+00
-1.398030e-01 6.308573e-01 5.054082e-01 1.360419e+00 4.158787e-01 1.299968e-02 2.683203e+00 -2.516598e+00 -4.430521e-01 -3.335200e-01 6.207064e-01 2.636940e+00
-1.000661e+00 1.347503e+00 -2.038003e+00 2.005433e+00 1.793161e+00 -1.223673e+00 3.516219e+00 -8.632059e-01 1.537887e+00 1.768168e+00 -1.670478e+00 2.609679e-01
-4.849782e-02 1.688815e+00 9.479545e-01 1.601005e+00 1.545149e+00 -1.210615e+00 -1.880572e+00 1.279842e+00 7.318062e-01 -2.488880e+00 9.327556e-01 2.239035e+00
-1.057369e+00 3.073785e+00 -1.070671e+00 5.719333e-01 1.899374e+00 -2.017400e+00 2.907619e+00 2.518773e-01 9.484123e-01 1.647747e+00 -9.976789e-01 2.720434e+00
-1.329218e+00 1.956163e+00 -3.069535e+00 1.131731e+00 -1.587504e+00 2.929534e+00 1.871425e+00 1.354970e+00 -4.923544e-01 2.404735e+00 -1.132993e+00 -4.635621e+00
-8.003298e-01 2.875112e+00 -1.988192e+00 2.322250e+00 2.481740e+00 -2.091367e+00 3.529097e+00 -7.437832e-01 9.448524e-01 1.797670e+00 -1.141170e+00 1.069997e+00
-3.576277e-01 2.184397e+00 1.991740e+00 3.800771e+00 3.230142e+00 -2.164447e+00 -1.758461e+00 5.220319e-01 -1.778819e+00 -5.250456e+00 4.349548e+00 1.501043e+00
1.643743e-01 1.265170e+00 -1.421987e+00 1.150002e+00 -2.138382e+00 1.357586e+00 3.822095e+00 -4.148615e-01 1.510504e-01 1.188063e+00 -9.783222e-01 -1.012613e+00
1.877104e-01 2.289828e+00 1.531510e+00 3.353395e+00 2.618886e+00 -2.021100e+00 -2.054420e+00 3.171115e-01 -5.245667e-01 -4.306252e+00 3.059969e+00 2.318027e+00
1.183880e+00 -2.715213e+00 9.130716e-03 -9.160465e-01 9.116377e-01 2.273789e-01 4.482960e-01 -2.043954e-01 2.817352e-02 3.653005e-01 -9.419661e-01 -1.392515e+00
