2.801599e+00 -2.838955e-01 -3.138657e+00 -1.596816e+00 -1.470632e+00 -2.518148e+00 -5.788487e-01 -1.234461e+00 -2.158720e+00 -5.385318e-01 -4.085574e-02 3.044429e-01
-4.557577e-01 -9.211429e-01 -2.922651e+00 1.127232e+00 -1.282950e+00 1.281170e+00 -9.049961e-01 -2.699530e-01 -1.136214e+00 8.092871e-01 1.456927e+00 1.061193e+00
4.452415e-01 -9.424711e-01 -4.123202e+00 1.042281e+00 -1.005235e+00 1.089968e+00 -1.018394e+00 3.203872e-01 -1.286586e+00 2.242620e+00 9.614938e-01 4.656228e-01
-1.454242e+00 -3.245654e-01 -1.301690e+00 9.000690e-02 -7.770826e-01 3.047619e-01 -3.759660e-01 -3.621184e-02 -2.478887e-01 2.268390e+00 8.396414e-01 9.802601e-01
4.153993e+00 4.213344e-01 -7.945418e-01 -8.045502e-01 -4.394864e-01 -2.311940e+00 1.412615e+00 -1.035911e+00 -3.791329e-01 1.134192e+00 1.023473e+00 -1.893114e-01
4.149704e+00 -4.271347e+00 -2.513401e+00 2.115801e-01 -3.839378e-01 5.970909e-02 -4.814517e+00 -4.081532e+00 5.909325e-01 -3.312967e-01 -2.266181e+00 1.394580e+00
-2.125570e+00 -3.782612e-01 -7.654296e-01 9.454157e-01 -2.765456e-01 1.437158e+00 3.036982e-01 3.102585e-01 4.717039e-01 -8.144175e-01 9.024096e-01 1.752012e+00
-2.906862e+00 -1.412825e+00 6.569981e-01 -9.148229e-01 -1.300094e+00 -1.411356e+00 -1.023636e-02 -5.389897e-01 9.622315e-01 -1.844205e+00 -7.375381e-01 1.715763e+00
6.168277e+00 -3.968489e+00 6.741749e-01 8.547277e-01 -9.180728e-01 1.978831e-01 -4.407023e+00 -4.423075e+00 2.506502e+00 1.047260e-01 4.835570e-02 3.826130e-01
6.346023e+00 -1.830255e+00 3.505470e+00 2.000302e+00 8.226043e-01 6.307247e-01 -1.190750e+00 -2.841322e+00 3.175092e+00 1.918163e+00 1.685814e+00 -2.794784e-01
-2.931266e+00 2.566432e-01 1.998425e+00 4.020618e-01 -6.417983e-01 4.593968e-01 -2.780129e-01 -8.425473e-01 -6.849136e-01 9.872854e-01 -8.848419e-01 3.087632e-01
5.601754e+00 -4.819786e-01 2.976160e+00 1.471539e+00 1.257351e+00 -2.830998e-01 1.724870e+00 -1.354524e-01 2.255681e+00 2.090902e+00 1.239641e+00 -8.760428e-01
2.421156e+00 -1.859882e+00 -3.520314e+00 8.936004e-02 -8.663525e-02 3.536204e-01 -3.606066e+00 -4.171213e+00 5.943150e-01 -2.923809e-01 -2.069616e+00 3.610907e-01
-9.674624e-01 -2.008646e+00 7.954530e-01 -2.389356e+00 -6.929582e-01 -4.253141e+00 1.290168e+00 -1.596996e+00 1.355022e+00 -1.653004e+00 -1.853416e+00 -4.840241e-01
2.323547e+00 -3.883874e-01 -2.679370e+00 -1.652562e+00 -1.297817e+00 -9.893647e-01 -1.374795e+00 -5.194238e-01 -1.133338e+00 -1.019183e+00 5.001628e-01 -1.615490e-01
8.986645e-01 3.457900e-01 -1.909355e+00 6.768689e-01 -6.713330e-01 -4.253756e-01 -4.564791e-01 -2.603148e+00 2.474189e+00 1.028423e-01 1.398314e-01 7.126454e-01
1.835582e+00 -1.816039e-01 -3.155787e+00 2.782634e-01 -2.469418e-01 7.969018e-01 -1.993734e+00 -2.727804e+00 1.593905e+00 -2.840031e-01 -1.002251e+00 1.273095e-01
3.637291e-01 2.203707e-01 -9.100321e-01 1.146296e+00 -1.514118e+00 -1.608908e+00 -1.517916e-01 -1.009739e+00 2.896362e+00 -6.149938e-01 -1.673209e-01 1.090366e+00
-5.150792e-01 2.135827e-01 7.533140e-02 4.617493e-01 -5.786698e-01 -2.472043e+00 -7.471991e-01 2.189187e+00 1.737586e+00 -2.604412e-01 -8.186967e-01 8.393701e-01
-6.062085e-01 -5.685755e-01 8.180629e-01 1.366139e+00 -1.337619e+00 -1.931244e+00 -1.637995e+00 3.897123e+00 1.196283e+00 -1.325995e+00 -4.863114e-01 3.362166e-01
-1.273940e+00 -9.374748e-01 2.365171e+00 1.909519e+00 -3.551205e+00 -1.272303e+00 -5.560187e-01 5.318645e+00 -1.447506e+00 -2.813082e+00 1.023139e+00 9.939742e-03
-1.055453e+00 -8.164824e-01 1.741585e+00 1.619152e+00 -2.082280e+00 -2.020584e+00 -1.134764e+00 4.990138e+00 -7.156257e-02 -2.098324e+00 -1.636942e-01 3.438422e-01
-1.225136e+00 -8.677421e-01 3.102393e+00 1.330413e+00 -3.972522e+00 -9.829941e-01 8.539292e-01 4.442500e+00 -2.451755e+00 -2.423657e+00 1.637212e+00 1.832417e-01
2.113049e+00 -8.084620e-01 -1.901060e-01 -4.859211e-01 -1.741982e-01 -3.642520e+00 2.009353e-01 -2.017541e+00 -9.864197e-01 6.491781e-01 -1.364648e+00 -3.019371e+00
-6.549990e-01 1.162875e+00 4.481114e-01 -3.776014e-01 -6.568525e-01 1.865860e+00 -1.784130e+00 1.400307e+00 5.924636e-01 -8.584312e-01 1.541063e+00 2.550486e+00
-1.238763e+00 -5.687261e-01 3.770546e+00 4.946213e-02 -3.736546e+00 -1.102829e-03 1.599002e+00 3.217672e+00 -3.310217e+00 -1.695593e+00 2.197701e+00 3.803719e-01
2.125228e+00 1.713953e+00 -3.863797e-02 2.302705e-01 -1.027502e+00 1.484626e+00 6.048856e-02 5.208582e-01 -9.406724e-01 6.941919e-01 1.019051e+00 -4.448770e-01
-7.621808e-02 1.364007e+00 1.026124e+00 5.638374e-01 1.011922e+00 4.378953e-02 -6.583170e-01 -3.006581e-01 -4.957045e-01 -3.675473e-01 4.870904e-01 1.069997e+00
-9.642584e-01 -6.649526e-01 4.134499e+00 -7.428164e-01 -3.445086e+00 1.393406e+00 1.203467e+00 2.024686e+00 -3.689610e+00 -7.216876e-01 2.136989e+00 4.125636e-01
-1.068413e-01 1.426292e+00 1.161740e+00 1.239123e+00 1.371464e+00 1.344769e+00 1.080276e+00 8.104610e-01 -1.440661e-01 5.039183e-01 1.139613e+00 1.053093e-01
-5.321550e-01 2.111249e+00 -1.804630e-01 8.539265e-01 1.122119e+00 -1.705577e+00 3.362722e-01 1.706075e+00 -1.434588e+00 -2.865973e-01 5.537229e-02 -1.221453e+00
-1.443364e+00 1.844614e+00 6.785085e-01 1.451177e+00 2.555339e+00 -1.149902e+00 -1.195934e+00 2.652626e-02 -1.852292e+00 -1.387389e+00 9.587928e-01 6.185993e-01
-1.700031e+00 7.656424e-01 3.828948e-01 7.676449e-02 1.871226e+00 -1.096738e+00 -2.063987e+00 -1.828125e-02 -1.556540e-01 -2.015039e+00 3.612054e-01 2.022380e+00
-1.732797e+00 2.214044e-01 2.213537e-01 -1.040519e+00 6.302528e-01 1.322453e-01 -2.139596e+00 6.137110e-01 1.360621e+00 -1.633419e+00 1.829350e+00 2.962913e+00
3.190525e+00 7.974828e-01 5.717385e-01 6.466599e-01 -6.042703e-01 -1.731378e+00 -4.904076e-01 -1.888538e+00 -2.019015e+00 5.166447e-01 -1.141734e-01 -3.370566e+00
-3.188688e-01 1.207319e+00 9.541365e-01 8.136637e-01 1.697776e+00 3.051716e+00 3.073952e+00 2.875093e+00 1.450544e+00 1.732062e+00 8.932823e-01 -8.064784e-01
-5.801699e-01 -3.498181e-01 7.017456e-01 -1.369871e+00 -1.230621e+00 -3.023274e-01 -2.493143e-04 -1.088956e+00 -1.522103e+00 -7.295092e-01 3.417913e-01 2.202363e+00
-4.778645e-01 -2.683565e-01 7.080894e-01 -8.970858e-01 -1.697829e+00 -1.198358e+00 1.124181e+00 -1.901975e-02 -3.378097e-01 -1.746688e+00 -1.086912e+00 -1.348289e-01
-5.474587e-01 2.866115e-01 1.116946e+00 3.396977e-01 -1.563026e+00 -1.086885e+00 1.616324e+00 5.624357e-01 1.422796e-01 -2.014554e+00 -2.555641e+00 -2.129379e+00
-2.124830e-01 3.743713e-01 1.343500e+00 1.731944e+00 3.279920e-01 1.366839e-02 6.315762e-01 6.721517e-01 -7.531464e-02 -1.507214e+00 -1.779978e+00 -1.695713e+00
1.912297e-01 5.031856e-01 7.432514e-01 2.423027e-01 -2.924746e-01 -6.575268e-01 4.401838e-01 -2.413299e-01 -1.232371e+00 -7.795368e-01 2.752936e-01 6.601449e-01
-6.057262e-02 2.548173e-01 3.220443e-01 -5.710629e-01 -5.538139e-01 -1.101112e+00 3.874704e-01 -3.949363e-01 -1.213267e+00 -6.219686e-01 1.946067e+00 2.739534e+00
2.285144e-01 1.665192e-01 2.386017e-02 -9.189790e-01 -7.235926e-01 -1.578710e+00 1.171555e+00 3.703743e-01 -4.162540e-01 -8.826927e-01 1.554625e+00 2.812239e+00
-5.402064e-01 1.754526e-01 2.687668e-01 -1.173327e-01 1.301674e+00 2.482297e+00 1.279817e+00 1.200971e+00 2.675680e-02 1.180024e+00 4.361256e-01 -1.111363e+00
-4.388522e-01 -3.451658e-01 -2.535188e-01 -1.422821e+00 -4.511916e-01 8.990061e-01 -1.626863e-01 -3.028738e-01 -1.416968e+00 9.888784e-01 1.440753e+00 1.510761e+00
8.355039e-01 5.001700e-01 3.150516e-01 4.221639e-01 8.269333e-01 1.487585e+00 -1.379228e-02 6.963255e-01 4.491394e-01 -1.467783e+00 -8.950849e-01 -5.622460e-01
-1.468767e+00 1.045805e-01 4.110962e+00 -2.009956e+00 -1.367065e+00 4.617050e-01 2.091661e+00 3.480851e-02 -3.154311e+00 7.455415e-01 3.835841e-01 1.329728e+00
-1.465143e+00 4.301939e-01 3.610186e+00 -2.066635e+00 -4.808369e-01 4.593749e-01 2.356158e+00 -1.861307e+00 -1.744348e+00 3.951824e-01 -2.553463e-01 1.384791e+00
-8.760892e-01 6.048857e-01 2.182305e+00 -6.335136e-01 -3.371048e-03 7.982100e-01 1.316972e+00 -2.297715e+00 -2.143383e-01 -3.157362e-01 -3.531674e-01 8.395489e-01
-2.313958e-01 3.872796e-01 1.851108e+00 -5.226459e-02 -4.989582e-01 1.535917e+00 6.286855e-01 -1.912029e+00 -2.168967e-01 -1.077613e+00 8.664585e-01 -4.001044e-01
-1.019011e-01 1.835569e+00 -2.704842e-01 4.760806e-01 1.079485e-01 3.839440e-02 3.049756e+00 2.807823e+00 -1.643056e+00 1.000439e+00 -2.930486e-01 -1.936459e+00
-1.141493e+00 5.113486e-01 3.091410e+00 -1.910112e+00 3.359566e-01 2.516459e-01 2.085215e+00 -2.533099e+00 -8.450934e-01 3.349933e-01 -8.506202e-01 1.412543e+00
-1.188063e-01 4.193411e-01 1.284577e+00 6.090783e-01 -9.681265e-01 1.819273e+00 1.084937e-01 -1.810260e+00 1.780993e-01 -1.723499e+00 1.090969e+00 -6.119057e-01
-3.123686e+00 2.584942e-01 3.831553e+00 1.098971e+00 1.160347e+00 1.160389e+00 7.776235e-01 2.092658e-01 1.317196e+00 3.724263e-01 -8.429689e-01 1.698949e-01
6.578878e-01 2.658516e+00 -1.757290e-01 2.981571e-01 -4.065335e-02 -5.084344e-01 -2.357991e+00 -1.938727e+00 1.533216e+00 2.742260e+00 8.300198e-01 -8.970720e-01
1.695260e-01 1.633348e-01 1.403900e+00 5.253208e-01 -1.033003e+00 2.056243e+00 -1.642406e-01 -1.390992e+00 -1.219008e-02 -1.956914e+00 1.068121e+00 -1.021705e+00
-5.198129e-01 7.143573e-01 -1.433130e+00 -1.727342e+00 -1.226201e+00 -2.937495e+00 -2.304808e+00 -1.367468e+00 -7.329537e-01 -2.397478e-01 5.676886e-01 -1.913930e+00
-5.502678e-01 7.359304e-01 -6.220223e-01 1.441289e-01 8.433819e-01 -9.850831e-02 6.342886e-01 8.038332e-02 -2.716765e-01 4.848762e-01 2.538977e-01 -9.069866e-01
-7.569763e-01 6.979626e-01 -1.137258e+00 -1.128779e+00 5.931915e-01 2.554138e-01 8.064646e-01 4.011443e-01 2.804160e-02 1.067534e-01 8.158203e-01 -4.751403e-01
2.687608e-01 1.137928e+00 3.023561e-01 -7.275677e-03 -3.580078e-01 -1.015849e+00 1.781032e+00 1.346692e+00 -1.696310e-02 6.384213e-02 -6.326647e-01 -6.395148e-01
5.743114e-01 2.157023e+00 -3.950057e-01 1.500908e+00 1.254488e+00 -1.643387e-01 -5.289417e-01 -1.567216e+00 2.243675e+00 7.116725e-01 -7.017739e-01 3.145523e-02
-3.205077e-01 4.833665e-01 -1.139281e+00 -7.750685e-01 -8.326201e-01 -1.984916e+00 -3.167885e+00 -1.345940e+00 -7.657337e-01 -5.273981e-01 1.615398e+00 8.336342e-01
-4.013443e-02 1.127796e+00 -8.631622e-01 -6.451535e-01 -2.481330e-01 7.424591e-01 2.905243e+00 2.656734e+00 3.258423e-01 2.409931e+00 1.903194e+00 -8.980449e-01
-4.289152e-01 9.329222e-01 1.192766e+00 -1.799101e-01 -2.025299e-01 1.761723e+00 -1.531444e-01 6.994540e-01 -1.609736e+00 -4.522756e-01 -9.567194e-01 6.648450e-02
1.549304e+00 6.178713e-02 -9.343672e-02 1.038964e+00 1.015242e+00 1.405211e-01 -2.002248e+00 2.567304e+00 2.132579e+00 -4.526058e-01 6.484939e-01 -2.314728e-01
2.627228e-01 2.618999e-01 1.542007e+00 1.555593e-01 -8.840328e-01 2.137501e+00 -6.163110e-01 -2.879001e-01 -5.388195e-01 -1.681995e+00 3.107257e-01 -6.533173e-01
-2.672884e-01 5.334830e-02 4.621893e-02 4.223501e-01 1.993266e-01 -4.945730e-01 9.256377e-02 -2.478225e-01 -8.134678e-01 5.299751e-01 3.233996e-01 1.751822e-01
-1.007350e+00 9.501910e-02 -7.411779e-01 5.110924e-01 2.195491e+00 1.233114e+00 2.312652e+00 1.718344e+00 -3.828061e-01 -9.970412e-02 -7.527508e-01 -5.337540e-01
2.850073e-01 1.947855e+00 -5.848812e-01 -1.811144e-01 2.416625e-01 2.890221e-01 -2.189812e-01 -2.462591e-01 -1.065319e+00 2.236172e+00 7.484632e-01 -3.482843e-01
-3.291338e-01 5.840973e-01 2.073331e-01 3.658030e-01 3.241439e-01 -6.812396e-01 -7.577041e-01 -1.340690e+00 7.778473e-02 -8.719557e-01 -2.083912e-01 2.018670e-01
1.694565e-01 1.019394e+00 6.548011e-03 7.593334e-01 -4.025759e-01 -4.991475e-01 3.201951e+00 1.670529e+00 -6.091388e-01 4.876903e-01 -2.092791e-01 -9.478340e-01
-9.714480e-02 5.200318e-01 1.253777e-01 6.451215e-01 5.672922e-01 2.600539e-01 3.271342e-01 -9.309471e-01 -1.359562e+00 -7.552632e-01 -5.515805e-01 1.945457e-01
-2.173112e+00 1.839830e-01 3.742219e+00 2.047059e+00 1.644711e+00 2.167506e+00 1.102965e+00 1.268827e+00 1.546021e+00 -6.487583e-01 -1.511982e+00 -5.746144e-01
-2.781317e-01 -1.364733e+00 -2.032099e-01 -4.855760e-01 -9.531314e-01 -7.154023e-01 1.225104e+00 2.384862e-01 1.223630e+00 9.757262e-01 5.501887e-01 -4.288017e-02
-5.090636e-01 -1.508253e+00 -5.999619e-01 -5.790075e-01 -7.784144e-01 -1.613309e+00 4.300068e-01 -1.399746e+00 5.333273e-01 1.113941e+00 -3.758465e-01 3.004344e-01
8.760732e-01 5.582077e-01 5.692466e-01 1.857417e-01 2.230643e-01 -1.057771e-01 -2.602840e+00 3.273615e-01 3.142500e-03 -1.088328e+00 -3.519278e-01 -1.355564e+00
2.913883e-01 1.042172e+00 1.401569e-01 2.142719e-01 -2.886659e-01 -4.715530e-01 1.933066e+00 6.588055e-01 -9.228834e-01 3.612706e-01 -7.341004e-03 -7.382846e-01
-1.189671e+00 -5.785049e-01 -1.652066e+00 -9.513614e-01 2.299513e+00 -2.228450e+00 -2.638256e+00 -1.297826e+00 -1.234478e+00 -8.272386e-02 -1.423529e+00 4.633368e-01
-5.916014e-02 9.645951e-01 -4.771963e-01 -7.848555e-01 -6.100310e-01 9.370403e-01 2.588246e+00 1.119179e+00 5.897778e-01 1.104729e+00 5.900405e-01 -1.281534e+00
-6.717876e-01 3.399119e-01 -3.757968e-01 1.977859e-01 -9.247913e-02 1.026635e+00 1.805350e+00 -4.931426e-02 1.337514e-01 1.074395e+00 1.469748e+00 -3.078444e-02
-1.554577e-01 1.388263e+00 -2.326402e-01 -1.245434e-01 7.894739e-01 -7.037799e-01 7.746387e-02 -5.815654e-02 -9.757286e-01 1.836299e+00 6.215593e-01 -1.508322e+00
-7.247323e-01 -1.798941e+00 -1.156309e+00 -1.939857e-01 6.254956e-01 -2.347221e+00 -1.224128e+00 -7.104188e-01 2.374200e-01 1.334995e+00 -1.228680e+00 1.365531e-01
-7.908133e-01 1.819886e+00 5.452267e-01 -2.035552e-01 4.274551e-01 9.311511e-01 1.993465e-01 8.637936e-01 -7.743350e-01 -2.841807e-01 -7.209577e-01 -7.363496e-01
4.189908e-01 1.585619e+00 -2.922604e-01 8.569439e-01 1.145384e+00 -4.668590e-02 -7.251413e-02 -2.084361e+00 3.780527e-01 -1.815435e+00 -2.953710e+00 -8.864036e-01
1.818780e+00 -1.216582e+00 -1.446444e+00 8.025458e-01 6.922716e-01 2.129364e-03 -3.653532e-01 2.144264e+00 2.894697e+00 3.077982e-01 2.620496e-01 1.879024e+00
2.432963e+00 -1.176567e+00 -3.519449e-01 1.522816e+00 2.319365e-01 7.950968e-01 -8.702389e-01 2.522877e+00 2.776077e+00 -3.386160e-01 3.945727e-02 1.431160e+00
4.805617e-01 2.017869e+00 -9.129488e-01 6.327753e-01 6.132529e-01 3.260370e-01 6.155897e-01 -2.857776e+00 -4.840756e-01 -1.387587e+00 -1.739962e+00 6.438161e-01
8.057534e-01 1.084042e+00 -1.406843e-01 -1.357824e-01 3.574225e-01 3.646534e-01 -1.107754e+00 -6.213640e-01 -7.486517e-01 -1.285226e+00 -3.063735e+00 -1.234778e+00
-1.641887e+00 2.700353e+00 -5.660372e-01 -3.530798e-02 1.483018e+00 5.101964e-01 5.644974e-01 -8.146314e-02 1.051187e+00 -1.171140e+00 8.850700e-01 -1.904650e+00
-1.477219e+00 2.424081e+00 -2.651110e-01 -1.374657e+00 8.246197e-01 1.074775e+00 2.452219e+00 -2.354822e-02 5.167897e-01 -6.979219e-01 2.389312e+00 -2.523748e+00
-5.524942e-01 -4.911156e-01 -1.713069e+00 -1.088645e+00 2.413859e+00 -1.313226e+00 -1.176455e+00 5.083593e-01 -4.103091e-01 -1.015546e+00 -1.867056e+00 1.198168e+00
-7.932825e-01 1.688339e-01 -1.637603e+00 -7.202495e-01 1.100004e+00 1.119522e+00 1.542652e+00 8.671223e-01 -1.942695e+00 3.279645e-01 5.869403e-01 -5.307551e-01
8.214830e-01 -5.864404e-01 -2.096429e+00 -1.102895e+00 1.399991e+00 -5.757206e-01 -9.132048e-01 2.188689e+00 2.285427e+00 2.728420e-01 -9.721813e-01 2.165188e+00
-5.979906e-01 -4.887812e-01 -1.402059e+00 -2.812564e-01 1.762840e+00 8.780371e-01 2.961429e+00 2.179199e+00 4.534206e-01 -1.498617e-01 -1.828100e+00 1.972715e-01
-8.567791e-01 2.466321e+00 -7.686146e-01 -8.958845e-01 1.618895e+00 8.394691e-01 2.447292e+00 6.184799e-01 -3.618982e-01 1.401590e+00 2.618577e+00 -2.598247e+00
-5.916359e-01 6.314954e-01 -2.456500e+00 9.582971e-01 4.951029e+00 8.383512e-01 1.501379e+00 2.299275e+00 -7.220536e-01 1.801215e+00 -2.164796e+00 -9.623529e-02
-8.456189e-01 2.365530e+00 -2.189136e+00 -1.051271e+00 3.681431e+00 7.482795e-01 3.712404e+00 1.917995e+00 -1.539946e+00 3.352661e+00 6.498219e-01 -6.853422e-01
-4.416395e-01 1.067234e+00 -2.486224e+00 2.267823e-01 4.925496e+00 1.783096e-01 2.693888e+00 2.720441e+00 -2.198402e+00 4.198869e+00 -1.355127e+00 -4.307084e-02
