-2.934303e+00 -4.618112e+00 1.465320e-01 2.964187e-02 1.079553e+00 2.293384e-03 -8.649875e-01 -1.352883e+00 -5.673439e-02 -1.733241e-01 1.894925e-01 -2.911187e-01
-3.005412e+00 -1.889173e+00 6.803867e-01 -1.177292e+00 -1.938071e+00 -1.891537e+00 -1.439216e+00 -1.672710e+00 -7.319356e-01 -1.323456e+00 -4.985874e-01 1.414961e+00
-6.050682e-03 -4.653226e+00 -8.453938e-01 1.317983e-02 1.101257e+00 2.962862e-01 8.393253e-01 6.075570e-01 1.061503e+00 8.794769e-01 1.169769e+00 3.310134e-01
-3.301748e-01 -6.210608e+00 2.862783e+00 2.721571e+00 -2.465034e+00 -2.142354e+00 -1.196817e+00 -3.726602e+00 -1.723884e+00 -1.556821e+00 -2.735994e-01 -8.631675e-01
4.009077e+00 -5.254283e-01 1.232889e+00 -1.718634e+00 -1.093632e+01 6.148316e-01 1.105929e+00 -1.690835e+00 9.928498e-01 -3.369426e+00 9.186975e-01 6.749822e-01
7.198236e+00 7.485331e-01 2.225438e+00 -2.650771e+00 -1.205485e+01 -3.226026e-01 2.062985e+00 -6.125590e-01 1.092711e+00 -4.852857e+00 6.638486e-01 5.970862e-01
-2.203167e+00 -1.699165e-01 1.056966e-01 -1.491874e+00 -3.285360e+00 -4.008578e+00 -3.108351e+00 -2.528705e+00 -1.787681e+00 -1.113821e+00 -6.931392e-01 -5.743056e-01
9.702295e-01 -4.918638e+00 6.934214e-02 5.811980e-01 -2.901775e+00 -3.137788e+00 -1.891073e+00 -1.690915e+00 -1.509215e+00 -1.347381e+00 -8.867543e-01 1.151952e+00
2.318712e+00 -3.077949e+00 -4.347492e-01 -2.873106e-02 1.085315e+00 7.468311e-01 7.254516e-01 1.802359e+00 9.125244e-01 -1.039840e-01 1.708055e+00 8.945059e-01
1.135755e+00 -5.541317e-01 1.076369e+00 -1.105966e+00 -5.826796e+00 6.848835e-01 1.552176e-03 -1.094558e+00 1.438469e+00 -1.828827e+00 1.484463e+00 -3.151244e-01
-1.231812e+00 1.096224e+00 -4.157148e-02 -1.982679e-01 -2.393504e+00 -1.400087e+00 -1.395641e+00 -1.514792e+00 -2.395903e+00 -7.645933e-01 1.114090e+00 -5.497516e-01
-3.397797e-01 -3.167936e+00 2.190737e+00 1.344827e+00 -1.606827e+00 -2.809681e-01 -5.715327e-01 -3.596655e+00 -9.375097e-01 1.231942e-01 -7.359906e-01 -3.598119e-01
8.272658e+00 1.620872e+00 3.546457e+00 -1.879899e+00 -8.572424e+00 -4.515523e-01 2.267530e+00 -2.325820e-01 9.007969e-01 -3.613816e+00 8.590395e-01 9.159195e-03
-7.260265e-01 2.649642e+00 -7.738360e-01 2.247780e-01 -6.614300e-01 3.507138e-01 8.089040e-01 -2.549427e-01 -2.187522e+00 4.875842e-01 1.493287e+00 -3.551646e-01
1.450791e+00 1.559867e-01 1.996026e+00 -7.105680e-01 7.560377e-01 2.976720e+00 -1.435495e+00 -1.572717e+00 7.400925e-01 9.843238e-01 5.552360e-01 -1.673782e+00
1.110800e+00 1.971156e-01 7.986923e-02 5.609161e-01 9.054138e-01 1.036738e+00 4.699704e-01 -2.000183e+00 -5.194931e-01 3.004025e-02 -5.966893e-01 3.738748e-01
2.895003e+00 -9.290462e-01 -8.749421e-01 -2.423696e-01 8.233196e-01 -5.334382e-01 -2.435634e+00 -1.229456e+00 -5.719383e-01 -4.432663e-01 -3.295764e-01 -5.757081e-01
3.950645e-01 1.785662e-01 -4.237871e-02 4.550684e-01 1.862688e-02 2.898938e-01 2.531855e-01 -8.884619e-01 -6.333629e-01 -6.357754e-01 -2.031225e+00 -1.551580e-02
-1.127377e+00 2.092182e+00 -2.037070e+00 -3.425472e-01 3.194438e-01 1.078414e+00 1.577492e-01 -6.201866e-01 -2.558059e+00 -9.434470e-01 -1.570253e+00 -2.216699e+00
1.083715e-01 -1.559297e+00 -1.932521e+00 -3.906708e-01 2.085610e+00 7.647290e-01 1.121391e+00 4.951498e-01 -2.481380e+00 -1.900165e+00 4.279547e-01 3.743702e+00
-2.965555e-01 1.080980e+00 -8.482315e-02 -1.459340e+00 -5.827068e-01 -1.107913e+00 3.603497e-01 -2.749623e-01 3.288833e-01 1.100094e+00 -2.625639e-01 -2.396925e-01
2.899036e-02 -1.489146e+00 -1.344474e+00 4.271055e-01 1.164016e+00 6.303781e-01 1.307657e+00 -4.125094e-01 -8.160334e-01 -1.817731e+00 8.997755e-01 2.657015e+00
-2.574644e+00 -1.450865e-01 2.225713e-01 -1.493138e+00 -6.384765e-01 4.119616e-01 2.323219e-01 1.015928e+00 1.078084e+00 -1.373543e+00 8.412110e-01 1.159921e+00
-1.658002e+00 1.143547e-01 4.220521e-01 3.931604e-01 3.939146e-01 -4.719870e-01 1.007415e-01 2.276968e+00 1.482274e+00 1.888672e-01 4.999423e-01 1.155831e+00
1.434397e+00 -1.812920e+00 -7.687543e-01 -7.356667e-01 -1.519442e+00 -8.000830e-01 -6.012824e-01 1.139485e+00 -4.856203e-01 -1.598789e+00 -3.044482e-01 8.970568e-01
4.670494e-01 -1.412690e+00 -2.540486e+00 2.327502e-01 3.445009e+00 -4.262471e-02 -5.938066e-01 1.673783e+00 -2.639199e+00 -7.441562e-01 -1.437078e-01 3.313580e+00
6.970014e-02 -1.329582e+00 -7.578173e-01 8.020502e-01 8.035267e-01 1.473034e-01 1.225970e+00 -3.145290e-01 1.144305e-01 -8.647329e-01 9.591373e-01 1.103777e+00
3.394676e+00 2.617926e+00 -2.295933e+00 -4.460732e+00 1.707052e+00 1.331358e+00 -4.120102e+00 1.045632e+00 1.741896e+00 1.498378e+00 5.779791e-01 -1.406501e+00
5.761240e-01 6.872655e-01 -1.581740e+00 -6.622222e-01 1.351478e+00 -1.247321e-01 -2.122837e+00 1.102065e-01 7.519901e-01 2.094921e+00 4.655085e-01 -1.607586e+00
-1.971633e-01 -4.881568e-01 -1.052045e+00 -1.088692e+00 4.655049e+00 3.658610e-01 -4.063897e+00 -7.084671e-01 2.560637e+00 3.075622e+00 -2.232216e+00 -1.587885e+00
-5.099850e-01 1.239101e+00 -2.807956e+00 -1.688764e+00 4.493365e-02 1.560788e+00 1.969028e-01 1.151912e+00 2.467317e-01 -5.222664e-02 -8.669685e-01 -1.754559e-01
-1.208302e-01 -2.771915e-01 -6.932576e-01 -5.243596e-01 -9.924680e-01 -1.840042e+00 4.152790e-01 1.752724e+00 1.839021e+00 2.864539e+00 2.576787e+00 3.334118e+00
1.216003e-01 2.871140e-02 -5.307336e-01 4.017996e-01 -5.933224e-01 -1.890152e+00 3.069207e-01 1.776503e+00 1.476127e+00 2.869262e+00 2.103748e+00 3.108317e+00
2.973641e-01 1.950637e-01 -2.094508e-01 4.289989e-01 -3.149109e-01 -1.309005e+00 8.481935e-01 1.331238e+00 9.797817e-01 1.505488e+00 1.304130e-01 1.402204e+00
1.102228e-01 2.407272e-01 4.784780e-02 9.770619e-01 2.290808e-01 3.501717e-01 5.603724e-01 -4.184582e-01 -9.881457e-01 -7.210340e-01 -9.922678e-01 -3.576871e-01
2.334389e-01 4.053215e-01 7.570748e-01 3.840545e-01 1.218140e-01 1.513167e+00 5.345160e-01 -7.063681e-01 -8.660190e-01 -2.773915e+00 -9.092773e-01 -4.481126e-01
-5.723208e-01 -3.067932e-01 2.753809e-01 -5.882508e-01 -3.214578e-01 1.629442e+00 3.459236e-01 7.023271e-01 1.357525e+00 4.653098e-02 8.021717e-01 4.573866e-01
-4.073811e-01 -2.784972e-01 -6.334414e-02 -5.022932e-01 -7.788377e-02 4.683323e-01 -1.699143e-02 5.366805e-01 6.696597e-01 2.892075e-01 1.563587e+00 1.704925e+00
2.777716e-01 -1.903254e-01 -5.717624e-01 -1.073999e+00 -3.185062e-01 -1.070252e+00 7.798694e-01 1.291784e+00 1.020995e+00 8.908326e-01 3.726591e-01 9.188917e-01
3.719587e-01 6.278054e-02 -2.286730e-01 -5.449524e-01 -5.705477e-01 -1.018382e+00 8.115852e-01 -1.061568e-01 1.954135e-01 9.247511e-01 -7.125694e-01 -1.955118e-01
4.372118e-01 7.115676e-01 6.747160e-01 9.124061e-01 2.543252e-01 4.041005e-01 5.527428e-01 -1.620381e+00 -1.243213e+00 3.575699e-01 3.593090e-01 -6.359528e-01
-3.416800e-01 4.768218e-01 8.176311e-01 4.840652e-01 -4.687071e-04 4.973909e-01 -5.453750e-01 -1.194460e+00 -1.069634e+00 1.444371e+00 1.284729e-01 -2.043739e+00
-7.268635e-01 -1.793873e-01 3.873817e-01 6.755395e-01 4.006996e-01 7.101778e-01 -9.457563e-01 -8.678471e-01 -1.780879e+00 -1.739965e-01 8.607632e-01 -7.275257e-01
-7.505690e-01 -6.245294e-01 -8.148311e-01 -1.072361e-01 -4.146048e-01 6.280320e-01 6.634685e-01 1.118936e+00 -7.970670e-01 -1.309289e+00 3.623188e-01 7.457048e-01
1.228983e-01 -1.268324e-01 -7.557760e-01 -3.354982e-01 -2.159753e-02 7.495722e-01 4.506477e-01 6.634138e-01 4.367031e-01 -4.959565e-01 -7.852902e-01 8.071893e-01
5.025331e-01 4.623896e-01 -1.491615e-01 6.465795e-01 6.813607e-01 3.056234e-01 -4.601659e-01 -2.952976e-01 1.382792e+00 9.753408e-02 -1.770082e-01 7.667043e-01
4.995134e-01 1.054718e+00 4.400045e-01 2.855252e-01 4.809297e-01 -7.448288e-01 -5.147017e-01 3.086291e-01 1.083418e+00 4.567979e-02 -5.412671e-01 -5.331091e-01
2.241341e-01 5.268694e-01 8.154491e-01 5.377306e-01 9.440624e-01 -7.700964e-01 -1.353720e+00 4.877310e-01 -3.293178e-02 -1.113206e+00 -2.555846e-01 1.261592e-02
-1.407383e-01 -2.964291e-01 7.311617e-01 5.070276e-01 4.261113e-01 4.039578e-01 7.439450e-01 1.655510e+00 -2.404085e-01 -1.491906e+00 -4.882763e-01 7.257251e-01
-3.832728e-01 8.893245e-01 1.128545e+00 1.182627e+00 1.256443e+00 4.503498e-01 1.381073e+00 1.436514e+00 -1.187003e-01 8.787140e-01 2.084720e+00 7.417960e-02
-1.083433e+00 2.139259e-01 7.180411e-01 -5.437191e-01 7.538114e-02 1.573256e+00 2.067738e+00 2.052121e+00 4.817332e-01 -1.419914e-01 1.281844e+00 9.680918e-01
-1.086441e+00 -6.042296e-02 4.492273e-01 1.200668e+00 1.487529e+00 6.550217e-03 3.768500e-01 1.779639e+00 1.743180e+00 8.605443e-01 5.621201e-01 1.161823e+00
-2.056059e-01 2.695071e-01 2.455700e-01 5.172808e-01 -3.280750e-01 6.269965e-02 -3.319627e-01 -2.552508e+00 -1.643425e+00 -8.706072e-01 4.326716e-01 5.667381e-01
1.620970e+00 8.209825e-01 -1.066846e-01 9.972701e-02 -8.612941e-01 -8.431036e-01 -1.501222e+00 -1.570903e+00 -1.439835e+00 -7.113356e-01 -1.868710e-01 6.340895e-01
-1.023714e+00 -5.552822e-01 1.333480e+00 1.775336e+00 5.719776e-01 6.755808e-01 8.127463e-01 -6.001846e-01 -1.651522e+00 -1.271736e+00 -5.786694e-01 -1.362536e-01
-2.160662e-01 7.367835e-02 -3.589616e-01 -1.387868e+00 -1.295687e+00 -3.413221e-01 -9.504101e-02 -6.651004e-02 -6.746082e-02 1.350881e+00 8.247333e-01 1.459673e+00
6.322983e-01 -6.582547e-01 -1.396521e-01 -8.235056e-01 -2.646842e+00 -1.543159e+00 -1.012432e+00 -3.449556e+00 -9.950771e-02 6.357863e-01 -7.295784e-01 1.404328e-01
-4.932194e-02 -1.316025e+00 -6.442787e-01 3.800464e-01 -9.867008e-01 -7.736524e-01 -6.000651e-01 -3.340282e+00 -2.620863e-01 1.016958e+00 -1.011473e+00 -5.165480e-01
-2.756061e-01 -6.786794e-01 -5.858723e-01 2.590711e-01 7.197046e-02 -1.001076e+00 -2.270804e-01 -3.331161e-01 9.078920e-01 5.697638e-01 -5.999244e-01 -3.525069e-01
-6.900268e-01 3.776202e-01 5.650282e-02 9.165220e-01 1.990282e+00 -9.016567e-02 1.156219e+00 3.584702e+00 2.388784e+00 -1.492917e-01 2.390811e-01 1.406956e-03
-6.878636e-01 1.191288e+00 -1.091475e-01 2.083857e-01 2.975191e+00 8.682609e-02 -6.056191e-01 3.290128e+00 2.031147e+00 -2.728678e-01 1.505082e+00 1.868168e+00
1.414702e-01 5.737904e-01 -1.886185e-01 1.074743e-03 1.403350e+00 1.501157e+00 -1.095783e+00 1.237213e+00 4.470671e-01 -1.591545e+00 -2.938147e-01 1.800678e+00
3.586068e-01 3.079363e-01 -3.246143e-01 -9.811439e-02 1.307020e-01 6.178120e-01 -4.107003e-01 -4.611126e-01 -1.264714e+00 -4.933149e-01 8.405259e-02 7.067243e-01
2.589541e-02 -2.604303e-01 -4.141718e-01 1.149406e-01 -5.085029e-01 -2.499373e-01 5.599823e-01 9.136224e-02 -1.103205e+00 5.611116e-01 1.471465e-01 -9.867180e-01
-2.198736e-01 -3.731654e-01 -2.151256e-02 9.108788e-01 -8.284703e-01 -9.808720e-01 1.868978e+00 1.480074e+00 3.607338e-02 7.842429e-01 -3.997788e-01 -2.374675e+00
-2.557852e-01 -7.317605e-02 3.964583e-01 1.250746e+00 -1.156863e-01 -1.448213e+00 8.929302e-01 1.176352e+00 8.527163e-01 6.493780e-01 -1.173662e-01 -1.732180e+00
-9.295381e-01 -4.376279e-01 7.492173e-01 1.034304e+00 1.063927e+00 7.036400e-01 7.092482e-01 6.101739e-01 -9.197189e-01 -1.549899e+00 -5.385801e-01 -1.377780e-02
-8.266114e-01 -1.568344e-01 4.861740e-01 8.195896e-02 6.099797e-01 1.121842e+00 5.214291e-01 1.321897e+00 -8.912750e-01 -3.763931e-01 7.468003e-01 1.334024e+00
-1.627385e-01 -1.150856e+00 -6.738577e-01 -1.122658e+00 5.987866e+00 -1.916900e-01 -4.957840e+00 2.975208e-01 1.582568e+00 2.613269e+00 -5.931225e-01 -1.797584e+00
3.839327e+00 2.642475e+00 -5.402328e-01 -3.801679e+00 1.093666e+00 3.926397e+00 -3.798685e+00 1.268464e+00 2.785905e+00 5.626352e-01 2.201311e+00 -1.641546e+00
-3.921457e-01 1.445640e+00 -3.616291e-01 -5.831673e-01 -1.484013e-01 -8.924665e-01 6.936993e-02 -2.541210e-01 2.321887e-01 1.627610e+00 -9.043563e-01 4.373800e-01
3.278122e-02 4.557515e-01 7.720240e-01 1.399812e+00 4.693640e-01 -2.159162e-01 1.772177e+00 1.761795e+00 1.604034e+00 1.462556e+00 -1.329042e-02 2.037748e+00
1.135680e-01 -9.305422e-01 9.693895e-02 3.756247e-01 7.324101e-01 -9.063964e-02 4.429399e-01 1.838308e-01 5.126593e-01 4.076437e-01 4.717976e-01 -2.528967e-01
-2.332967e-01 1.190041e+00 -3.843561e-01 -3.380759e-01 2.025997e-01 -1.010224e+00 4.665056e-01 -3.323164e-01 -1.921856e-01 1.518875e+00 -4.620201e-01 -8.891644e-02
-7.404648e-01 1.786930e+00 1.291794e+00 8.737063e-02 -1.259270e+00 -1.730586e+00 2.116730e-01 8.615988e-01 -4.384220e-01 -5.835961e-01 4.182936e-01 -8.727336e-02
-6.363150e-01 6.250156e-01 1.789633e+00 8.106970e-01 -9.450833e-01 -1.873870e+00 5.324771e-02 -5.071973e-01 -1.529634e+00 -1.425220e+00 -6.152554e-01 -1.335258e+00
4.088794e-01 -1.321004e+00 -2.297761e+00 4.802832e-01 5.164096e+00 -1.097731e+00 -2.715219e+00 3.088587e+00 -3.440552e+00 2.069279e+00 -4.541458e-01 1.549579e+00
-1.766361e-01 9.725028e-01 -2.493773e-01 1.965775e-01 -1.065498e-01 -6.342407e-01 3.371181e-01 -2.236691e-01 1.134017e-01 1.159411e+00 -2.645344e-01 -4.633048e-01
3.128341e+00 1.382723e+00 1.541728e+00 1.705774e-01 1.970539e+00 1.934981e+00 3.525410e-01 -1.016566e+00 7.748430e-01 6.039103e-01 1.921115e-01 -9.037889e-01
-5.825141e-01 3.373408e-01 -9.296711e-01 -3.477748e-01 3.633781e+00 3.014203e-01 -3.656213e+00 -1.331596e-02 1.556326e+00 3.250614e+00 -1.330716e+00 -2.367847e+00
2.343682e-01 -1.508965e+00 -1.016022e+00 4.085187e-01 5.968482e+00 -8.167136e-01 -5.871480e+00 1.677863e+00 5.372345e-01 2.365666e+00 2.680702e-01 -1.497543e+00
-1.797571e-02 -1.244737e-01 8.900259e-01 -2.025815e-01 -7.190992e-01 2.910500e+00 1.316912e+00 -2.098511e+00 -2.517198e+00 3.301288e+00 -1.001224e+00 -1.397914e+00
-3.499656e-01 1.973420e-01 4.026540e-01 -1.395227e+00 -1.177854e+00 5.270159e-01 1.211715e+00 -1.141487e+00 -1.457164e+00 -2.574990e+00 -3.107505e+00 -1.059146e+00
6.159420e-01 3.197815e-01 1.621819e-01 1.330629e+00 -7.398475e-01 -8.074985e-02 1.768788e+00 -4.656833e-01 -4.408942e-01 8.679608e-01 -2.055642e-01 8.081684e-01
1.199936e-01 3.746205e-01 5.530838e-01 9.935541e-02 -6.246853e-01 -6.758754e-02 4.583080e-01 -7.418215e-01 1.492096e+00 -5.295079e-01 8.358633e-01 -1.183076e+00
2.749036e-01 -1.289151e+00 -1.944023e+00 8.324410e-01 5.846282e+00 -1.070343e+00 -4.363843e+00 2.372985e+00 -1.736117e+00 2.504152e+00 4.455699e-01 -1.764556e-01
6.543692e+00 2.365460e+00 2.504632e+00 -6.884042e-01 -1.509735e+00 -4.861741e-01 1.787482e+00 -2.031047e-01 -5.649539e-02 -7.849599e-01 8.509704e-01 -2.036688e-01
3.039555e-01 -2.766165e-01 7.306116e-01 4.952564e-01 4.901772e-01 9.420252e-01 1.142706e-01 4.852861e-01 1.209482e+00 1.122017e+00 3.615146e-01 3.893541e-01
1.765603e-01 -3.970101e-01 5.533310e-01 4.608578e-01 -1.614464e-01 2.662144e-01 -2.962166e-01 -5.855179e-03 2.114226e+00 -5.099192e-01 4.417101e-01 -9.684728e-01
-9.101999e-01 5.075757e-01 1.634716e+00 7.750654e-02 1.669435e+00 2.826272e+00 -7.218605e-01 -1.335487e+00 5.573523e-02 1.385240e+00 -1.100574e+00 3.091602e-02
3.699940e-01 -1.961620e-01 8.047124e-01 4.079304e-02 -2.859875e-01 -1.849501e-02 3.409071e-01 -7.624814e-01 2.042132e+00 -6.719266e-01 5.063831e-01 -1.093104e+00
-9.211860e-01 -9.761170e-01 4.526167e-01 1.004225e+00 -4.142825e+00 2.778738e-02 3.652090e+00 -1.036279e+00 -2.237820e+00 -2.091114e+00 -2.512381e+00 -1.214264e+00
-2.163928e-01 1.688390e+00 3.093344e-01 -1.235717e+00 5.695983e-01 -5.394295e-01 -1.836871e-01 -6.680586e-02 1.982476e-01 -6.654649e-01 -1.015911e+00 -4.561112e-01
-1.023478e+00 2.122935e+00 4.180109e-01 -4.639555e-01 -1.601465e+00 -1.189597e+00 3.841706e-01 2.491378e+00 -1.392461e-01 -5.451420e-01 1.680330e+00 8.898572e-01
-6.808354e-01 -1.129620e-01 -1.845199e+00 -9.759552e-01 1.428880e-01 1.132086e+00 -6.239787e-01 1.423576e+00 2.596531e+00 1.447501e+00 -1.343842e-01 -7.703536e-01
1.466206e-01 2.137313e+00 -6.796719e-01 1.071617e+00 3.415668e+00 -5.866487e-01 5.800529e-01 1.895141e+00 2.263654e-01 7.548225e-01 2.095440e+00 -2.410919e-01
2.847469e-01 -2.655764e-02 8.402144e-01 -1.568235e+00 -2.685763e+00 2.263252e+00 2.418620e+00 -2.753944e+00 -3.612267e+00 2.485609e+00 -1.347582e+00 -2.533454e+00
-5.836868e-02 -1.132607e+00 -2.508706e-01 4.359020e-01 2.645400e-01 4.843298e-01 -6.695739e-01 5.565574e-01 2.161818e+00 1.574566e+00 5.360463e-01 6.182556e-01
-9.746308e-01 1.178614e+00 1.442629e+00 -7.164788e-02 1.976194e+00 1.551172e+00 -9.702228e-01 2.123117e-03 9.221184e-01 -6.013986e-01 -1.159260e+00 1.088964e+00
-1.062399e+00 1.937000e+00 6.032237e-01 1.698253e-01 1.421217e+00 -3.782182e-02 -1.257898e+00 1.023840e+00 1.672715e+00 -5.955278e-01 4.854569e-01 2.425303e+00
-1.108260e+00 1.718730e+00 -6.993559e-01 8.516477e-01 3.422596e+00 2.515561e-01 -2.906164e+00 1.220470e+00 2.544341e-01 1.771014e+00 9.066773e-03 -3.216374e+00
2.521802e-01 2.893531e+00 -8.114182e-01 -1.900028e-01 3.362941e+00 -6.713579e-01 -8.882195e-01 6.522379e-01 3.139018e-01 3.847735e-01 8.775519e-01 -1.717947e-01
-1.490502e+00 1.930007e+00 -3.118686e-01 -9.619584e-01 4.378599e-01 -1.540422e-01 -3.098590e-01 2.192390e+00 1.747643e+00 -1.393196e+00 1.133459e+00 1.004076e+00
3.627613e-01 1.630174e+00 1.729621e+00 -1.224613e+00 -3.448757e+00 3.552518e-01 6.499256e-01 -3.845252e+00 -2.311532e+00 2.386316e+00 3.500910e-01 -5.896918e-01
-3.963442e-01 -1.817899e+00 1.159872e+00 2.398314e+00 -1.513902e+00 -2.291690e+00 8.779528e-01 -9.966413e-01 -2.111074e-01 -4.148867e+00 -3.316949e+00 2.480440e+00
2.525344e-01 -1.786488e-01 1.921466e-01 1.732775e+00 3.910638e-01 6.115132e-01 -1.454881e+00 1.027640e+00 -5.688469e-01 -1.076259e+00 4.130263e-01 1.050349e+00
-1.461038e+00 -1.695629e+00 9.853905e-01 3.039643e+00 -2.687598e+00 -2.561393e+00 2.574172e+00 -3.601238e-01 1.637744e+00 -2.272447e+00 -1.262547e+00 3.069636e+00
1.121430e-01 -1.952093e+00 7.258403e-01 1.393400e+00 -7.607964e-01 -1.341713e+00 2.284607e-01 1.574204e+00 -1.952451e+00 -3.675388e+00 -2.363662e+00 1.051286e+00
3.975096e-02 2.233955e+00 1.770022e+00 -8.137852e-01 -2.464271e+00 8.904607e-01 5.963858e-01 -1.571645e+00 -6.956948e-01 1.978487e+00 2.770596e+00 4.655100e-01
-2.504451e-01 1.707433e+00 1.303012e+00 4.261109e-01 -1.434277e+00 1.007845e+00 8.361347e-02 6.030468e-01 3.628694e-01 1.133872e+00 3.052878e+00 9.481732e-01
-2.517016e+00 -8.040963e-01 9.472464e-01 3.753781e+00 -1.758396e+00 -1.211285e+00 5.058674e+00 -5.528990e-01 1.883463e+00 -4.430854e-01 -3.794487e-01 1.115080e+00
-8.061640e-01 2.758366e+00 -8.366534e-01 7.896068e-01 4.339231e+00 1.293857e-01 -1.505271e+00 2.683572e+00 -3.831808e-01 3.332903e-01 5.130380e-01 -3.013320e+00
-2.051162e+00 6.580690e-01 -3.138619e-01 3.010087e+00 1.684063e+00 3.376897e-01 5.119426e+00 -3.876925e-03 1.215048e+00 2.913454e-01 -8.386425e-01 -1.019772e+00
-1.346803e+00 9.090995e-03 -2.026157e+00 1.733089e+00 -2.345310e+00 -1.529672e+00 4.203305e+00 -7.307490e-01 -1.947191e+00 4.305916e-01 -3.033854e+00 -1.154664e+00
-1.126953e+00 3.153522e+00 -5.333470e-01 6.008723e-01 5.586649e+00 8.323230e-01 1.825630e+00 2.011892e+00 -7.358140e-01 -2.170496e-01 8.485837e-02 -3.588156e+00
-1.520267e+00 1.212728e+00 -3.288582e+00 7.902053e-01 -4.665285e-01 -1.200180e+00 1.853523e+00 -9.049215e-01 -6.477112e-01 2.806251e+00 -2.062202e+00 -5.302837e-01
-1.736928e+00 2.263539e+00 -1.965767e-01 1.110552e+00 3.853209e+00 5.636911e-01 4.297009e+00 1.940461e+00 -3.468223e-02 -8.859887e-02 -1.050421e+00 -2.447876e+00
