4.660949e+00 1.033599e+00 1.156341e+00 9.380951e-02 -3.677783e+00 -3.754904e+00 -1.308455e+00 -2.160089e+00 -1.724536e+00 1.432660e+00 9.972101e-01 -8.130940e-01
4.754525e+00 2.929036e+00 2.494984e+00 9.350752e-01 -1.827764e+00 -2.858707e+00 3.165247e-01 -1.723525e+00 -4.742912e-01 2.045516e+00 -1.530323e-02 7.540973e-01
3.013698e+00 -9.178022e-01 -1.923000e-01 1.752167e-01 -5.410162e+00 -4.302297e+00 9.214597e-01 -1.668976e+00 -7.638799e-01 1.246052e+00 1.280676e+00 -8.141108e-01
3.841087e+00 3.719949e+00 2.826963e+00 1.323003e+00 5.170012e-01 -9.310063e-01 1.794239e+00 -1.558156e-01 -3.075423e-02 -3.374473e-01 -8.300018e-01 1.077738e+00
1.298711e+00 -1.015430e+00 -9.063616e-02 -4.512525e-01 -4.819190e+00 -3.796173e+00 3.116330e+00 -1.511609e+00 3.007080e-01 4.108722e-01 8.041908e-01 -1.103214e+00
7.735792e-01 1.361264e-01 -3.731370e-01 -2.007186e+00 -3.475969e+00 -1.793846e+00 2.895898e+00 -9.592520e-01 1.000332e+00 -1.066825e-01 6.441897e-01 -8.726841e-01
9.130651e-01 3.098179e-01 -1.780175e+00 -2.953287e+00 -2.043029e+00 -1.313684e-01 1.584855e+00 -1.526097e+00 2.324242e+00 2.138054e+00 -3.968068e-01 -1.043157e+00
-1.703454e-01 -3.161093e+00 -1.711188e+00 -4.572338e-01 -1.660009e-01 1.840660e+00 8.819483e-01 2.595963e+00 1.118049e+00 -9.977158e-01 -5.779662e-01 -5.089576e-01
5.908804e-02 -4.070918e+00 -1.508329e+00 -5.899578e-01 1.528594e+00 2.233490e+00 1.132701e+00 2.043633e+00 -2.924091e-01 -2.932689e+00 6.157249e-01 -1.650303e+00
7.140936e-01 2.336375e-01 -2.943151e+00 -3.110619e+00 -1.701410e+00 3.289262e+00 -9.863501e-01 -7.640746e-01 2.709089e+00 3.285056e+00 -1.227457e+00 -9.079369e-01
2.075635e+00 2.313688e+00 2.329347e+00 1.386324e+00 4.320039e-01 4.238635e-01 3.142454e+00 1.320611e+00 3.043216e-01 -5.722028e-01 -1.244711e+00 -3.721303e-01
-1.229839e-02 -2.207597e+00 -2.146819e+00 -1.045259e+00 -1.130253e+00 2.053224e+00 1.071869e+00 5.994815e-01 3.223139e+00 1.229950e+00 -1.904298e+00 7.937361e-01
3.361010e-01 -9.688075e-01 -2.869296e+00 -1.930058e+00 -1.827972e+00 3.059201e+00 2.952307e-01 -1.046558e+00 3.752225e+00 2.934736e+00 -2.247716e+00 4.497690e-01
1.130240e-01 -3.187658e+00 -1.465515e+00 -7.466386e-01 2.452783e+00 3.511888e+00 2.728273e-01 1.392601e+00 -1.055291e+00 -4.176395e+00 1.056651e+00 -2.047285e+00
1.487757e+00 -5.574335e-01 -2.234541e+00 -1.003674e+00 8.289444e-01 -7.337062e-01 -1.426788e+00 -6.973634e-01 9.701818e-01 1.224741e+00 1.031287e+00 9.685637e-01
2.283379e+00 1.280824e+00 1.599708e-01 -2.197823e+00 -3.475446e+00 -7.173255e-01 -1.215618e+00 -1.228616e+00 -1.291651e-01 -2.419260e+00 -1.769643e+00 -1.588121e+00
-3.305197e-02 -2.105578e+00 -9.050444e-01 1.328056e+00 3.520185e+00 5.624852e-01 -1.315429e+00 9.042060e-01 -4.897942e+00 -4.824181e-01 -7.293224e-01 1.900422e+00
-3.785549e-01 -1.435936e+00 -3.988290e-01 6.964545e-02 3.649653e+00 -4.642228e-01 -1.230931e+00 -2.526443e+00 -3.376860e+00 2.916585e+00 -8.590050e-02 2.677426e+00
2.099432e+00 8.663450e-01 -1.252654e-01 -2.546659e+00 -2.310803e+00 -8.084410e-01 -3.552510e-01 -8.577600e-01 -1.251398e+00 -1.221001e+00 -2.534777e+00 -9.582655e-01
9.179713e-01 -1.195416e-02 5.261421e-02 1.287387e+00 5.250264e-01 -2.326257e-01 -1.395306e-01 -4.833330e-01 4.874942e-01 1.419677e+00 1.824864e+00 1.015364e+00
-1.043590e+00 -1.392730e+00 3.073118e-01 1.270197e+00 1.197926e+00 -9.509479e-01 -1.711679e+00 -1.871603e+00 -7.878240e-01 3.927489e+00 8.161354e-02 -4.792557e-01
-6.794575e-01 -1.555978e+00 1.087027e-02 7.805184e-01 2.348034e+00 -6.963680e-01 -1.589862e+00 -2.313954e+00 -1.974293e+00 3.399598e+00 5.398878e-01 1.208944e+00
1.043352e+00 8.399462e-01 5.682759e-01 8.270077e-01 6.028786e-01 -4.277248e-01 -8.747282e-01 3.066759e-01 1.285001e+00 1.333150e-01 -6.199685e-01 7.977856e-01
-6.750202e-02 -1.733427e+00 -6.473202e-01 7.589420e-01 3.520202e+00 -1.979203e-01 -1.076514e+00 -1.130544e+00 -4.313166e+00 1.491546e+00 -7.192604e-01 2.772704e+00
5.681023e-01 9.555224e-01 -2.453263e-01 2.771609e-01 -4.037089e-01 -1.643566e+00 -1.706782e+00 -5.426846e-02 9.950986e-01 3.528237e-01 -7.949343e-01 9.897831e-03
1.095351e+00 6.539768e-01 -3.499269e-01 -6.888306e-02 -9.665087e-01 -3.358519e-01 -1.975413e+00 -1.103156e+00 -9.089681e-01 -1.195342e+00 -6.146607e-01 -6.814516e-01
7.008432e-01 -1.114264e-02 4.150591e-01 3.849645e-01 6.120981e-01 9.697260e-01 7.779061e-01 1.625465e+00 1.438759e+00 -6.932152e-01 -1.428720e+00 -8.237939e-02
-1.060679e+00 -3.380753e-01 -3.445857e-01 1.733516e+00 8.224723e-01 -1.441043e+00 -2.497001e+00 -4.092447e-01 4.199743e-01 2.797890e+00 5.379497e-01 -2.648460e+00
-9.956803e-02 2.877092e-01 -7.156090e-01 -1.742188e-01 -9.058989e-01 -2.345281e+00 -3.134105e+00 -1.508079e+00 -1.410629e+00 -1.004906e+00 -1.711543e+00 -1.724731e+00
-4.578505e-01 -3.544422e-01 -3.110724e-01 -1.006554e-01 8.108084e-02 -2.962948e-01 -1.139715e+00 1.022729e-01 3.187481e-01 -7.271526e-01 -1.311664e+00 1.134897e-01
8.057556e-02 -2.626805e+00 -1.229522e+00 1.755530e-01 2.725195e+00 2.859437e+00 6.887271e-01 1.569142e-02 -1.319400e+00 -4.501339e+00 3.824041e-01 -1.118240e+00
2.013847e-01 3.364921e-01 7.712384e-01 1.729190e+00 1.229899e+00 1.022238e+00 2.912532e+00 2.170197e+00 -7.790490e-01 5.238720e-01 -6.107950e-01 -3.230169e-01
-3.223896e-03 -2.042981e+00 -1.142346e+00 1.890294e+00 3.272751e+00 8.476686e-01 -1.049526e+00 1.526161e+00 -4.569889e+00 -1.507948e+00 -9.409663e-01 1.335210e+00
3.700205e-01 1.549525e-01 -8.557086e-02 6.576724e-01 4.880221e-01 -1.594258e+00 2.568637e-01 3.432325e-02 -3.398845e-01 -4.291719e-01 -7.362792e-01 6.981829e-01
5.825853e-02 -6.090813e-01 -3.087235e-01 -1.141915e-01 6.331454e-02 1.567784e+00 4.099077e-01 1.019249e-01 -1.071959e+00 -1.662292e+00 -1.705643e+00 -4.906631e-01
-2.370063e-01 5.365748e-02 3.554007e-01 1.837854e+00 2.059199e-01 -6.482966e-02 -6.184631e-01 -2.717318e-01 -1.344096e+00 4.317516e-01 7.042819e-01 2.506773e-01
-3.424562e-01 3.854962e-01 6.508659e-01 -1.203165e+00 -1.491865e-01 1.877743e+00 -1.528119e-01 -6.578949e-01 -5.558974e-01 -2.324359e-01 -2.508688e-02 -8.228371e-01
7.359324e-02 1.519101e+00 2.123815e+00 1.400886e+00 1.803765e-02 8.794545e-01 1.831827e+00 7.822351e-01 3.260704e-01 1.020905e+00 2.142604e+00 1.475361e+00
6.521682e-02 8.537640e-02 -1.100869e-01 4.523981e-01 -5.863284e-02 -1.114544e+00 -6.289396e-01 6.984941e-01 1.222247e+00 4.284248e-01 -5.218652e-01 -8.266937e-01
-1.394521e-01 -1.789091e-01 2.138559e-01 2.063930e-01 -8.787627e-01 -6.673069e-02 -6.450154e-01 -3.922082e-01 -6.847769e-01 -2.129992e-01 1.737534e+00 7.177821e-01
-2.420323e-01 1.325452e-02 2.843242e-01 -5.700433e-01 -9.433483e-01 8.368165e-01 1.005034e+00 3.143736e-01 -1.130105e-01 -9.615057e-01 6.913037e-01 -2.939774e-01
-8.248329e-03 9.828608e-02 -3.335516e-01 -1.069327e+00 4.269857e-02 -2.058593e-01 1.132533e+00 7.583088e-01 -1.717887e-01 -3.935452e-01 -7.445329e-01 -9.777094e-01
1.448041e-01 2.449213e-01 -1.710269e-01 -2.346547e-01 4.123876e-01 -1.116105e+00 9.401298e-01 3.714973e-01 1.809819e-01 2.261862e-01 -1.317946e+00 -9.460605e-01
5.417217e-01 1.415924e-01 -5.210664e-01 -5.090576e-01 2.450595e-01 -3.562394e-01 -8.045534e-01 -5.788779e-01 1.434062e-01 -5.489696e-01 -1.915509e+00 -1.351859e+00
-4.671363e-01 -3.783340e-02 1.245332e+00 7.492946e-01 -2.825178e-01 -3.778305e-02 2.111634e-01 1.003747e-01 -2.646087e-01 3.151662e-01 -5.366848e-01 -1.119782e+00
3.374281e-02 -4.345116e-01 -2.302955e-01 9.074426e-02 1.366602e-01 -3.375913e-01 -2.980017e-01 -8.715882e-01 -2.225453e+00 -1.930231e+00 -1.568891e+00 -1.267517e+00
-3.500465e-01 -6.346554e-01 -7.054001e-01 6.120855e-01 4.045706e-01 -1.351365e+00 -1.208501e+00 5.138379e-01 1.741780e+00 7.036454e-01 1.754048e-02 3.222505e-01
-8.987255e-02 1.787407e-01 5.595711e-01 6.094450e-01 -1.620232e+00 -6.353258e-01 3.506571e-01 1.231670e+00 9.583446e-01 -2.657508e-01 -9.021438e-01 -1.414101e+00
-3.113995e-01 9.239661e-02 1.353369e+00 2.266841e+00 -1.222286e+00 -2.521374e+00 -9.781198e-02 2.035605e+00 1.603231e-02 8.672661e-01 3.057648e-01 -2.330292e+00
-5.297776e-01 3.022534e-01 1.816825e+00 1.172159e+00 -2.486208e-01 2.036616e-01 3.160509e-01 1.789832e-01 1.898599e-01 7.460310e-01 -4.909877e-02 -1.599435e+00
1.326216e-01 -8.552827e-01 -1.506542e+00 8.073668e-01 2.856868e+00 5.018469e-01 -9.069303e-01 1.744461e-03 1.353193e+00 -1.271219e+00 -1.737095e+00 -2.360496e+00
-6.168725e-01 -9.379038e-01 -1.489286e-01 6.597162e-01 4.151891e-01 -7.356335e-01 -2.488751e+00 -1.684697e-02 1.089282e+00 3.590496e-01 1.366564e+00 7.377326e-01
1.343899e-01 -2.377398e+00 -1.040364e+00 1.509344e+00 2.521305e+00 2.176234e+00 -3.118350e-01 9.077156e-01 -3.009089e+00 -3.462926e+00 -2.294405e-01 3.420784e-01
-3.280854e-01 -3.975733e-01 -8.369654e-01 -2.767340e-01 -7.588414e-01 -7.796196e-01 -1.517918e+00 -1.484907e+00 -3.062774e+00 -2.223091e+00 -1.800737e+00 -2.101385e+00
2.011947e-01 -3.981921e-01 -2.362923e+00 -2.736056e+00 -8.824452e-01 -7.320997e-01 -1.488430e+00 -3.511425e-01 8.893131e-01 -1.785319e-01 -1.660167e-01 1.206923e+00
1.240181e-01 -2.251205e-01 2.756514e-01 -7.430435e-01 -5.773343e-01 3.586177e-01 -5.031103e-01 -1.710451e+00 -1.428454e+00 -2.344252e-01 -1.336629e-01 -1.945185e+00
-1.184324e+00 1.694744e+00 2.534605e+00 1.116785e-01 -8.251463e-01 2.652946e+00 2.926030e+00 1.868633e+00 -9.406592e-01 -3.726221e-01 5.487853e-01 3.801896e-01
5.588646e-02 -1.076949e-01 -5.900435e-01 -2.078476e-01 -6.358679e-01 -2.747869e+00 -5.604798e-01 -8.079716e-01 -1.653652e+00 -8.213396e-01 8.132555e-01 9.850954e-01
3.300271e-01 -2.232389e-01 -8.292001e-01 1.441520e+00 1.263840e+00 8.237181e-01 -1.051927e+00 -1.149554e+00 1.159996e+00 -1.896581e+00 -1.442603e+00 -2.537956e-01
-7.074706e-01 -3.413608e-01 6.229573e-01 4.202791e-01 4.847866e-01 4.414962e-01 1.037884e+00 5.287329e-01 1.364090e+00 3.444285e-01 -2.298530e-01 2.393331e-01
-8.851460e-01 -2.171695e-01 2.338940e-01 2.648663e+00 2.061786e+00 7.481724e-01 5.405603e-01 2.514712e-01 -1.594265e+00 -6.245399e-02 3.758570e-01 3.751049e-02
1.358340e-01 1.441785e+00 1.200714e+00 5.989156e-01 9.148830e-01 2.489641e+00 1.972807e+00 2.068240e-01 2.823417e-01 8.338836e-01 1.850765e+00 2.132378e+00
-9.968009e-01 -6.624655e-02 1.814597e+00 8.654949e-01 6.662472e-01 2.673193e-01 3.283868e-01 5.362391e-04 8.697268e-01 9.192615e-01 1.070253e-01 -3.429540e-01
-1.130149e-01 2.248397e-01 -1.833243e+00 -6.291898e-01 3.097671e+00 8.395893e-01 -6.700178e-01 4.079134e-01 1.570004e+00 -1.051017e+00 -1.898182e+00 -2.218500e+00
-1.181749e+00 1.512107e+00 2.744478e+00 7.745261e-01 -1.783343e+00 1.083790e+00 2.999396e+00 2.253368e+00 -1.834229e+00 -9.973645e-01 1.026764e+00 1.497717e+00
-1.003587e-01 1.069055e+00 3.404577e-01 -2.096913e+00 9.287272e-02 2.730137e-01 7.158718e-01 1.265764e+00 1.110686e+00 -1.502029e+00 -1.394905e+00 -6.897404e-01
-2.639532e-02 -1.499474e-01 2.529918e-01 -5.243247e-01 -3.860601e-01 -1.117437e+00 -9.019969e-02 -3.797909e-01 4.048889e-01 1.774079e-01 8.500166e-01 -1.053670e+00
-6.010105e-01 -1.019840e-02 -1.212877e+00 -2.585101e+00 -1.211491e+00 -8.955534e-01 -8.761865e-01 -1.061602e-02 8.274969e-01 -7.447301e-01 -1.372879e+00 -2.389848e-02
-2.418012e-01 1.057116e+00 -8.482150e-01 -2.254695e+00 2.377316e+00 7.553280e-01 -5.951748e-01 1.594267e+00 1.220279e+00 -7.497426e-01 -2.403137e+00 -1.169168e+00
-2.429976e-01 1.119349e+00 1.119450e+00 1.842019e-01 1.016216e+00 2.341548e+00 5.250089e-01 -1.974723e+00 -1.634699e+00 -2.032645e-01 9.333957e-01 3.823361e-01
-2.365008e-01 1.038052e+00 9.564235e-02 -1.579038e+00 2.587116e-01 5.595066e-01 -3.117686e-01 -1.338095e+00 -3.282307e-01 2.947050e-01 -1.123800e+00 -2.002521e-01
-2.278300e-01 9.793383e-01 5.399601e-01 -8.331452e-02 -7.450696e-01 1.338120e+00 1.473402e+00 1.443047e+00 1.739852e+00 1.482651e+00 2.086683e+00 3.430602e+00
-8.874266e-01 1.546614e+00 -1.093826e+00 2.123101e+00 -2.740894e-01 -2.656561e+00 -1.591677e+00 -3.623193e-01 1.074255e+00 2.377892e+00 -1.195604e+00 -2.268157e+00
-1.459525e-01 2.057948e+00 2.186689e-01 -6.468683e-01 1.677666e-01 1.893260e+00 3.767527e-01 -1.979807e+00 5.689548e-01 -2.491055e+00 -1.253730e+00 2.279274e+00
-6.402788e-01 2.791990e+00 -9.497870e-01 1.251102e+00 -3.286837e-01 -2.682976e+00 -1.776913e+00 1.300292e-01 7.072349e-01 2.168732e+00 -1.673289e+00 -1.215883e+00
-3.507411e-01 3.829748e-01 3.701786e+00 3.621043e+00 -6.889095e-02 -4.071994e+00 2.291724e-01 3.246676e+00 -1.039185e+00 -6.952251e-01 3.260297e+00 -1.822508e+00
-4.556081e-01 3.434487e+00 -3.277628e-01 -8.907743e-02 -1.600205e-01 -1.955959e+00 -2.473665e+00 -3.572419e-01 1.819633e+00 9.915175e-01 -7.496238e-01 -3.070318e-01
5.642395e-02 2.449777e+00 1.319860e+00 6.918526e-03 -1.673480e+00 -3.662129e-01 -3.185434e+00 -8.052915e-01 2.486752e+00 4.993372e-02 9.121246e-01 4.731464e-02
-1.070152e+00 -5.142664e-01 -1.200017e+00 -1.071316e+00 -1.013730e+00 8.998189e-01 1.119491e+00 3.056466e+00 3.856227e+00 1.670441e+00 1.338458e+00 2.776921e+00
-1.262403e+00 3.290269e+00 9.343254e-01 -1.648392e+00 3.092820e-01 2.551633e+00 6.184446e-01 -1.018316e+00 3.915568e-01 -1.938098e+00 -2.208276e+00 3.042984e+00
4.816013e-01 1.364508e+00 4.135506e+00 1.607960e+00 -1.689325e+00 -1.071574e+00 -2.654191e+00 1.177667e+00 1.393557e+00 -2.024957e+00 4.271174e+00 -2.296542e-01
1.787445e-01 7.996684e-02 5.599437e+00 4.286536e+00 -2.342730e-01 -4.055917e+00 -1.440420e-01 3.738174e+00 -1.452114e+00 -2.002216e+00 5.501736e+00 -1.106689e+00
3.924499e-01 7.894192e-01 5.755373e+00 2.980670e+00 -6.713021e-01 -2.981696e+00 -1.120170e+00 2.605498e+00 -7.395105e-02 -2.859939e+00 5.855846e+00 -2.588468e-01
-2.519794e+00 2.134317e+00 1.038476e+00 -4.829167e-01 1.363801e+00 2.922834e+00 1.250537e+00 -1.263106e+00 -2.401695e-02 -9.104457e-01 -1.630167e+00 2.435613e+00
-2.126112e+00 -1.736264e+00 -2.247850e+00 -1.786060e+00 -2.787980e-01 8.442662e-01 9.598200e-01 1.773630e+00 3.006554e+00 2.434024e+00 2.622537e-01 1.669044e+00
-3.349113e+00 -3.723817e-01 5.533131e-01 4.954044e-01 2.567550e+00 2.824826e+00 1.303650e+00 -2.094584e+00 -6.026900e-01 3.083420e-02 -6.706957e-01 9.703455e-01
-3.374094e+00 -2.574766e+00 -1.892671e+00 -5.831822e-01 1.420332e+00 2.210032e+00 9.709513e-01 -8.335387e-01 7.032556e-01 1.690359e+00 5.187565e-01 6.052968e-01
-3.595345e+00 -2.499062e+00 -9.158388e-01 6.304873e-01 2.332518e+00 2.465810e+00 1.163851e+00 -1.930075e+00 -2.021085e-01 -2.060614e-02 -5.671564e-01 1.688836e-01
