-3.662528e+00 -4.004905e-01 2.274743e-01 -1.431844e+00 -5.823374e-01 1.283254e+00 -1.954426e+00 3.105775e-01 2.040297e+00 -2.151480e+00 -2.710890e-01 -1.224171e+00
-3.824291e+00 -1.920819e+00 -5.204436e-01 -1.160205e+00 1.373974e+00 -8.268525e-02 -1.655448e+00 -1.554371e+00 -1.611580e+00 -4.562179e-01 -4.827825e-01 -2.530864e+00
-3.024347e+00 1.029484e+00 -1.812744e+00 -1.048927e+00 -2.872761e-01 -1.877517e+00 -1.138949e+00 7.752156e-01 1.214247e+00 9.720538e-02 1.718650e+00 -3.334134e-01
-4.491367e-02 -1.203773e+00 -3.095274e+00 -2.831324e-01 -7.770500e-01 -1.117026e+00 -3.215548e+00 -1.968415e+00 -2.511847e+00 -1.118239e+00 -6.962803e-01 -3.077408e+00
-3.092328e+00 -1.189079e+00 2.249400e+00 -1.428303e+00 -1.106270e+00 1.311752e+00 -3.768991e+00 -1.194877e+00 1.297843e+00 -3.704507e+00 -1.309685e+00 -1.214265e+00
-7.381003e+00 -2.057866e+00 2.252271e+00 -3.198466e+00 1.466463e+00 2.192761e-01 4.891492e-01 1.336961e+00 1.128928e+00 1.942208e+00 -8.453600e-01 -4.078063e-01
2.537000e+00 -1.315821e+00 -4.636346e+00 8.378857e-01 -2.606468e+00 -1.602877e+00 -5.181080e+00 1.724682e-01 6.206284e-01 -6.809559e-01 -5.528380e-01 -3.169281e+00
-5.689672e+00 -1.429117e+00 1.755913e+00 -2.466833e+00 4.374808e-01 -2.313681e-01 8.075541e-01 2.819901e+00 1.325542e+00 1.438486e+00 2.181418e-01 1.236788e+00
-2.007041e+00 1.407168e+00 -1.224141e+00 -5.155752e-01 -4.767686e-01 -2.167652e+00 2.665974e-01 -2.990744e-01 -2.808066e-01 -3.465582e-01 1.062222e+00 2.550287e-01
-1.122048e+00 -1.828503e+00 2.547808e+00 -1.463435e+00 -7.469937e-01 9.427538e-01 -4.414359e+00 -6.466590e-01 2.413669e+00 -2.349404e+00 -1.611214e+00 -1.750167e+00
-1.514252e+00 7.762493e-01 2.187486e-02 -1.238703e+00 -1.047189e+00 -4.754828e-01 7.457286e-01 -1.168051e-01 -9.745020e-01 -2.535029e-01 4.428812e-01 3.982633e-01
-2.142442e+00 4.889796e-01 7.548733e-01 -6.206062e-01 -1.003461e+00 -3.849117e-01 2.223897e-01 2.279342e+00 6.556898e-01 -6.065211e-01 9.921429e-01 2.135740e+00
1.437827e+00 -2.467330e+00 -3.629952e+00 -4.272279e-01 -2.682476e+00 -3.695810e-01 -3.184882e+00 1.138939e+00 2.373083e+00 2.595099e-01 3.097191e-01 -4.647510e-01
-1.165423e+00 1.165993e+00 5.193083e-01 -3.354252e-01 -3.746724e-01 1.914688e-01 1.119006e+00 2.358921e-01 -1.102624e+00 -1.721257e+00 -1.414389e+00 1.672703e-01
2.290687e+00 -2.470095e+00 -2.828947e+00 -1.658500e+00 7.307569e-01 -1.090513e+00 -1.396085e+00 7.892000e-01 1.426573e+00 3.859535e+00 -1.054271e+00 3.606139e-01
-9.176744e-01 9.067520e-01 -3.386655e-01 -3.699221e-01 7.441673e-01 1.310190e+00 5.709153e-01 9.644901e-01 -3.711233e-01 -1.440119e+00 -2.603110e+00 -8.005146e-01
6.268237e+00 -3.638412e+00 -3.223680e+00 4.602456e-01 -2.248183e+00 -3.698857e+00 -1.714247e+00 -2.611432e+00 -5.868239e-01 4.396617e+00 5.900055e-01 7.907967e-01
1.054489e-01 5.828562e-01 -1.105011e+00 -3.913612e-02 5.092087e-01 6.730759e-01 -1.096135e-01 1.604806e+00 2.182495e-01 3.267099e-01 -1.288104e+00 -5.477554e-01
4.170704e-01 -1.332052e+00 -1.911868e+00 -1.146510e+00 1.513581e+00 -2.256867e+00 -8.509688e-01 4.260935e+00 1.943894e+00 8.439426e-01 -1.974026e+00 -4.383324e-01
-8.610428e-01 1.254325e+00 1.363858e+00 -8.610323e-01 -1.598966e+00 -5.011685e-01 9.774399e-01 8.757925e-01 5.652828e-02 -2.268499e+00 -9.985180e-01 6.394979e-01
2.661358e-01 -2.425203e-02 -9.217448e-01 3.855209e-02 1.886504e-01 4.104336e-01 -1.077755e-01 7.525231e-01 -7.798610e-02 1.851666e-01 9.463027e-01 1.154631e+00
4.683686e-01 -7.201698e-01 1.731469e+00 -9.824091e-01 -1.273669e-01 8.207373e-02 -2.321051e+00 -1.019166e+00 1.649465e+00 3.550223e-01 -6.618944e-01 -6.880912e-01
-1.465008e-01 4.067085e-01 6.527014e-02 -2.476332e-01 1.511188e-01 6.864443e-01 1.342092e+00 2.392443e+00 -1.757545e-01 1.024735e+00 -1.414353e+00 -2.172354e+00
1.943390e-01 -6.165854e-01 -7.667352e-01 -1.115740e+00 -5.810820e-01 4.610903e-01 -5.934855e-01 -1.131639e+00 -1.517295e+00 1.109064e+00 2.502871e+00 1.133938e+00
-2.234488e-01 3.126561e-01 -5.866030e-01 -1.132902e+00 6.774922e-01 1.306931e+00 1.452856e+00 2.427153e+00 -1.754785e-01 5.270222e-01 -5.654595e-01 -1.047753e+00
-9.308952e-01 -4.645889e-01 6.899134e-01 2.182211e+00 -1.170864e+00 1.375025e+00 -2.407338e+00 -1.129318e+00 9.901106e-01 -4.083569e+00 -1.751501e+00 3.247277e+00
-3.227679e-01 -2.451538e-01 1.316133e-02 8.287874e-01 -1.360518e+00 1.039714e+00 -2.107244e-01 -9.899166e-01 7.456962e-01 -2.260626e+00 -1.814626e+00 2.738882e+00
-1.083994e-01 1.370837e+00 1.261659e+00 -7.582964e-01 -4.579317e-01 -6.256176e-01 9.930010e-01 1.849739e-01 -1.731604e-01 -1.711434e+00 2.692516e-01 1.306532e+00
1.674564e-01 1.029081e+00 7.215338e-01 -4.801987e-01 -8.618496e-01 -7.550452e-01 2.733110e-01 -5.044574e-01 5.909977e-02 -8.553904e-01 -2.322554e-01 -1.830053e-01
2.555011e-01 -5.934602e-01 -6.001998e-01 1.111804e+00 9.683954e-01 -5.231167e-01 -2.846557e+00 -1.347365e+00 -1.702217e-01 2.281373e+00 -7.013470e-01 -7.093240e-01
5.410297e-02 -5.473958e-01 -1.358789e+00 -1.546684e-01 5.414882e-01 -2.404415e+00 1.242543e+00 3.932033e+00 8.078364e-01 4.290565e-01 -2.616997e+00 -6.451197e-02
5.871527e-01 -2.096294e-01 -2.128749e-01 -9.692408e-01 -5.903376e-01 5.620649e-01 3.511576e-01 4.318552e-01 -1.006995e+00 9.057493e-01 1.619112e+00 4.317805e-01
1.912722e-01 8.391267e-01 2.416450e-01 -8.780218e-01 -1.314951e+00 -1.192186e+00 -9.024593e-01 -5.872611e-01 -1.072851e+00 -8.423196e-01 4.130366e-01 -4.496067e-01
4.010465e-01 -7.914501e-01 -9.805319e-01 -1.273368e+00 -5.292379e-01 -9.108303e-01 -1.421882e+00 -6.364405e-01 1.159983e-01 1.794477e+00 -4.259252e-01 -1.353231e+00
9.247746e+00 -1.932500e+00 -4.335452e-01 4.005614e+00 -2.025628e+00 -4.816628e+00 -1.764021e+00 -4.434546e+00 -2.040334e+00 4.804549e+00 7.480527e-01 6.483221e-01
9.983349e-02 -7.581470e-02 -4.663464e-01 2.632250e+00 2.701860e+00 2.606871e-01 -1.347482e+00 -1.910027e+00 -6.783404e-01 -5.081133e-01 -8.729008e-01 2.176061e-01
-8.683710e-02 -6.262175e-01 -5.111614e-01 1.581586e+00 2.389837e+00 4.680073e-01 -2.176509e+00 -1.872095e+00 8.739324e-02 7.733381e-01 -1.070718e+00 -5.370769e-01
2.046516e-01 -4.876598e-01 -1.042212e-01 -1.177344e+00 -1.939965e+00 -1.126715e+00 2.045499e-01 3.083746e-01 -2.602320e-01 3.122095e-01 -8.987924e-01 -1.440726e+00
7.455730e-03 3.594561e-01 1.004505e+00 3.120568e-01 -7.709982e-01 1.468995e-01 -3.522230e-01 5.570196e-01 2.357044e-01 -5.970311e-01 -1.463034e+00 -4.759010e-01
-1.300977e-01 -1.329504e-01 1.699495e-03 5.008242e-01 8.832601e-01 2.717439e-01 -1.737308e-01 3.750432e-02 7.939793e-01 -1.923361e+00 -2.055288e+00 -1.231632e+00
-4.146554e-01 -4.748468e-01 -2.285237e-01 6.017457e-01 4.848138e-01 -1.065156e+00 -1.291949e+00 -6.978015e-02 1.160459e+00 -1.038651e+00 -1.939962e+00 -1.378135e+00
-4.147186e-01 1.528826e-01 4.314567e-01 1.045543e+00 -2.413180e-01 -6.545144e-01 -8.418819e-01 2.352252e-02 5.829433e-01 -1.420300e+00 -5.879586e-01 -1.358422e+00
-8.435029e-01 5.700100e-01 1.322006e+00 5.019646e-01 -1.574638e+00 -1.249820e+00 -2.172789e-01 -2.485977e-01 -7.748692e-01 1.213086e-01 1.013193e+00 3.145894e-01
-1.099464e+00 4.610820e-01 1.292787e+00 4.248653e-02 -2.513852e+00 -1.090607e+00 7.358333e-01 -6.701792e-01 -4.552612e-01 9.425045e-01 1.393104e+00 1.810318e+00
-1.266486e+00 2.119577e-01 4.854541e-01 -4.628455e-01 -1.061713e+00 2.998023e-01 1.898868e+00 1.420366e-01 6.694947e-01 1.516304e+00 2.032710e+00 2.193463e+00
-1.043329e+00 -3.732556e-01 -4.337334e-01 -5.373693e-01 -2.039200e-01 2.403809e-01 6.053639e-01 2.967061e-01 7.969680e-01 1.397112e+00 2.218248e+00 2.075056e+00
-5.448969e-01 -2.553015e-01 -7.263153e-01 -9.832548e-01 -3.244292e-01 9.588893e-01 1.078115e+00 2.020384e-01 3.874141e-01 1.792372e+00 3.099534e+00 2.408366e+00
4.449882e-02 -4.905506e-02 -6.539555e-01 -1.300025e+00 4.347867e-01 6.223659e-01 7.976967e-01 7.971976e-01 5.004824e-01 2.392785e+00 3.005249e+00 1.588372e+00
5.466463e-01 2.330694e-01 3.439016e-01 -5.836630e-01 3.116187e-01 -9.254540e-01 -2.251751e-01 -3.128454e-01 3.567294e-01 2.155491e+00 1.836991e+00 6.813720e-01
-2.119703e+00 -2.675633e+00 -1.413282e+00 -1.677278e+00 -4.042953e-01 2.629542e+00 5.716051e-01 2.080622e+00 4.218907e+00 9.737109e-01 7.807778e-01 1.110693e+00
-7.125313e-01 7.147653e-01 6.349124e-01 -5.597421e-01 4.522135e-01 9.276958e-01 2.012959e-02 4.452429e-01 2.717617e+00 1.099194e+00 8.748137e-01 -6.586809e-01
-5.291448e-01 3.222544e-01 2.861234e-01 -5.555521e-01 -8.860257e-01 -6.624592e-01 -6.467829e-01 7.183042e-01 1.965244e+00 1.467875e+00 6.997058e-01 -6.166426e-01
-3.205921e-01 8.080873e-01 9.718415e-01 3.465229e-01 -5.604859e-01 -1.960699e+00 -1.353227e+00 -3.506146e-01 9.300347e-02 -7.204900e-02 6.359385e-01 1.530987e+00
-1.710238e-01 6.236687e-01 7.665700e-01 8.998532e-01 -5.221000e-01 -2.000970e+00 -1.569056e+00 -4.891933e-01 -1.014145e+00 -1.019236e+00 3.231453e-01 1.243125e+00
-3.348693e-01 -5.497041e-02 4.710734e-01 1.748317e-01 -3.929890e-01 -2.072179e-01 -1.872574e-01 -1.193823e+00 -2.097024e+00 -9.855350e-01 2.576935e-01 -7.817973e-01
-6.019787e-01 -4.980980e-01 -4.701501e-01 8.849888e-01 1.047920e+00 9.788426e-01 8.891354e-02 -8.976381e-01 -1.091630e+00 1.002570e+00 1.334475e+00 1.279912e+00
-2.884124e-01 -8.296259e-01 -5.852531e-01 -3.060319e-01 3.216357e-01 1.652109e+00 9.912178e-01 -3.239608e-01 -8.343708e-01 9.275223e-01 7.656035e-01 4.625382e-01
3.431880e-01 2.856299e-01 3.530258e-01 -3.245174e-01 -7.411089e-01 8.929655e-01 5.207587e-01 1.237525e-01 3.269418e-01 1.240821e+00 5.986794e-01 1.307869e+00
4.238184e-01 1.175147e+00 9.571117e-01 -4.895590e-01 -6.804230e-01 3.999833e-01 1.442057e-01 3.794824e-01 2.805955e+00 1.172578e+00 1.156326e-01 1.267885e+00
3.196984e-01 9.789694e-01 1.243293e+00 -1.663513e-01 -1.714020e-01 4.636698e-01 9.571480e-01 -2.474688e-01 1.569023e+00 6.789806e-01 -1.724630e-01 -2.766715e-01
-4.862271e-01 -4.840587e-01 -1.270530e-01 -6.798018e-01 5.097739e-01 1.111821e+00 2.303962e-01 -1.034985e+00 4.588250e-01 -5.612754e-01 7.410948e-01 8.548633e-01
-6.753942e-01 -8.447165e-01 -3.427356e-01 -4.738135e-01 8.259391e-01 1.039364e+00 1.631008e+00 -3.132294e-01 -1.479100e+00 -1.720856e+00 8.607357e-01 8.584393e-01
-4.081420e-01 -3.145397e-01 -1.794579e-01 -3.637266e-01 4.996719e-01 5.863031e-01 8.752030e-01 3.628381e-01 -1.885430e+00 -1.480235e+00 -3.596572e-01 -8.081123e-01
-1.519260e-01 5.336382e-01 4.395162e-01 -1.044916e-01 -6.471405e-01 -7.255886e-01 2.710280e-01 1.418270e-01 -1.061466e+00 -1.031769e+00 -9.511579e-01 -1.460478e+00
-1.899950e-01 5.338510e-01 7.364906e-01 6.552847e-01 1.434025e-01 -1.687126e+00 -8.940819e-01 4.947515e-01 3.916514e-02 1.071833e+00 -1.091954e+00 -1.322842e+00
-4.016485e-01 -4.436224e-01 2.301727e-01 4.221899e-01 -5.154766e-01 -1.547223e+00 -2.093861e+00 -6.442365e-01 1.007746e+00 1.244138e+00 7.285843e-02 -7.524439e-01
-1.764873e-01 7.247315e-02 -5.065527e-02 3.170115e-01 -6.768615e-01 -9.181080e-01 -6.316005e-01 -2.966225e-01 1.525346e-01 1.230451e+00 1.911848e+00 5.417174e-01
1.538079e-01 9.299374e-02 -5.563403e-01 3.360794e-01 1.684921e-01 8.999189e-01 4.958154e-01 1.257874e+00 1.598630e-01 9.103221e-01 1.734863e+00 1.315398e+00
3.747713e-01 4.810699e-01 -2.808283e-01 1.007291e+00 -4.513598e-03 3.106042e-01 1.431985e+00 2.510762e+00 -3.035523e-02 -2.467467e-01 7.866439e-01 1.780333e+00
7.199182e-02 -7.095303e-02 -4.689588e-01 2.910234e-01 1.465089e+00 1.642431e-01 6.724311e-01 1.561848e+00 1.345350e-01 -1.266202e-01 -4.265599e-02 1.767591e+00
-1.526465e-01 -5.116674e-01 -2.217768e-01 9.481087e-01 2.128149e+00 2.482162e-01 3.840162e-01 7.958494e-01 -8.142176e-02 -7.534112e-01 -2.032065e-01 1.781418e+00
-5.148693e-01 -3.378769e-01 3.383798e-01 -4.025555e-01 1.147583e+00 3.168712e-02 1.775913e-01 -5.221774e-01 4.622730e-01 2.380558e-01 5.006497e-01 6.556073e-01
-4.644864e-01 -6.192061e-01 2.180180e-01 -1.415561e+00 1.591291e-02 4.275329e-01 -1.688573e-01 -5.890559e-01 1.228687e+00 8.818973e-01 9.645813e-01 1.131895e-01
-4.455050e-01 -5.170656e-01 2.195694e-01 -1.007707e+00 -1.031874e+00 -7.314699e-01 -6.516536e-01 2.684430e-01 1.438262e+00 6.987935e-01 3.489328e-01 -2.747021e-01
3.085269e-01 4.158039e-01 5.483015e-01 1.284121e-01 -7.800007e-01 -8.037709e-02 1.212304e+00 6.483434e-01 -1.156648e+00 -1.470724e+00 -6.171535e-01 -1.332224e+00
-9.659825e-02 3.459026e-01 1.249064e+00 -3.587146e-01 -1.069252e+00 5.052369e-01 1.188683e+00 8.018385e-01 -3.113723e-01 -8.670939e-01 -6.855958e-01 -9.814744e-01
6.165619e-02 8.984993e-01 4.677208e-01 -2.130470e-01 -9.674055e-01 2.704747e-01 -9.810188e-01 -1.173578e+00 -2.238943e+00 -6.372900e-01 1.132059e+00 9.619597e-01
-8.985449e-01 1.128564e+00 9.138597e-01 2.193163e-01 -3.581139e-01 1.935385e+00 1.353976e+00 -4.947580e-01 -9.584809e-03 -1.462173e-03 9.659777e-01 9.941577e-01
-4.784967e-01 1.532815e+00 1.141983e+00 6.517515e-02 -6.511977e-01 1.690401e+00 6.751944e-01 -1.020647e+00 -7.067176e-01 2.383107e-01 3.022835e-01 -1.084487e-01
1.959877e-02 -6.015285e-01 3.661068e-01 8.269354e-01 -3.195486e-02 5.815580e-01 1.250339e+00 1.113528e+00 -5.106194e-01 4.501367e-01 -1.518297e+00 -2.116105e+00
-4.762672e-01 5.238925e-01 6.948484e-01 8.466808e-01 -1.502195e-01 1.212535e+00 1.412847e+00 -5.752948e-01 7.340363e-01 9.113249e-01 9.272560e-01 1.192609e+00
9.384010e-02 2.719394e-01 -6.695335e-01 -2.041235e-01 -9.481248e-01 -4.242119e-01 1.052742e+00 1.646738e+00 -1.023034e-01 -1.269074e+00 -1.907431e+00 1.119869e+00
1.778314e-01 5.199461e-02 -8.652343e-01 -2.442503e-01 1.909600e-01 -1.681738e+00 1.389435e+00 3.002618e+00 3.475520e-02 -2.502464e-01 -2.618364e+00 2.429575e-01
2.540493e-01 -8.927122e-01 4.329908e-01 -1.344315e-01 -1.209184e+00 2.616339e-02 -2.153997e-02 -1.041734e+00 2.788197e-01 9.540723e-01 2.064791e-01 9.444166e-01
-5.110124e-01 1.949537e+00 -6.224536e-01 -1.229687e+00 1.018290e+00 1.154697e+00 5.080105e-01 9.091640e-01 -3.197161e-01 -1.372082e+00 -4.986258e-01 -1.243525e+00
-1.300757e+00 1.412559e-01 8.642555e-01 3.839318e+00 4.913628e-01 1.900566e+00 -2.330172e+00 -1.105466e+00 1.859017e+00 -5.417728e+00 -6.031416e-01 3.125522e+00
1.236575e+00 -1.256628e+00 5.498965e-01 -4.467019e-01 -6.894796e-01 3.363132e-01 3.870205e-01 1.148364e+00 4.045954e-01 1.527543e+00 2.081725e-01 8.561043e-01
1.796939e+00 1.946160e-01 2.089441e+00 2.767922e+00 8.671314e-01 2.161613e-02 -6.223143e-01 -1.424079e+00 -1.107715e+00 6.475455e-01 -1.262740e+00 -2.165276e+00
2.388804e+00 3.804273e-01 1.481982e+00 2.018631e+00 6.122526e-01 -3.587129e-01 -8.006901e-01 -2.202745e+00 -2.417992e+00 -2.211310e+00 -2.700095e+00 -1.234867e+00
-3.257209e+00 -2.829576e+00 -1.706567e+00 -2.328076e+00 2.235242e-01 3.979882e+00 1.632393e+00 6.787491e-01 3.665616e+00 9.769944e-01 2.614825e+00 2.176231e-01
1.951815e+00 -7.583996e-01 1.049461e+00 -5.366368e-01 -8.267375e-01 8.616136e-01 1.506491e+00 1.240362e+00 2.139046e+00 3.162579e+00 5.983232e-01 1.618088e+00
2.125268e+00 -3.083653e-01 1.322018e+00 5.999762e-01 2.575731e-01 1.005756e+00 4.891815e-02 -9.283436e-01 -4.360454e-01 1.257970e-01 -1.263489e+00 -3.374577e-02
1.569730e+00 -6.877638e-01 3.549875e-01 1.183576e+00 5.749645e-02 -1.820062e+00 -1.429880e+00 -2.411926e+00 -2.461503e+00 -2.327805e+00 -3.661101e+00 -1.299435e+00
9.123773e+00 -7.419672e-01 1.800818e+00 6.059608e+00 -1.452750e+00 -4.500463e+00 6.934810e-02 -4.476951e+00 -2.621637e+00 3.580989e+00 8.161499e-02 -6.350799e-01
1.645138e+00 -1.350670e+00 -4.219460e-01 1.459297e+00 -9.446859e-02 -2.138378e+00 -1.565103e+00 -1.170364e+00 -2.200533e+00 -1.128967e+00 -2.602518e+00 -1.828820e+00
6.232407e+00 9.995842e-03 3.009657e+00 5.441438e+00 -4.103678e-01 -3.680118e+00 -1.405646e+00 -3.131142e+00 -1.955479e+00 8.475280e-01 -1.449484e-01 -2.113289e+00
4.321076e-01 3.004645e+00 -2.521079e+00 9.646197e-02 1.748287e+00 -8.252268e-01 1.166016e+00 1.085457e+00 -3.428766e+00 -3.624305e+00 -2.024947e+00 -6.544808e-01
2.627325e+00 -1.838886e+00 -4.054912e-01 1.271296e+00 1.631593e-01 -4.952305e-01 9.575647e-01 1.294589e-01 2.122272e+00 2.897954e+00 -3.148219e-01 -1.392250e+00
-3.649357e+00 -4.853778e-02 2.245515e-01 -3.998027e+00 9.974762e-01 3.767164e+00 2.170775e+00 -1.541587e+00 -1.050038e+00 2.695354e+00 3.263898e+00 4.230780e-01
2.278110e+00 2.948905e+00 -2.713327e+00 9.718910e-01 3.534536e+00 -4.787109e-01 2.735266e+00 1.246578e+00 -1.597034e+00 -2.134638e+00 -1.979481e+00 -5.851852e-01
-1.250954e+00 2.505099e+00 9.618476e-01 4.093005e+00 3.382654e+00 2.046021e+00 5.377704e-01 1.029687e+00 2.027910e+00 -6.582588e+00 7.450043e-01 1.584469e-01
3.598347e+00 -9.706343e-01 -8.656921e-01 1.802371e+00 1.511893e+00 3.755189e-01 2.434585e+00 2.505228e-01 2.850991e+00 3.695797e+00 1.898334e-01 -1.755458e+00
3.926703e+00 1.544364e+00 -2.041671e+00 2.619442e+00 2.835903e+00 -8.706699e-02 2.663863e+00 6.351625e-01 4.911147e-01 1.321570e+00 -6.422973e-01 -1.810518e+00
-3.412960e+00 3.151562e+00 2.129087e+00 -3.454634e+00 2.357264e+00 2.717064e+00 2.305172e+00 -7.134622e-01 -2.869022e+00 1.628310e+00 2.267638e+00 -1.240633e+00
-1.272689e+00 5.592746e+00 2.426288e+00 1.710413e+00 4.653804e+00 1.624147e+00 2.898210e+00 1.230560e+00 -1.854928e+00 -4.331282e+00 1.842498e+00 -1.158896e+00
-2.175460e+00 5.276469e+00 2.739331e+00 -1.454930e+00 3.577634e+00 1.629429e+00 3.016121e+00 -2.277662e-01 -2.890898e+00 -7.058673e-01 3.067319e+00 -9.124259e-01
