9.152576e+00 -1.329482e+01 -1.067705e+01 -7.626671e+00 -3.389932e+00 1.477362e+01 -6.756707e+00 -6.666920e+00 -8.241665e+00 -1.962813e+00 -7.636621e+00 -1.254337e+00
8.644945e+00 -1.342158e+01 -1.156090e+01 -6.205836e+00 -2.686332e+00 1.458086e+01 -5.943707e+00 -7.730469e+00 -3.803899e+00 -3.407026e+00 -5.965461e+00 -4.143991e+00
8.110846e+00 -1.317782e+01 -1.052907e+01 -6.326485e+00 -2.444027e+00 1.347253e+01 -5.581754e+00 -5.037902e+00 -6.149926e-01 -3.022308e+00 -9.739794e+00 -2.752657e+00
8.154334e+00 -1.397080e+01 -1.049267e+01 -4.629340e+00 -4.210655e+00 1.588578e+01 -8.846415e+00 -1.933168e+00 2.102635e+00 -1.657487e+00 -7.727267e+00 -6.118766e+00
8.996488e+00 -1.070753e+01 -8.719006e+00 -7.822522e+00 -5.328419e+00 1.518580e+01 -2.575727e+00 -6.741992e+00 -4.776809e+00 -5.818296e+00 -5.160884e+00 -1.220602e+00
1.043896e+01 -1.100320e+01 -7.507112e+00 -1.131638e+01 -6.646000e+00 1.231192e+01 2.693393e+00 -8.064123e+00 -6.932317e+00 -9.892804e+00 -4.798976e+00 1.399800e+00
1.130872e+01 -9.955593e+00 -6.535139e+00 -1.151761e+01 -9.703150e+00 1.415610e+01 2.704859e+00 -4.411756e+00 -7.924950e+00 -7.949755e+00 -5.676502e+00 2.902132e+00
8.469114e+00 -1.042416e+01 -7.429114e+00 -1.049784e+01 -6.673451e+00 1.158156e+01 3.976558e-01 -7.599732e+00 -7.063717e+00 -8.294692e+00 -6.887361e+00 6.837904e-02
1.121369e+01 -8.277605e+00 -6.260627e+00 -1.246064e+01 -1.458241e+01 1.003623e+01 4.947915e+00 -4.430874e+00 -6.037619e+00 -1.255143e+01 -4.044582e+00 -2.447315e+00
8.562970e+00 -1.315269e+01 -1.142289e+01 -4.122137e+00 -3.363290e+00 1.100605e+01 -6.426095e+00 -2.136963e+00 4.489380e+00 -8.773742e-01 -9.823366e+00 -3.352560e+00
1.248176e+01 -7.256466e+00 -4.890307e+00 -1.239179e+01 -1.960542e+01 1.035783e+01 5.831823e+00 -2.003406e+00 -6.974104e+00 -8.557424e+00 -6.326984e+00 -3.729285e+00
6.732952e+00 -1.071395e+01 -1.164537e+01 -3.614921e+00 -2.868550e+00 7.882179e+00 -6.833797e+00 -8.684001e-01 9.155940e+00 -1.785080e+00 -8.937431e+00 -3.378621e+00
7.344571e+00 -1.134636e+01 -9.620341e+00 -2.378919e+00 -4.054743e+00 6.925942e+00 -9.020263e+00 3.587954e+00 1.077541e+01 -1.291889e+00 -7.860706e+00 -3.948827e+00
1.440203e+01 -5.623284e+00 -2.625871e+00 -1.062561e+01 -2.153531e+01 9.959778e+00 3.317037e+00 1.950625e+00 -7.297174e+00 -1.464790e+00 -4.148667e+00 -8.573266e+00
7.780487e+00 -1.060864e+01 -1.012751e+01 3.176777e-01 -6.956456e+00 4.677850e+00 -6.542465e+00 6.657321e+00 1.281845e+01 -2.581168e+00 -7.196210e+00 -1.179872e+00
8.121133e+00 -1.083472e+01 -8.755116e+00 -1.243880e-01 -5.998566e+00 1.968615e+00 -5.289085e+00 7.117280e+00 1.397494e+01 -3.127270e+00 -7.495376e+00 -3.387771e-01
1.347189e+01 -4.011812e+00 1.762656e+00 -1.255818e+01 -1.863944e+01 1.090327e+00 2.427603e+00 2.329653e+00 -1.080583e+01 7.062435e+00 -6.612880e+00 -1.194173e+01
7.019454e+00 -8.527884e+00 -5.354773e+00 -3.295450e-01 -6.946716e+00 9.297466e-02 -3.892460e+00 6.552879e+00 1.461770e+01 -5.549585e+00 -4.613679e+00 9.444271e-01
1.246339e+01 -6.327456e-01 4.273726e+00 -1.138111e+01 -1.778371e+01 -1.487322e+00 -1.482799e+00 9.009852e-01 -8.991046e+00 9.878378e+00 -1.439710e+00 -1.322586e+01
1.337659e+01 1.128138e+00 5.116543e+00 -9.140904e+00 -1.716726e+01 -6.846012e+00 -4.361413e+00 -4.359923e+00 -8.306386e+00 8.187916e+00 3.659046e+00 -1.210565e+01
7.479487e+00 -6.440101e+00 -3.990675e+00 -5.694752e-01 -5.407987e+00 -3.790550e+00 -1.182877e+00 5.716324e+00 9.200352e+00 -5.603575e+00 -2.928408e+00 4.447322e+00
7.143058e+00 -3.887337e+00 -1.436169e+00 -4.619586e-01 -3.873829e+00 -6.431186e+00 -3.335703e+00 5.451237e+00 1.017898e+01 -6.510886e+00 -1.854959e+00 6.768242e+00
1.302174e+01 2.996794e+00 5.577897e+00 -3.171685e+00 -1.404343e+01 -6.125753e+00 -4.812829e+00 -7.644885e+00 -1.255312e+01 7.529806e+00 -3.431344e-01 -1.214108e+01
7.960467e+00 -2.950524e+00 1.375442e+00 -5.459709e-01 -3.111361e+00 -7.808185e+00 -5.050008e+00 6.091488e+00 4.738631e+00 -5.327561e+00 3.324850e+00 5.483582e+00
8.752568e+00 -6.434170e-01 1.484585e+00 2.437999e+00 -2.965596e+00 -1.317628e+01 -8.902183e-01 3.419003e+00 -1.574093e+00 -1.968908e+00 3.434309e+00 4.197104e+00
9.600472e+00 4.496557e+00 5.049740e+00 3.799124e+00 -4.033248e+00 -1.402307e+01 7.955131e+00 -8.091625e+00 -1.568430e+00 3.368097e+00 -2.589827e-01 5.990220e+00
9.739511e+00 5.336901e+00 8.574751e+00 6.793332e-01 -4.091106e+00 -1.352192e+01 6.871540e+00 -8.509640e+00 -2.663138e+00 6.301121e+00 3.349736e+00 6.985415e+00
8.292501e+00 7.196733e+00 1.022567e+01 -4.275188e-01 -6.513638e-01 -1.387595e+01 5.335668e+00 -1.027890e+01 -5.476648e+00 7.042614e+00 6.066973e+00 7.440535e+00
7.993025e+00 8.151624e+00 1.013274e+01 1.150516e+00 -2.466831e-01 -1.448204e+01 5.227436e+00 -1.065523e+01 -3.824159e+00 6.366042e+00 5.076119e+00 6.854594e+00
8.129704e+00 8.843399e+00 9.481530e+00 2.425002e+00 -2.092486e+00 -1.089322e+01 4.768086e+00 -1.141394e+01 -3.967840e+00 5.232955e+00 5.565445e+00 5.164174e+00
7.871834e+00 9.765438e+00 1.071649e+01 2.938903e+00 -2.644000e+00 -1.169753e+01 5.598447e+00 -9.516340e+00 -4.899135e+00 5.928855e+00 4.390180e+00 3.864491e+00
7.510384e+00 1.052250e+01 9.220176e+00 3.289434e+00 -6.050363e-01 -1.110250e+01 6.602965e+00 -7.126395e+00 -7.353786e+00 4.533290e+00 4.911955e+00 6.130559e+00
6.009373e+00 1.109050e+01 9.153277e+00 5.855378e+00 3.246507e+00 -1.432818e+01 3.874509e+00 -1.798205e+00 -7.482556e+00 1.190568e+00 6.368591e+00 7.668150e+00
6.056921e+00 1.288862e+01 9.865746e+00 2.623564e+00 5.539144e+00 -8.957918e+00 1.464477e+00 6.708732e-01 -7.299915e+00 -1.743459e+00 4.320984e-01 7.124745e+00
4.785784e+00 7.951378e+00 7.866419e+00 1.077171e+01 1.050116e+01 -1.393664e+00 8.593639e+00 4.256935e-01 -3.443094e+00 -5.519171e+00 -6.015285e+00 4.856423e-01
4.800197e+00 1.002256e+01 9.546233e+00 7.555142e+00 7.571003e+00 -4.245131e+00 9.535959e+00 3.838444e-02 -9.699127e+00 6.313866e-01 -6.137300e-01 3.812479e+00
3.865431e+00 8.256817e+00 9.784449e+00 9.468982e+00 7.797475e+00 -1.869230e+00 6.931583e+00 3.902388e-01 -1.496307e+00 -4.059114e+00 -5.504457e+00 -2.935108e+00
3.027736e+00 9.541452e+00 9.368338e+00 9.854134e+00 8.380703e+00 -3.160991e+00 6.671222e+00 1.290087e+00 -5.005877e+00 -7.091669e+00 -2.725331e+00 1.672071e+00
6.301744e+00 1.081247e+01 3.798338e+00 -4.281878e+00 -2.995576e+00 -1.946223e+00 -2.181640e+00 -4.004742e+00 -4.871893e+00 1.682425e+00 -7.999254e+00 -1.467936e+01
2.080703e+00 8.954589e+00 1.058912e+01 1.298029e+01 6.310737e+00 -5.243633e+00 3.774865e+00 3.071062e+00 -3.074974e+00 -9.026798e+00 -4.868217e+00 1.370505e-01
-2.923393e-02 8.414284e+00 9.567439e+00 1.489833e+01 1.162549e+01 -2.349939e+00 6.111121e-02 -1.452805e+00 -2.889986e+00 -5.956087e+00 -6.889970e+00 -2.461805e+00
-2.069804e+00 5.678545e+00 7.389129e+00 1.120127e+01 8.218137e+00 -1.473696e+00 2.019172e+00 3.299443e+00 2.597476e+00 -2.143840e+00 -4.081808e+00 -1.996690e+00
-7.991556e+00 -6.071373e+00 -8.884290e-01 1.063760e+01 6.746833e+00 -1.228674e+00 -4.409815e+00 4.169341e+00 9.964890e+00 1.786497e+00 -2.651258e+00 3.815091e+00
-7.218846e+00 -4.034363e+00 2.434261e-01 8.452835e+00 1.804481e+00 -6.882628e+00 -5.931792e+00 3.595864e+00 9.346535e+00 -2.980594e+00 -6.698604e+00 3.389091e-01
-1.208193e+01 -2.404015e+00 3.791949e+00 -1.005003e-01 -4.066199e+00 4.892787e+00 6.613657e+00 -8.552654e+00 -7.889077e+00 9.317331e+00 4.991999e+00 -7.342518e+00
-5.671434e+00 5.244846e+00 3.943703e+00 1.931951e+00 2.556645e+00 5.197919e+00 1.809837e+00 -4.231740e+00 -6.147674e+00 7.551326e+00 8.179073e-01 -1.540430e+01
-6.545782e+00 -3.779442e+00 1.030225e-01 1.030057e+01 5.840178e+00 -2.019434e+00 -7.906625e-01 2.202685e+00 2.567372e+00 -1.069636e+00 -8.617663e-01 -1.267998e+00
-7.101792e+00 -2.424787e+00 3.512459e-01 7.187896e+00 3.581256e+00 2.935602e+00 -9.592535e-01 4.676527e+00 8.265007e+00 1.597510e+00 -2.978785e+00 -9.402074e-01
-5.084095e+00 -1.745235e-01 -6.480134e+00 -1.594201e+01 -1.710580e+00 1.826235e+00 -2.653633e+00 -6.729598e-01 5.100136e-01 1.652583e+00 2.845900e+00 1.204715e+00
-3.582618e+00 1.454631e+00 2.665408e+00 7.565488e+00 9.067899e+00 8.498120e-02 2.595068e+00 1.871144e+00 1.313550e+00 -3.531436e+00 -5.575143e+00 -1.908728e+00
-7.479647e+00 -2.986825e+00 1.800787e+00 9.181409e+00 6.319369e+00 -3.122715e+00 1.035932e+00 5.087061e+00 4.970707e+00 3.396702e+00 4.903827e+00 1.821430e+00
-7.421758e+00 -2.073587e+00 -1.615120e+00 4.994568e+00 5.577187e+00 -3.667301e+00 -1.744921e+00 1.361527e+00 5.977209e+00 -5.053514e+00 -1.027131e+01 -6.121281e+00
-8.339279e+00 -1.463576e+00 2.589197e+00 1.043944e+01 5.836890e+00 -3.380373e-01 1.039754e+00 5.841022e-01 1.318983e+00 3.664656e+00 4.652747e+00 3.249519e+00
-7.278228e+00 -2.355367e+00 1.376546e-01 5.477427e+00 1.935255e+00 -2.427957e+00 2.238162e+00 2.228304e+00 7.507172e-01 1.742131e+00 2.445914e+00 -2.069886e+00
-8.316729e+00 1.710098e+00 -2.956087e+00 -3.471067e-01 6.060433e-01 2.792173e+00 2.467063e+00 -6.574810e+00 -9.428293e+00 3.544417e+00 6.399755e+00 -6.817027e+00
-7.639217e+00 -1.333464e+00 -1.566915e+00 7.966309e+00 3.858244e+00 -4.558926e+00 -5.959453e+00 4.580783e+00 4.412072e+00 -3.851547e+00 -5.251962e+00 -3.329969e+00
-1.019055e+01 -4.555373e-01 -1.212456e+00 4.065121e+00 3.122574e+00 -4.868831e+00 -3.905419e+00 5.703169e+00 4.725845e+00 -3.828509e+00 1.994064e+00 7.626182e+00
-8.427931e+00 6.938123e-01 6.769212e-01 4.745638e+00 3.591590e+00 -2.688551e-02 -3.270494e+00 5.015890e+00 7.845320e+00 2.177947e-01 -2.743553e+00 4.342799e+00
-9.488413e+00 6.304650e+00 -1.065014e+00 -4.312703e+00 5.558837e+00 7.390486e+00 1.131655e+00 -1.406035e-01 -1.842503e+00 3.823032e+00 9.012819e+00 4.479811e+00
-1.133242e+01 1.352090e+00 1.379887e+00 -2.560739e+00 -1.246209e+00 -8.418560e-04 5.094066e+00 -1.470747e-01 -2.659257e+00 5.736047e+00 8.714217e+00 -1.345593e+00
-8.703302e+00 4.549167e+00 -3.712009e-01 2.831239e+00 8.321661e+00 -1.209346e+00 -5.674998e+00 7.423797e+00 5.071926e+00 9.631408e-01 2.657063e+00 2.749085e+00
-6.810957e+00 3.698679e+00 -3.508605e-01 5.212479e-01 2.819701e+00 6.259922e+00 1.755237e+00 -1.080103e-01 -3.768704e+00 2.886632e+00 1.761767e+00 -4.750855e+00
-8.947525e+00 -4.023779e-01 -3.655797e+00 4.604182e-01 6.443108e+00 5.041923e+00 5.258309e+00 -2.591233e+00 -3.428351e+00 2.834558e-03 -1.921923e+00 -3.577908e+00
-9.556303e+00 3.211764e+00 -3.574594e+00 4.327583e-02 6.916147e+00 -7.412474e-01 -5.295300e+00 1.543999e-03 3.578070e+00 -5.010763e+00 5.293465e-02 4.700321e-01
-1.044014e+01 7.705050e-01 1.253325e+00 4.036336e+00 7.614698e+00 -5.460421e+00 -8.517468e+00 5.650837e+00 7.284022e+00 1.164950e+00 4.399281e+00 1.847021e+00
-9.584766e+00 -4.920155e-01 -2.594472e+00 9.157410e-01 6.062765e+00 -2.783714e+00 -1.834738e+00 2.535408e+00 3.242581e+00 -3.706266e+00 -5.096162e+00 -1.085215e+00
-8.590197e+00 6.447175e+00 -2.747152e+00 -4.003112e+00 3.326766e+00 1.288928e+00 1.923316e+00 5.349198e+00 3.454804e-01 3.151641e-01 4.207273e+00 6.485687e-01
-9.368340e+00 4.829803e+00 -1.524951e+00 -6.891242e-01 6.770519e+00 2.686654e-01 -6.604533e-01 2.137456e+00 4.440956e-01 5.654803e+00 9.320908e+00 2.440978e+00
-9.973389e+00 3.264939e+00 -2.197676e+00 -7.992377e-01 4.330037e+00 6.005750e-01 1.494686e+00 3.607194e+00 8.292174e-01 3.277712e+00 8.850741e+00 6.222936e+00
-9.906406e+00 2.741193e+00 -1.069442e+00 -3.707107e+00 7.376464e+00 3.953820e+00 -4.831648e-02 -6.858464e+00 -4.119110e+00 3.299973e-01 8.280953e+00 1.327229e+00
-1.054687e+01 3.810675e+00 1.494315e+00 1.392562e+00 8.476858e+00 1.886585e+00 -1.469482e+00 7.374408e+00 3.943413e+00 -2.849999e+00 1.632982e+00 4.855249e+00
-1.230532e+01 3.208273e+00 -5.912506e-01 -2.567608e+00 3.497241e+00 1.555014e+00 4.147892e+00 9.987015e+00 1.011535e+01 6.194362e+00 1.009258e+01 8.355044e+00
-6.743289e+00 4.221406e+00 -3.039419e+00 -6.698504e+00 5.203214e-01 -3.261861e+00 -6.568532e+00 1.614906e+00 1.999629e+00 6.901706e-01 8.362917e+00 5.719216e+00
-8.598083e+00 3.061580e+00 1.566345e-01 -5.350473e+00 4.907598e-01 -5.688663e-01 -6.248360e-01 1.543318e+00 -5.637169e-01 2.242631e+00 4.940955e+00 1.475601e+00
-9.717911e+00 2.551782e+00 -1.258733e+00 1.617681e+00 7.070728e+00 -4.507825e-01 1.204355e-01 4.748758e+00 4.113766e+00 2.292630e+00 5.446389e+00 1.645464e+00
-1.029424e+01 4.775012e+00 1.388588e+00 4.619098e-02 4.339005e+00 -2.397352e+00 5.957061e-01 1.964025e+00 2.822635e+00 6.702777e+00 1.173129e+01 2.726803e+00
-1.017410e+01 3.959177e+00 -1.193433e+00 1.005106e-01 2.610372e+00 1.719339e+00 1.094404e+00 2.568546e+00 5.666878e+00 5.134368e+00 1.135637e+01 3.357012e+00
-1.079854e+01 3.991504e+00 1.989345e-01 -1.397761e+00 4.317397e+00 4.742115e+00 5.856129e+00 5.940337e+00 4.419868e+00 5.959076e+00 1.414102e+01 4.722932e+00
-1.090934e+01 2.098320e+00 -2.456379e+00 -2.305548e+00 6.166997e+00 -1.667890e+00 -3.643625e-01 7.729673e+00 4.672519e+00 -6.177187e-03 5.386874e+00 5.739954e+00
-1.140926e+01 1.313923e+00 -1.062192e-01 -1.847397e+00 1.703342e+00 -4.691875e-01 -2.187520e+00 2.142545e+00 1.593696e+00 3.853537e+00 4.245711e+00 -8.350481e-01
