8.244371e+00 -1.145186e+01 -3.148332e+00 -1.652407e+01 9.336704e+00 -4.833208e+00 -3.032214e+00 5.525221e+00 -7.706070e-01 -8.041307e+00 2.264708e+00 -2.595260e+00
9.638655e+00 -1.173218e+01 -2.986331e+00 -1.484646e+01 7.187906e+00 -5.133952e+00 -5.120337e+00 7.235625e+00 -1.072991e+00 -5.338648e+00 2.866825e+00 -2.861651e+00
7.357187e+00 -1.040770e+01 -3.392992e+00 -1.558020e+01 8.186647e+00 -2.991998e+00 -4.405830e+00 6.337312e+00 -1.347581e+00 -7.524597e+00 1.816056e-01 -2.780179e+00
1.161518e+01 -1.214512e+01 -1.868355e+00 -1.501479e+01 5.739821e+00 -6.580749e+00 -4.191888e+00 5.400258e+00 1.367991e+00 -5.389691e+00 3.296110e+00 -3.034409e+00
7.699820e+00 -1.154345e+01 -8.975177e-01 -1.716622e+01 9.218899e+00 -4.075140e+00 -3.366039e+00 7.957523e+00 -2.284239e+00 -6.132964e+00 -1.220701e+00 -2.212136e+00
6.309656e+00 -1.031413e+01 -1.846025e+00 -1.699023e+01 8.891223e+00 -4.283754e+00 -1.747160e+00 6.961411e+00 -1.667087e+00 -7.850951e+00 -1.415832e+00 -3.836420e+00
6.184905e+00 -1.025296e+01 -1.205404e+00 -1.650150e+01 7.633067e+00 -5.645913e+00 1.293545e-01 6.879738e+00 -1.291982e+00 -6.958999e+00 -2.126893e+00 -4.795786e+00
1.173745e+01 -1.166305e+01 -1.091793e+00 -1.540125e+01 5.753516e+00 -8.683326e+00 -1.916777e+00 3.966200e+00 1.552018e+00 -5.143880e+00 4.691733e+00 -3.832898e+00
5.862602e+00 -1.111786e+01 -6.065130e-02 -1.564884e+01 9.262494e+00 -5.358403e+00 -2.004779e+00 7.219324e+00 -1.381472e+00 -3.008388e+00 -3.204720e+00 -5.427328e+00
1.111666e+01 -8.149780e+00 -6.107840e+00 -1.459937e+01 3.883238e+00 -8.762131e+00 3.362481e+00 -1.403599e+00 9.479053e-01 -5.917368e+00 6.225683e+00 -2.588701e+00
5.706134e+00 -1.119979e+01 -6.694884e-01 -1.229733e+01 8.244267e+00 -4.610596e+00 -2.990017e+00 6.247603e+00 -1.837110e+00 -5.687237e-02 -2.722064e+00 -5.865617e+00
1.135115e+01 -5.636445e+00 -6.269229e+00 -1.084202e+01 1.072506e+00 -1.029895e+01 2.737135e+00 -4.852474e+00 -4.572184e-01 -3.142001e+00 7.986791e+00 2.465692e+00
5.047182e+00 -1.087049e+01 -1.459670e-01 -1.271476e+01 9.504863e+00 -6.002416e+00 -1.340853e+00 4.991291e+00 -9.194944e-01 6.517460e-01 -2.003356e+00 -6.875381e+00
4.831456e+00 -1.033387e+01 -4.053636e-01 -1.231026e+01 9.322457e+00 -6.605367e+00 -2.295226e-01 5.417654e+00 -1.248841e+00 2.597477e+00 -2.335640e+00 -7.595356e+00
5.808925e+00 -9.573389e+00 -1.141394e+00 -1.096407e+01 8.239578e+00 -7.193019e+00 -1.666735e-01 6.057680e+00 -2.312049e+00 4.094422e+00 -3.101917e+00 -7.100734e+00
1.100900e+01 -4.534114e+00 -2.794164e+00 -8.958667e+00 -2.736262e+00 -1.114247e+01 -2.726526e+00 -6.621814e+00 -2.933205e+00 -8.913941e-01 7.375253e+00 6.838615e+00
7.544529e+00 -5.808234e+00 -5.399542e+00 -8.067006e+00 5.276702e+00 -6.217000e+00 5.454258e-01 4.514085e+00 8.339587e-01 2.237067e+00 -2.155237e+00 -9.476479e+00
8.979053e+00 -4.753372e+00 -1.192612e+01 -3.743298e+00 6.465278e+00 -9.724444e+00 5.584414e+00 4.175976e+00 -9.320519e-01 6.174809e+00 -4.279391e+00 -1.104570e+01
6.539912e+00 -2.419899e+00 -8.834764e+00 -6.917325e+00 9.364422e+00 -5.123294e+00 6.677486e-01 5.911301e+00 -1.302003e+00 6.838093e+00 -4.091413e+00 -1.279311e+01
5.828949e+00 -3.534813e+00 -5.115260e+00 -5.346485e+00 6.089049e+00 -8.482009e+00 5.487887e+00 3.324515e+00 -3.305546e+00 6.065309e+00 -4.962817e+00 -9.589969e+00
4.700616e+00 -2.849943e+00 -5.485996e+00 -3.457157e+00 5.481185e+00 -8.883293e+00 4.070089e+00 4.472464e+00 -4.860192e+00 6.675974e+00 -6.594179e+00 -1.269066e+01
2.267640e+00 -1.291848e+00 -2.018356e-02 3.491871e+00 -9.479815e+00 -7.389655e-01 -5.157914e+00 -5.554521e+00 -4.069519e-01 3.157740e+00 1.219155e+00 2.167113e+00
7.743657e+00 -7.876508e-01 -7.542280e+00 3.078425e-02 2.573401e+00 -7.136092e+00 3.697617e+00 1.185887e+00 -4.121784e+00 7.108933e+00 -3.860784e+00 -1.134241e+01
7.686736e+00 1.422056e+00 -7.495055e+00 -5.398270e-01 3.855952e+00 -8.515877e+00 3.629138e+00 1.261251e+00 -4.175333e+00 6.978635e+00 -6.294633e+00 -1.397976e+01
6.389569e+00 -1.927079e+00 -9.875656e+00 -2.610823e+00 3.334595e+00 -8.427711e+00 3.711978e+00 4.488527e+00 -4.379380e-01 9.925566e+00 -5.142260e+00 -1.145004e+01
7.655741e+00 -6.491129e-01 -9.785419e+00 -1.482544e+00 4.537658e+00 -8.733825e+00 4.219126e+00 5.242385e+00 -2.075674e+00 1.086403e+01 -4.583313e+00 -1.058069e+01
-6.168727e+00 -4.313152e+00 -4.308238e-01 3.102661e+00 -1.085277e+01 2.710910e+00 -7.030776e+00 -5.241589e+00 8.960034e-01 -1.956553e+00 -3.927459e+00 2.470301e+00
7.716496e+00 5.752707e-02 -8.665541e+00 -2.916904e+00 -4.823651e-01 -7.427029e+00 2.896732e+00 2.965162e+00 -9.442816e-01 1.232252e+01 -4.800718e+00 -9.195833e+00
7.301192e+00 -1.808007e+00 -1.011522e+01 -2.510645e+00 1.689022e+00 -7.301443e+00 3.444081e+00 4.931661e+00 2.461500e-01 1.116436e+01 -5.599005e+00 -1.175269e+01
5.007825e+00 -4.355540e-01 -9.096437e+00 8.675253e-01 -2.599007e-01 -9.810110e+00 3.299351e+00 2.030250e+00 9.035963e-01 1.365450e+01 -8.614041e-01 -4.130630e+00
-1.273478e+01 3.868394e-01 -9.230924e-01 1.055995e+00 -1.209612e+01 2.692077e+00 -3.250110e+00 -7.289009e+00 -8.707309e-02 -1.821001e+00 1.418705e+00 2.829829e+00
6.555949e+00 -9.314914e-01 -9.721062e+00 -3.247892e+00 -3.055778e+00 -8.921000e+00 3.981456e+00 4.797796e+00 3.898588e+00 1.115154e+01 -5.605111e+00 -8.676845e+00
1.106649e+01 5.518477e+00 -5.985910e+00 3.346661e-01 -4.734205e+00 -8.933604e+00 2.242122e+00 -4.436662e-01 -6.621687e+00 1.598672e+01 1.078994e+00 -2.284400e-01
-5.422279e+00 4.740729e+00 4.365167e+00 1.415356e+01 1.711892e+00 1.154996e+01 -7.308359e+00 -2.035550e+00 -1.041473e+01 -2.913836e+00 -5.882810e+00 5.178238e+00
-8.321742e+00 -1.604860e+00 -2.053582e+00 7.053366e+00 -2.074243e+00 1.040586e+01 -6.657692e+00 -1.349074e+00 -4.226291e-01 -9.473493e-01 -5.783218e+00 1.574893e+00
8.618087e+00 5.085816e+00 -2.191210e+00 4.906084e+00 2.665577e+00 -9.037289e+00 -3.517487e-01 -6.392258e+00 -6.687029e+00 7.895664e+00 4.697185e+00 3.739980e+00
-1.107815e+01 8.083081e-02 8.115727e+00 1.347542e+01 -5.887200e+00 6.962693e+00 -9.603975e-01 -2.648096e+00 1.225774e+00 6.732852e+00 -4.572964e+00 3.966254e+00
-8.498330e+00 -3.028939e+00 3.278694e-01 3.535471e+00 -8.994756e+00 4.353145e+00 -4.374595e+00 4.813235e-01 3.832486e+00 1.929516e+00 -5.005649e+00 5.713159e+00
-1.475704e+01 8.713102e-02 6.784253e+00 1.005670e+01 -1.801375e+00 1.322153e+01 -1.322707e+00 -9.988426e-01 3.541332e+00 -1.751061e+00 -1.866441e+00 7.425212e+00
7.671251e+00 2.185123e+00 -4.958060e+00 9.330686e-01 -3.348876e-01 -1.041194e+01 5.079092e-01 -4.285964e+00 -4.497589e+00 8.201054e+00 2.154699e+00 3.409945e+00
-1.329804e+01 -1.088504e+00 4.289799e+00 1.233630e+01 -1.083528e+01 3.892148e+00 1.531384e+00 3.773279e+00 5.001211e+00 2.332825e+00 -3.105279e+00 6.898978e+00
-8.666017e+00 -6.583548e+00 -4.127585e+00 1.790864e+00 -7.981955e+00 3.107099e+00 2.172414e+00 2.135572e+00 4.238748e+00 -3.940270e-01 -2.550962e+00 3.933011e+00
2.459049e-02 9.859213e+00 5.999923e-01 1.614511e+01 2.118148e+00 5.719251e+00 -8.497722e-01 -1.652292e+01 -7.532830e+00 -6.510963e+00 -2.295503e+00 6.121469e-02
-6.589341e+00 1.521825e+00 7.459112e+00 7.660685e+00 -9.045072e+00 1.040743e+01 2.857687e+00 2.363520e+00 2.040694e+00 1.656914e+00 -7.710674e+00 2.218274e+00
-4.283668e+00 -2.669767e+00 3.261856e+00 5.507378e+00 -8.812219e+00 -7.491031e-01 -5.494211e-01 -1.875601e+00 4.063659e+00 -3.322140e+00 -7.112143e+00 -1.681380e-01
-3.701057e+00 -2.511819e+00 4.847979e+00 6.944137e+00 -3.856024e+00 3.452725e+00 -2.909940e+00 -4.627794e+00 -1.338150e+00 -4.714635e+00 -1.237018e+01 -6.348782e+00
1.982206e+00 1.895692e+00 4.179414e+00 1.671890e+00 -2.246332e+00 5.542109e+00 -1.688604e+00 2.576029e+00 1.822790e+00 -1.048287e+00 -3.351945e+00 -5.283616e-01
3.983821e+00 1.231462e+01 9.717760e+00 1.180132e+01 4.751567e+00 4.330239e+00 6.913907e+00 -1.599398e+01 -2.275346e+00 -4.364617e-01 3.458002e+00 -2.515063e-01
1.030740e+01 1.030523e+01 4.069262e+00 6.442146e+00 4.406668e+00 1.394951e+00 -2.742716e+00 -1.032091e+01 -5.930557e+00 2.823157e+00 4.020449e+00 1.161097e+00
-4.204172e+00 6.751310e+00 3.167714e+00 4.637141e+00 -2.286837e+00 8.888266e+00 5.745543e+00 3.995693e-01 2.895194e+00 1.192334e-01 -5.530377e-01 5.198780e+00
-4.479523e+00 4.181865e+00 1.115250e+00 2.616918e+00 -2.795202e+00 5.020182e+00 2.781146e+00 2.245246e+00 7.727800e+00 -1.389185e+00 -7.538677e+00 3.243276e+00
-4.249561e+00 1.838743e+00 -1.415759e+00 4.973600e-01 -4.216247e+00 -2.401223e-01 -2.710107e+00 3.532302e+00 1.428589e+01 -9.054980e-01 -4.639710e+00 3.054132e+00
-6.131524e+00 6.351998e+00 5.791374e+00 2.552620e+00 -6.897926e+00 4.549921e+00 2.031912e+00 2.710159e-01 3.534238e+00 -9.601917e-01 3.525177e+00 4.231862e+00
-6.608544e+00 4.204399e+00 4.708463e+00 2.936819e+00 -4.580826e+00 1.235053e+00 -2.562695e+00 -3.701989e+00 3.899594e+00 4.104456e+00 3.297197e+00 2.929802e+00
-5.977479e+00 3.410890e+00 4.751673e+00 6.668184e+00 -3.099359e-01 4.668877e+00 1.942768e+00 -3.828403e+00 1.672730e+00 4.888587e+00 4.458578e+00 5.342009e+00
-6.839181e+00 5.655420e+00 4.182316e+00 5.377842e+00 1.026499e-01 -5.642173e-01 -2.285244e+00 -2.677913e+00 6.811742e+00 3.190214e+00 1.614698e+00 6.230249e+00
-6.427300e+00 5.689489e+00 4.450730e+00 5.062633e+00 -3.586100e+00 1.943132e+00 1.340329e+00 5.080578e-01 4.426298e+00 4.324436e-02 2.287374e+00 3.429235e+00
-5.829719e+00 3.761868e+00 4.780660e+00 4.247344e+00 -5.647981e+00 1.856644e+00 1.606733e+00 -1.144687e+00 3.006493e+00 2.816153e-01 2.702129e+00 4.248120e+00
-7.275306e+00 4.599821e+00 4.620310e+00 1.614120e+00 -2.324867e+00 2.729269e+00 1.422328e+00 2.647674e-01 2.800772e+00 2.309015e+00 4.473918e+00 7.377225e+00
-8.910029e+00 7.153666e+00 2.467562e+00 3.579974e+00 -5.322552e+00 -8.463962e-01 7.805485e+00 -5.261552e+00 7.570654e+00 -2.208083e+00 6.456539e+00 -2.368886e-01
-8.061603e+00 3.505188e+00 1.027613e+00 2.894524e-01 -4.748241e+00 -7.526326e-02 3.593860e-01 -2.563995e+00 4.098351e+00 -3.451698e+00 1.971100e+00 3.490378e+00
-7.762458e+00 5.740601e+00 5.747306e+00 1.026098e+00 -5.255437e+00 -6.316919e-01 1.661707e+00 -8.880185e-01 1.069310e+00 -4.790929e+00 -1.022413e+00 4.240170e+00
-7.380881e+00 2.688532e+00 2.389169e+00 6.309463e-01 -9.093500e+00 2.331840e+00 2.946165e+00 1.251434e+00 6.058077e+00 -4.616821e+00 -5.337490e-01 7.385421e-02
-5.828595e+00 6.842203e+00 7.969426e+00 4.682795e+00 -4.568378e+00 -1.592146e+00 -3.403350e-01 -6.359604e+00 -5.363688e-01 -5.965800e-01 1.214510e+00 2.507992e+00
-4.848746e+00 1.010606e+01 5.689042e+00 3.797110e+00 -4.203279e+00 1.907780e+00 -2.225726e+00 2.438805e+00 1.199622e+00 -4.032016e-01 2.683070e+00 1.413487e+00
-5.612476e+00 6.898804e+00 5.880752e+00 3.904270e+00 -2.306526e+00 3.098125e+00 1.782468e+00 -7.966528e-01 3.877402e+00 3.698031e+00 6.707416e+00 3.949045e+00
-5.384151e+00 4.647234e+00 4.178381e+00 5.305721e+00 -4.292586e+00 -1.869504e-01 -2.474625e+00 4.169440e-01 5.201704e+00 1.321553e+00 3.542895e+00 1.329008e+00
-4.678730e+00 4.601095e+00 4.051105e+00 7.742417e+00 -9.583008e-02 9.248208e+00 9.792563e-01 -4.900098e-01 2.370430e+00 -2.795640e+00 6.649365e-01 2.413152e+00
-3.200605e+00 2.143356e+00 5.969118e+00 5.093134e+00 -4.053605e+00 7.876811e+00 6.830099e-01 5.732506e+00 4.790421e+00 -2.121092e+00 -8.436748e+00 -1.660810e+00
3.846468e+00 5.247403e+00 8.355263e+00 2.342747e+00 -6.333425e-01 8.820227e+00 -1.859990e+00 -1.713008e+00 -1.022804e-01 -6.969550e+00 -5.263577e+00 3.846221e-01
-3.305082e-01 3.067222e-01 -1.573191e-01 3.430318e+00 1.006889e+00 4.332623e+00 5.371595e-01 3.091974e-01 -3.179166e+00 -6.049033e+00 2.548416e-01 3.083456e+00
-8.260355e-01 1.632465e+00 -6.466832e-01 2.654152e+00 -2.951849e+00 2.548853e+00 3.178334e+00 2.037751e+00 -1.456661e+00 -6.063190e+00 3.464157e+00 8.471755e-01
-2.779484e+00 4.004688e-01 1.958249e+00 1.486245e+00 -2.296169e+00 1.282862e+00 -1.871102e+00 6.159433e+00 -6.394710e+00 -7.851972e+00 1.489626e+00 -9.281929e-01
-1.417255e+00 2.403692e+00 -1.473996e+00 1.856590e+00 -4.238397e+00 4.990905e+00 -1.300018e-01 1.100806e+00 -1.773776e+00 -4.879395e+00 4.625558e+00 4.670672e+00
-4.410380e+00 2.972657e+00 -4.022646e-01 3.584437e-01 -3.753077e+00 7.072395e+00 -4.562555e+00 1.563513e+00 -7.649894e+00 -7.872603e+00 8.361885e+00 1.830345e+00
-1.385817e+00 3.556384e+00 7.671943e-01 3.214757e+00 4.718876e-02 8.765955e+00 -5.124581e-01 -2.728832e+00 -5.975832e+00 -4.283419e+00 1.835205e+00 3.872782e+00
-5.555029e-01 2.079902e+00 3.280764e-01 2.995840e+00 -1.385791e+00 6.266035e+00 -7.841249e-01 -9.124121e+00 -3.173417e+00 -3.357699e-01 7.672171e+00 8.894852e+00
-1.611659e+00 4.727232e+00 5.445983e+00 7.730103e+00 2.735163e+00 7.168965e+00 3.301367e-01 -5.426698e+00 -2.979043e+00 -4.685297e+00 3.234763e+00 7.544322e-01
-1.740337e+00 6.328249e+00 2.983519e+00 4.864928e+00 1.930218e+00 7.276177e+00 1.597739e-01 -9.013489e+00 -3.134505e+00 -7.403221e-01 2.288971e+00 2.972228e+00
-2.480372e+00 1.883993e+00 -7.682118e-01 2.125039e+00 -1.316710e+00 5.049124e+00 -3.516807e+00 -3.892874e+00 -4.184735e+00 -6.154658e+00 1.822800e+00 4.913180e+00
-3.614028e+00 1.412539e+00 -3.342272e+00 3.432291e+00 3.702220e+00 7.462193e+00 -1.401783e+00 -2.432978e-01 7.369733e-02 -6.720253e+00 1.012915e+00 2.032725e+00
-3.862115e+00 4.301217e+00 2.043804e+00 6.208930e+00 6.179423e+00 4.792419e+00 1.058969e+00 1.352795e+00 -5.141644e-01 -6.392773e+00 5.696829e+00 7.179094e+00
-4.475128e+00 5.321062e+00 5.116170e+00 8.515559e+00 6.313963e-01 4.821617e+00 1.189087e+00 -1.134360e+00 -1.180274e+00 -4.479027e+00 4.366436e+00 1.100857e+01
-5.269397e+00 2.056941e+00 1.331484e+00 2.414560e+00 2.300261e+00 3.914565e+00 1.005358e+00 -3.007803e+00 -2.286794e+00 -1.247923e+00 1.174763e+01 1.302121e+01
-5.472466e+00 4.452782e+00 2.435711e+00 4.662436e+00 5.000484e+00 5.803250e+00 4.557019e-01 -5.528911e+00 -1.284316e-01 5.180037e-01 8.561497e+00 7.370084e+00
-5.498275e+00 4.606414e+00 2.645292e-01 3.347089e+00 -7.064563e-01 5.447789e+00 -3.061267e+00 -2.428085e+00 8.759991e+00 4.820998e-01 5.513804e+00 8.868778e+00
