4.846992e+00 1.226152e+00 -1.860747e+00 -1.839714e+00 -1.875290e+00 -4.270551e+00 -6.328136e-01 8.548916e-01 -1.413469e+00 1.562395e-01 9.450282e-01 -4.461204e-01
4.177656e+00 -5.532541e-02 -2.522938e+00 -2.558874e+00 -5.447652e-01 -2.913434e+00 -3.599761e-01 9.391197e-01 -1.262993e+00 1.860125e+00 1.805849e+00 -1.309837e+00
3.802544e+00 1.958152e+00 8.491173e-02 -4.470137e-01 -2.188402e+00 -3.635774e+00 -3.130444e-01 -7.921528e-01 -2.037754e+00 -6.231796e-01 -1.042703e+00 -1.470905e+00
-4.158857e-01 -2.687302e+00 2.936446e+00 -5.182756e-01 -2.434216e+00 -3.482136e-01 1.340710e+00 -1.770933e+00 1.432799e-01 4.943701e-01 -2.662169e+00 -4.127884e-02
2.342971e+00 -1.776820e+00 -1.994053e+00 -2.916102e+00 6.710529e-02 -7.365782e-01 -5.425464e-01 1.969741e+00 -5.377201e-01 1.036210e+00 1.045429e+00 -2.330115e+00
-8.927749e-01 -2.507173e+00 2.571414e+00 -8.871347e-01 -1.586002e+00 -3.478693e-01 1.707585e+00 -2.795066e+00 6.352088e-01 6.951668e-01 -2.902869e+00 -4.597622e-01
2.754387e+00 2.058165e+00 9.339626e-01 1.134709e+00 -3.372925e-01 -2.812309e+00 1.253270e+00 -1.851301e+00 -4.640917e+00 -1.135013e+00 -3.665035e+00 -2.919769e+00
-1.898832e+00 2.918991e+00 -3.508188e+00 2.144886e+00 1.986136e+00 1.083137e+00 -2.008865e+00 3.071705e+00 -1.363643e+00 -2.551138e-01 1.785622e+00 1.455970e-01
-1.932299e-01 -9.167876e-02 1.132196e+00 -1.957064e-01 -5.849584e-01 7.604156e-02 -7.047652e-01 -3.327747e-01 4.564152e-01 1.034633e+00 -1.173592e+00 -1.189344e+00
-1.134152e+00 4.296442e-01 -8.622838e-01 1.693467e+00 3.153581e-01 1.536131e-03 -1.326439e-01 1.416481e+00 -1.432773e+00 -1.009629e+00 1.538165e+00 1.424394e+00
4.440871e-01 -1.711287e+00 -1.192888e-01 -1.685868e+00 1.727854e+00 1.389238e+00 -5.283004e-01 2.079285e+00 4.642277e-02 1.528854e+00 2.839738e-01 -6.877688e-01
2.223639e+00 1.232114e+00 4.018908e-01 8.472765e-01 -3.347551e-02 -1.726971e+00 8.315170e-01 -2.171986e+00 -5.522380e+00 -3.294263e+00 -4.479754e+00 -4.308896e+00
2.456863e-01 1.302631e-01 -5.136976e-01 -1.062002e-02 2.365867e-01 4.391145e-01 -2.573935e-01 -1.502147e+00 -5.042634e-02 -4.320989e-01 -1.007900e+00 -1.078472e+00
2.508635e-02 -9.276810e-01 -6.034682e-01 -9.799341e-01 -5.669560e-01 1.908969e+00 -3.077157e-01 1.059539e+00 1.068573e+00 -5.884759e-01 -2.827036e-01 -5.686356e-01
-5.658946e-02 -8.901596e-01 -8.154597e-01 -9.794816e-01 -4.869103e-01 3.026785e+00 4.977621e-01 4.050821e-01 7.342426e-01 -1.503268e-01 -3.895356e-01 -2.729702e-02
-1.952086e-01 -1.012966e+00 -8.984354e-01 -1.157635e+00 3.456683e-01 3.715242e+00 8.384269e-01 4.776830e-01 5.341278e-01 -1.537466e+00 -8.422129e-01 1.554526e+00
2.302532e-01 6.614648e-01 -2.902749e-01 9.368574e-01 1.457674e+00 8.888928e-01 -6.207561e-02 -6.159695e-01 3.591569e-02 -1.249405e+00 -1.376019e+00 6.217651e-01
-3.712703e-01 -9.472997e-01 -1.230394e+00 -1.078481e-01 2.812732e+00 3.551433e+00 2.632915e-01 -2.952304e+00 2.556911e-01 -1.146878e+00 -9.028581e-01 4.411556e+00
-2.943237e-01 -8.162892e-01 -1.402928e+00 -6.807173e-01 1.810559e+00 3.841783e+00 7.893648e-01 -8.952892e-01 4.309399e-01 -1.752763e+00 -1.650363e+00 3.623655e+00
-1.448154e-01 -1.123414e+00 1.452458e-01 -1.394291e+00 5.843428e-01 1.886292e+00 -1.004147e+00 2.136855e+00 1.292100e+00 -2.688973e-01 -2.914023e-01 -8.754795e-01
-3.107954e-01 -8.588133e-01 6.464738e-01 -1.954169e-01 -1.374053e+00 4.808851e-01 1.547626e+00 -2.143950e+00 9.702020e-01 1.612187e-01 -5.534536e-01 -9.172486e-01
8.212204e-02 -2.320396e-01 -7.293269e-01 3.551965e-01 1.433286e-01 -4.076005e-01 5.496825e-01 4.957844e-01 -1.682997e-03 3.038914e-01 1.564124e+00 -6.335995e-01
-2.025356e-02 -1.675728e-01 1.063580e+00 -9.248547e-02 -7.951417e-01 -8.551700e-02 -1.327582e+00 6.598872e-01 9.460735e-01 -7.555327e-01 5.345131e-01 1.321362e+00
-1.033517e-01 2.274857e-01 -7.474220e-01 -9.496880e-02 6.407943e-02 5.421999e-01 -5.636322e-02 -1.356465e+00 -1.207837e-01 -1.879283e-02 8.586097e-03 2.516417e-01
7.949772e-02 1.065517e-01 1.865923e-01 -2.238767e-01 -4.876041e-01 -1.723968e-01 -5.500159e-02 -9.462431e-01 4.292215e-01 -2.449695e-01 -1.348034e+00 -7.189344e-01
1.541510e-01 3.296858e-01 -8.981401e-01 -1.464784e-01 6.968039e-01 -4.410061e-01 7.467079e-01 1.705065e+00 1.024293e+00 5.682684e-01 1.004940e+00 -2.548518e-01
1.212749e-01 8.892584e-02 1.882228e-01 1.135807e-01 -2.219556e-01 1.128566e-01 1.359148e+00 8.077469e-01 9.460955e-01 1.603375e-01 2.916794e-01 -2.782905e-01
-5.403700e-01 -8.684743e-01 -7.201986e-01 7.721556e-01 2.318822e+00 2.449631e+00 -5.680774e-01 -4.006129e+00 2.711365e-01 7.170910e-01 3.654281e-01 3.057061e+00
-3.596235e-01 -9.855857e-02 -7.746146e-01 -3.595302e-01 2.332978e-01 5.647513e-01 -7.283036e-01 -2.410074e+00 -5.760917e-01 1.035470e+00 9.346415e-01 1.018621e+00
1.843920e+00 1.605617e+00 1.164062e-01 6.819980e-01 8.476166e-01 -1.390377e+00 -8.313368e-01 -7.512746e-01 -3.220582e+00 -3.599830e+00 -2.563779e+00 -2.039684e+00
-2.670155e-02 -3.418425e-01 3.678958e-01 -1.378518e+00 -2.315006e+00 -3.682819e-01 1.307370e+00 -6.965518e-03 8.269918e-02 -5.138221e-01 -8.620938e-01 -1.609930e-01
-1.033518e-01 -5.444603e-02 -6.333258e-02 9.602404e-01 2.036711e-01 -7.291368e-01 -5.086307e-02 4.983798e-01 1.317268e-01 4.928827e-02 5.873621e-01 5.266217e-01
3.093338e-01 -9.267658e-01 8.208480e-01 -8.577428e-01 -8.510334e-01 4.554400e-01 2.511293e+00 -1.013568e+00 -5.637727e-01 -4.339639e-02 -1.619599e+00 -1.172192e+00
-1.806395e-01 3.854046e-01 5.403099e-02 5.307015e-01 4.869646e-01 1.852496e-01 3.787412e-01 -4.298810e-01 -1.340203e+00 -5.213513e-02 -6.068829e-01 1.281858e+00
-7.613997e-01 3.721022e-01 7.782542e-01 4.547717e-01 -2.165845e+00 -4.328395e-02 2.716214e-01 1.888052e+00 -3.920838e-01 -1.710732e-01 -1.398608e+00 2.249290e+00
-1.257908e-01 -6.930792e-01 -6.220235e-01 -1.362978e+00 -1.247496e+00 -2.645051e-01 3.670312e-01 -1.051013e+00 5.412364e-01 -7.190430e-01 5.415400e-01 -1.184708e+00
1.025030e+00 1.219137e+00 3.003534e-01 6.628961e-02 8.732007e-01 -6.330236e-01 -2.242829e+00 1.100227e+00 -8.122867e-01 -3.511793e+00 -1.174512e+00 4.553677e-01
-5.715024e-01 4.163417e-01 8.205966e-01 2.873234e-01 -2.040902e+00 7.639895e-01 -6.844015e-02 1.317228e+00 -1.137564e-01 3.502284e-01 -2.859095e-01 9.531145e-01
5.323266e-01 4.176028e-01 1.409026e+00 1.187482e+00 -7.923646e-02 -3.133494e-01 2.475292e+00 2.254546e+00 5.632736e-01 -5.673612e-01 -9.591130e-01 -9.241397e-01
-6.865455e-01 2.198596e-02 5.165216e-01 8.308773e-01 4.983719e-01 -1.732388e+00 1.941217e+00 -8.048539e-01 -3.019299e+00 2.510897e+00 4.406317e-01 -8.311728e-01
1.067939e-01 1.690178e+00 1.881262e+00 5.023392e-01 7.854772e-01 6.754994e-01 8.373129e-01 -1.291258e-01 -6.008220e-01 3.408334e-01 1.088504e+00 -1.234249e+00
7.112284e-02 1.240963e+00 -7.416010e-03 -3.190858e-01 -1.998167e-01 3.348674e-02 -1.633006e+00 -1.915451e+00 6.308366e-01 -2.137996e-01 -1.038839e+00 -1.693868e+00
-6.727813e-01 -6.105487e-01 -2.032307e+00 -1.733946e+00 -1.799828e+00 4.991832e-01 -1.688383e+00 -1.183694e+00 9.351947e-01 1.438609e+00 2.321678e-01 -4.337999e-01
-3.189804e-01 1.345228e-01 -2.008376e-01 8.000698e-02 1.598332e+00 6.401818e-01 -1.778002e-02 1.023452e+00 1.570762e+00 -4.360601e-01 5.310071e-01 2.184748e-01
2.678998e-01 5.350823e-02 8.771954e-01 1.033481e+00 3.959244e-01 -1.996409e-01 1.484134e+00 1.579321e+00 -3.419471e-02 -5.665882e-01 -1.703859e+00 1.790417e-01
-7.366238e-02 5.514327e-01 6.363001e-01 5.404504e-01 5.930940e-01 -1.375262e-01 -1.306376e-01 -1.912251e+00 -3.392467e-01 5.863901e-01 6.837731e-01 4.733314e-01
-2.860079e-01 -5.513216e-01 3.228558e-01 -4.542804e-01 -4.770858e-01 -5.829636e-01 -4.311182e-01 -3.497158e-01 -1.722248e+00 -4.134212e-01 6.244837e-01 5.089049e-01
-8.178661e-01 4.327694e-01 1.178084e+00 3.146977e-01 -2.011972e+00 -6.679299e-01 6.651522e-01 2.100503e+00 5.970926e-02 -1.643282e+00 -1.155777e+00 1.858945e+00
2.450809e-01 1.468631e+00 7.563917e-01 1.010372e-01 9.424664e-01 1.084394e+00 -7.123748e-01 -1.714479e+00 -3.081581e-01 1.106231e+00 1.096615e+00 -6.300745e-01
4.224136e-01 1.988063e-01 1.409787e+00 1.567046e+00 2.716458e-03 -1.779747e-01 3.037463e+00 2.916465e+00 8.007191e-01 -3.022281e-01 -1.151540e+00 -9.126105e-02
-5.525645e-01 -6.325796e-01 1.493849e-01 -8.341288e-03 5.882272e-01 -3.827652e-01 7.430440e-01 -3.607736e-01 -9.977815e-01 5.481433e-01 -2.113398e-01 2.402708e-01
-7.487761e-01 -4.623864e-01 2.018444e+00 2.785994e-01 -1.956886e+00 -1.226286e+00 8.273489e-01 1.703971e+00 9.968638e-01 -2.207409e+00 -1.664095e+00 1.286703e+00
-3.225017e-01 -6.579469e-01 -5.286247e-01 1.938769e+00 1.170742e+00 1.777628e+00 -2.369992e+00 -2.406064e+00 8.134998e-01 1.195840e+00 1.240002e+00 7.938781e-01
-6.644627e-01 -1.053581e+00 7.668027e-01 1.975307e+00 -1.252679e+00 -1.416169e+00 -8.875489e-01 -7.301184e-01 3.966740e+00 -7.082942e-01 -2.189814e+00 -1.068524e+00
-8.658808e-01 -8.118728e-01 2.088104e+00 7.002627e-01 -1.611292e+00 -1.888249e+00 9.258595e-01 -1.282251e-01 3.117295e+00 -1.519901e+00 -2.549146e+00 6.428527e-01
-9.052112e-01 -8.896686e-01 -1.359512e+00 -1.323753e+00 -1.560110e+00 3.016804e-01 -1.132878e+00 -8.036403e-02 6.968617e-03 4.957344e-01 -3.314341e-01 -9.603029e-02
2.550519e-01 -1.700450e-01 -4.785511e-01 -9.521003e-01 -4.055963e-01 9.341388e-01 -8.860733e-01 4.774724e-01 -8.064200e-01 -3.105966e-01 -4.160626e-01 -5.441074e-01
-7.484066e-01 -5.849463e-01 1.903035e-01 -6.581334e-01 -1.146334e+00 -1.473024e-01 -9.965394e-01 2.564407e-01 -2.044764e-01 5.249172e-01 2.140270e-01 -3.676245e-01
-2.175620e-01 -6.855049e-01 1.441193e-02 5.520293e-01 2.417402e-01 1.873179e-01 -3.492746e-01 -4.568674e-01 1.595059e-01 -3.361271e-01 2.265887e-01 -9.655331e-01
-2.616095e-01 -5.167967e-01 6.839430e-01 -7.732825e-01 -7.753040e-01 1.486619e-01 -1.352168e+00 -1.271050e+00 -1.273520e+00 -9.807947e-01 -1.351284e+00 -8.143341e-01
-3.141947e-01 1.134417e+00 1.132275e+00 -3.030384e-01 2.481585e-01 1.044716e+00 1.459623e+00 1.075766e-01 -1.216719e+00 -3.294697e-01 8.862338e-01 -3.655170e-01
-5.794672e-01 1.163156e+00 1.609727e+00 1.135553e+00 1.953390e+00 -4.279342e+00 2.888305e+00 -1.509413e+00 -3.729028e+00 3.147948e+00 1.273407e+00 -1.299871e+00
-7.502107e-02 1.432257e-01 6.597123e-01 3.336307e-02 7.273841e-02 -9.713367e-02 -7.203838e-01 -6.695127e-01 -7.704149e-01 8.337008e-01 1.550131e+00 3.385203e-01
-1.842922e-01 -6.611363e-01 -7.493590e-01 -1.921716e+00 -1.762521e+00 -5.761886e-01 -6.619878e-01 -4.657860e-01 4.471258e-01 4.948648e-01 1.116287e+00 -3.768430e-01
-2.903038e-01 1.122342e+00 2.421904e-01 -4.032737e-01 -9.519833e-01 -3.415842e-01 3.631275e-01 9.184891e-01 -1.816820e-01 -1.922032e+00 -1.208701e+00 7.326953e-01
-3.274065e-01 -4.812800e-01 -4.452704e-01 2.432034e+00 8.272469e-02 3.845970e-01 -2.600227e+00 -9.223695e-01 1.920122e+00 1.641900e+00 1.714260e-01 -1.287159e+00
-5.254980e-01 -8.192987e-01 -4.019556e-02 2.666406e+00 -8.427156e-01 -8.443404e-01 -1.860138e+00 -5.976004e-01 3.451744e+00 5.984098e-01 -1.384696e+00 -1.864016e+00
-2.674010e-01 1.417376e-01 6.095002e-01 -2.511112e-01 1.109870e+00 -5.645959e-02 6.410753e-01 6.891831e-01 2.903644e-01 1.706880e-01 2.465263e-01 1.158137e+00
-2.779351e-01 9.863859e-01 7.575210e-01 -4.681017e-01 -6.568978e-02 6.926104e-01 1.724097e+00 6.705477e-01 -7.297910e-01 -5.490359e-01 -1.960005e-01 -1.163899e-01
-1.292538e-01 7.265155e-01 1.280851e+00 -3.517953e-01 -1.457417e+00 8.776459e-01 -4.374063e-01 1.696800e+00 2.067493e-02 4.554563e-01 5.737484e-01 3.981757e-03
2.524006e-01 -2.702233e-01 -7.821089e-01 7.700745e-01 1.322762e-02 5.188168e-01 4.939060e-01 -9.954306e-01 3.298599e-01 -8.687961e-01 -5.869139e-01 -1.273560e+00
-2.482466e-01 -4.481041e-02 7.191589e-01 1.062275e-01 4.518366e-01 4.208153e-01 8.162133e-01 1.187836e+00 2.124015e-01 8.091488e-01 6.549215e-02 9.522460e-01
-1.763191e-02 -2.326515e-01 -3.346932e-02 -6.316072e-01 -3.120577e-01 5.173258e-01 5.242229e-02 4.891784e-01 -4.811782e-01 5.384219e-01 3.828563e-01 2.468669e-01
3.876570e-01 1.968610e-02 -4.015558e-01 1.309514e+00 -4.486780e-01 3.237382e-01 1.477270e+00 -7.420769e-01 8.464146e-01 -1.790227e+00 -1.644218e+00 -1.021189e+00
-1.421509e-02 -4.766606e-01 2.330132e-01 -8.029426e-01 -1.587931e+00 -4.300554e-01 -7.833542e-01 8.911387e-01 -5.172976e-01 4.158617e-01 8.809243e-01 1.013490e+00
-3.911732e-01 3.887468e-01 -2.675973e-01 3.470287e-02 -6.612709e-01 5.871972e-01 5.493532e-01 9.965107e-01 7.415668e-01 -3.535371e-01 -6.776269e-02 2.768500e+00
-1.691328e-01 9.061361e-03 5.101079e-01 1.974841e-01 -2.925664e-01 -4.613592e-01 -8.053136e-01 4.066493e-01 -1.895517e+00 3.136229e-01 1.174601e-01 1.483993e+00
7.957915e-02 6.378488e-01 2.634310e-01 1.686666e+00 -6.202487e-01 -2.495067e-01 1.569052e+00 1.012980e+00 7.536060e-01 -2.003402e+00 -2.076634e+00 -5.879925e-01
1.013704e-01 -3.273119e-01 1.462187e+00 1.682126e+00 2.053412e+00 -4.027272e-01 -5.258928e-01 5.864571e-01 3.693208e-01 7.825531e-01 1.119377e+00 9.426168e-01
-3.866070e-03 1.912327e+00 2.028682e+00 1.011929e+00 2.836617e+00 -4.662892e+00 1.497370e+00 -3.842609e-01 -3.777428e+00 2.986659e+00 2.392130e+00 -2.221551e+00
2.055698e-01 1.318301e+00 2.053485e+00 -5.181425e-01 7.103437e-01 -8.238508e-01 -4.745224e-01 1.314873e+00 -8.871063e-01 1.179537e+00 1.800830e+00 -8.521791e-01
-3.912727e-01 6.319021e-01 3.315576e-01 1.990620e+00 7.016516e-01 6.597757e-01 6.028309e-01 7.821566e-01 1.245973e+00 -2.498971e+00 -1.381687e+00 -2.874703e-01
4.313231e-01 1.924260e+00 -2.448144e+00 4.226384e-02 6.213456e-01 -4.314419e-01 -1.498285e+00 1.230128e+00 -7.316769e-01 -2.372405e-01 3.008650e-01 -1.203848e+00
2.358083e-01 1.976402e+00 2.630121e+00 4.036098e-01 2.348767e+00 -3.273387e+00 7.539558e-02 3.802572e-01 -2.075671e+00 1.824617e+00 3.277188e+00 -2.669285e+00
-2.364118e-01 -2.965792e-01 -7.284411e-01 5.360990e-01 -2.858450e-01 1.015428e+00 -3.138635e-01 8.438114e-01 1.895004e+00 2.931156e+00 3.261464e+00 3.674924e+00
-8.997299e-01 3.312873e-01 -9.684434e-02 2.024518e+00 1.974147e+00 1.908103e+00 1.829129e-01 8.666789e-01 2.560697e+00 -2.003551e+00 -7.994909e-01 -1.319985e+00
-1.407951e+00 5.075563e-01 -7.047603e-01 1.240321e+00 2.411386e+00 1.862349e+00 -7.474597e-01 2.462645e-01 2.369909e+00 -1.836083e-01 9.334373e-02 -9.972383e-01
-8.058888e-01 -9.767302e-01 -8.299822e-01 2.168455e-01 -7.121957e-01 1.455248e+00 -6.528717e-01 5.101762e-02 2.834198e+00 3.602126e+00 4.260592e+00 3.059158e+00
2.753698e-01 3.897945e+00 -4.514200e+00 2.457330e+00 2.445405e+00 8.580053e-01 -2.525423e+00 3.052883e+00 -6.429057e-01 -2.351140e-01 2.782026e+00 -2.906217e-01
-1.021925e+00 -3.491861e-01 -1.414794e+00 -4.333801e-01 2.646843e+00 1.662606e+00 -1.183457e+00 2.227006e-01 1.577759e+00 -1.309524e-01 5.264171e-01 7.110882e-02
-1.288818e+00 -8.619642e-01 -9.487435e-01 -1.789769e+00 1.078866e+00 9.701724e-02 -2.450737e-01 1.618813e+00 9.868479e-01 -8.794580e-01 4.040695e-01 6.142376e-01
-8.860606e-01 -1.679077e+00 -7.388983e-01 -6.453355e-01 3.073847e-01 2.041528e+00 7.906528e-02 2.995922e-01 2.113010e+00 2.592968e+00 3.480101e+00 2.272729e+00
-1.270948e+00 -1.190004e+00 -8.814337e-01 -1.689164e+00 2.409638e-01 3.232432e-01 -1.377553e+00 9.927902e-02 4.514441e-01 1.118480e+00 2.260740e+00 1.793584e+00
2.012051e+00 -1.512732e+00 1.299543e+00 -1.246911e+00 4.787253e-01 -6.286055e-01 2.775759e+00 -1.245199e+00 8.061800e-01 7.243187e-01 -4.949814e-01 -1.141116e-01
1.622927e+00 -1.021881e+00 1.598027e+00 -9.632433e-01 1.434280e+00 -5.943116e-01 1.645563e+00 -3.070199e-01 3.029326e-01 -3.438082e-01 -5.848132e-01 6.345047e-01
