2.821869e+00 -2.755449e+00 4.993766e+00 -2.508845e+00 -5.390676e+00 -1.429190e+00 -1.227733e+00 -2.651963e+00 -3.575747e+00 -1.708316e+00 -2.108589e+00 -2.589781e+00
2.125145e+00 -4.860574e+00 4.524558e+00 -1.916828e+00 -5.927136e+00 -3.120543e+00 -3.967480e-01 -2.021664e+00 -1.116773e+00 1.079653e+00 -1.410991e+00 -8.257197e-01
2.237775e+00 -1.074329e+00 3.671538e+00 -2.582415e+00 -3.699473e+00 -8.413906e-01 -2.430799e+00 -2.738592e+00 -3.811785e+00 -2.476117e+00 -3.004878e+00 -2.872525e+00
1.461875e+00 -4.422382e+00 3.338183e+00 -2.591421e+00 -4.069906e+00 -2.171255e+00 1.000676e-01 -1.815581e+00 -1.676473e+00 1.592976e+00 -1.401819e+00 -7.649822e-01
1.582543e+00 -5.264242e-01 1.142317e+00 2.165808e+00 -9.462369e-01 -2.119959e+00 7.490442e-01 -1.578398e+00 -4.232255e+00 -2.783841e+00 -5.822408e-01 -3.402011e+00
-6.146320e-01 -2.067526e+00 9.915611e-01 -1.393121e+00 -1.939479e+00 -1.681166e+00 8.431783e-02 -8.361562e-01 -1.362180e+00 1.975147e+00 -3.125350e-01 1.864741e-01
9.952954e-01 2.566697e+00 3.743145e-01 -7.977045e-01 -1.180375e+00 2.491947e-01 -1.854610e+00 -1.938881e+00 -2.719452e+00 -2.015689e+00 -1.078421e+00 -1.653274e+00
-4.548564e-01 -1.655391e+00 5.415842e-01 -1.601846e+00 -8.485731e-01 6.864615e-02 -7.032562e-01 -8.240343e-01 -1.486964e+00 1.654351e+00 -3.638439e-02 1.178853e+00
1.099204e+00 1.844283e-01 9.981771e-01 1.587610e+00 2.050931e-01 -2.685559e-01 -1.782364e-01 -2.955183e+00 -4.969714e+00 -1.855224e+00 -1.683896e+00 -3.499224e+00
2.532461e-01 6.755703e-01 5.423218e-01 7.352805e-01 8.434150e-01 2.515903e-01 1.550564e+00 8.556816e-01 -6.291664e-01 3.676326e-01 7.476319e-01 6.977647e-01
2.474976e-01 -1.211084e-01 -3.680570e-01 4.678288e-01 1.014838e+00 2.633643e-01 2.146904e-01 -5.285835e-02 -5.565133e-02 -2.538931e-01 -4.531337e-01 5.560805e-01
7.649466e-01 1.032880e-01 6.741596e-01 1.229431e+00 -6.840202e-01 -1.284342e+00 8.209821e-01 -4.054904e-02 -1.107096e+00 -2.025959e+00 -7.469944e-01 -1.218725e+00
2.256851e-02 7.250689e-01 9.084581e-01 1.107730e-01 3.107043e-01 -5.427718e-01 9.815332e-01 1.063572e+00 1.284957e-02 2.579826e-01 3.824851e-01 1.389161e+00
1.408855e-01 -2.149529e-01 -4.206757e-01 4.823237e-02 -9.450696e-01 -1.177608e+00 -1.003174e+00 5.557181e-01 1.690234e-01 -3.030571e+00 -2.265161e+00 -1.567344e+00
1.541803e-01 -1.257846e+00 -1.202394e+00 -1.197440e+00 -9.540731e-01 -6.657594e-01 9.308463e-01 7.891482e-01 -8.516781e-01 5.757940e-01 5.184153e-01 -6.945171e-02
2.503063e-01 -1.218819e-01 -8.417403e-01 2.325178e-01 2.463758e-01 7.048749e-01 -7.891318e-01 -8.974590e-01 3.556296e-01 -5.895008e-01 -1.014138e+00 -9.006545e-01
-2.772264e-01 -9.531096e-02 2.303488e-02 -1.049090e+00 -1.846389e+00 -5.171267e-01 -7.090285e-01 5.688802e-01 3.769308e-01 -3.318272e+00 -1.062144e+00 2.942252e-01
-1.851017e-01 5.653230e-01 6.901188e-01 6.639286e-01 2.051926e-01 6.178031e-01 9.295539e-01 1.309863e+00 8.403801e-01 6.713797e-01 1.068041e+00 5.808943e-01
-1.562521e-01 -6.389297e-01 -3.497431e-01 8.185350e-01 1.601581e-01 4.571139e-01 1.184672e+00 -1.474577e+00 1.348168e+00 1.097419e+00 -5.372935e-01 7.204983e-01
4.679495e-01 -1.882813e-01 -7.448940e-01 3.535216e-01 4.283598e-01 -2.896230e-01 -3.349320e-01 -1.901129e-01 -1.000452e+00 -1.066530e+00 -1.847908e+00 -2.502683e+00
1.390991e-02 -1.495839e-01 6.416187e-02 4.373827e-01 -5.823089e-01 -2.430311e-01 -3.166043e-02 -2.750847e+00 2.397352e-01 2.395754e-01 -1.384886e+00 -4.871632e-01
-1.616608e-01 1.579964e-01 2.563068e-01 -2.556162e-01 6.690773e-01 1.614207e-01 -1.756745e+00 -2.755718e+00 -2.119592e+00 -2.076462e-01 -7.676551e-01 -6.654192e-01
1.513258e-01 -2.043837e-01 -6.267815e-01 3.711808e-01 1.451693e+00 1.213185e+00 -7.002935e-01 -9.063816e-01 -2.870391e-01 1.627509e+00 -4.395756e-01 -2.013834e+00
5.000381e-01 -5.981004e-01 -3.529535e-01 -7.459617e-01 -3.075761e-01 -1.139525e+00 1.988673e-01 1.146932e+00 -3.064820e-01 1.288735e+00 -4.850936e-02 -1.074548e+00
-2.147432e-01 -3.532153e-01 -7.479761e-02 -6.665539e-01 -1.254849e+00 -7.253240e-01 -6.762420e-01 5.718589e-01 3.975674e-01 -3.066054e+00 -4.714749e-01 1.096532e+00
2.579583e-01 -1.035684e-01 -7.599530e-01 2.386317e-01 4.022716e-01 6.680407e-01 -8.170097e-01 -1.319607e+00 7.197342e-01 -1.959203e-01 -9.318255e-01 -9.498310e-02
-3.925177e-01 1.837774e-01 9.942126e-02 -4.820354e-02 -4.144697e-01 1.344444e+00 2.221054e-01 1.351807e+00 1.739358e+00 1.090445e-01 1.617423e-01 -8.665824e-01
4.325981e-01 -1.138035e-01 -9.121200e-01 1.201932e-01 2.465789e-01 -6.553143e-01 -1.121040e+00 -2.414700e+00 -4.408039e-01 2.029357e-01 -5.437911e-01 -2.511551e-01
2.529028e-01 4.192995e-01 5.070695e-01 -2.285605e-02 -1.167818e+00 1.809120e-01 7.737712e-01 1.852193e+00 -9.068176e-01 -3.900270e-01 1.567071e-02 -7.501599e-01
-2.446109e-01 1.975126e-01 -2.416978e-01 -9.101951e-01 -4.938962e-01 1.285453e-02 3.547324e-01 1.945916e-01 -2.157803e-02 7.395191e-01 1.307598e+00 8.154927e-01
-1.995870e-01 -3.902401e-01 -5.159489e-01 -4.531980e-01 -3.182568e-01 6.546683e-01 -4.453525e-01 1.722839e-01 1.569216e+00 1.804986e-01 -6.199595e-01 -1.507745e+00
-7.032923e-01 -9.737499e-01 -9.382882e-01 1.472131e-01 6.102064e-02 -3.770932e-01 1.376840e+00 2.105574e+00 2.992609e+00 2.434016e+00 2.612076e+00 3.104528e+00
-9.723129e-02 -4.657069e-01 -3.551398e-01 -1.032847e+00 -1.208734e-01 1.384315e+00 -3.278673e-01 -5.666756e-01 -1.264134e+00 1.539147e-01 5.849265e-01 1.022576e+00
1.405750e-01 7.071211e-02 -1.943162e-01 4.913993e-01 -1.992101e-01 -8.351898e-01 -7.375176e-01 2.200772e-01 2.546651e-01 -3.811596e-01 -3.635754e-01 -9.436024e-01
-1.023323e+00 8.020981e-02 3.079372e-01 5.454942e-01 1.082463e+00 1.401674e+00 2.075216e-01 1.335104e+00 4.410562e+00 9.050803e-01 1.208581e+00 1.153320e+00
-5.237408e-02 1.132072e-01 3.912915e-01 4.509045e-01 7.467022e-01 5.826541e-01 1.272223e-01 2.185129e+00 2.687975e+00 1.503669e+00 6.691189e-01 -1.126916e-01
3.942478e-01 2.493707e-01 -1.122247e-01 -9.505719e-01 -4.292807e-01 -4.060448e-01 1.173764e+00 3.453681e+00 -1.191777e-01 -3.469762e-01 1.057035e-01 -5.713775e-01
-1.796532e-02 1.444448e-01 3.175752e-01 -6.554435e-01 -2.369775e-01 2.563089e-01 2.534239e-01 -6.185918e-01 -1.621242e-01 -8.422375e-04 -5.376829e-01 -7.319385e-01
2.794550e-01 -1.951240e-01 -3.560767e-02 3.775278e-01 5.449216e-01 -1.654135e+00 -1.046339e+00 -1.892668e+00 -6.965123e-01 9.652432e-01 -5.371395e-01 6.782093e-02
-6.897438e-01 3.932219e-01 2.105807e-01 3.390476e-01 3.151596e-01 8.474303e-01 3.157446e-01 1.341061e+00 3.357455e+00 -3.866094e-01 5.858749e-01 6.151171e-01
2.575838e-01 9.942623e-02 -3.769394e-01 -8.461723e-01 5.856038e-01 8.375342e-01 4.527554e-01 1.062060e+00 3.575839e-01 -1.779499e-01 -9.130959e-02 -1.238968e-01
-7.029009e-01 5.546982e-02 1.222427e+00 1.101358e+00 1.490306e+00 -9.439114e-01 -3.241166e+00 2.246357e-01 -2.180754e-01 -1.331199e+00 1.346881e+00 1.419658e+00
5.702910e-01 7.828080e-01 1.022184e-01 -1.138587e-01 -7.968748e-01 1.260690e+00 4.052687e-01 -1.232832e+00 -9.375213e-01 1.163797e+00 -7.892922e-01 -1.476104e-02
-4.968578e-01 3.883200e-02 1.258128e+00 1.426462e+00 1.037627e+00 -9.860753e-01 -1.545424e+00 -5.564100e-01 1.455612e-02 -1.476540e+00 1.541206e+00 2.301963e-01
-2.177277e-02 3.080869e-03 -4.449511e-01 -8.478277e-01 5.386258e-01 1.570581e+00 2.492029e-01 -5.586358e-01 -1.008206e-01 4.109637e-01 9.661406e-01 5.807320e-01
3.951679e-01 9.993604e-01 -9.361725e-02 4.336747e-01 -5.002533e-01 2.742959e-01 5.685095e-01 -9.302669e-01 -1.173467e+00 1.055677e+00 -1.517316e-01 8.034422e-02
-4.578937e-01 2.890107e-01 1.127203e+00 4.712044e-01 1.781732e+00 -7.142901e-01 -3.461086e+00 8.477012e-01 -4.311729e-01 -9.572855e-01 1.383341e+00 1.529819e+00
-7.811346e-02 -3.417906e-01 2.984501e-01 -1.888039e-01 -1.827803e-01 3.122953e-01 3.869572e-01 -8.386751e-02 8.468680e-01 9.881001e-01 -5.844710e-02 -1.430271e+00
2.297306e-02 -5.893870e-01 -1.013002e+00 -3.741564e-01 2.255976e+00 1.772366e+00 -3.816559e-01 -1.671943e+00 -3.485916e-01 4.352658e-01 7.498537e-01 -3.553029e-01
-3.873700e-01 8.990204e-02 9.267685e-01 1.529277e+00 4.767517e-01 -2.594796e-02 -1.029031e+00 -6.341587e-01 7.379506e-01 -1.372644e+00 6.077982e-01 -4.874732e-01
-3.822562e-01 8.250142e-01 1.048077e+00 -2.726701e-01 1.654101e+00 1.822883e-01 -2.833528e+00 6.283998e-01 1.778995e-01 -2.244997e-01 5.981477e-01 1.221548e+00
-4.036794e-01 3.823847e-01 1.223219e+00 8.160456e-01 1.610727e-01 7.606519e-01 3.335800e-02 -3.208214e-01 7.973283e-01 -4.891817e-01 1.311905e-01 -1.185266e+00
-1.441317e-01 1.246738e+00 1.745781e-01 -3.728085e-02 -3.763811e-01 5.868760e-01 -6.974591e-01 -1.268189e+00 -2.908056e-01 3.565587e-01 -6.350031e-02 -2.549492e-01
-9.483480e-02 -6.534662e-02 2.514207e-01 7.706088e-01 2.273801e-01 -1.143595e+00 7.573750e-02 8.328403e-01 9.081661e-01 -4.149048e-02 -6.223724e-01 -9.352953e-01
-8.216048e-03 1.372162e+00 -1.067293e-01 2.977242e-01 -3.217226e-01 1.828413e-01 2.332962e-02 -1.181770e+00 -5.085928e-01 5.512031e-01 -1.531822e-01 -2.456207e-02
-2.374546e-01 1.058389e+00 5.165945e-01 -3.285598e-01 6.728680e-01 5.808737e-01 -1.855688e+00 -2.752293e-01 -2.523613e-03 7.546616e-02 -1.306330e-01 4.187781e-01
-4.690240e-01 3.305946e-01 8.680258e-01 3.459106e-01 3.304964e-01 9.129173e-01 -1.094612e-01 -5.234364e-01 3.861079e-01 4.468678e-01 -7.406260e-01 -1.408778e+00
-9.346966e-01 3.525810e-01 5.976967e-01 2.205848e-01 1.043159e+00 2.800798e-01 5.606880e-02 -4.904251e-01 -2.253791e-01 1.179666e+00 -1.436472e+00 -8.242735e-01
-1.845999e-01 -2.929493e-01 -3.602624e-01 -1.098579e+00 -6.835474e-01 -5.410936e-01 5.137966e-01 8.699815e-01 1.381140e+00 4.022603e-01 -9.476080e-02 -1.374345e-01
-1.638432e+00 -2.167160e+00 -1.983240e+00 -7.870620e-01 -3.898700e-01 -2.586194e-01 1.780378e+00 1.595548e+00 1.440449e+00 2.364178e+00 3.854214e+00 2.347219e+00
-9.415642e-01 2.880115e-01 2.860401e-01 1.127805e-01 1.940151e+00 -6.971720e-01 8.256525e-01 -3.148966e-01 -3.967741e-01 1.038087e+00 -1.787758e+00 4.530142e-02
-1.342208e+00 5.558560e-01 -3.227592e-01 -1.461205e+00 8.102804e-01 6.289513e-01 -1.070898e+00 1.551793e+00 1.998630e+00 2.349311e+00 1.307729e+00 3.430222e+00
8.524061e-01 1.489899e+00 -3.357307e-01 -1.407739e-01 -7.276007e-01 2.384627e+00 8.142933e-01 -1.313111e+00 -1.001483e+00 8.309182e-01 -7.226881e-01 3.012721e-01
1.331200e+00 2.756988e+00 -3.184200e-01 -7.088105e-01 -6.101971e-01 1.425648e+00 -1.157286e+00 -1.939516e+00 -1.565973e+00 -1.840367e+00 -1.215068e+00 -7.232427e-01
-1.546239e+00 -1.206516e-01 -6.334798e-01 -5.277931e-01 4.167083e-01 5.622784e-01 3.444855e-01 2.755984e+00 3.297757e+00 3.410783e+00 2.855505e+00 5.054891e+00
-6.143671e-01 -9.539292e-02 -2.460325e-01 6.254612e-01 1.713172e+00 -8.213709e-01 8.450857e-01 -2.676228e-01 -2.200474e-01 -2.537085e-01 -1.360279e+00 4.528186e-01
1.084946e+00 1.837440e+00 -9.983053e-01 4.582770e-01 -1.195656e+00 2.223540e+00 -3.881208e-01 -1.577366e+00 4.342878e-01 -6.732080e-02 -9.909739e-01 3.124406e-01
9.082711e-01 6.052147e-01 5.854168e-02 1.041843e+00 -1.474309e+00 1.258146e-01 8.390120e-01 1.103900e+00 5.492376e-01 -2.300669e+00 5.750142e-01 -4.206370e+00
1.275892e-02 7.732441e-02 -4.740744e-01 8.932353e-01 9.193195e-01 -4.083851e-01 9.470135e-01 -4.473787e-01 1.652346e-01 -1.461320e+00 -1.465065e-01 7.646382e-02
8.526331e-01 7.226200e-01 -6.035282e-01 1.366286e+00 -4.862545e-01 -3.153722e-01 5.422378e-01 -4.046238e-01 8.039305e-01 -1.532901e+00 2.132301e-01 -1.868724e+00
5.501616e-01 1.608060e+00 -1.429734e+00 1.325669e+00 -5.490174e-01 4.989290e-01 1.887961e+00 1.436831e+00 -4.201727e-01 -1.948588e+00 -2.027571e-01 -4.055401e+00
-2.848735e+00 -2.329841e+00 -4.060697e+00 -2.243120e-01 3.007702e+00 3.659329e-01 1.611364e+00 2.967768e+00 4.012029e+00 2.645730e+00 4.339435e+00 5.351370e+00
-3.879237e-02 1.317404e+00 -4.553960e+00 1.157700e+00 2.568722e+00 1.046759e+00 1.979117e+00 1.962019e+00 -2.481112e-01 -2.654264e+00 -1.579913e+00 -1.879908e+00
-1.296339e+00 4.295362e-01 -6.397887e+00 1.175536e+00 4.878000e+00 9.207177e-02 1.994735e+00 2.616024e+00 1.103138e+00 -8.305188e-01 2.677298e-02 1.841292e+00
-2.298064e+00 -5.063227e-01 -6.430229e+00 1.304254e+00 5.339938e+00 5.743799e-02 1.713616e+00 3.237669e+00 4.019629e+00 1.698663e+00 2.184024e+00 5.560934e+00
