6.616122e+00 -9.056555e+00 4.686709e+00 8.784450e+00 -9.591746e+00 -1.205332e+01 -8.697649e+00 -1.467377e+01 1.031876e+01 -8.541929e+00 -4.804156e+00 6.647702e+00
6.303915e+00 -8.624852e+00 4.966853e+00 8.413383e+00 -9.833840e+00 -1.169698e+01 -8.409112e+00 -1.420608e+01 1.050943e+01 -1.020036e+01 -4.436241e+00 5.213570e+00
7.458136e+00 -9.886543e+00 4.693087e+00 7.501258e+00 -8.459836e+00 -1.103794e+01 -9.507565e+00 -1.495489e+01 1.077393e+01 -9.479982e+00 -3.312845e+00 6.109200e+00
5.580564e+00 -8.266435e+00 5.285796e+00 8.287321e+00 -1.006901e+01 -1.118745e+01 -7.949368e+00 -1.316442e+01 1.060754e+01 -8.964311e+00 -6.241096e+00 5.261209e+00
7.911663e+00 -9.861040e+00 4.307630e+00 6.866041e+00 -7.733967e+00 -1.003968e+01 -1.054884e+01 -1.604805e+01 1.123679e+01 -9.660844e+00 -3.039713e+00 5.170306e+00
8.826385e+00 -1.050870e+01 4.291509e+00 6.599439e+00 -6.888401e+00 -9.751370e+00 -1.080285e+01 -1.710159e+01 1.174167e+01 -9.398758e+00 -2.996970e+00 5.045426e+00
-1.265461e+01 -3.808726e+00 1.780688e+00 -1.745727e+01 -8.541582e+00 2.348752e+00 2.269239e+00 -7.734191e+00 1.855124e+00 -1.188660e+00 -2.131660e+00 -8.940238e-01
-1.464987e+01 -1.796998e+00 1.427634e+01 -7.212223e+00 -5.520576e+00 2.737600e+00 -7.788610e-02 1.462377e+00 -4.472094e-01 -1.726516e+00 -7.680871e+00 -1.018329e+00
9.036739e+00 -1.007726e+01 3.935326e+00 6.229664e+00 -5.394808e+00 -9.496279e+00 -1.077468e+01 -1.727053e+01 1.098750e+01 -8.240968e+00 -2.160908e+00 5.247192e+00
5.372130e+00 -6.888227e+00 4.952889e+00 9.486988e+00 -1.036559e+01 -1.150893e+01 -8.072121e+00 -1.196176e+01 1.146906e+01 -8.041696e+00 -6.455936e+00 4.473731e+00
9.585359e+00 -9.855766e+00 3.380082e+00 4.938758e+00 -5.074883e+00 -7.734002e+00 -1.086626e+01 -1.698732e+01 9.658466e+00 -8.464098e+00 -1.580184e+00 5.618065e+00
1.034712e+01 -1.008719e+01 3.317299e+00 3.744910e+00 -4.254496e+00 -6.667073e+00 -1.066799e+01 -1.800239e+01 8.718626e+00 -8.992934e+00 8.188081e-02 5.222328e+00
1.102047e+01 -1.047134e+01 3.881480e+00 2.241618e+00 -2.938955e+00 -6.527250e+00 -1.050523e+01 -1.937043e+01 8.897173e+00 -9.652090e+00 1.458477e+00 5.276178e+00
1.196169e+01 -1.045093e+01 3.622206e+00 1.325039e+00 -3.073644e+00 -5.200437e+00 -1.067301e+01 -1.920783e+01 8.187240e+00 -9.744903e+00 1.631224e+00 6.939237e+00
6.067052e+00 -5.056093e+00 5.041253e+00 9.695220e+00 -8.633205e+00 -1.110569e+01 -8.943863e+00 -1.050428e+01 1.020483e+01 -8.494848e+00 -3.623049e+00 4.690518e+00
1.363368e+01 -1.116526e+01 3.968601e+00 -2.764511e-02 -3.257267e+00 -3.091368e+00 -1.038956e+01 -1.760489e+01 3.989751e+00 -7.134501e+00 -8.946174e-01 1.133357e+01
1.429478e+01 -1.112297e+01 4.019177e+00 -1.528826e+00 -3.018902e+00 -1.992536e+00 -1.007335e+01 -1.772423e+01 2.824832e+00 -7.541772e+00 -7.792597e-01 1.256644e+01
-1.067155e+01 -1.895048e+00 1.315769e+01 -5.082178e+00 -4.309396e+00 -8.372796e-01 -1.487482e+00 8.166750e+00 -3.601216e+00 -5.322487e+00 -3.244908e+00 -2.374055e+00
1.405224e+01 -9.000093e+00 1.709624e+00 -5.111575e-01 -5.068889e+00 5.754934e-01 -1.069124e+01 -1.609243e+01 1.752380e+00 -1.014170e+01 7.062745e-01 1.306513e+01
1.502026e+01 -7.705791e+00 -1.565340e+00 5.485120e-01 -8.638461e+00 1.304001e+00 -8.446151e+00 -1.560058e+01 5.469121e+00 -1.324298e+01 7.497403e+00 1.133078e+01
-7.463989e+00 -1.142556e+01 -5.010505e+00 -1.174032e+01 -8.233525e+00 4.825564e-01 -1.155965e+00 -6.293309e+00 2.842460e+00 1.240381e+00 -3.539295e+00 1.325708e+00
1.558286e+01 -4.923045e+00 -3.987714e+00 -2.394495e+00 -2.786696e+00 -5.882572e+00 -1.114251e+00 -1.367566e+01 2.638080e-01 -1.253469e+01 6.913204e+00 1.061985e+01
-8.481451e+00 -4.530904e+00 9.033262e+00 -1.491272e+00 -8.344796e-01 5.240623e+00 1.058202e+01 1.793468e+01 3.775280e+00 4.311215e+00 -3.986588e+00 -4.392810e+00
6.423962e+00 -2.133588e+00 5.713613e+00 8.731752e+00 -4.121432e+00 -4.369469e+00 -4.556815e+00 4.053032e-01 4.374886e+00 -9.679383e+00 -2.418475e+00 2.293640e+00
1.645489e+01 -1.797921e+00 -7.681785e+00 -1.884265e+00 -6.055334e-01 -7.837681e+00 1.817321e+00 -8.222582e+00 -7.017078e+00 -8.120088e+00 5.632338e+00 8.829058e+00
-5.068463e+00 -3.495011e+00 8.961761e+00 3.723831e-01 -1.132516e+00 -5.140998e-01 -1.368879e+00 8.658541e+00 5.265841e+00 6.259991e+00 -7.768631e-02 -5.405534e+00
1.621301e+01 -1.454823e+00 -6.863935e+00 -3.740845e+00 -1.355426e-01 -8.465384e+00 4.394972e+00 -6.580601e+00 -6.450891e+00 -9.348469e+00 5.839783e+00 3.823514e+00
-1.101149e+00 -1.396413e+00 1.042633e+01 4.210169e+00 8.469713e-01 1.692911e+00 -1.059951e+00 8.410927e+00 1.029045e+00 1.184884e+00 -2.534761e+00 -1.638152e+00
1.626538e+01 -1.484957e+00 -7.642269e+00 -1.411819e+00 -2.613184e-01 -6.149655e+00 1.012367e+01 -4.903147e+00 -1.039635e+01 -9.734484e+00 8.368477e+00 3.342723e+00
1.530396e+01 -1.264640e+00 -3.727584e+00 8.483667e-01 -5.313478e+00 -2.533907e+00 8.873555e+00 -1.189703e+00 -9.836744e+00 -5.736238e+00 1.017253e+01 1.518182e+00
1.515762e+01 -1.327475e+00 -4.014344e+00 8.545241e-01 -4.098882e+00 -9.518570e-02 1.113113e+01 5.451424e-01 -1.129048e+01 -4.222364e+00 9.317373e+00 -2.975473e+00
3.032066e+00 -7.690231e-01 6.782678e+00 -3.544016e-01 -1.716180e+00 -1.238080e+00 -1.261752e+00 5.189009e+00 -5.088429e+00 -5.791174e+00 -5.019835e+00 -3.721684e+00
1.302299e+01 -2.566469e+00 -3.976100e+00 1.619822e+00 -2.134051e+00 3.418055e-01 1.606852e+01 4.017612e+00 -1.188752e+01 -4.074392e+00 8.538897e+00 -7.782556e+00
1.111828e+01 -3.072400e+00 -9.140253e-02 1.363206e+00 -3.246362e-01 3.921792e+00 1.736487e+01 8.665662e+00 -8.736431e+00 -2.456273e+00 4.543422e+00 -1.085752e+01
1.287127e+01 -5.972316e-01 -4.502804e-01 1.390269e+00 2.913377e-01 2.495925e+00 1.101914e+01 4.869814e+00 -9.135434e+00 -3.946385e+00 3.008943e+00 -8.577602e+00
1.125133e+01 6.624478e+00 -1.728019e+00 1.674964e+00 7.140558e+00 -2.299018e-01 9.063774e+00 3.433496e+00 -1.297939e+01 -1.251638e+00 2.270770e+00 -5.998975e+00
6.946189e+00 9.806409e+00 1.207898e-01 2.371176e+00 4.435433e+00 1.358997e+00 1.045202e+01 6.003225e+00 -7.254973e+00 -6.022501e+00 1.510898e+00 -6.790882e+00
8.304248e-01 -1.504331e+01 -6.569914e+00 -6.131770e+00 -7.806129e+00 -7.471428e-01 2.187153e+00 -3.780927e+00 5.868908e-01 2.104544e+00 -2.393007e+00 -1.840424e+00
4.080939e+00 1.239368e+01 3.799072e+00 3.020326e+00 7.690878e-01 5.213656e+00 -5.450566e+00 3.174953e+00 -1.051953e+01 2.239032e+00 -6.179477e+00 -2.909886e+00
-2.871170e+00 -1.609526e+00 3.348462e+00 -4.183304e+00 1.526857e+00 7.165319e+00 -8.777000e+00 6.292048e-01 4.983498e+00 -6.284280e-01 -1.761654e+00 7.337059e-01
3.667387e+00 1.191533e+01 3.413565e+00 2.906027e-01 -1.703059e+00 2.185316e+00 -3.685684e+00 4.942268e+00 -8.866125e+00 1.860871e+00 7.580137e-01 -1.554577e-01
4.788842e+00 1.336113e+01 1.119200e+00 -2.171277e+00 -9.667873e-04 9.135089e+00 -5.465607e+00 7.844242e-01 -9.877940e+00 4.792251e+00 -4.674086e+00 -2.144531e+00
3.224537e+00 9.393723e+00 -4.664464e-01 4.087359e+00 5.995665e+00 3.936956e+00 4.879248e+00 8.436604e+00 -1.731666e+00 5.905986e-02 -5.051574e-01 -1.351764e+01
-4.292101e+00 -1.457451e+00 8.511765e-01 -5.455823e+00 -4.097641e+00 4.707506e+00 -2.481713e+00 7.608697e-01 5.970370e-01 -3.821342e+00 -3.460710e+00 4.118918e-01
2.268805e+00 9.819615e+00 6.052182e-01 3.510225e+00 4.353490e-01 5.826225e+00 1.453855e+00 7.590298e+00 -7.713341e+00 5.550780e+00 -1.224474e+00 1.995418e-01
1.989367e+00 1.335780e+01 5.214902e+00 1.799980e+00 2.507486e+00 9.467625e+00 -2.340442e+00 8.680376e+00 -4.601594e+00 5.305582e+00 -1.255478e+00 -4.475389e+00
2.587192e+00 1.248208e+01 1.964336e+00 6.499925e-01 1.545627e+00 2.539371e+00 -3.456123e+00 2.615387e+00 -3.200548e+00 -1.919487e-01 1.628143e+00 -6.690008e+00
2.439633e+00 9.561435e+00 -6.766262e-01 2.941585e+00 2.849903e+00 6.539746e+00 1.325707e+00 7.024930e+00 -6.402088e+00 1.095074e+00 1.305005e+00 -1.783629e+00
1.162121e+00 1.084069e+01 3.721446e+00 3.785675e+00 6.451864e+00 3.457316e+00 -5.101693e+00 4.773347e+00 -4.602936e+00 1.607422e+00 -6.348915e-01 -4.176880e+00
1.838346e-01 9.970226e+00 2.055942e+00 2.524739e+00 1.689425e+00 1.352733e-02 -5.783592e+00 1.633200e+00 1.019209e+00 6.352336e-01 2.760195e+00 -6.948484e+00
-1.134256e+00 -9.326710e+00 -1.243640e+01 -1.068482e+01 -8.310018e+00 -3.152200e+00 5.552901e+00 1.138772e+01 -3.778038e+00 -3.080811e+00 1.907798e+00 -1.338127e-01
5.639491e-01 1.075308e+01 3.832647e+00 3.305470e+00 6.736777e+00 4.789960e+00 4.458005e+00 8.693960e+00 -1.230286e+00 -5.377591e+00 -4.651894e+00 -7.115821e+00
-4.276677e+00 -3.624378e-01 -8.793890e+00 -1.619173e+01 -6.055475e+00 2.355379e+00 -9.505833e+00 2.576335e+00 -1.432285e+00 -8.522055e-01 5.185594e+00 -3.801785e-01
-2.626761e+00 -3.514593e+00 -4.966281e+00 -8.481977e+00 6.973522e-01 3.662361e+00 -7.594035e+00 1.902220e+00 -3.906466e+00 -3.466930e-01 4.538947e+00 -2.493030e+00
1.400763e+00 1.125215e+01 3.202517e+00 -1.186462e+00 5.716403e+00 2.390536e+00 4.734041e+00 9.466082e+00 1.894281e+00 2.343282e+00 5.249224e+00 -6.748960e+00
1.027773e+00 1.188083e+01 2.488591e+00 -1.300384e+00 2.653468e+00 3.960389e+00 4.830372e+00 4.909946e+00 -2.533779e+00 3.240048e+00 3.602452e+00 2.131813e+00
1.052325e+00 9.833346e+00 1.523946e+00 2.817724e+00 6.521701e+00 3.015957e+00 9.093053e-01 2.848647e+00 -3.615348e+00 3.938340e+00 -1.392767e+00 -2.645823e+00
-4.379033e+00 -7.067571e+00 -8.505658e+00 -5.000619e+00 -3.133488e+00 -1.585289e+00 9.459362e+00 6.517421e+00 -3.699405e+00 3.604324e+00 2.572003e+00 -2.713938e+00
2.457700e-01 9.970596e+00 1.878031e+00 2.435922e+00 8.604183e+00 3.001300e+00 4.834410e+00 2.361563e+00 -1.001493e+00 4.073637e+00 -4.936728e+00 -2.477158e+00
-1.995495e+00 8.190644e+00 1.375402e+00 3.899754e+00 8.061277e+00 3.924277e+00 6.325669e+00 4.240617e+00 2.151352e+00 5.749819e+00 1.462633e+00 1.364087e+00
-2.577307e+00 7.676896e+00 3.253106e+00 5.277647e+00 6.365057e+00 7.683909e+00 8.175321e+00 3.581168e+00 -3.212611e+00 3.207908e+00 -4.690823e+00 -1.898730e-01
-6.236941e+00 7.321162e-01 -4.303760e+00 -9.791481e+00 -4.331811e+00 5.973242e-01 -3.033331e+00 7.232614e+00 -3.157927e-01 4.619880e-01 6.363308e+00 4.389539e+00
-1.619139e+00 1.045308e+01 6.715102e+00 6.027946e+00 4.950392e+00 3.935611e+00 -8.498464e-01 -5.095353e+00 -8.793792e+00 -2.381842e+00 -4.513345e+00 -1.382137e+00
-8.371452e+00 -5.659616e-01 5.247185e+00 2.119501e+00 -4.540447e+00 3.882688e+00 4.626505e+00 4.447782e-01 -1.980440e+00 5.458999e+00 -1.919288e+00 3.579642e-01
-7.541194e+00 -5.090178e+00 -1.154346e+00 1.190579e+00 -3.029653e+00 2.234552e+00 7.420507e+00 5.258757e+00 4.961793e-01 5.432695e+00 1.024136e+00 -2.126103e+00
-8.093060e+00 -1.909026e-01 -7.933197e+00 -1.885504e+00 2.762454e+00 3.378046e+00 3.872416e+00 4.365117e+00 -4.286660e+00 3.323469e+00 9.293246e-02 3.490481e+00
-2.110911e+00 1.017903e+01 3.843697e+00 3.904490e+00 1.009483e+01 6.414446e+00 1.055601e+00 1.811985e+00 -1.651018e+00 7.098550e+00 2.737658e+00 -3.549819e+00
-4.281526e-01 1.124534e+01 2.899255e+00 -1.802731e-01 1.860207e+00 1.871768e+00 1.336129e-01 -2.859036e+00 7.919838e-01 6.049999e+00 -1.175773e+00 -4.927369e+00
-6.301284e+00 -4.963824e+00 -4.379627e+00 3.923876e+00 -1.127524e+00 -1.245594e+00 6.583333e+00 8.635835e+00 -1.165299e+00 3.262693e+00 1.538888e+00 1.468726e+00
-9.330505e+00 -2.710171e-01 -5.790132e+00 -3.225996e+00 4.885699e+00 -1.822661e+00 -3.329834e+00 1.113472e+00 -9.426915e-01 4.815316e+00 -5.637608e+00 -8.398331e-01
-9.686655e+00 5.034637e-01 -2.913847e+00 -2.878301e+00 1.697650e+00 -3.551497e+00 -5.517733e+00 -1.591882e+00 2.213608e+00 8.459391e+00 -1.483940e+00 1.681101e+00
-9.895493e+00 9.885955e-01 -3.211970e+00 -1.683936e+00 2.171566e+00 2.031592e+00 1.011453e+00 -2.661073e+00 -9.897544e-01 8.495719e+00 -1.490535e+00 2.972761e-01
-9.682724e+00 2.297531e-01 -5.484129e+00 -3.087905e+00 1.321498e+00 2.845092e+00 2.018164e+00 3.014986e+00 7.739808e+00 8.969296e+00 -1.538682e+00 1.273127e+00
-8.775518e+00 1.279040e+00 -4.945597e+00 -4.067603e+00 3.669909e+00 3.216331e+00 -6.325817e-02 3.286359e+00 1.785142e+00 5.513668e+00 -8.681637e-01 2.236729e+00
-9.298569e+00 8.116446e-01 -7.503806e+00 -2.283816e+00 2.358092e+00 4.433784e-01 -1.334508e+00 -3.795941e-01 2.558194e+00 8.339242e+00 8.057017e-01 -2.423379e+00
-8.010208e+00 -9.095726e-01 -7.984086e+00 -6.224819e+00 -2.434473e-01 -1.211896e+00 1.279731e+00 4.042122e+00 -5.065640e+00 1.179737e+00 2.374516e+00 2.959605e+00
-9.007812e+00 -1.170989e-01 -4.698476e+00 -3.391661e+00 2.786698e+00 1.295583e+00 4.129285e-01 3.253112e+00 6.693797e-01 6.174577e+00 -6.234315e+00 -6.602033e-01
-9.760481e+00 -5.708863e-01 -3.276010e+00 -3.418516e+00 1.981997e+00 -1.276194e-01 -4.018807e-01 7.637040e+00 4.085238e+00 7.016980e+00 -2.381896e+00 -1.588591e+00
-9.476023e+00 -1.887032e-01 -4.033451e+00 -3.975823e+00 3.732864e+00 -4.115920e-01 1.737079e+00 1.150952e+01 7.682698e+00 7.536848e+00 8.938043e-01 3.775047e+00
-8.803669e+00 -4.360294e-02 -5.360366e+00 -3.635196e+00 1.936325e+00 4.480413e+00 5.459019e+00 5.904507e+00 -1.155518e+00 3.116148e+00 -8.696218e-01 -1.854570e+00
-9.307020e+00 -1.536941e+00 -4.139520e+00 -1.492017e+00 1.186999e+00 2.055399e-01 2.572598e+00 3.966143e+00 3.949667e-01 4.625270e+00 2.944555e-01 -2.858413e+00
-9.563623e+00 -1.461910e+00 -2.599028e+00 -8.865218e-01 4.588894e+00 -3.036119e-01 9.875032e-01 7.283434e+00 1.527439e+00 3.506062e+00 -6.775618e-03 -9.445829e-01
-7.351852e+00 -2.256978e-01 -5.632953e+00 -1.934854e+00 6.191726e+00 8.202752e-01 1.010107e+00 6.998706e+00 3.759210e+00 7.293820e+00 8.633299e+00 4.206054e+00
-7.535299e+00 -2.428331e+00 -5.524560e+00 -4.268694e+00 9.610282e-01 -5.384473e-01 -3.045025e+00 -1.918696e+00 -3.204405e+00 3.078436e+00 -2.654340e+00 -3.300604e+00
-8.235277e+00 -5.297633e+00 -3.473246e+00 3.021885e+00 -3.816474e+00 -3.175410e+00 3.720315e+00 4.852951e+00 -2.293792e+00 1.641387e+00 -1.465963e+00 2.557886e-01
-6.252610e+00 -4.210964e+00 -3.113623e+00 -4.662824e-01 -1.367349e+00 -9.820665e-01 3.730839e+00 5.106725e+00 -4.475969e+00 6.653809e+00 4.114234e+00 -3.014014e+00
-7.555815e+00 1.044100e+00 -4.364927e+00 -2.271161e+00 2.831435e+00 -5.797913e-01 5.446386e-01 4.306898e+00 5.161910e+00 8.135900e+00 -2.233452e+00 -1.354123e+00
-9.565756e+00 1.408765e+00 -1.643427e+00 2.094402e-01 6.668172e+00 4.598458e+00 2.353062e+00 8.906937e+00 4.837395e+00 6.727076e+00 -2.514278e+00 -3.252580e+00
-8.407766e+00 1.319917e+00 -4.073861e+00 -4.364455e+00 1.166656e+00 -1.233692e+00 2.229058e+00 6.223485e+00 2.084800e+00 1.103509e+01 3.348189e+00 -4.003216e+00
-9.253498e+00 1.132962e+00 -2.404046e+00 -2.664190e+00 3.944474e+00 3.079375e+00 2.853165e+00 2.027288e+00 1.041962e+00 1.890544e+00 2.336572e+00 -1.599389e+00
-6.933286e+00 -4.288271e+00 -3.472736e+00 5.366359e-01 -3.055863e+00 -4.271667e+00 4.000010e+00 8.818498e+00 1.552511e+00 3.082237e+00 3.192756e+00 -2.026039e+00
-8.267927e+00 2.007790e-01 -4.722510e+00 -2.289151e+00 7.064044e+00 3.190447e+00 1.730010e+00 6.395114e+00 1.210457e+00 7.736884e+00 3.548380e+00 8.458394e-01
-9.796576e+00 -1.044676e+00 -4.842005e+00 -2.752332e+00 6.684196e+00 3.834440e+00 1.531607e+00 3.924994e+00 3.965601e+00 9.409369e+00 5.227569e+00 1.620429e+00
-9.193272e+00 8.888128e-01 -4.595909e-01 -1.780629e+00 5.432273e+00 5.340125e+00 1.900562e+00 1.153745e+00 1.388679e+00 6.773831e+00 1.653954e+00 1.853364e+00
-1.267624e-02 9.349968e+00 2.149662e+00 2.347106e+00 5.454368e+00 -1.244250e+00 2.811809e+00 3.563825e+00 -3.070191e+00 2.220914e+00 -2.365416e+00 -1.598371e+00
-2.487666e+00 7.710077e+00 2.544919e+00 2.901771e+00 7.311947e+00 4.625874e+00 5.459123e+00 5.134880e+00 8.937324e-01 7.365620e+00 -2.186508e+00 -4.189601e+00
-1.693491e+00 7.117003e+00 2.326517e+00 3.059540e+00 7.167234e+00 6.678739e+00 3.844052e+00 1.073204e+00 -4.016214e+00 1.489980e+00 -3.842955e+00 -1.847169e+00
-2.820895e+00 6.986803e+00 4.380975e+00 5.814572e+00 9.373381e+00 4.879124e+00 5.798688e+00 2.487672e+00 3.307496e-01 4.292587e+00 -7.210620e-01 -2.479384e+00
-3.337782e+00 6.947654e+00 2.525795e+00 7.022436e+00 1.090628e+01 2.076546e+00 3.464632e-01 3.324354e-01 -4.702674e+00 1.707480e+00 -1.818136e+00 -2.727362e+00
