1.236045e+01 -1.326456e+01 -2.517089e+00 -1.086185e+01 -1.712353e+00 -4.503743e+00 -4.972968e+00 -3.944919e+00 1.080685e+01 6.406934e-01 4.490499e+00 -3.462975e+00
1.253217e+01 -1.305944e+01 -2.215023e+00 -8.795664e+00 -3.659822e+00 -3.755642e+00 -6.971643e+00 -1.108345e+00 7.515728e+00 4.399652e+00 3.604798e+00 -3.065788e+00
1.241416e+01 -1.190499e+01 -4.604254e+00 -9.613913e+00 -2.600620e+00 -4.523763e+00 -3.871900e+00 -3.428247e+00 1.004023e+01 -3.806686e-01 5.470116e+00 -2.158215e+00
1.101967e+01 -9.944798e+00 -4.136756e+00 -7.364839e+00 -5.610186e+00 -7.055533e+00 -4.868647e+00 -2.760752e+00 1.075194e+01 3.383866e+00 4.809532e+00 -7.436652e+00
1.317118e+01 -1.216511e+01 -4.093693e+00 -9.263565e+00 -3.542201e+00 -3.678854e+00 -5.288316e+00 -3.139641e+00 1.010350e+01 -1.367039e+00 5.726569e+00 2.214965e+00
-2.096965e+01 -5.053203e-01 -1.115566e+01 -2.841935e+00 8.174170e-01 -6.543092e+00 3.124689e+00 7.872147e-01 1.256661e+00 9.288208e-01 -3.982762e+00 3.057880e+00
1.407773e+01 -1.173625e+01 -3.950893e+00 -9.255883e+00 -4.386783e+00 -3.983363e+00 -5.884721e+00 -3.912509e+00 1.051066e+01 -2.254843e+00 7.498119e+00 4.015106e+00
1.157913e+01 -9.508865e+00 -2.856349e+00 -5.971098e+00 -4.758025e+00 -7.550028e+00 -7.135007e+00 -2.634063e+00 6.559419e+00 5.829544e+00 4.519439e+00 -5.860518e+00
-2.235759e+01 1.969773e+00 -1.284351e+01 -3.239640e+00 5.584926e+00 -9.212052e+00 -5.983584e+00 -3.916386e+00 -1.696332e-01 -1.367663e+00 -3.701838e+00 1.048069e-01
1.182055e+01 -7.993629e+00 -1.721050e+00 -4.484290e+00 -4.670568e+00 -9.900661e+00 -8.579895e+00 -8.238481e+00 6.380345e+00 6.784345e+00 8.230824e+00 -5.881170e+00
1.522774e+01 -1.025952e+01 -3.927890e+00 -8.895491e+00 -4.924377e+00 -4.365283e+00 -5.339473e+00 -6.694071e+00 9.667702e+00 -2.595984e+00 7.255238e+00 7.696165e+00
1.024697e+01 -9.969525e+00 1.090495e+00 -4.572759e+00 -7.699700e+00 3.597161e+00 -9.533187e+00 -9.548189e+00 9.657886e+00 -9.574524e-01 -3.706338e+00 4.356699e+00
1.056174e+01 -1.058427e+01 2.705246e+00 -4.680418e+00 -7.985724e+00 4.654580e+00 -1.136826e+01 -9.822188e+00 1.016637e+01 -1.107166e+00 -3.001873e+00 1.624987e+00
1.109269e+01 -9.909836e+00 4.612062e-01 -5.075321e+00 -6.863957e+00 3.091236e+00 -7.676683e+00 -1.046411e+01 9.004373e+00 -1.313591e+00 -3.597986e+00 7.455881e+00
-2.084237e+01 2.567239e+00 -1.241911e+01 -5.263360e+00 3.676821e+00 -8.618263e+00 -2.424788e+00 -1.707499e+00 2.087824e+00 1.118647e+00 -3.833337e+00 -1.383548e-01
1.040680e+01 -4.910925e+00 -1.255645e+00 -3.634616e+00 -1.383690e+00 -1.153882e+01 -6.180502e+00 -1.243855e+01 4.304223e+00 5.128131e+00 7.678369e+00 -5.259235e+00
1.216849e+01 -1.024031e+01 1.893957e-01 -4.575485e+00 -7.189281e+00 2.280950e+00 -5.241012e+00 -1.101027e+01 6.601205e+00 -1.271939e+00 -1.923266e+00 1.091855e+01
-2.093505e+01 -8.237283e-01 -1.250237e+01 -1.815695e+00 4.554249e+00 -3.976785e+00 -8.929490e-01 -9.463906e-01 1.391570e+00 -2.524449e+00 8.283498e-01 3.830533e+00
-1.542896e+01 3.474201e+00 -7.023907e+00 -5.487319e+00 1.228893e-01 -9.338688e+00 4.926961e-01 -2.343701e+00 4.572925e+00 2.604017e+00 -2.156758e+00 3.007046e+00
1.211690e+01 -1.160115e+01 4.079383e+00 -1.941049e+00 -1.102243e+01 6.886254e+00 -1.102937e+01 -1.016481e+01 7.429265e+00 9.546393e-02 -3.580513e+00 1.070284e+00
-1.971787e+01 1.253650e+00 -1.198571e+01 -4.314599e+00 1.664074e+00 -6.610731e-01 6.949749e-01 2.740949e+00 5.065945e+00 -1.647570e-01 -4.165579e+00 6.657700e+00
-2.175414e+01 6.182941e+00 -7.891792e+00 -2.868510e+00 5.215365e+00 3.067100e+00 -1.371335e+00 -4.989817e-01 4.567574e+00 1.771985e+00 -4.516287e+00 3.011474e+00
1.601887e+01 -8.042461e+00 -3.253413e+00 -8.632637e+00 -4.364545e+00 -3.654083e+00 -5.781186e+00 -1.020160e+01 8.296785e+00 -5.949629e+00 6.049260e+00 1.243348e+01
-2.044468e+01 -3.074616e+00 -1.605207e+01 -1.605183e+00 6.231153e+00 -1.175756e+00 -1.296341e+00 -2.478704e+00 -1.104072e+00 -2.601075e+00 -5.009480e+00 2.784933e-01
-2.077108e+01 6.767366e+00 -5.361885e+00 -4.464863e+00 -9.095399e-01 -4.353597e+00 2.832188e+00 -9.456033e-01 3.067657e+00 2.556443e+00 -1.083129e+00 4.150831e+00
1.319831e+01 -8.974911e+00 -8.966337e-01 -4.113329e+00 -6.094374e+00 2.840387e+00 -4.689170e+00 -1.015902e+01 3.200477e+00 -2.437340e+00 2.478385e-01 1.028238e+01
1.374610e+01 -1.061865e+01 4.475409e+00 3.900672e+00 -1.123557e+01 3.212638e+00 2.508285e+00 -1.253331e+01 -4.866363e+00 -1.181492e+00 -2.756106e+00 -7.343208e-01
1.452319e+01 -6.666234e+00 -1.660004e+00 -5.185396e+00 -4.136378e+00 9.330305e-01 -6.238277e+00 -1.242333e+01 4.644616e+00 -6.488831e+00 2.618260e+00 1.379675e+01
1.374681e+01 -8.662788e+00 7.044366e+00 2.265739e+00 -9.531640e+00 -8.088726e-02 6.364552e+00 -8.818013e+00 -1.233205e+01 -1.069677e+01 4.832536e+00 1.246074e+00
1.441923e+01 -9.427749e+00 7.699792e+00 1.811754e+00 -9.100660e+00 9.146312e-01 4.328058e+00 -8.879350e+00 -1.291683e+01 -1.022071e+01 5.443035e+00 9.592280e-01
1.405648e+01 -8.727325e+00 8.021217e+00 9.665043e-01 -7.409560e+00 1.595306e-01 4.464727e+00 -9.192229e+00 -1.226263e+01 -1.108443e+01 6.059958e+00 3.536631e-01
8.915956e+00 -1.663280e+00 -6.914297e-02 -2.307460e+00 2.322432e+00 -8.641094e+00 -5.153208e+00 -8.446142e+00 -1.639674e-01 4.792686e+00 3.373485e+00 -4.254455e+00
1.274997e+01 -6.736865e+00 7.687394e+00 2.993581e-01 -5.825026e+00 8.307336e-01 3.282403e+00 -7.253198e+00 -1.193998e+01 -1.034280e+01 5.792738e+00 -1.386216e+00
-8.670009e+00 3.384377e+00 6.039131e-01 6.523044e-01 5.402835e+00 -9.949072e+00 -5.015791e-01 -1.293817e+00 -5.559054e+00 1.834198e+00 -2.267860e+00 -3.558624e+00
1.179057e+01 -4.353964e+00 6.754066e+00 2.281610e+00 -5.698852e+00 1.718793e+00 2.892327e+00 -5.185741e+00 -1.154665e+01 -9.452222e+00 5.009094e+00 -3.343975e+00
8.085146e+00 -4.376180e-01 -6.353929e+00 -1.806910e+00 -5.482014e-01 4.607991e-01 -4.482161e+00 -5.324504e+00 -7.260175e+00 -1.666255e+00 1.102493e+00 4.467075e+00
1.220019e+01 -3.865033e+00 8.377840e+00 1.984912e+00 -3.869725e+00 1.758508e+00 2.470606e+00 -2.089934e+00 -1.333383e+01 -1.005249e+01 4.909978e+00 -4.084993e+00
1.135240e+01 -2.470295e+00 -2.471530e+00 7.255626e-02 -3.420034e+00 7.531012e+00 -9.903116e+00 -6.494743e+00 -3.246571e+00 -5.257933e+00 3.938386e-01 1.137670e+01
1.197257e+01 -2.673696e+00 8.335438e+00 2.063416e+00 -1.141205e+00 2.409297e+00 2.751548e+00 -1.418177e+00 -1.264149e+01 -1.086961e+01 6.599970e+00 -6.298155e+00
-1.536866e+01 3.158423e+00 -6.324449e+00 -4.637115e+00 -9.639588e-01 -9.922391e+00 -2.142438e+00 1.277486e+00 1.119598e+00 -4.638471e-01 -6.644232e+00 1.583730e+00
7.557979e+00 1.994677e+00 -5.937249e+00 2.880588e+00 4.690292e-01 3.205140e+00 -2.020808e+00 -6.638134e+00 -8.959469e+00 -3.525929e+00 -1.058463e+00 4.295991e+00
1.188277e+01 -2.226587e+00 8.843815e+00 3.560430e+00 4.807030e-01 3.326381e+00 2.143317e+00 1.642577e+00 -1.122910e+01 -9.132983e+00 3.600245e+00 -7.106909e+00
5.304043e+00 4.279388e+00 -4.452497e+00 8.455253e-02 1.279100e+00 3.029644e+00 -3.429379e+00 -7.293680e+00 -8.124664e+00 -1.710498e+00 -1.447859e+00 -2.032138e-01
-1.776637e+01 -3.471150e+00 9.852242e+00 1.386394e+00 7.430772e+00 -9.675345e+00 2.853465e+00 -3.880079e+00 4.350290e-02 3.396821e+00 1.758165e+00 -1.954405e+00
-4.976511e+00 7.136048e+00 -3.601728e+00 -2.973325e+00 2.328904e+00 -9.820076e+00 7.828540e+00 2.573123e+00 -3.113353e-02 1.010634e+00 -3.864895e+00 3.707896e+00
1.133190e+01 -1.719509e+00 9.399738e+00 4.033286e+00 3.066664e+00 4.821482e+00 6.720295e-01 3.374320e+00 -1.137317e+01 -6.296392e+00 4.065928e+00 -9.155112e+00
-1.595302e+01 1.099646e+01 -5.085858e+00 -2.107610e+00 -2.761960e+00 -2.109255e+00 -4.503741e+00 -2.688099e-01 1.355221e+00 -8.052973e-01 -4.199334e+00 3.862171e-01
-1.162326e+01 3.582940e+00 1.799059e+00 -6.289697e+00 4.977736e+00 -1.132529e+01 9.767962e+00 -1.014316e+00 6.859460e+00 1.041567e+00 -1.644683e+00 5.361336e+00
1.161298e+01 -1.306293e+00 9.634111e+00 3.240815e+00 5.728391e+00 3.233889e+00 -2.548607e-01 6.955640e+00 -9.698228e+00 -4.152933e+00 4.330785e+00 -8.184874e+00
1.084225e+01 -3.999347e-01 6.166602e+00 6.453459e+00 3.817240e+00 5.557971e+00 3.447901e+00 7.838757e+00 -6.966229e+00 -2.528729e+00 3.909323e+00 -4.708433e+00
9.963687e+00 -7.937468e-02 6.565841e+00 6.237415e+00 5.887522e+00 6.300445e+00 3.407459e+00 9.704221e+00 -3.098664e+00 9.950900e-01 1.348844e-01 -7.061831e+00
8.570721e+00 2.857508e+00 4.390274e+00 1.238774e+01 1.369926e+01 1.029127e+01 5.724403e+00 1.014468e+01 -5.632723e+00 -5.272431e+00 -9.827529e+00 -1.228986e+01
-1.384358e+00 -4.588967e+00 -8.640896e+00 -2.687645e+00 -1.345256e+01 -1.993489e+00 5.094665e+00 3.955391e+00 -8.640884e+00 7.315856e-01 -1.069954e+00 2.956715e+00
-1.177375e+01 -1.344350e+00 3.443269e+00 -9.455509e+00 -1.720989e+00 -1.089440e+01 5.148612e+00 -5.227344e-01 -1.683530e-01 1.914306e+00 2.087332e+00 2.795350e+00
7.400995e+00 3.717668e+00 4.903518e+00 1.077822e+01 1.193704e+01 8.119497e+00 4.340377e+00 7.254245e+00 -5.267670e+00 -5.121824e+00 -5.822437e+00 -6.947899e+00
-1.193013e+01 8.189509e+00 -5.473369e+00 -3.567039e+00 -1.814913e-01 -1.231808e+00 -2.462545e+00 2.683156e+00 3.386605e+00 -2.158671e+00 -1.003571e+01 -3.504811e+00
-3.544939e+00 -4.644253e+00 -1.020601e+01 -1.708026e+00 -1.167864e+01 -2.139513e+00 5.943090e+00 1.710662e+00 -6.054380e+00 5.072987e-02 -8.850462e-01 2.906131e+00
-8.087492e-01 3.751652e+00 -8.405827e+00 3.778284e+00 -8.071796e+00 -3.292877e+00 2.292177e+00 1.175978e+00 1.312672e-01 -2.419155e+00 -3.255553e+00 1.993307e+00
6.962154e+00 5.736498e+00 7.031513e+00 7.506717e+00 6.759722e+00 2.955308e+00 5.019636e+00 4.280601e+00 -4.628260e+00 -3.080132e+00 -3.592282e+00 -6.556921e+00
-1.141073e+01 2.598040e-01 2.455691e+00 -3.646062e+00 4.231867e+00 -1.301531e+00 9.072816e+00 4.497254e+00 2.912776e+00 9.157251e+00 4.912593e+00 4.013442e+00
3.488557e+00 4.412591e+00 2.513559e+00 4.740063e+00 7.668057e+00 6.077429e+00 3.916215e+00 3.403037e+00 -6.329741e+00 -3.242957e+00 -2.204781e+00 -7.153414e+00
3.604480e+00 1.249646e+01 6.994357e+00 5.409584e+00 4.684554e+00 2.148706e+00 2.806584e+00 3.407312e+00 -2.621487e+00 7.549537e-01 1.040391e+00 4.116708e-01
4.400306e+00 7.771588e+00 4.715798e+00 2.501142e+00 2.172988e+00 5.254587e+00 2.247267e+00 5.718118e+00 -2.971508e+00 -1.673766e+00 2.053475e+00 -3.871825e+00
2.374101e+00 9.674224e+00 4.674827e+00 6.985996e+00 6.025202e+00 4.270596e+00 4.181509e+00 9.181166e+00 -1.245251e+00 -5.531045e+00 -1.490434e+00 -5.752867e+00
3.638413e+00 9.342255e+00 4.241826e+00 2.368007e+00 2.614464e+00 -1.122777e+00 8.059768e-01 5.141097e+00 -4.132541e+00 -2.858210e+00 -3.898122e+00 -4.511341e+00
3.438811e+00 9.451369e+00 3.705531e+00 1.406516e+00 1.469856e+00 1.863219e+00 2.102495e-01 3.605364e+00 -3.861478e+00 -1.604284e+00 -4.011827e+00 -5.640120e+00
7.860727e-01 2.905517e+00 3.201235e+00 3.732257e+00 4.746141e+00 8.601468e+00 3.151449e+00 1.064140e+01 1.700104e+00 3.469791e+00 -7.272376e-01 -5.910774e+00
1.466125e+00 9.748790e+00 4.611215e+00 3.514746e+00 1.945271e+00 5.420464e+00 -2.368100e+00 1.236820e+00 1.647305e+00 1.012397e+00 -4.573432e-01 -6.468718e+00
-3.958545e+00 7.246777e+00 -2.720500e-01 5.399130e+00 5.503786e+00 7.039558e+00 3.299420e+00 2.002378e+00 -1.062097e+00 2.762408e+00 2.884582e+00 8.908467e+00
1.235667e+00 8.919252e+00 6.132949e+00 3.076684e+00 4.824733e+00 6.184021e+00 2.035895e+00 5.271692e+00 -3.302767e+00 2.260777e-01 2.623550e+00 2.539088e-01
-4.415814e+00 8.575442e+00 2.290894e+00 2.790162e+00 2.961891e+00 7.904701e+00 4.894108e+00 8.285988e+00 3.868656e+00 1.057117e+01 5.833654e+00 3.233529e+00
-5.962000e-01 9.320185e+00 4.755051e+00 3.296329e+00 3.924158e+00 5.861635e+00 3.547621e-02 2.889844e+00 1.382743e+00 4.660806e+00 -5.256335e+00 -3.431814e+00
1.397305e-01 9.945698e+00 4.605074e+00 3.136072e+00 4.199234e+00 7.139388e+00 5.943064e+00 1.647345e+00 1.818891e+00 1.661553e+00 -6.540820e+00 -5.544311e+00
-8.371806e+00 -1.744384e+00 -3.482000e+00 -2.035550e+00 -2.868945e-01 3.361456e-01 1.408921e-01 8.217802e+00 4.243357e+00 2.637000e+00 8.688450e-01 2.461903e-02
-7.803044e+00 9.083705e-02 -1.073959e+00 1.421963e+00 -5.444857e-01 -1.632256e+00 2.200040e+00 4.567067e+00 4.597747e+00 9.502543e+00 5.137522e+00 4.690274e+00
-7.335202e+00 1.918175e+00 2.299251e+00 2.363185e+00 -3.205798e+00 -2.534906e+00 -2.112899e+00 4.132664e+00 1.026958e+00 3.387097e+00 -4.702473e-02 -2.249908e-01
-7.094535e+00 3.320704e-02 -2.441212e+00 8.527322e-01 -1.303483e+00 -2.941216e+00 -3.174583e+00 5.533854e+00 2.963953e+00 1.378515e+00 -2.273726e-02 2.530802e+00
-5.788654e+00 1.602701e+00 1.327424e+00 -8.918420e-01 -4.543365e+00 1.834657e-01 -3.184393e-01 5.540195e+00 1.637466e+00 3.429297e+00 2.694889e+00 -2.279792e-01
-8.053311e+00 -1.524636e+00 -2.101133e+00 -1.132886e+00 -3.781571e-01 1.027252e+00 -2.269578e+00 -4.821842e-01 -7.865998e-01 3.894773e+00 1.277372e+00 4.380062e+00
-7.040086e+00 4.182862e-01 -2.611766e+00 -1.960041e+00 1.940119e-01 -1.074697e+00 3.138770e-01 -5.467424e-01 -1.454724e+00 3.458942e+00 4.261387e+00 4.260432e+00
-8.011500e+00 1.410517e-01 -1.802219e+00 6.868584e-01 -2.720326e-01 1.272556e-01 2.758016e+00 6.788908e+00 7.594718e+00 8.093204e+00 1.696358e+00 3.878908e+00
-7.964459e+00 -8.899863e-02 -3.114377e+00 1.788687e+00 7.246689e-01 1.308872e-01 2.007838e+00 3.510784e+00 4.255463e+00 5.631675e+00 5.678105e-02 3.872720e+00
-7.332242e+00 8.265593e-01 -4.272713e-01 1.820937e+00 5.234573e+00 1.086216e-01 4.135173e+00 5.882328e+00 2.474641e+00 5.014547e+00 6.890944e+00 4.390262e+00
-5.734663e+00 1.537963e+00 -1.261019e+00 -4.078159e-01 -8.664376e-02 -3.643011e+00 4.163575e+00 4.308729e+00 -2.975347e-01 2.563884e+00 -1.310481e+00 -2.411528e-01
-5.982536e+00 -1.357967e+00 -2.701806e+00 4.946823e-01 -2.033761e+00 -3.852142e+00 2.334063e+00 3.168538e+00 1.420781e+00 2.794552e+00 1.762036e+00 3.117921e+00
-4.702603e+00 1.902165e+00 -1.998429e+00 1.703454e+00 -4.144962e+00 -7.243572e-01 5.172093e+00 9.953218e+00 2.806950e+00 -1.568993e+00 -2.206552e-01 1.994697e+00
-5.512709e+00 -1.671855e+00 -2.035556e+00 3.265954e+00 -3.417273e+00 -2.506309e+00 8.546104e-01 5.285718e+00 2.441479e+00 7.212929e+00 4.843901e+00 1.946803e+00
-6.317641e+00 -7.331662e-01 -1.396133e+00 5.950556e+00 1.058552e+00 -1.261296e+00 8.855146e-02 5.691104e+00 -5.002586e+00 -2.225400e+00 -9.496152e-01 -2.967180e+00
-6.785525e+00 -2.003208e+00 -2.090024e+00 3.405658e+00 2.518260e-02 -3.207268e+00 -1.891642e+00 1.808294e+00 -6.440552e+00 -2.535269e+00 -5.540591e+00 -4.390521e+00
-5.685966e+00 -6.875511e-02 4.861692e-01 2.866569e+00 -2.550734e-01 -1.161837e+00 2.317945e+00 7.827454e+00 9.392403e-01 3.999376e+00 -1.069484e+00 -1.498234e+00
-8.487809e+00 -8.701709e-01 -1.842728e+00 2.301810e-01 2.189676e+00 2.143328e+00 2.013290e+00 2.508568e+00 -1.294691e+00 2.856576e+00 1.182926e-01 -1.168307e+00
-6.338466e+00 1.437215e+00 1.439854e-01 2.526963e+00 6.029046e-01 -4.914327e-01 -1.971857e+00 -5.882411e+00 -2.392130e+00 1.244162e+00 -3.420091e+00 3.679033e+00
-7.089347e+00 1.784548e+00 -3.575369e-01 2.658289e+00 5.246123e+00 1.854724e+00 -2.521082e+00 9.343073e-01 4.588314e+00 2.266284e+00 -6.452089e+00 -3.876635e+00
-8.172064e-01 8.619236e+00 3.872931e+00 3.443423e+00 4.759386e+00 3.857290e+00 1.296858e+00 2.938235e+00 3.153451e+00 1.304534e+00 -4.717027e+00 -2.520958e+00
-2.846255e+00 6.827981e+00 4.642598e+00 2.502285e+00 3.728867e-01 4.285851e+00 4.448724e+00 3.043636e+00 1.300654e+00 5.428826e+00 -2.748377e+00 -7.426870e-01
-3.944169e+00 6.440474e+00 1.239187e+00 1.180728e+00 8.382360e-01 2.753779e+00 2.066823e+00 4.975270e+00 4.235646e+00 7.165254e+00 1.075654e+00 -3.860557e+00
-2.373180e+00 6.911362e+00 4.032036e+00 4.722983e+00 6.529055e+00 6.849296e+00 2.570045e+00 2.847825e+00 1.202074e+00 2.647647e+00 -2.004286e+00 -2.009997e+00
-2.484571e+00 5.723238e+00 1.433644e+00 3.447447e+00 4.606362e+00 7.325660e+00 4.760592e+00 8.064160e+00 1.323017e+00 6.931422e+00 -4.582044e+00 4.595444e-01
-2.156878e+00 6.871949e+00 2.922075e+00 3.255454e+00 4.086754e+00 5.212590e+00 -1.476054e+00 7.334168e+00 -2.461829e+00 3.739296e+00 -6.202315e+00 2.411585e+00
-3.559852e+00 7.773346e+00 3.296048e+00 2.021476e+00 3.554178e+00 2.616936e+00 -6.590636e+00 -1.899514e+00 -3.252481e+00 4.283135e+00 -1.017629e+00 5.225494e-01
-2.161605e+00 6.609722e+00 6.291742e+00 5.892060e+00 4.405822e+00 6.047679e+00 4.267158e+00 -1.587414e+00 -3.328288e-02 -1.459514e+00 -5.242938e+00 -4.932122e+00
-3.082503e+00 8.362183e+00 3.783409e+00 7.192841e+00 2.738090e+00 6.805487e+00 3.393163e+00 2.086177e+00 -8.837591e-01 -3.500212e+00 -5.750379e+00 -3.405231e+00
-5.313187e+00 7.718821e+00 2.132766e+00 3.754459e+00 3.005443e+00 2.999319e-01 -1.626122e+00 -1.012760e-01 2.959497e+00 3.244939e-01 -3.947488e+00 1.614986e+00
