6.079552e+00 -9.187798e+00 -7.929357e+00 -6.396908e+00 -6.441983e+00 8.960967e+00 -3.456913e+00 -3.258629e+00 -8.872202e+00 3.324961e+00 -4.013613e+00 -6.771321e+00
6.578079e+00 -9.461866e+00 -8.312195e+00 -5.030349e+00 -6.309465e+00 1.224592e+01 -2.035061e+00 -8.047781e-01 -9.216894e+00 5.085183e+00 -2.254444e+00 -5.642257e+00
6.293945e+00 -7.286230e+00 -7.270319e+00 -5.508122e+00 -3.191295e+00 9.535038e+00 -4.640742e+00 -7.735746e-01 -9.146278e+00 3.765629e+00 -3.635480e+00 -7.167393e+00
6.444088e+00 -9.107971e+00 -5.690125e+00 -6.852675e+00 -4.262464e+00 1.203217e+01 -3.437367e+00 -2.901119e+00 -9.714891e+00 2.384642e+00 -6.079242e+00 -5.853898e+00
5.548722e+00 -7.248464e+00 -7.941955e+00 -4.959966e+00 -5.000310e+00 1.260135e+01 -2.839051e+00 -4.377700e+00 -9.385302e+00 6.973066e-01 -4.191804e+00 -7.499176e+00
6.883070e+00 -5.750881e+00 -7.739086e+00 -5.168324e+00 -6.753984e+00 9.650986e+00 -4.607824e+00 -1.732274e+00 -7.874106e+00 2.226744e+00 -1.961730e+00 -5.514036e+00
5.518139e+00 -7.877755e+00 -5.752645e+00 -7.009902e+00 -3.588718e+00 7.708543e+00 -1.254120e+00 -2.847914e+00 -9.311188e+00 5.057650e+00 -6.008377e+00 -5.526642e+00
7.406238e+00 -6.554823e+00 -8.725931e+00 -4.139248e+00 -6.195419e+00 1.082117e+01 -3.293156e+00 -2.804992e+00 -1.027606e+01 1.119320e+00 -3.865239e+00 -6.400097e+00
5.476893e+00 -9.026949e+00 -5.678845e+00 -4.972488e+00 -1.918029e+00 1.050637e+01 -1.478835e+00 -1.951102e+00 -7.948812e+00 2.310562e+00 -4.909777e+00 -4.242649e+00
5.610613e+00 -9.829473e+00 -5.221103e+00 -4.183051e+00 -1.269061e+00 8.119222e+00 -1.877343e+00 -5.766294e-01 -6.520394e+00 1.070453e+00 -7.158000e+00 -5.682450e+00
7.228078e+00 -7.828821e+00 -6.506688e+00 -3.147767e+00 -2.773730e+00 8.855819e+00 -2.961268e+00 -1.553675e+00 -6.592328e+00 -4.289767e-01 -4.663237e+00 -7.082694e+00
6.826066e+00 -7.504550e+00 -7.086222e+00 -4.766659e+00 -1.284865e+00 8.236810e+00 -1.198134e-01 -1.850042e+00 -8.919636e+00 1.110227e+00 -4.229594e+00 -6.047452e+00
7.014722e+00 -6.666790e+00 -5.660722e+00 -3.913102e+00 -5.460746e+00 8.883265e+00 -5.066978e+00 -6.465840e-01 -8.688780e+00 4.867652e+00 -2.686858e+00 -5.630206e+00
5.845603e+00 -8.489990e+00 -5.986191e+00 -5.764660e+00 -4.690429e+00 1.118604e+01 -3.889095e+00 -1.392962e+00 -1.006967e+01 2.162536e+00 -5.730489e+00 -4.624274e+00
6.405167e+00 -6.792500e+00 -6.183260e+00 -5.825018e+00 -3.510137e+00 9.950444e+00 -1.910084e+00 -1.576336e+00 -1.037747e+01 -2.160136e-01 -3.702043e+00 -7.350794e+00
8.964258e+00 -5.987893e+00 -8.324464e+00 -3.922975e+00 -8.388007e+00 9.341840e+00 -5.556505e+00 7.179141e-02 -9.254595e+00 4.164423e+00 -2.887240e+00 -6.549426e+00
9.441598e+00 -9.380270e+00 -4.447977e+00 -5.734449e+00 -9.150934e+00 1.092920e+01 -5.773410e+00 1.193308e+00 -8.874826e+00 2.062332e+00 1.535602e-01 -7.104722e+00
7.082030e+00 -6.562662e+00 -7.488191e+00 -2.215131e+00 5.017099e-01 5.276418e+00 4.365892e-01 -2.089696e+00 -4.785935e+00 1.024521e+00 -7.779000e+00 -5.906996e+00
7.418118e+00 -7.866977e+00 -4.618504e+00 -2.214922e+00 -1.267303e+00 3.951602e+00 3.195343e-01 2.757038e-01 -4.972729e+00 1.536271e+00 -6.888052e+00 -6.436181e+00
1.268553e+01 -4.906637e+00 -1.006527e+01 -7.783312e+00 -1.065557e+01 9.231343e+00 -9.008609e+00 -4.218729e+00 -1.001351e+01 -3.661934e+00 -4.077706e-01 -5.581036e+00
6.553964e+00 -8.392588e+00 -6.084928e+00 -2.360556e+00 -5.691690e-01 4.370056e+00 -5.847197e-01 2.875342e+00 -6.330282e+00 7.902515e-01 -9.467903e+00 -5.953980e+00
7.394562e+00 -7.973216e+00 -4.889425e+00 3.571306e-01 -3.732396e+00 4.739687e+00 -2.320349e+00 3.168888e+00 -3.858525e+00 -4.007093e-01 -1.015533e+01 -7.499453e+00
7.015473e+00 -8.308981e+00 -8.497310e-01 -2.022377e+00 -6.775746e-01 1.637365e+00 -2.229952e+00 4.665142e+00 -4.888417e+00 1.820811e+00 -1.079730e+01 -6.943114e+00
6.602039e+00 -6.386790e+00 4.864116e-01 -2.801915e+00 7.556658e-01 -2.128167e-01 -3.849151e+00 6.675487e+00 -5.010276e+00 1.701169e+00 -1.114241e+01 -7.778672e+00
5.728478e+00 -8.283939e+00 3.784995e-01 -6.291980e-01 -6.264677e+00 6.729507e-01 -3.051037e+00 1.073875e+01 -1.517484e+00 1.197236e+00 -1.201497e+01 -4.296280e+00
5.987129e+00 -6.893362e+00 2.549772e-01 -1.154062e-01 -3.765024e+00 -4.313416e-01 -3.538536e+00 6.427022e+00 -2.375494e+00 -2.085254e+00 -1.196814e+01 -4.108019e+00
7.111060e+00 -4.579890e+00 1.928913e+00 3.265432e+00 -9.510509e+00 -3.938796e+00 -1.960532e+00 7.958136e+00 1.000850e-01 -3.011889e+00 -8.733114e+00 -1.987147e+00
7.033065e+00 -2.408419e+00 8.554182e-01 -1.843415e+00 -5.149323e+00 -7.569389e-01 -4.419085e+00 9.049594e+00 -1.085890e+00 -1.545816e+00 -1.353207e+01 -2.821397e+00
8.215076e+00 -4.719172e-01 3.337555e+00 4.615585e+00 -1.040203e+01 -4.947955e+00 -2.848673e+00 8.357319e+00 1.113973e+00 -3.380242e+00 -7.447826e+00 -4.218377e+00
8.355335e+00 -2.264997e+00 3.368822e+00 4.125202e+00 -1.195477e+01 -4.886331e+00 -1.412313e+00 8.138326e+00 7.845440e-01 -4.042536e+00 -3.371901e+00 -5.799155e+00
1.103567e+01 2.316979e+00 -1.182978e+01 -8.894750e+00 -7.457638e+00 3.173428e+00 -6.258739e+00 -8.364009e+00 -7.025730e+00 -4.397954e+00 -1.280735e+00 2.190300e+00
8.075774e+00 -2.272871e+00 7.655044e+00 3.369244e+00 -9.600636e+00 -3.443034e+00 -5.650150e+00 9.218937e+00 1.686088e+00 -7.318985e+00 7.870817e-01 -5.333295e+00
1.130113e+01 -2.123687e+00 3.669605e+00 1.118804e+01 -6.490683e+00 -9.123629e+00 -1.757937e+00 4.157717e+00 1.641047e+00 -4.622480e+00 -1.025682e+00 -2.696943e+00
8.808871e+00 7.879405e+00 6.081976e+00 5.671050e+00 -1.528301e-01 -1.348857e+01 5.889931e-01 6.977051e-01 -5.273013e-01 -8.659927e+00 -4.874378e+00 -3.239692e+00
6.307682e+00 1.010936e+01 8.136852e+00 8.170762e+00 2.974883e+00 -1.218911e+01 -2.170200e+00 8.680618e-02 -4.023287e+00 -6.071491e+00 -5.134883e+00 -4.813582e+00
-8.720761e+00 1.859752e+00 1.692828e+00 9.347150e+00 -2.877530e+00 4.000592e-01 -6.395720e+00 -2.371701e+00 -2.533379e-01 5.111299e+00 5.431841e+00 2.924680e+00
1.676451e+00 9.270947e+00 1.157765e+01 1.188192e+01 1.162372e+01 -5.501942e+00 1.591892e+00 -1.791881e+00 -5.265940e+00 -8.892554e+00 -4.999841e+00 -6.064873e+00
-5.238988e+00 -3.811914e+00 3.929725e+00 -9.253686e-01 -1.978130e+00 -9.065121e+00 2.705253e+00 4.496422e+00 9.386196e+00 6.891134e-01 5.802450e+00 2.910157e+00
-7.321335e+00 -1.105842e+00 6.895347e+00 1.914700e+00 -2.238154e+00 -7.330416e+00 6.935177e-01 7.992147e-01 9.994465e+00 3.736838e+00 7.160954e+00 4.132981e+00
-6.466422e+00 1.404921e+00 2.184492e+00 6.570486e+00 -1.263626e+00 5.983806e-01 3.995236e+00 2.389622e+00 2.616287e+00 -8.043970e-01 6.716417e+00 1.260367e+00
-5.848726e+00 6.065347e-01 4.174189e+00 2.634151e+00 2.429763e+00 3.274758e+00 3.166405e+00 -5.657740e+00 -6.458459e-01 -5.829245e+00 -1.252697e+00 4.530653e+00
-1.005894e+01 -1.096262e+00 3.497656e+00 7.941657e-01 -1.294204e+00 -1.090774e+00 3.603316e+00 1.799401e+00 7.510880e+00 3.601376e-01 5.500070e+00 6.283630e+00
-3.777869e+00 -2.955153e+00 2.606212e+00 5.027040e-01 6.572833e-01 -4.919489e+00 6.251596e+00 1.735777e+00 6.604818e+00 9.988229e-01 5.692952e+00 7.161039e+00
-2.525711e-01 1.121078e+01 9.542315e+00 9.750599e+00 1.335398e+01 -3.680528e+00 1.674791e+00 1.921799e+00 -5.180774e-01 -1.026311e+01 -4.637443e+00 -3.473599e+00
-8.043621e+00 -4.926491e-02 4.434247e+00 6.017888e+00 -1.230704e+00 -1.502922e+00 -5.995312e-01 -2.000800e+00 3.974150e+00 -5.087427e+00 6.245923e-01 8.323864e+00
-5.163610e+00 1.435793e+00 3.792594e+00 -7.992029e-01 1.256828e+00 -2.286928e+00 3.231892e+00 1.955235e+00 2.946537e+00 -2.068586e+00 6.988906e+00 6.017383e+00
-6.890326e+00 -9.251723e-01 2.729939e+00 6.137761e+00 1.997489e+00 -7.026791e+00 7.265718e+00 -3.633442e+00 1.021119e+01 -1.477338e-01 4.973479e+00 -1.279160e+00
-8.638815e+00 -1.749754e+00 3.092268e+00 -1.818918e+00 9.599943e-01 -2.432761e+00 2.557145e+00 1.374671e+00 6.295854e+00 2.049472e+00 8.906229e+00 3.559894e+00
-7.035436e+00 3.911154e+00 5.024993e+00 2.466159e+00 -3.242307e-01 -4.216736e+00 1.157303e-01 8.036127e-01 9.233882e+00 2.581313e+00 7.652832e+00 3.642616e+00
-8.227163e+00 -1.443044e+00 3.678684e+00 1.354758e+00 -6.898432e-01 -8.133367e+00 -5.304993e+00 -5.633713e+00 3.081345e+00 -8.187401e-01 5.523052e+00 5.066507e+00
-3.027507e+00 -3.339832e+00 -1.694486e+00 -2.288947e+00 -9.603262e-02 -6.965574e+00 1.802110e+00 -6.817727e-01 9.089227e+00 4.153438e+00 5.736818e+00 2.589667e+00
-4.829790e+00 -2.683969e-01 1.262762e+00 -1.301379e+00 1.669830e+00 -5.884718e+00 2.767183e+00 -2.071181e+00 1.050262e+01 4.725385e+00 9.828592e+00 5.253234e+00
-5.987338e+00 2.509590e+00 1.079278e+00 2.571043e+00 3.670878e-01 -3.594428e+00 2.453292e+00 -9.004557e-01 7.108315e+00 -2.694727e+00 9.685642e+00 3.463921e+00
-5.089446e+00 5.526017e+00 -2.725296e-01 4.379546e+00 -2.154847e+00 -4.102468e+00 2.813657e+00 2.295598e+00 3.114191e+00 -8.090544e-02 6.896002e+00 -4.652166e-01
-5.004778e-01 -1.958652e-01 -7.637069e+00 -2.566742e+00 -1.057716e+00 -4.521121e+00 1.811645e+00 -1.897195e+00 6.114303e+00 6.052369e+00 7.882514e-01 1.505699e+00
-2.339832e+00 -1.466218e+00 -4.762850e+00 -2.886435e+00 -4.910622e-01 -5.791568e+00 -2.639127e+00 -7.430630e+00 2.576750e+00 7.496978e+00 7.001925e+00 7.821460e-01
-1.349957e+00 2.450323e-01 -5.394409e+00 7.589066e-02 1.581533e+00 -5.971234e-01 7.693698e+00 -8.648664e+00 -2.795876e+00 -1.666819e+00 -3.154089e+00 -3.970029e+00
-1.396497e+00 7.522061e-01 -3.884713e+00 5.407439e-01 9.399118e+00 -2.072390e+00 -5.102467e+00 -9.522815e+00 2.156536e+00 -4.835552e+00 -6.897389e+00 -5.606408e-01
-2.522460e+00 5.456796e-01 -5.845383e+00 -2.200529e+00 9.479258e+00 2.124279e+00 -6.246867e-01 -1.036342e+01 -1.369648e+00 -1.849206e+00 -3.450311e+00 8.991613e-01
-2.557364e+00 9.471379e+00 4.954586e+00 9.711495e+00 8.821836e+00 -4.139679e+00 3.023103e+00 -9.299312e-01 2.150673e+00 -8.221660e+00 3.399675e+00 -1.350120e+00
-1.849283e+00 8.301594e-01 1.604304e-01 -1.131415e+00 2.002637e+00 -8.795722e+00 -5.515859e+00 -2.343944e+00 7.182755e+00 8.978627e-01 4.871026e+00 4.409061e+00
-2.338421e+00 2.561951e+00 -2.572278e+00 1.353565e+00 9.413136e+00 3.617568e+00 3.929892e+00 -4.998084e+00 8.608387e-01 -1.663536e+00 -3.070663e+00 7.886877e-01
-4.503714e+00 4.820647e+00 -5.039331e+00 -1.506910e+00 7.634452e+00 8.035507e-01 1.722300e+00 -1.915656e+00 5.037975e+00 -4.324240e+00 -3.817248e+00 3.570821e+00
-7.542170e+00 4.023175e+00 8.586643e+00 -7.809629e-01 -2.654757e-01 3.060830e+00 6.376107e+00 -9.747393e+00 7.729611e-01 4.046062e+00 6.430943e+00 6.447386e+00
-1.870433e+00 1.194951e+01 5.755641e+00 4.963721e+00 1.025623e+01 3.901117e+00 2.071805e+00 1.899864e+00 1.614254e+00 -5.678401e+00 5.523939e-01 6.180071e+00
-9.314068e+00 8.407871e+00 2.973604e+00 -1.281695e+00 5.886827e+00 -5.136682e+00 2.684500e+00 7.466505e+00 8.255379e+00 5.128853e+00 6.094415e+00 1.095406e+01
-4.382539e+00 3.642446e+00 -5.218548e+00 -8.565623e-01 5.406267e+00 -3.386436e+00 8.382030e+00 1.325078e+00 5.668389e+00 -2.927352e+00 1.439204e-01 4.953802e+00
-2.219245e+00 1.436153e+01 8.945611e+00 4.064000e+00 1.107763e+01 -1.280096e+00 -1.487930e+00 -2.804819e+00 3.345877e+00 1.153387e+00 2.615768e+00 -6.994042e-01
-2.264311e+00 1.324990e+01 7.347628e+00 3.528873e+00 7.567448e+00 6.237669e-01 3.446867e+00 -3.591032e+00 -2.713470e+00 8.189940e-01 8.819269e+00 5.489161e+00
-3.298389e+00 1.232860e+01 8.550362e+00 1.935365e+00 5.942835e+00 -7.740777e-01 2.578387e+00 3.686553e+00 7.173298e+00 -9.572550e-01 1.673868e+00 -9.649596e-01
-5.692878e+00 6.343240e+00 2.581559e+00 -2.227981e+00 -1.153501e+00 -1.016429e+01 -7.306232e-01 -2.206197e+00 3.315664e+00 4.066393e+00 4.128410e+00 8.377548e+00
-2.891474e+00 9.792079e+00 5.137102e+00 4.369792e+00 7.765798e+00 8.904953e-01 8.370487e+00 1.475173e+00 7.926404e+00 2.365309e+00 4.719294e+00 6.723199e+00
-9.045329e+00 8.860170e+00 3.621719e+00 6.905483e-01 3.869672e+00 -3.896488e+00 4.526800e+00 5.906036e+00 8.280981e+00 3.174542e+00 8.433574e+00 1.148174e+01
-9.549517e+00 7.801381e+00 3.960395e+00 1.469084e+00 4.699065e+00 -6.028568e+00 1.259155e+00 5.839697e+00 2.494031e+00 2.207520e+00 9.027660e+00 1.104415e+01
-3.745040e+00 1.186974e+01 9.134092e+00 4.748848e+00 1.039742e+01 9.606919e-01 1.707776e+00 -8.293440e-01 3.335290e+00 6.999617e-01 1.421936e+00 -6.790018e-02
-1.006670e+01 5.146286e+00 2.993788e+00 1.952466e+00 1.810046e+00 -5.566279e+00 3.213409e+00 2.995304e+00 6.087855e+00 1.381701e+00 1.068922e+01 1.028182e+01
-1.085342e+01 6.901637e+00 5.850493e+00 6.166230e-01 3.178044e+00 -6.412111e+00 3.803046e+00 3.632076e+00 6.594079e+00 1.485642e+00 7.842289e+00 7.345720e+00
-4.952786e+00 5.989880e+00 -4.007864e-02 2.181211e+00 1.073120e+01 -6.788964e-01 5.891421e+00 -1.641408e+00 -2.059832e-01 -3.838183e+00 -8.534427e-01 5.396515e+00
-1.092768e+01 4.839096e+00 1.977413e+00 -2.575381e+00 2.286079e+00 -5.055160e+00 4.616974e+00 -2.323030e+00 9.090425e+00 5.596749e+00 1.161275e+01 8.792044e+00
-1.057441e+01 5.233186e+00 3.339206e+00 -2.497364e+00 1.245795e+00 -6.546082e+00 3.345466e+00 2.137427e+00 6.992051e+00 1.214792e+00 6.387342e+00 8.299727e+00
-9.599116e+00 6.645954e+00 3.547243e+00 -1.378956e+00 2.808525e+00 -8.147112e+00 2.737317e+00 -1.271671e+00 3.584916e+00 1.961633e+00 4.914656e+00 5.672908e+00
-9.186088e+00 7.432717e+00 5.877809e+00 -2.086312e+00 3.145687e+00 -2.730136e+00 2.432444e+00 1.237623e+00 3.619086e+00 -1.140608e+00 1.050172e+01 1.029238e+01
