-1.026771e+01 -5.610948e-01 -1.497079e-01 -6.717440e+00 7.122782e+00 -3.415043e+00 6.431652e+00 4.440671e+00 5.607084e+00 -4.413521e+00 -7.911726e+00 5.905432e+00
1.431138e+01 -1.251468e+01 3.107300e+00 4.956137e-03 -2.135857e+01 -3.832449e+00 -1.972353e+01 4.372316e+00 -1.070219e+01 -5.459214e+00 -1.524810e+00 -1.123651e+01
1.261794e+01 -1.140890e+01 4.563686e+00 3.844020e-01 -2.113696e+01 -5.411787e+00 -1.854886e+01 7.685093e+00 -8.197152e+00 -5.100758e+00 -2.098945e+00 -9.414432e+00
-9.502386e+00 1.393698e+00 1.652705e+00 -7.918636e-01 7.670538e+00 -3.151489e+00 5.724323e+00 5.558173e+00 6.663235e+00 -4.994224e+00 -1.248908e+01 -2.896219e-01
-9.775419e+00 -8.812435e-01 9.894098e-01 -5.521541e+00 4.197182e+00 -1.590560e+00 2.635331e+00 6.357666e+00 1.727932e-01 -7.084506e+00 -5.654759e+00 3.863484e+00
-1.059811e+01 1.512105e+00 4.255669e-01 1.049310e+00 6.542552e+00 -4.015408e+00 3.728903e+00 9.996527e-01 2.687465e+00 -3.736331e+00 -1.010964e+01 -2.393712e+00
-1.183960e+01 -1.284202e+00 -3.193303e+00 -1.384049e+00 7.089469e+00 -4.557317e+00 4.848802e+00 2.718554e+00 -1.044889e-01 2.006139e-01 -3.604985e+00 3.364800e+00
1.268026e+01 -8.576385e+00 4.129845e+00 2.010806e+00 -2.192438e+01 -5.706629e+00 -1.611883e+01 8.810117e+00 -1.036138e+01 -2.878340e+00 -4.010734e+00 -8.347402e+00
1.183986e+01 -9.729325e+00 5.538392e+00 2.665362e+00 -2.360102e+01 -4.382264e+00 -1.491924e+01 1.050285e+01 -9.106758e+00 -4.692019e+00 -6.612288e+00 -9.273916e+00
-1.125777e+01 -4.547729e-01 -2.116082e+00 -5.278071e+00 1.746884e+00 -2.632958e+00 8.273116e+00 2.621187e+00 2.679510e+00 -6.665986e-01 -3.684404e+00 2.214264e+00
-1.147698e+01 -2.538867e+00 -5.814741e+00 -4.529707e+00 1.937228e+00 -5.062271e+00 3.516265e+00 6.081700e-01 1.308456e+00 -2.910509e+00 -4.733779e+00 -1.404259e+00
1.195357e+01 -8.917545e+00 4.900183e+00 1.968341e+00 -2.320136e+01 -4.366373e+00 -1.427620e+01 1.165854e+01 -1.145086e+01 -3.940195e+00 -5.918143e+00 -7.959206e+00
1.139666e+01 -9.036769e+00 6.389014e+00 2.370041e+00 -2.347540e+01 -2.261043e+00 -1.749583e+01 1.109470e+01 -1.095354e+01 -7.115570e+00 -1.693522e+00 -7.015550e+00
1.033203e+01 -9.222129e+00 8.288184e+00 6.461241e+00 -2.460298e+01 -5.645486e+00 -1.345942e+01 1.631163e+01 -1.165827e+01 -4.717801e+00 6.089440e+00 -7.005854e+00
1.315389e+01 -5.480335e+00 1.117095e+00 -2.176157e+00 -1.425113e+01 -1.132863e+01 -1.201636e+01 -1.049892e+00 -1.051968e+01 -7.391122e+00 -8.017862e+00 -7.414303e+00
-1.271615e+01 -1.310381e+00 -1.125407e-01 -4.436432e+00 8.873006e+00 -7.965481e+00 -3.799058e+00 -6.673201e+00 4.859447e+00 8.092618e+00 -2.606321e+00 2.077733e-01
-8.862974e+00 -2.589993e-01 -3.136170e+00 2.861212e-01 9.485476e+00 5.620792e-01 3.977488e+00 5.272005e+00 9.305140e+00 -2.103884e+00 -1.171176e+01 -2.597897e+00
-9.710129e+00 -6.352538e-01 -3.064913e+00 -4.401179e+00 1.067490e+01 2.169668e+00 1.196566e+00 7.053870e-01 4.327598e+00 -7.347422e-01 -6.518900e+00 -4.300128e+00
-1.127965e+01 -1.523662e+00 -1.247212e+00 -1.779034e+00 1.001216e+01 -1.099263e+01 -6.442452e+00 -5.743166e+00 4.761725e+00 3.241772e+00 -4.748110e+00 -2.046829e-01
1.015097e+01 -8.232224e+00 7.569515e+00 5.710414e+00 -2.305135e+01 -4.894977e+00 -1.091277e+01 1.351603e+01 -1.226026e+01 -5.048385e+00 2.839160e+00 -9.042247e+00
-1.004009e+01 -1.969387e-01 -1.367426e-01 -7.456765e+00 3.769192e+00 -4.278729e+00 -1.552975e+00 -1.398789e-01 6.231247e+00 -3.901285e+00 -5.583932e-01 1.367982e+00
-1.092196e+01 -3.487580e+00 -8.591426e-01 -7.218690e+00 5.850282e+00 -1.089359e+00 -5.723000e-01 5.606679e+00 6.363857e+00 7.739943e+00 -7.080585e+00 -1.800964e+00
-9.970074e+00 -1.150725e+00 1.397506e+00 -4.196259e+00 8.449231e+00 -7.022554e+00 -2.598062e+00 -3.685644e-01 5.985747e+00 6.762727e+00 -2.545390e+00 -3.954167e-01
-1.564560e+00 2.871598e+00 6.711302e+00 -4.608139e+00 -6.165563e-01 -4.316369e+00 7.009921e-01 8.654643e-01 -8.740979e+00 -9.928557e+00 -6.231923e+00 -1.330783e+00
-9.110071e+00 4.650055e-01 5.254505e-01 -2.415690e+00 5.910426e+00 -5.114506e+00 -8.952141e-03 -2.642227e+00 5.946987e-01 1.132832e+00 -2.237034e+00 1.949240e+00
-1.132378e+01 -2.761559e+00 -1.500672e+00 2.046413e+00 8.277299e+00 -2.984839e+00 -4.476161e-01 -5.038584e+00 4.040870e+00 4.805988e+00 -1.094078e+00 -1.430342e+00
-9.437872e+00 -5.529341e+00 -6.815891e-01 -1.026296e+01 1.384424e+00 -4.076409e+00 -3.480313e+00 3.616437e-01 4.796231e+00 4.801877e+00 3.689933e-02 -2.104180e+00
-1.018211e+01 -1.342399e+00 6.523780e-01 -1.870556e+00 9.459301e+00 -4.431650e+00 -1.035461e+00 9.712909e-01 3.891135e+00 3.787798e+00 -3.673515e+00 -4.000166e+00
-1.162291e+01 -4.903960e+00 -3.365036e+00 -1.249389e+01 1.323801e+00 -2.830538e+00 -2.455788e-01 1.209813e+00 3.152780e+00 7.652841e+00 -3.815463e+00 -4.160559e+00
-1.058932e+01 -6.409295e+00 -2.654787e+00 -1.232513e+01 5.893267e-01 -4.115512e+00 -9.185052e-01 5.793805e+00 9.721093e+00 7.597367e+00 -9.082861e-01 -8.133425e+00
-1.096142e+01 -4.858593e+00 2.291181e-01 -7.577892e+00 -2.577906e+00 -8.219100e+00 -6.553978e+00 -2.455586e+00 5.992361e+00 2.308280e+00 -5.719887e+00 -4.701569e+00
-9.422338e+00 -6.199637e+00 -4.118159e+00 -2.126422e+00 7.178218e+00 -4.162531e+00 7.111666e-01 -5.797555e-01 7.400224e+00 3.408702e+00 -2.956285e+00 -3.090475e+00
-9.941437e+00 -5.481883e+00 -1.954884e+00 -8.025187e+00 6.959246e-01 -7.607258e+00 -2.665346e+00 -1.205708e-01 3.808576e+00 4.659849e+00 -1.353778e+00 -2.637699e+00
-8.525528e+00 -5.899023e+00 3.629837e+00 -5.903054e+00 6.576547e+00 5.766888e-01 -1.783226e+00 -2.484095e+00 -3.024356e+00 4.356348e+00 4.127541e-01 4.282709e+00
-5.980324e+00 -8.212087e-01 3.696306e+00 -5.992540e+00 3.059876e+00 -2.349034e+00 1.494884e-02 5.205271e+00 2.970710e+00 -3.978352e+00 3.162619e+00 -3.235537e-01
9.909086e+00 -7.094784e+00 7.517345e+00 3.018945e+00 -2.323813e+01 -7.878475e+00 -1.166270e+01 1.402576e+01 -1.912847e+01 -1.037811e+01 4.972200e+00 -4.721047e+00
5.474260e+00 -2.832252e+00 -1.475439e+01 -7.982183e+00 1.011792e+01 -5.833641e+00 3.777118e+00 -1.000885e+01 -4.362750e+00 5.124637e+00 -8.743150e-01 -1.976769e+00
-2.969406e+00 -4.461371e+00 1.595916e+00 -3.199776e+00 3.998441e+00 -3.070234e+00 1.465230e+00 2.932167e+00 6.043209e-01 4.030589e+00 3.152112e-01 2.894313e+00
-1.372274e+00 -1.754771e+00 -3.562197e+00 -3.760772e+00 6.418825e+00 1.470419e+00 -1.726159e+00 -7.802760e+00 4.518324e+00 6.097937e+00 -1.651979e+00 -3.545659e+00
-9.491186e-01 -5.775415e+00 4.127123e+00 -3.610924e+00 8.001215e+00 -1.331498e+00 -8.590305e+00 -5.832412e-01 7.390958e+00 1.460224e+00 -9.475567e+00 -4.774982e+00
-2.677341e+00 -1.190630e+00 7.158477e-01 -6.176354e+00 4.165839e+00 9.814811e-02 2.886147e+00 -9.051321e-01 8.082482e-01 -3.051353e+00 3.758209e+00 1.042008e+00
6.241853e+00 -4.655358e+00 -1.541610e+01 -8.248710e+00 9.128524e+00 -6.137263e+00 5.597685e+00 -8.981813e+00 -2.838030e+00 4.397835e+00 -1.678094e+00 2.148750e+00
1.708426e+00 -9.021667e+00 1.143445e+00 -7.692251e+00 3.200793e+00 -2.718511e+00 -6.335800e+00 2.519318e+00 6.111620e+00 4.955266e+00 -6.655809e+00 -3.344742e+00
9.086483e+00 2.031497e+00 3.682346e+00 8.055416e+00 -1.822201e+01 -1.675583e+01 -5.135899e+00 1.224668e+01 -1.547799e+01 -7.795554e+00 1.247322e+01 3.293461e+00
2.360738e+00 -4.722372e+00 -6.541348e-01 -3.346641e+00 1.744967e+00 -1.038175e+00 4.002549e+00 1.170779e+00 2.478484e+00 -3.732807e+00 2.314534e+00 1.697744e+00
4.155588e+00 -7.285450e+00 -1.071989e+00 -5.993211e+00 2.186461e+00 -2.047769e+00 -9.824171e+00 -7.649981e-01 7.196895e+00 7.841596e+00 2.164364e+00 1.595926e+00
7.150730e+00 -5.580880e+00 -2.259682e+00 -1.788687e+00 -1.748441e+00 4.789931e+00 -4.044249e+00 2.218641e+00 1.006671e+01 1.251579e+00 -5.066353e-02 1.901906e-01
7.143354e+00 -2.863328e+00 2.789490e-01 2.736741e+00 6.218002e+00 3.617632e+00 -6.171036e-01 -8.224245e-01 -3.929531e-01 -3.764672e+00 -2.645594e+00 1.952554e+00
8.917257e+00 -1.781526e+00 -6.391231e+00 1.249877e+00 6.563073e+00 5.468949e+00 -6.355124e+00 -1.094746e+01 2.666201e+00 5.041611e+00 -1.273241e+00 -2.591252e+00
4.302695e+00 -3.877440e+00 -1.167091e+01 -6.640598e-01 8.028616e+00 9.352336e+00 -7.841783e-01 -1.510486e+01 7.619858e-02 3.354455e+00 3.442234e+00 3.297381e-01
1.771341e+00 5.113432e+00 2.873160e+00 1.045555e+00 -1.134213e+01 -4.782913e+00 -3.942136e+00 -3.992219e+00 -1.270903e+01 -6.549166e+00 -2.291465e+00 1.886751e+00
5.198884e+00 9.308061e+00 5.639478e+00 8.448446e+00 1.035673e+01 9.291522e+00 6.646924e+00 6.091833e-03 1.055144e+00 2.002419e-01 -6.750222e-01 -1.017473e+00
4.601658e+00 1.136296e+01 6.119417e+00 6.495540e+00 5.767097e+00 7.943219e+00 7.370590e+00 5.213265e+00 6.451849e+00 5.265358e+00 2.100635e+00 -2.603161e-01
4.311947e+00 -7.246606e-01 -1.042774e+01 -2.023159e+00 4.342284e+00 9.328412e+00 3.919710e+00 -7.237795e+00 -3.665544e+00 -3.663846e+00 -2.394220e-01 -2.071453e+00
6.366246e+00 1.158415e+01 6.282769e+00 6.946800e+00 1.684611e+00 3.993670e+00 -7.995319e-02 -7.553697e+00 7.145044e-02 -1.543630e+00 2.479259e+00 1.114386e+00
5.872705e+00 6.498727e+00 2.520081e-01 7.327965e+00 8.672050e+00 1.007898e+01 3.495891e+00 -3.901392e+00 -2.122065e+00 2.615300e-01 2.565025e+00 -4.621142e+00
6.026705e+00 9.086978e+00 4.793078e+00 7.091695e+00 6.852164e+00 6.784487e+00 2.071424e+00 -3.533163e+00 5.193878e-01 3.531187e+00 1.180752e+00 2.089962e+00
4.519804e+00 -9.833504e-01 -1.059575e+01 -3.195233e+00 4.743457e+00 6.706335e+00 -3.517542e-01 -7.819566e+00 -1.073325e+00 7.758141e-04 5.954164e-01 -2.863436e+00
3.511454e+00 2.030587e+00 -5.380649e+00 6.184868e-01 1.531605e+00 1.043466e+01 2.926575e+00 -4.130030e+00 -2.845002e+00 -1.698778e+00 4.111981e+00 6.195602e+00
5.884626e+00 6.289030e+00 2.456447e+00 8.501755e+00 7.280877e+00 7.520322e+00 7.980598e+00 -5.222937e-01 -3.511457e+00 -5.783687e+00 -3.199864e+00 -3.699560e+00
5.546872e+00 8.718310e+00 6.068563e+00 6.295577e+00 1.290870e+00 4.001212e-02 -5.602593e-01 -2.037275e+00 -1.608047e+00 -7.802752e+00 -7.282961e+00 -6.064054e+00
5.787500e+00 1.050490e+01 7.195806e+00 4.880923e+00 2.589852e-01 5.246634e+00 6.191490e+00 2.501595e+00 1.941811e+00 3.396714e-02 2.857434e+00 2.637617e+00
3.989686e+00 2.220495e+00 -3.757563e+00 1.614183e+00 2.535132e+00 1.104090e+01 4.286230e+00 -3.458231e+00 -1.663695e+00 4.205825e-01 5.298923e+00 1.418478e+00
5.264560e+00 6.931672e+00 2.201421e+00 6.499351e+00 7.737437e+00 1.117983e+01 4.766882e+00 -5.360549e+00 -4.050845e+00 -7.984155e+00 6.081247e-01 1.195594e-01
3.653412e+00 -8.716591e-01 -3.998638e+00 2.074902e-01 2.116075e-01 1.587657e+00 -2.521511e+00 -6.000103e+00 -1.366400e+00 -3.119593e+00 2.673969e+00 1.065526e+00
5.281208e+00 8.226569e+00 3.793436e+00 7.231124e+00 3.814373e+00 8.562483e+00 8.143942e+00 3.399973e+00 1.123814e+00 -2.235171e+00 -5.626608e-01 -3.857307e-01
4.791836e+00 1.630565e+00 -6.098013e+00 1.061822e+00 6.442763e+00 1.050515e+01 2.018700e+00 -6.175137e+00 -1.722694e+00 -4.556517e+00 -1.928163e+00 -1.443938e-01
2.657479e+00 6.766142e+00 2.845330e+00 5.110497e+00 5.755931e+00 6.413495e+00 6.455954e+00 -2.559292e+00 -2.910988e+00 -3.602149e+00 -5.194486e+00 -5.956580e+00
5.266570e+00 8.319958e+00 5.459449e+00 6.893628e+00 2.320060e+00 4.604875e+00 5.384673e+00 1.058941e+00 -1.176175e+00 2.097945e-01 -5.668515e-01 1.139398e-01
5.103437e+00 7.140957e+00 1.582081e+00 3.854547e+00 3.757357e-01 5.874354e+00 4.919435e+00 -4.262990e+00 -2.349416e+00 -1.025617e+00 1.300046e+00 2.233179e+00
-1.172406e+00 1.772573e+00 -1.344223e+00 1.470780e+00 -1.985247e+00 2.038578e+00 5.633195e+00 -5.943072e-02 3.119941e+00 4.962350e+00 2.221169e+00 4.288032e+00
5.541607e+00 7.769105e+00 2.736732e+00 2.193138e+00 8.550783e-01 4.796095e+00 6.292815e+00 -3.901994e+00 -2.814327e-01 2.579930e-01 -3.046636e+00 2.746150e-01
4.653179e+00 6.334565e+00 3.560632e+00 7.438415e+00 4.021210e+00 1.756319e+00 1.618910e-02 -3.882053e+00 1.744105e+00 -3.154215e+00 -1.460690e+00 -2.740452e+00
-5.348806e-01 4.202812e+00 1.142799e+00 4.898980e+00 1.283465e+00 3.356337e+00 5.505348e+00 -1.656076e+00 4.595617e+00 5.265097e+00 6.644288e+00 3.354476e+00
4.473091e+00 8.439206e+00 4.122200e+00 6.204104e+00 2.855451e+00 6.548766e+00 4.954023e+00 -4.645751e+00 -1.773668e+00 -1.502012e+00 -2.596183e-01 -5.644962e-01
-1.537907e+00 1.250103e+00 3.602812e-01 1.364173e+00 -4.545839e+00 -4.403399e+00 2.389867e-01 -2.339178e+00 2.526553e+00 1.564079e+00 4.255133e+00 5.410136e+00
5.114989e+00 9.572528e+00 8.237945e+00 9.597949e+00 -4.329070e-01 2.748949e+00 7.166815e+00 5.554104e-02 1.647814e+00 1.253145e+00 2.776155e-01 2.188981e+00
-1.041595e+00 1.159014e+00 -2.028007e+00 1.937313e+00 -1.110149e+00 2.149128e+00 5.052407e+00 -1.386106e+00 6.029770e-02 3.928571e+00 5.320913e+00 4.650185e+00
-1.887981e+00 2.877676e+00 -1.386320e+00 8.281160e-01 -1.546259e+00 1.883422e+00 3.101544e+00 -8.198264e-01 2.068219e+00 4.219863e+00 4.551836e+00 4.338247e+00
-1.415230e+00 1.206393e+00 -1.977531e+00 -1.219953e-01 -3.478233e+00 1.937435e+00 1.467653e+00 -3.698412e+00 -3.418073e+00 -3.231502e-01 6.158066e+00 1.328793e+00
-1.514957e+00 8.840081e-01 -2.661756e+00 -1.264232e+00 -4.233433e+00 6.294830e-01 5.306468e+00 2.364707e+00 4.971202e+00 3.123967e+00 3.926339e+00 3.559683e+00
-9.114981e-01 6.064690e-01 -1.542422e+00 1.734429e+00 -1.874391e+00 2.160511e+00 -1.547003e+00 -7.692060e+00 -7.901896e-01 -3.363017e-01 6.785648e+00 2.896853e+00
-8.523302e-01 4.585531e-01 -3.200629e+00 -5.917441e-01 -4.868742e-01 -2.005091e+00 -1.267623e+00 1.754392e+00 6.077744e+00 3.066441e+00 6.121571e+00 5.239383e+00
-7.064466e-01 2.119775e+00 -2.769965e-02 -2.239234e-01 -3.850141e-01 7.021449e-01 5.954347e+00 4.223375e-01 -1.708123e+00 1.610957e+00 6.461180e+00 4.334698e+00
-1.101620e+00 4.834266e-01 -1.069728e+00 4.064905e+00 -1.554077e+00 1.614084e+00 1.034045e-01 -9.682134e-01 1.212547e+00 -3.650722e-01 3.803128e+00 6.002670e+00
-3.516512e-01 1.698443e+00 -2.626856e+00 6.097942e-01 2.408411e-01 3.343511e+00 2.674947e+00 -4.817316e+00 4.467341e+00 5.482968e+00 6.967921e+00 1.344850e+00
-1.433775e+00 1.591273e+00 -3.026422e+00 6.027178e-01 9.756500e-02 2.315301e+00 3.117606e+00 7.834648e-01 -7.062446e-01 2.802142e+00 9.435555e+00 6.601033e+00
-1.786766e+00 2.273208e+00 -1.016593e-02 5.894662e-01 -2.358754e+00 1.291055e+00 4.244550e+00 4.560298e+00 -8.530723e-01 1.421777e+00 3.043755e+00 6.752452e+00
-1.340408e+00 1.886173e+00 -4.074454e-03 5.182899e-02 -1.570694e+00 3.301858e+00 4.380114e-01 -8.062694e-01 1.384334e+00 -1.136188e-01 5.160104e+00 1.163361e+01
-8.622456e-02 2.205540e+00 -1.374768e+00 9.572062e-01 -2.163561e+00 1.084302e+00 1.936324e+00 1.605507e-01 1.746450e+00 4.573954e-01 9.764691e-01 7.701519e+00
-1.054959e+00 1.039254e+00 -9.042068e-01 3.220767e+00 -6.540585e-01 2.267556e-01 8.081009e-01 -2.070134e-01 -7.187003e-01 -1.291619e+00 7.009254e+00 5.464969e+00
4.463272e-01 1.393813e+00 -3.338032e+00 4.892602e+00 1.253484e-01 -2.472042e+00 2.320855e+00 -1.218380e+00 -1.214844e+00 1.012493e+00 3.298080e+00 2.188470e+00
-1.078645e+00 1.362387e+00 1.454561e+00 1.872552e+00 -4.791813e+00 5.709674e-01 3.686732e+00 1.276723e+00 2.996949e+00 -7.113248e-01 7.250445e+00 1.353107e+00
-1.512110e+00 1.793941e+00 1.101407e-01 2.445795e+00 -1.602375e+00 -7.856438e-01 1.837518e+00 -6.840126e-01 7.382904e-01 4.578933e+00 5.127571e+00 3.337111e+00
-1.272436e+00 3.011173e+00 -1.902706e+00 -2.139590e+00 -2.500389e+00 2.648319e+00 6.706623e+00 1.038660e-01 1.445539e+00 1.849912e+00 8.056857e+00 7.212058e+00
-3.112507e-02 3.304530e+00 -1.734000e-02 3.077060e+00 -4.380345e+00 -7.743111e-01 3.055881e+00 -7.789640e-01 2.728135e-01 -3.541417e+00 1.305540e+00 3.792888e+00
-6.457491e-01 1.513404e+00 -1.222812e+00 2.950110e+00 1.201200e+00 1.826039e+00 4.559419e+00 1.412149e+00 -6.055670e-01 7.519886e-01 2.913358e+00 1.691882e+00
-1.208840e+00 1.444551e+00 -1.617196e+00 1.045277e+00 1.677677e+00 1.525471e+00 3.485087e+00 -7.009892e-01 -6.894331e-01 1.483780e+00 1.799338e+00 5.235408e+00
-8.804789e-01 2.074920e+00 -8.262350e-01 -1.103563e+00 -2.419749e+00 -1.289182e+00 3.288220e+00 -3.096563e-01 2.045013e+00 3.553372e+00 2.793492e+00 1.949995e+00
-3.153687e-01 1.349604e+00 -1.607684e+00 -1.575595e+00 -3.557804e+00 1.437482e+00 5.900415e+00 -1.101458e+00 1.289963e+00 3.746250e+00 3.420463e+00 2.050924e+00
