1.140344e+01 -1.096569e+01 -8.368792e+00 -6.941967e+00 -1.055799e+01 1.211242e+01 -1.540295e+01 -2.491950e+00 -5.721212e+00 -8.062947e+00 3.421850e+00 -1.749284e+01
1.187556e+01 -1.055001e+01 -7.162016e+00 -6.065643e+00 -8.948721e+00 1.415273e+01 -1.655514e+01 8.854979e-02 -2.773133e+00 -4.950964e+00 5.660797e+00 -1.202862e+01
1.194757e+01 -8.221573e+00 -9.708982e+00 -6.765911e+00 -8.144108e+00 1.357599e+01 -1.576875e+01 -1.632696e+00 -1.706285e+00 -5.745935e+00 6.490577e+00 -1.261245e+01
1.219593e+01 -1.132484e+01 -8.886922e+00 -4.440992e+00 -7.803921e+00 9.345024e+00 -1.045645e+01 -2.849787e+00 -2.493394e+00 -5.315792e+00 4.932651e+00 -1.606787e+01
1.305838e+01 -7.639134e+00 -1.053377e+01 -5.874205e+00 -7.925438e+00 1.383473e+01 -1.398053e+01 -1.519710e+00 -2.140970e+00 -2.767781e+00 6.767673e+00 -9.810356e+00
1.110645e+01 -1.061087e+01 -6.793612e+00 -5.974849e+00 -7.142138e+00 1.156054e+01 -1.177306e+01 -2.878258e+00 -6.757228e-01 -4.765582e+00 4.715531e+00 -1.413113e+01
1.317789e+01 -6.204835e+00 -1.132376e+01 -7.282797e+00 -7.103367e+00 1.260114e+01 -1.334757e+01 -2.948861e+00 -2.167320e+00 -2.517464e+00 6.137701e+00 -9.098715e+00
1.264961e+01 -7.218744e+00 -1.071777e+01 -7.047090e+00 -7.856059e+00 1.186372e+01 -1.324422e+01 -2.016684e+00 -1.901320e+00 -2.047347e+00 7.357535e+00 -8.447561e+00
1.238832e+01 -7.851171e+00 -7.834594e+00 -8.367271e+00 -7.875301e+00 1.333337e+01 -1.233193e+01 -2.317945e+00 -1.655046e+00 1.737780e+00 7.430870e+00 -8.515860e+00
1.259201e+01 -8.426737e+00 -7.430387e+00 -6.404530e+00 -1.200758e+01 1.146965e+01 -9.873432e+00 -1.569383e+00 -2.077418e+00 1.781026e+00 3.661801e+00 -8.279375e+00
1.153693e+01 -8.062098e+00 -5.918853e+00 -5.474495e+00 -1.420381e+01 1.334246e+01 -5.611057e+00 -4.004044e+00 -3.624152e+00 4.747497e-01 3.440698e+00 -3.708193e+00
1.383047e+01 -6.873550e+00 -2.290518e+00 -7.973484e+00 -1.715978e+01 1.406412e+01 -5.513484e+00 -7.320473e+00 -6.488932e+00 4.386272e-01 5.484036e+00 -7.253547e-01
1.109035e+01 -9.762978e+00 -5.677298e+00 -4.841649e+00 -1.117873e+01 1.139683e+01 -1.272119e+01 -1.580099e+00 -4.369477e+00 -8.327620e+00 -3.534087e+00 -1.780788e+01
1.247945e+01 -5.942872e+00 -4.824420e+00 -7.614888e+00 -1.482576e+01 1.452488e+01 -6.539289e+00 -7.130921e+00 -7.293642e+00 1.309587e+00 5.598127e+00 -3.153772e+00
1.398996e+01 -4.752052e+00 -4.534672e+00 -8.466592e+00 -1.657315e+01 1.303028e+01 -5.536539e+00 -8.414725e+00 -5.263122e+00 -3.228433e-01 3.660190e+00 2.863569e-01
1.281650e+01 -5.892045e+00 -6.256991e+00 -6.367859e+00 -1.238829e+01 1.323881e+01 -7.603749e+00 -3.550789e+00 -5.032710e+00 -8.920311e-01 5.930325e+00 -2.175213e+00
1.404081e+01 -2.544882e+00 -3.678571e+00 -8.263824e+00 -1.588442e+01 1.452087e+01 -5.017380e+00 -1.095268e+01 -3.409712e+00 -8.254493e-01 7.534167e-01 1.373289e+00
9.835788e+00 -1.129605e+01 -5.298239e+00 -2.484385e+00 -5.435960e+00 1.205796e+01 -1.977967e+01 -9.792519e+00 -6.973076e+00 -7.983242e+00 3.237389e+00 -1.461682e+01
1.442967e+01 -1.007312e+00 -2.465506e+00 -1.016364e+01 -1.515307e+01 1.042594e+01 -2.999184e+00 -1.002902e+01 -1.703147e+00 -3.005564e+00 -3.166651e+00 5.368210e-01
2.925323e+00 -1.287410e+01 -3.181833e+00 -1.769006e+00 -7.691960e+00 1.530829e+01 -1.466268e+01 4.330221e-01 1.585303e+00 -4.174084e+00 6.536969e+00 -1.064787e+01
1.237333e+01 3.585155e-01 -3.119395e+00 -8.269993e+00 -1.182757e+01 1.194016e+01 8.006134e+00 -7.929732e+00 -3.436238e+00 -1.023802e+01 -1.304308e+01 -2.499909e+00
1.267314e+01 5.486349e+00 -2.728895e+00 -1.671929e+01 -2.169158e+01 -4.465332e-01 -3.412193e+00 -7.744326e+00 -4.676580e+00 -6.144617e+00 -2.055006e+01 -2.171170e+00
1.262748e+01 2.878336e+00 -1.098231e+00 -6.746125e+00 -1.366372e+01 8.279764e+00 -6.069398e-02 -9.127346e+00 -5.157623e+00 -1.517282e+00 -3.399752e+00 7.235397e-01
1.388130e+01 5.351665e+00 -3.020212e+00 -1.095149e+01 -1.557855e+01 5.168298e+00 1.096571e+00 -8.501934e+00 -6.013359e+00 -8.059388e+00 -1.201727e+01 1.464662e+00
1.232232e+01 1.022580e+01 1.313773e+00 -1.161614e+01 -1.996804e+01 -7.161271e+00 -4.675970e+00 -6.003046e+00 -3.913617e+00 -5.498222e+00 -2.086640e+01 -5.936300e+00
1.299373e+01 1.256104e+01 2.080491e+00 -6.048539e+00 -1.579010e+01 -7.663745e+00 -3.220298e+00 -8.717224e+00 -7.324095e+00 -4.417733e+00 -1.102861e+01 -1.234695e+00
1.196306e+01 1.461620e+01 2.890041e+00 -7.299562e+00 -1.307235e+01 -7.840454e+00 -6.574104e-01 -4.706363e+00 -8.188372e+00 -3.908438e+00 -1.134744e+01 -4.123437e-01
1.036957e+01 1.422008e+01 2.432956e+00 -5.677541e+00 -9.741085e+00 -6.961987e+00 -7.515032e-01 -2.128925e+00 -3.977092e+00 -8.703054e+00 -1.394411e+01 -5.869597e+00
-1.499236e+01 -8.780860e+00 8.980413e+00 1.834212e+00 1.175912e+01 -1.621119e+01 -1.311211e+00 3.170074e+00 3.145246e+00 -1.357012e+00 -4.777271e+00 1.065125e+00
9.790394e+00 1.336415e+01 2.191917e+00 -3.006318e+00 -5.564950e+00 -2.843465e+00 3.585470e+00 2.792671e+00 -3.432066e+00 -5.771401e+00 -1.340242e+01 -6.431712e+00
-1.451075e+01 -6.891701e+00 8.886429e+00 1.788626e+00 1.519457e+01 -1.347647e+01 -1.767286e+00 3.298766e+00 2.778991e+00 -1.227000e+00 -5.091539e-02 3.574648e+00
-6.852962e+00 -5.275232e+00 -7.028131e-01 -1.341646e+00 -1.907159e+00 8.849794e+00 -9.636136e+00 -1.461811e+00 3.291147e+00 -5.031644e+00 1.515631e+00 -2.431708e+00
5.322750e+00 8.264085e+00 1.521804e+00 1.221017e+00 4.960690e+00 4.779835e+00 1.068515e+01 4.119264e+00 6.039395e-01 -6.932333e+00 -1.405237e+01 -5.590911e+00
3.888988e+00 1.622790e+00 -8.036786e+00 -8.722570e+00 -9.726205e-01 3.129300e+00 1.500784e+01 -3.475058e+00 -2.371488e+00 -2.366623e+00 -1.309888e+01 -2.332565e+00
2.309063e+00 -2.392702e+00 -9.122025e+00 -9.229229e+00 -3.856292e-01 3.616047e-02 9.803335e+00 3.187253e+00 -3.060241e+00 -9.174930e+00 -7.908601e+00 8.968098e-01
2.974639e+00 2.470240e+00 -4.075027e+00 1.048373e+00 5.702502e+00 6.882483e+00 1.306794e+01 4.518559e+00 -3.190269e+00 -1.299904e+01 -1.262485e+01 -7.258468e+00
2.758360e+00 8.495040e-01 -6.090513e+00 -6.367841e+00 1.212244e+00 -2.233126e+00 1.290596e+01 3.005911e+00 -3.914959e+00 -7.150661e+00 -1.042401e+01 -2.499799e+00
-8.877791e+00 -4.627641e+00 5.756265e-01 -3.295678e+00 1.865418e+00 4.646146e+00 -3.861445e+00 -2.277658e+00 4.382779e+00 7.074496e+00 6.883711e+00 2.561528e+00
3.022881e-01 -1.513165e+00 -5.559498e+00 -7.414730e-01 3.081489e+00 -1.302992e+00 1.107758e+01 1.877861e+00 -5.751836e+00 -9.157836e+00 -1.161330e+01 -5.772014e-01
-8.219077e+00 -4.022437e+00 7.995290e-01 3.079510e-02 2.993067e+00 2.103820e-01 -2.829366e+00 -1.407760e+00 6.183280e+00 5.797048e+00 4.772827e+00 -2.423478e+00
-5.927314e+00 3.505893e+00 4.025137e+00 8.652918e+00 2.566737e+00 -3.634059e+00 2.745280e+00 4.263774e-01 3.925241e+00 3.213507e+00 3.428136e+00 2.832940e+00
-7.092698e+00 1.017421e+00 -2.382851e-01 5.642899e+00 6.425322e+00 -3.782244e+00 1.166625e+00 2.947861e+00 1.525407e+00 4.313409e+00 2.448460e+00 4.869777e+00
-1.462781e+00 2.601876e+00 -1.445941e+00 1.682587e+00 5.569371e+00 -9.117312e-01 5.481595e+00 8.963449e-01 -4.818120e+00 -6.139019e+00 -5.699228e+00 5.628989e+00
-6.589022e-01 3.697599e+00 1.895353e+00 9.990101e+00 1.510249e+01 7.491267e+00 8.246303e+00 9.545326e-01 -3.304936e+00 -2.295710e+00 -3.250941e-01 4.556973e+00
-1.936337e+00 8.261442e-03 -3.592090e+00 3.829590e-01 1.152258e+00 -4.735883e+00 3.159615e+00 -1.724643e+00 -2.879224e+00 -8.118049e+00 -1.461444e+01 -5.144192e+00
-1.889876e+00 4.333336e+00 2.958920e+00 7.469881e+00 1.405257e+01 4.912155e+00 8.001148e+00 5.352709e+00 5.735523e-01 -6.170913e+00 -7.502995e-01 2.684620e+00
-4.589016e+00 5.502247e+00 6.380895e+00 5.839106e+00 7.593958e+00 -1.062838e+00 2.038779e+00 3.887629e+00 4.486928e+00 5.647960e+00 -1.949802e+00 -1.286741e+00
-2.500840e+00 2.137710e+00 -8.784213e-01 -1.216375e+00 4.280415e+00 -6.001441e+00 1.255461e+00 -2.133284e+00 -8.502694e+00 -1.028634e+01 -8.460519e+00 1.469537e+00
-3.520443e+00 6.834351e+00 6.129223e+00 9.570066e+00 1.006945e+01 -1.586493e+00 2.073111e+00 -1.648410e+00 -1.575019e+00 1.823066e+00 -1.104977e+00 4.636537e+00
-5.210243e+00 2.897651e+00 2.745243e+00 6.765718e+00 4.145989e+00 -2.392687e+00 -4.619076e-01 1.414007e+00 2.239791e+00 1.046670e+01 5.313443e+00 4.798326e+00
-6.068089e+00 1.607017e+00 -7.149053e-01 3.996753e+00 4.952394e+00 -5.059136e+00 3.242159e+00 4.128706e+00 4.508978e+00 7.532501e+00 3.971325e+00 7.664193e+00
-2.398316e+00 6.039770e+00 7.726311e+00 8.341528e+00 1.374889e+01 1.564873e+00 9.664752e+00 6.484787e+00 3.158597e+00 1.405613e+00 -2.663355e-01 1.919739e+00
-1.174218e+00 1.618440e+00 1.352075e+00 5.870012e+00 8.905101e+00 9.577837e-01 6.185861e+00 -8.202888e-01 -2.934586e+00 -7.330817e-01 -3.849714e-01 3.626501e+00
-2.298084e+00 6.715425e+00 6.916876e+00 9.188181e+00 7.927857e+00 1.849506e+00 1.235583e+01 4.498226e+00 4.970247e+00 4.784544e+00 5.238640e+00 5.874127e+00
-2.504576e+00 7.641705e+00 7.452668e+00 9.734499e+00 1.479354e+01 -9.166446e-01 5.148754e+00 2.434891e+00 1.793820e+00 -2.015098e-01 5.187238e-01 3.189117e+00
-4.587765e+00 4.119821e+00 4.938869e+00 8.002818e+00 1.050832e+01 -2.590733e+00 3.509777e+00 -1.765418e+00 7.947962e-01 1.194505e+00 -6.050038e-01 -1.190185e+00
-7.592369e+00 8.576753e-01 2.776522e+00 3.006378e+00 4.113696e+00 -5.011669e+00 7.312211e+00 1.082696e+00 3.470907e+00 5.088686e+00 1.217767e+00 7.484756e+00
-9.289662e+00 -1.367224e+00 9.467144e-01 1.186970e+00 4.926205e-03 -1.226724e+01 1.796323e+00 1.873155e+00 -1.696908e+00 6.037073e-01 1.729840e+00 2.530761e+00
-6.893031e+00 -1.212245e+00 1.880559e+00 4.513965e+00 1.767992e+00 -1.024550e+01 -2.322984e+00 -1.101718e-01 7.034021e+00 3.831411e+00 -3.464724e+00 2.720638e+00
-3.068649e+00 6.004336e+00 8.853401e+00 1.274395e+01 9.871916e+00 -4.593605e+00 6.543963e+00 1.994672e+00 3.812082e+00 2.594092e+00 3.235990e+00 5.199340e+00
-3.074534e+00 6.605884e+00 6.835713e+00 7.842587e+00 1.061034e+01 8.513470e-01 5.424253e+00 7.368084e+00 6.083284e+00 5.445720e+00 3.073934e+00 3.732992e+00
-7.402108e+00 -2.418357e+00 3.657354e+00 1.339206e+00 2.577774e+00 -2.043595e+00 2.037883e+00 2.297966e+00 6.296774e+00 5.286919e+00 8.504575e+00 -4.246387e-01
-8.347245e+00 -5.331706e-01 3.779734e-01 -2.562987e+00 -2.132479e+00 -8.193422e+00 3.547845e+00 2.086188e+00 1.352675e-01 2.025465e+00 2.550756e+00 6.278231e+00
-3.158713e+00 2.327301e+00 3.991791e+00 5.599575e+00 1.063170e+01 2.449273e+00 1.114162e+01 2.461255e+00 -9.372096e-01 -1.061869e+00 7.513500e-01 4.833858e+00
-4.896643e+00 4.980126e+00 7.534896e+00 7.489169e+00 7.230012e+00 -2.798907e+00 1.949149e+00 -1.120431e+00 6.732706e-01 2.503533e+00 1.785447e+00 3.543667e-01
-7.731149e+00 -5.440643e-01 1.647730e+00 6.697354e+00 9.155728e+00 -7.017277e+00 4.382314e+00 1.756919e+00 4.744638e+00 8.660170e+00 3.803599e+00 2.524581e+00
-8.177999e+00 1.438714e+00 1.759194e+00 3.034378e+00 5.251756e+00 -7.591457e+00 9.126263e-01 1.416151e+00 -7.913549e-01 4.463718e+00 4.357930e+00 7.912858e+00
-4.772125e+00 3.863901e+00 5.426325e+00 4.824477e+00 4.806823e+00 -1.729196e+00 9.108797e+00 9.966877e+00 3.238079e+00 2.325488e+00 4.169781e+00 6.633144e+00
-8.355554e+00 -5.210581e-01 4.944570e-01 2.840811e+00 5.308213e+00 -4.165394e+00 4.916219e+00 3.651219e+00 -6.578648e-02 3.654194e+00 3.360090e+00 6.761635e+00
-6.274449e+00 1.288781e+00 5.462489e+00 8.852113e+00 8.314333e+00 -9.036636e-02 3.239652e+00 -1.674652e-01 3.457371e+00 4.609812e+00 3.029573e+00 1.096846e+01
-7.832166e+00 4.353483e-01 -3.484797e-02 -7.753711e-01 6.937642e-01 -7.946297e+00 3.464742e+00 -1.000476e-01 1.862752e+00 1.294544e-01 -4.467657e-02 3.838040e+00
-7.991170e+00 -1.461928e-01 4.627328e+00 1.683922e+00 1.066972e+00 -4.138689e+00 5.135215e+00 3.526460e+00 6.387570e+00 3.736462e+00 4.243910e+00 3.058523e-01
-5.541573e+00 4.829001e+00 5.678165e+00 4.406816e+00 6.301335e+00 -4.031944e+00 3.397873e+00 2.418247e+00 5.753189e+00 7.244481e+00 1.503639e+00 3.463205e-01
-8.397344e+00 -1.556556e+00 6.348168e-01 1.556333e+00 -2.311489e+00 -1.086063e+01 2.707461e+00 4.714960e+00 -1.559796e+00 -2.726066e+00 8.626006e-01 4.748129e+00
-6.223167e+00 3.372619e-01 9.974170e-02 3.866051e+00 5.330048e+00 -3.784774e+00 4.174964e+00 3.538870e+00 3.720119e+00 8.001243e+00 4.703547e+00 3.216994e+00
-8.802640e+00 -7.554082e-01 2.754630e+00 4.453310e+00 4.697784e+00 -5.623163e+00 9.229319e-01 2.777325e+00 5.817740e+00 4.555921e+00 3.465315e+00 3.159467e+00
-7.123607e+00 1.500222e+00 3.263287e+00 1.890702e+00 3.124280e+00 -5.154170e+00 -2.663534e+00 1.442570e+00 2.850029e+00 5.948041e+00 2.637589e+00 1.959705e+00
-8.222020e+00 -1.855566e+00 -3.673768e-01 9.797071e-01 4.358473e-01 -1.131155e+01 -3.534555e-02 2.399875e+00 1.214110e+00 -1.398343e+00 1.069807e+00 2.501939e+00
-6.910841e+00 3.446742e+00 4.343847e+00 1.932282e+00 5.984724e+00 -3.784159e+00 7.640574e-01 4.842342e+00 9.023980e+00 1.016212e+01 3.596081e+00 1.446105e+00
-7.396036e+00 2.350847e+00 2.874224e+00 4.991385e-01 8.675246e-01 -5.555083e+00 1.160956e+00 1.893580e+00 1.430716e+00 6.445091e+00 1.511903e+00 2.622294e+00
-6.833221e+00 2.224738e+00 2.666411e+00 4.054905e+00 7.617018e+00 -6.780768e+00 8.655109e-01 4.278004e+00 -1.514485e+00 4.042619e+00 4.817770e+00 7.278122e+00
-7.651901e+00 1.033431e+00 1.552844e+00 1.970434e+00 7.519303e+00 -5.637107e+00 1.747874e+00 1.476779e+00 5.313800e+00 6.482121e+00 2.351275e+00 1.446924e+00
-6.254673e+00 2.280442e+00 2.114796e+00 1.869026e+00 3.851948e-01 -1.031763e+01 1.646515e+00 4.330914e+00 2.955905e-01 1.946893e+00 4.792866e+00 9.314905e+00
-7.679128e+00 1.737039e-01 6.514825e-01 4.090735e+00 6.387848e+00 -7.728800e+00 1.575828e-02 2.590403e+00 4.232434e+00 3.639509e+00 3.842558e+00 5.601089e+00
-7.623687e+00 5.121570e-01 -1.590633e-01 2.788092e+00 3.245066e+00 -1.257880e+01 -4.931595e+00 -7.578209e-01 -5.603931e-01 4.814833e+00 1.657832e+00 7.846701e-01
-8.439933e+00 -1.085334e+00 2.954323e-01 8.552693e-01 -6.457572e-01 -1.069850e+01 3.116493e-01 4.963195e+00 2.495556e+00 5.187274e+00 2.157825e+00 5.315649e+00
-7.219872e+00 5.877109e-01 6.044878e+00 5.431119e+00 5.013103e+00 -7.914700e+00 2.282121e-01 -1.618269e-01 7.168084e+00 9.332887e+00 6.185493e+00 3.755455e+00
-7.800323e+00 1.162406e+00 2.595700e+00 5.073044e+00 6.375604e+00 -6.505172e+00 1.854909e+00 1.009774e+00 4.617868e+00 3.455239e+00 3.219014e+00 3.874869e+00
-7.625278e+00 -1.343989e+00 2.007644e+00 4.596552e+00 3.073710e+00 -4.749111e+00 1.776079e+00 7.841812e-01 1.159652e+00 1.316679e-01 5.401527e+00 4.532233e+00
-7.358083e+00 5.263035e-01 5.183716e-01 2.262508e-01 7.299694e+00 -8.465759e+00 -1.868145e-01 1.899091e+00 7.390499e-02 3.209244e+00 2.621426e+00 4.981451e+00
-6.119881e+00 1.746166e+00 1.665970e+00 4.343050e+00 4.132636e+00 -9.581563e+00 6.860096e+00 8.034169e+00 2.690912e+00 3.023345e+00 3.804180e+00 8.268231e+00
-6.408756e+00 1.341797e+00 2.399263e+00 4.973705e+00 9.067065e+00 -5.540575e+00 2.045268e+00 -7.480082e-01 1.884305e+00 5.467688e+00 5.431810e+00 8.468756e+00
-8.158853e+00 4.621668e-01 1.243328e+00 6.088167e-01 4.285168e+00 -6.506595e+00 6.000154e-01 4.945623e+00 6.132090e+00 3.446622e+00 1.762508e+00 3.098528e+00
