4.072096e+00 7.765595e-01 1.600363e+00 -1.587382e+00 -2.834909e+00 -1.982994e+00 -4.221722e-01 -1.008690e+00 -1.568085e+00 -2.484091e+00 -1.307034e+00 6.192029e-01
2.266154e+00 -3.603630e-02 -8.430672e-03 -2.496930e+00 -2.405419e+00 -2.818744e+00 -2.184502e+00 -5.442600e-01 2.107952e-01 -4.207361e-01 -2.029623e+00 1.603894e+00
4.820164e+00 1.463426e+00 2.529984e+00 -8.644211e-01 -3.226100e+00 -3.836156e-01 1.120949e+00 -1.866822e+00 -2.450906e+00 -2.752680e+00 -1.350271e+00 -1.260135e+00
3.547402e-01 -7.577054e-01 -7.439860e-01 -2.405000e+00 -2.382189e+00 -1.579604e+00 -1.276655e+00 -4.009970e-01 1.878730e+00 4.444768e-01 -1.335027e+00 2.645700e+00
2.995568e+00 1.456257e+00 2.829073e+00 4.600214e-01 -2.896505e+00 9.631371e-01 2.643239e+00 -1.677752e+00 -1.724554e+00 -2.613414e+00 -1.346060e+00 -1.917219e+00
-6.798158e-01 4.698474e-01 -1.654357e-01 -1.411247e+00 -1.687436e+00 -7.758547e-01 -1.413941e+00 -8.441574e-01 1.053764e+00 6.406521e-01 -1.761099e+00 2.106778e+00
-1.209557e+00 -1.719784e+00 7.620884e-01 1.331946e+00 -1.468348e-01 -1.416974e+00 -2.583666e+00 1.665187e+00 3.812186e+00 5.085508e-01 -1.412856e+00 5.056390e-01
-1.443059e+00 -1.464850e-01 -1.915577e+00 -2.590131e+00 1.353140e+00 4.114736e+00 2.369537e+00 -5.041248e+00 -3.250977e+00 4.385724e+00 2.776989e+00 -1.239700e+00
3.287087e+00 -4.188629e+00 -6.208594e-01 1.413300e+00 -8.479481e-01 -7.620715e-01 -3.525000e-01 7.102279e-02 2.222935e-01 -1.203644e+00 2.613507e+00 -6.158882e-02
5.148453e-03 5.960032e-01 -2.546015e+00 -1.868611e+00 -1.794661e+00 9.658896e-01 9.774400e-01 7.256997e-01 3.334645e+00 1.517218e+00 -2.143593e+00 -5.498953e-02
1.196294e-01 3.930057e-01 -3.795864e-01 -8.921543e-01 -1.230375e+00 -3.424572e-01 -7.784628e-01 -2.126769e+00 7.412378e-01 2.388453e+00 -1.210228e+00 2.472470e+00
1.394842e-01 6.000190e-01 -2.146549e+00 -1.458514e+00 -1.545390e+00 5.947140e-01 2.845573e-03 -6.680469e-02 2.378414e+00 2.078986e+00 -1.656531e+00 1.515968e+00
2.360988e-01 5.199678e-01 -1.345367e+00 -9.422640e-01 -1.030075e+00 1.950781e-01 -6.362264e-01 -1.129535e+00 1.180910e+00 2.355968e+00 -1.080271e+00 2.522505e+00
1.153377e-01 -2.262854e-01 -2.077979e+00 -1.971938e+00 -1.146858e+00 1.027717e+00 1.811469e+00 8.230247e-01 3.314300e+00 8.498080e-01 -2.943428e+00 -9.067262e-01
2.650217e-01 -3.265782e-01 1.272025e+00 4.132254e-02 1.731050e+00 8.037383e-01 -1.973871e+00 1.233848e+00 -2.395004e-01 -2.956128e+00 -1.213511e+00 9.815488e-02
-8.733469e-01 -3.339060e-01 -2.209827e-01 -1.613871e-01 5.147115e-01 -1.624126e+00 3.650665e-02 3.812318e-02 2.029303e+00 -3.184360e-01 -9.406152e-02 1.817529e+00
-9.956644e-01 -8.690909e-01 -1.092574e+00 -1.690462e+00 4.556410e-01 2.167937e+00 8.532370e-01 -3.071596e+00 -1.740021e+00 2.810520e+00 3.109346e+00 6.179267e-01
1.454641e+00 -3.117045e-01 7.320184e-01 7.368580e-01 -1.610704e+00 1.676491e+00 2.502618e+00 -2.022512e+00 -3.622952e-01 -1.643236e+00 -1.343554e+00 -1.281229e+00
3.350997e-02 1.643793e+00 3.582059e+00 1.659861e+00 1.061100e+00 1.167775e-01 -1.081290e+00 1.533949e+00 -2.569681e-01 -2.418661e+00 -1.106334e+00 1.652405e-01
-4.657047e-01 -1.620804e+00 3.612534e-01 2.531004e+00 1.103588e-01 -2.142193e-01 -2.398949e+00 1.787596e+00 3.678857e+00 2.029897e+00 -2.300879e+00 -1.750623e+00
3.235977e-01 -1.469501e+00 -1.034712e+00 -1.453879e+00 2.961088e-01 1.409321e+00 1.754218e+00 -6.947936e-01 2.439629e+00 -4.998283e-02 -2.144745e+00 -7.284874e-01
8.754617e-01 -3.171368e+00 -9.256039e-01 -7.241282e-01 -1.850730e+00 -3.963048e+00 -1.473421e+00 1.837434e+00 1.350068e+00 -1.387883e+00 1.584708e+00 -7.441862e-01
2.704256e+00 -1.158306e+00 2.614270e-01 1.803314e+00 6.109455e-01 6.277566e-01 -6.159211e-01 1.828802e-01 -1.246419e+00 -3.857555e-01 1.465724e+00 1.122605e+00
-8.927191e-01 5.623802e-01 -4.170912e-01 -3.305346e-01 7.040067e-01 -1.239461e+00 2.679662e-01 -1.819945e+00 6.353459e-01 -5.021631e-01 1.322857e+00 2.278444e+00
-9.008155e-02 -2.512298e+00 -1.842350e+00 6.641080e-01 1.175297e+00 5.359147e-01 -5.849550e-01 -4.299683e-01 -1.214850e+00 -1.452605e+00 -2.593565e-03 -1.312667e+00
1.992126e+00 -2.134398e+00 -3.185908e+00 9.739856e-01 -9.139719e-02 -3.666126e-01 -2.510131e-01 -1.648323e+00 -1.154717e+00 -4.927684e-01 -1.410944e+00 -1.607000e+00
-8.911689e-01 7.591019e-02 2.333033e-02 -1.057304e+00 -6.428680e-01 -1.433592e-01 -6.932654e-01 -1.360194e+00 3.158596e-01 5.281773e-01 6.874377e-01 -2.166121e-02
-3.686409e-01 -1.462071e-01 -9.487565e-01 -9.399282e-01 1.539979e+00 3.843481e+00 1.136227e+00 -3.934482e+00 -2.762837e+00 3.250098e+00 1.409078e+00 -1.687210e+00
2.905905e-01 1.126920e+00 4.943655e-01 -1.033559e-01 -1.653167e-01 6.610551e-01 -1.173385e+00 2.803675e+00 -1.599618e-01 1.052367e+00 -2.365368e-01 7.458275e-01
2.177900e+00 1.240551e+00 -3.372810e-01 1.507125e-02 -1.116804e-01 2.296968e+00 7.688661e-01 -2.609679e+00 1.641337e-01 1.968625e+00 -2.272361e+00 -6.266276e-01
1.537706e+00 1.594921e+00 1.779801e+00 1.781189e+00 1.589193e+00 2.303586e+00 -8.512123e-01 5.946541e-01 -1.813072e+00 1.135788e+00 5.369576e-01 1.833709e-01
3.457430e-01 -1.951509e+00 -9.393263e-01 -3.313258e-01 1.387486e+00 2.393108e+00 6.959823e-01 -9.753340e-01 7.691287e-01 -1.474313e+00 -4.500948e-01 -3.508574e-01
2.923880e+00 -2.071948e-01 -2.219794e+00 5.287654e-01 -2.575908e-02 6.095776e-01 6.635879e-01 -2.275544e+00 -7.935963e-01 1.005598e+00 -2.470084e+00 -1.489843e+00
-1.496051e+00 -8.740602e-01 -6.603710e-01 3.193780e-01 1.571405e+00 1.312456e+00 2.468466e-01 -1.474202e+00 3.616799e-01 1.272079e+00 -3.489694e-01 1.512459e+00
-2.132915e+00 -1.928931e+00 -1.523873e+00 -4.735618e-01 1.300903e+00 4.746793e-01 6.433780e-02 -1.833499e+00 3.672908e-01 2.094419e+00 -1.307888e-02 1.077181e+00
-2.402520e+00 -2.185291e+00 -1.450410e+00 -4.590544e-01 9.783853e-01 -8.324514e-02 -4.243398e-03 -1.483513e+00 -6.488010e-01 1.741448e+00 7.197176e-01 1.136398e+00
-1.445511e+00 -1.731511e+00 -1.114692e+00 -6.806122e-01 -6.952074e-01 -1.699728e+00 -4.832896e-01 -6.373767e-02 -8.567516e-01 5.456218e-01 1.860992e-01 -1.089411e-02
-6.225290e-01 -8.394794e-01 2.292200e-01 4.162371e-02 -4.426233e-01 -1.157319e+00 2.888967e-01 7.011852e-01 -6.267877e-01 -9.732510e-01 -3.775904e-01 -3.653522e-01
1.344332e+00 7.761403e-01 -1.383543e-02 -6.998739e-01 -2.138908e+00 -1.235750e+00 -1.089675e+00 1.535128e-01 9.711952e-01 -6.456543e-01 -4.109413e-01 -1.133932e+00
1.352882e+00 1.285319e+00 -8.298924e-02 -6.381348e-01 -2.615949e+00 -1.594957e+00 -6.161688e-01 5.638860e-01 2.369384e+00 9.658513e-02 -1.001348e+00 -1.904118e+00
4.258634e-01 6.987947e-01 -4.368123e-01 -1.058679e+00 -1.260458e+00 -7.917903e-02 5.277115e-01 -1.282496e-01 3.379014e-01 -6.793605e-01 -3.181331e-01 8.425415e-02
-8.752691e-01 -3.094726e-01 -6.846301e-01 -1.962886e-01 9.461888e-01 1.498042e-01 4.017565e-01 2.350731e-01 -2.224210e-01 -1.026745e+00 -5.235623e-01 1.705399e+00
-1.514459e+00 -3.488616e-01 1.969940e-01 9.962488e-01 1.853042e+00 4.532169e-01 6.091033e-01 -3.828221e-01 -1.189724e+00 -3.381949e-01 1.183502e-01 8.435766e-01
-3.722327e-01 -1.742758e-01 9.134485e-01 1.232356e+00 2.307941e+00 9.621145e-01 -3.157612e-01 -8.462617e-01 -1.443561e+00 -3.026616e-01 -7.129469e-02 -9.858267e-02
-7.170735e-02 1.633988e-01 1.694569e+00 2.176148e+00 1.674779e+00 2.010345e-01 -1.394314e-01 2.630582e-01 2.155854e-01 2.568342e-01 -1.433275e+00 -1.802338e+00
1.060535e-01 -5.207651e-01 8.213069e-01 1.351265e+00 8.455315e-01 7.222542e-01 1.268008e+00 -8.606375e-01 -6.184852e-01 -1.448340e-02 -8.407868e-01 -1.478425e+00
-4.575387e-01 -1.269843e+00 -7.279469e-01 4.676084e-01 1.177907e+00 1.117902e+00 1.460098e+00 -1.005665e-01 6.589227e-01 -6.446447e-01 1.275383e-01 7.199619e-01
-3.207819e-01 -9.712182e-01 -9.044981e-01 7.701997e-02 1.417623e-02 5.078006e-01 9.822693e-01 3.858649e-01 1.226257e+00 4.777870e-02 1.124075e+00 9.808245e-02
-4.101869e-01 -2.187589e-01 -8.348646e-01 -1.026129e+00 -7.787566e-01 2.421808e-01 -3.380567e-01 1.481873e+00 3.290610e-01 6.420470e-01 6.905828e-01 5.252106e-01
6.013110e-01 1.265929e+00 7.104600e-01 3.345701e-01 -1.074517e+00 -3.872324e-01 1.399411e+00 3.376713e+00 6.123069e-01 -2.884228e+00 -1.558090e+00 -9.149106e-02
-3.366785e-02 6.441513e-01 1.494205e-01 -1.022189e+00 3.497025e-01 -1.177187e+00 6.576079e-01 1.175507e+00 -1.116164e+00 1.258798e-01 1.479518e+00 4.744625e-01
2.243752e-01 2.721294e-01 -6.970355e-01 -1.176565e+00 5.444794e-01 6.620359e-01 -5.946340e-02 1.927571e-01 -1.097973e+00 -1.510987e-01 5.581186e-01 -2.239209e-01
2.036724e-02 -3.698721e-01 -7.099230e-01 1.882741e-01 6.491246e-01 7.599434e-02 6.118031e-01 4.657809e-01 -9.977564e-01 1.897357e-01 5.092341e-01 -7.066360e-01
8.265877e-02 -8.945482e-01 -2.466839e-01 1.996088e-01 3.761282e-01 1.038653e-01 9.716117e-02 -1.062692e+00 1.108264e-01 6.392986e-01 -2.240326e-01 -1.735280e+00
1.509492e-01 1.385802e+00 1.126368e+00 -1.471763e+00 -8.248602e-01 1.188336e+00 -3.489468e-01 -5.061384e-01 -8.491391e-01 5.942661e-01 2.188136e+00 8.823025e-01
-5.232595e-01 -4.387566e-02 1.587972e-01 -6.207462e-01 9.325671e-01 8.007592e-01 -1.006162e+00 -8.569292e-01 3.804541e-03 -6.050254e-01 -1.541412e+00 -2.592164e+00
-8.180366e-01 -2.688514e-01 1.151845e-01 -1.023169e-01 5.509812e-01 9.463341e-01 1.827160e+00 9.648880e-01 1.651095e+00 -7.151804e-01 -1.125711e+00 -1.273090e+00
-3.312208e-01 -8.285203e-02 -6.079630e-01 4.187908e-01 -4.489732e-01 -1.732836e-01 1.710100e+00 4.769472e-01 9.920660e-01 -7.799479e-01 -1.765939e+00 6.033176e-02
1.895390e-02 -6.737366e-02 -1.044922e+00 6.653269e-01 2.532201e-01 -1.297897e+00 -2.778705e-01 2.529111e-01 1.557977e+00 1.766631e-01 -1.262364e+00 2.212189e-01
3.886384e-01 6.598904e-01 -6.647443e-01 -3.337761e-01 -3.197744e-01 -1.758280e+00 -1.168019e+00 -1.609902e+00 7.932276e-01 1.056506e+00 1.134317e+00 1.551011e+00
4.493712e-01 5.214963e-01 -6.893895e-01 -2.520618e-01 5.099486e-01 -9.768198e-01 -2.176336e+00 -2.074596e+00 -4.780196e-01 -2.723000e-01 6.275128e-01 3.328534e-01
1.988149e-01 5.128627e-02 -4.850251e-01 -1.536912e-01 9.453312e-01 -4.391662e-02 8.983066e-02 1.525129e-01 4.077423e-02 -9.882909e-01 1.047202e+00 -1.087832e-03
-4.680806e-01 -3.171330e-01 -8.432835e-02 6.786681e-01 8.782156e-01 7.581008e-01 2.240654e+00 1.533504e+00 -2.585347e-01 -7.074780e-01 9.042358e-02 -1.218150e+00
-4.408833e-01 -5.139872e-01 -4.886912e-01 9.399956e-01 7.971306e-01 5.878459e-01 6.451213e-01 1.343027e+00 2.724249e-02 -3.412934e-01 -2.419401e-01 -1.281116e+00
-6.933430e-01 -3.082038e-01 -4.159305e-01 -4.238892e-02 -1.541127e-01 -4.113793e-01 -6.789708e-01 -3.952363e-01 -3.955955e-01 1.236994e+00 6.159439e-02 -1.844775e-01
-4.639842e-01 3.123603e-01 1.191077e-01 -3.310954e-01 -1.085321e+00 -5.514978e-01 -1.382550e+00 -8.599469e-01 -2.394401e-01 1.033916e+00 -3.723279e-01 4.078871e-01
-1.997803e-01 3.172840e-01 2.351906e-01 -6.351378e-01 -8.711146e-01 -4.596520e-01 -1.265553e+00 -7.138456e-01 3.131430e-01 8.466969e-01 1.134439e-01 8.669241e-01
-2.255408e+00 -3.845121e-01 -1.809877e+00 -1.082344e+00 -1.891293e+00 -1.194234e-01 -5.578980e-01 -5.884353e-01 1.188955e+00 2.002113e+00 7.502249e-01 -5.494525e-01
-1.045243e-01 1.251172e+00 1.244056e+00 -1.615788e+00 -1.884069e+00 -2.478791e-01 -6.600598e-01 -1.233911e+00 -1.574816e+00 8.524836e-01 2.272189e+00 1.413360e+00
3.632092e-01 5.966133e-01 3.741893e-01 2.422311e-01 6.128107e-01 -8.126303e-01 1.070930e-01 1.079300e+00 1.719725e+00 -4.048508e-01 -5.198789e-01 -1.562917e+00
2.723147e-01 1.820731e+00 1.686503e+00 -1.313223e+00 -8.151900e-01 6.659927e-01 -1.010709e+00 -1.050916e+00 -1.093658e+00 2.177537e+00 2.821814e+00 1.130554e+00
5.482974e-01 1.471126e+00 6.663957e-01 4.478318e-01 6.366228e-01 -2.466350e+00 1.000106e-01 7.554114e-01 1.953032e-01 -2.324341e-01 9.689811e-01 -6.561667e-01
-1.205965e+00 2.418988e+00 2.206304e+00 1.085474e+00 1.021833e-02 -4.068379e-02 5.134184e-01 -3.646803e-02 -1.592233e+00 -1.539148e+00 -6.061460e-01 5.734056e-01
-1.371821e+00 5.104455e-01 1.559605e+00 -8.235895e-01 -1.793337e+00 -1.594149e+00 -1.169715e+00 1.051307e+00 1.452981e+00 2.444016e+00 2.615774e+00 1.771231e+00
-3.674991e-02 -1.682571e+00 -1.543096e-01 1.083568e+00 1.237246e+00 -6.143841e-01 -4.823748e-01 -1.150288e+00 -8.019587e-01 1.257568e+00 2.734995e+00 3.032928e-01
-1.893017e+00 -3.095168e-01 -1.377293e-01 -1.772846e+00 -1.305582e+00 -2.966232e+00 -1.353202e+00 1.475542e+00 1.247368e+00 -2.577232e-01 4.325898e-01 -6.122777e-01
1.757312e-01 -1.426978e+00 -3.418284e-02 8.590521e-01 1.464950e+00 -4.553638e-02 -1.472435e+00 -1.152129e+00 -1.252393e+00 1.691566e+00 2.153594e+00 1.040908e+00
-2.626834e-01 -7.108411e-01 -3.220793e-01 1.693502e-01 2.084307e+00 9.530497e-01 -5.427421e-01 -1.368757e+00 -1.072346e+00 9.767804e-02 1.233049e+00 4.205986e-01
-6.795533e-01 -1.222386e+00 -3.421705e-01 1.260033e+00 1.579011e+00 -1.427256e+00 -6.167074e-01 -6.959955e-01 9.753428e-02 9.448100e-01 3.461261e+00 -9.445164e-01
4.965265e-02 -1.730511e+00 -7.482927e-01 2.061892e-02 2.152062e+00 2.496837e+00 3.975358e-01 -1.416132e+00 -5.861477e-01 -2.497600e+00 1.220282e+00 2.408848e-02
1.250261e-02 -1.052709e+00 9.704151e-02 2.796567e-01 1.994616e+00 2.827463e-01 -1.213174e+00 -1.570530e+00 -1.106169e+00 1.395709e+00 1.447983e+00 1.283027e+00
-5.347130e-01 -7.422341e-01 -5.198442e-01 2.349551e+00 2.500889e+00 2.020459e+00 4.810336e-01 -8.450713e-01 1.484574e+00 -3.766179e+00 -2.079237e+00 -3.695360e-01
7.703108e-01 1.010692e+00 6.167577e-01 9.052715e-02 -3.947224e-01 1.031645e+00 1.896688e-01 -1.328334e+00 1.221449e+00 -2.191238e+00 -1.020403e-01 -6.587518e-01
7.937541e-01 6.320319e-01 8.273631e-01 6.955677e-01 -8.612038e-01 1.183352e+00 5.152844e-01 -2.616544e-01 -1.886091e+00 -2.733361e-01 8.838531e-01 -1.210342e+00
-1.238488e+00 -5.890980e-01 -6.467844e-01 1.773637e+00 1.075507e+00 -1.092117e+00 -1.617162e+00 2.599874e-01 7.606100e-01 1.107745e+00 3.131288e+00 -2.593679e+00
-4.746547e-01 -1.826514e+00 -1.705711e-01 -4.965685e-01 -8.790154e-01 -6.519967e-01 8.209355e-02 -1.982463e-01 -2.096047e-01 6.241620e-01 -6.856608e-01 7.213181e-01
-1.256486e+00 -1.272939e+00 -1.654973e-02 2.869598e+00 1.868229e+00 1.199866e+00 2.595502e-01 -1.583616e+00 4.519508e-01 -2.268286e+00 -1.162879e+00 -5.173560e-01
-5.874445e-01 -1.541769e+00 5.594151e-02 8.063451e-01 -3.414520e-01 -2.675399e-01 -3.894516e-01 -1.570112e+00 4.170439e-01 -2.424246e-01 -9.382938e-01 2.078691e-01
-4.050586e-01 -9.189469e-01 -4.543387e-01 2.704792e-02 2.429029e+00 1.581557e+00 5.770810e-02 -1.578160e+00 -1.141499e+00 -1.761251e+00 1.878379e+00 4.131436e-01
4.635292e-01 3.216784e-01 2.085437e+00 9.625164e-01 -5.868112e-01 2.590636e+00 1.463116e+00 6.207763e-01 -5.210334e+00 -4.198514e-01 1.305943e+00 -1.751055e+00
-1.999283e+00 -7.368398e-01 2.552303e-01 -9.032086e-01 -1.595583e+00 -2.490930e+00 -1.613491e+00 2.397998e+00 3.210377e+00 2.819450e+00 4.708365e-01 5.517426e-01
-2.002975e+00 6.363419e-01 -3.119208e-01 -2.239644e-01 -1.329896e+00 -6.095603e-01 1.477052e+00 -4.375915e-01 -3.634153e-01 2.315046e-01 6.101886e-01 7.994159e-01
4.857091e-01 -7.539432e-01 5.626637e-01 1.211786e+00 2.474151e-01 1.728758e+00 -1.858527e+00 3.925851e-01 -1.014147e+00 1.621204e+00 -1.165863e+00 -2.354300e+00
-6.490446e-01 -8.594146e-02 -1.014268e+00 1.702244e+00 1.463671e+00 -1.175307e+00 -2.580467e+00 1.501734e+00 6.595585e-01 1.317341e+00 2.662105e+00 -3.435340e+00
9.210441e-02 -4.255667e-02 9.421547e-01 -2.313153e-01 -7.617021e-03 6.693181e-01 -1.606357e-01 -1.133931e+00 1.697067e+00 -1.792595e+00 -7.606147e-01 -3.489304e-01
6.666055e-01 3.955870e-02 2.148901e+00 9.396553e-01 1.058310e+00 2.236420e+00 1.399699e+00 3.058021e+00 -8.908993e+00 1.488489e-01 2.936183e+00 -4.033011e-01
6.931652e-01 -1.346980e-02 7.114668e-01 -8.573946e-01 -7.892882e-01 -1.148055e+00 1.048612e+00 5.029787e-01 6.049786e-01 7.430582e-02 2.668741e+00 2.802117e+00
-9.469614e-01 9.756470e-01 8.703260e-01 1.823534e+00 -1.176171e-01 -2.803574e+00 7.673205e-01 1.001954e+00 -8.595248e-01 -4.755980e-01 -2.947569e+00 -7.109452e-01
-3.193906e+00 3.209720e+00 2.232344e+00 -1.399093e+00 2.229528e+00 1.076578e+00 -4.307889e-01 -5.074777e-02 -2.579527e-01 3.994640e-01 3.676705e-02 2.196553e-01
-2.042931e+00 -1.561110e+00 -1.404534e+00 -1.159292e+00 -1.649017e+00 -4.931505e-01 -7.069393e-01 3.195448e+00 3.528374e+00 2.060527e+00 1.673512e+00 2.127514e+00
-2.662012e+00 -4.103142e-01 -1.999232e+00 -8.741186e-01 -2.983649e+00 -8.360999e-01 1.520821e+00 -1.496207e+00 1.260399e+00 2.167662e+00 1.220201e+00 7.854392e-02
-9.086933e-01 8.709289e-01 1.116194e+00 2.769674e+00 -6.180323e-01 -3.257138e+00 5.669975e-01 1.236404e+00 -8.473161e-01 4.509676e-01 -3.232361e+00 -2.365136e+00
-9.341613e-01 3.895280e+00 1.236159e+00 -1.258878e+00 1.139627e+00 1.562550e+00 2.230994e-01 -1.833375e+00 4.024215e-01 6.692155e-01 -2.364405e+00 7.920421e-01
-3.730894e-01 -1.105234e-01 -6.415372e-01 5.615452e-01 2.760131e+00 2.427589e+00 1.409315e+00 -9.041982e-01 3.073707e+00 -3.293814e+00 -2.534268e+00 2.699842e-02
-1.240201e+00 1.675004e+00 1.039530e+00 1.305628e+00 2.822895e-01 -2.253379e+00 1.539962e+00 5.778214e-01 -9.574456e-01 -1.518870e+00 -2.745210e+00 5.653124e-01
-4.475125e-01 -9.202535e-01 -2.026720e+00 -1.532809e+00 1.125913e+00 2.384938e+00 1.290563e+00 1.171872e-01 2.740508e+00 -1.154229e+00 -1.725633e+00 5.743363e-01
6.747456e-01 7.041047e-01 2.237098e+00 7.457303e-01 2.389980e+00 1.871614e+00 2.211557e-01 3.381339e+00 -7.974734e+00 -1.437463e+00 2.087362e+00 1.055242e-01
-5.519770e-01 7.586681e-01 -6.578733e-01 2.527858e+00 1.210133e+00 -2.322402e+00 -2.038284e+00 2.182820e+00 -1.521526e-01 1.585136e+00 9.803443e-01 -4.027539e+00
8.440139e-02 5.386244e-01 5.657619e-01 2.832463e+00 -8.952808e-02 -3.583415e+00 -7.357928e-01 1.772493e+00 -6.925544e-01 1.502130e+00 -1.748861e+00 -3.112140e+00
-5.893043e-01 -9.128774e-01 -2.394217e+00 -2.913697e+00 -4.385956e-01 2.177273e+00 1.413140e+00 5.558700e-02 2.305971e+00 1.169708e+00 2.547794e-01 7.547336e-01
-1.564696e+00 -1.201506e+00 -1.932430e+00 -1.733184e+00 -7.955359e-01 1.448841e+00 7.044512e-01 1.296430e+00 3.391013e+00 2.394391e+00 2.204988e+00 1.629194e+00
-2.687493e-01 1.034386e+00 -9.683438e-02 3.036171e+00 4.660478e-01 -3.541465e+00 -1.246099e+00 1.752659e+00 -4.589323e-01 1.828338e+00 -7.573268e-01 -3.834827e+00
-1.920356e-01 1.961694e+00 2.459326e-01 9.434536e-01 1.486245e+00 -1.787539e+00 1.909498e-01 1.141232e+00 -1.412969e+00 -2.266217e+00 -7.957923e-01 1.909156e+00
5.988374e-01 1.415984e+00 1.284195e+00 4.479800e-01 2.677859e+00 4.669186e-01 -3.079613e-01 2.392581e+00 -3.983838e+00 -2.832237e+00 1.103630e+00 2.001524e+00
2.025858e+00 1.496590e+00 1.269571e+00 2.069110e-01 -2.577384e+00 -3.132671e-01 1.567445e+00 3.505851e+00 -6.510973e-03 -4.926305e+00 -1.801708e+00 3.334687e+00
1.842153e+00 7.666766e-01 9.764075e-01 -3.750502e-01 -2.272211e+00 -1.546352e+00 1.204892e+00 3.650253e+00 -5.272953e-01 -4.287979e+00 -2.588754e-01 4.838110e+00
