2.978304e+00 -1.382603e+00 1.409649e+00 -7.607925e-01 -1.247300e+00 -3.018605e-01 -1.465165e+00 -1.722118e+00 -1.400424e+00 -2.563941e+00 -2.647262e+00 -6.970053e-01
5.430817e+00 5.500109e-01 -2.108968e+00 -1.303222e+00 -2.808418e+00 -3.725735e+00 5.438492e-01 -1.715408e+00 -1.753487e+00 -5.220195e+00 -3.889620e+00 -1.138346e+00
-1.050561e+00 -1.343467e+00 2.567323e+00 -1.369611e-01 2.583343e-01 1.570951e+00 -1.372681e+00 -4.254166e-01 6.332194e-01 4.693774e-01 5.227275e-01 3.217396e-01
-3.688470e+00 -4.302302e+00 2.059987e+00 2.435169e+00 -1.912735e-01 3.884159e+00 4.455348e-01 -2.324996e+00 1.128923e+00 -1.396125e-01 1.761562e+00 2.491683e+00
5.979439e+00 1.492512e+00 -4.670177e+00 -2.258209e+00 -4.020759e+00 -5.746339e+00 2.233839e+00 -7.369803e-01 5.380585e-01 -4.633732e+00 -4.068128e+00 -1.715680e+00
-1.706551e+00 -1.016993e+00 9.501044e-01 -1.095288e+00 -1.601612e-01 8.259273e-01 -1.731913e+00 -2.089713e+00 4.037744e-01 1.666280e+00 2.260231e+00 6.369059e-01
3.377801e+00 4.818439e-03 -4.751367e+00 -2.352740e+00 -1.862986e+00 -4.177234e+00 -1.078782e-01 -2.206833e+00 2.399151e+00 6.998368e-02 -9.540212e-02 -2.409385e+00
-2.416050e+00 -3.827748e+00 1.888397e+00 2.136502e+00 -4.918496e-01 2.342873e+00 -1.112862e+00 -9.195057e-01 1.132591e+00 -2.068676e-01 1.179957e-01 -5.395745e-01
-2.361406e+00 -3.214143e+00 6.301287e-01 1.200525e+00 1.840478e-01 2.171524e+00 3.979108e-01 1.425633e-01 2.519881e+00 1.155254e+00 1.487724e+00 2.879395e+00
-2.394678e-01 -1.490543e+00 -1.599613e+00 -6.540250e-01 1.119308e+00 -1.165007e+00 -1.663821e-01 6.299818e-01 3.502502e+00 2.365851e+00 2.724742e+00 -9.444935e-01
-9.572067e-01 -1.589782e+00 -1.340585e-01 -9.002703e-01 2.148112e+00 2.849659e-01 3.932313e-01 1.813283e-01 2.751264e-01 2.055176e+00 2.312809e+00 1.671596e-01
-8.400475e-01 -6.738859e-01 5.159373e-02 -1.225200e+00 -2.841675e-01 -7.874471e-01 -1.522264e+00 -9.150398e-01 8.667072e-01 4.731885e-01 2.339171e+00 -1.403187e-01
-3.272233e-01 -2.166453e+00 1.005487e+00 -3.191583e-02 -6.772752e-01 -4.932289e-02 -3.093124e-01 1.227100e+00 3.822997e-01 6.957903e-01 -4.043535e-01 -1.308792e-01
2.455656e-01 -3.933739e+00 -8.288447e-01 7.176799e-01 -1.319309e+00 6.004556e-01 -5.845308e-01 2.022415e-01 1.052194e+00 1.661752e+00 -2.029923e+00 4.574822e-01
5.464885e-01 -4.483863e+00 -9.897388e-01 6.767668e-01 -9.742912e-01 -6.388611e-01 1.808019e-02 -1.898963e+00 9.098384e-01 1.284058e+00 -3.121698e+00 -5.082435e-01
5.923083e-01 -1.818017e+00 -9.194499e-01 -1.236656e+00 -1.860320e+00 -1.337846e+00 2.489954e+00 2.651934e+00 2.774987e+00 1.400768e-01 3.786996e-01 -5.109099e-01
-5.556432e-01 -7.436892e-01 8.696607e-01 -6.305350e-01 4.084485e-01 1.082117e+00 2.616013e-01 1.152754e+00 7.183594e-01 -2.010129e-01 -1.089177e-01 -9.461091e-01
-7.384810e-01 -1.172244e+00 -1.143247e-01 -8.462739e-01 -1.255482e-01 -1.709566e+00 1.836517e-01 2.140140e+00 1.641751e+00 8.221524e-01 1.035906e+00 1.403394e+00
-1.146568e-01 -4.796747e-01 5.929403e-02 -1.147083e+00 -1.397523e+00 -1.921079e+00 -3.435595e-01 5.262106e-01 -6.940790e-01 4.049450e-01 1.404812e+00 2.160828e+00
3.972917e-01 4.341620e-01 -5.016297e-01 -8.862640e-01 1.009615e+00 -1.405474e+00 -1.942667e+00 -9.670458e-01 -1.468925e-02 1.336527e-01 2.192477e+00 -1.260374e+00
1.983435e-01 -1.965249e+00 1.070137e-02 8.016153e-02 1.145902e+00 1.566997e+00 1.817205e+00 4.927356e+00 1.659060e+00 -9.478434e-01 5.750274e-01 -1.323689e+00
-9.503326e-01 8.035879e-01 7.766368e-01 -6.456199e-01 1.134164e+00 -6.013685e-01 4.733914e-01 1.275362e+00 2.489242e-01 1.469838e+00 2.183899e+00 1.994567e+00
5.850040e-01 -3.862746e+00 -1.803577e+00 -1.920519e-01 -1.024075e+00 -3.987616e-01 3.234489e-01 -1.701381e+00 8.157473e-01 1.206550e+00 -2.790553e+00 -5.173622e-01
9.333290e-01 -1.467336e-01 6.102257e-01 5.188033e-01 1.985355e+00 1.235108e+00 -3.275385e-02 3.388690e+00 -6.609235e-01 -5.052284e-01 7.755146e-01 -9.777147e-01
2.529196e-01 9.667098e-01 -1.019484e+00 1.061676e+00 -9.113434e-01 -3.428635e-01 -2.568222e+00 -1.047933e-01 -9.828964e-01 -1.508611e-01 -1.393829e+00 -1.382689e+00
-1.396770e-02 5.726700e-02 6.124454e-01 2.687338e-01 7.493703e-01 1.842718e-01 -2.190366e-02 -6.777738e-01 2.212498e-01 -1.139767e+00 -9.166867e-01 -7.658814e-01
-6.952536e-01 -2.043729e+00 -1.942500e+00 -6.065570e-01 -2.315527e+00 -1.239761e+00 2.202470e+00 -4.214039e-02 2.663481e+00 6.531662e-02 -1.188035e+00 3.014528e-01
6.934621e-01 5.188264e-01 -3.895113e-01 2.322763e-01 -3.040835e-01 -9.494478e-01 -3.829737e+00 -1.923232e+00 -1.360109e+00 -4.891972e-01 -1.288052e+00 -2.689584e+00
-1.235374e-01 5.710286e-02 4.732746e-01 6.210682e-01 1.486317e+00 -3.993142e-01 9.269740e-01 1.679767e-01 8.304069e-02 -1.950521e-01 4.112901e-01 -5.652496e-01
8.440037e-02 4.742549e-01 6.897070e-01 6.393544e-01 9.782456e-01 4.904245e-01 1.094646e+00 8.805642e-01 9.710342e-01 5.718134e-01 1.019214e+00 3.563551e-01
4.902965e-01 -2.156384e-01 5.670464e-03 4.057316e-01 -3.218069e-01 9.539098e-01 1.378117e+00 1.601516e+00 1.497659e+00 7.611817e-01 2.295232e-02 8.790040e-02
7.104613e-01 4.388060e-02 -4.287883e-01 7.859931e-02 -6.102827e-01 1.486017e+00 8.448482e-02 2.186692e-01 6.656976e-01 1.439193e+00 -5.937530e-01 -3.375679e-01
7.781849e-01 5.257977e-01 -7.316919e-01 -5.421987e-01 -8.557237e-01 6.814343e-01 3.479338e-01 -7.279968e-02 -3.297888e-01 -5.921378e-01 -1.467445e+00 -1.294491e+00
3.384252e-01 2.643905e-01 -7.123289e-01 -8.505585e-01 2.425717e-01 1.865898e-01 5.014713e-01 -1.252105e+00 -1.077660e+00 -1.408312e+00 -2.396492e+00 -1.617454e+00
-2.405724e-01 -8.600417e-02 -3.238080e-01 -1.029723e+00 2.188703e-01 -3.151292e-01 1.224130e-01 -5.315892e-01 -6.690693e-03 -1.413268e+00 -1.159460e+00 -4.689257e-01
-5.500027e-01 -1.180364e+00 -6.928443e-01 -1.555756e+00 -1.054021e+00 -1.458722e+00 -6.824692e-01 -8.734390e-01 -5.611736e-01 -1.741379e+00 -3.168549e-01 4.416943e-01
-5.253296e-01 -6.441621e-01 7.939436e-02 -3.461834e-01 4.823237e-02 -1.460539e+00 -1.637973e+00 -1.106271e+00 -6.329271e-01 1.746513e-01 1.026931e+00 4.309512e-01
-1.158804e-01 -1.704223e-01 -4.425988e-01 -3.526639e-01 1.223051e-01 -3.529434e-01 -1.252924e+00 -4.013030e-01 -1.563036e+00 2.333022e-01 2.127481e+00 6.719055e-01
5.754824e-02 6.811399e-01 -1.914084e-01 2.734203e-02 1.417388e-01 7.889204e-01 1.039370e+00 -9.816117e-01 -1.416974e+00 4.022835e-01 1.525279e+00 1.318153e+00
-2.375149e-01 2.749187e-01 -3.790785e-01 -2.453887e-01 -4.482850e-01 1.228275e+00 1.489971e+00 1.095914e+00 2.675294e-01 2.347625e-01 3.893887e-01 1.170756e+00
-2.678054e-01 -1.112847e-02 -1.041374e+00 -8.259450e-01 -1.058345e+00 6.500714e-01 -1.124038e-01 6.333782e-01 -4.218167e-01 -7.472992e-01 -4.865804e-01 1.229008e+00
9.763800e-01 -4.024748e-01 -9.323160e-01 -1.401754e+00 -2.461384e-01 -2.656503e+00 -3.566039e+00 -9.722160e-01 1.939087e-01 1.082010e+00 -8.999560e-01 -2.942413e+00
-1.707376e+00 2.830881e-01 -2.832665e-01 -1.678835e+00 -1.686054e+00 -1.822066e+00 -2.269924e-01 5.014264e-01 -4.319047e-01 -7.915599e-01 -2.180279e-01 1.614834e+00
-7.473266e-01 1.400006e+00 1.162627e+00 8.797665e-01 -1.959344e-01 -1.952438e+00 -1.561238e+00 -6.538758e-01 -9.334614e-01 -9.543186e-01 -1.570009e-01 -9.550568e-01
-7.005453e-02 1.148785e+00 4.638573e-01 5.564756e-01 -6.987238e-03 -1.637242e-01 -1.661506e+00 4.869338e-01 8.638336e-01 3.662094e-01 -1.424930e-01 -1.216758e+00
1.030234e-01 -2.226115e-01 -1.827908e+00 -1.407531e+00 -6.479681e-01 8.374128e-01 -5.543854e-01 1.582269e+00 1.842513e+00 3.187334e-01 3.280813e-01 6.286935e-01
1.494598e-01 -8.644739e-01 -1.890606e+00 -2.638052e+00 -1.046692e+00 9.157286e-01 1.454345e+00 1.662262e+00 3.211306e+00 8.587898e-01 -2.838789e-01 3.585119e-01
2.104631e-01 -2.905422e+00 -2.405111e+00 -2.930210e+00 -1.434968e+00 8.993820e-01 1.909525e+00 5.947201e-01 2.641675e+00 1.421853e+00 -1.854270e+00 3.087450e-01
-5.418005e-02 1.056877e+00 7.893649e-02 -1.506543e-01 3.140007e-01 1.077237e+00 9.137396e-01 -5.380932e-01 5.987079e-02 -4.073315e-01 -5.778396e-01 -9.180849e-01
6.663103e-01 -1.260557e+00 -8.406149e-01 -2.320330e+00 7.301738e-02 -2.613597e+00 -2.643296e+00 4.878436e-01 2.794624e+00 2.531379e+00 5.961198e-01 -1.579391e+00
1.056538e+00 1.257432e+00 -2.915240e-01 5.676780e-02 9.228099e-01 -2.307689e-01 -4.836583e-01 -1.198555e+00 -1.572029e+00 2.754165e-01 9.441155e-01 1.868622e+00
3.477587e-01 -1.359559e+00 9.757455e-01 8.954587e-01 -2.880899e-01 6.074376e-01 4.742898e-01 -1.811721e+00 -5.009476e-01 -3.753620e-01 -1.251018e-01 9.404901e-01
-2.881207e-01 -1.362146e+00 3.915696e-01 -1.394816e+00 8.295776e-01 -1.416075e+00 -1.573843e-01 6.393601e-01 3.316978e+00 1.940911e+00 7.179245e-01 1.378062e+00
-1.515274e-01 1.099209e+00 -2.121310e-01 -8.682055e-01 2.020934e+00 5.062734e-01 2.477303e+00 8.564653e-01 -2.499310e+00 -2.725161e-01 1.027867e+00 1.338022e+00
1.013969e+00 9.620758e-01 -5.474103e-01 1.958402e+00 6.749877e-01 -2.296285e+00 1.370049e+00 -1.397822e+00 -2.089780e+00 7.253286e-01 -7.964972e-01 2.057986e+00
4.862273e-01 -4.239286e-01 -8.409345e-01 2.357454e+00 2.049713e-02 7.791720e-02 9.203863e-01 -1.325426e+00 -2.000813e+00 9.279032e-01 -2.605362e+00 1.118596e+00
1.081018e+00 -5.157481e-01 6.924834e-01 2.131083e-01 3.712810e-01 -2.862225e-02 -3.089844e-01 -2.411459e+00 1.928607e-01 -6.313779e-01 2.538241e-01 -4.788074e-01
7.378724e-01 1.714762e+00 1.342682e+00 -1.240134e+00 7.158245e-01 6.783041e-01 -1.508398e+00 -1.031787e+00 -1.194106e+00 -7.307805e-02 1.536064e+00 1.403980e+00
6.908562e-01 5.149127e-01 -8.655924e-01 2.775236e+00 -2.067326e-01 -1.522754e+00 2.578394e+00 -2.355549e+00 -2.223802e+00 1.264196e+00 -1.981337e+00 1.757854e+00
-3.129305e-01 9.270399e-01 1.046738e+00 3.174092e-01 1.108249e+00 1.096036e+00 1.264642e-01 4.890754e-01 2.041480e-01 -1.574394e+00 -3.888312e-01 -1.723105e+00
-2.823639e-03 -1.434016e+00 7.642263e-01 1.474171e+00 4.250419e-01 7.465839e-01 -1.868002e+00 1.108023e+00 1.449271e+00 -3.165485e-01 -2.161422e-01 -2.648143e+00
1.670507e+00 3.149528e-01 3.005326e-01 2.984973e-01 5.136679e-01 -1.110287e-02 -1.361196e+00 -1.199758e+00 1.935618e-01 1.846005e-01 1.247373e+00 -1.286356e+00
1.643842e-01 2.839180e-01 6.267694e-01 1.865664e+00 -6.556854e-01 8.073454e-01 2.165100e-01 -2.353798e-01 -2.009965e+00 3.851411e-01 -2.272272e+00 8.642511e-01
3.138215e-01 2.030688e+00 5.332910e-01 8.256112e-01 -2.543811e-01 -1.018516e-01 -5.231253e-01 -8.564507e-01 -3.036451e+00 -1.219264e+00 1.310436e+00 8.272982e-01
3.190456e-01 1.195963e+00 5.425439e-01 5.502295e-01 2.288261e+00 9.743795e-01 -1.108402e-01 2.672820e+00 -7.444984e-01 6.284719e-01 1.053188e+00 -5.342178e-01
-2.681223e+00 -1.185640e+00 -1.311258e+00 -2.931329e+00 -2.758440e+00 -1.633955e+00 1.475328e+00 1.276867e+00 7.130983e-01 -9.409103e-01 -1.162844e-02 1.702269e+00
-2.812920e-01 1.534888e+00 7.637607e-01 1.587945e+00 1.501143e+00 5.118282e-01 -7.865582e-01 -1.071899e+00 1.159925e-01 -5.860835e-01 -3.401470e-01 4.955043e-01
1.355955e-01 3.551992e-01 1.254681e+00 1.391738e+00 -2.507218e-01 1.057047e+00 2.853540e-01 1.010241e+00 -2.795600e+00 3.389915e-01 -1.560308e+00 6.772885e-01
-6.092535e-01 2.815327e-01 2.350378e-01 -5.720297e-01 1.241085e+00 5.007154e-01 -5.111836e-01 3.540375e-01 -2.059353e+00 -9.290953e-01 -2.084384e+00 -6.968743e-01
-4.874508e-01 2.260986e+00 -4.055254e-01 4.916881e-01 2.405824e+00 1.924966e+00 3.825049e-01 7.173041e-01 -3.928290e-01 1.939215e+00 7.010781e-01 7.431419e-02
-1.004960e+00 4.008436e+00 2.089993e+00 1.095326e+00 2.083155e+00 -1.066541e-01 -1.052844e+00 -1.402875e+00 -2.464378e+00 -2.676639e-01 2.326616e+00 6.811255e-01
-4.429198e-01 1.750890e-01 4.658136e-01 -1.535788e-02 1.034848e+00 9.016301e-01 -4.658338e-01 1.133896e+00 -1.890233e+00 -4.409373e-01 -1.568150e+00 7.531452e-02
-9.952144e-02 5.060884e+00 1.451710e+00 1.087590e+00 1.417847e+00 2.191289e+00 1.371853e+00 -1.949100e+00 -3.553946e+00 -1.644108e+00 1.441539e+00 -6.451514e-01
-1.471400e-03 8.393488e-02 8.086197e-01 1.854862e+00 -1.686812e+00 9.521903e-01 3.640506e-01 -1.018932e+00 -7.362903e-01 -4.814721e-01 3.079876e-01 1.974416e+00
5.502733e-01 2.302004e+00 1.124571e+00 -7.204067e-01 4.972537e-01 1.474953e+00 -1.451162e+00 -1.077729e+00 -8.026059e-01 9.438684e-02 1.244521e+00 1.514129e+00
2.665828e-01 1.901186e-01 1.526354e+00 1.037505e+00 1.936283e-01 7.731784e-01 5.034050e-01 1.012247e+00 -2.154167e+00 4.989273e-01 -1.862908e+00 1.159308e+00
2.797616e-01 5.259919e-03 1.002251e+00 1.044751e+00 3.502935e-01 1.022924e+00 8.300495e-03 1.188899e+00 -1.675039e+00 -3.528089e-01 -1.547479e+00 8.772200e-01
-1.473471e-01 8.274581e-01 6.578514e-01 7.241950e-01 1.073988e+00 7.256378e-01 -2.121895e+00 -1.428110e+00 1.475828e+00 -6.154286e-01 3.816572e-01 -1.310226e+00
-4.349981e-01 1.105196e-01 -7.700764e-02 -7.151618e-02 1.003195e+00 3.906741e-01 -2.234107e-01 5.217016e-01 -1.590849e+00 -9.814072e-01 -1.067795e+00 -1.276467e+00
-4.807719e-01 -6.459770e-01 -8.528408e-01 -2.717527e-01 -8.061384e-01 -6.778790e-01 -4.426637e-01 -2.568633e-01 2.573004e+00 -5.673008e-01 5.698290e-02 -4.947049e-01
-9.902906e-01 1.279677e+00 4.434631e-01 -8.427869e-01 1.010255e+00 1.205398e+00 1.869864e+00 5.083183e-01 8.403826e-01 2.418712e+00 7.383627e-01 -2.362353e-01
-6.227325e-01 -5.135099e-01 -8.830175e-02 3.738053e-01 8.820928e-01 7.757080e-01 8.274230e-01 6.810951e-02 -4.073113e-01 -1.268892e-02 -4.351451e-01 -1.443034e+00
1.106333e-01 3.353734e+00 1.230823e+00 1.576508e+00 -8.363028e-01 1.214248e+00 4.438477e-01 -4.341811e-01 -1.450927e+00 9.545161e-01 1.555696e+00 1.643102e+00
-1.521376e-01 6.891608e+00 2.122486e+00 2.031946e+00 1.458425e+00 1.803273e+00 -4.467196e-02 -3.149331e+00 -5.910937e+00 -2.738595e+00 2.371514e+00 -6.666466e-01
-3.405903e+00 -2.053076e+00 -2.207743e+00 -2.922541e+00 -1.710616e+00 1.273156e-01 2.043119e+00 1.434749e+00 8.153983e-01 -6.580896e-01 8.789590e-01 2.386374e+00
-1.410686e-01 5.180684e-01 5.593376e-01 1.387578e+00 5.121278e-01 1.284528e+00 -6.203220e-01 2.615939e-01 2.189873e+00 -6.813585e-01 1.849867e+00 -1.594451e+00
-9.708701e-02 2.346394e+00 1.400836e+00 1.825577e+00 -7.703965e-01 -1.287796e-01 3.914327e-01 1.646907e-01 -1.881406e+00 2.949829e-01 9.043970e-01 1.422408e+00
-4.534817e-02 5.320967e-01 9.848233e-02 1.778864e+00 8.069714e-01 1.070835e+00 2.354889e-02 7.507980e-01 1.421190e+00 -8.506638e-01 2.014607e+00 -2.203782e+00
-3.060357e+00 -8.576183e-01 -5.791881e-01 -9.359131e-01 1.668863e+00 2.845747e+00 1.649215e+00 1.701561e+00 1.661950e+00 1.205253e+00 6.352583e-01 3.426125e-01
2.202465e+00 3.360201e+00 2.348379e-01 4.508731e-01 1.177969e+00 -1.372241e+00 6.353013e-01 7.731186e-01 -7.535214e-01 -9.626764e-01 -2.108521e+00 -2.966187e+00
1.984895e+00 4.433505e+00 8.342747e-02 -3.815296e-01 6.759986e-01 -8.138472e-01 3.770325e+00 1.522955e+00 -2.595164e+00 -2.479447e+00 -1.964643e+00 -1.962044e-01
