-2.355829e+00 3.460007e+00 -2.668472e+00 2.819002e+00 -5.972965e-01 9.628444e-01 -5.848743e-01 -8.463749e-01 -2.483693e+00 -1.091917e+00 1.016229e+00 -2.408854e+00
-6.784744e-01 -3.252807e+00 -4.573642e-01 -9.025262e-02 9.044396e-01 -1.410147e-01 -1.268067e-01 2.003069e+00 1.159838e+00 -1.061395e+00 -2.262805e-01 -1.510035e+00
-1.428907e+00 -1.028059e+00 -1.439687e+00 -3.297086e-01 2.360019e+00 -2.145780e+00 1.205992e-01 1.173367e+00 -1.106534e-01 -1.282528e-01 1.024905e-01 -4.144351e-01
-1.899609e+00 3.980529e-01 -3.035999e+00 -4.803957e-01 4.901578e-01 -2.163457e+00 1.199079e-01 -6.046821e-01 -2.279282e+00 1.041204e+00 1.020802e+00 4.234940e-01
-1.525492e+00 -1.730932e-01 -2.002025e+00 6.257461e-01 -2.331241e+00 -8.355938e-01 -5.822234e-02 -1.314486e+00 -1.757675e+00 1.458929e+00 1.723484e+00 9.154721e-01
4.902083e-01 -4.051136e+00 2.767460e-01 -7.068200e-01 -7.005393e-01 2.102648e+00 -5.574440e-01 1.354313e+00 1.426113e+00 -1.021341e+00 -2.510122e+00 -1.329458e+00
-9.965671e-01 -1.030992e+00 -1.084053e+00 2.895695e-01 -2.312749e+00 1.257699e+00 -7.560319e-02 6.928939e-01 -9.856620e-02 -4.147386e-01 5.047488e-01 9.809920e-01
-1.167486e+00 2.653886e+00 -1.536860e+00 1.721574e+00 -5.556535e-01 3.529240e+00 3.804286e-01 1.696744e-01 -2.608981e+00 1.799876e+00 1.001137e+00 -1.579811e+00
6.036283e+00 3.404831e-01 -2.736282e-02 -6.086825e+00 -3.953141e+00 1.633525e+00 -1.703417e+00 3.564379e-01 -5.180826e+00 -4.647369e+00 2.986169e-01 -2.630594e+00
-1.120704e+00 -9.940445e-02 -1.041044e-01 -5.058157e-01 -2.288484e+00 -3.683160e-01 1.328391e+00 3.682093e-01 4.144178e-01 2.526882e-01 -1.795000e+00 7.628495e-01
-1.304933e+00 2.617926e+00 -6.198651e-01 1.865166e+00 6.375116e-01 8.153721e-01 -1.883508e-01 4.584653e-01 -9.972233e-01 -2.053349e+00 1.925393e+00 -6.965964e-01
1.879829e+00 8.476938e-01 -3.291213e-01 -3.753933e+00 -2.205061e+00 7.822124e-01 -1.111881e-01 7.165453e-01 -2.404814e+00 -2.455201e+00 -6.807880e-01 -4.495681e-01
-9.335299e-01 -1.031229e+00 -7.107410e-01 5.229952e-01 -9.441142e-01 1.471925e+00 -6.064039e-01 -9.739841e-01 5.888169e-01 -4.349197e-01 1.507787e+00 1.023822e+00
2.672960e+00 -9.956791e-01 -7.706441e-01 -1.741128e+00 -2.535327e+00 -2.013892e+00 9.146684e-01 1.236824e+00 -2.533482e+00 -6.651098e-01 7.272328e-01 3.727281e-02
-1.069188e+00 -1.502855e-01 3.512371e-01 9.967760e-01 -7.324027e-01 2.488013e-01 3.058769e-01 6.349589e-01 1.176766e+00 -9.003490e-01 -2.755935e+00 1.582799e+00
3.024282e-02 -2.430199e+00 4.115002e-01 1.033129e+00 -1.541291e+00 2.513069e+00 -8.318602e-01 -8.573816e-01 1.982002e+00 1.549264e+00 -2.783159e+00 -6.297048e-01
8.677062e+00 3.390265e-01 6.555073e-01 -5.930754e+00 -3.859128e+00 9.957615e-01 -1.162543e+00 1.220914e+00 -4.828403e+00 -4.067302e+00 2.422885e+00 -2.834705e+00
5.490095e-01 5.291955e-01 -8.299313e-01 -3.028699e-01 1.201461e-01 1.272266e+00 4.112201e-01 -5.268891e-02 5.597731e-01 -6.482654e-01 -1.007583e-02 -7.097797e-01
5.163193e-03 3.212972e-02 -9.830982e-01 -9.496750e-01 -2.057518e+00 -1.272636e+00 -1.746540e+00 -1.144939e+00 -1.274737e+00 -1.043423e+00 -8.768631e-01 -4.264685e-01
-1.128382e-01 5.086061e-01 -5.411550e-01 -6.146094e-01 -1.213410e+00 -9.987968e-01 7.291144e-01 9.165853e-01 -2.089128e-01 1.306666e-01 1.979969e-01 1.602652e-01
5.382683e-01 2.420138e-01 -5.371931e-01 5.413223e-01 -1.039612e+00 5.852836e-01 -3.554129e-01 -1.677817e+00 -2.621358e-02 -1.760531e+00 -6.715648e-01 -1.369061e+00
1.884139e+00 -3.193248e-01 -5.411801e-01 -5.619463e-01 -1.028481e+00 -2.133466e+00 3.347946e-01 2.466429e-01 -1.001428e+00 -9.055946e-01 6.441547e-01 6.403975e-01
-8.960142e-01 -3.003340e-01 9.851936e-01 -5.312181e-01 -7.815021e-01 2.029691e+00 9.142655e-01 1.719135e+00 -7.184860e-01 -8.037180e-01 9.775139e-01 5.506513e-01
-4.919601e-01 6.350939e-01 -9.830474e-01 -1.776489e+00 -8.987010e-01 -6.785978e-01 -7.496547e-01 -4.604392e-01 -2.174427e+00 -7.806338e-01 -3.215459e-01 3.762158e-01
-2.923788e-01 8.704876e-01 -2.766845e-01 -3.336679e-01 -9.970131e-02 -7.192151e-02 6.621510e-01 1.778228e+00 -1.521957e+00 2.036587e-01 3.781210e-01 7.556535e-01
-1.199506e+00 -3.025304e-01 -1.612544e-01 7.997033e-01 2.061111e-01 8.662079e-01 -3.967577e-01 -4.311861e-01 1.173967e+00 4.978537e-01 -9.435916e-01 3.105701e-01
-8.612099e-01 3.958553e-01 -1.309115e-01 -1.145767e+00 -2.313299e+00 -2.189443e+00 -1.056580e+00 -4.453210e-01 -2.073766e+00 -1.283418e+00 -7.469729e-01 -2.881530e-01
-9.547876e-01 7.431852e-01 1.108311e+00 -1.588708e+00 -2.563617e+00 2.567221e+00 2.264865e+00 7.004640e-01 -8.315819e-01 -2.171749e+00 1.031037e+00 -4.047036e-01
-4.967836e-01 9.677863e-01 4.128192e-01 1.792924e+00 1.823668e+00 2.516015e-01 -1.208000e+00 -8.502285e-01 -1.735901e+00 5.935500e-01 4.085282e-01 7.260329e-01
-8.565140e-01 3.910917e-01 -1.811025e-01 1.417166e+00 2.300419e+00 1.139734e+00 -1.279272e+00 -8.886965e-01 2.880043e-01 1.336492e+00 -4.150075e-01 7.424587e-01
-4.504898e-01 7.838007e-01 4.831783e-01 1.738394e+00 1.068312e+00 9.883851e-01 -2.216829e-01 6.485958e-01 4.242708e-01 -1.167075e+00 -7.327758e-01 -1.058543e+00
2.912557e-01 -1.426400e-01 -1.216053e+00 -1.095664e+00 -2.689481e-02 9.592593e-01 1.013357e+00 -1.212889e+00 -1.575057e-01 2.006249e+00 1.785854e+00 1.749951e+00
3.777571e-02 1.513295e-01 5.003309e-03 5.208749e-01 -1.152542e+00 -1.243034e+00 1.338786e-01 3.491071e-01 5.047085e-01 -1.562073e-01 1.188187e-01 7.000550e-01
1.762785e-01 3.657534e-01 9.070767e-01 1.450653e+00 8.497762e-03 -8.170096e-01 -4.584311e-01 4.177207e-01 -8.811274e-01 -1.500851e+00 -7.112416e-01 4.050237e-01
-8.633770e-01 -8.691877e-01 1.293036e+00 8.949221e-01 -6.585754e-01 4.333082e-01 -1.364809e+00 7.025578e-01 1.959505e+00 -6.676419e-01 -1.290251e+00 7.300658e-01
-2.793708e-01 -1.724277e+00 -2.920977e-01 -7.463650e-01 1.082838e+00 1.046713e+00 1.540513e+00 -1.665051e+00 -4.993797e-01 3.202815e-02 5.726434e-01 2.046200e+00
-3.136177e-02 -2.058793e-01 -4.063612e-01 3.006328e-01 -2.025701e+00 -1.121610e+00 -2.359897e-01 2.943068e-01 6.899400e-01 -5.604926e-01 4.115038e-01 -6.205626e-01
-8.458004e-02 1.701325e+00 -4.711398e-02 9.651229e-01 5.263120e-01 -2.657055e-01 -2.472204e-01 -7.757583e-01 2.396585e-01 6.345276e-02 4.653745e-01 -1.393852e+00
-3.086526e-01 4.725122e-03 3.403073e-01 1.602023e+00 3.816010e-01 -1.407151e-02 6.337118e-01 -5.330218e-01 -2.443230e-01 6.142166e-01 -1.290982e-02 -5.710326e-01
-1.373014e-02 -6.111813e-01 -2.833321e-01 -9.377022e-01 -5.739284e-01 1.140035e+00 -7.309539e-01 -1.511488e+00 -1.981498e-01 -5.781146e-01 1.663109e+00 5.364338e-01
6.927681e-02 -1.920600e-01 -1.151936e+00 -8.716413e-01 -5.480652e-01 6.215840e-01 5.420342e-01 -5.575042e-02 -9.083320e-01 2.212174e-01 8.414469e-01 -1.015996e+00
1.463100e+00 -1.186236e-02 -1.391987e-01 -1.032215e+00 -1.640721e+00 -1.018744e+00 5.719462e-01 -1.277479e-01 -1.997005e+00 -1.498385e+00 -6.175029e-01 -7.820703e-01
9.769594e-01 9.843447e-01 -3.625503e-01 -4.944487e-01 1.262526e+00 1.233775e+00 6.735951e-01 1.233199e+00 1.644934e+00 7.790128e-01 5.518622e-01 -4.173689e-01
-9.401035e-02 -2.027841e-01 1.021234e-01 -4.356059e-01 4.639149e-01 8.932747e-01 3.855147e-01 8.042814e-01 -5.224164e-01 1.169772e+00 1.292388e+00 1.404992e+00
-3.388245e-01 -2.519039e+00 -1.051491e+00 -2.661754e-01 1.787487e+00 1.410630e+00 3.370249e+00 -2.548877e+00 -1.045370e+00 -6.970085e-01 -5.648637e-03 2.580311e+00
-3.215648e-01 -4.050333e-01 3.313241e-01 5.211105e-01 1.001444e+00 1.528070e-02 -3.159381e-01 -5.572254e-01 1.402950e+00 8.596226e-01 -5.092427e-01 1.656958e+00
8.401737e-02 5.832717e-01 8.719336e-01 1.130927e+00 1.509269e+00 3.426946e-01 1.062498e-02 2.397333e-01 -2.078931e+00 -2.453520e+00 -1.041681e+00 -1.551818e-01
3.423445e-01 8.435219e-01 -1.699417e-02 3.947203e-01 -6.083443e-01 4.523006e-01 -5.201672e-01 -1.166772e+00 -1.897013e+00 -1.535028e+00 -8.262296e-01 -2.195476e+00
-2.349550e-01 -4.177923e-01 2.486047e-01 5.482725e-01 9.638697e-01 1.188154e+00 -6.542301e-03 -9.325702e-01 -2.332033e-01 1.856246e-01 1.241619e+00 9.572214e-01
-8.892135e-02 -9.488254e-01 3.305444e-01 -2.398409e-01 8.772491e-01 -2.305147e-01 8.511783e-01 -1.015883e+00 2.760608e-01 1.082514e+00 8.839277e-01 1.270820e+00
-1.495780e-01 1.110928e-01 -1.677815e-01 3.070953e-01 3.622463e-02 -6.797685e-01 6.596419e-01 1.685749e+00 6.001384e-01 -1.540987e-01 -8.282341e-01 1.277709e+00
-8.929873e-02 1.752861e-01 -5.719829e-02 1.921440e-01 1.549250e-01 5.557441e-01 1.306968e+00 -1.905026e-01 1.339262e+00 1.876463e+00 4.915672e-01 1.381361e+00
-4.725356e-02 1.712357e+00 -4.177429e-01 -7.188381e-01 -3.209118e-01 -1.130205e+00 1.896567e+00 -9.832757e-01 1.198737e+00 -2.448647e-01 -1.986781e+00 5.807375e-01
4.561520e-02 1.665477e-01 5.494861e-01 1.530075e-01 -7.092146e-01 -6.209484e-01 8.319192e-01 -9.700627e-01 -2.563443e-01 1.922810e+00 -1.051052e-01 3.777890e-02
8.046057e+00 1.489654e+00 1.157020e+00 -4.117107e+00 -1.611693e+00 -2.504391e-01 -1.597239e+00 1.707419e+00 -3.036620e+00 -1.176422e+00 2.317979e+00 -1.526087e+00
-6.115486e-01 -6.957694e-01 -7.038848e-02 1.135725e+00 1.484975e+00 7.480856e-01 -3.285615e-01 -2.101116e-01 1.492351e-02 3.387262e-01 3.838472e-01 -1.047175e+00
7.029448e-02 2.522573e-01 -1.415660e-01 -8.146845e-01 -6.736757e-01 -5.705602e-01 3.783557e-01 5.634476e-01 -6.435149e-01 -7.050323e-01 -6.499497e-01 4.595925e-01
-1.455131e-01 4.845045e-01 4.591146e-01 5.180850e-01 9.762069e-01 -1.014904e+00 -1.207349e+00 7.491477e-01 8.181693e-01 1.276192e-01 -8.140912e-01 2.896986e-01
1.104649e-01 -6.306876e-01 9.633647e-02 1.716816e-01 -1.884632e-02 -6.663246e-01 -4.683072e-01 7.121609e-01 -7.132969e-01 -2.581878e-02 -3.701776e-01 9.064123e-01
-6.508223e-01 -5.115304e-02 -4.333691e-01 -7.621332e-01 -9.279019e-01 6.122250e-01 1.186420e+00 3.366280e-01 1.209408e+00 -5.211153e-01 -7.669820e-01 -1.685986e+00
1.549718e-01 2.682369e-01 -3.626079e-01 6.886579e-01 5.767562e-01 -1.726453e+00 -8.896289e-01 1.267437e-01 8.165232e-01 -2.876076e-01 7.438517e-01 5.718162e-01
-3.504727e-01 -7.025308e-01 -1.737616e-01 -2.025979e-01 -7.270400e-01 -6.198738e-01 -4.703241e-01 1.324420e-01 2.187137e+00 3.599442e-01 -8.554106e-01 -4.884540e-01
-1.341874e-01 -3.144334e+00 -1.549471e+00 5.542768e-01 2.128740e+00 1.399951e+00 3.802900e+00 -2.505497e+00 -1.173735e+00 -4.008504e-01 -3.968201e-02 2.790354e+00
2.792860e-01 -4.768923e-01 -6.554133e-01 -1.696777e-01 -3.175057e-01 -7.089448e-01 -6.855051e-01 1.359988e+00 -8.525076e-02 3.159544e-01 4.377838e-01 1.119817e-01
2.323699e-01 8.013426e-01 2.373709e-01 -5.397965e-01 6.744965e-01 4.463734e-01 2.702280e-01 4.911687e-01 -8.907174e-01 -2.444722e+00 -2.052685e+00 -2.256794e-01
2.029765e-01 2.792597e-03 -4.407846e-01 -1.036717e+00 -3.102928e-01 8.803770e-01 1.413788e-01 9.270111e-01 -1.062415e-01 -1.303432e+00 2.098021e-02 -3.780597e-01
-1.851959e-01 -8.183635e-01 -3.962260e-01 2.713567e-01 8.699965e-01 1.822382e+00 5.553669e-01 4.447607e-01 4.544535e-01 -5.615392e-01 1.260787e+00 1.289198e-01
5.307684e-02 6.329919e-01 -1.568876e-01 -1.304671e+00 -1.175952e+00 -1.957748e-01 1.363387e+00 2.451674e-02 7.330551e-01 1.013256e+00 -1.611868e-01 2.138568e-01
-7.661887e-02 6.128106e-01 1.002392e+00 2.001640e-01 -5.117459e-01 7.805384e-01 3.989460e-01 -5.759913e-01 -1.370563e+00 -4.157565e-01 2.316442e-01 4.145659e-01
-2.765842e-01 -3.268588e+00 -1.943740e+00 1.861374e+00 2.295412e+00 7.528538e-01 2.897155e+00 -2.668594e+00 -1.156599e-01 6.878904e-01 4.520158e-01 2.012479e+00
5.076755e-01 8.144353e-01 -8.337281e-02 -9.199147e-02 -1.290958e-01 4.930158e-01 -9.990839e-01 -6.723964e-01 -1.828393e+00 -1.673702e+00 -8.379653e-01 -2.857480e+00
6.463412e-01 1.787123e+00 -4.839630e-02 -2.291786e-01 4.963398e-02 -1.025021e+00 2.510925e+00 -3.518054e-01 2.057872e+00 8.968353e-01 -1.568965e+00 9.203777e-01
2.903004e-02 1.692091e-01 -2.045059e-01 -8.109598e-01 -5.539367e-01 4.261083e-01 1.210251e+00 6.178480e-01 -5.161659e-01 -1.312274e+00 1.361470e-01 2.190611e-01
-4.090896e-01 5.146588e-01 7.285733e-01 8.795956e-01 3.116484e-01 -7.179152e-01 -1.197152e+00 1.499511e+00 1.305637e+00 -7.762709e-01 3.311174e-01 1.508686e+00
1.983125e-01 6.360079e-01 5.236925e-01 6.581888e-01 -1.092258e-02 -6.393596e-02 -1.087823e+00 6.693636e-01 9.187012e-01 -1.721763e-01 -8.823694e-01 -1.394559e+00
-4.200962e-01 -1.286251e-01 1.908145e-02 8.572006e-02 3.531603e-01 -1.594123e-01 4.740934e-01 -2.086396e-01 1.033436e+00 9.812011e-01 6.167923e-01 7.378858e-01
-9.251753e-01 -2.746357e+00 -1.764991e+00 2.800002e+00 2.996495e+00 -5.670978e-02 1.180848e-01 -1.548389e+00 6.235595e-01 1.362966e+00 1.190902e+00 7.631677e-01
8.043612e-01 1.117157e+00 5.030671e-01 -2.345036e-01 -8.733212e-01 -9.617020e-01 2.322718e+00 -1.563812e-01 1.447077e+00 8.195359e-01 -1.582493e+00 2.024671e-01
-1.249809e+00 -2.613164e-01 4.162859e-01 1.256495e-01 8.839853e-01 -6.005846e-01 -6.786124e-01 1.725614e+00 1.166533e+00 -4.129948e-01 1.397782e+00 2.547085e+00
-1.986531e-01 9.821461e-01 2.063438e-01 -8.402890e-01 -5.295926e-01 6.022772e-01 -6.834695e-01 -1.272120e+00 -9.502302e-02 -8.211877e-01 2.941654e-01 7.668660e-01
1.594967e-01 1.217963e-01 2.392624e-01 2.808357e-01 9.012667e-01 -1.264009e+00 6.731949e-01 -5.135810e-01 1.393583e+00 8.971401e-01 8.515643e-01 8.843981e-01
5.947794e-01 1.246763e+00 1.013019e+00 -2.430744e-01 -8.495033e-01 -3.021333e-01 8.992153e-01 6.571420e-01 1.564971e+00 8.166167e-01 -1.507218e+00 2.205434e-01
5.847820e-01 7.265036e-01 -5.218140e-01 -1.038937e-01 1.771741e+00 -2.949311e-01 -1.387723e-01 -1.578029e+00 -5.802404e-01 1.682042e+00 8.483187e-01 1.062482e+00
-8.198351e-01 1.803106e-01 6.969183e-01 5.429481e-01 5.953129e-01 -6.925454e-01 4.300981e-02 7.522202e-03 1.689259e+00 5.385669e-01 -3.553270e-01 -4.308442e-01
4.591200e-01 1.758034e+00 8.658384e-01 -1.662483e-01 -4.720457e-01 -2.384698e-01 -3.121547e-01 7.083364e-01 1.687934e+00 1.608899e+00 -1.582850e+00 3.893578e-01
-1.893219e-01 1.877980e+00 2.020550e-01 -1.208488e+00 2.731584e-01 4.027290e-01 -5.784023e-01 -7.825710e-01 -1.451477e-01 -5.749904e-01 2.106529e-01 2.058352e+00
-1.195922e+00 -1.351713e-01 5.892065e-01 -5.625125e-01 -5.136377e-01 -1.392387e+00 3.852921e-01 1.942297e+00 1.065018e+00 3.856708e-01 6.457232e-01 -3.849116e-01
3.711184e-01 1.234318e+00 1.524164e-01 6.750109e-01 3.876055e-01 -1.289621e+00 1.734833e-01 1.875472e-02 1.742505e+00 9.773577e-01 7.311051e-01 5.635425e-01
4.881541e-01 1.264871e+00 -1.425662e+00 1.760685e+00 3.429672e-01 3.627702e-01 -2.238286e+00 2.183284e+00 4.717700e-01 -1.083024e+00 -2.811108e+00 -8.407593e-02
-3.773495e-01 2.241801e+00 4.520795e-01 -4.495298e-01 6.793396e-01 4.536183e-02 -5.461735e-01 -1.137728e-01 5.542292e-01 8.589882e-01 8.745543e-01 2.074917e+00
2.570472e-01 2.236045e+00 5.575199e-01 1.292396e-01 3.059389e-01 -6.560053e-01 -1.148370e+00 9.354372e-01 1.984681e+00 1.444284e+00 -6.298310e-01 6.853703e-01
-6.733747e-02 4.957799e-01 -5.662369e-01 2.212586e+00 1.273548e+00 2.022458e+00 -1.570231e+00 2.584183e-01 -1.787117e+00 -6.120008e-01 -2.231968e+00 -5.860029e-01
-9.276525e-01 2.309592e-01 -2.243602e-03 -6.665319e-01 -1.383617e-02 -1.824284e+00 -1.777143e-01 8.792928e-01 -2.006203e+00 3.019834e-02 1.434208e+00 1.534827e+00
-1.028551e+00 -1.731015e+00 -1.189655e+00 2.935001e+00 3.339200e+00 -5.951769e-01 -1.265955e+00 -5.362819e-01 1.498157e+00 1.226764e+00 1.026143e+00 -7.861060e-01
3.861769e-01 2.141885e+00 1.255553e-01 7.379586e-01 6.106707e-01 -1.258856e+00 -6.914301e-01 4.753477e-01 2.439953e+00 1.087138e+00 3.482871e-01 7.080500e-01
7.394581e-01 1.350321e+00 -8.667368e-01 -6.672860e-01 1.087739e+00 -1.277886e+00 6.201434e-03 -2.190975e+00 2.680412e-01 2.872971e+00 6.968017e-01 -1.154234e+00
6.646796e-01 4.048214e-01 -1.392644e+00 2.725043e+00 7.265045e-01 -1.152884e+00 -2.372993e+00 2.882835e+00 1.685749e+00 -1.133355e+00 -2.723439e+00 -4.056520e-02
-1.854652e+00 -1.104141e+00 5.139276e-01 -6.323137e-02 6.666317e-02 -7.608478e-01 2.280418e-01 2.965371e-01 -1.186337e+00 -6.141021e-01 1.700224e+00 2.087658e+00
3.211043e-01 8.904920e-02 8.778534e-02 -5.881299e-01 -3.397594e-01 1.616907e+00 4.410821e-01 3.186024e-01 6.000599e-01 2.888978e+00 -8.100490e-02 -1.119467e+00
-5.651349e-01 -1.310488e+00 -8.352011e-01 3.434576e+00 2.445816e+00 -1.051471e+00 -1.892565e+00 9.317650e-01 2.294825e+00 2.403623e-01 -1.028732e+00 -1.548119e+00
-1.336570e+00 1.325594e+00 1.235622e-01 1.167420e+00 1.942160e+00 -9.525116e-02 -8.585082e-01 -1.345413e+00 2.241086e+00 5.327596e-01 -3.533700e-01 7.849239e-01
9.771107e-01 4.172949e-01 -1.774672e-01 5.142269e-02 1.442120e+00 -4.859420e-01 1.396009e-01 7.831649e-02 -1.367557e+00 -2.867585e-01 1.356138e+00 -5.254585e-01
3.909535e+00 2.037084e+00 1.433917e+00 -2.551184e-01 8.616745e-01 -5.714980e-01 5.419674e-02 6.567725e-01 1.137898e+00 8.489849e-01 1.052107e+00 -7.349489e-01
-1.601002e+00 8.767149e-01 -4.366151e-01 1.183565e+00 -2.006795e-01 1.442048e+00 -6.994056e-01 -2.586735e+00 2.630800e+00 1.596516e+00 -2.613991e+00 3.369317e-01
1.006230e-01 -4.582100e-01 -4.255083e-01 3.164815e+00 1.543452e+00 -1.249807e+00 -2.283643e+00 2.082474e+00 2.024518e+00 -4.523568e-01 -2.751537e+00 -1.203377e+00
-8.148804e-01 -2.097911e-01 5.966530e-01 3.033870e+00 1.778672e+00 3.640189e+00 -1.351705e+00 -3.760615e-01 -1.760332e+00 -7.811609e-01 -1.722933e+00 -1.251207e+00
1.593316e+00 -3.847966e-02 9.671965e-01 -1.175861e+00 1.436930e-01 -2.548593e-01 -4.889650e-01 -1.004452e-01 -1.111877e+00 -1.001063e+00 6.350916e-01 -1.298990e+00
-5.394080e-01 -7.404232e-03 7.142730e-01 -9.297588e-01 6.429842e-01 -3.330018e+00 1.387953e-01 -6.310862e-01 -2.194473e+00 -1.998663e+00 4.858252e-02 6.783425e-01
-2.506084e+00 -1.206631e+00 1.281268e+00 -1.910451e-01 -1.178998e+00 -1.835276e+00 -4.528943e-01 -1.945403e+00 -5.979171e-01 -2.151043e-01 6.634374e-01 1.043004e+00
-1.371818e+00 -9.989303e-02 2.480158e+00 2.292801e+00 1.856805e+00 3.817570e+00 -1.288367e+00 -1.008749e-01 -6.197367e-02 4.447924e-01 -9.691163e-01 -1.831154e+00
1.888795e+00 -9.343344e-01 9.318548e-01 -1.443409e+00 6.501154e-01 -7.996292e-01 -1.386516e+00 -1.728842e-01 -1.307965e+00 -1.267946e-01 2.213850e+00 -1.547312e+00
-1.570739e+00 -1.266789e-02 2.885513e+00 9.262481e-01 9.911436e-01 2.037182e+00 4.964713e-01 6.769117e-01 1.337756e+00 7.215189e-01 1.183643e+00 -1.643069e+00
-2.668000e+00 -3.495277e-01 3.416600e+00 -5.851737e-01 -2.200728e+00 -9.104279e-01 1.048423e+00 -2.723060e+00 -6.768247e-01 4.342691e-01 9.148065e-01 -1.923827e-01
-2.224852e+00 6.491457e-01 4.486918e+00 -9.418827e-01 -2.572795e+00 -8.859397e-01 1.132498e+00 -2.297697e+00 2.127036e+00 2.337416e+00 1.844074e+00 -6.636199e-01
-2.002470e+00 1.333081e+00 3.942870e+00 -1.394252e+00 -9.633940e-01 7.148259e-01 1.637929e+00 7.871838e-02 3.119708e+00 2.050808e+00 1.916370e+00 -1.329259e+00
2.141924e+00 -2.042321e+00 1.607566e+00 -2.377920e+00 2.267173e-01 -1.369857e+00 -5.271295e-01 -3.432670e-01 4.466122e-01 1.390071e+00 -2.704787e+00 -4.601170e-01
1.562940e+00 -1.986494e+00 1.687451e+00 -2.264188e+00 7.406451e-01 -2.920569e+00 1.941264e-01 -5.662451e-01 -8.370037e-01 -1.139700e+00 -6.078975e-02 1.116539e+00
