-1.841259e-03 -9.721681e-01 -4.006323e+00 -3.073530e-01 -2.683977e+00 -1.974659e+00 -2.686020e+00 -3.026101e+00 -1.586580e+00 -6.235514e-01 -1.545851e+00 5.374147e-01
-3.500950e+00 -2.738596e+00 -2.795825e+00 2.005177e+00 -1.264172e+00 -1.476607e+00 -2.556668e+00 -1.179715e+00 -7.636250e-01 -9.398804e-01 -2.102379e+00 -1.706560e+00
3.105158e+00 3.578496e-01 -4.244545e+00 -2.163444e+00 -3.416772e+00 -7.761608e-01 -1.450633e+00 -3.228492e+00 -2.085425e+00 5.962155e-01 -5.374116e-01 1.905977e+00
-3.284712e+00 -1.080234e+00 -8.263006e-02 7.845460e-01 -8.371512e-01 -1.359831e+00 -6.566563e-01 -1.540584e-01 -3.267666e-01 6.874655e-01 -7.684471e-01 6.673595e-01
-1.485075e+00 -2.448328e+00 -1.189289e+00 7.418887e-01 -2.439109e+00 -1.986955e+00 -6.405414e-01 -1.587660e+00 1.783513e-01 1.058763e+00 -8.290862e-01 1.093559e+00
-3.750979e+00 -3.380113e-02 -1.068089e+00 -5.695571e-01 6.275855e-01 -3.556097e-01 -4.814442e-01 3.622323e-01 -1.096562e-01 1.821265e+00 -1.547897e-01 5.566112e-01
-6.565871e+00 -2.746295e+00 1.481281e-01 3.887791e+00 -6.302516e-01 -8.452171e-02 -5.267860e-01 1.052957e+00 5.263275e-01 -1.466431e+00 -1.705358e+00 -1.531301e+00
-2.487388e+00 3.299134e+00 -8.963693e-01 2.502469e+00 -3.322287e-01 1.150973e+00 -9.367942e-01 -1.302033e+00 -2.007540e+00 9.315783e-01 1.227005e+00 3.369090e-01
6.565014e-01 -1.900771e+00 -2.124762e+00 -5.794796e-01 -4.099412e+00 -2.888935e+00 1.120642e-01 -8.675059e-01 -9.644779e-01 -1.315498e+00 -1.388316e+00 1.662023e+00
3.254977e+00 5.384358e-01 -3.990212e+00 -1.853976e+00 -2.365914e+00 3.217466e-01 -4.401604e-01 -1.045146e+00 -2.929404e-01 1.173243e+00 -5.091841e-01 1.089489e+00
-2.808775e+00 3.539241e-01 -2.063334e+00 -9.550508e-01 9.775632e-01 5.471005e-01 3.018203e-02 -2.340155e-01 -1.087541e-01 9.836397e-01 -1.038828e+00 9.851602e-01
-1.229263e+00 1.006291e+00 -1.450300e+00 1.140354e+00 -1.410816e+00 -1.893276e+00 -8.476685e-01 -3.756522e+00 2.557096e+00 -1.288542e+00 4.682212e-01 -2.542694e+00
-2.463493e+00 2.905222e+00 9.143938e-01 2.189360e+00 -1.526308e-01 2.163913e+00 2.227060e+00 6.286914e-01 -1.208342e+00 9.226660e-01 3.892661e-01 2.540160e-01
-9.968027e-01 9.012149e-01 -1.039831e+00 1.690284e+00 -2.176829e-02 2.660403e-01 1.139857e+00 -4.584022e-01 -8.833959e-01 -1.417776e+00 -1.434731e+00 -3.733391e-01
-1.936258e+00 1.224705e+00 -2.293026e+00 8.721601e-01 -2.842192e-01 4.551611e-01 1.353053e+00 -7.730751e-01 1.191919e-01 6.524067e-02 -1.110718e+00 1.075345e+00
-3.631752e+00 -1.856187e+00 -6.862753e-01 1.973849e+00 -7.183283e-01 -6.742941e-01 2.294927e-01 1.713139e+00 9.047343e-01 -5.168253e-01 -1.737821e+00 2.224824e-01
-8.137617e-01 9.297010e-01 -3.282071e-01 1.290530e+00 -1.010233e+00 -6.335153e-02 5.940157e-01 -1.546735e+00 1.784332e+00 -1.882531e+00 4.499434e-01 -1.304323e+00
-8.633980e-01 8.289158e-01 -5.922318e-04 -1.460102e-01 1.105078e+00 -9.137255e-01 4.227294e-01 -3.027317e-01 -1.151947e+00 -8.466519e-01 -5.119876e-01 1.045924e+00
2.560469e+00 -9.735970e-01 -2.631925e+00 -1.933496e+00 -2.937758e+00 -7.804551e-01 5.024782e-01 -9.494402e-01 -1.962947e+00 -1.726185e+00 -8.223217e-01 5.165078e-01
-1.222379e+00 9.394218e-01 -1.859898e-02 1.637876e+00 9.408638e-01 1.028515e+00 -7.873618e-01 -1.535815e+00 -1.536086e+00 1.381819e+00 2.035132e+00 1.143705e+00
-1.347224e+00 1.500140e+00 -1.548086e+00 2.391730e+00 -2.071623e-01 2.317053e+00 1.774379e-01 -2.379131e+00 1.940764e+00 -1.300137e-01 -1.516503e+00 -2.176475e-01
-5.308889e-01 3.767049e-01 4.892349e-01 4.390484e-01 -1.476864e+00 4.503140e-01 4.884692e-01 7.695710e-01 -2.711591e-01 1.709757e-01 -3.170957e-01 -2.282417e-01
-7.153879e-01 5.592446e-01 1.096890e-02 1.912433e+00 -5.071075e-01 -1.236639e+00 9.883375e-01 1.446497e-01 -1.143725e-01 7.147403e-01 -4.095763e-01 -1.063768e+00
-2.049015e-01 -4.380473e-01 1.380506e-01 2.028946e-01 -1.205897e+00 -4.453259e-01 4.534028e-01 -2.226712e+00 1.231312e-01 2.304298e+00 -3.164555e-01 2.238034e-01
-9.043308e-01 2.086847e+00 -2.087212e-03 2.904991e+00 4.347883e-01 3.028889e+00 2.614165e-01 -1.324158e+00 9.223504e-01 -9.353138e-01 -5.298638e-03 5.236430e-02
1.197638e+00 -2.656333e+00 1.406096e+00 -1.300134e+00 -1.372378e+00 6.269816e-01 -3.122312e-01 4.331224e+00 1.573677e-01 1.443437e+00 -1.229564e-01 3.644394e-01
-1.263481e+00 -5.003539e-01 -1.018240e+00 -3.270289e-01 -2.165870e-01 -2.120917e-01 3.455585e-01 9.826584e-01 5.605661e-02 -7.498292e-01 1.293238e+00 2.950665e+00
-9.344391e-01 3.231394e-01 2.650909e-01 -1.443232e+00 2.096248e+00 -4.500574e-01 2.024766e+00 5.339996e-01 -8.986855e-01 5.954882e-01 -2.218072e-01 1.560944e+00
-4.089342e-01 -9.706638e-01 1.261851e+00 -6.706095e-01 -8.409550e-01 -7.487680e-01 -6.016337e-01 -1.071917e+00 -2.846575e-02 2.144128e+00 -1.290646e-02 -4.264950e-01
-1.067165e+00 1.470366e+00 7.789541e-01 1.212362e+00 8.569075e-01 1.970462e+00 1.015155e+00 -5.681386e-02 5.362517e-01 -1.234276e-02 3.532473e-01 -2.524954e-01
-5.867672e-01 2.030417e-01 -8.176100e-01 9.211815e-01 3.264832e-01 -5.398532e-01 -3.689948e-01 -2.116124e+00 1.487224e+00 2.069145e-01 8.468403e-01 -1.490320e+00
-8.538620e-01 1.453975e-01 -8.132117e-01 5.581509e-01 -7.015684e-01 -7.304164e-01 4.192491e-02 -5.847493e-01 -6.218448e-01 1.795993e+00 1.599986e+00 2.845790e-01
2.702782e-01 -1.142948e-01 -9.793413e-01 2.312141e-02 -2.186570e+00 3.154876e-02 1.886466e+00 -3.946888e-01 1.901295e+00 2.780438e+00 -2.760615e-02 -6.658635e-02
7.248382e-02 -4.207932e-01 -3.260345e-02 -8.231937e-01 4.809625e-01 -3.435680e-01 -1.685850e+00 7.812835e-01 -2.003883e+00 -1.480259e+00 5.814024e-01 7.850484e-01
7.748987e-01 -1.023694e+00 -8.775128e-01 5.883246e-02 6.793203e-02 -9.822764e-02 -1.850882e+00 -2.029476e-01 -2.165936e+00 -1.497344e+00 2.881081e-01 3.683556e-01
-8.268389e-01 5.948735e-01 8.967227e-01 4.156482e-01 1.064412e+00 5.428419e-02 -1.632642e+00 1.920252e-02 -1.353886e-01 3.802186e-01 5.133893e-01 -7.433206e-01
-7.750591e-01 -1.378803e+00 1.930893e+00 -1.554017e+00 -9.999908e-01 5.997791e-01 6.519511e-01 6.498954e-01 -1.039119e+00 9.621421e-01 3.934246e-01 -7.442780e-01
-4.766309e-01 9.363278e-02 3.475635e-01 2.613181e-01 8.201950e-01 2.719063e-01 -1.598365e+00 -9.852745e-02 5.203338e-01 2.535221e-01 -8.406679e-02 8.707420e-01
5.585197e-01 -7.526526e-01 3.439985e-01 -7.324413e-01 1.001123e-01 -7.574882e-02 3.567073e-01 1.943096e+00 8.425792e-01 1.758775e+00 1.180172e+00 -3.141668e-01
-4.574752e-01 -3.312734e-01 4.424827e-01 4.869924e-01 -6.115771e-01 -7.348788e-01 -1.092481e+00 -3.493730e-01 -6.247638e-01 -1.628433e-01 1.408482e-01 -7.700734e-01
2.513409e-02 -1.130390e+00 1.192374e+00 -8.034792e-01 -8.269472e-01 -1.282422e+00 -6.110608e-01 -2.812614e-01 1.514991e-01 1.770176e+00 -8.621270e-01 -1.054836e+00
-5.072498e-01 7.554147e-01 -9.686384e-02 -2.941957e-01 1.357753e+00 -1.918838e-01 9.705024e-01 1.375162e+00 8.977233e-01 -8.856058e-03 2.078603e+00 1.801228e+00
2.341558e-01 -1.016322e+00 -6.438055e-02 -7.699295e-01 6.753174e-01 7.125115e-03 -6.916200e-01 1.812659e+00 -9.976401e-02 -1.060125e+00 1.479822e-01 3.166403e-01
-7.220547e-01 -4.543648e-01 -3.150443e-01 8.540101e-01 -9.730490e-01 -1.549098e+00 -5.369622e-01 -3.132673e-01 -3.668984e-01 1.486009e+00 1.818799e+00 -3.500573e-01
6.698920e-01 -2.635897e-01 -4.813804e-02 -4.888343e-01 -8.627987e-02 4.612514e-01 6.739289e-01 5.867850e-01 1.270862e+00 1.783947e+00 1.577418e+00 8.732408e-01
-1.562717e-01 -3.321190e-01 -3.377629e-01 -5.796298e-01 -8.077728e-01 -7.405687e-01 -1.276950e+00 6.200094e-01 -9.541354e-02 -8.974776e-01 -1.559047e-01 1.065689e-01
-1.246798e-01 2.920251e-01 5.020541e-01 2.518504e-01 -7.133383e-01 8.651583e-01 3.916825e-02 -7.787774e-01 2.392661e-01 -2.926970e-01 -9.574331e-01 -1.244061e-01
-2.092279e-01 1.697795e-01 -1.659252e-01 -3.026511e-01 1.641069e+00 9.756516e-01 -1.495217e+00 7.476946e-01 7.022198e-01 2.301781e-02 -1.043954e-01 6.985939e-01
6.457176e-02 7.357415e-01 1.050365e-01 -5.031416e-01 -4.499407e-02 1.321833e+00 3.975934e+00 3.237714e+00 1.673063e+00 4.188501e-01 1.030546e-01 -3.435798e-02
3.689608e+00 -2.859608e+00 2.654819e+00 -8.940718e-01 -3.417929e+00 -1.529685e+00 -3.127319e+00 2.761312e+00 -1.059736e+00 -2.431768e-01 -2.781739e-01 4.051319e-01
3.339406e-01 4.149956e-01 2.025943e-02 -8.802646e-02 1.359820e-01 2.693222e-02 -7.175099e-01 8.920941e-01 -6.123477e-01 -9.145597e-01 -1.825803e-01 2.269973e-01
2.104916e+00 3.305549e-01 -2.736831e+00 -1.976150e+00 -1.857854e+00 4.859655e-01 7.262245e-01 1.257149e+00 1.468866e-01 -1.270118e-01 2.323640e-01 -2.516790e-01
-6.470291e-01 -1.556914e+00 1.979753e+00 -6.613423e-01 -9.998344e-01 1.343377e+00 1.065583e+00 -8.216753e-02 -4.811184e-01 3.179276e-03 -9.352827e-03 -1.140623e+00
1.105454e+00 -9.213403e-01 -1.556223e+00 -6.975303e-02 8.523184e-01 2.175359e-01 -1.883118e+00 5.246046e-01 -9.882350e-01 -9.968492e-01 5.716528e-01 3.937393e-01
-8.210697e-01 -4.595290e-01 -3.317121e-02 -5.953414e-01 -2.651110e-01 -1.382333e-02 1.903212e-01 2.985088e-01 -3.595619e-01 -1.387143e-02 5.610587e-01 2.783806e-01
-5.397296e-01 -6.865374e-01 -5.865209e-01 -4.740437e-01 1.753427e-02 -1.818966e+00 -4.785572e-01 1.221365e+00 2.982287e-01 -3.177142e-02 1.642995e+00 3.672442e-01
-5.395963e-01 3.336039e-01 7.787133e-01 -8.381875e-02 -9.908754e-01 -1.377520e+00 -3.688871e-01 2.208860e-01 6.308160e-01 3.470736e-01 -2.749760e+00 -3.733711e-01
5.352103e-01 3.109779e-02 -8.544804e-01 -1.421304e-01 2.927246e-01 8.319890e-01 3.646623e-01 -4.584768e-01 9.760441e-01 1.267552e+00 1.205953e+00 1.310682e+00
-3.553925e-01 3.471161e-01 5.193298e-01 3.228762e-01 -8.819954e-01 -7.899402e-01 1.308461e+00 8.408483e-01 6.580149e-01 4.153944e-01 -1.834719e+00 -1.091425e-02
4.475157e-01 2.528118e-01 -2.940899e-01 -3.263491e-01 5.802306e-01 -2.471826e-01 -2.326734e-01 4.875540e-01 -7.400233e-01 -1.124337e+00 -1.142214e+00 -1.160253e+00
-1.234209e-01 -1.604755e-01 -9.004945e-01 -1.157722e+00 -7.976163e-01 -6.779906e-01 4.170392e-01 -1.492767e-01 -5.937065e-01 1.366612e+00 3.042231e-02 8.521073e-02
-8.119141e-01 -1.954595e-01 -2.210791e-01 -4.769283e-01 2.233806e-01 5.025472e-02 7.643401e-01 3.637028e-02 3.206934e-01 7.390916e-01 2.334862e-01 -2.278567e-01
-2.405270e-01 4.163594e-01 6.442378e-01 3.392237e-01 4.097771e-01 7.108078e-02 -2.286472e-01 -1.736009e-02 -3.526996e-01 -3.430005e-01 -1.648256e-01 -5.364008e-02
1.830542e-01 -1.972188e-01 -4.011880e-01 -8.071324e-01 4.490881e-02 1.063113e+00 4.468568e-01 7.266549e-02 3.171695e-01 1.119786e+00 -3.862660e-01 -4.713271e-01
2.378794e-01 1.389429e-01 7.018462e-01 5.655155e-01 1.517606e+00 2.649021e+00 -8.492934e-02 -5.735989e-02 1.412622e+00 -6.028604e-01 -7.750322e-02 -1.743748e-01
1.180227e-01 3.103277e-02 1.294699e-01 -3.302369e-01 -1.925160e-01 1.912668e-01 8.638710e-01 -2.210955e-01 -7.833230e-01 2.569788e-01 -1.428261e+00 -4.209878e-01
8.151913e-02 -2.513599e-01 -1.320191e+00 -5.338955e-02 6.579812e-01 -2.298355e-01 3.017162e-01 7.979419e-01 8.586666e-01 8.762167e-01 1.987064e+00 1.313532e+00
5.097523e-02 -6.977317e-02 -5.075897e-01 -2.087622e-01 1.663392e-02 -6.450856e-01 2.494335e-01 -6.563143e-02 -1.087466e+00 -3.615769e-01 3.928370e-01 2.230060e-01
-3.528168e-01 -3.606549e-01 -3.883014e-01 -6.705155e-02 -4.415148e-01 -8.366868e-01 8.472623e-01 1.409988e+00 -2.276529e-01 2.605439e-01 1.626820e+00 4.911759e-01
-1.923757e-01 3.911176e-01 2.405410e-01 -3.958368e-03 -1.186956e-01 -4.081174e-01 -8.460531e-01 -5.818471e-01 6.356419e-01 7.918833e-01 -1.295897e+00 1.156167e+00
-4.466667e-02 4.369278e-01 4.794147e-02 -1.033751e-01 1.097834e-03 5.647583e-01 -2.440909e-01 -5.485191e-02 1.199271e-01 2.217918e-01 3.984145e-01 -7.856800e-01
-3.104345e-01 -1.854007e-01 7.514541e-01 1.630761e-01 4.906296e-01 7.245351e-01 5.429552e-01 -1.351480e-01 1.958134e-01 2.001665e-01 1.874085e+00 1.014399e+00
7.375946e-02 6.170819e-01 2.458527e-01 -5.040194e-01 1.104633e+00 6.787260e-01 -4.422613e-01 9.513121e-01 1.243109e+00 -9.249773e-01 -1.870089e+00 -6.520965e-01
-2.742857e-01 -1.854425e-01 1.033733e+00 -3.999040e-01 -8.577534e-01 -5.387188e-01 4.280059e-01 2.129300e-01 -5.698115e-01 -2.988594e-01 -3.562980e-01 9.557365e-01
-5.846519e-02 2.192168e-02 8.455531e-01 6.397064e-01 9.789236e-01 3.961065e-01 -9.564762e-01 -1.571945e-01 5.815719e-01 -9.284300e-01 7.464478e-02 -6.980293e-01
-8.567562e-02 2.244390e-01 2.070270e-01 9.041385e-02 -1.792023e-01 -1.227739e+00 1.562945e-01 -3.315281e-01 -1.405862e+00 -5.753878e-01 -5.232667e-01 -9.133740e-02
-8.650090e-01 -5.537866e-01 1.328019e+00 -1.834982e+00 3.481874e-01 -9.014750e-01 1.419110e-02 1.586207e+00 -1.453562e+00 9.456009e-01 1.484113e+00 1.175131e-01
1.663854e-01 -1.943583e-02 -2.374742e-01 -1.346877e-01 6.611569e-01 9.412781e-01 -1.584886e+00 -1.839461e+00 1.251974e-01 -2.290366e-02 -1.128728e+00 9.722648e-01
-2.473875e-01 -1.872811e-01 5.912513e-01 4.323836e-01 -1.001324e+00 4.913379e-01 1.674309e+00 8.880527e-02 -4.883338e-01 -1.472287e+00 -1.187797e+00 -7.806123e-01
1.627035e-01 2.263108e-01 -3.587252e-01 -5.929881e-01 -6.328937e-01 1.028358e+00 3.665997e-01 -3.836138e-01 -3.950994e-01 -5.653453e-03 1.100189e+00 -3.265299e-01
-1.085704e-01 -2.322653e-01 4.666241e-01 -1.967934e-01 -1.664385e+00 5.364315e-01 1.653343e+00 3.221815e-01 2.912187e-01 -8.381369e-01 -2.203543e+00 -1.340377e+00
-1.553093e-01 -1.399094e-01 -2.354131e-02 1.001463e-02 -2.839178e-01 -4.203343e-01 -2.297847e-01 -2.721449e-02 -7.743731e-01 -1.033237e+00 9.088744e-01 -2.343689e-01
-1.399977e-01 -2.812773e-01 -1.089789e+00 -1.640169e+00 -8.410738e-02 5.410654e-02 6.883988e-01 -2.373095e-01 -6.933231e-01 1.124514e-01 -1.149053e+00 2.008789e-01
-7.725716e-02 1.320706e-01 -4.441156e-01 -5.652268e-01 -7.955834e-01 6.131721e-02 -6.968479e-01 -5.172387e-01 4.596348e-01 -2.832801e-01 4.718234e-01 -1.505134e-02
-3.771508e-01 2.433399e-01 9.352180e-01 -5.338302e-02 1.005730e-01 1.493540e+00 1.904167e+00 -4.529810e-03 4.447784e-02 1.366272e+00 1.065676e+00 1.159908e+00
1.699655e-01 2.226276e-01 6.675069e-02 9.323547e-01 1.196735e+00 9.959921e-01 9.724927e-01 -2.752134e-01 8.600006e-01 9.850736e-01 -6.317269e-01 -1.404996e+00
4.429649e-01 1.410429e-01 -5.409881e-01 -3.492371e-01 -9.878576e-01 1.129958e+00 6.922306e-01 5.615308e-02 3.829957e-01 -9.326789e-01 -7.067582e-01 -7.609125e-02
-2.171478e-02 -4.990286e-02 3.356229e-01 9.564411e-01 -4.719759e-01 -1.245024e+00 9.308257e-02 4.107625e-01 -5.355995e-01 -2.013097e+00 -1.718675e+00 7.036531e-02
1.770434e-01 -5.834626e-01 -1.777200e+00 -8.019158e-01 4.615795e-01 -2.005863e-02 -1.051628e+00 -2.904387e-01 8.959276e-01 5.943890e-01 5.024491e-01 8.507002e-01
7.503929e-02 1.104557e+00 4.431314e-01 3.683961e-01 2.234618e+00 1.902962e-01 5.460331e-01 4.959145e-01 1.252123e+00 -5.997475e-02 1.105304e+00 1.155637e+00
-2.495222e-01 1.799938e-01 1.338959e-04 -5.517846e-01 9.792536e-01 -2.899606e-01 1.262435e-01 -2.437526e-01 -2.918003e-02 -5.025197e-01 -2.900039e+00 -1.392778e+00
2.010193e-02 -5.974921e-01 -6.538013e-01 -1.546713e+00 1.654560e-01 8.682119e-01 1.406653e+00 1.375628e+00 -9.197588e-01 9.933100e-01 8.794187e-01 2.979056e-01
-5.670567e-01 1.381515e-01 7.799782e-02 -3.149208e-01 1.702739e+00 3.671740e+00 4.112276e+00 3.291629e+00 2.321846e+00 1.252403e+00 -2.715446e+00 -2.003256e+00
-4.752908e-01 -4.885108e-01 -7.972230e-02 1.501610e+00 1.731397e+00 4.718924e-01 1.790001e+00 6.788324e-01 6.854817e-01 9.518959e-01 6.214384e-02 -2.122238e-01
2.057739e-01 -1.517648e-01 -7.501646e-01 -1.220658e-01 1.250773e+00 9.816585e-01 1.219639e+00 -9.833978e-01 5.259954e-01 1.242816e-01 4.861308e-01 1.586683e+00
-8.855593e-02 -1.486518e+00 8.478025e-01 5.494264e-01 -3.978788e-01 1.346452e+00 1.415652e+00 -8.547735e-01 -1.115653e-01 -4.462575e-01 -4.681448e-01 -6.702741e-01
3.178865e-01 5.027926e-01 -9.959016e-02 -8.094945e-01 1.166066e-01 7.917635e-01 -2.401921e-01 1.008805e+00 1.177967e+00 -1.112100e+00 -1.450617e+00 -1.337092e+00
-1.454897e-01 1.213127e+00 3.423543e-01 -4.897360e-01 8.261766e-01 2.967673e+00 3.667679e+00 2.096537e+00 1.329297e+00 1.248901e+00 -1.385710e+00 -7.691469e-01
1.946907e-02 -6.184230e-02 1.100919e+00 -4.819807e-01 2.637835e-01 1.037048e+00 9.817054e-01 1.168968e+00 -1.128614e+00 1.590032e+00 2.662614e+00 1.340084e+00
1.214131e+00 -3.494959e-01 1.372392e+00 8.553544e-01 -7.220104e-01 -7.893554e-01 -1.910765e+00 -1.449598e+00 -1.755216e+00 -2.460187e+00 5.233184e-01 2.105417e-01
3.761620e-01 9.102999e-01 3.335333e-02 1.695707e-01 2.139956e+00 4.996399e-01 1.035231e+00 -2.820545e-01 4.647104e-01 -3.281028e-01 -1.665347e+00 3.166660e-01
-1.147210e+00 4.917989e-01 1.875322e+00 1.517945e+00 7.419901e-02 1.000138e+00 1.507393e+00 1.429381e+00 -2.469619e-01 -8.315926e-01 -8.931297e-01 -8.250074e-01
-9.204847e-01 1.058885e+00 1.665781e+00 1.049359e+00 -6.721225e-02 9.414002e-01 1.405166e+00 1.331534e+00 1.492807e+00 -4.722591e-01 -1.964759e+00 -1.880169e+00
4.693218e-01 -3.397562e-01 -1.205673e-01 -3.542252e-01 4.781469e-01 4.627116e-02 -6.793448e-01 3.615085e-01 -6.630858e-01 6.715838e-01 6.158122e-01 1.859625e+00
2.743033e-01 -1.073910e+00 -2.633553e-01 6.977212e-01 6.251001e-01 1.207016e+00 1.683140e+00 -1.625470e+00 2.908146e-01 -4.248814e-01 -5.294830e-01 7.949900e-01
6.674496e-01 1.044837e+00 2.537381e+00 -8.898856e-01 -1.281504e-01 -5.270462e-02 2.965161e+00 2.812483e+00 1.225405e+00 -1.347255e+00 -7.279375e-01 3.747423e-01
2.474860e+00 -7.920149e-01 1.056094e+00 -1.254862e+00 -3.392568e+00 -8.911616e-01 -2.164216e+00 -6.226638e-01 -1.686884e+00 -4.240164e+00 -5.607873e-01 1.039338e+00
3.804258e-01 1.972456e-01 1.088198e+00 -2.324878e-01 -5.293514e-01 3.296527e-01 1.136458e+00 3.901023e-01 -6.952306e-01 6.251386e-01 3.352654e-01 -1.830235e-02
-1.778221e-03 4.074961e-01 -1.497662e+00 6.633543e-01 1.699533e+00 2.619442e+00 2.573971e+00 2.081774e+00 1.663433e+00 2.473385e+00 9.654416e-01 -1.322854e+00
1.293140e-01 2.591265e-01 8.354645e-01 -6.967470e-01 -3.942119e-01 -6.008755e-01 4.881907e-01 3.328045e-01 -2.790233e-01 -6.707739e-01 9.925375e-02 -1.232316e+00
-1.494387e+00 -6.307114e-01 -8.022929e-01 -7.187026e-01 2.104375e+00 4.514771e+00 1.686556e+00 -8.391033e-01 1.512010e+00 -5.053038e-01 -2.816489e+00 -3.306318e+00
-1.172548e+00 -5.243926e-01 -1.711199e+00 2.845166e+00 3.334044e+00 3.118013e+00 3.310809e+00 1.372429e+00 2.629727e+00 4.473522e+00 1.572222e+00 -1.751313e+00
6.325253e+00 -1.439433e+00 2.835970e+00 -5.220551e-01 -4.152640e+00 -3.289939e+00 -5.263067e+00 1.199187e-01 -2.834707e+00 -1.621958e+00 1.335587e-01 -1.825330e+00
-1.022401e+00 2.079274e+00 1.644997e+00 -2.593955e-01 -4.044296e-01 1.058877e-01 -4.972203e-01 -7.912330e-01 9.245852e-01 1.469410e+00 8.723381e-01 -1.779837e+00
6.826803e-01 2.064452e-01 -7.900409e-02 -1.160220e+00 -1.042269e+00 -2.211382e+00 4.814024e-01 3.555271e-01 4.976859e-02 -2.272207e-01 1.340663e-01 -1.574033e+00
-3.668719e-01 6.695465e-01 -1.507757e-01 7.611915e-02 5.897735e-01 -1.890498e+00 -8.427966e-01 1.338858e-01 -1.441624e+00 -3.158606e-01 1.347221e+00 1.023672e+00
5.156481e-01 -1.461745e+00 5.616754e-01 1.597437e-01 1.244644e+00 -9.738035e-01 -8.501158e-01 -5.560856e-01 7.553076e-01 4.428314e-01 4.764813e-01 8.857542e-01
2.205702e+00 1.916724e+00 3.526425e+00 -8.506883e-01 7.814062e-01 -1.238525e+00 1.255485e+00 7.854175e-01 -6.090391e-01 -2.299847e+00 -3.878790e-01 -1.360010e+00
4.252600e-01 -1.157617e+00 1.125894e+00 -2.495128e+00 1.560604e-01 -2.580130e-01 -1.663736e-01 9.318680e-01 2.208783e-01 6.589350e-01 5.434267e-01 4.653277e-01
2.140778e+00 1.325589e+00 1.265102e+00 1.751354e-01 4.205368e-01 -1.446921e+00 -2.702683e-01 8.866517e-01 -1.638844e-01 -8.676270e-01 -7.209563e-01 -2.110647e+00
-4.407053e-02 2.012433e+00 3.963710e-01 -2.372995e+00 -1.335907e+00 6.379795e-01 -2.255018e+00 -4.776168e-03 1.468398e+00 2.316903e+00 3.588273e+00 -1.403403e+00
8.533539e-01 -7.492825e-01 1.998178e+00 -2.274578e-01 4.753484e-01 1.149752e+00 5.291038e-01 2.098136e+00 -2.350009e+00 4.064001e-01 -1.136039e+00 2.291906e+00
2.346217e+00 -9.936470e-01 2.603791e+00 -2.328196e+00 -1.994763e+00 -7.475721e-01 -1.051595e+00 1.211871e+00 -6.479859e-01 -1.677377e+00 4.016543e-01 9.477699e-01
7.195512e+00 3.853905e-01 3.598847e+00 6.767130e-02 -4.179297e+00 -5.283981e+00 -6.374232e+00 -2.842724e+00 -3.214169e+00 -3.043436e+00 -1.568093e-02 -2.194041e+00
8.084277e-02 1.611449e+00 -1.030329e+00 2.431233e+00 -2.802120e-01 -2.586678e+00 -1.207053e+00 -1.033160e+00 -1.608241e+00 -1.011832e+00 1.541681e+00 1.186705e+00
6.553528e-01 -1.712506e+00 1.036988e+00 -1.557717e+00 9.655468e-01 -9.787779e-01 6.052852e-01 5.764356e-01 1.867905e+00 1.275946e+00 6.166549e-01 6.649925e-01
5.408492e+00 2.609975e+00 3.669272e+00 1.674425e-01 -3.309570e-01 -4.697050e+00 -3.320925e+00 -3.311074e+00 -2.230519e+00 -3.909884e+00 -2.477135e-01 -2.438121e+00
1.213753e+00 -1.416776e+00 6.446429e-01 -1.140648e+00 5.637665e-01 8.679687e-01 -6.152784e-01 2.637977e+00 -1.835037e+00 2.141653e+00 8.507355e-01 3.657262e+00
3.267163e+00 1.474502e+00 3.676666e+00 1.489139e+00 1.002708e+00 -1.024010e+00 -1.131231e-01 -6.209052e-01 -1.615598e+00 -1.268634e+00 -6.721791e-01 -8.876261e-01
9.325994e-01 9.112182e-02 -1.463353e+00 -3.108151e+00 -7.248051e-02 2.172951e+00 -3.593214e-01 7.147235e-01 1.538303e+00 1.008066e+00 2.779945e+00 -2.446793e-01
-3.713302e+00 6.343614e-01 -1.969014e+00 -1.130936e-01 5.868009e+00 4.480626e+00 6.067061e-01 -9.677157e-01 4.261328e+00 -3.140413e-01 -9.267370e-01 -1.463041e+00
1.795317e+00 -3.389631e+00 1.616750e+00 -1.173382e+00 1.990972e+00 -1.247765e+00 8.149875e-01 5.931262e-01 1.630562e+00 7.146602e-01 8.457373e-01 1.856270e+00
3.691886e+00 -1.559386e-01 2.521664e+00 1.476762e+00 1.376697e+00 -8.473266e-01 9.763911e-02 -2.537730e+00 -2.980229e-01 -1.670545e+00 -2.030864e+00 -5.454979e-01
-1.717836e+00 3.828040e+00 -1.824517e+00 3.892181e+00 2.482193e+00 -3.147144e+00 -1.941044e+00 -5.769215e-02 5.621881e-01 -7.313381e-01 8.388320e-01 1.814756e+00
2.139152e+00 -2.141681e+00 -2.217200e+00 -2.536307e+00 -1.385385e-01 5.162464e-01 -1.178459e+00 -5.588357e-01 4.000714e-01 -1.230576e+00 1.337432e+00 1.838734e-01
3.587749e+00 -1.370930e+00 1.241748e-01 1.085530e-01 1.609818e+00 1.418591e+00 1.521026e-01 -1.257523e+00 3.129577e-01 -2.981589e+00 -1.624022e+00 -5.526872e-02
-4.367960e+00 1.819063e+00 -2.585593e+00 1.211506e+00 6.063771e+00 1.957918e+00 -1.171329e+00 -2.077388e+00 3.490378e+00 1.455939e-02 5.643374e-01 5.522352e-01
-3.426943e+00 4.292423e+00 -2.424557e+00 2.434278e+00 4.484756e+00 -9.701523e-01 -2.008541e+00 -1.931632e+00 1.507842e+00 -7.136533e-01 2.885215e-01 1.335569e+00
