2.782283e+00 -1.642695e+00 -7.582216e-01 2.338131e+00 2.565531e+00 4.946159e+00 -3.218775e+00 3.095855e+00 2.181504e+00 2.766898e+00 3.306933e+00 5.305768e+00 -1.512927e-01 -3.655797e-01 5.424865e-01 1.200673e+00 -5.762434e-01 1.634650e-01 -9.811029e-01 -4.966281e-01 -7.261556e-02 1.838333e-01 -1.982641e-02 1.158502e-02 -8.532137e-01 0.000000e+00 
1.741131e+00 2.767657e-01 4.044723e+00 3.064500e+00 5.354755e+00 4.923597e+00 -3.098177e+00 2.791878e+00 9.757969e-01 2.002886e+00 3.968592e+00 2.909368e+00 -1.512927e-01 -2.728814e-01 3.925091e-01 1.292348e+00 -7.387253e-01 -1.046379e-01 -7.625231e-01 1.073928e+00 1.034696e+00 1.747683e-01 8.067616e-01 -6.783963e-01 -1.516791e+00 0.000000e+00 
1.474960e+00 1.100074e-01 2.843671e+00 -9.062709e-01 1.988244e+00 5.192566e-02 -5.762214e+00 2.884766e+00 3.703523e+00 3.049772e+00 3.034029e+00 2.237900e+00 -1.512927e-01 -1.666140e-01 3.236302e-01 8.266767e-01 -5.909187e-01 -6.707523e-01 -4.085485e-01 1.003103e+00 4.279144e-01 -6.438325e-02 7.484485e-01 -4.289598e-01 1.076779e-01 0.000000e+00 
2.071537e+00 -5.565004e-01 3.902570e+00 2.667050e-01 2.330986e+00 3.580661e+00 3.422586e+00 8.374880e+00 2.294335e+00 6.659269e+00 5.140391e-02 -7.442501e-01 -1.512927e-01 1.694876e-01 -4.748344e-03 -5.535852e-01 -7.118691e-01 -1.720322e-01 3.868456e-01 1.137021e+00 -9.689232e-02 7.592819e-01 6.009324e-01 -2.951254e-01 9.339964e-01 0.000000e+00 
1.784010e+00 3.920890e-01 3.446238e+00 7.824347e-01 7.236547e-01 3.574885e+00 -1.463643e+00 2.443926e+00 1.200318e+00 4.180949e+00 3.120729e+00 7.670967e+00 -1.512927e-01 -2.483345e-01 -8.182403e-02 -7.575637e-01 -8.005669e-01 4.906567e-01 9.797955e-01 4.034374e-01 -8.987108e-01 3.756188e-01 1.541652e-01 -2.396083e-01 7.575865e-02 0.000000e+00 
2.434044e+00 1.119832e-01 9.755130e-01 -1.339198e+00 5.126889e+00 5.096345e+00 4.376439e-01 2.527836e+00 6.023809e+00 4.441959e+00 2.449615e+00 4.862817e+00 -1.512927e-01 -3.317577e-01 -3.096876e-01 -8.023468e-01 -1.127359e+00 -4.299026e-01 -7.568915e-02 -7.224175e-01 -2.415455e+00 -6.038855e-01 -1.337191e+00 -9.724212e-03 5.759579e-01 0.000000e+00 
5.203438e-02 -6.333545e-01 5.193808e-01 -4.106153e+00 3.043576e+00 4.193061e+00 -2.252556e+00 1.314734e+00 3.716880e+00 4.929253e+00 6.368823e-01 -1.868402e-01 -1.512927e-01 -1.813366e-01 -4.713370e-01 -6.317397e-01 -5.603334e-01 2.410030e-02 -6.503425e-01 4.568232e-01 1.891719e-01 -8.791379e-01 -3.350190e-01 3.247357e-01 -2.793581e-01 0.000000e+00 
1.278736e+00 -1.592217e+00 1.354265e+00 -2.925797e+00 -9.784877e-01 2.893127e+00 2.049558e-01 -3.137797e+00 -1.983374e+00 -4.008392e-01 1.244706e+00 6.064443e+00 -1.512927e-01 -1.764607e-01 -4.713642e-01 -1.557152e-01 -3.765905e-01 -1.198965e+00 -2.058463e+00 -2.040577e-01 6.901037e-01 -1.551077e+00 9.115720e-02 4.998689e-01 -1.412768e-02 0.000000e+00 
1.454981e+00 -1.112496e+00 9.816337e-02 -1.225933e+00 3.896845e+00 1.424782e+00 9.368166e-01 6.222602e+00 8.082201e-01 4.927253e+00 5.346861e+00 5.673363e+00 -1.512927e-01 -1.579952e-02 -2.806705e-01 -1.602513e-01 -1.589568e-01 -1.185004e+00 -1.779446e+00 1.216138e-01 1.173786e+00 -2.545305e-01 -1.326947e-01 -2.180326e-01 -1.071140e-01 0.000000e+00 
8.502674e-01 -2.005267e+00 4.075456e-01 -4.662261e+00 -1.294570e+00 -3.811830e+00 -2.177331e+00 3.524420e+00 -2.772441e-01 4.898745e+00 2.593970e+00 1.862077e+00 -1.512927e-01 -3.359110e-01 -4.379353e-01 -3.381770e-01 -7.998348e-01 -4.966158e-01 -7.311395e-01 -4.310316e-01 1.347009e+00 -2.546456e-01 4.407829e-01 -3.167953e-01 -1.172096e+00 0.000000e+00 
1.872711e-01 -1.830182e+00 1.914837e-01 -4.032705e+00 -2.723404e+00 -1.351689e+00 -4.533436e-01 3.852552e+00 1.591163e+00 1.615987e+00 -1.127913e+00 1.378773e+00 -1.512927e-01 -1.062521e-01 -4.677814e-01 -5.208877e-01 -7.625421e-01 -3.572264e-01 6.965546e-02 -1.255884e+00 -9.201791e-01 -2.801012e-01 -4.904889e-01 -6.122435e-01 -9.315244e-01 0.000000e+00 
2.330360e-01 -3.423050e+00 -3.832805e-01 -5.521585e+00 -1.514425e-01 6.256645e-01 -1.255122e+00 4.782275e+00 -3.648073e+00 3.458709e+00 2.898117e+00 2.351257e+00 -1.512927e-01 1.578405e-01 -3.200651e-01 -3.602446e-01 3.799697e-01 2.565143e-01 1.026243e+00 -8.517323e-01 -1.016292e+00 6.032487e-01 7.143877e-01 -1.626153e-01 -9.199021e-01 0.000000e+00 
1.232336e+00 -2.742512e+00 -2.110862e+00 -4.608982e+00 1.539149e+00 -4.456880e-01 -5.803708e+00 9.927793e-01 1.093129e+00 3.194827e+00 2.133571e+00 7.711506e-01 -1.512927e-01 2.232260e-01 3.560531e-01 3.363453e-01 1.079550e+00 8.123218e-01 4.043802e-01 1.673005e-01 -5.985006e-01 4.860082e-01 1.187171e+00 8.578098e-01 2.649618e-01 0.000000e+00 
1.116938e+00 -3.149427e+00 -2.425046e-01 -2.474274e+00 -2.143275e+00 8.663828e-01 -3.760810e+00 -1.271527e-01 2.988017e+00 7.681263e+00 1.501515e-01 -2.433623e+00 -1.512927e-01 2.744503e-02 9.248714e-01 1.112050e+00 5.963717e-01 -3.312291e-01 5.658146e-01 1.677123e+00 1.046994e+00 1.403041e+00 -1.543627e-01 5.282921e-01 4.477717e-01 0.000000e+00 
8.614502e-01 -1.867282e-01 1.802822e+00 -1.586099e-01 2.334121e+00 5.498526e-01 1.636003e+00 3.314763e+00 7.031595e-01 5.440565e+00 4.535119e+00 5.096022e+00 -1.512927e-01 -1.502365e-01 4.011113e-01 8.989227e-01 1.527383e-01 2.454731e-01 1.407504e+00 1.673373e+00 1.246544e+00 9.037397e-02 -2.930828e-01 9.209782e-01 6.192721e-01 0.000000e+00 
5.557041e-01 -7.658446e-02 3.220127e+00 -4.764913e+00 -2.205074e+00 2.956967e+00 3.410637e+00 8.856254e+00 3.562119e+00 1.564026e+00 4.338803e+00 2.427680e+00 -1.512927e-01 1.667330e-01 1.496729e-01 9.069035e-02 -3.996342e-01 5.338460e-01 4.151201e-01 -2.600502e-01 3.247635e-01 -6.481799e-01 -1.056589e+00 8.483209e-02 -3.720173e-01 0.000000e+00 
7.617702e-01 -2.273376e+00 6.524360e-01 -2.699971e+00 2.797414e+00 5.546540e+00 -1.022564e+00 2.733798e+00 1.257948e+00 4.788032e+00 4.644135e+00 1.436859e+00 -1.512927e-01 9.094542e-01 3.342670e-01 -9.849892e-01 -1.516287e-01 -9.059918e-02 2.724264e-02 -1.672827e-01 -8.972395e-01 -2.078442e+00 -7.401317e-01 -2.085057e+00 -2.133288e+00 0.000000e+00 
2.000443e+00 -1.357739e+00 7.861402e-01 -3.201764e+00 2.943087e-01 4.436400e-01 -3.731777e+00 1.787147e+00 -5.302767e-01 2.724583e+00 5.198034e-01 -2.464128e+00 -1.512927e-01 1.055378e+00 1.544221e+00 -1.644347e+00 6.754429e-01 1.764827e-01 -1.493271e+00 -7.152489e-01 -2.166516e+00 -1.223129e+00 -1.709944e+00 -2.956886e+00 -3.406615e-01 1.155910e-02 
4.686352e+00 2.125184e+00 -1.905130e+00 -1.698327e+00 6.314337e-01 1.942729e+00 4.370797e+00 2.363119e+00 -7.642851e+00 1.159628e+00 -3.980669e+00 -3.124516e+00 -1.512927e-01 8.293365e-01 9.248313e-01 -8.874424e-01 -4.389414e-01 -1.346826e+00 -2.097601e+00 6.750946e-01 -1.187957e+00 -4.241423e-01 -3.252871e+00 -1.916193e+00 -9.749284e-02 1.939800e-02 
3.870301e+00 5.445239e+00 -3.722825e+00 -1.888520e+00 -2.396703e-01 -2.707484e+00 -2.862288e+00 -1.790987e+00 1.896875e+00 -5.171495e+00 -6.133226e+00 3.005060e+00 -9.349716e-02 -1.245653e+00 6.480081e-01 -3.666070e-01 -6.477332e-01 -1.181930e+00 -9.818843e-01 4.394366e-01 3.610466e-02 8.253905e-01 -3.051718e+00 4.028908e-01 4.614369e-01 1.000175e-01 
3.973523e+00 -1.050708e+00 -1.530293e+00 -5.551301e+00 -3.669725e+00 -3.365904e+00 1.918164e+00 -1.416922e+00 -2.076339e+00 -7.528284e+00 -1.610315e+00 -1.785199e+00 -8.320045e-02 -3.492794e+00 -5.329718e-02 -4.822074e-01 -4.431598e-02 -6.954017e-01 -3.970039e-01 1.827823e+00 4.903169e-02 2.290929e+00 -7.914096e-01 1.216926e+00 -4.549130e-01 1.800263e-01 
-3.871407e+00 3.470248e+00 -1.234313e+00 -4.513944e+00 -3.464763e+00 -1.811465e+00 -3.082780e-01 3.857691e+00 8.134201e-01 -8.190052e+00 1.349081e+00 -8.266020e-01 3.147485e-01 -4.016261e+00 2.329783e-01 -1.242328e+00 1.739234e+00 1.799821e-01 1.523515e+00 3.148428e+00 -3.553081e-02 6.345211e-01 1.806798e+00 1.621712e+00 -1.112674e+00 2.254768e-01 
-8.906763e+00 2.846193e+00 -5.560423e+00 -6.071955e-01 -1.233028e+00 -4.902995e-01 1.223291e+01 -2.160616e-01 4.353523e+00 -1.288142e+00 -1.637193e+00 -3.483250e+00 5.447160e-01 -3.982787e+00 1.028321e+00 -3.211474e+00 2.295115e+00 5.406497e-01 1.968886e+00 1.374699e+00 -7.476334e-01 2.069713e+00 1.700546e+00 1.297805e+00 4.838866e-01 2.349085e-01 
-9.770863e+00 4.661679e+00 -7.919400e+00 4.335596e+00 -5.581081e-01 3.472291e+00 7.722482e+00 -2.569071e+00 1.854549e+00 7.424257e-01 1.988776e+00 -1.709286e+00 7.199286e-01 -2.818144e+00 1.416644e-01 -2.801863e+00 1.487636e+00 -7.196692e-01 8.854145e-01 -5.185906e-01 -2.468070e+00 1.983415e+00 4.699630e-01 1.260044e+00 1.115663e+00 1.590991e-01 
-1.299068e+01 3.495181e+00 -1.424512e+01 1.499504e+00 -2.419804e+00 3.836647e+00 4.776278e+00 -1.941708e+00 7.751661e+00 -3.491793e+00 4.558862e+00 1.075576e+00 8.887518e-01 -1.461428e+00 7.949869e-01 -7.954912e-01 6.720783e-01 -1.207608e+00 1.005233e+00 -2.210153e+00 -1.391206e+00 1.630107e+00 -1.463922e+00 9.968268e-01 1.306176e+00 1.077930e-01 
-1.592017e+01 3.854076e+00 -1.090128e+01 1.870886e+00 -6.469721e+00 4.521344e-01 8.270853e-01 -7.619836e+00 9.031425e+00 -4.738411e+00 4.551270e+00 2.472300e+00 9.382261e-01 -8.705384e-01 4.141865e-01 2.993031e-01 3.792152e-01 -1.237694e+00 -1.489700e-01 -8.594693e-01 -9.667778e-01 1.051171e+00 -1.214535e+00 5.141092e-01 3.576227e-01 6.058924e-02 
-1.313925e+01 7.224929e+00 -8.046938e+00 3.985551e+00 -4.315260e+00 6.045946e+00 4.629842e+00 -4.646708e+00 8.915620e+00 -5.867334e+00 2.065693e+00 9.568381e-01 9.745321e-01 4.018173e-01 1.086209e+00 1.586960e+00 7.807083e-01 -1.170099e-01 6.634858e-01 1.582859e-01 -3.629451e-01 -5.061197e-02 -3.579729e-01 -7.178618e-01 -4.362517e-01 2.369074e-02 
-1.404927e+01 4.867738e+00 -9.521976e+00 4.988648e+00 -5.798848e+00 1.622791e+00 3.498353e+00 -6.050460e+00 6.528426e+00 -4.142479e+00 5.805906e+00 1.381966e-01 9.799846e-01 8.822342e-01 1.064677e+00 6.815870e-01 3.569984e-02 1.134678e+00 1.338477e+00 -2.774256e-01 6.260098e-01 1.216419e-01 1.819590e-01 -9.554733e-01 -3.270441e-01 1.353419e-02 
-1.191705e+01 8.419394e+00 -6.999978e+00 3.844165e+00 -3.340290e+00 6.568748e+00 4.232073e+00 -4.541121e+00 8.750100e+00 -5.579623e+00 3.422353e-01 6.136900e-02 9.863262e-01 2.927055e-02 -1.461616e-02 -4.400445e-01 -7.667147e-01 1.047232e+00 -2.386932e-02 -1.336103e-01 3.818757e-01 -3.714128e-01 -4.127598e-02 -6.709083e-01 -2.677514e-01 3.167236e-03 
-1.212010e+01 8.580226e+00 -8.016827e+00 2.120078e+00 -1.283816e+00 6.883120e+00 -3.611587e-01 -4.542581e+00 9.722394e+00 -3.972472e+00 6.356330e-01 1.284814e+00 1.000000e+00 -1.906284e-01 -3.222180e-01 -5.658304e-01 -9.270973e-01 1.143764e+00 5.288206e-01 8.473940e-01 -2.777028e-02 -2.240033e-02 6.517922e-01 -6.227407e-01 -7.727934e-02 -2.122736e-03 
-1.395749e+01 5.295604e+00 -1.099973e+01 1.586263e+00 -1.336614e+00 3.296435e+00 5.891546e+00 -3.491269e+00 5.461572e+00 -6.158718e+00 1.296288e+00 -9.552276e-01 9.803606e-01 -8.245922e-01 -1.328385e+00 -1.177728e+00 -5.006274e-01 3.437991e-01 -1.195403e+00 5.211779e-01 6.185801e-01 -6.333557e-01 1.039958e+00 -4.566279e-01 6.772617e-01 -7.441181e-03 
-1.398219e+01 4.818542e+00 -1.035125e+01 1.482112e+00 -1.081864e+00 5.903050e+00 6.905587e+00 -6.714238e+00 8.060688e+00 -5.939715e-01 2.215176e+00 2.600982e-01 9.723538e-01 4.007770e-01 -3.894814e-01 2.064390e-02 1.362796e-01 1.345079e-01 -1.056303e+00 7.320172e-01 1.913012e-01 -8.874823e-01 1.243662e+00 -6.636880e-01 1.390599e-01 -2.089066e-02 
-1.510896e+01 3.658309e+00 -1.172141e+01 1.660011e+00 -1.722271e+00 1.081765e+00 3.204590e+00 -3.623922e-01 6.414175e+00 -2.069084e+00 -2.730676e+00 3.960035e+00 9.629434e-01 6.434183e-01 -1.003446e+00 4.172235e-01 -7.124464e-02 4.663929e-01 -6.030995e-01 1.585595e-01 1.823142e-01 -5.451301e-01 1.036316e+00 -8.708318e-01 8.841408e-01 -4.590409e-02 
-9.540476e+00 7.451467e+00 -7.552772e+00 2.764602e+00 -4.184482e-01 2.708940e+00 4.642406e+00 -5.150513e+00 4.808681e+00 2.010186e-01 -6.693250e-01 -4.775182e-01 9.042553e-01 9.241827e-01 -1.807534e+00 2.649273e-01 -9.639862e-01 1.816693e-01 -2.030140e+00 6.436664e-01 4.863121e-01 -1.906076e+00 1.607197e-01 -2.382181e-02 1.690015e+00 -7.586168e-02 
-1.296125e+01 -1.038086e+00 -1.031286e+01 5.887945e-01 6.636424e-01 1.877993e+00 7.815934e+00 -3.361560e+00 4.361925e+00 -1.374635e+00 -1.615620e+00 3.834285e+00 7.848894e-01 1.362875e+00 -2.046161e+00 1.576294e+00 -1.219723e+00 -4.596627e-01 -2.648982e+00 1.275532e+00 -1.620342e-01 -1.680703e+00 -2.559375e-01 4.241846e-02 3.943242e-01 -8.875734e-02 
-1.043513e+01 -1.870930e+00 -9.730888e+00 -2.802211e+00 -1.366474e+00 -4.645764e+00 7.818247e+00 -2.783093e+00 -4.435677e-01 -1.375970e-01 1.538539e+00 8.773047e+00 6.820723e-01 2.627634e+00 -1.003879e+00 3.090049e+00 -1.420457e+00 -1.499948e+00 -4.119801e+00 -2.103821e+00 -1.041686e+00 -2.940256e+00 -3.048461e+00 -1.616021e+00 -1.099797e+00 -9.957416e-02 
-7.847254e+00 -1.911300e+00 -2.750876e+00 -1.655197e+00 -3.546571e+00 -8.485793e+00 7.994329e+00 -2.356273e+00 6.367851e-01 -3.179463e+00 -3.622515e+00 1.306374e+00 6.302482e-01 6.300746e+00 3.095900e-01 3.247131e+00 -9.688672e-01 -1.604436e+00 -4.427146e+00 -4.672518e+00 -2.054931e+00 -3.402673e+00 -3.171361e+00 -2.190338e+00 -3.806903e+00 -8.781990e-02 
1.040693e+00 2.868679e+00 4.116484e+00 -3.215688e+00 -5.813081e+00 -1.270817e+01 -5.965897e+00 -1.086159e+01 -8.030026e+00 -1.413887e+01 -7.745984e+00 -4.712550e+00 4.837050e-01 7.213549e+00 -1.492790e+00 3.539363e+00 -1.233643e+00 -3.764796e-01 -3.149158e+00 -5.259799e+00 -1.352657e+00 -2.492687e+00 -1.515930e+00 -1.838589e+00 -2.806703e+00 -4.160661e-02 
1.280456e+01 -1.859941e+00 -1.000886e+00 -4.048802e+00 -5.135234e+00 -1.622653e+01 -8.654584e+00 -9.596970e+00 -8.858212e+00 -1.023080e+01 -7.925050e+00 -8.457432e+00 4.449735e-01 5.912363e+00 -3.415895e+00 2.443619e+00 -2.623743e+00 -3.626212e-01 -2.506770e+00 -3.962513e+00 -8.227984e-01 -2.422201e+00 1.541574e-01 -5.231813e-01 -6.058818e-01 6.892025e-03 
1.530670e+01 -9.360557e+00 7.090935e+00 -7.773623e+00 -2.454541e+00 -1.652118e+01 -1.015629e+01 -5.926032e+00 -8.159504e+00 -4.191576e+00 -5.503139e+00 -3.785658e-01 5.666766e-01 2.848642e+00 -4.382085e+00 1.880444e+00 -2.720223e+00 -8.636044e-01 -1.176043e+00 -4.782718e-01 1.188320e+00 -1.217951e+00 1.424839e+00 -2.879457e-01 6.642308e-01 4.984970e-02 
1.458156e+01 -1.287616e+01 7.979994e+00 -1.249494e+01 -7.038947e+00 -1.911314e+01 -9.723037e+00 -8.938044e+00 -1.140948e+01 -7.382326e+00 -7.359845e+00 -3.890028e+00 6.232225e-01 3.707850e-01 -2.900269e+00 2.229176e+00 -1.808584e+00 -1.586191e+00 -1.802641e-01 1.000339e+00 9.900894e-01 -8.358505e-01 -2.698676e-01 -7.207657e-01 4.031998e-01 4.935008e-02 
1.439541e+01 -1.353364e+01 9.028263e+00 -1.259373e+01 -9.179246e+00 -1.714508e+01 -7.823029e+00 -5.249451e+00 -1.284415e+01 -8.438919e+00 -9.468315e+00 -3.675098e+00 6.438290e-01 1.435529e-01 -1.230420e+00 8.163098e-01 -7.363217e-01 -1.563556e+00 2.427200e-01 1.976318e+00 5.347241e-01 -1.570382e-01 -1.357945e+00 -8.896788e-01 -1.202134e+00 1.735500e-02 
1.511414e+01 -1.427474e+01 9.176327e+00 -1.068167e+01 -9.703838e+00 -1.681590e+01 -4.819523e+00 -4.984812e+00 -1.069514e+01 -9.456469e+00 -9.546290e+00 -4.793167e+00 6.531477e-01 1.708225e-01 -3.825085e-01 6.571492e-01 2.116956e-01 -8.349956e-01 9.743665e-01 1.807311e+00 1.144922e+00 6.207770e-01 -8.978193e-01 -2.246066e-01 -8.296354e-01 5.188525e-04 
1.575818e+01 -1.481337e+01 1.057432e+01 -1.236187e+01 -8.939874e+00 -1.645620e+01 -2.726459e+00 -5.229027e+00 -9.301865e+00 -9.944227e+00 -8.858310e+00 -5.937667e+00 6.384890e-01 2.277226e-01 1.859445e-01 4.985111e-01 7.328661e-01 -4.806868e-01 1.466139e+00 1.287245e+00 1.804919e+00 7.649531e-01 -9.382220e-02 5.576181e-01 -6.273729e-01 -1.133811e-02 
1.475428e+01 -1.414884e+01 1.049271e+01 -1.155240e+01 -1.133361e+01 -1.458575e+01 -3.234766e+00 -3.223645e+00 -1.007674e+01 -1.111877e+01 -8.787881e+00 -6.906919e+00 6.284868e-01 2.225041e-01 3.538817e-01 2.539154e-01 5.566926e-01 -3.320704e-01 1.623862e+00 1.623968e-01 2.990002e+00 -9.095461e-01 7.593516e-01 4.301831e-01 -8.210624e-01 -2.319975e-02 
1.571395e+01 -1.266687e+01 1.086263e+01 -8.494036e+00 -1.076779e+01 -1.092946e+01 -2.179181e+00 2.894558e+00 -9.328585e+00 -8.076881e+00 -7.059429e+00 -5.755086e+00 5.994689e-01 3.120443e-01 3.957287e-01 -6.121020e-02 7.149135e-01 4.420299e-02 1.462293e+00 1.353529e-01 2.631013e+00 -1.351871e+00 1.107877e+00 6.899999e-01 -8.307844e-01 -2.902595e-02 
1.624877e+01 -1.357858e+01 1.030175e+01 -9.832122e+00 -1.045023e+01 -1.145996e+01 -4.281178e+00 5.903405e+00 -1.522951e+01 -6.593384e+00 -8.294815e+00 -8.989770e+00 5.566590e-01 4.127150e-01 1.793919e-01 -2.395758e-01 1.967451e-01 2.358793e-01 5.111413e-01 1.516400e-01 1.020482e+00 -1.930854e+00 9.876464e-01 1.058908e+00 -1.400581e+00 -3.051224e-02 
1.657116e+01 -1.311985e+01 1.036375e+01 -9.647441e+00 -9.160549e+00 -1.070763e+01 -1.526488e+00 3.362514e+00 -1.348483e+01 -6.667534e+00 -5.654843e+00 -9.050164e+00 5.292732e-01 2.370175e-01 5.364873e-01 -3.584652e-02 4.065634e-01 -4.772796e-02 -3.530394e-01 9.605829e-02 -2.637377e-01 -1.887537e+00 3.429920e-01 1.083465e+00 -1.045541e+00 -4.422265e-02 
1.638926e+01 -1.302539e+01 9.544271e+00 -9.991969e+00 -1.095784e+01 -1.214096e+01 -2.802913e+00 1.644788e+00 -1.765289e+01 -6.885210e+00 -4.195634e+00 -1.226229e+01 5.110235e-01 -1.426840e+00 2.646702e+00 9.770025e-01 2.241367e+00 -4.141064e-02 7.303963e-02 9.460698e-01 -8.269607e-01 -1.678371e-02 4.587568e-01 6.453565e-01 1.239021e-01 -8.009683e-02 
1.682879e+01 -1.026103e+01 1.106213e+01 -6.381295e+00 -1.075263e+01 -1.235416e+01 -2.438023e+00 3.705178e+00 -1.755458e+01 -6.216008e+00 -3.691694e+00 -9.346532e+00 4.011734e-01 -3.207109e+00 3.357312e+00 1.010375e+00 3.774932e+00 7.895001e-01 1.293480e+00 1.539351e-01 3.052772e-01 1.429943e+00 1.210506e+00 1.342952e+00 1.819374e+00 -1.528595e-01 
8.985752e+00 -1.774482e+00 1.483757e+01 -2.583621e-01 -9.861243e+00 -1.027150e+01 9.049380e-01 1.597270e+00 -1.327856e+01 -4.525363e+00 -6.049607e+00 -8.222075e+00 2.202247e-01 -4.061846e+00 3.481076e+00 -6.597914e-01 3.451911e+00 3.338362e+00 3.125868e+00 -5.713892e-01 1.517915e-02 2.556699e+00 1.042971e+00 1.375639e+00 3.452543e+00 -1.815431e-01 
4.237363e+00 -1.958743e+00 1.276898e+01 4.360415e+00 -5.761346e+00 -5.174959e+00 -2.610738e+00 4.912660e+00 -8.522280e+00 -1.794928e+00 1.986905e+00 -1.973401e+00 -8.962476e-02 -4.600963e+00 5.517007e-01 -5.960266e-01 1.239355e+00 3.534043e+00 3.270526e+00 -7.059353e-01 2.661504e+00 3.351073e+00 2.028013e+00 1.592182e+00 3.555402e+00 -1.343483e-01 
2.375738e+00 2.288510e-01 5.391893e+00 1.896730e+00 3.238334e+00 -1.012197e-01 -5.573501e+00 1.116943e+00 -9.385543e+00 -3.880894e+00 -1.567402e-01 1.313865e+00 -1.512927e-01 -2.270019e+00 -7.186065e-01 -2.201042e+00 -5.800906e-01 2.733788e+00 2.352650e+00 -1.299963e-01 1.494389e+00 2.699087e+00 1.668816e+00 9.185694e-01 2.094866e+00 -7.382196e-02 
-2.871014e+00 -8.504192e+00 1.280484e+01 -1.262066e+00 3.677981e-01 -1.086670e+00 -2.728479e+00 1.725286e+01 -2.745722e+00 3.601822e+00 1.322782e+00 3.662509e+00 -8.480966e-02 -7.690918e-01 1.556896e-01 -2.117765e+00 -1.216044e+00 1.703557e+00 1.567329e+00 8.269564e-01 -4.363555e-01 2.130080e+00 1.565716e+00 7.904840e-03 2.209478e-01 -1.233358e-02 
1.189846e+00 -2.094790e+00 3.814430e+00 -3.475751e-01 7.431250e-01 -5.523918e-01 3.138269e-01 2.899114e+00 -2.671402e+00 1.120341e+00 -1.124699e+00 -5.657014e-01 -1.512927e-01 3.111364e-01 6.553675e-01 -1.580098e+00 -1.073290e+00 -4.936374e-01 3.826764e-01 6.220654e-01 -1.228865e+00 1.043117e+00 1.060446e+00 4.998065e-01 -1.015556e+00 -6.648302e-03 
9.848499e-01 -1.847470e-02 2.968884e+00 -5.976530e-01 4.004042e+00 2.887273e+00 -1.419620e+00 1.839797e+00 -1.228948e+00 3.533036e+00 2.510408e+00 7.112086e-02 -1.512927e-01 1.091199e+00 1.790501e+00 -2.179209e+00 -1.383661e-01 1.169367e-01 5.198809e-01 4.576950e-01 -2.658682e+00 1.304856e+00 7.400640e-01 9.345049e-01 -3.221634e-01 -1.329660e-02 
2.003489e+00 -7.371703e-01 2.409380e+00 -3.801927e+00 -1.047975e+00 -1.748090e-01 -3.117603e+00 2.679151e+00 -4.928346e+00 1.455728e+00 1.748479e+00 -1.968223e+00 -1.512927e-01 4.444639e-01 3.519571e-01 -8.437314e-01 -4.719471e-01 6.696063e-01 9.767534e-01 3.395497e-01 1.140707e-01 1.482336e+00 1.447256e+00 1.056435e+00 9.395256e-01 0.000000e+00 
2.178160e+00 -2.304970e-01 2.611315e+00 -2.267206e-01 1.848032e+00 1.323943e+00 1.275711e+00 4.069431e+00 4.907030e+00 7.134448e+00 4.558718e+00 2.752953e+00 -1.512927e-01 2.753081e-01 -4.395452e-01 -7.938689e-01 -2.571079e-01 9.772073e-01 9.114674e-01 6.039586e-01 2.084330e-01 1.004307e+00 1.329752e+00 1.082392e+00 1.696644e+00 0.000000e+00 
2.815511e+00 -2.289931e-01 -2.254429e-01 -2.892777e+00 5.169162e+00 5.113040e+00 6.639103e-01 2.354650e+00 1.672288e+00 6.555913e+00 3.133319e+00 2.791010e+00 -1.512927e-01 1.588601e+00 1.435037e-01 -4.320275e+00 2.657533e-01 1.879565e+00 1.488694e+00 8.943688e-01 -2.860454e+00 1.305141e+00 1.975931e-01 2.185084e-01 5.671305e-01 4.997743e-02 
1.955379e+00 -2.470289e+00 3.169508e-01 -2.337768e+00 5.781510e+00 4.800685e+00 -2.905838e-01 3.044212e+00 4.922713e-01 7.631706e+00 7.229949e+00 6.174725e+00 -1.512927e-01 5.115150e-01 5.175055e-01 -4.843182e+00 4.528790e-01 7.237444e-01 4.839087e-01 3.324444e-01 -3.604690e+00 -1.264484e-01 -1.040083e+00 2.397202e-01 -9.138924e-01 1.414123e-01 
1.005788e+01 1.100244e+00 -1.804482e+01 -1.417637e+00 6.383113e+00 5.530291e+00 2.137388e+00 -1.111051e+01 3.804738e+00 2.195065e+00 1.505405e+00 -8.434564e-01 9.859449e-02 -2.741869e+00 3.897601e-01 -2.293064e+00 3.040105e+00 1.542369e-01 -1.970933e+00 -1.012459e+00 -2.408498e+00 1.290592e+00 -9.750023e-01 -4.963425e-01 -1.072197e+00 2.196236e-01 
1.114548e+00 1.692412e+00 -1.269491e+01 1.300104e+00 4.859778e+00 3.534861e+00 2.201194e+00 -7.221439e+00 3.208563e+00 4.114458e+00 6.571276e+00 7.241964e-04 4.308251e-01 -5.866105e+00 -2.717186e-01 -6.269606e-01 3.540737e+00 -1.018466e+00 -3.072927e+00 -1.535838e+00 -1.633592e-01 5.902395e-01 -1.092968e+00 -1.340027e+00 -1.788184e+00 2.408318e-01 
-1.047342e+01 -3.615431e-01 -5.184835e+00 1.048881e+01 6.401212e+00 -4.108715e+00 -5.644272e+00 -4.555016e+00 6.767101e+00 3.439525e+00 9.809434e-01 5.170260e-01 6.557666e-01 -6.771192e+00 -2.776847e-02 2.218891e+00 3.134802e+00 -1.345117e+00 -1.808294e+00 -8.118188e-01 1.744595e+00 4.475808e-01 -2.598448e-02 -9.495841e-01 -4.698892e-01 1.766755e-01 
-1.710949e+01 -3.097989e+00 -9.247843e+00 9.412693e+00 6.801314e-01 -5.744445e+00 -4.078942e+00 -1.050332e+00 1.962287e+00 1.544635e+00 7.920446e-01 -3.446436e+00 7.742804e-01 -3.440444e+00 1.107071e+00 -4.901255e-01 1.029388e+00 -2.546473e+00 -5.627795e-01 1.268030e-01 -7.277799e-01 1.136992e+00 -1.095016e+00 -1.616003e+00 -9.994055e-01 1.071784e-01 
-1.468605e+01 3.356602e+00 -8.673893e+00 1.020008e+01 1.747352e+00 1.128476e+00 1.218362e+00 -5.473091e+00 6.665780e+00 3.350054e+00 -3.528999e-01 -1.469322e+00 8.102446e-01 5.980606e-02 2.387070e+00 -1.849159e+00 -9.877714e-01 -3.130441e+00 9.689028e-01 1.373089e+00 3.276962e-01 -3.641338e-01 -1.265234e+00 -3.697628e-01 -3.816864e-01 6.859302e-02 
-1.398135e+01 5.368696e+00 -1.340100e+01 6.591408e+00 -5.545659e+00 -1.897632e+00 -5.961082e-01 -1.040130e+01 8.944184e+00 -1.315887e+00 -8.418181e-01 -4.003129e+00 8.894783e-01 9.775497e-01 1.918123e+00 -4.360636e-01 -1.835194e-02 -8.418684e-01 1.270709e+00 -8.163705e-02 7.918564e-01 -4.845642e-01 1.021177e-01 -2.134060e-01 2.918986e-01 4.064531e-02 
-1.173846e+01 7.340466e+00 -1.235405e+01 6.960597e+00 -6.138098e+00 -1.187608e+00 -5.202430e-01 1.758950e+00 1.455483e+00 -1.456385e+00 -5.093935e-02 -1.113059e+00 9.411327e-01 1.398117e-01 5.671023e-01 1.276236e+00 8.208078e-01 1.011150e-01 1.148845e+00 -6.896231e-01 1.187946e+00 -1.051861e+00 2.425609e-01 1.294300e-01 1.522475e-01 2.806538e-02 
-1.369554e+01 4.500694e+00 -9.588081e+00 1.094067e+01 4.135141e-01 1.767144e+00 -3.617825e+00 -7.070696e-01 2.144614e+00 4.458443e+00 -4.259656e-01 -2.165074e+00 9.120628e-01 9.264679e-02 3.107262e-01 1.755133e+00 1.053888e+00 1.444297e+00 2.118435e+00 -1.870268e-01 6.751040e-01 1.144444e-01 5.356184e-01 4.453122e-02 2.832060e-01 1.297756e-02 
-1.412990e+01 6.626114e+00 -4.199173e+00 1.212949e+01 -7.266591e-01 5.040312e+00 -7.188951e-01 -4.380475e+00 4.806260e+00 1.675694e+00 8.632386e-02 -1.627112e+00 9.392792e-01 -1.824184e-01 2.404221e-01 7.048365e-01 2.646816e-01 5.220548e-01 1.104067e+00 8.180229e-01 -2.078263e+00 2.745386e+00 -6.772449e-01 2.902024e-02 -1.700929e-01 8.602107e-03 
-1.232240e+01 7.279502e+00 -8.702780e+00 9.276404e+00 -1.029893e+00 5.580583e+00 -1.431916e+00 -3.956069e+00 7.841018e+00 -2.038341e-01 -6.877936e-01 -2.330073e+00 9.552929e-01 -9.886933e-03 5.124208e-01 -3.147778e-01 -1.365037e+00 -8.645512e-01 1.468953e-01 2.339293e+00 -2.422759e+00 2.552652e+00 -1.356083e+00 7.468815e-01 7.804929e-01 2.483058e-03 
-1.333712e+01 7.153172e+00 -9.272518e+00 9.116140e+00 -2.806120e+00 2.426009e+00 2.476917e+00 -7.007864e+00 1.233421e+01 -2.511471e+00 2.250759e-01 -1.881025e+00 9.625282e-01 -9.186161e-01 -1.208810e+00 -1.385488e+00 -1.893596e+00 -5.823368e-01 -3.786174e-01 2.128463e+00 -2.267834e+00 9.657957e-01 -5.138053e-01 -4.928148e-01 1.200089e+00 -1.263855e-02 
-1.414137e+01 6.799269e+00 -8.625298e+00 5.622164e+00 -2.869511e+00 3.808772e+00 6.480732e+00 -1.150717e+01 1.114390e+01 -2.283880e-01 3.239066e+00 1.864347e+00 9.128536e-01 -2.172707e-01 -8.304743e-01 3.756600e-01 -1.359606e+00 7.617726e-02 -1.938642e-01 1.485014e+00 -1.151988e+00 -8.233811e-01 3.899016e-01 -2.558758e-01 5.931899e-01 -3.050303e-02 
-1.781350e+01 8.221787e-01 -1.116535e+01 4.488625e+00 -2.718534e+00 4.033131e+00 5.967095e+00 -1.194409e+01 7.983799e+00 -8.810556e-01 -4.341180e+00 2.276124e+00 8.973061e-01 -4.601381e-01 -1.754471e+00 2.863756e-01 -1.825490e+00 1.039475e-01 -1.130499e+00 4.601830e-01 8.043213e-02 -1.700388e+00 2.328484e+00 1.227442e+00 5.065669e-01 -4.940214e-02 
-1.117056e+01 6.292628e+00 -5.878063e+00 4.792130e+00 -6.927998e-01 3.807702e+00 4.248066e+00 -7.247895e+00 5.899319e+00 9.304661e-01 3.159551e-01 -1.442698e+00 8.353888e-01 9.034046e-01 -9.488373e-01 1.434525e+00 -1.352679e+00 7.376181e-01 -2.299189e+00 -1.421729e-01 2.096261e+00 -1.907508e+00 1.254630e+00 5.327555e-01 -1.456786e+00 -6.699242e-02 
-1.712321e+01 -1.365862e+00 -9.214258e+00 4.037075e-01 -3.374738e+00 -3.225948e+00 5.894165e+00 -8.735342e+00 6.454560e+00 8.551522e+00 7.823839e+00 2.305331e+00 7.542499e-01 2.699727e+00 -2.443105e-01 2.658982e+00 -1.138709e+00 1.357447e+00 -2.887269e+00 8.276219e-01 3.068633e+00 -2.033362e+00 -9.140837e-01 8.911153e-01 -1.522760e+00 -1.058388e-01 
-9.969484e+00 3.149103e+00 -2.428221e+00 9.012246e-01 1.146682e+00 -4.057634e+00 5.806334e+00 -2.630246e+00 2.370975e+00 1.328473e+00 -1.796664e-01 -5.434188e+00 6.494195e-01 3.532395e+00 -2.087998e+00 2.084970e+00 -2.262894e-01 1.386904e+00 -2.749339e+00 -5.590154e-01 1.771667e+00 -3.033714e+00 -2.698257e+00 -2.100631e+00 2.979718e-01 -1.718531e-01 
-4.915407e+00 1.172388e+00 4.046345e-01 7.405314e-01 3.148961e+00 -6.470549e+00 9.326071e+00 1.090249e+00 -4.188381e-01 -5.650477e+00 3.622077e-01 -3.341930e+00 4.610966e-01 6.058827e+00 -1.253730e+00 2.225443e+00 1.340031e+00 1.809360e+00 -1.458311e+00 -2.981875e+00 1.389012e+00 -4.002250e+00 -3.099406e+00 -2.644959e+00 9.499548e-01 -2.258212e-01 
3.875065e-01 -5.416487e+00 -2.626617e-01 3.492272e+00 2.979873e+00 -8.316694e+00 -2.629639e-01 -3.302354e+00 -5.832553e+00 -5.459820e+00 -6.456387e+00 2.870792e+00 1.226999e-01 4.922151e+00 -1.350589e+00 -1.278183e-02 7.461258e-01 1.232595e+00 6.978537e-01 -3.554069e+00 4.445458e-01 -3.055826e+00 7.181493e-01 -4.506401e-01 1.937672e+00 -2.174017e-01 
7.992426e+00 -3.351717e+00 8.301761e-01 5.808337e+00 4.755466e+00 -8.387971e+00 -5.980563e+00 -1.454228e+00 -9.454926e+00 -3.551360e+00 -2.262594e+00 2.902615e+00 -1.114964e-01 2.558518e+00 5.002988e-01 -1.326200e-01 -2.024520e-01 8.800880e-01 3.248742e+00 -2.334650e+00 3.945974e-01 -8.009655e-01 2.530359e+00 7.664585e-01 1.398103e+00 -1.498771e-01 
8.187355e+00 -1.341789e+00 -2.704901e+00 2.097951e+00 6.506406e+00 3.903449e-01 -4.310692e+00 8.647215e-01 -8.390110e+00 3.869661e+00 -1.120466e+00 1.131899e+00 -1.512927e-01 7.759647e-02 1.622691e+00 8.124754e-01 -1.098143e+00 4.519060e-02 3.482162e+00 8.271889e-02 1.666019e+00 2.016292e+00 1.152063e+00 1.685402e+00 -2.666414e-02 -5.877814e-02 
3.977261e+00 1.636533e+00 9.626541e-01 4.254317e-01 5.786134e+00 5.419640e+00 -3.233160e-01 9.796976e-01 -3.144887e+00 2.336575e+00 1.526540e+00 4.518034e+00 -1.512927e-01 -2.071105e+00 7.767445e-01 8.750328e-01 -1.299808e+00 -4.736416e-01 1.960482e+00 9.920329e-01 5.508877e-01 2.607028e+00 6.716283e-01 1.462307e+00 2.020096e-01 -7.959247e-03 
2.783072e+00 2.028428e-01 3.733476e+00 6.930089e-01 2.690491e+00 2.190310e+00 -2.677993e+00 3.810779e+00 1.093889e+00 -2.643471e+00 7.605472e-02 1.929762e+00 -1.512927e-01 -1.591600e+00 7.623015e-02 1.596255e+00 -3.639650e-01 -7.330508e-01 -9.729385e-04 1.935123e-01 3.395926e-01 2.520530e+00 4.951860e-01 1.528972e+00 2.295473e-01 0.000000e+00 
3.390427e-01 -2.403103e-01 1.986151e+00 1.176858e-02 4.295214e+00 5.144558e-01 -1.836748e+00 -1.728182e-01 -1.161788e+00 3.063348e+00 4.450682e+00 3.513731e+00 -1.512927e-01 -5.022215e-01 -2.603325e-01 4.199986e-01 -3.998707e-01 -7.726341e-01 -7.912558e-01 -6.223496e-01 5.707453e-01 9.220223e-01 1.477136e+00 1.272052e+00 2.043866e-01 0.000000e+00 
2.048462e+00 -2.221644e-02 4.764624e+00 4.849575e-01 3.586612e+00 2.838072e+00 -2.586414e+00 3.138943e+00 3.220989e+00 5.982204e+00 5.062324e+00 2.781786e+00 -1.512927e-01 5.027695e-02 -6.741810e-03 2.233315e-01 -3.659981e-01 -5.770754e-01 1.020780e-02 3.555124e-01 5.128512e-01 4.212635e-02 2.149753e+00 7.598565e-01 4.739565e-01 0.000000e+00 
1.833458e+00 4.474005e-01 2.547073e+00 -1.469896e+00 1.474904e+00 1.139480e+00 -3.480854e+00 4.169343e+00 4.016739e-01 5.409419e+00 5.393666e+00 5.113955e+00 -1.512927e-01 4.323549e-01 4.470590e-01 6.427524e-02 5.119585e-01 -3.643449e-01 1.271338e+00 6.355391e-01 1.131743e+00 5.134091e-01 1.207162e+00 8.030327e-01 8.953001e-01 0.000000e+00 
2.287249e+00 -1.747216e-01 4.569673e+00 -3.961493e-01 1.215270e+00 1.928837e+00 -7.837844e-02 4.203955e+00 5.227896e-01 6.932261e+00 3.403845e+00 3.499433e+00 -1.512927e-01 4.244175e-01 8.562521e-01 -6.366560e-01 -6.420493e-02 -9.464272e-01 1.279492e+00 6.519524e-01 6.994764e-01 7.807427e-01 9.623426e-01 3.599205e-01 3.488856e-01 0.000000e+00 
2.381424e+00 2.071237e+00 2.405003e+00 3.012114e+00 3.659161e+00 7.325764e+00 8.692950e-02 4.953391e+00 2.754358e+00 8.624131e+00 9.295085e+00 7.631409e+00 -1.512927e-01 5.186539e-01 1.538574e-01 -8.538830e-01 3.859332e-01 -7.140967e-01 9.004282e-01 3.110518e-01 -1.543751e-01 1.314809e+00 8.468078e-01 4.539437e-01 -4.048710e-02 0.000000e+00 
3.896566e+00 3.447126e+00 1.652379e+00 -2.077072e+00 -2.237653e+00 6.142390e+00 -1.110544e+00 6.244300e+00 5.948361e+00 9.186562e+00 4.911217e+00 3.267487e+00 -1.512927e-01 2.614325e-01 -3.090472e-01 -6.004254e-01 -4.179876e-02 -2.135859e-01 -8.346689e-02 -8.000141e-01 -8.825622e-01 4.999777e-01 6.416655e-01 3.009224e-03 -1.504942e-01 0.000000e+00 
3.622068e+00 -5.942361e-01 -2.636948e-01 1.300232e+00 -3.691185e-01 3.534844e+00 -1.409512e+00 2.377295e+00 4.262935e+00 8.516308e+00 6.909698e+00 5.027492e+00 -1.512927e-01 6.501427e-02 -7.048631e-01 -5.384282e-01 -9.709195e-01 8.233185e-01 -7.749149e-01 -8.495013e-01 -1.020767e+00 9.394233e-02 -1.063195e-01 -8.858759e-01 -7.842971e-01 0.000000e+00 
2.974089e+00 -3.872211e-01 2.901895e+00 2.507982e-01 2.161480e+00 3.406963e+00 -3.330228e+00 1.079192e+00 2.268389e+00 1.019450e+01 4.611584e+00 4.048921e+00 -1.512927e-01 -2.276905e-01 -7.689048e-01 1.170488e-01 1.090322e-01 1.840945e+00 1.890165e-01 -2.338986e-02 -8.646420e-01 -5.493631e-01 -1.477276e+00 -7.075233e-01 -7.579833e-01 0.000000e+00 
3.167734e+00 4.640950e-01 -9.118962e-01 -3.006418e+00 5.576187e+00 4.818903e+00 -3.050735e+00 2.432109e+00 5.064055e+00 7.588564e+00 5.015522e+00 3.319206e+00 -1.512927e-01 -1.710070e-01 4.363998e-01 1.277614e+00 6.924834e-02 6.579489e-01 2.664208e-01 6.765921e-02 5.133787e-01 -3.832455e-02 -1.762087e+00 -7.760332e-01 -1.003847e+00 0.000000e+00 
2.985281e+00 -9.265637e-01 2.561723e+00 6.214137e-01 3.994420e+00 6.445443e+00 -4.068817e-01 1.893683e+00 2.800985e+00 2.264051e+00 2.320689e+00 3.317135e-01 -1.512927e-01 -2.213353e-01 4.588824e-01 1.583691e+00 -1.862213e-01 5.252378e-02 4.900573e-01 3.307177e-01 1.151617e+00 2.577522e-01 -1.423273e+00 -5.318028e-01 -6.572515e-01 0.000000e+00 
2.761437e+00 1.857434e+00 6.294463e+00 1.461166e+00 2.004157e+00 3.347708e+00 -2.532889e+00 4.536943e+00 3.805014e+00 3.671096e+00 4.174980e+00 1.866860e+00 -1.512927e-01 -2.059725e-01 3.106391e-01 1.956540e+00 6.810781e-01 1.440165e-01 -1.957686e-01 4.892527e-01 7.919372e-01 -5.735034e-01 -9.349882e-01 -4.547668e-02 1.683772e-01 0.000000e+00 
2.070560e+00 1.210522e+00 7.217169e+00 -2.914100e+00 4.210114e+00 6.592847e+00 -1.935562e+00 5.784861e+00 4.186671e+00 5.036869e+00 2.372841e+00 1.488836e+00 -1.512927e-01 4.755278e-02 8.024656e-01 9.395155e-02 5.633134e-01 4.870756e-02 -6.000760e-01 4.239326e-01 -1.265336e-01 -1.161371e+00 -7.078454e-01 -4.263501e-02 2.433711e-02 0.000000e+00 
2.595232e+00 9.487475e-01 6.543078e+00 2.166729e+00 6.188422e+00 3.766358e+00 1.598696e-01 4.446207e+00 1.503695e+00 1.527214e+00 4.762063e+00 3.582531e+00 -1.512927e-01 5.013076e-01 6.687446e-01 -1.062178e+00 1.162549e+00 8.589419e-01 3.975391e-01 -7.968416e-02 -3.888009e-01 -2.286564e+00 -1.675208e+00 -1.239127e+00 -6.294404e-01 0.000000e+00 
3.306148e+00 3.540107e+00 2.907173e+00 3.085199e+00 2.145824e+00 3.235738e+00 3.664021e-01 1.306383e+00 -1.855209e+00 -2.032350e-01 1.813973e+00 -4.044365e-01 -1.512927e-01 7.465733e-01 8.872143e-01 -6.013575e-01 1.136600e+00 -1.520241e-01 -1.088503e+00 7.421623e-01 4.003658e-01 -1.546866e+00 -2.346405e+00 -2.506942e+00 -1.108076e+00 0.000000e+00 
4.650182e+00 4.036364e+00 3.138568e+00 4.274263e+00 7.331010e+00 7.013958e+00 -4.082292e+00 4.832177e+00 -4.606864e+00 -2.084892e+00 -1.741218e+00 -3.337055e-01 -1.512927e-01 7.691288e-01 8.328298e-01 7.735274e-02 -2.551233e-01 -4.152734e-01 2.969113e-01 1.193525e+00 7.020256e-01 -5.511351e-01 -8.795841e-01 -2.457026e+00 -8.919293e-01 0.000000e+00 
4.775952e+00 4.102785e+00 5.912637e+00 1.715136e+00 2.878699e+00 -4.734681e-01 3.896330e+00 7.593705e+00 -4.923798e-01 -4.889102e+00 -6.910228e+00 -2.093426e+00 -1.512927e-01 4.503227e-01 2.375897e-01 2.297334e-01 -8.671458e-01 2.466443e-01 2.916470e-01 9.944910e-01 1.687598e+00 8.505486e-01 3.464576e-01 -8.474913e-01 6.717691e-01 0.000000e+00 
5.705974e+00 4.831558e+00 5.427110e+00 1.576145e+00 3.745618e+00 7.105517e+00 4.362529e+00 4.812674e+00 -1.933395e+00 -5.277731e-01 -3.160967e+00 -3.262085e-02 -1.512927e-01 3.150907e-01 -8.279229e-03 8.955743e-02 -6.864668e-01 3.291149e-01 1.067753e+00 1.003183e+00 -2.848716e-02 5.194521e-01 9.589437e-01 4.019127e-01 1.158958e+00 0.000000e+00 
5.029865e+00 4.330459e+00 2.911570e+00 9.852958e-02 5.171742e+00 4.648193e+00 1.116446e+00 9.754127e+00 1.060799e+00 7.504935e-01 -1.713609e+00 2.803867e+00 -1.512927e-01 6.913125e-01 -2.398710e-02 -3.242414e-01 5.521536e-01 1.719918e+00 2.436839e+00 3.478880e-02 -8.234924e-01 -4.797877e-01 8.423670e-01 1.059900e+00 1.324205e+00 0.000000e+00 
6.098679e+00 3.881131e+00 5.086889e+00 1.650233e+00 7.830063e+00 9.791892e+00 2.323564e+00 3.609530e+00 -2.786193e+00 -1.099714e-01 -2.329964e+00 3.012437e+00 -1.512927e-01 4.418990e-01 -4.440162e-01 3.794534e-01 7.793168e-01 1.464217e+00 1.200593e+00 1.503845e-01 -1.176229e+00 -5.837068e-01 1.020982e-01 -9.961011e-01 -4.842847e-01 0.000000e+00 
8.036162e+00 4.458063e+00 4.461541e+00 4.438860e+00 9.436067e+00 1.036754e+01 5.089757e+00 4.077814e+00 -2.464919e+00 -8.861680e-01 -2.026230e+00 3.005069e+00 -1.512927e-01 6.945246e-01 2.589137e-01 5.756450e-01 8.405186e-01 -3.763052e-01 1.030320e+00 5.786274e-01 -2.692425e+00 -5.459774e-01 1.056491e-01 -1.442452e+00 -2.011724e+00 0.000000e+00 
6.412320e+00 2.547675e+00 6.549392e+00 3.302563e+00 8.934543e+00 1.024881e+01 3.127797e+00 1.769684e+00 -3.089070e+00 8.010488e-01 -7.985162e+00 -2.554646e+00 -1.512927e-01 5.942089e-01 8.249191e-01 7.162712e-01 7.250780e-01 -4.761938e-01 -5.954543e-01 -5.461967e-01 -1.303888e+00 1.615927e-01 -1.128009e-01 -8.194839e-01 -3.361092e+00 0.000000e+00 
8.345668e+00 6.291755e+00 5.058543e+00 3.474957e+00 2.737977e+00 9.571336e+00 3.607467e+00 -2.788076e+00 -1.517649e+00 8.232287e-01 -6.098269e+00 -4.471211e+00 -1.512927e-01 5.673143e-01 9.664758e-01 1.010432e+00 4.419840e-01 -3.865180e-02 -7.039598e-01 -5.586340e-01 1.464009e-01 6.314960e-01 -4.694156e-01 -7.295389e-02 -2.238331e+00 0.000000e+00 
8.914970e+00 7.088881e+00 8.369743e+00 5.757574e+00 8.798139e+00 7.212722e+00 3.337255e-01 5.230350e-01 -2.451864e+00 -1.528674e+00 -4.391365e+00 -1.005488e+01 -1.512927e-01 7.693917e-01 9.672414e-01 7.653245e-01 6.183739e-01 7.325968e-01 -4.971601e-01 1.217807e-01 1.554814e+00 8.817662e-01 -8.630479e-01 9.504898e-01 -3.728902e-01 0.000000e+00 
9.621408e+00 7.019840e+00 8.603523e+00 5.421274e+00 9.311009e+00 8.365786e+00 3.693623e+00 5.433144e+00 3.739579e-01 -2.068384e+00 -4.187898e+00 -4.436468e+00 -1.512927e-01 3.257919e-01 1.387128e-01 7.323741e-01 3.556335e-01 1.365894e+00 -1.258038e-01 3.532208e-01 2.135255e+00 6.609036e-01 -6.322936e-01 4.024208e-01 5.687900e-01 0.000000e+00 
