5.129905e+00 2.103402e+00 -2.051073e-01 -3.239246e+00 -3.751737e+00 -1.331777e+00 -1.786131e+00 -1.723223e+00 -8.293415e-01 -4.061349e-01 9.474353e-01 6.081028e-02
-4.935692e-01 -5.964380e+00 3.197731e+00 1.584292e+00 -3.481487e+00 1.264284e+00 -2.684607e+00 -3.114297e+00 -5.761445e-01 -1.340072e+00 -8.530546e-01 -4.388230e-01
4.186553e+00 5.152659e-01 -1.694456e+00 -3.072714e+00 -3.365338e+00 -4.591552e-01 -1.069963e+00 -9.160603e-01 -8.280700e-01 -3.983875e-01 1.857301e+00 1.261329e+00
4.249678e+00 2.989965e+00 1.006775e+00 -1.242663e+00 -2.030105e+00 -1.588235e+00 -1.929666e+00 -2.218235e+00 -1.053519e+00 -1.240846e+00 -9.017493e-01 -1.162458e+00
-4.647762e-01 -5.894536e+00 2.401865e+00 8.912575e-01 -3.357574e+00 5.624505e-01 -2.899170e+00 -6.067646e+00 -7.613804e-01 -1.758352e+00 4.704086e-01 -5.859299e-01
7.083570e-01 -1.308813e+00 -1.383435e+00 -3.764188e+00 -3.975969e+00 2.847964e+00 -2.488896e+00 2.615521e+00 1.671991e+00 2.833311e-01 1.080244e-01 1.437574e+00
2.516232e+00 -1.190586e+00 -1.962744e+00 -1.686764e+00 -3.223866e+00 -4.385782e-01 -2.750273e-01 1.779729e+00 -4.888394e-01 -3.004088e-01 4.375896e-01 1.088237e+00
-1.563952e-01 -2.661851e+00 -1.572774e+00 -4.279292e+00 -2.960619e+00 5.628696e+00 -2.207742e+00 1.963500e+00 1.414319e+00 -4.735863e-01 -5.700223e-01 8.766366e-01
9.539255e-01 -7.020230e-01 -1.441546e+00 -1.768963e+00 -3.517206e+00 5.571727e-01 -2.076960e+00 1.817241e+00 4.757310e-01 4.243732e-01 5.682033e-01 1.671009e+00
2.217073e+00 2.438091e+00 2.511478e+00 1.220190e+00 9.304305e-02 -1.381737e+00 -1.327517e+00 -1.235141e+00 -1.473171e+00 -2.043870e+00 -2.261444e+00 -1.758022e+00
9.741516e-01 -9.108132e-01 -9.410814e-01 -2.231162e-01 -2.716668e+00 -9.039898e-01 -6.440424e-01 1.979181e+00 -5.777246e-01 6.867729e-01 9.275614e-01 1.572035e+00
-9.617543e-01 -3.449704e+00 -1.206090e+00 -3.609024e+00 -1.793107e+00 6.291206e+00 -8.078874e-01 1.597956e+00 -2.406677e-01 -3.783188e-02 -1.388295e+00 -2.161773e-01
-1.320276e-01 -2.326453e+00 2.147727e+00 1.550740e+00 -2.027545e+00 1.208607e+00 2.345480e-01 1.255340e+00 1.345122e+00 6.799349e-01 -5.790546e-01 5.470856e-01
-4.597320e-02 9.348394e-01 -7.985603e-01 7.570134e-01 -1.419154e+00 1.667209e+00 4.307160e-01 1.722616e+00 2.086984e+00 -1.630775e+00 -2.551884e+00 -1.350314e+00
3.270105e-01 -3.330051e+00 -1.094066e+00 7.912623e-01 -1.194722e+00 -3.882298e-01 -8.317563e-01 -4.604541e+00 -1.320487e+00 -1.853579e+00 7.946858e-01 6.138973e-02
-1.558289e+00 -3.435934e+00 -9.401684e-01 -2.665000e+00 2.802990e-01 5.043155e+00 1.264536e-01 1.142444e+00 -2.900356e+00 6.458457e-01 -1.107542e+00 -2.402584e-01
-1.628883e+00 -3.393788e+00 -5.913616e-01 -1.697691e+00 2.459152e+00 3.533979e+00 -3.907352e-01 -2.741680e-01 -3.940719e+00 1.313747e+00 -3.269887e-01 3.673288e-01
5.234954e-01 3.546160e-01 -1.288659e+00 5.303155e-01 5.558777e-02 9.143251e-01 -6.350255e-03 5.774893e-01 7.408412e-01 -1.785347e+00 -1.804955e+00 -2.254093e+00
1.290635e+00 1.549429e+00 1.220048e+00 1.385609e+00 1.312291e+00 -3.337098e-01 -1.118132e-01 1.059690e+00 -9.677569e-01 -3.272979e+00 -3.198858e+00 -2.638723e+00
7.676761e-01 4.434885e-01 1.585893e+00 8.832707e-01 -8.498651e-01 -9.561657e-01 1.221177e+00 -3.973268e-01 -1.580509e+00 -3.107287e-01 5.721078e-01 -4.055788e-01
-4.137235e-01 -1.389415e+00 -3.967200e-01 2.331635e+00 1.675166e+00 -5.021742e-01 -1.223089e+00 -1.997378e+00 1.683245e+00 -1.476503e-01 1.334376e-02 -6.050989e-01
-1.326081e+00 -2.718626e+00 5.260336e-01 -9.872254e-01 4.429809e+00 1.339310e+00 -5.921491e-01 -5.720990e-01 -3.347099e+00 2.279563e+00 -1.080744e-01 5.375314e-01
-2.228177e-01 -1.613584e+00 8.260080e-01 1.556603e+00 3.642033e+00 -6.359345e-01 -1.181818e-01 -2.428938e+00 1.605383e+00 1.244747e+00 -4.058533e-02 -2.642481e-01
4.474886e-01 2.891176e-01 -1.362799e+00 -2.805660e-01 9.664265e-01 -6.030319e-02 -1.610931e-01 -3.559088e-01 -3.499750e-01 -1.823170e+00 -3.890390e-01 -3.573236e+00
3.200059e-01 2.880687e-01 1.070607e+00 1.519468e+00 8.481862e-01 1.570788e-01 -7.638141e-01 -6.600268e-01 -1.573340e+00 2.373652e-01 -1.340589e-01 -4.451014e-01
-3.747640e-01 -1.857687e+00 1.106383e+00 8.815619e-01 4.467404e+00 -3.985147e-01 -1.524853e-01 -2.436509e+00 8.104767e-01 1.855694e+00 -3.901650e-01 -1.207954e-01
-8.417990e-01 -2.278530e+00 9.144233e-01 1.413467e-01 4.778932e+00 4.273075e-01 -7.686424e-01 -1.382538e+00 -1.121604e+00 2.463287e+00 -3.489173e-01 1.113566e-01
1.171727e+00 1.401160e+00 3.184567e-01 1.456217e+00 1.434406e+00 9.665386e-01 7.908322e-01 4.698031e-01 -9.614442e-01 -2.335810e+00 -2.246716e+00 -2.759354e+00
3.180410e-01 5.342491e-01 1.086707e+00 1.723183e+00 6.768259e-01 -2.291994e-01 -1.676135e+00 -1.534819e+00 -1.411592e+00 -1.025833e-01 -1.980876e-01 -7.558729e-01
1.863070e-01 7.757510e-01 -1.737016e-02 1.099130e+00 9.769430e-02 1.143816e+00 1.194161e+00 4.150331e+00 1.181291e+00 -2.311902e-01 3.547336e-01 8.266935e-01
6.137009e-01 7.835242e-01 -1.417782e-01 9.673082e-01 9.563341e-01 1.450751e+00 1.489315e+00 2.441124e+00 4.156705e-01 -1.029825e+00 3.611226e-02 2.651587e-01
-5.410045e-01 -7.271870e-01 -2.478876e-01 8.127050e-02 1.379508e+00 7.064321e-01 7.096081e-01 1.174022e+00 -7.719989e-02 1.301283e+00 2.788197e-01 6.379930e-01
4.518117e-01 -6.689654e-02 1.385342e-01 3.923871e-01 9.068014e-01 3.486657e-01 -3.844501e-01 -4.767035e-01 2.402626e-01 6.197955e-01 5.699811e-01 4.448818e-01
-7.160056e-01 -8.828312e-01 -1.102623e+00 2.257770e+00 8.793117e-01 -1.571415e+00 -1.524567e+00 -6.524901e-01 1.282515e+00 -7.573419e-01 -1.004964e+00 -6.522473e-01
1.324329e-02 -7.789618e-01 -1.562600e-01 -1.464766e+00 2.279069e-01 1.125680e+00 -9.183315e-01 9.604524e-01 1.482332e+00 -1.911029e+00 6.131884e-01 4.416494e-02
3.543650e-01 7.203280e-01 -6.382148e-02 -7.561493e-01 -5.715464e-01 -1.349489e+00 -4.609166e-02 3.110275e-01 1.363665e+00 1.838248e+00 -4.192525e-01 -5.674160e-01
-2.828011e-01 -2.046697e-01 1.408022e-01 3.033962e-02 -8.206241e-02 4.866164e-01 6.851951e-01 -5.643852e-02 -9.321066e-01 -4.602733e-01 7.457473e-01 7.398556e-01
-1.080843e-01 1.082092e-01 5.112728e-01 -3.837073e-01 -9.409553e-01 5.768940e-01 -1.189658e-01 2.119192e-01 -4.893160e-01 -6.134531e-01 3.816935e-01 1.772595e+00
2.698029e-01 1.091743e+00 7.708293e-02 -3.479433e-01 -7.223138e-01 -3.924681e-01 3.423882e-01 5.330305e-02 -7.309790e-02 7.712823e-02 2.169781e-02 1.456188e+00
-2.536481e-01 -1.301911e-01 2.382743e-03 3.440734e-01 9.481071e-01 6.762942e-01 7.995380e-01 8.570092e-01 2.143275e+00 7.524489e-01 -2.254721e-01 -4.706214e-02
-4.336300e-01 -2.168353e-02 -5.276381e-01 -5.242167e-01 -2.879181e-02 3.545284e-01 3.011208e-01 9.116309e-01 5.269533e-01 -5.084408e-01 -3.593877e-01 -1.373248e-01
-7.618759e-01 -1.156384e+00 -7.368274e-01 3.501589e-01 4.316011e-01 -7.267253e-02 -2.599625e-01 -1.068720e+00 -6.119074e-01 3.335037e-01 6.284432e-01 -5.083244e-02
-1.559440e-01 -1.003124e+00 2.678389e-01 -1.116030e-01 8.197220e-01 9.349247e-01 4.566174e-01 1.329997e+00 1.251814e-01 -1.867066e+00 8.528852e-01 -5.256870e-01
-3.212591e-01 -5.168608e-01 -6.605773e-01 -7.085649e-01 4.668402e-01 7.881502e-01 -3.099643e-02 -1.699209e-03 -8.710150e-01 -9.632313e-01 -4.671415e-01 -2.289248e-01
-5.665016e-01 -1.231787e+00 -6.915064e-01 -3.195054e-01 -6.908793e-01 -8.493115e-01 -6.333443e-01 -7.381909e-01 9.828585e-01 1.836566e+00 2.791353e-01 -8.237345e-01
-4.273853e-02 -4.496537e-01 -4.376075e-01 -4.049847e-01 -9.296183e-02 -1.566162e-01 -3.917633e-01 -1.283491e+00 1.254436e+00 1.917375e+00 -6.628422e-01 -6.371377e-01
-3.267837e-01 -1.471928e-01 7.138721e-01 1.257140e+00 9.641790e-01 2.448297e-02 -7.063311e-01 -4.651787e-01 -8.537054e-04 1.030121e-01 -1.435828e-01 -4.347688e-01
1.648066e-01 -2.191464e-01 9.337953e-01 1.353649e+00 1.905760e-01 4.302537e-01 1.103018e+00 2.783469e-01 7.238800e-01 -1.844015e-01 5.863740e-01 5.574970e-01
-2.050629e-02 -1.029368e-01 -3.522915e-01 -2.035476e-01 -7.893512e-02 -4.572505e-01 -7.476594e-02 8.338823e-02 -1.247292e+00 -5.880022e-01 2.406989e-01 -1.152612e+00
-1.265391e-01 -4.203905e-01 8.753845e-01 6.593415e-01 2.539216e-01 7.050134e-01 1.589077e+00 1.385003e+00 2.093567e+00 -8.556888e-02 -2.242726e-01 1.530265e-01
2.878061e-01 -4.803853e-01 3.053440e-01 -3.302155e-02 -1.019020e+00 -1.222563e+00 1.286548e+00 3.987504e-01 -2.613505e-01 -4.202926e-01 9.199141e-01 3.468929e-01
2.469755e-01 4.833510e-02 -2.954069e-01 -3.833556e-01 1.251571e+00 9.335235e-01 1.080617e+00 -5.645790e-02 2.606555e-01 -6.473971e-03 7.251215e-02 1.191807e-02
1.504703e-01 -3.562711e-01 -2.841974e-01 -6.417063e-01 2.175400e-01 4.197606e-01 -4.797449e-01 -1.277933e+00 2.671912e-01 1.780138e-01 -5.490149e-01 -3.528262e-01
1.009380e+00 6.323894e-01 -8.855364e-02 2.082493e-01 -2.338946e-01 3.756547e-01 -4.580201e-01 -1.522709e-01 -7.847351e-01 -6.077692e-01 -9.410906e-01 -1.920787e+00
-1.682476e-01 -2.590786e-01 -2.547514e-01 -8.846337e-01 -7.022244e-01 -1.076970e+00 3.338329e-01 4.655145e-01 4.133716e-01 6.445298e-01 -6.660683e-01 -1.219768e+00
-7.187028e-01 -1.238069e+00 -5.676032e-01 -2.645515e-01 1.162009e+00 5.359144e-01 6.606726e-01 1.990339e-01 -1.002075e+00 2.015523e-01 1.565801e+00 9.662403e-01
-2.471289e-01 3.519681e+00 5.590988e-01 -2.225349e-01 -2.680128e-01 8.843077e-01 3.933573e-01 2.364442e+00 9.972029e-01 1.024103e+00 -1.945996e+00 -5.390320e-01
1.472925e-01 9.621834e-01 -7.529988e-02 -3.587608e-01 -9.260319e-01 -8.815482e-01 -1.150017e-01 -2.778878e-01 1.176576e+00 7.926872e-01 5.790178e-01 -4.295741e-01
2.135120e-01 6.516436e-01 3.065081e-01 5.401646e-01 -7.753158e-01 -1.694857e-01 -6.926836e-01 -1.058450e+00 -1.158222e+00 -7.553271e-01 -7.576448e-01 -5.532949e-01
-4.426449e-01 -1.022827e+00 -4.218261e-02 7.173691e-02 1.194091e+00 1.724478e+00 1.905933e-01 -5.438868e-01 -1.230430e+00 -8.118254e-01 6.427370e-01 3.330700e-01
-7.517253e-01 -3.953966e-01 -1.548735e+00 2.248709e+00 6.120223e-01 -2.660759e+00 -1.931310e+00 7.277504e-01 1.510424e+00 -9.931480e-01 -1.426832e+00 -1.292309e+00
-3.243507e-01 2.334933e+00 5.266814e-01 1.160931e+00 -2.839214e+00 1.069529e+00 3.961105e+00 -2.574956e+00 -1.228729e+00 8.657227e-01 -1.009236e+00 -5.315349e-02
-3.199252e-01 -5.638998e-02 -6.824055e-01 1.294079e-02 8.037751e-01 -5.340376e-01 -1.847542e-01 1.855872e+00 2.387876e+00 1.807115e+00 1.290354e+00 1.557333e+00
-1.073201e-01 1.008986e-01 -8.085717e-01 -1.388699e+00 -3.644849e-01 -2.919976e-01 -3.552270e-01 1.256424e+00 2.523526e+00 1.579506e+00 8.132755e-01 8.282160e-01
-9.008344e-01 6.629181e-01 2.072702e+00 6.184352e-01 -1.657026e-01 4.011498e-01 7.348075e-01 -4.978647e-01 2.120136e-01 -1.283300e+00 -8.741686e-01 9.345861e-02
-2.811108e-01 -2.883772e-01 -6.558788e-01 -2.149790e-01 7.719361e-01 9.000731e-01 1.336166e+00 1.387757e-01 -7.539920e-01 -5.961358e-01 -1.154303e+00 -6.452552e-01
-3.924338e-01 -1.896164e-01 -1.970971e-01 1.053141e+00 1.343265e-01 -7.995546e-01 -1.575679e+00 2.626377e-01 1.417350e+00 8.380960e-01 -6.618875e-01 -5.880650e-01
3.823477e-01 2.619409e-01 2.825379e-01 -2.495475e-01 -4.022607e-01 8.859515e-03 -3.631157e-01 -2.611512e-01 -6.628382e-01 6.734818e-02 -1.184499e+00 -6.334534e-01
-3.471262e-01 1.407467e-01 -1.481121e-01 1.872828e+00 -1.005877e+00 -1.860315e+00 1.382761e-01 1.675889e+00 1.619432e-01 -2.976523e-01 -1.287993e+00 -7.997530e-01
-4.034548e-01 1.033389e-01 -7.509998e-01 1.866949e+00 -9.139244e-02 -2.630070e+00 1.291662e-01 1.255324e+00 8.784437e-01 -2.795646e-02 -1.581275e+00 -6.917055e-01
-1.748232e-01 1.080061e+00 -8.067916e-01 -4.001144e-01 9.130499e-01 2.783388e-01 1.930018e+00 -7.280149e-02 3.131829e-01 1.776721e+00 -1.094907e+00 -2.039267e-01
4.259634e-02 -3.089033e-01 7.547225e-01 1.358180e+00 -1.284824e+00 -1.739875e+00 7.383041e-01 1.719793e+00 1.485967e-01 -2.910368e-01 -1.568023e+00 4.048891e-02
-7.072266e-01 1.197545e-01 -1.530752e+00 2.041421e+00 4.411991e-01 -3.456074e+00 -5.714083e-01 8.307977e-01 1.470984e+00 -9.102238e-01 -1.614623e+00 -1.063186e+00
-9.659504e-01 7.760887e-02 1.236375e+00 -1.402565e+00 1.823034e+00 1.917135e+00 -1.300788e+00 1.151951e-01 1.388176e+00 -4.024665e+00 1.702551e+00 -8.861104e-01
4.533090e-01 -1.934860e-01 1.076522e+00 1.193636e+00 -1.345708e+00 -1.042600e+00 3.194857e-01 2.341983e+00 -3.167285e-01 3.660583e-01 -1.485169e+00 6.892502e-01
-9.169814e-01 -4.007557e-01 -6.566687e-01 4.974008e-01 7.190014e-01 -3.392588e-01 -4.884205e-01 2.362239e+00 3.549110e+00 1.839090e+00 -6.375777e-01 -4.192238e-01
-6.439843e-01 4.735315e-01 5.898458e-01 -5.000170e-01 8.708679e-01 5.060059e-01 1.918452e-01 1.443979e+00 1.927026e+00 -2.112036e+00 -6.558149e-01 -9.945911e-01
1.932360e-01 -4.470918e-01 -4.654060e-02 -1.055065e+00 1.752520e+00 -1.276459e+00 -9.789416e-01 -1.890857e+00 -1.021853e+00 -9.040956e-01 1.593421e+00 -1.913228e+00
-1.437576e-01 1.426728e+00 -1.092312e+00 -5.836463e-01 1.075752e+00 1.048825e-01 9.723300e-01 -4.529620e-01 5.432304e-01 3.247144e+00 -1.215801e+00 -8.333675e-02
-1.094575e+00 3.176005e-01 2.511316e+00 7.708586e-01 1.788931e+00 9.446239e-02 -3.971987e-01 -8.791037e-01 4.378304e-01 -1.475284e+00 -4.692393e-01 4.593375e-01
-4.249844e-01 4.361966e-01 6.573452e-01 -4.525007e-01 2.043813e+00 2.450238e+00 -1.112308e+00 -1.488792e+00 6.103901e-01 -3.162601e+00 1.655218e+00 -5.477077e-02
4.176852e-01 3.404268e-01 7.812069e-01 8.350013e-01 -9.052784e-01 -2.265326e+00 1.139691e+00 1.673120e+00 -3.932316e-01 2.820285e-01 -1.131324e+00 1.321369e+00
-5.728999e-01 -5.183821e-01 1.286394e+00 -1.067786e+00 3.957737e-01 -9.490951e-01 -1.512178e+00 -9.717962e-01 -9.657378e-01 3.951204e-01 9.603936e-01 2.383532e+00
6.036921e-01 3.914419e+00 3.520966e-03 2.064594e+00 -4.700946e+00 7.498863e-01 5.236979e+00 -3.671697e+00 -2.305707e+00 1.275472e+00 6.264291e-01 -1.363071e+00
-4.553699e-01 4.439593e-01 9.385523e-01 9.170876e-01 2.108575e+00 1.277347e+00 -2.424123e-01 -2.408883e+00 -1.475426e-01 -2.356921e+00 1.495157e+00 4.877079e-01
2.492714e-01 9.735929e-01 1.032445e+00 -2.517748e-01 -4.455681e-01 -2.481584e+00 9.450664e-02 1.538658e+00 -2.737735e-01 -1.712333e-01 2.281418e-02 1.314568e+00
-8.689265e-01 1.175693e-01 2.006453e+00 1.378947e+00 2.072437e+00 2.255673e-01 -3.603081e-01 -1.981791e+00 -5.269617e-01 -1.908945e+00 1.028917e+00 8.299788e-01
-1.204625e-01 -5.062639e-01 1.433410e+00 -4.048968e-01 -6.543337e-01 -5.461810e-01 -1.101795e+00 -5.506223e-01 -8.873903e-01 5.185668e-01 -2.916610e-01 2.122102e+00
-2.158933e-01 -3.483783e-01 9.871296e-01 -3.582853e-01 3.148053e+00 -8.352040e-01 -3.704586e-01 -1.430158e+00 -1.146413e+00 4.292328e-02 1.500153e+00 -1.324007e-02
-6.372264e-01 -1.026230e+00 -5.774628e-01 -1.031936e+00 -6.974183e-01 -6.886166e-01 1.346756e+00 2.250856e+00 2.614223e+00 1.095832e+00 1.525688e+00 1.421337e+00
2.981721e-01 1.538286e+00 1.342198e+00 -6.035615e-01 -9.270902e-02 -2.763217e+00 -3.878794e-01 7.916833e-01 -5.730166e-01 -7.648441e-01 6.076406e-01 1.432896e+00
-4.606720e-01 -1.128206e-02 2.213574e-01 2.079502e+00 1.447587e+00 -6.580936e-01 3.790265e+00 1.932935e+00 9.465494e-01 -3.731204e-01 -1.159044e+00 -9.255670e-01
1.022104e+00 1.810360e+00 2.037828e+00 -2.545677e-01 -7.078040e-01 -2.849089e+00 -6.907301e-01 -3.677116e-01 -5.446581e-01 -1.984836e+00 1.748716e+00 2.635483e-01
1.494867e+00 4.064503e+00 2.411087e-01 2.537419e+00 -5.287875e+00 -2.184372e-01 4.389780e+00 -4.200538e+00 -3.365384e+00 1.266316e+00 9.253107e-01 -1.163384e+00
-1.997168e-01 1.010322e-01 -1.026027e+00 2.892665e+00 1.438280e+00 -1.037388e+00 3.708558e+00 8.652507e-01 1.193270e+00 1.424767e+00 -2.246684e+00 -2.516561e-01
-8.843133e-01 -9.573795e-01 -1.078974e+00 -6.877225e-01 1.325637e+00 6.267899e-01 1.599082e+00 2.913564e+00 3.102604e+00 3.140181e+00 3.570188e+00 2.232486e+00
1.731688e+00 3.371263e+00 1.635080e+00 1.641268e+00 -3.127350e+00 -9.937326e-01 2.246510e+00 -2.480000e+00 -1.895959e+00 3.497930e-01 1.868586e+00 -6.313707e-01
-7.085180e-02 4.619242e+00 -5.013431e-01 -1.318836e+00 1.558447e+00 -1.276488e+00 7.878514e-01 2.381048e+00 -1.605365e+00 1.787578e+00 -8.831827e-01 7.977290e-01
-3.684976e-01 -2.249869e-01 -1.316783e+00 2.890592e+00 2.932896e+00 2.392051e-01 2.935940e+00 7.343298e-01 1.109341e+00 2.607922e+00 -1.314308e-01 2.303424e-01
-9.937820e-01 -5.816938e-01 -1.421898e+00 -4.861161e-01 2.829227e+00 1.450253e+00 -8.231646e-01 1.735388e+00 3.596886e+00 3.763364e+00 3.130203e+00 1.842935e+00
7.916520e-01 3.209255e+00 -3.409705e+00 -1.034387e+00 2.077002e+00 -1.827859e+00 3.156288e-01 -6.808667e-01 -2.558373e+00 2.981277e-01 1.496304e+00 1.509318e+00
-1.269603e+00 -6.519756e-01 -8.007500e-01 7.235910e-01 3.714581e+00 1.350782e+00 -4.899187e-02 7.879219e-01 1.493339e+00 2.574958e+00 3.131238e+00 8.784932e-01
5.406645e-01 6.021194e+00 -2.514092e+00 -1.312802e+00 2.349895e+00 -2.402246e+00 1.673994e+00 2.092086e+00 -2.072728e+00 2.162565e+00 8.443805e-01 1.563022e+00
