1.190652e+01 -8.568121e+00 -2.203425e+00 -1.170641e+01 -5.134795e+00 1.158792e+01 1.387479e+01 7.065287e-01 -1.061502e+01 2.305925e+00 -2.565025e+00 -1.810751e+00
1.344475e+01 -4.849768e+00 -4.565346e-01 -1.316325e+01 -1.385544e+01 1.309636e+01 9.917933e+00 6.476864e+00 -5.252276e+00 -4.952679e+00 -3.826247e+00 -3.941560e-02
1.248085e+01 -6.736230e+00 2.193618e+00 -1.466941e+01 -9.273901e+00 1.041903e+01 1.030656e+01 6.241730e+00 -6.303037e+00 -1.225953e+00 -7.001591e+00 -1.072612e+00
1.254456e+01 -1.092940e+01 -2.782925e+00 -8.196496e+00 -4.113088e+00 1.288302e+01 1.105280e+01 4.740608e-01 -9.998198e+00 3.375290e+00 -1.495706e+00 -2.139891e-01
1.226726e+01 -7.193715e+00 -2.240020e+00 -9.479456e+00 -1.100624e+01 1.421617e+01 1.065896e+01 8.839326e-01 -4.519899e+00 -8.890960e-01 -3.238416e+00 -3.010457e+00
1.397372e+01 -4.107523e+00 3.964879e+00 -1.499728e+01 -1.571234e+01 8.950986e+00 8.317947e+00 6.320269e+00 -3.453172e+00 -4.185367e+00 1.533706e+00 -2.538819e+00
1.054608e+01 -1.138684e+01 -3.999785e+00 -4.758859e-02 6.108993e+00 -3.469442e+00 3.074993e+00 2.419944e+00 -2.964754e+00 1.669114e+01 -1.146259e+01 -3.061386e+00
1.335972e+01 -1.196233e+01 -3.099652e+00 -6.661276e+00 -1.311235e-01 8.992705e+00 1.111941e+01 -2.190008e+00 -9.034853e+00 1.049685e+01 -5.291269e+00 2.016072e+00
9.230459e+00 -1.227161e+01 -3.215261e-01 -2.923483e+00 7.453782e+00 -3.350050e+00 7.027850e-01 -2.278633e-01 1.908727e+00 1.386281e+01 -1.089127e+01 -3.448848e+00
1.257603e+01 -1.140427e+01 -4.167177e+00 -6.909924e+00 4.590814e+00 4.456635e+00 9.200759e+00 -3.489547e-01 -8.425964e+00 1.236767e+01 -6.906274e+00 4.405570e-02
1.158494e+01 -1.131659e+01 -4.681429e+00 -1.667304e+00 5.717042e+00 -2.493481e+00 5.540769e+00 8.427114e-01 -4.217768e+00 1.463435e+01 -5.389833e+00 -5.627001e+00
1.450308e+01 -1.328869e+00 4.978610e+00 -1.304549e+01 -1.956195e+01 7.842446e+00 5.854998e+00 6.011008e+00 -5.645022e-01 -1.588916e+00 1.322678e+00 -4.633310e+00
9.510506e+00 -1.087425e+01 2.022354e+00 -3.120671e+00 7.603954e+00 -5.910959e+00 3.351855e-02 2.310493e+00 2.777296e+00 1.364774e+01 -1.449450e+01 -1.432213e+00
1.428601e+01 9.935880e-01 9.598632e+00 -1.499948e+01 -2.033413e+01 1.145330e+00 -7.655203e-03 8.096478e+00 -5.346475e+00 4.525000e+00 3.585401e-01 -2.852575e+00
1.026332e+01 -1.142835e+01 2.273122e+00 1.970873e-01 3.830801e+00 -5.900253e+00 -2.011696e+00 1.468909e+00 4.571116e+00 1.422491e+01 -1.698521e+01 5.562833e+00
1.280033e+01 -1.095993e+01 -5.363463e+00 -1.466741e+00 2.388069e+00 1.399821e+00 6.028678e+00 2.515495e+00 -5.363173e+00 1.366086e+01 -8.136538e+00 -1.900348e+00
1.340456e+01 1.247585e+00 1.152229e+01 -1.173708e+01 -1.468376e+01 1.231689e+00 -1.647086e+00 2.390456e+00 -1.314788e+01 5.954432e+00 1.174855e+00 -2.221578e+00
1.318942e+01 1.250811e+00 1.228133e+01 -6.282484e+00 -1.335237e+01 5.412537e+00 -1.837556e+00 1.213405e+00 -1.453182e+01 3.243269e+00 -1.333629e+00 -2.549784e+00
1.131913e+01 -7.346429e+00 2.872656e+00 3.150249e+00 4.939364e+00 -7.437001e+00 -1.948075e+00 -1.142141e+00 -6.320958e-01 6.790822e+00 -9.120523e+00 7.865874e+00
1.154021e+01 1.427667e+00 1.240290e+01 -5.643164e+00 -9.099333e+00 8.432833e+00 9.436859e-01 2.119391e+00 -1.439961e+01 1.673384e+00 -3.416298e+00 -7.387333e+00
1.226177e+01 9.950424e-01 1.179841e+01 -1.424454e+00 -1.175687e+01 1.067269e+01 5.174557e+00 1.489809e-01 -1.075767e+01 1.325164e-01 -5.176728e+00 -6.387824e+00
1.204303e+01 2.034800e+00 1.067506e+01 -8.118745e-01 -9.980279e+00 1.262377e+01 6.503830e+00 3.679354e-01 -1.171088e+01 -1.502190e+00 -4.327749e+00 -6.495990e+00
1.218001e+01 -2.559386e+00 4.332035e+00 8.551830e+00 7.200480e+00 -1.033743e+01 -6.457332e+00 2.268155e+00 -8.771435e+00 6.977299e+00 -1.126887e+00 -8.630382e-01
1.257985e+01 2.589899e+00 1.110508e+01 2.864532e-01 -9.133033e+00 1.237266e+01 6.542220e+00 5.452650e-01 -9.396563e+00 -4.591109e+00 -8.196565e-01 -9.022865e+00
-8.076131e+00 -1.338848e+01 -1.062331e+01 1.026256e+01 1.175698e+01 1.223437e+01 -9.642090e+00 -5.058107e+00 -5.712409e+00 4.932650e+00 1.441314e+01 5.309566e+00
1.348579e+01 4.610730e+00 8.545583e+00 1.741190e+00 -9.117713e+00 8.583381e+00 7.088024e+00 -2.215164e-01 -9.967833e+00 -1.467726e+00 3.146086e-01 -4.975611e+00
9.414219e+00 4.723304e+00 3.900419e+00 8.830888e+00 6.697138e+00 -1.236350e+01 -4.142246e+00 1.097926e+01 -1.581880e+01 1.000433e+01 -5.916502e+00 -5.507200e+00
-4.469764e+00 -8.342394e+00 -1.243477e+01 -1.254125e+01 -1.188022e+01 -3.531957e+00 2.753923e+00 -1.618943e+01 -1.726872e+00 -1.860074e+00 1.009946e+01 1.448586e-01
-8.330132e+00 -7.094162e+00 -1.162006e+01 6.092586e+00 2.518758e+01 1.139801e+01 -1.414472e+01 -1.158941e+01 4.991617e+00 -2.851390e+00 9.299410e+00 2.720342e+00
-2.099812e+01 4.523244e+00 4.222097e+00 -7.254105e+00 5.011827e+00 8.588749e+00 -3.726720e+00 -5.244524e-01 1.038522e+01 -5.399608e+00 9.588148e+00 7.053615e-01
7.168009e+00 3.095316e+00 7.833880e+00 1.305660e+01 5.828413e+00 -7.835605e+00 4.956461e-01 9.510906e+00 -1.199105e+01 8.953585e+00 -8.642729e+00 -1.201779e+01
-1.411244e+01 1.308909e+00 -5.387132e+00 -2.251590e+00 -4.160909e+00 -6.631870e+00 4.839241e+00 -1.306556e+01 6.103989e+00 2.599396e+00 1.509350e+01 9.056334e+00
4.908710e+00 2.037089e+00 8.562136e+00 1.773236e+01 5.041089e+00 -8.226430e+00 2.253337e+00 1.333172e+01 -7.952248e+00 8.043703e+00 -7.549164e+00 -4.980669e+00
3.688794e+00 1.651260e+00 9.607716e+00 1.678180e+01 2.824248e+00 -7.551281e+00 4.712301e+00 1.318029e+01 -8.513205e+00 9.469782e+00 -1.666591e+00 -6.282793e+00
8.267570e+00 1.329382e+01 6.967174e+00 3.383007e+00 1.587800e+00 7.552435e+00 5.260876e+00 6.838737e+00 -1.155442e+01 -8.720694e-01 -1.815305e+00 -9.752880e+00
-7.171309e+00 -1.415668e+01 -1.088196e+01 8.330205e+00 3.651819e+00 6.586536e+00 -7.358191e+00 -3.170116e+00 -1.405795e+01 -3.979061e-01 1.436005e+01 4.542471e+00
-9.948276e+00 -2.348365e+00 -4.631389e+00 1.680381e+00 -5.123435e+00 -4.409513e+00 -5.913055e+00 3.108315e+00 3.533822e+00 -3.640867e+00 -4.322646e+00 4.247176e+00
-1.382668e+00 -1.340946e+01 -8.528291e+00 -1.353870e+01 -1.207481e+01 2.582577e+00 -2.786615e+00 -7.481681e+00 -4.269751e+00 2.135792e-01 7.812421e+00 -1.632324e+00
4.416430e+00 2.367747e+00 1.095874e+01 1.517265e+01 8.451675e+00 -4.355639e+00 2.750590e+00 7.035501e+00 -3.947300e+00 9.690971e-01 -6.130298e+00 -5.744025e+00
4.785842e+00 2.082192e+00 8.947510e+00 1.466393e+01 9.532874e+00 -3.268939e+00 -1.818812e+00 4.675713e+00 -3.502951e-01 9.113007e-01 -8.106775e+00 -1.245957e+01
-7.493190e+00 -5.048283e+00 -3.885834e+00 8.656681e+00 -4.130563e+00 -5.455367e+00 -1.502200e+00 8.362841e+00 1.266078e+01 -5.102811e+00 -2.936104e+00 6.329370e+00
3.908835e+00 -3.214227e-01 8.220969e+00 1.383635e+01 4.110734e+00 -4.261408e+00 1.530603e+00 1.961138e+00 2.593932e+00 -1.322082e+00 -4.882215e+00 -1.220854e+01
4.605894e-01 -2.949670e+00 3.140134e+00 9.761918e+00 1.519155e+00 -4.556197e+00 2.047862e+00 -2.755159e+00 -6.504829e+00 -8.584589e+00 -8.365580e-01 -8.151094e+00
1.579122e+00 -2.759627e-01 8.324695e+00 1.121307e+01 3.677967e+00 -4.240689e+00 -2.351543e+00 -1.100541e+00 -6.029460e+00 -6.655264e+00 1.313667e+00 -1.042469e+00
5.747623e-01 -2.376382e+00 4.719966e-01 1.184171e+01 9.867148e-01 -7.325042e+00 8.796273e+00 4.404462e+00 -3.806766e+00 -5.331763e+00 -1.435131e+00 -5.470160e+00
-1.155767e-01 8.597267e+00 6.031620e+00 3.648818e-01 2.211883e+00 9.448378e+00 7.415714e+00 6.715195e+00 -1.005777e+01 -6.691631e+00 -2.496953e+00 -7.967112e+00
-1.133684e+00 -3.394243e+00 -3.911235e+00 7.792614e+00 -1.580962e+00 -6.260963e+00 3.234229e+00 3.564155e-01 8.342590e-01 -8.206276e+00 -2.195541e+00 -1.139724e+01
2.325878e-01 -2.588477e+00 1.984229e+00 1.125236e+01 2.893695e+00 -6.107138e+00 8.308859e-01 2.775593e+00 2.559324e+00 -9.729652e-01 8.598669e-01 -5.919331e+00
-2.204130e+00 2.211303e+00 -8.533564e-01 -7.513190e+00 -6.320743e+00 1.066305e+00 -9.548213e-01 1.511663e+00 -5.313239e+00 -4.275159e+00 -2.207648e+00 -4.297251e+00
-1.299500e+00 -3.101043e+00 -3.445400e+00 6.700385e+00 1.268554e+00 -7.541307e+00 -2.969536e+00 -3.976355e+00 1.983634e+00 1.022148e-02 1.087716e-01 -5.512361e+00
-1.152496e+01 3.014010e+00 1.193302e+00 -1.660138e+00 5.999354e+00 5.151033e+00 -5.569551e+00 3.405011e+00 9.356575e+00 -7.942952e+00 6.441537e+00 3.883387e+00
-2.928477e+00 3.465812e+00 -1.879124e+00 -3.506125e+00 -1.654763e-01 9.221182e-01 -1.876293e+00 4.823127e-01 -7.024914e+00 -7.643967e+00 3.484795e+00 -2.369996e+00
-7.285678e+00 -2.964064e+00 6.907862e-01 6.138797e+00 -2.891643e+00 -2.521224e+00 3.449306e+00 1.990355e+00 1.691761e+00 -1.991658e-01 5.633909e+00 6.248391e+00
-4.055785e+00 -1.993529e-01 -2.300828e+00 -3.625434e+00 -9.265661e-01 4.068252e-01 -6.504974e-02 -2.036744e+00 -9.063519e+00 -7.428185e+00 3.257483e+00 -2.843933e+00
-6.132708e-01 -6.090329e-01 -1.251996e+00 7.292357e+00 5.245827e+00 -3.769988e+00 1.057211e-01 8.897314e-01 2.550585e+00 -5.361473e+00 -1.917320e-01 9.061079e-01
-6.094877e+00 7.177526e+00 -1.416216e+00 2.979715e+00 1.320208e+00 1.196307e-01 -7.824193e+00 -9.241581e-01 1.164967e+01 -6.827915e-01 7.156579e-01 3.417073e+00
-4.100029e+00 4.096150e+00 -4.351510e+00 -7.139313e+00 -4.960425e+00 -2.370586e+00 1.606516e+00 -2.741544e+00 -5.440787e+00 -4.700719e+00 3.781793e+00 1.937781e+00
-7.124176e-01 1.735237e+00 1.074936e+00 9.317571e+00 3.066489e+00 -6.536674e+00 2.827655e+00 4.083889e+00 6.604373e+00 -4.587726e+00 1.662210e+00 -1.457711e+00
-1.907477e+00 -7.691567e-01 -6.983669e-01 7.272085e+00 1.265850e+00 -1.044179e+01 -1.454332e+00 -2.362225e+00 7.860785e-01 -6.524787e+00 5.362334e-01 9.661852e-01
-5.204946e+00 2.693982e+00 -5.255277e-01 4.568070e+00 -2.629087e+00 2.528181e+00 1.381648e+00 -4.051434e+00 1.169909e+00 4.496088e-01 3.765557e+00 1.160991e+00
-1.713016e+00 -5.520930e-01 -1.930603e+00 7.485499e+00 1.231461e+00 -6.463916e+00 2.289110e+00 4.332403e+00 -1.790382e+00 -9.672171e+00 -2.161798e+00 -5.132638e+00
-3.885671e+00 2.929771e+00 -3.414367e+00 -7.844213e+00 -3.938217e+00 -1.644053e+00 -2.685728e+00 5.995798e-02 -8.585314e+00 -7.411663e+00 4.103025e+00 3.219182e-01
-4.631258e+00 6.490025e+00 -2.525038e+00 -2.909080e+00 -2.182341e-01 -2.880385e+00 -6.171542e+00 1.373718e+00 6.333443e+00 -4.056561e-01 -9.590630e-01 4.896635e+00
-5.294730e+00 2.505238e+00 -5.018412e+00 -1.348894e+00 -2.520919e+00 -1.283673e+00 1.169844e-01 -1.047302e+00 3.344162e+00 2.793718e+00 5.960966e+00 4.602826e+00
-2.667197e+00 4.177320e+00 -4.871576e+00 -3.248282e+00 -1.215853e+00 -2.196768e-02 2.582436e-01 -6.263034e+00 -5.463272e+00 -3.419938e+00 2.780112e+00 3.350608e+00
-7.037032e+00 3.775620e+00 -3.921674e+00 1.208866e+00 2.762870e+00 2.173802e+00 -4.200695e+00 -7.202275e-01 6.567610e+00 -1.713117e+00 4.547109e+00 8.034182e+00
-5.088350e+00 6.121943e+00 -2.505097e+00 -3.155785e+00 1.701903e+00 5.476617e-01 -3.689654e+00 -1.336802e+00 3.508793e+00 -1.218322e+00 6.389325e-01 1.765303e+00
-4.334407e+00 7.122713e+00 4.565074e-01 3.923028e+00 5.078315e+00 8.781148e-01 -5.060822e+00 -1.846608e+00 6.149511e+00 -4.591937e+00 -3.032594e+00 4.497947e+00
-5.781733e+00 6.421198e+00 2.816367e-01 2.863698e+00 4.186345e+00 4.445765e+00 -3.258279e+00 -7.126985e-01 4.620992e+00 -8.611547e+00 3.301913e+00 8.077619e+00
-4.899950e+00 3.613428e+00 -4.282885e+00 -4.975495e+00 -4.580151e+00 -9.686907e+00 -4.217304e+00 1.029173e+00 5.202458e+00 -1.701301e+00 7.932714e+00 2.220010e+00
-1.822954e+00 1.187348e+00 -2.442820e+00 3.956360e+00 -1.684708e+00 -3.073186e+00 -2.428425e+00 -2.347906e+00 5.121391e+00 -3.626547e+00 -1.027037e+00 6.910509e-01
-4.493693e+00 5.893205e-01 -5.418930e+00 -3.428001e+00 -2.326957e+00 1.008643e+00 -3.523747e+00 -3.754842e+00 -6.160202e-01 -1.370239e+00 4.222722e+00 6.863940e+00
-5.011629e+00 3.736274e+00 -6.458116e+00 -5.145250e+00 -2.299009e+00 -7.244853e+00 -3.264786e+00 -2.827053e+00 5.338137e+00 -6.441221e-01 7.821186e+00 5.210874e+00
-7.193805e+00 6.037429e+00 6.974813e-01 -1.533996e+00 3.070271e+00 -4.029356e-01 -5.946946e+00 -5.828157e+00 6.209960e+00 3.280370e+00 1.788838e-01 1.809069e+00
-7.102626e+00 5.035547e+00 -7.479789e-01 1.644642e+00 -5.743899e-01 -2.894356e+00 -5.871309e-01 1.051456e+00 1.044406e+01 2.512837e+00 4.630779e+00 3.912736e+00
-4.400603e+00 3.326962e+00 -4.258190e+00 -1.953676e+00 -1.689110e+00 -8.699975e+00 -4.062878e+00 2.064471e-01 5.608593e+00 1.606698e-01 7.460219e+00 6.702069e+00
-8.957500e+00 4.540858e+00 -1.087758e+00 -1.436207e+00 2.332133e+00 -2.306659e+00 -4.415395e+00 -7.179206e+00 7.547050e+00 -7.873669e-01 5.120787e+00 3.017580e+00
-5.150957e+00 5.488099e+00 -8.457786e-01 -1.473305e-01 -1.295722e+00 -1.199905e+00 -3.358779e+00 -5.325363e-01 1.439134e+01 5.303832e+00 3.504425e+00 4.765396e+00
-4.069313e+00 2.757219e+00 1.146204e+00 4.748713e+00 2.509582e+00 -2.666088e+00 -4.753594e-01 1.243185e+00 8.400218e+00 -1.535927e+00 -2.535781e+00 -3.605360e-01
-4.642486e+00 5.525467e+00 -2.341764e+00 1.584807e+00 6.374896e+00 5.167768e+00 7.527472e-01 -9.139829e-01 6.667149e+00 -1.765063e+00 1.855934e+00 3.083077e+00
-8.554179e+00 2.150711e+00 -1.788907e+00 -1.211832e+00 3.455017e+00 -1.431889e+00 -2.480171e+00 -4.718341e+00 5.214779e+00 -2.951250e+00 4.401357e-01 8.877207e+00
-5.799562e+00 -6.357646e-01 -7.513477e+00 -2.901133e+00 2.610132e+00 -4.703816e-03 3.981468e+00 -3.082610e+00 3.239489e-01 -4.716581e+00 4.489968e+00 1.002022e+01
-6.796874e+00 5.695008e+00 1.562916e+00 -1.741434e+00 5.832095e-01 -1.484877e+00 -7.928207e+00 -2.508850e+00 7.023005e+00 -4.657658e+00 -1.479146e+00 3.330442e+00
-8.034457e+00 4.217035e+00 9.551656e-01 2.726570e+00 5.839248e+00 1.378780e+00 -2.780318e+00 -3.026371e+00 4.073403e+00 -1.425711e+00 2.426157e+00 5.275097e+00
-5.725096e+00 5.054346e+00 -2.887640e+00 -1.968302e+00 3.428595e+00 -4.831193e+00 -1.776660e+00 -2.437991e+00 8.042101e+00 -9.600892e-01 -4.217963e+00 1.483961e+00
-5.715788e+00 2.749762e+00 -4.854629e+00 -2.022688e+00 1.710907e+00 -1.153145e+00 -3.416146e+00 -4.336526e+00 6.025919e+00 -3.339351e+00 6.010137e+00 8.797759e+00
-7.502393e+00 4.339820e+00 -1.953945e-02 -8.926220e-01 9.567184e-01 -5.530676e+00 -5.025613e+00 -4.121243e+00 6.182145e+00 5.398741e-01 -1.210267e+00 -1.660076e+00
-6.926713e+00 2.101758e+00 -2.342966e+00 -2.007598e+00 5.505726e+00 3.416986e+00 4.875421e-01 -1.331253e+00 1.118767e+00 -3.411172e+00 -1.736098e+00 -4.812109e-01
-7.559726e+00 4.150002e+00 -2.256869e+00 3.643985e-01 8.099499e+00 4.682137e+00 -8.152615e-01 -9.384444e-01 1.117355e+01 3.790669e+00 5.169149e+00 8.222862e+00
-6.685066e+00 5.277744e+00 7.442998e-01 -6.804836e-01 1.791077e+00 -3.093580e+00 -2.311083e+00 -8.781137e-01 1.215119e+01 -2.240098e-01 -3.126223e+00 -1.990315e+00
-5.480934e+00 3.513762e+00 -2.888498e+00 -2.743255e+00 4.697895e+00 -6.330770e-01 -6.897195e+00 -9.506214e+00 2.230570e+00 -4.776394e+00 -6.586897e+00 -3.798825e+00
-6.507488e+00 2.718920e+00 -2.789438e+00 -3.801750e+00 3.195477e-02 -3.060619e+00 -1.863651e+00 4.688740e-02 9.742699e+00 -1.623440e+00 4.575861e+00 5.806652e+00
-7.806396e+00 2.517226e+00 -2.189538e+00 -2.339101e+00 2.985353e+00 -1.221812e+00 -2.015627e+00 1.374304e+00 1.198884e+01 -3.744655e-01 -3.400062e+00 -8.377970e-01
-7.039515e+00 3.282985e+00 -3.116552e+00 -1.117577e+00 2.302805e+00 1.021331e+00 9.426856e-02 -1.302407e+00 8.062022e+00 -1.659400e-01 -2.701703e+00 1.359716e+00
-6.421190e+00 5.125873e+00 2.095387e+00 1.022413e+00 5.488198e+00 -4.253579e-01 -2.150235e+00 -1.893454e+00 1.130197e+01 -1.226509e+00 1.159566e+00 2.953719e-01
-6.538054e+00 3.290661e+00 -2.027056e+00 -4.017570e+00 2.589965e+00 -8.701907e-01 -3.756995e+00 -3.466041e+00 8.118783e+00 -2.230943e+00 -1.169798e+00 3.315910e+00
-6.408996e+00 2.877502e+00 -8.071538e-01 -3.421763e-01 2.591467e+00 9.180063e-01 -6.073300e-01 -2.429092e+00 4.903034e+00 -3.394151e-01 3.141224e+00 2.764688e+00
-6.075433e+00 2.137357e+00 -4.105027e+00 -5.193796e+00 -6.751614e-01 -5.020344e+00 -7.694979e+00 -4.507987e+00 4.298060e+00 -1.314243e+00 9.010761e+00 9.289598e+00
-5.767770e+00 3.941565e+00 -1.037976e+00 -2.340666e+00 3.222937e+00 -8.520833e-01 6.663843e-01 -3.185906e+00 8.823107e+00 3.478427e-01 2.267601e+00 3.095042e+00
