1.609017e+01 -8.753695e+00 -9.443262e+00 3.849335e-01 -7.721900e+00 4.837175e+00 -2.270577e+00 9.402769e-01 5.983914e+00 -1.758671e-02 -1.304249e+01 2.986105e+00
1.430989e+01 -9.929028e+00 -6.577350e+00 4.953458e+00 -1.086212e+01 2.158523e+00 1.562320e+00 5.145276e+00 4.805493e-01 2.487759e+00 -1.742399e+01 4.138556e+00
1.471694e+01 -1.141877e+01 -5.055807e+00 4.050316e+00 -1.007636e+01 3.458112e+00 2.498713e-01 4.550631e+00 2.100303e+00 3.462936e+00 -1.794647e+01 5.493532e+00
1.612505e+01 -8.004715e+00 -7.890602e+00 -1.785472e+00 -6.839356e+00 8.004683e+00 -5.078628e+00 5.057942e+00 4.949523e+00 -3.736446e-01 -1.877232e+01 9.416680e+00
1.512123e+01 -7.774877e+00 -5.822102e+00 -5.877500e-01 -1.331187e+01 9.384257e+00 -3.238172e+00 -4.970929e+00 1.028316e+01 1.731833e+00 -1.303761e+01 2.589286e+00
1.450961e+01 -1.075454e+01 -7.695065e+00 5.356399e+00 -9.740425e+00 4.623064e+00 -1.251481e+00 6.985601e+00 -6.330256e-01 4.698109e+00 -1.841858e+01 5.595561e+00
1.352833e+01 -1.055395e+01 -7.631716e+00 3.863950e+00 -8.239733e+00 5.008094e+00 -1.089149e+00 5.457553e+00 2.711946e+00 1.575820e-01 -1.314147e+01 7.816932e-01
1.585204e+01 -8.619024e+00 -8.727978e+00 2.428063e+00 -7.383412e+00 5.787702e-01 1.058196e+00 7.310780e+00 4.237995e-01 -3.300364e-01 -1.516874e+01 4.947376e+00
1.465590e+01 -1.273388e+01 -6.971668e+00 6.627202e+00 -1.109050e+01 2.615348e+00 6.280343e+00 1.527048e+00 2.798808e+00 -1.645113e+00 -1.135187e+01 2.575712e+00
1.506063e+01 -8.048468e+00 -3.264342e+00 6.870956e-01 -1.674794e+01 8.089729e+00 -2.274680e+00 -4.483694e+00 8.844706e+00 5.458056e+00 -1.329558e+01 5.061201e+00
1.375126e+01 -1.167010e+01 -6.228170e+00 6.960755e+00 -8.803036e+00 -2.453885e+00 9.149048e+00 2.838200e+00 2.596507e-01 1.200451e+00 -1.522803e+01 6.603100e+00
1.610783e+01 -5.971784e+00 -5.365029e+00 2.123938e-01 -1.478354e+01 9.413178e+00 -3.984037e+00 -6.345670e+00 7.415071e+00 4.009697e+00 -5.284575e+00 4.280068e+00
1.032716e+01 -1.006728e+01 4.504681e+00 5.183103e+00 -1.868725e+01 -4.867143e+00 1.918400e+00 1.907423e+00 1.201268e+01 -4.916663e+00 -2.800594e+00 5.780128e+00
9.551972e+00 -9.118742e+00 2.325547e+00 4.928785e+00 -1.580302e+01 -5.419992e+00 3.814023e+00 3.980636e+00 1.086033e+01 -4.367731e+00 -5.956638e+00 4.485924e+00
9.676767e+00 -8.792282e+00 4.700217e-01 5.088248e+00 -1.391591e+01 -5.280235e+00 4.508295e+00 5.004730e+00 1.104193e+01 -2.471316e+00 -1.194553e+01 7.695992e+00
1.244720e+01 -9.381231e+00 -5.712090e+00 3.138515e+00 -5.839805e+00 3.718588e-01 3.563020e+00 6.797410e+00 3.041954e+00 -5.247250e-01 -1.584630e+01 5.638521e+00
9.670668e+00 -7.748815e+00 -1.694513e+00 5.904255e+00 -1.222624e+01 -5.511415e+00 5.518625e+00 6.771747e+00 1.052978e+01 -2.975602e+00 -1.399159e+01 7.665999e+00
1.266831e+01 -8.049417e+00 -6.696933e+00 4.104459e+00 -4.952710e+00 -8.418734e-01 9.131992e-01 1.243398e+01 -9.463141e-01 1.857076e-01 -1.583066e+01 1.941397e+00
1.010912e+01 -7.391765e+00 -3.224750e+00 5.901826e+00 -1.144712e+01 -2.682288e+00 6.859144e+00 6.315197e+00 8.228256e+00 -3.861196e+00 -1.156010e+01 3.380471e+00
1.036323e+01 -7.924692e+00 4.360027e+00 6.418678e+00 -1.811025e+01 -6.958385e+00 2.302208e-01 2.981149e+00 1.109940e+01 -5.634931e+00 2.630570e-01 4.598495e+00
1.008755e+01 -7.619460e+00 -2.740211e+00 5.244199e+00 -1.021942e+01 -2.410259e+00 7.811291e+00 5.754759e+00 7.243175e+00 -3.999741e+00 -1.404693e+01 6.305322e+00
1.161269e+01 -7.624836e+00 -5.377492e+00 5.884583e+00 -8.136564e+00 -5.741446e-01 6.970136e+00 5.441391e+00 4.597201e+00 -3.909729e+00 -1.281594e+01 3.011493e+00
1.145848e+01 -6.772771e+00 -5.330384e+00 3.733723e+00 -7.615814e+00 1.176145e+00 3.432961e+00 8.227683e+00 3.499645e+00 -3.268059e+00 -1.544458e+01 5.528025e+00
1.012718e+01 -8.117556e+00 -1.019462e+00 4.014223e+00 -9.374519e+00 -2.419681e+00 9.097130e+00 5.133031e+00 6.114528e+00 -4.087229e+00 -1.433075e+01 7.499839e+00
1.076385e+01 -7.346177e+00 -1.757698e+00 3.179398e+00 -8.209976e+00 -4.130974e-01 7.611074e+00 4.887108e+00 4.979923e+00 -3.662646e+00 -1.343221e+01 6.131926e+00
1.126569e+01 -3.568379e+00 1.685241e+00 5.946954e+00 -1.257989e+01 -1.012382e+01 -2.079940e-02 -1.837580e-01 7.368340e+00 -5.035668e+00 2.071003e+00 4.800418e+00
1.374147e+01 -7.644405e-01 -5.766443e+00 4.123974e+00 -1.462171e+01 3.522616e+00 -3.125923e+00 -4.388571e+00 5.774646e-01 4.358461e+00 -3.288274e+00 5.039376e+00
1.179755e+01 2.426602e+00 2.002413e+00 7.526775e+00 -1.309506e+01 -1.052396e+01 -2.101824e+00 1.990082e+00 3.039098e+00 -1.066897e+00 -8.304415e-01 3.773046e+00
-8.131516e+00 -1.194524e+01 5.905281e+00 2.669583e+00 -1.226380e+01 1.150120e+01 1.141156e+01 -2.365228e+00 -2.033767e+01 2.697703e+00 9.570950e+00 3.417681e+00
8.837478e+00 6.186296e+00 8.729370e+00 6.258045e+00 -5.279921e+00 -8.238493e+00 -5.039158e+00 7.264920e-01 2.170720e+00 1.024464e+00 4.462652e+00 -1.353148e+00
-6.259032e+00 -7.613560e+00 -3.962177e+00 -1.784713e+01 1.543151e+01 1.416756e+01 -1.504900e+01 -4.257034e+00 -1.404157e+01 1.374307e+01 1.046145e+01 -6.572286e+00
-6.033310e+00 -2.190327e+00 6.163200e+00 2.653242e+00 5.041566e-01 -2.864901e+00 2.545933e+00 5.111572e-01 1.940241e+00 1.894069e+00 -7.122402e-01 -4.597099e+00
-5.951832e+00 -5.136150e+00 4.272965e+00 -1.701838e+00 -1.335340e+00 -3.866680e+00 -6.584830e+00 -2.040758e+00 5.251632e+00 3.252813e+00 -4.974957e-01 -1.201635e+00
-6.084991e+00 -1.092586e+00 5.960227e+00 -2.542322e+00 -9.208131e-01 -4.817876e+00 3.775597e+00 3.104955e+00 4.167881e-01 3.794992e+00 3.450834e+00 4.468374e+00
-6.127213e+00 -2.968163e+00 2.892655e+00 -2.100538e+00 2.490296e-01 -8.229298e+00 -3.386304e+00 -4.266660e+00 -6.904022e+00 -1.653777e+00 -2.281016e+00 6.633706e-01
-7.827293e+00 -1.264159e+01 -2.752672e+00 -3.013023e+00 2.098336e+01 5.993484e+00 -1.321072e+01 -6.039955e+00 -8.030940e+00 -8.469419e+00 8.281548e+00 1.940079e+00
-1.033652e+01 1.191444e+00 -9.122795e+00 2.893064e+00 7.518149e+00 8.823889e+00 -1.226568e+00 -5.290596e+00 -8.306071e+00 -8.137495e+00 4.367812e+00 -1.964450e-02
-1.571312e-01 2.387889e+00 1.638136e+00 4.193649e+00 -4.093338e+00 5.807369e+00 -2.314558e+00 1.553178e+00 -2.697932e+00 6.631283e+00 1.146288e+00 1.685956e+00
-7.168475e+00 3.206727e+00 -3.689761e+00 4.869990e-01 6.694143e-01 4.611816e+00 -2.502181e+00 -6.115631e+00 -5.210675e+00 -2.413928e+00 4.136923e+00 2.907177e+00
-1.112670e+01 -5.283117e-02 -4.266986e+00 2.044733e+00 5.390743e+00 5.804688e+00 -1.340234e+00 -2.667917e+00 -1.111693e+01 -2.808974e+00 1.870891e+00 1.576515e+00
-7.924513e+00 4.095545e-01 -3.981491e+00 1.162326e+00 5.957029e+00 6.470779e+00 6.184320e-01 -6.206717e+00 -7.605354e+00 -5.290867e+00 3.957681e+00 1.020525e+00
-7.173928e+00 -3.744095e+00 -3.133566e+00 -1.256019e+00 6.244059e+00 1.022933e+01 2.268134e+00 -4.456554e+00 -5.303805e+00 -2.527725e+00 4.090641e+00 9.762070e-01
-7.234756e+00 -9.635513e+00 6.536500e+00 2.100884e+00 -1.141019e+01 6.997953e+00 7.724031e+00 -3.598115e+00 -1.852642e+01 7.483699e-01 6.201716e+00 1.639364e-01
-3.697000e+00 -4.339924e+00 3.539299e+00 -7.201848e-01 -2.941978e+00 -4.410271e+00 -3.980852e+00 -1.437424e+00 6.034940e+00 9.779034e-01 -1.240914e+00 -3.153522e+00
-1.251895e+00 -5.652919e+00 1.917696e+00 1.401515e-01 4.788628e-01 -1.898146e-02 1.104474e-01 -2.502263e+00 1.194506e+01 4.195952e+00 -6.377091e+00 -7.127734e+00
1.071706e-01 5.758955e+00 1.335737e+01 6.747986e+00 3.206939e+00 4.022474e-01 -5.067933e-01 -1.670030e+00 4.875150e-01 -3.704865e+00 -1.261882e+00 2.245368e+00
-2.698161e+00 3.747132e+00 7.403347e+00 2.739249e+00 8.019419e+00 1.308299e+00 1.853106e-01 6.016729e-01 1.842028e+00 8.100665e-01 2.349857e+00 1.258569e+00
-1.041107e+01 -1.968091e+00 -1.524493e+00 2.585768e+00 2.306711e+00 4.839093e+00 -3.009751e+00 -1.040295e+01 -4.811965e+00 -2.950319e+00 6.002750e-01 2.607181e+00
-1.009785e+01 -2.625237e+00 -3.475874e+00 -1.411326e+00 3.037411e+00 2.059045e+00 -2.945230e+00 -8.453502e+00 2.028565e-01 -2.767834e+00 2.498921e+00 -7.104352e-01
-5.486287e+00 -6.409355e+00 -1.555639e+00 -1.681975e+01 1.565231e+01 1.295494e+01 -1.264389e+01 -3.023965e+00 -1.275792e+01 8.839094e+00 4.561130e+00 -9.135062e+00
-1.039977e+01 -3.029410e+00 -2.385377e+00 4.218149e-02 1.202329e+01 -6.065176e-01 -1.144729e+00 -4.190868e+00 -8.221247e+00 -8.637929e-02 5.045135e+00 -2.729599e+00
3.077319e+00 -3.622173e+00 1.947599e+00 6.119600e+00 5.728870e+00 -1.235200e+00 6.746123e-01 -2.776758e+00 7.079270e+00 5.023975e+00 -2.206330e+00 -2.925248e+00
3.900420e+00 -1.259455e+00 -1.746006e-01 2.783366e+00 6.830034e+00 1.974227e+00 -2.614697e+00 -5.498520e+00 8.157280e+00 4.423434e+00 -2.968268e-01 -1.558115e+00
1.983037e+00 -1.016295e+00 -6.215825e+00 -4.757456e+00 7.857467e+00 -1.247398e+00 -9.061963e+00 -7.228392e-01 9.592983e+00 3.779812e+00 2.260636e+00 -7.490837e+00
1.505108e+00 -2.554855e+00 -4.592121e+00 -4.715587e+00 3.191935e+00 -2.217239e+00 -1.072686e+01 -7.165650e+00 7.157271e+00 1.272361e+00 2.764498e+00 -4.857293e-01
1.334859e+00 -1.457011e+00 -3.474226e+00 -1.429365e+00 7.455666e+00 -1.924831e+00 -7.690378e+00 -3.983016e+00 6.867407e+00 4.099394e+00 4.304462e+00 6.323798e-01
2.035607e+00 -8.457179e-01 -1.615172e+00 8.758783e-01 7.620321e+00 8.662052e-01 -1.588305e+00 -7.357548e-01 9.400076e+00 2.837469e+00 -1.353350e-01 -1.454059e+00
4.788895e+00 -7.871022e-01 -3.050807e+00 3.034909e+00 2.557625e+00 -6.255397e+00 -2.269920e+00 -6.212459e-01 1.945644e+00 -2.104272e+00 -4.334836e-01 -6.704217e+00
-5.790733e+00 -6.220010e+00 1.911302e+00 -2.021658e+00 1.234636e+01 3.355558e+00 -9.300840e+00 -7.367712e+00 -6.317841e+00 -3.535194e+00 8.823662e+00 -1.930726e+00
-6.806500e+00 2.590362e+00 1.784642e+00 -2.235455e+00 6.274678e+00 -2.016739e+00 4.369023e+00 -5.353570e+00 -7.224540e+00 1.404501e+00 -2.033768e-01 -1.766953e-01
-4.750127e+00 -2.141753e+00 5.333228e+00 1.661876e+00 -6.294328e+00 7.076576e-01 1.122536e+01 -6.517308e+00 -1.118147e+01 1.344732e+00 5.241076e+00 -5.406304e+00
-1.141017e+01 1.003151e+00 3.162242e+00 -7.059729e+00 2.928128e-01 5.283718e-01 4.394396e+00 -4.060581e+00 -2.026839e+00 3.344971e+00 2.279043e+01 -7.159837e+00
1.945945e+00 2.574182e-01 -5.017938e+00 -3.094378e+00 3.448385e+00 -2.973066e+00 -3.584248e+00 -1.616224e-01 5.969238e+00 3.210148e+00 -5.062690e-01 -6.493437e+00
-3.079022e+00 -1.657941e+00 -2.169520e+00 -1.709300e+00 9.232828e+00 2.120377e+00 -7.578386e+00 -7.614817e+00 -4.214933e+00 2.218074e+00 1.570418e+01 -5.388428e+00
1.565726e+00 -8.924513e-01 -4.693741e+00 -4.390979e-01 9.762846e+00 -2.042804e-01 -6.473679e+00 -3.950852e+00 3.525371e+00 2.764052e+00 1.050728e+00 -1.502221e+00
-8.613937e+00 3.732462e+00 3.768858e+00 -3.427659e+00 4.685184e+00 -4.600547e+00 2.428994e+00 1.275349e+00 -2.290154e-02 -5.898199e+00 1.452425e+01 -8.924769e+00
-6.001101e+00 7.835437e+00 -7.573366e-02 2.786881e+00 -3.309159e-01 -5.405389e+00 -4.787960e+00 -4.962761e-01 6.068153e+00 -6.188766e+00 -1.144011e+00 -1.153830e+01
-4.803227e+00 4.879004e+00 -3.329815e+00 -7.992550e+00 8.916095e+00 7.298249e+00 -4.388245e+00 -5.074359e+00 -1.252618e+01 2.960972e+00 9.883299e+00 -8.060933e+00
-5.262918e-01 1.991479e+00 -5.221036e+00 -2.819763e+00 5.818481e-01 -7.052881e+00 -5.665717e+00 1.649003e+00 4.928994e+00 3.994803e+00 1.651527e+00 -4.619771e+00
-3.757992e-01 1.202329e+00 -3.451282e+00 -1.355472e+00 1.954533e+00 -4.296552e+00 -5.912994e+00 -3.319078e+00 8.410401e-01 -2.117672e+00 -4.604592e-01 -2.127442e+00
-4.792681e-01 3.417181e+00 -4.908450e+00 -5.524428e+00 3.958302e+00 -4.905014e-01 2.097155e+00 1.395943e+00 4.132435e+00 -1.615582e-01 1.678641e+00 -2.786707e+00
-5.668220e+00 2.850963e+00 3.228813e+00 -4.081106e+00 -1.896553e+00 1.262016e+00 2.309293e+00 -7.117909e+00 -9.075535e+00 -3.602040e+00 5.604414e+00 1.776000e+00
-1.665915e+00 3.285755e+00 -4.372344e+00 -5.194089e+00 3.299242e+00 -3.978372e+00 -4.017766e+00 -5.321239e+00 3.801805e+00 5.933568e+00 6.361154e+00 -1.660067e+00
-5.478546e+00 6.862477e+00 4.021028e+00 6.811395e-01 5.427603e+00 6.477988e-01 4.061159e+00 1.314318e+00 -8.081835e+00 -5.159824e+00 3.222688e+00 -1.697109e+00
-1.009357e+00 6.167004e+00 -3.393126e+00 -1.716214e+00 4.603663e+00 -6.508947e+00 -6.571815e+00 1.734873e-01 3.713131e+00 6.716780e+00 9.782663e+00 -1.909474e+00
-6.667665e+00 1.018863e+01 4.235775e+00 8.857837e-01 7.067306e+00 3.829342e+00 5.457209e+00 6.278057e+00 -1.881382e+00 -3.820112e+00 3.680325e-02 1.312843e+00
-6.198341e+00 1.198734e+01 5.506159e+00 9.407072e-01 4.797604e+00 7.203856e-01 -2.186463e-01 2.860156e+00 -5.498498e+00 -4.182580e-01 5.664265e+00 1.495296e+00
-3.449379e+00 7.993604e+00 6.051391e+00 -2.450307e+00 6.047309e+00 3.255986e+00 -4.577145e+00 -4.282358e+00 -8.126675e+00 -8.381194e+00 3.985304e+00 -3.291322e+00
5.264173e-01 7.135338e+00 -3.537826e+00 -5.951721e+00 3.112094e+00 -6.474352e-01 7.178521e-02 2.609411e+00 3.520079e+00 1.442401e+00 -1.406766e+00 -4.249425e+00
-7.204507e+00 6.457093e+00 1.508816e+00 -1.920666e+00 4.168394e+00 7.655113e-01 2.047434e+00 2.735103e+00 1.047491e+00 2.518148e+00 5.762650e+00 1.038731e+00
-5.770959e+00 1.120994e+01 5.150028e+00 1.292950e+00 5.522268e+00 -2.265686e+00 8.160458e-01 3.151575e+00 -1.789075e+00 -6.598902e-02 5.102709e+00 -1.594916e+00
-2.464339e+00 8.790985e+00 9.540563e-01 -4.535110e+00 1.271283e+00 -4.680871e+00 -2.541976e-01 2.771420e-01 5.488439e+00 5.357692e+00 2.140629e+00 -6.030368e+00
-5.558764e+00 1.172808e+01 7.603616e+00 -9.910166e-01 4.500722e+00 3.032760e+00 2.267789e+00 2.383035e+00 -6.303146e-01 3.410609e+00 4.653961e+00 -4.162427e+00
-7.174044e-01 5.821217e+00 -2.227077e+00 -4.662916e+00 3.067739e+00 -6.029649e+00 -1.512218e-02 4.093534e+00 4.160252e+00 2.272533e+00 7.513113e-01 5.090971e-01
-5.928008e+00 8.405981e+00 2.322558e+00 -3.577238e+00 2.612292e+00 -8.004613e-01 -3.013048e+00 -3.989217e+00 -8.599018e+00 -2.656938e+00 8.721392e+00 -2.758404e-01
-2.498370e+00 8.283130e+00 1.016269e+00 -3.437154e+00 5.153899e+00 -4.133365e+00 -2.200863e+00 5.310875e+00 2.447375e+00 -1.110998e+00 4.754410e+00 -1.777774e+00
-4.915914e+00 5.345036e+00 -3.515816e-01 -3.303274e+00 3.641571e+00 -1.410816e+00 -1.666032e+00 -5.619586e+00 -1.224394e+01 -9.361195e+00 -4.625797e-01 -7.744284e+00
-4.976060e+00 7.299059e+00 7.846181e-01 -3.140420e+00 4.785129e+00 1.651952e-01 5.382274e+00 -2.675862e+00 -5.277091e+00 2.088771e-01 3.196331e+00 3.931138e+00
-5.752975e+00 9.852654e+00 2.744912e+00 -2.109231e+00 1.989163e+00 -2.837569e+00 -1.207404e+00 1.984840e+00 -3.975929e+00 -3.376168e+00 7.077576e+00 2.747183e-01
-3.820845e+00 4.846469e+00 -1.471492e+00 -3.004764e+00 1.655022e+00 -2.206380e+00 1.289683e+00 -6.722218e+00 -1.409050e+01 -2.990165e+00 2.092408e+00 -4.282740e+00
-8.171011e+00 1.017818e+01 7.696601e+00 2.090206e+00 7.398197e+00 -8.767021e-01 2.093550e+00 6.199585e+00 4.102484e+00 2.845411e+00 2.960194e+00 -4.788817e+00
-4.461179e+00 5.612123e+00 1.556431e+00 -1.388547e+00 2.819782e+00 -9.638634e-01 1.422678e+00 -8.080425e+00 -1.186988e+01 -7.493010e+00 2.493751e+00 -3.651091e+00
-4.961037e+00 8.975410e+00 3.454868e+00 -4.202634e+00 2.114072e+00 -2.599799e+00 3.247887e+00 9.788697e-01 -7.976208e+00 -5.975393e+00 1.321138e+00 1.900111e+00
-6.611774e+00 7.975443e+00 3.601830e+00 6.837559e-01 6.152695e+00 1.820337e+00 3.027758e+00 3.889557e+00 -1.375077e+00 2.646429e+00 6.032451e+00 1.233808e+00
-2.022511e+00 7.796892e+00 2.543253e+00 -2.818199e+00 6.825482e+00 -4.776175e-01 5.321314e+00 8.895175e+00 6.884824e+00 -8.694677e-01 -2.698998e+00 -6.840626e+00
-8.561737e+00 7.517705e+00 3.241461e+00 6.453991e-02 6.290462e+00 -5.101466e-01 -1.391805e+00 2.745630e+00 1.119544e+00 -1.328083e+00 8.655418e+00 2.178492e+00
-8.206669e+00 8.336535e+00 3.783723e+00 -1.673627e+00 4.440997e+00 -4.084582e-01 3.593112e+00 4.643189e+00 -2.891763e+00 -8.520484e-02 9.698721e+00 1.265621e+00
-5.611010e+00 8.989358e+00 7.164342e+00 -2.444410e-01 5.057411e+00 -2.651999e+00 6.871230e+00 5.507619e+00 1.789049e+00 1.752944e+00 6.274636e+00 -2.763744e+00
-3.421919e+00 1.146800e+01 9.430649e+00 4.318757e-01 6.222801e+00 -4.859464e-01 6.824596e+00 5.407454e+00 2.039841e+00 -5.397580e-01 5.066517e+00 -4.163749e+00
-4.895868e+00 1.262935e+01 8.062212e+00 9.943008e-02 6.522981e+00 1.022910e+00 2.167627e+00 1.689929e+00 -3.255925e+00 -3.537235e-01 8.531143e+00 4.518485e-02
-7.423651e+00 9.013002e+00 7.403306e+00 -1.873029e+00 5.730433e+00 -1.088699e+00 8.238328e+00 4.902742e+00 8.800960e-01 2.556601e+00 6.320056e+00 1.949632e+00
-8.917080e+00 7.134175e+00 3.844875e+00 -2.253953e+00 3.844621e+00 -2.197960e+00 6.878027e+00 5.020095e-01 -3.354635e+00 -1.566486e+00 8.652068e+00 4.622617e-01
-7.615334e+00 2.294920e+00 -1.573899e+00 -5.787234e+00 3.804542e+00 -2.895036e+00 6.576436e-01 2.315441e+00 3.049244e+00 7.702644e+00 3.861462e+00 -2.479600e+00
-7.717818e+00 7.184772e+00 3.450470e+00 -2.450333e+00 9.544783e-01 -3.699930e+00 9.599185e-02 2.734447e+00 -7.901204e-01 -1.068652e+00 1.941033e+00 -4.144003e-01
-6.855379e+00 6.429584e+00 3.292666e+00 -2.182941e+00 5.088854e-02 -4.903949e+00 -4.097289e+00 -7.972702e-01 -6.379677e+00 8.163610e-01 7.496079e+00 6.421926e-01
-9.315830e+00 3.517807e+00 4.489039e+00 -1.496806e+00 3.711034e+00 -4.732768e+00 1.762505e-01 -3.692451e+00 -3.064153e+00 5.666665e+00 1.077398e+01 3.022738e+00
-8.374945e+00 6.233006e+00 5.045924e+00 -2.182800e+00 2.171242e+00 -1.140508e+00 1.500447e+00 1.236710e+00 -1.291907e+00 2.301672e+00 7.501855e+00 7.652986e-01
