6.593136e+00 -7.555625e+00 1.209512e+01 5.937393e+00 -1.725402e+01 -8.039259e+00 1.081020e+00 -2.540298e+00 3.510920e+00 -1.215702e+00 -5.173794e+00 1.288438e+01
7.637378e+00 -9.381807e+00 1.029644e+01 5.439266e+00 -1.730060e+01 -7.141275e+00 1.157816e+00 -5.853736e-02 5.032776e+00 -8.873684e-01 -6.057731e+00 1.298694e+01
4.841489e+00 -5.142498e+00 1.365058e+01 5.892421e+00 -1.476492e+01 -8.082319e+00 1.003204e+00 -7.406434e+00 1.971165e+00 -2.821678e+00 -1.609304e+00 9.415485e+00
3.749514e+00 -3.199962e+00 1.554180e+01 5.938756e+00 -1.537821e+01 -4.589720e+00 1.777004e+00 -8.526525e+00 -1.236028e+00 -5.876500e+00 -5.615457e-01 8.029457e+00
2.335875e+00 -3.213655e-01 1.631111e+01 6.841247e+00 -1.798456e+01 -9.626350e-01 -1.030487e-02 -8.534714e+00 -4.461521e+00 -1.045802e+01 2.605337e+00 4.347896e+00
8.002576e+00 -9.985338e+00 9.664974e+00 2.353138e+00 -1.234259e+01 -1.091174e+01 3.514941e+00 3.039747e-01 5.379585e+00 -1.809359e-02 -8.264292e+00 1.489246e+01
2.402995e+00 -6.860018e-02 1.923881e+01 5.758450e+00 -1.513224e+01 -2.874017e+00 -1.714194e+00 -5.835619e+00 -8.578872e+00 -9.481835e+00 3.557353e+00 -6.478075e-01
8.181758e+00 -1.020879e+01 5.850169e+00 2.884240e+00 -1.312769e+01 -1.254025e+01 -1.061606e+00 2.302642e+00 9.389722e+00 1.339231e+00 -6.454490e+00 1.330975e+01
7.491931e+00 -7.271486e+00 7.694739e+00 2.159019e+00 -1.182762e+01 -1.267049e+01 2.596038e+00 1.190710e+00 7.186947e+00 1.387498e+00 -6.851946e+00 1.118737e+01
1.610016e+00 1.645518e+00 2.229217e+01 2.112900e+00 -1.124012e+01 -3.731627e+00 2.374215e-01 -7.932309e+00 -8.548718e+00 -7.932492e+00 1.062369e+00 -1.525653e+00
8.360815e+00 -7.847064e+00 6.576560e+00 3.341832e+00 -1.072895e+01 -1.348211e+01 2.993013e+00 1.540838e+00 6.989614e+00 1.910082e+00 -9.605212e+00 1.255119e+01
4.921682e+00 -4.284656e+00 -6.616055e+00 4.462646e+00 -9.546865e+00 -1.900170e+01 5.994726e+00 1.275187e+00 -4.975986e+00 4.574332e+00 -7.816028e+00 7.863374e+00
5.413457e+00 -6.728618e+00 2.503643e+00 3.344893e+00 -8.022223e+00 -1.086918e+01 -1.213531e+00 1.586031e+00 -1.874262e+00 2.987450e+00 -8.853791e+00 1.012526e+01
4.577913e-01 4.649446e+00 2.338643e+01 1.888543e+00 -9.149923e+00 -3.976727e+00 3.149678e-01 -9.193832e+00 -9.684588e+00 -6.606380e+00 -1.069009e+00 -1.844549e+00
4.554701e-01 5.901920e+00 2.520781e+01 3.708200e+00 -9.253590e+00 -2.955245e+00 2.183364e+00 -1.141031e+01 -1.267000e+01 -5.224059e+00 -2.696983e+00 -2.340272e+00
1.366668e+00 5.901361e+00 2.583378e+01 4.855166e+00 -1.023147e+01 -1.472567e+00 1.540320e+00 -1.024585e+01 -1.497787e+01 -4.569918e+00 -7.682742e-01 -4.766695e+00
2.759715e+00 4.641150e+00 2.728321e+01 5.835122e+00 -8.989580e+00 -3.696326e+00 1.132929e+00 -1.002007e+01 -1.073036e+01 -4.502097e+00 -1.732597e+00 -6.099249e+00
-9.012155e+00 1.270629e+01 -6.007655e+00 2.008936e+00 -8.511913e+00 -1.668339e+01 8.292898e+00 -1.733863e+00 8.143009e+00 1.980452e+00 -3.032240e+00 5.805151e+00
4.653651e+00 5.213018e+00 2.468840e+01 7.003220e+00 -8.505663e+00 -4.002464e+00 2.252628e+00 -5.931166e+00 -1.130418e+01 -5.591723e+00 -2.575489e+00 -5.262170e+00
4.293075e+00 -3.930882e+00 -8.251287e+00 4.677838e+00 -7.490009e+00 -1.782186e+01 7.427124e+00 -7.013888e-01 6.875870e-01 -9.009781e-01 -8.039841e+00 3.297045e+00
-7.472219e+00 1.987195e+00 -1.710464e+01 -6.067614e+00 7.144127e-01 3.070982e+00 2.693258e+00 -1.759878e+01 7.515103e+00 6.088810e+00 1.358378e+01 5.228226e-01
1.078812e+00 -1.198959e+01 -1.536077e+01 -1.548233e+01 -9.987507e+00 7.068757e+00 -1.456450e+00 -4.748334e+00 -6.117970e+00 1.521784e+01 8.030605e+00 -3.458849e+00
8.461946e+00 5.093196e+00 1.554479e+01 6.960644e+00 3.711234e+00 -5.521816e+00 3.148701e-01 -3.727579e-02 -7.965281e+00 -6.908430e+00 -2.280906e+00 -5.136902e+00
-9.038404e+00 -1.230733e+01 5.036296e+00 4.775412e+00 -3.398058e+00 7.081470e+00 3.237075e+00 1.661382e+00 5.123252e+00 1.309896e+00 2.584410e+00 3.524741e+00
1.037148e+00 -1.062220e+01 -1.305884e+01 -1.272021e+01 -7.931259e+00 1.071650e+01 3.417517e+00 1.478354e-01 -3.052290e+00 1.560072e+01 5.265023e+00 -1.807662e+00
1.318422e+01 2.769200e+00 -3.202793e+00 1.194904e+00 -3.540346e+00 2.451035e+00 4.771694e+00 -3.005098e+00 -1.482697e+01 -2.664951e-01 3.666659e+00 -7.289754e+00
-9.750154e+00 1.282249e+00 -5.192441e+00 -3.081834e+00 3.500563e+00 1.389127e-01 5.213694e+00 -5.375346e+00 1.092426e+01 2.660160e+00 -3.299991e-01 5.763247e-01
1.299602e+01 -2.019285e+00 -6.659785e+00 5.096347e+00 4.397532e+00 5.083430e+00 7.656919e+00 3.434859e+00 -8.098542e+00 -6.536696e+00 -2.729429e+00 -7.197386e+00
9.642018e+00 4.083728e+00 -1.535255e+00 -1.476870e+01 -2.203710e+00 5.247060e+00 -7.122849e+00 -8.813293e+00 -8.884086e+00 6.546740e+00 7.231747e+00 -3.280361e+00
1.042237e+01 -3.334995e+00 -7.115467e+00 2.920501e+00 3.291034e+00 2.230844e-01 6.864265e+00 3.408511e+00 -9.558658e+00 -5.169978e+00 -4.844344e-01 -5.203914e+00
-4.400504e+00 -7.680676e+00 4.356733e+00 2.081907e+00 -4.549768e+00 5.267713e+00 1.875685e+00 1.542751e+00 6.418754e+00 1.008449e+00 -5.954146e-01 4.292383e-01
7.759553e+00 6.186818e-01 1.027357e+00 7.085080e+00 2.089616e+00 -3.033463e+00 4.030034e+00 -3.106347e+00 -1.419006e+01 -1.925209e+00 1.460033e+00 -6.185109e+00
-6.823476e+00 4.623886e+00 -7.737510e+00 -2.409207e+00 -1.098170e-01 -6.121221e+00 1.807708e+00 -4.358397e+00 3.359519e+00 3.979206e-03 -3.602547e+00 -7.457987e-01
1.479073e+00 -7.121621e+00 -6.004669e+00 5.330164e+00 2.007614e+00 4.470175e+00 6.890818e+00 3.697203e-01 -7.089497e+00 -8.395960e-01 -5.167969e+00 -1.275784e+01
-7.131059e+00 4.846364e-01 -3.809400e+00 -2.546008e+00 4.888285e+00 2.348289e+00 4.173231e+00 4.153167e-01 3.753342e+00 2.007667e+00 4.494189e+00 3.676483e+00
3.475185e+00 -8.488409e+00 -8.707315e+00 3.313713e-01 -5.585976e+00 9.914637e-01 1.261981e+00 -3.128938e+00 -1.223066e+01 -7.780005e+00 -3.072197e+00 -5.176614e+00
1.428068e+00 -3.429251e+00 -6.893676e+00 4.755355e+00 1.330507e+00 3.633408e+00 1.964145e+00 4.952121e+00 -5.871295e+00 -5.987835e-02 -9.648126e-01 -5.421503e+00
6.507778e-01 4.201018e+00 1.231735e+01 3.130080e+00 4.313171e+00 1.777424e+01 5.844849e-01 -9.206532e+00 6.083863e+00 3.515100e-02 -7.083478e+00 -2.614313e+00
7.241309e+00 3.651967e+00 -4.550037e+00 -1.193924e+01 -1.142376e+00 3.774221e+00 -7.092715e+00 -2.997578e+00 -5.393327e+00 2.710432e+00 3.233815e+00 -2.731916e+00
4.956394e+00 1.176547e+01 7.663899e+00 8.059437e+00 1.140538e+01 5.169003e+00 2.727472e+00 -1.044686e+00 2.431870e-03 -8.675929e+00 -2.628540e+00 2.155470e+00
5.793041e+00 1.107046e+01 8.669628e+00 5.333633e+00 1.158138e+01 3.070130e+00 9.620397e-01 3.165083e-01 -3.706006e+00 -5.099004e+00 -4.403891e+00 -3.413710e+00
3.471979e+00 1.095404e+01 1.015270e+01 6.469214e+00 9.351355e+00 1.060923e+01 -2.112453e+00 -8.990274e+00 2.349476e+00 -2.806971e+00 -5.927806e+00 -5.214725e-01
5.275578e+00 -2.508782e+00 -4.232666e+00 2.375090e+00 2.263911e+00 1.183477e+00 4.823916e+00 2.977150e+00 -7.633260e+00 1.173016e+00 4.649416e+00 -4.530514e+00
6.331721e+00 9.447936e+00 1.347394e+00 -7.990489e-01 4.476791e+00 -1.976817e+00 -1.226635e+01 -8.370765e+00 -6.140574e+00 -5.157509e+00 -6.124488e-01 -3.513689e+00
-4.665998e+00 1.288523e+00 -7.498992e+00 -5.463598e-01 1.808296e+00 4.891788e+00 -4.538967e+00 2.674851e+00 1.721141e+00 3.508983e+00 3.417760e+00 1.565237e+00
-3.249124e+00 -2.300477e+00 -1.996913e+00 -2.376831e+00 8.174558e-01 4.579324e+00 2.096704e-01 4.415134e+00 -4.041388e-01 5.637369e+00 2.624987e+00 8.446693e-03
-2.840380e+00 1.749236e+00 -4.078677e+00 2.133141e-01 1.796688e+00 1.373497e-01 -9.694617e+00 1.429254e+00 2.092516e-01 2.787771e+00 3.620093e+00 2.355814e+00
2.938096e+00 -3.317453e+00 -3.472127e+00 3.210389e+00 3.564343e+00 1.436750e-01 6.138309e+00 6.377758e+00 3.904529e+00 4.824553e+00 -3.068902e+00 -1.268684e+01
1.109739e+00 -4.806614e+00 -5.466642e+00 1.570339e+00 2.480594e+00 4.426735e+00 3.928785e+00 5.355746e+00 -4.564729e+00 -1.507098e+00 2.652994e-01 -8.179308e+00
2.035482e+00 -4.228917e+00 -7.430625e+00 -1.771354e+00 1.145275e+00 3.688514e-02 1.929717e+00 4.046053e+00 -7.852463e+00 6.995034e-02 6.749613e+00 -2.208111e+00
8.823280e-01 -1.202707e+00 -5.045742e+00 1.383752e+00 3.520754e+00 -1.491569e+00 5.669379e+00 7.604665e+00 -2.210860e+00 -2.976350e-01 3.525465e+00 -8.173956e+00
4.185015e+00 -2.236124e+00 -5.440471e+00 -4.396086e-01 1.859873e+00 2.870438e-01 3.283578e+00 3.719899e+00 -4.037442e+00 -1.817441e+00 -2.977997e+00 -8.286349e+00
-5.022208e+00 -7.518470e-02 -7.962234e-01 -5.663376e+00 5.368591e+00 9.197382e-01 -8.172471e+00 2.711203e+00 -1.182051e-01 -6.661202e+00 -5.536051e-01 6.415046e+00
4.001238e+00 6.635032e+00 -4.774505e+00 -3.793254e+00 3.525772e-01 1.972916e+00 -1.668148e+00 -4.927218e-02 -5.328384e+00 -2.902777e+00 -1.946532e+00 -1.200206e+00
-2.808540e+00 5.182543e-01 -4.370961e+00 -6.807213e-01 1.289080e+00 5.582018e+00 -1.108289e-01 7.645837e+00 4.607884e+00 5.165122e+00 2.288746e+00 -3.157991e+00
2.521842e+00 -2.924210e+00 -8.469398e+00 -9.786000e-01 8.427077e+00 6.618676e+00 5.025606e+00 -2.653365e-01 -7.782296e+00 -3.168735e+00 -4.821244e+00 -8.617929e+00
-5.847945e+00 -1.800001e+00 -4.441568e+00 -9.623370e-01 -4.994493e-01 -3.224198e+00 -2.308873e+00 4.885567e+00 -4.389985e-01 2.316235e+00 2.537750e+00 6.556246e-01
-1.663416e+00 4.638552e+00 -3.188746e+00 -2.300694e+00 6.825826e+00 6.299742e+00 -2.199406e+00 -4.418139e+00 -3.675218e+00 -1.486650e+00 -5.471937e+00 5.433233e-01
-1.558817e+00 3.018843e+00 -5.122562e+00 -3.196092e-01 4.776479e+00 3.911041e+00 -4.288507e+00 1.728425e+00 4.896294e+00 4.350765e+00 2.289636e+00 -1.207146e+00
1.359295e+00 -4.007270e-01 -3.416231e+00 3.589739e+00 7.212728e+00 4.987625e+00 6.386363e+00 -7.769983e-01 -7.707850e+00 -3.240269e+00 1.372991e+00 -5.484974e+00
-2.676867e+00 3.353705e+00 -3.590846e+00 1.458974e-01 6.014259e+00 2.084101e+00 -1.684799e+00 4.120570e+00 5.227233e+00 5.032896e+00 3.975720e+00 2.606176e+00
-3.026315e+00 2.178140e+00 -6.084646e+00 -4.207153e+00 4.531510e+00 2.780466e+00 2.916903e+00 5.656080e+00 2.255580e+00 2.764777e+00 -1.495799e+00 -1.467867e+00
1.543307e+00 5.891770e+00 5.796399e-01 2.101587e+00 6.449910e+00 -1.834157e+00 -1.205611e+01 -5.608065e+00 -8.971552e+00 -5.134637e+00 -7.004347e-01 -4.340950e+00
-5.363420e+00 8.973587e-01 -1.105253e+00 -2.916450e+00 6.108706e+00 5.967896e+00 -7.464818e-01 2.110576e+00 6.264666e+00 -3.142505e+00 -5.845457e-01 6.186221e+00
-2.995359e+00 1.049178e+00 -1.448599e+00 -2.911930e+00 3.731687e+00 3.363541e+00 -3.820679e+00 -6.566863e-01 4.261207e+00 1.232313e+00 2.633566e+00 3.179787e+00
-4.058341e+00 4.496914e-01 -4.276011e+00 -2.268453e-01 5.732209e+00 -1.971060e+00 -1.754722e+00 5.039186e+00 6.080811e+00 -3.759477e-01 3.633333e+00 1.210695e+00
-4.997457e+00 -1.451731e-02 -6.569805e+00 -1.037276e+00 2.583203e+00 1.067788e+00 -3.576034e+00 4.007276e+00 4.428562e+00 3.124964e-01 -1.720861e+00 -3.111862e+00
-3.695380e+00 1.142061e+00 -4.577183e+00 -3.409385e+00 4.440763e+00 5.270129e+00 -5.836096e+00 3.933171e+00 5.056924e+00 7.402990e-01 4.417491e+00 3.345878e+00
-4.540519e+00 2.327194e+00 -4.477861e+00 -2.725867e+00 6.264693e+00 3.357966e+00 1.709399e+00 1.917981e-01 3.997748e+00 -4.081275e+00 2.200151e+00 -8.647214e-01
-3.472827e+00 9.937654e-01 -3.330997e+00 -1.208892e+00 3.054271e+00 -4.131749e-01 -4.213890e+00 8.582528e-01 5.373340e-01 -7.227564e-02 1.419342e+00 -1.390515e+00
-4.834413e+00 3.322833e-01 -1.697452e+00 -1.590309e+00 6.776726e+00 8.642218e-01 -4.632987e+00 6.890841e-01 5.674615e+00 6.048506e+00 9.759942e-01 2.863923e+00
1.024788e+00 -3.521868e-01 -6.952413e+00 -7.953534e-01 6.346558e+00 4.750811e+00 6.952854e+00 4.117853e+00 2.014504e+00 1.769575e+00 -2.216712e+00 -4.403741e+00
-4.803638e+00 5.401380e-01 -4.071112e+00 -1.219697e-01 5.164619e+00 3.901298e+00 -2.530455e+00 3.771179e+00 9.063673e+00 3.868626e+00 1.117690e+00 7.765679e-01
-3.827895e+00 7.351983e-01 -3.770439e+00 -1.212679e+00 5.267140e+00 -2.168031e+00 -2.946976e+00 7.633341e+00 4.409639e+00 1.844619e+00 -6.529304e-01 9.187422e-01
-2.833311e+00 2.805775e+00 -5.853234e+00 -2.793112e+00 7.234210e+00 3.704760e+00 1.547691e-01 5.745094e+00 2.624680e+00 4.558556e-01 2.063166e+00 1.993411e+00
-5.209073e+00 7.055566e-01 -3.478826e+00 -7.266523e+00 -1.368857e+00 4.967052e-01 -1.963129e+00 -6.173236e-01 5.914857e+00 1.988924e+00 2.663580e+00 1.922812e-01
-5.038442e+00 1.945958e+00 -3.847023e+00 -6.508893e+00 4.498572e+00 3.268322e+00 -2.072003e+00 2.678479e+00 2.118220e+00 -1.485918e+00 9.426602e-01 4.834700e-02
-5.432305e+00 1.361232e+00 -2.515411e+00 -3.471363e+00 3.515412e+00 4.119077e-01 -1.460474e+00 4.378073e+00 3.778220e+00 4.109550e+00 3.451137e+00 -1.690650e+00
-4.653478e+00 -3.147520e+00 -1.727853e+00 1.188877e+00 2.728963e+00 -2.087981e+00 -7.570925e+00 3.174418e+00 6.651081e+00 3.904622e+00 2.246490e+00 2.543970e+00
-5.285533e+00 -1.991003e-01 -6.754826e+00 -3.200800e+00 2.588355e+00 -3.121471e+00 -4.934840e+00 3.145344e+00 7.727927e+00 3.399030e+00 1.358592e+00 -1.271731e+00
-3.436109e+00 1.539395e+00 -1.656922e+00 1.655082e+00 7.518855e+00 5.094746e+00 -2.772951e-02 3.962369e+00 4.750414e+00 1.716048e+00 1.983217e+00 1.238307e+00
-4.056625e-01 5.696928e+00 3.049631e+00 4.239641e+00 1.116544e+01 9.488342e+00 8.275641e-01 -1.096198e+00 2.566243e+00 -9.142015e-01 -1.228782e+00 -4.434040e+00
-3.745509e+00 5.132186e-01 -3.575008e+00 3.919516e-01 4.178108e+00 -1.296695e+00 -3.199263e+00 2.319175e+00 4.373375e+00 1.175071e+00 6.990428e+00 4.470588e+00
-3.676400e+00 -5.453110e-02 -4.036015e+00 -6.615369e-01 4.290111e+00 7.216107e-01 -2.944234e+00 4.553134e+00 9.405232e+00 4.268964e+00 3.313220e+00 7.862823e-01
-4.250497e+00 -8.106607e-01 -4.172656e+00 -5.523952e+00 -2.401378e+00 4.306705e-01 2.391712e+00 4.099745e+00 7.387731e+00 -4.674914e-01 8.419825e-01 -1.166429e+00
-4.956973e+00 -5.926144e-01 -4.326408e+00 -4.492016e+00 2.274345e+00 -2.324382e+00 -1.400370e+00 4.569069e+00 -6.268191e-02 9.219992e-01 5.798602e-02 -2.615360e+00
-4.884414e+00 -5.015314e-02 -3.332584e+00 -1.038656e-01 7.055746e+00 3.947785e+00 -2.440399e+00 2.833695e+00 5.920358e+00 4.160308e+00 3.681035e+00 4.018983e+00
-3.586852e+00 2.427080e+00 -6.395750e+00 -6.396985e+00 5.851552e+00 4.290560e+00 -2.271148e-01 2.939567e+00 3.645325e+00 1.126397e+00 1.274084e-01 -6.117595e-01
-3.285469e+00 2.014505e+00 -3.775578e+00 1.410441e-01 9.038207e+00 2.607385e-01 -3.357806e+00 1.803453e+00 3.088689e+00 -2.761066e+00 -5.346942e-02 -1.320923e+00
-4.726075e+00 -2.979255e-01 -5.670184e+00 -6.795929e+00 2.365467e+00 -3.802151e+00 -6.439170e+00 3.096529e+00 4.883861e+00 1.405982e+00 1.373333e+00 -9.195240e-01
-3.367234e+00 3.081077e+00 -4.944498e+00 -6.012640e-01 6.248895e+00 5.394355e-01 -1.975073e+00 8.355912e-01 5.983945e+00 2.478577e+00 4.473740e+00 3.639347e+00
-4.336246e+00 1.625667e+00 -3.311213e+00 -4.024162e+00 7.847662e-01 -2.776718e+00 -3.437503e+00 1.476642e+00 3.284073e+00 1.361267e+00 -7.414631e-01 -4.551740e-01
-4.865502e+00 -4.685816e-01 -6.606099e+00 -5.957448e+00 3.627721e+00 1.210725e+00 -1.301700e+00 4.502347e+00 5.568846e+00 1.631308e-02 -9.323304e-01 5.650518e-01
-4.263398e+00 5.613592e-01 -2.877797e+00 -2.365081e+00 1.501874e+00 -2.771856e+00 -7.116016e-01 6.079561e+00 4.849685e+00 3.523991e+00 4.155653e+00 3.032849e+00
