-2.773354e+00 -9.236860e-01 1.484520e+00 5.192503e-01 -1.652612e+00 1.384192e+00 2.669728e-01 -3.082727e-01 -5.264896e-01 -1.693702e+00 1.590382e+00 -9.133433e-01
-1.128824e+00 -3.507946e+00 3.146920e-01 7.049689e-01 -5.745089e-01 2.918572e+00 -3.368750e-01 -1.735811e+00 4.127780e-01 -1.749254e+00 1.076400e+00 -6.337453e-01
-2.978421e+00 1.370357e+00 1.894308e+00 -2.647834e-01 -2.621799e+00 -7.167878e-01 1.627898e+00 1.360418e+00 -7.071944e-01 -2.831699e+00 3.638299e-01 -1.692351e+00
-4.606312e-01 -3.439627e+00 8.227286e-01 -3.286553e-01 1.612144e-01 3.276456e+00 5.650812e-01 -1.229762e+00 6.423308e-01 -1.258422e+00 1.059846e+00 -5.484182e-01
-1.813408e+00 -3.048978e+00 4.311410e+00 4.497972e-01 -1.937178e+00 1.071823e+00 -9.464146e-01 -2.823927e+00 1.903601e+00 2.844941e-01 -1.394783e+00 -2.980829e-01
1.320751e+00 -1.276444e+00 -4.058795e-02 -2.713793e+00 -7.440977e-01 -4.672448e+00 5.905974e-01 3.185365e+00 -4.036996e-01 -1.478251e+00 1.056692e+00 5.392464e-01
-1.048606e+00 -3.467670e+00 1.249930e+00 2.331790e+00 -1.123858e+00 2.034961e+00 -1.184755e+00 -4.705450e-01 6.098336e-01 -5.037500e-01 -1.046484e+00 -1.823652e+00
-2.296029e+00 3.165645e-01 2.188141e+00 -2.281335e+00 1.833184e-01 -1.052759e+00 9.380668e-01 -1.550775e+00 2.039774e+00 -1.687538e-01 -2.991106e-01 1.877555e+00
2.071971e+00 -1.209029e+00 2.238527e+00 -3.219484e-01 -2.146371e+00 -6.553976e-01 -9.939744e+00 -1.067288e+00 -1.742319e+00 -5.558603e+00 3.590165e+00 -8.696842e-01
1.330237e+00 -7.481979e-01 1.770675e-01 -1.098858e+00 -1.630278e+00 -5.390311e+00 -3.111911e-01 2.514218e+00 -1.098872e+00 -2.189313e+00 2.053663e+00 2.363727e+00
-2.518523e-01 -1.405408e+00 8.694161e-01 4.345987e-01 -5.082626e-01 7.471550e-01 -5.207429e+00 4.807024e-01 -3.818260e-01 -1.592449e+00 3.519310e+00 1.075693e+00
3.864845e+00 -9.310230e-01 2.331967e+00 -1.180837e+00 -2.988675e+00 -1.006473e+00 -9.959407e+00 -1.039122e+00 -2.538431e+00 -5.740809e+00 2.358497e+00 -3.777326e+00
3.129846e+00 1.414830e+00 2.278896e+00 3.808247e-02 -1.963541e+00 8.014943e-02 -2.356523e+00 -1.911252e+00 1.158198e+00 6.070516e-01 1.678675e+00 1.210577e+00
2.903211e+00 1.909713e+00 1.750592e+00 -1.237898e-01 -2.924585e+00 -6.298639e-01 -1.829376e+00 -1.929863e+00 4.690334e-01 -3.301179e-01 4.137736e-01 1.225676e-01
1.288080e-02 6.229925e-01 -2.853542e-01 -1.635835e-01 -3.101231e+00 1.106580e+00 -1.400240e+00 4.781357e-01 1.670460e-01 1.585216e-01 2.582462e-01 8.810226e-01
2.250253e+00 -1.061772e+00 -1.219527e+00 -2.809035e+00 -4.338243e+00 -8.604593e-01 -5.435948e-02 -2.814205e+00 -6.245510e-01 8.569092e-01 1.431859e+00 9.178134e-01
-2.248780e-01 -1.205958e+00 -1.284767e+00 1.389748e+00 9.247490e-01 3.202255e-01 7.663316e-01 1.859941e+00 -1.238830e+00 -7.715530e-01 -1.165329e-01 -1.209186e+00
1.897601e+00 -2.107057e-01 -8.836689e-01 -2.946303e+00 -3.961558e+00 -2.282691e+00 1.862364e-01 -2.427592e-01 1.345276e-02 -1.139341e-01 7.028355e-02 9.076238e-01
-2.118422e+00 2.642366e+00 2.673844e+00 1.067737e+00 -1.472465e+00 -3.281076e+00 1.089159e+00 2.179507e+00 -1.336459e+00 -1.427147e+00 -1.567062e+00 -2.232108e+00
1.004271e+00 1.701570e+00 2.231290e+00 1.682488e+00 1.438474e-01 -8.612961e-02 -7.556869e-01 -7.246311e-01 3.168127e-01 1.534317e+00 3.262900e+00 1.041370e+00
-7.240494e-01 4.492826e-01 3.103089e+00 -6.676631e-01 -1.344085e+00 2.560058e+00 1.661191e-01 -1.620918e+00 1.143159e+00 -1.795707e+00 -2.134593e+00 4.227374e-01
-2.755693e-01 -3.729210e-01 -6.127268e-01 -2.943076e-01 5.386880e-01 -1.555761e-01 5.011198e-01 1.188492e+00 -1.344443e+00 1.187511e-01 6.588752e-01 2.069931e+00
1.019376e+00 1.827425e-01 -1.021963e+00 -1.601590e+00 -1.452737e+00 6.269625e-01 6.624631e-01 -1.153400e+00 -2.643782e-01 2.904536e-01 7.417756e-01 4.190187e-01
-5.362482e-02 4.151948e-01 -1.007139e+00 -9.799389e-01 -1.345071e-01 -4.991071e-01 -9.228927e-01 -5.365495e-01 6.043526e-01 -7.338063e-02 6.638015e-01 6.314729e-01
2.618219e-01 -6.364040e-02 -1.749582e-01 4.596104e-01 -2.501300e-01 7.355779e-01 1.137704e+00 -4.403693e-01 3.474470e-01 5.702869e-01 -1.215723e+00 -5.104639e-01
-1.600279e-01 1.090006e+00 -1.912442e-01 -1.376999e+00 -8.787767e-01 -5.500920e-01 -1.005551e+00 -1.194616e+00 -3.325158e-01 2.069782e-01 2.047771e+00 1.278032e+00
-6.078623e-01 7.067274e-01 2.490426e+00 3.292969e-01 -6.142079e-01 1.259073e+00 1.180937e+00 6.335748e-01 1.227767e+00 8.812169e-02 -9.755780e-01 -3.943309e-01
-9.605388e-02 6.195793e-02 2.563497e-01 5.634485e-01 1.533052e-01 5.469629e-01 7.131652e-01 5.525389e-02 1.571911e+00 2.690143e-01 -1.369763e+00 -1.455386e+00
-1.567229e-01 -1.125027e-01 1.849782e-01 5.703766e-02 -8.640791e-01 -1.136012e+00 -2.103741e-02 -2.965295e-01 3.039519e-01 4.763653e-01 -1.259889e+00 -1.831426e-01
-3.896135e+00 -1.449699e+00 -1.595211e+00 -2.934024e-01 -3.213609e-01 9.811489e-01 -1.295486e+00 2.277023e-01 -7.307767e-01 -5.024195e-04 -1.419797e+00 3.805396e-01
1.015539e-02 -1.758394e-02 3.815880e-01 4.434420e-01 1.132022e+00 2.914739e-01 -1.864392e+00 6.396432e-01 2.632232e-01 -3.216490e-01 9.213032e-01 6.956941e-01
4.775181e+00 -6.251577e-01 1.618660e+00 -8.294856e-01 -1.871656e+00 -1.124910e+00 -7.131930e+00 -2.824301e-01 -2.678335e+00 -4.318160e+00 -2.283016e-01 -4.462282e+00
-1.654344e-01 6.479262e-01 2.290287e+00 -6.665183e-01 -8.479392e-01 1.223705e+00 1.254439e-01 -7.899619e-01 9.051684e-01 -1.298545e+00 -2.292612e+00 9.677906e-02
-9.373140e-02 5.436946e-01 8.537632e-01 -1.321091e-01 -5.372618e-01 9.652045e-01 4.862685e-01 -1.133216e+00 6.473278e-01 1.555133e+00 -8.610519e-01 1.320660e-01
3.936596e-02 4.645480e-01 8.016571e-01 -1.315139e+00 -7.911279e-02 -1.524331e+00 -1.092676e+00 1.152513e+00 2.045649e+00 1.422768e-02 1.016710e+00 2.112485e-01
-4.955059e-01 3.135838e-01 7.652341e-01 1.150408e+00 1.496974e+00 7.894822e-01 2.044015e-01 -7.725753e-01 -1.985414e-01 1.924844e+00 3.625674e+00 1.064177e+00
-1.748046e-01 3.924491e-01 5.272770e-01 6.509335e-02 -7.333133e-01 -2.045588e-01 -5.585165e-01 -3.417467e-01 -1.682355e-01 8.620464e-01 9.307822e-01 1.586193e+00
-3.422766e-02 6.225534e-01 4.042681e-01 -6.651441e-02 -5.166192e-01 -1.349723e+00 -1.935016e+00 -9.231105e-01 1.603444e+00 1.330792e+00 -1.207869e-01 -5.716125e-01
2.525310e-01 -6.198808e-01 -3.441454e-01 8.364958e-01 1.314189e+00 -2.491206e-01 4.234049e-01 5.360497e-01 -2.535496e+00 -1.540796e+00 -3.405576e-01 -3.698516e-01
-6.201992e-02 -3.009656e-02 1.304333e-01 1.574456e-01 -1.015265e+00 -9.195452e-01 -1.140209e+00 -1.136433e+00 -7.129708e-01 9.244665e-01 1.131912e+00 -2.935353e-01
-2.115445e-01 2.461036e-01 3.099981e-01 -1.676899e-01 -9.191535e-02 -4.492386e-01 1.281298e-01 2.971962e-01 2.721170e-01 2.981409e-01 7.326774e-02 1.564886e+00
-3.089705e-01 -1.168973e-02 -1.654934e-01 -2.388683e-01 -4.350412e-01 -1.090295e+00 1.216046e-01 -8.074245e-01 -1.045145e+00 -6.558524e-01 -5.965144e-01 1.224454e+00
-1.525350e-01 -5.814556e-01 2.200220e-02 -1.529586e+00 7.496056e-01 -1.510611e+00 -3.552747e-03 2.618017e+00 -3.153665e-01 -1.835923e+00 1.120227e+00 3.636196e-01
-6.349983e-02 -6.137152e-02 -4.224819e-01 9.469073e-02 6.415125e-01 4.038242e-01 -4.619837e-01 4.569484e-01 1.507485e+00 3.333494e-01 -1.110099e-01 3.200837e-01
1.957742e-01 1.634018e+00 2.374337e-01 6.751399e-01 -5.461887e-01 -8.896483e-01 -3.005100e+00 -2.454123e+00 -5.434883e-01 -9.777460e-01 -1.118287e+00 6.596561e-01
-2.965713e-01 5.060738e-01 6.690289e-01 3.392195e-01 3.976095e-01 -1.306579e-01 -4.825280e-01 -1.459189e+00 -6.044602e-01 2.880143e-01 -5.493487e-01 6.269191e-01
3.354548e-01 -1.428188e-01 -1.187603e+00 -7.912841e-01 -2.941453e-01 9.224602e-02 -8.814560e-01 1.654753e-01 -1.238790e+00 -1.131424e+00 1.332324e+00 6.996737e-02
-1.077002e-01 2.137682e-01 1.638864e-01 -2.695864e-01 2.930946e-01 -1.533417e-01 3.771932e-01 1.295276e+00 7.909714e-01 -6.110077e-01 -1.616292e-01 3.535990e-01
6.519035e-01 -1.814360e-01 -5.012391e-01 5.853689e-01 -6.348088e-01 -1.788612e+00 -1.461714e+00 4.470530e-01 -2.731228e-01 -1.326525e+00 6.098653e-01 1.827430e+00
-9.731655e-02 -3.887001e-01 -1.834930e-01 -3.367156e-01 6.229544e-01 8.574973e-01 8.451595e-01 1.311633e+00 2.531977e+00 -1.520336e-04 -1.755081e+00 -6.259372e-01
-1.168852e-02 -4.365763e-01 4.719902e-01 1.039117e+00 -4.007559e-01 1.634384e+00 1.788657e+00 -3.643797e-01 5.891453e-01 1.807144e+00 -1.783782e+00 -7.482531e-01
-3.344604e-01 2.937670e+00 -3.863581e-01 -2.253011e+00 1.486630e+00 -9.903260e-01 1.896582e+00 -2.350044e-01 1.709936e-01 -4.486697e-02 9.786327e-01 2.146578e+00
5.136057e-01 1.985952e-01 8.661695e-02 -4.869562e-01 -9.003679e-01 -3.041723e-01 7.306370e-01 7.629200e-01 -7.196112e-01 1.156576e+00 -6.782019e-01 3.270597e-01
4.460365e-01 -2.719919e-01 4.585165e-01 2.226933e+00 3.368859e-01 5.822590e-01 7.855108e-01 -5.865555e-01 -2.228110e+00 -4.346073e-01 -1.379149e+00 -1.291218e-01
7.757692e-02 -2.468761e-01 -4.604451e-01 -6.878825e-01 4.709232e-01 -4.804080e-01 4.612485e-01 1.753156e+00 -2.306701e-01 -1.108113e+00 -1.186807e-01 -4.464334e-01
1.782716e-01 -7.214067e-02 -4.992158e-02 -8.161537e-01 -6.589425e-01 -1.154184e+00 -4.908964e-01 8.080088e-01 2.925343e-01 -9.085497e-01 2.132970e-01 -2.307909e-01
3.955363e-01 6.470050e-01 1.555290e-01 -4.219172e-01 -1.411784e+00 -7.006074e-01 1.147692e+00 8.724046e-01 -6.340173e-01 5.540701e-01 -1.175334e+00 -7.472496e-02
-4.350729e-01 1.092372e+00 1.079582e-01 1.006781e+00 6.557590e-01 2.463206e-01 1.011459e+00 2.583867e+00 8.190241e-01 6.705941e-01 6.825522e-01 1.024411e+00
-1.050390e+00 -1.166891e-01 5.591153e-01 1.762681e+00 2.315891e+00 1.595661e+00 -8.329876e-01 -1.194889e+00 -7.475613e-01 -4.779992e-01 -3.889677e-01 -1.158777e-01
-4.141219e-01 4.060977e-01 -4.322093e-01 -1.438840e-01 1.146914e+00 7.359017e-01 3.402398e-01 7.986950e-01 -7.663134e-01 -8.452315e-01 1.074693e+00 -9.624003e-01
-7.070276e-01 -7.563822e-01 -2.331594e+00 -1.767689e+00 -8.842872e-01 1.060251e+00 1.028815e+00 1.181859e+00 1.465749e+00 -1.292829e-01 -5.790702e-01 5.030481e-01
-4.597786e-01 -1.842866e-01 5.881503e-01 -4.989495e-01 1.050133e-01 -3.521666e-01 -2.547127e-01 -3.888708e-01 -3.010834e-01 -3.123893e-01 -2.562360e+00 -2.310782e+00
-4.267221e-01 -2.341203e-01 -2.872534e-01 -1.150633e+00 -1.275152e+00 3.478209e-01 5.524832e-01 1.066035e+00 7.129474e-01 7.117315e-02 4.655519e-01 -1.354978e-01
-1.288083e+00 -1.219729e+00 -2.750100e+00 -1.191401e+00 -6.622369e-01 1.342663e+00 8.097856e-02 6.349730e-01 2.708806e+00 1.841796e-01 -1.489400e+00 -4.745104e-01
4.860054e-01 1.106963e+00 2.497110e-02 -7.137336e-01 -1.249690e+00 -8.557602e-01 2.409113e+00 9.955042e-01 -6.240690e-01 9.621124e-02 -1.918208e+00 -1.053367e-02
-6.988005e-02 6.951093e-01 3.778036e-01 3.160942e-01 -9.779238e-01 4.471006e-01 2.080483e+00 -1.011949e+00 -1.851398e-01 1.374399e+00 -8.857365e-01 6.924906e-02
9.772133e-01 9.826899e-02 5.325575e-02 3.097136e-02 1.568684e+00 7.075378e-01 -2.679691e-01 1.694555e+00 5.333551e-01 4.883080e-01 -1.141167e+00 -4.780707e-01
-1.106970e-01 8.209561e-01 -5.233431e-03 1.166372e+00 -4.282420e-01 6.490248e-01 2.121367e+00 -1.566377e+00 -5.821873e-01 2.401404e+00 -9.394722e-01 4.249274e-01
-2.758475e-01 2.353413e-01 1.893010e-02 -3.702820e-01 -2.112802e-01 -9.596737e-01 6.643610e-01 1.162998e+00 5.614346e-01 1.759693e-01 1.401327e+00 2.151710e+00
8.890734e-02 1.802770e+00 -1.234601e+00 1.211945e+00 1.677822e+00 -1.356220e+00 -1.867947e+00 -2.280428e-01 -1.932676e+00 -1.128221e+00 -9.294057e-01 -1.595221e-02
-7.842821e-01 -1.018213e-01 7.642258e-01 1.243578e+00 4.588961e-01 2.045621e+00 -5.145854e-01 -1.504993e+00 1.189676e+00 1.117962e+00 -2.870478e+00 -2.717638e+00
3.966177e-01 1.357510e+00 -3.152971e-01 -7.300910e-01 -1.019377e+00 -1.278881e+00 3.584929e+00 7.490096e-01 -3.695427e-01 -7.746018e-01 -1.932652e+00 6.426231e-01
1.544903e+00 4.982041e-01 -9.626293e-02 -1.371831e-01 1.363811e+00 8.658828e-01 2.645203e-01 1.051196e+00 8.203942e-01 1.210563e+00 -6.838555e-01 -1.663897e+00
-1.359896e-01 9.756925e-01 6.486980e-01 -3.281840e-01 1.679212e-01 -1.624107e+00 -2.988662e-01 6.155042e-01 9.163080e-01 -7.526698e-02 7.493426e-01 1.757714e+00
-5.371763e-01 -1.316966e-01 3.745071e-01 -4.332301e-01 7.499100e-01 2.823972e-01 9.927494e-01 1.439841e+00 -8.321649e-01 -1.764552e+00 -1.480010e+00 -2.061272e+00
2.396746e+00 -1.497937e+00 -6.464327e-01 -5.583747e-01 -1.990682e+00 -1.038391e+00 -6.146320e-01 1.738410e+00 -5.108374e-01 -4.241665e-01 -5.060348e-01 -1.444165e+00
6.171225e-01 -6.609347e-01 5.692719e-02 -5.874797e-01 6.163786e-01 1.333658e-01 1.401010e+00 8.109377e-02 7.968624e-01 1.338246e+00 1.148054e+00 -1.222956e-01
1.520156e+00 7.194499e-01 -2.970850e-01 -4.502817e-01 1.500113e+00 7.383323e-01 1.569248e-01 -8.365782e-01 2.072829e-01 1.778261e+00 -2.516522e-01 -2.054479e+00
-1.643615e+00 -4.597092e-02 8.508486e-01 1.734357e+00 2.336123e+00 7.026668e-01 -1.104669e+00 9.624262e-01 -4.974163e-02 -2.458564e-01 4.050173e-01 4.359333e-01
3.613580e-01 1.491431e+00 -3.245218e-01 -1.167432e+00 -4.875222e-01 -1.283539e+00 4.244272e+00 -2.804182e-01 2.357607e-01 -1.328291e+00 -1.185602e+00 1.414877e+00
1.101457e+00 1.067541e+00 -7.022884e-01 2.668214e-03 1.861567e+00 1.556012e+00 -1.435112e-01 -2.137777e+00 -7.688713e-02 1.773929e+00 1.016590e+00 -1.867960e+00
3.761690e-01 -2.573942e-01 1.877999e+00 1.400511e+00 -3.848400e-01 -3.479139e+00 1.138226e+00 1.930707e+00 -9.995499e-01 -1.763973e+00 -3.544136e-01 -1.441209e+00
3.196357e-01 1.379531e+00 -1.520205e+00 -9.648180e-02 1.963584e+00 1.843030e+00 5.818863e-02 -2.858651e+00 -5.044582e-01 1.535503e+00 1.408385e+00 -1.371845e+00
-3.049348e-01 1.526394e+00 -1.675319e+00 9.791759e-01 2.249192e+00 -1.405230e+00 2.453795e-01 3.916782e+00 -4.047654e-01 7.488678e-02 6.988876e-01 7.169774e-01
8.154111e-01 1.115313e+00 -5.143112e-01 -1.422185e+00 -1.987267e-01 -1.910280e-01 3.689695e+00 -9.321894e-02 -1.064638e+00 -6.849125e-01 -9.233932e-02 2.404706e+00
8.475786e-01 1.142570e+00 -1.011051e+00 -1.568003e+00 9.687035e-02 5.788694e-01 3.461835e+00 -2.816336e-01 -2.409319e+00 -4.611572e-01 1.015147e+00 2.987575e+00
-5.084873e-01 1.009610e+00 1.793100e-01 1.417962e+00 7.948318e-01 1.635771e+00 2.211546e+00 -1.701683e+00 -5.958403e-01 3.412301e+00 -2.024840e+00 4.873459e-01
-6.841807e-02 1.722486e+00 -1.774377e+00 -5.811383e-01 1.716176e+00 2.256420e+00 1.148800e+00 -1.876062e+00 -1.380488e+00 1.085022e+00 1.484610e+00 1.842186e-01
4.265068e-01 1.616824e+00 -1.683364e+00 -1.471327e+00 3.473211e-01 1.396112e+00 3.188206e+00 -5.839140e-01 -2.754312e+00 -8.686304e-02 1.499372e+00 2.471730e+00
-3.627055e-02 1.919876e+00 -2.008222e+00 -9.988300e-01 6.590328e-01 2.235264e+00 2.112913e+00 -7.169151e-01 -2.428890e+00 1.918621e-01 1.730168e+00 1.394412e+00
-2.509355e+00 6.395274e-01 7.438343e-01 2.268839e+00 4.159088e+00 1.882915e+00 -7.234458e-01 1.024166e+00 -6.340303e-02 -1.261185e+00 -6.720668e-01 -9.262089e-01
-2.442237e+00 -2.273333e+00 -2.381102e+00 1.474223e-02 -7.041141e-01 -4.789880e-01 -1.096809e+00 -9.407198e-01 4.053730e+00 9.503285e-01 -1.399782e+00 5.931340e-01
-1.649678e+00 -1.672611e+00 -1.554693e+00 -1.557866e+00 1.883426e+00 -5.042824e-01 2.297365e+00 2.255438e+00 3.001688e-01 -1.694204e-01 -6.927058e-01 2.062660e-01
-4.022093e+00 -1.457956e+00 -2.105080e+00 -1.063713e-01 1.179072e+00 -3.856487e-01 1.446597e+00 1.830816e+00 -7.357987e-01 2.249998e-01 -1.719971e+00 -1.577821e-01
6.551193e-01 -5.990610e-01 -5.578493e-01 -1.889319e+00 1.465686e+00 -1.487640e+00 2.102058e+00 -3.982573e-01 3.063309e-01 -6.847511e-02 6.544343e-01 -1.222728e-01
2.798501e+00 -2.129897e+00 -1.801887e-01 2.380558e+00 1.826255e+00 -2.951973e+00 -2.281172e-02 1.245275e+00 -5.377259e-01 -7.557904e-01 6.667980e-01 8.632250e-01
-1.304915e+00 1.563917e-01 8.855514e-02 2.367594e+00 2.794492e+00 2.172986e+00 2.327908e+00 -1.781832e+00 4.388197e-01 3.142403e+00 -2.273426e+00 9.002896e-02
4.661273e+00 -3.098009e-01 -1.343122e-02 -1.122892e-01 -1.344923e-01 -2.055714e+00 -2.680527e+00 4.954430e-01 -1.362217e+00 -5.346200e-01 3.433211e-01 -2.443870e+00
-4.723005e-02 1.119619e+00 -6.963168e-01 2.638352e+00 2.181458e-02 3.625943e+00 -1.160886e+00 -1.700265e+00 1.460500e+00 3.683343e-01 -1.830426e+00 6.124632e-01
-2.539304e+00 -2.786729e+00 -1.891428e+00 3.310128e-01 -6.422100e-01 -9.693421e-01 -6.368560e-01 -7.650590e-01 3.381755e+00 1.380401e+00 -1.071298e+00 5.849012e-01
-1.187675e+00 -8.889169e-01 -1.193659e+00 1.600269e+00 3.423538e+00 1.955246e+00 1.696681e+00 -5.504394e-01 6.678871e-01 3.173588e+00 -1.730940e+00 -4.910983e-01
3.260466e+00 -1.922720e+00 -8.148133e-01 1.746842e+00 1.402072e+00 -1.661589e+00 2.426945e-01 1.358229e+00 -1.024946e+00 2.361575e+00 1.392816e+00 7.428120e-01
-2.293039e+00 -2.990853e+00 -1.496951e+00 1.128724e+00 1.409044e-01 -1.687471e-01 -1.333598e-01 -1.287519e+00 2.156118e+00 1.732106e+00 -1.581689e+00 -1.460721e+00
-3.888434e-01 6.775475e-01 1.530827e-01 2.851498e+00 1.076393e-01 4.479463e+00 -5.610510e-01 -1.866109e+00 1.901616e+00 2.687872e+00 -2.165057e+00 -4.351735e-01
-1.684764e+00 -2.047921e+00 -1.274251e+00 1.581370e+00 2.010331e+00 1.751512e+00 2.069378e+00 -4.766942e-01 1.407185e+00 3.204439e+00 -2.112717e+00 -7.636597e-01
2.343547e+00 1.591139e+00 -3.192690e+00 5.891477e-01 2.973267e-01 1.084900e+00 -2.555434e-01 1.372962e+00 -1.246986e-01 6.151233e-01 7.338133e-02 -1.721326e+00
2.005857e+00 4.259232e+00 -3.690662e+00 -1.053399e+00 2.933561e+00 -1.566388e+00 1.878794e+00 1.507565e+00 -1.070971e+00 8.740566e-01 1.235087e+00 -1.331753e-01
