-1.486368e+00 -8.219656e-01 9.219515e-01 -3.305988e+00 4.790178e-01 -2.618162e+00 5.337544e-01 2.177168e+00 -1.515443e+00 8.402012e-02 -9.606014e-01 9.884187e-01
3.621972e+00 -4.614823e+00 5.994617e+00 -2.098388e+00 -7.309584e+00 -1.498871e+00 -5.032060e+00 2.515265e+00 -4.499090e+00 -5.171418e-01 -3.906677e-01 -3.179717e+00
3.535428e+00 -3.585424e+00 5.019336e+00 -2.075153e+00 -6.673710e+00 -1.189064e+00 -4.889288e+00 1.553059e+00 -4.373572e+00 -6.143826e-01 -1.108493e-01 -3.577316e+00
-8.582195e-01 -3.594783e+00 4.906636e-01 -3.447063e+00 8.398434e-01 -1.703893e+00 9.965192e-02 1.876417e+00 -7.359427e-01 -5.471104e-01 4.580562e-01 1.367904e+00
-2.766027e+00 1.279631e+00 1.417428e+00 -2.750956e+00 2.293949e-01 -1.785828e+00 5.599383e-01 1.464694e+00 -1.675454e+00 -7.406853e-01 -5.808951e-01 1.004439e+00
2.537990e+00 -3.989171e+00 4.925946e+00 -9.601126e-01 -3.968510e+00 -3.766809e-01 -3.323077e+00 2.652803e+00 -2.969934e+00 -3.116078e-02 3.571581e-01 -2.114170e+00
2.486582e+00 -7.699777e-01 7.886076e-01 -3.945463e-01 -3.150316e+00 -1.499933e+00 -3.041131e+00 -5.871478e-01 -3.707441e+00 -8.101174e-01 3.203220e-01 -1.948305e+00
-3.658482e+00 -1.762787e+00 1.542245e+00 -2.122698e+00 -1.096165e+00 -7.226898e-01 -1.885440e+00 1.730167e-01 -1.152630e+00 -7.819856e-01 1.590934e+00 3.329853e-01
-4.201601e+00 -2.105076e+00 2.190366e+00 -4.135893e+00 -1.380761e+00 -2.590904e+00 -7.612809e-01 6.145394e-01 -1.232150e+00 2.156760e+00 2.095389e+00 -3.150229e-01
3.819875e-01 -3.435109e+00 3.882034e-01 -2.326759e+00 1.721548e-01 -1.071724e+00 5.567870e-01 1.264122e+00 3.289953e-01 1.575616e-01 1.621861e+00 9.259439e-01
-1.510804e+00 -1.397148e-01 8.173563e-01 1.626621e+00 -7.314709e-01 -3.996127e-02 -1.250278e+00 -1.198381e-01 -5.968529e-01 -2.494961e+00 -3.843875e-01 4.310978e-01
-3.070591e+00 3.059679e+00 1.344560e+00 -2.441813e-01 3.179962e-01 -1.241767e-01 1.208787e+00 5.369152e-01 -1.056193e+00 -7.387064e-01 1.767231e+00 4.358568e-01
7.483448e-01 -2.070022e+00 5.522180e-01 4.036294e-01 -5.843903e-01 3.512526e+00 1.454879e+00 -3.161026e+00 -8.880598e-01 1.201521e+00 -1.147678e+00 -2.282424e-01
1.249799e+00 -2.163800e+00 -7.093939e-01 -1.187238e+00 -1.421071e+00 2.329133e+00 1.471756e+00 -3.133681e+00 -1.107135e+00 4.880992e-01 -8.646151e-01 7.329541e-01
2.753653e-01 8.770369e-01 1.795152e-01 2.618718e+00 4.533907e-01 -1.090460e+00 -6.031947e-01 9.087855e-01 -3.405747e-01 -1.246301e+00 -1.414959e+00 -4.216287e-01
7.021985e-01 -1.412339e+00 1.493053e+00 -6.605667e-01 -1.119364e+00 -4.062597e-02 3.061491e-01 1.517500e+00 -1.308206e+00 -3.930270e-01 1.518694e+00 -2.781711e-01
-1.726711e-01 -5.918254e-01 8.747559e-01 5.878372e-02 7.190752e-03 1.904110e+00 1.239964e+00 -1.259558e+00 -4.489421e-01 9.933650e-01 2.135968e-02 -3.808949e-01
1.980953e-02 -2.705866e-01 -4.305923e-02 9.688118e-01 -2.556392e-01 5.213504e-01 1.682638e-01 7.790035e-01 9.175376e-01 1.153840e+00 2.177248e-01 1.071466e+00
-1.774539e-01 2.393112e-01 -7.363034e-01 -2.403128e-01 3.306497e-01 3.670948e-01 4.302412e-01 -1.568199e-01 -4.847903e-01 -3.623426e-01 -1.809420e+00 -7.854225e-01
2.431011e-01 -7.580539e-01 -1.696981e+00 9.372132e-02 6.289643e-02 -6.203384e-01 4.837008e-01 2.501866e+00 1.909997e+00 1.605744e-01 -9.999638e-01 -1.286351e-01
7.348673e-01 -1.031935e+00 -8.049434e-01 1.247907e+00 -3.257980e-01 -1.231570e+00 -1.429210e-01 1.277110e+00 1.522668e+00 -9.513459e-02 -1.523061e-01 1.147763e+00
-4.467956e-01 -4.614482e-02 6.832206e-02 1.678051e-01 -4.432297e-02 9.757965e-01 1.982380e+00 5.865611e-01 4.683921e-01 4.067364e-02 -5.168857e-02 6.615840e-01
-1.642425e-01 1.732056e+00 7.875750e-01 -1.376633e-01 -1.281718e+00 -7.190961e-01 -3.905277e-01 1.181964e-01 5.319141e-01 -1.356405e-01 2.382637e-01 1.187617e+00
2.573828e-01 -2.473392e-01 4.013466e-01 9.564020e-01 6.160960e-02 -4.855079e-01 -1.100051e+00 6.116520e-01 3.591146e-01 9.688135e-01 7.012582e-01 -3.549750e-01
1.102257e+00 1.773249e+00 -1.476943e+00 1.398505e+00 -6.941503e-01 -1.197244e+00 7.323863e-01 -2.673834e+00 -1.337974e+00 -3.992550e-01 -5.347891e-01 -9.228075e-01
-3.016376e-01 2.400103e-02 1.572234e+00 2.802153e-01 2.756178e-01 1.106890e+00 -9.766915e-01 -1.121750e+00 -8.455025e-01 -1.017417e+00 1.209745e+00 -1.005297e+00
-1.664202e-01 3.312151e-01 9.497061e-01 5.230638e-01 1.268028e-01 4.619956e-01 -2.204241e-01 -1.277076e+00 -1.009449e+00 -2.688607e-01 9.339380e-03 -3.951300e-01
1.550532e+00 -4.759020e-01 -3.021130e+00 -3.221533e+00 -2.316194e+00 -7.815932e-01 -7.675272e-01 -7.860423e-01 -1.290345e+00 -4.898319e-01 1.016262e+00 1.634789e-01
-6.060342e-01 -2.856874e-01 2.564067e+00 -1.022172e-01 3.982469e-01 1.073316e+00 -1.740668e+00 -5.870616e-02 -1.311398e+00 -3.030612e-01 2.447547e-01 -8.311768e-02
-5.651970e-02 6.774743e-01 6.287562e-01 -4.206972e-02 -6.531368e-01 -1.405588e-01 -4.443410e-01 -9.370856e-01 3.213709e-01 6.129906e-01 1.036130e-01 7.385644e-01
1.036785e+00 -5.998120e-01 -2.249858e+00 -2.050616e+00 -9.844799e-01 1.330090e-03 -3.318614e-01 -1.032713e+00 -1.085338e+00 -1.451093e-01 1.277637e+00 -3.443230e-01
-5.762233e-01 8.729734e-02 1.738902e+00 3.665199e-01 3.947479e-01 1.146085e+00 -1.370250e+00 -7.218415e-01 -1.149323e+00 -5.990985e-01 8.450510e-01 -5.356766e-01
2.405834e-02 -6.203518e-01 -3.805490e-01 1.090777e+00 -2.512420e-01 -2.061734e+00 -1.642225e+00 -9.357117e-01 1.856583e-01 -1.485711e+00 7.050905e-02 3.320576e-01
-4.168922e-01 -6.443781e-01 2.801212e+00 -7.496924e-01 6.827706e-01 -1.776341e-01 -5.841802e-01 1.722983e-01 -1.206221e+00 -1.008648e-01 -3.482512e-01 4.393387e-02
8.118868e-01 3.683277e-01 -8.128840e-01 -1.412006e+00 -2.613242e-01 -2.649475e-01 1.601553e-01 6.176125e-01 7.716635e-01 7.332616e-01 1.282598e-01 -1.914802e-01
-6.351631e-01 1.317056e+00 2.258555e-01 -1.937072e+00 -9.519885e-01 3.280058e-01 -4.460279e-01 -5.267905e-01 -9.463784e-01 -5.399556e-01 3.397519e-01 -7.156962e-01
-1.362303e-01 -8.273617e-01 -4.934812e-01 -5.409968e-02 1.996665e-01 4.289761e-01 6.557450e-01 -1.051470e-01 1.763951e+00 1.515591e+00 1.455325e+00 -7.735523e-01
4.009299e-01 4.572442e-01 -2.960746e-01 -1.785436e-01 5.521801e-01 -2.589174e-01 2.625709e-01 3.200387e-01 -6.075295e-01 -2.099107e-01 1.046509e+00 2.071920e-01
-1.293289e-01 -1.405395e-01 -1.565888e-01 7.711049e-01 5.879987e-01 3.343381e-01 -3.810311e-01 -2.930087e-01 -2.640356e-01 -1.542322e-01 1.277399e-01 6.801120e-01
-7.609357e-01 8.803414e-01 3.962273e-01 -1.265729e+00 -5.014628e-01 2.908730e-01 3.225060e-01 1.457296e+00 8.831161e-01 9.765778e-01 1.253194e+00 -6.274611e-01
-6.491004e-01 -3.357303e-02 -1.668149e-01 -7.916158e-01 3.285703e-01 3.786064e-01 1.560258e+00 -7.454817e-01 -1.141820e-01 1.995826e-02 7.420672e-01 7.570466e-01
4.224922e-01 -1.668145e-01 -2.916732e-02 4.951128e-01 -2.147688e-02 -6.057564e-01 -1.161977e+00 7.912790e-01 4.695607e-01 6.596477e-02 -1.026736e-01 -3.121909e-01
-6.896372e-01 -1.577964e+00 1.064362e+00 -2.264581e+00 -1.458542e-01 -1.859138e+00 2.152244e+00 -4.053385e-01 -2.301985e+00 1.736343e+00 1.128421e+00 -1.898348e-01
-3.652205e-01 -5.425950e-01 2.675396e-01 -1.721253e-01 -2.035236e-03 1.096606e-01 6.226059e-01 4.708304e-01 2.204840e-01 2.152410e-01 1.994654e-01 -2.551213e-01
-3.490848e-02 -7.996132e-02 -2.886815e-01 -8.014418e-01 7.843273e-01 5.354148e-01 5.735822e-01 -1.100027e+00 -1.162643e+00 1.380005e-02 7.715948e-01 1.312454e+00
1.558224e-01 -3.799934e-02 1.188916e-01 -1.418736e-01 1.231764e+00 -2.578897e-01 -1.442956e-01 -1.274292e+00 -1.981435e+00 8.826893e-01 1.124974e+00 1.194008e+00
-6.399673e-01 -1.213396e+00 3.428105e-01 3.651233e-01 6.440688e-01 -4.770486e-01 9.108298e-01 -6.684327e-01 -2.859690e-01 -3.867118e-01 9.101200e-02 -4.446963e-01
-4.095345e-02 9.604616e-02 6.725847e-01 3.032574e-01 6.039434e-01 1.561166e+00 7.152156e-01 3.183538e-01 8.332564e-01 1.007955e+00 1.040965e+00 1.421415e+00
-5.812690e-01 2.178955e-01 7.530357e-01 5.137694e-01 1.002197e+00 -3.565259e-01 3.250714e-01 -1.764000e-01 -1.082331e+00 -7.353166e-01 -2.563157e-02 6.261303e-01
3.725414e-01 1.165100e+00 -1.359927e-01 1.526343e+00 1.508017e-01 -1.473589e-01 7.179269e-01 -1.675483e+00 -1.131680e+00 6.117417e-01 -5.994390e-01 5.239012e-01
-2.242210e-01 1.602398e-02 2.933696e-01 8.093984e-01 1.631510e+00 1.069144e+00 7.916192e-01 -6.317909e-01 -9.801728e-01 -1.227307e+00 -1.068942e+00 1.403239e+00
-9.529648e-02 1.918097e+00 2.381507e-01 -1.771059e+00 -1.870995e+00 -1.077105e+00 -1.065478e+00 -5.062222e-01 4.796779e-01 1.919628e-01 9.640819e-01 1.398824e+00
-2.688324e-01 -4.272635e-02 1.666938e-01 4.357907e-01 1.608898e+00 -3.112102e-01 -5.714250e-01 -3.553133e-02 7.961707e-01 -1.862928e-01 -1.179725e-01 -1.535122e-01
7.894378e-01 1.011901e+00 -2.129524e-01 1.927498e-01 1.821907e-01 9.371573e-01 -1.545090e-01 4.351264e-01 6.381157e-01 -4.396742e-01 3.642803e-01 1.530755e-01
-5.556493e-01 -1.106007e+00 5.549704e-01 8.371894e-02 6.333123e-01 -4.342936e-01 3.028865e-01 -1.393799e+00 -1.502659e-01 1.055882e-01 -5.458091e-01 -6.287841e-01
-5.030588e-01 4.218046e-01 6.801046e-01 -6.149743e-01 -7.018607e-01 -1.558697e+00 -1.484037e+00 -1.068605e+00 -5.119220e-01 -5.520294e-01 6.066914e-01 3.998331e-01
-9.177259e-01 -7.225057e-01 -2.562742e+00 -1.017437e+00 1.140909e+00 8.439964e-01 1.400019e+00 4.514274e-01 1.958773e+00 8.046167e-01 -5.539053e-01 -2.819045e-01
-4.105927e-01 1.182229e+00 -6.822239e-01 -2.094820e+00 -1.067965e+00 8.041011e-01 -6.865919e-01 -1.638566e+00 -1.088226e+00 7.091588e-01 1.118310e+00 1.485501e+00
9.189586e-02 2.761729e-01 1.885879e+00 6.011299e-01 6.693581e-01 9.575149e-01 1.683325e-01 -1.402790e+00 -1.190956e+00 1.499987e-01 1.704684e+00 9.000980e-01
-2.288673e-01 3.167029e-01 1.698349e+00 6.893246e-01 1.000950e+00 -2.060449e-01 -1.388115e+00 -2.681840e+00 -1.949600e+00 -1.158744e+00 2.069069e-01 -2.734667e-01
1.109924e-01 -4.697897e-01 2.648849e+00 -1.091698e+00 5.547192e-01 -7.959183e-01 2.599743e-01 3.533908e-01 -6.330135e-01 1.450791e-01 1.192953e-01 -7.227091e-01
6.614114e-01 1.783312e+00 -8.004234e-01 1.944372e+00 3.948646e-01 -3.165131e-01 8.314444e-01 -2.317884e+00 -2.721950e-01 5.545006e-01 -8.417729e-01 1.593811e-01
-8.379823e-01 1.295906e+00 6.620695e-01 1.593837e-01 2.065817e-01 2.049705e-01 -4.864516e-01 1.693749e+00 1.502213e+00 -5.337104e-01 8.081009e-01 5.972476e-01
1.158624e+00 1.449959e+00 -2.204471e-01 -3.794827e-02 -6.792991e-01 6.731813e-01 -4.337175e-01 4.503941e-01 1.595592e+00 -1.342046e+00 -3.016605e-02 1.114003e+00
-1.014701e+00 5.329075e-01 -1.024367e+00 -6.801429e-01 1.189251e+00 2.695883e+00 1.218419e+00 -1.305644e+00 3.813564e-02 2.153560e+00 7.092812e-01 2.320002e+00
5.672897e-01 9.736088e-01 -3.891226e-01 -4.537233e-01 1.698329e-01 8.111107e-01 -9.928298e-01 3.205591e-01 1.931968e+00 -2.531774e-01 -3.296968e-01 -2.467246e-01
2.987203e-01 -3.209175e-01 2.119160e+00 -1.226665e+00 -5.433254e-02 -1.612501e+00 5.951168e-01 -1.597117e-01 -1.600964e-01 -7.093779e-01 1.390874e+00 -1.180494e+00
-1.337388e+00 -2.802939e-01 9.594286e-01 -3.441433e-01 -4.821493e-01 7.127647e-01 1.777476e+00 9.447325e-01 2.902055e-03 -5.295128e-01 2.213964e+00 3.662766e-01
-8.290960e-01 2.219816e+00 2.063705e+00 2.034322e+00 1.362855e+00 -3.153471e+00 -9.913038e-01 3.282590e+00 2.465985e+00 -1.400161e+00 -9.856148e-01 -1.212190e+00
7.709411e-01 1.237198e-01 1.545063e-01 3.760006e-01 -4.251367e-01 -2.452569e+00 -2.149279e+00 -3.108765e-01 -1.891510e+00 -1.137481e+00 7.051519e-01 -1.775866e+00
5.797350e-01 -8.726025e-03 -5.822590e-01 -2.341159e-01 -1.852597e-01 4.655925e-01 1.282586e-01 2.473477e-01 -5.170315e-01 -9.453232e-01 -1.374751e-01 -1.742668e+00
-1.138512e+00 7.227165e-01 -6.676456e-01 -1.062655e-01 3.739854e-01 1.573608e+00 1.268058e+00 -2.455952e+00 -2.286053e-03 1.494085e+00 -3.072385e-01 1.172107e+00
-1.306596e-01 -3.930476e-01 -1.869430e+00 6.271237e-01 6.021401e-02 3.047724e+00 -3.734504e-01 1.641649e+00 1.557438e+00 -7.148608e-01 -8.606483e-01 -1.084348e+00
1.055652e+00 4.693583e-01 1.250677e+00 1.977586e-01 4.268886e-01 -1.984000e+00 -2.442706e+00 6.330506e-01 -3.745553e-01 -4.624445e-02 3.298658e-01 -8.710970e-01
-1.281360e-01 2.236584e+00 1.658043e-01 1.667259e+00 2.656682e-01 2.400239e+00 1.719355e+00 -2.885404e+00 -1.454433e+00 -3.221698e-02 -1.289031e+00 -4.176450e-01
-3.675075e-01 -3.844934e-01 -2.036824e+00 1.219850e+00 8.424361e-02 1.948201e+00 -5.197616e-01 1.592705e+00 3.226699e+00 -2.697009e-01 -2.615229e-01 3.826318e-02
2.463405e-01 5.991309e-01 -2.161510e+00 2.263457e+00 7.736903e-01 7.771491e-01 -9.013347e-02 2.249833e-01 3.326292e+00 5.662707e-01 8.975687e-01 4.898226e-01
7.849213e-01 -2.378477e+00 4.214190e-01 1.041053e+00 -6.371139e-01 7.086618e-01 2.053555e+00 1.439868e+00 -7.446430e-02 -1.875997e-01 4.523053e-01 6.936097e-02
7.991090e-01 1.726009e+00 -1.901180e+00 2.026241e+00 -5.983296e-01 -3.419835e-01 1.035314e-01 -1.445071e+00 4.903397e-01 -1.246251e+00 6.791500e-01 -6.439511e-01
8.773662e-01 2.654943e+00 -8.220732e-01 2.098368e+00 -7.347035e-01 5.002430e-01 2.099144e+00 -1.741754e+00 -1.774769e-01 -1.260590e+00 -4.915040e-01 -9.734138e-01
-2.220823e+00 3.640420e+00 2.536671e+00 2.257370e+00 1.542918e+00 -3.097719e+00 -1.354473e+00 5.339021e+00 4.233575e+00 -3.492652e-01 -9.383090e-01 -6.603851e-01
1.039880e-01 4.652196e-01 5.682754e-03 3.434273e-01 3.379021e-02 -1.866392e+00 7.178079e-01 2.461025e-01 1.055083e+00 -1.858343e+00 1.371478e+00 -6.703261e-01
1.541810e+00 -4.290239e-01 6.333634e-01 -3.958295e-02 1.137542e+00 -1.005712e-01 -2.201568e+00 1.308008e+00 6.121898e-01 -2.348955e-01 -4.901424e-01 -4.746494e-01
-9.813324e-01 9.830648e-01 -5.904971e+00 -1.140487e+00 1.344370e+00 4.881262e-01 1.656892e+00 1.573732e+00 3.516480e+00 2.258104e+00 5.822009e-01 2.029758e+00
-1.967532e-01 5.193508e-01 -7.824301e-01 1.423792e+00 -3.146587e-01 -1.297048e+00 1.584696e-01 6.805891e-01 1.238219e+00 -2.851011e+00 2.494324e+00 -2.967364e-01
1.791161e+00 -1.337736e+00 -8.174911e-01 -4.980636e-02 8.703766e-01 1.314441e+00 -2.106834e+00 -2.307617e-01 1.553328e-01 -9.933899e-01 -2.447909e+00 -1.659619e+00
2.726808e+00 -2.245640e+00 2.130614e-01 2.032722e+00 -1.782421e+00 -2.819512e-01 1.376201e+00 4.482937e-02 -1.178962e+00 8.657280e-01 -2.515731e+00 -1.671941e+00
2.888426e+00 -1.765470e+00 -7.543196e-01 6.444033e-01 4.311070e-01 5.086024e-01 -6.051514e-01 -1.603675e+00 -1.060161e+00 -5.577650e-01 -3.348061e+00 -1.979267e+00
3.228236e+00 -2.507364e+00 -9.224180e-01 1.995977e+00 -1.565484e+00 -1.008949e+00 8.584766e-02 -7.589067e-01 -9.156200e-01 4.252826e-01 -3.180922e+00 -1.611068e+00
-2.659425e+00 -6.032231e-01 -5.102916e+00 -1.450959e+00 1.964630e+00 1.425308e+00 1.770763e+00 3.164653e+00 3.660139e+00 2.535326e+00 1.567618e+00 3.769699e+00
1.876055e+00 -3.131827e-01 -8.585617e-01 3.950000e-01 7.387186e-01 -9.322287e-01 3.039427e+00 -6.957853e-01 -2.088122e+00 2.483142e+00 -8.889791e-01 -1.715586e+00
1.677734e+00 2.606507e-01 -2.123227e+00 8.774379e-01 4.094684e-01 1.560876e+00 5.019712e-01 -3.625269e-01 1.169826e+00 -4.361873e-01 -8.566477e-01 8.282504e-02
-6.844395e-01 3.571656e+00 -3.821254e+00 2.686120e+00 2.569607e+00 -4.691241e-01 1.746775e+00 -2.014144e+00 2.769567e+00 -2.534522e+00 -1.595656e+00 7.148900e-01
2.954017e+00 8.602784e-01 -1.625867e+00 2.383813e+00 -1.098317e-01 1.350851e+00 2.779397e+00 -9.975873e-01 6.829354e-01 3.781869e-01 -1.227319e+00 -8.457180e-01
-2.380737e+00 2.697287e+00 -3.070108e+00 2.658828e+00 5.350972e+00 1.930473e+00 2.707172e+00 -1.878080e+00 2.860034e+00 -1.011854e+00 -4.650464e+00 1.037071e+00
-3.138273e+00 2.011778e+00 -5.331292e+00 -2.196339e-01 4.645219e+00 1.996528e+00 2.712647e+00 8.939580e-01 3.780591e+00 2.805884e+00 -1.943437e+00 4.984241e+00
-2.798258e+00 2.521629e+00 -3.297091e+00 1.357319e+00 5.170676e+00 3.099967e+00 2.375900e+00 -1.872682e+00 2.955786e+00 2.450748e+00 -3.442516e+00 2.635474e+00
