1.545756e+01 -1.460626e+01 -1.200113e+01 -3.692748e+00 -3.470167e+00 -1.640150e+01 -2.999157e+01 -7.141945e+00 -2.690449e+00 -1.077364e+01 -5.868332e+00 -2.486466e+00
1.736018e+01 -1.358630e+01 -1.254544e+01 -1.056098e+00 -6.890488e-02 -1.176934e+01 -2.953258e+01 -5.637908e+00 -2.431991e+00 -4.383173e+00 -1.628332e+00 9.950542e-02
1.494180e+01 -1.529132e+01 -8.199816e+00 -2.694600e+00 -5.534972e+00 -1.567239e+01 -2.837288e+01 -3.277413e+00 -2.813893e+00 -1.254415e+01 -3.186998e+00 -4.543594e+00
1.862842e+01 -1.274239e+01 -1.162997e+01 -1.892442e+00 1.212298e+00 -7.412555e+00 -3.205067e+01 -8.728736e+00 8.250926e-01 -3.043618e+00 9.649661e-01 2.457218e+00
1.368963e+01 -1.341851e+01 -3.954501e+00 5.118328e-02 -4.840686e+00 -1.655828e+01 -2.013405e+01 3.594411e-01 -3.088078e+00 -8.046374e+00 -1.721962e+00 1.359136e-01
1.332587e+01 -1.433954e+01 -2.799393e+00 -7.659023e-01 -8.714471e+00 -1.829842e+01 -2.358685e+01 6.645175e-01 -6.220195e+00 -1.301515e+01 5.495673e-01 -2.994862e+00
1.755506e+01 -1.297776e+01 -1.177766e+01 -4.767282e+00 7.754354e-01 -7.778458e+00 -3.210450e+01 -1.346424e+01 -6.651716e-01 -3.458499e+00 -9.448770e-01 3.591141e+00
3.588492e+00 -1.094455e+01 1.228831e+01 -2.734249e+00 -1.352572e+01 -1.247813e+01 -1.747740e+01 -5.316541e+00 -6.880771e+00 -1.374202e+01 1.248793e+01 -2.507615e+00
1.359194e+01 -1.336585e+01 1.933830e+00 2.782376e+00 -8.387418e+00 -1.504175e+01 -1.893394e+01 3.389751e+00 -4.142670e+00 -8.083667e+00 5.557679e+00 1.627623e+00
4.052603e+00 -9.683863e+00 1.443148e+01 -3.047268e+00 -1.129362e+01 -1.225593e+01 -1.435576e+01 -4.118120e+00 -6.204245e+00 -1.239346e+01 1.457181e+01 -1.495988e+00
6.888975e+00 -1.294279e+01 7.458753e+00 -2.088680e+00 -1.498852e+01 -1.486262e+01 -1.904510e+01 -6.287003e+00 -5.451498e+00 -1.540616e+01 9.787075e+00 -4.300882e+00
1.251552e+01 -1.358465e+01 4.680747e+00 3.274823e+00 -1.090772e+01 -1.534848e+01 -1.539515e+01 -2.983205e-01 -4.937208e+00 -7.078606e+00 7.814776e+00 6.577703e-01
1.784202e+01 -1.186858e+01 -9.596048e+00 -6.134103e+00 1.112055e+00 -1.411334e+00 -2.829387e+01 -1.217019e+01 -1.479165e+00 -1.879317e+00 6.057039e-02 3.809223e+00
7.320443e+00 -7.816219e+00 1.383470e+01 4.483404e-01 -1.637889e+01 -1.201120e+01 -1.249322e+01 -3.116316e+00 -4.105324e+00 -1.020710e+01 1.645637e+01 -3.970756e+00
-9.405287e+00 -5.575379e+00 -1.443902e+00 -1.029525e+00 -1.614902e+00 1.680569e+00 -3.262496e-01 4.280550e+00 -1.805112e+00 4.682819e+00 -3.340623e+00 2.502244e+00
6.915373e+00 -6.370999e+00 1.274303e+01 2.523626e+00 -1.440576e+01 -1.047927e+01 -7.181515e+00 -8.195582e-01 -3.147526e+00 -8.946096e+00 1.432183e+01 -3.423997e+00
1.819998e+01 -8.089407e+00 -8.902044e+00 -1.939754e+00 1.437662e+00 -1.035640e+00 -1.868770e+01 -1.363757e+01 -2.323861e+00 -1.546192e+00 2.071041e+00 5.208220e+00
5.849604e+00 -3.302485e+00 1.356168e+01 4.404845e-01 -1.303042e+01 -1.052399e+01 -6.479904e+00 -6.887503e+00 -6.490287e+00 -7.601503e+00 1.476457e+01 -5.741343e+00
-1.047869e+01 2.842176e-02 -2.776258e+00 -1.738272e+00 -1.977671e+00 -6.050328e+00 4.715395e-02 2.176731e+00 5.820297e+00 7.853619e+00 -4.737806e+00 2.640927e+00
1.220112e+01 -3.699979e+00 -3.105339e+00 -1.438946e+00 -2.029646e+00 -1.432762e+01 -1.377968e+01 -8.906824e+00 -4.152235e+00 -2.852025e+00 5.061269e+00 -7.950124e+00
7.917620e+00 -2.429355e+00 1.114231e+01 2.532603e-01 -1.526418e+01 -1.175491e+01 -7.254759e+00 -5.443535e+00 -6.675220e+00 -7.180857e+00 1.073495e+01 -4.148670e+00
1.713851e+01 -3.961517e+00 -9.481095e+00 2.247372e+00 2.816006e+00 -1.976967e+00 -1.579504e+01 -1.450593e+01 -1.222123e+00 1.404358e+00 -3.266664e+00 5.761733e+00
1.404286e+01 -6.101789e+00 -3.059989e+00 1.003996e+00 1.970129e+00 -1.076772e+01 -1.244129e+01 -8.549383e+00 2.210198e+00 -5.811989e-01 -3.895835e+00 3.614435e+00
1.523793e+01 -7.031504e+00 -7.037981e+00 5.344839e+00 2.547997e+00 -7.318048e+00 -1.635291e+01 -1.061990e+01 -3.991997e+00 -2.860928e+00 -3.382126e+00 7.610616e+00
5.886491e+00 4.668138e-01 -1.922693e+00 -1.927924e+00 -3.882648e+00 -1.491199e+01 -7.870119e+00 -9.488256e+00 -2.966711e+00 1.727607e+00 -6.001410e+00 -7.818905e+00
-1.034374e+01 -4.785325e+00 -6.180160e-01 -3.842872e+00 2.452075e+00 -6.238174e-01 2.036503e+00 3.144603e+00 -2.235281e+00 4.403055e+00 -3.582489e+00 2.136009e+00
6.583221e+00 4.133780e+00 9.305562e+00 2.430631e+00 -1.290182e+01 -1.225728e+01 -4.849511e+00 -9.701207e+00 -7.103814e+00 -4.907289e+00 6.938316e+00 -9.378089e+00
6.706584e+00 5.457349e+00 1.075854e+01 4.039017e+00 -1.347515e+01 -1.026363e+01 -4.280712e+00 -9.847633e+00 -7.458481e+00 -1.729253e+00 9.131520e+00 -9.351879e+00
3.008382e+00 2.911058e+00 1.093976e+01 -5.435221e+00 -1.807967e+01 2.277222e+00 1.085833e+01 -6.386104e+00 -2.036876e+01 -5.212101e+00 -6.938267e+00 -2.156449e+01
5.000042e+00 7.107641e+00 6.443964e+00 -7.278317e+00 -1.759723e+01 -4.056376e+00 6.076268e+00 -8.348655e+00 -7.364188e+00 -5.199879e+00 -1.912417e+00 -2.209056e+01
3.892996e+00 8.001278e+00 1.017054e+01 -5.780301e+00 -1.809778e+01 -4.765354e+00 6.174391e+00 -6.205707e+00 -8.204396e+00 -1.876160e+00 -1.262271e+00 -2.029682e+01
3.281627e+00 4.198117e+00 9.416252e+00 -3.679554e+00 -1.112499e+01 6.549563e+00 1.372841e+01 -2.725355e+00 -1.944370e+01 -2.059495e+00 -8.110742e+00 -2.231591e+01
-3.569541e+00 -6.385759e+00 -6.323160e+00 3.890515e-01 -3.231068e-01 -2.251186e+00 2.107797e+00 -3.869147e+00 2.684026e+00 -2.776458e-01 1.113030e-02 2.387086e+00
-3.872201e+00 -6.396532e+00 -6.355207e+00 -5.337827e-01 -1.170137e+00 -3.818566e+00 -8.739467e-01 -5.538371e+00 6.754308e-01 -2.379426e+00 -4.144954e-01 1.274356e+00
4.447317e-01 7.999635e-01 6.909279e+00 -5.261705e+00 -5.713346e+00 9.829486e+00 1.767553e+01 1.156695e+00 -1.906658e+01 -3.353424e+00 -1.469013e+01 -2.453386e+01
-2.588734e+00 -2.273430e+00 2.515538e+00 -7.872330e+00 1.852418e+00 1.088683e+01 2.008663e+01 6.510900e+00 -1.239486e+01 -9.778049e-01 -9.724858e+00 -1.298142e+01
-9.966860e-01 -3.301621e+00 9.770701e-01 3.304035e+00 7.852796e+00 -2.014904e+00 2.537501e+00 8.343406e+00 1.566209e+00 2.015189e+00 -8.354580e+00 -3.569830e+00
-2.287623e+00 3.968898e-01 4.587926e+00 -8.542150e+00 -9.991598e-02 8.993464e+00 1.402709e+01 5.060369e+00 -7.959167e+00 5.349001e+00 -2.110807e+00 -4.321296e+00
-2.244018e+00 -8.457937e-01 4.070307e+00 -7.545079e+00 1.087422e+00 9.342065e+00 1.341881e+01 1.705371e+00 -5.787470e+00 -4.542546e+00 -9.114415e+00 -7.448092e+00
-2.673601e+00 -2.663578e+00 2.111343e+00 -5.406834e+00 1.634294e+00 3.870427e+00 9.099580e+00 8.461102e+00 -7.864165e+00 -6.534422e+00 -7.580093e+00 -2.900595e+00
-4.175998e+00 -3.385244e+00 -3.526125e-01 -5.381605e+00 1.894488e+00 4.381267e+00 1.144450e+01 7.234201e+00 -9.433293e+00 -1.383859e+01 -9.100914e+00 -4.317201e+00
-8.626194e-01 -1.744434e+00 -7.215960e-01 5.927897e+00 8.553123e+00 -1.326311e+00 9.577255e-01 7.784348e+00 3.800103e+00 3.063351e+00 -9.513592e+00 -8.364957e+00
-2.873086e+00 -3.333009e+00 -3.183346e+00 -3.062058e+00 -7.448740e-01 3.802566e+00 1.037790e+01 1.195483e+01 6.696873e-01 -1.001565e+01 -8.193461e+00 -1.414658e+00
-2.164379e+00 -3.266469e-01 -1.754534e+00 2.517726e+00 6.080957e+00 6.280793e+00 5.552360e+00 5.302257e+00 2.293045e+00 -3.523504e+00 -1.188308e+01 -1.126506e+00
-1.776507e+00 -9.194357e-01 -5.146466e-01 3.158575e+00 8.143591e+00 1.948830e+00 5.305143e+00 9.011625e+00 4.289071e+00 -3.368870e+00 -7.759571e+00 -2.427503e+00
-7.761183e-01 9.871306e-01 -6.858121e+00 1.286133e+00 6.717277e+00 8.998219e+00 8.100853e+00 4.769975e+00 9.782391e-01 8.150768e-02 -8.934945e+00 -1.991329e-01
-2.601830e+00 1.161496e+00 -5.866576e+00 1.032726e+00 7.260098e+00 8.570361e+00 1.018495e+01 7.559551e+00 1.325506e+00 -1.769991e-01 -5.224709e+00 -2.160349e+00
-3.691484e+00 6.545247e+00 -1.115298e+00 2.855754e+00 -3.069592e-02 5.035838e+00 4.004395e+00 1.439986e+00 4.776513e+00 4.537220e+00 1.948892e-01 1.491335e+00
-2.550490e+00 1.468066e+00 -5.912660e+00 1.101647e+00 5.348070e+00 5.107326e+00 4.961647e+00 4.004932e+00 9.793640e+00 6.495866e+00 -4.106463e+00 7.712377e-01
-2.699929e+00 6.346317e+00 -1.554613e+00 5.402954e+00 7.856157e+00 1.230314e+01 7.105519e+00 1.199390e+00 3.224043e+00 -2.188125e+00 2.271489e+00 3.088367e-01
-6.445260e+00 5.645175e+00 -1.964127e-01 8.109683e-01 3.599509e+00 5.252644e+00 4.045876e+00 1.307101e+00 1.896725e+00 7.715199e+00 2.042803e+00 4.721305e+00
-2.174863e+00 5.139640e+00 -5.726560e+00 2.743827e-01 2.793042e+00 3.784926e+00 4.196064e+00 2.962255e+00 2.147454e+00 -1.047606e+00 -7.318477e+00 -4.334633e+00
-1.576065e+00 6.109776e+00 -3.831924e+00 1.542354e+00 6.665243e+00 6.104120e+00 5.240179e+00 4.380074e+00 4.776275e+00 7.243763e-01 1.518399e+00 -3.343141e-01
-7.088480e+00 3.177334e+00 -2.865733e+00 3.434804e+00 2.800498e+00 3.361528e+00 3.270505e+00 1.218917e+00 3.089149e+00 4.456679e+00 4.208185e+00 4.308970e+00
-5.926826e+00 6.093941e+00 -2.220677e-01 2.823214e+00 5.617666e+00 4.321164e+00 5.690494e+00 3.819042e+00 4.310916e+00 8.055882e+00 1.576290e+00 4.774017e+00
-2.229839e+00 7.831084e-01 -4.465899e+00 3.036384e+00 7.788526e+00 8.547469e+00 9.757376e+00 6.485621e+00 4.017562e+00 -8.589517e+00 -1.048743e+01 -2.844597e+00
-3.629749e+00 6.248531e+00 1.994532e-01 7.762619e-01 3.245550e+00 4.970534e+00 5.920428e+00 2.848617e+00 9.198345e+00 4.687967e+00 6.640236e-01 6.551153e+00
-5.597554e+00 5.290837e+00 -3.952504e-01 1.828466e+00 2.637086e+00 -1.121351e+00 1.518719e+00 4.560490e+00 8.240831e+00 5.102772e+00 5.680773e-01 1.028600e+01
-5.701692e+00 7.345811e+00 1.599914e+00 2.565555e+00 5.524106e+00 7.743291e+00 6.096461e+00 2.915930e+00 8.376226e+00 9.513000e+00 2.565313e+00 6.950666e+00
-6.227333e+00 2.153745e+00 -1.411443e+00 7.577269e-01 -8.391380e-03 1.419863e+00 -7.279515e-01 -1.288256e+00 2.346982e+00 3.538329e+00 -5.586943e-01 4.216265e+00
-6.774908e+00 3.168043e+00 -3.887843e-01 -1.044541e+00 3.457677e+00 5.547754e+00 5.959785e+00 5.095468e-01 -2.824979e+00 1.927117e+00 4.991114e-01 4.946522e+00
-6.113645e+00 6.296574e+00 1.702976e-02 -7.194883e-01 3.377288e+00 5.706885e+00 4.527988e+00 9.490116e-01 3.811581e+00 8.566330e+00 5.283810e+00 6.568038e+00
-1.467468e+00 5.227042e+00 -1.964612e+00 2.346012e-01 5.233124e+00 4.420807e+00 2.849002e+00 1.697039e+00 1.435692e+00 4.275397e+00 -6.051276e+00 -8.058028e+00
-5.030788e+00 4.158713e+00 -1.203343e+00 1.845725e+00 2.208504e+00 9.569573e-02 8.389521e-02 1.524412e+00 5.488784e+00 3.959723e+00 3.349549e+00 4.824691e+00
-5.020284e+00 3.974960e+00 -1.443346e+00 3.062950e+00 2.744529e+00 3.258954e+00 5.534599e+00 -1.515334e-01 2.772321e+00 8.718534e+00 2.139872e+00 6.831521e+00
-5.693379e+00 3.354784e+00 4.004101e-01 3.471540e+00 2.963050e+00 3.533430e+00 1.648195e+00 -1.053032e+00 7.062018e+00 9.914568e+00 9.474900e-01 5.355555e+00
-5.858237e+00 3.660439e+00 3.527786e-01 -2.097991e+00 -2.139974e+00 1.073439e+00 -2.580402e+00 -7.228837e+00 -4.065818e+00 8.860680e-01 -6.093878e-01 -1.718736e+00
-4.193302e+00 4.321149e+00 -3.452706e-02 -1.624666e+00 5.005195e+00 8.144530e+00 8.316651e+00 6.189219e+00 5.230007e+00 6.499179e+00 6.705022e-01 1.663262e+00
-2.606277e+00 6.658682e+00 1.044027e+00 3.928812e+00 6.446007e+00 8.740529e+00 9.921027e+00 7.420899e+00 5.600070e+00 5.173565e+00 -3.057221e+00 4.862754e+00
-4.630095e+00 6.054553e+00 1.988805e+00 2.232377e+00 5.789555e+00 8.666085e+00 9.404377e+00 9.758717e-01 4.655809e+00 5.873920e+00 -2.659048e+00 -1.940630e+00
-5.965480e+00 6.643398e+00 5.522852e-01 1.683622e+00 3.110053e+00 -3.125751e-01 2.481599e+00 3.060264e+00 4.383413e+00 1.299124e+00 1.277081e+00 5.001831e+00
-3.173218e+00 7.824905e+00 9.912206e-01 3.517948e+00 5.638593e+00 4.329335e+00 2.966924e+00 1.045357e+00 4.577911e+00 8.306608e+00 -5.351864e-01 -1.683264e+00
-3.011886e+00 5.512034e+00 -7.097204e-01 3.400810e+00 8.747282e+00 1.313756e+01 1.494178e+01 8.856120e+00 8.016539e+00 5.120027e+00 2.734158e+00 3.888560e+00
-4.787500e+00 6.385344e+00 7.844592e-01 3.085915e+00 5.453692e+00 5.315622e+00 7.991253e+00 2.694599e+00 7.748448e+00 2.689706e+00 3.282047e+00 3.031354e+00
-7.311800e+00 3.414019e+00 -3.752590e+00 4.862031e-01 4.975121e+00 2.772424e-01 3.013415e+00 3.887034e+00 2.896018e+00 4.083635e+00 4.854867e+00 5.668898e+00
-5.873519e+00 5.730413e+00 1.458856e-01 1.875829e+00 2.341514e+00 4.805112e+00 3.736168e+00 7.818483e-01 4.486602e+00 2.637599e+00 2.582622e+00 8.262996e+00
-6.730664e+00 2.644285e+00 2.557158e-03 2.849984e+00 1.919164e+00 3.325787e+00 7.425821e+00 7.081010e+00 5.869779e+00 4.327838e+00 2.920815e+00 1.057149e+01
-6.436740e+00 4.704580e+00 1.317665e+00 2.586222e+00 1.794455e+00 3.735491e+00 2.276620e+00 3.596595e+00 4.480299e+00 2.037151e+00 9.266586e-01 1.986970e+00
-4.539421e+00 7.572011e+00 1.137603e+00 -3.778949e-02 1.211326e+00 2.371617e+00 2.870928e+00 9.745005e-01 4.104360e+00 -1.709177e-01 1.423733e+00 6.081781e+00
-5.694615e+00 3.820529e+00 -2.167636e+00 1.815245e-01 2.177611e+00 4.301786e+00 7.436940e+00 -1.282280e+00 7.167485e-01 6.742608e+00 -2.949871e+00 7.835555e+00
-4.038199e+00 7.428690e+00 1.951234e+00 8.470644e-01 4.302287e+00 3.951737e+00 8.400401e+00 5.256540e+00 5.167986e+00 5.232393e+00 1.358546e+00 5.227833e+00
-5.752669e+00 2.447472e+00 -1.578802e+00 -2.100448e+00 4.211545e-01 2.215026e+00 4.277288e+00 -2.881056e+00 -2.486906e-01 4.709299e+00 -3.995826e+00 -2.643203e+00
-6.646707e+00 3.009461e+00 -2.113653e+00 1.321809e+00 2.054934e+00 1.850716e+00 3.440588e+00 -1.742839e+00 1.709971e+00 8.068975e-01 2.181953e+00 2.004284e+00
-3.245482e+00 5.376775e+00 -1.143031e+00 2.839002e-01 7.980051e+00 8.609324e+00 1.501525e+01 6.624390e+00 2.020099e+00 2.000920e+00 -9.873509e-05 4.173526e+00
-5.940276e+00 3.770363e+00 -6.820698e-01 8.355726e-01 4.605845e+00 3.568590e+00 4.037491e+00 -1.485192e+00 -8.225107e-02 1.150032e+00 6.086845e-01 4.816151e+00
-7.166311e+00 2.024444e+00 -2.117268e-01 -7.165437e-01 2.090615e+00 3.433451e+00 5.832091e+00 3.794987e+00 -7.885926e-01 5.596395e+00 3.775143e+00 8.681179e+00
-7.620192e+00 4.074549e+00 1.081963e+00 8.781669e-01 2.797933e+00 4.074986e+00 9.007315e+00 1.143188e+00 3.669956e+00 4.471431e+00 2.031669e+00 6.598205e+00
-4.716443e+00 4.217492e+00 -1.556382e+00 -9.010038e-02 1.128667e+00 2.290446e+00 8.963289e+00 3.081858e-03 9.055271e-01 5.317998e+00 6.779001e+00 7.159378e+00
-5.810517e+00 4.370653e+00 3.461754e+00 3.253714e+00 6.241425e+00 5.229962e+00 7.402047e+00 2.359630e+00 5.462728e+00 6.965910e+00 1.200848e+00 7.665748e+00
-7.421656e+00 4.303649e+00 2.086823e+00 -6.114651e-01 2.459838e+00 2.012092e+00 5.189847e+00 3.639932e+00 3.099877e+00 9.423646e-01 3.170454e+00 2.786265e+00
-6.093859e+00 4.350208e+00 -4.223278e-01 1.775735e+00 2.596502e+00 3.060864e+00 5.048766e+00 1.312192e+00 7.434850e+00 5.203181e+00 2.049380e+00 6.150778e+00
-4.352721e+00 4.483648e+00 -9.601998e-01 1.552677e+00 6.923157e+00 1.088028e+01 1.307610e+01 1.354717e+00 6.745687e+00 6.924149e+00 3.340505e+00 2.786727e+00
-6.554162e+00 3.534917e+00 -7.527092e-01 2.650548e+00 7.081155e+00 8.571136e+00 8.350942e+00 2.183779e+00 5.019372e+00 -6.651752e-01 -1.236445e+00 3.004075e+00
-7.609749e+00 3.599981e+00 1.002641e+00 3.797589e-01 3.586453e+00 -1.290870e-01 3.821149e+00 7.049155e-01 4.176679e+00 3.642317e+00 4.271453e+00 7.244760e+00
-5.953142e+00 3.975587e+00 1.164980e+00 -2.276938e+00 3.684062e+00 3.487521e+00 4.394636e+00 2.517139e+00 4.499511e+00 6.848369e+00 5.391438e+00 1.012926e+01
