1.097688e+01 -1.077667e+01 -7.924111e+00 -1.109942e+01 -4.348719e+00 6.180933e+00 -4.317302e+00 -1.996540e-01 -4.936283e+00 -9.218806e-01 2.611122e+00 -8.358056e+00
1.037419e+01 -9.278662e+00 -9.448992e+00 -1.398691e+01 -1.028070e+01 4.951887e+00 -1.105978e+01 -6.124463e+00 -3.452859e+00 -8.836154e+00 -3.604066e+00 -1.240318e+01
9.564297e+00 -9.295916e+00 -8.862734e+00 -1.575067e+01 -1.023357e+01 2.329134e+00 -1.151655e+01 -8.076264e+00 -5.433997e+00 -9.157991e+00 -5.019455e+00 -1.062404e+01
1.069314e+01 -5.162362e+00 -1.032162e+01 -1.144095e+01 -7.615550e+00 3.554570e+00 -9.540763e+00 -3.849120e+00 -5.704029e+00 -1.890711e+00 -4.678858e+00 -7.011143e+00
1.030486e+01 -7.475391e+00 -9.737291e+00 -1.668138e+01 -9.993234e+00 -8.814015e-01 -1.098396e+01 -1.080267e+01 -7.127107e+00 -7.837032e+00 -6.330101e+00 -1.020199e+01
1.160767e+01 -5.898647e+00 -1.019189e+01 -1.182133e+01 -1.097532e+01 1.268904e-01 -7.656032e+00 -8.901896e+00 -6.013387e+00 -6.503933e+00 -4.755123e+00 -7.260869e+00
1.118491e+01 -5.181455e+00 -1.362135e+01 -1.385437e+01 -1.480150e+01 -1.279953e+00 -1.372623e+01 -1.073789e+01 -1.174468e+01 -9.825251e+00 -7.885253e+00 -9.789208e+00
1.141924e+01 -3.023294e+00 -1.172793e+01 -1.590786e+01 -8.896864e+00 -4.092215e+00 -9.119654e+00 -1.107206e+01 -1.046044e+01 -6.560456e+00 -9.708718e+00 -4.900126e+00
1.186364e+01 -3.981616e+00 -1.257743e+01 -1.572060e+01 -1.234540e+01 -4.627410e+00 -1.100594e+01 -1.385581e+01 -1.290017e+01 -8.388562e+00 -1.041406e+01 -7.334229e+00
1.280137e+01 -1.303993e+00 -1.040046e+01 -1.346776e+01 -8.498393e+00 -1.672907e+00 -9.626303e+00 -7.939750e+00 -8.936359e+00 -6.947523e+00 -5.782717e+00 -2.802345e+00
1.270100e+01 1.573598e-02 -8.422255e+00 -1.062558e+01 -8.230879e+00 1.331422e+00 -8.592299e+00 -5.080503e+00 -5.859732e+00 -5.296132e+00 -4.218905e+00 7.427049e-01
1.004324e+01 -9.511965e+00 -4.205698e+00 -1.138745e+01 -2.074053e+00 4.619206e+00 -9.619882e-01 -3.515180e+00 -2.428844e+00 1.210067e+00 1.818074e+00 -6.487797e+00
1.205002e+01 -2.825481e-01 -6.127949e+00 -1.559510e+01 -9.624703e+00 1.932711e+00 -1.293884e+01 -4.735010e+00 -9.292204e+00 -7.792809e+00 -3.070492e+00 -3.810370e+00
1.304299e+01 3.403324e-02 -7.766493e+00 -1.195383e+01 -1.185188e+01 -6.042998e-01 -6.803970e+00 -9.035903e+00 -7.206519e+00 -6.734333e+00 -5.143209e+00 -1.431764e+00
1.279576e+01 3.383505e-01 -6.740254e+00 -1.063627e+01 -1.347532e+01 4.310131e-01 -7.154716e+00 -6.782633e+00 -7.845517e+00 -5.342323e+00 -4.226357e+00 -2.934461e+00
1.158734e+01 1.749580e+00 -5.535888e+00 -1.360087e+01 -1.391760e+01 -3.345687e-01 -7.269719e+00 -6.125128e+00 -9.046160e+00 -5.601083e+00 -5.794894e+00 -3.870164e+00
1.239087e+01 3.151130e+00 -3.353290e+00 -1.258650e+01 -1.146730e+01 -1.386811e+00 -3.490781e+00 -2.819686e+00 -5.712406e+00 -5.158901e+00 -3.554740e+00 -1.688863e+00
1.238641e+01 4.487267e+00 -2.448143e+00 -1.288472e+01 -1.112538e+01 -1.500720e+00 -5.464296e+00 -3.581343e-01 -3.187701e+00 -7.507214e+00 -3.335414e+00 -1.587830e+00
1.205502e+01 2.968663e+00 -1.246320e+00 -1.275158e+01 -1.434507e+01 -1.731187e+00 -6.696365e+00 3.484437e-01 -4.653651e+00 -7.859679e+00 -2.587116e+00 -5.782172e+00
1.207788e+01 2.582309e+00 6.069140e-01 -1.097365e+01 -1.594877e+01 -2.498374e+00 -3.532876e+00 -4.801381e-01 -2.269314e+00 -5.958631e+00 -2.364847e+00 -6.993031e+00
1.249241e+01 4.324260e+00 9.511547e-01 -1.116581e+01 -1.605061e+01 -3.151960e+00 -3.854639e+00 1.377408e+00 -2.216296e-01 -5.693948e+00 -2.651195e+00 -3.942588e+00
1.271822e+01 6.494361e+00 2.641064e+00 -1.081529e+01 -1.675942e+01 -4.749195e+00 -3.960862e+00 -9.611373e-01 1.571707e+00 -1.462057e+00 -1.234591e+00 -2.630390e+00
1.233553e+01 1.162687e+01 1.010890e+00 -8.806517e+00 -1.367776e+01 -5.413137e+00 -3.384260e+00 2.095831e+00 2.622427e+00 -4.477763e-02 -2.212665e+00 -3.038167e+00
1.313392e+01 1.277679e+01 -2.778435e-01 -1.102192e+01 -1.372528e+01 -8.836848e+00 -5.224647e+00 1.039087e+00 3.728695e+00 -2.803330e+00 -3.786315e+00 -2.728078e+00
-7.253282e+00 -1.329597e+01 -2.167797e-02 -1.248646e+01 1.388256e+00 1.051653e+01 2.346995e+00 5.113865e+00 3.945546e-01 8.273859e+00 9.900848e+00 -9.822743e+00
1.057873e+00 -7.900831e+00 3.734462e+00 -6.927824e+00 2.647068e+00 1.101299e+01 2.481997e+00 1.232178e+00 -8.842077e-01 6.956625e+00 8.380938e+00 -8.409970e+00
1.151758e+01 1.359133e+01 -7.494211e-02 -6.522375e+00 -1.196640e+01 -1.380724e+01 -3.645596e+00 -3.099063e+00 -9.101248e-01 -5.079857e+00 -5.368796e+00 -3.018407e+00
9.452700e+00 1.445085e+01 1.499126e+00 -7.642664e+00 -1.598897e+01 -1.404890e+01 1.241086e+00 -1.809072e-01 2.809704e+00 -1.807486e+00 -1.803090e+00 -1.721058e+00
4.335013e+00 1.399604e+01 6.372021e+00 -5.739014e+00 -1.365809e+01 -1.486427e+01 -4.946434e+00 -5.863523e-01 1.889751e+00 -4.084156e+00 -9.932243e+00 -7.994612e+00
-2.035623e+00 -9.812899e+00 5.395224e+00 -2.563226e+00 -3.495124e+00 -3.314398e+00 7.550970e+00 5.778444e+00 -7.470653e+00 -1.275840e+00 1.506673e+00 -3.527529e+00
-7.614780e+00 -1.159727e+01 1.536930e+00 -8.462091e+00 3.026088e+00 9.749645e+00 2.147254e+00 5.481188e+00 1.365223e+00 7.023173e+00 8.149283e+00 -4.792723e+00
4.153502e+00 9.554262e+00 1.967793e+00 -4.766705e+00 -1.048575e+01 -1.363332e+01 -5.345345e+00 -9.236400e-01 -3.544434e+00 -6.365570e+00 -5.766326e+00 -8.332407e+00
-4.723234e-01 -1.113926e+00 2.364453e+00 -1.051800e+00 3.682148e+00 6.749177e+00 1.014532e+01 3.896397e+00 -8.973253e+00 -4.530210e+00 3.768834e+00 2.533577e+00
-1.620661e+00 -2.794065e+00 3.979729e+00 4.156494e-02 -2.402510e+00 1.237361e+00 1.118821e+01 4.357327e+00 -8.799494e+00 -3.251411e+00 3.719168e+00 -9.213152e-01
3.109834e+00 1.108867e+01 4.712679e+00 -2.663629e+00 -1.035869e+01 -1.278602e+01 -1.540704e+00 1.157762e+00 1.848601e+00 -1.328179e+00 -6.055219e+00 -1.174464e+00
-2.597742e+00 -2.181589e+00 -4.466273e+00 -1.729155e+00 1.423442e+00 3.564361e+00 5.325824e+00 -4.736576e+00 -1.152058e+01 -4.335033e+00 3.987282e+00 7.315896e+00
-2.930142e+00 -3.664113e+00 -1.437369e+00 1.019697e-01 5.128956e+00 -4.813347e-01 -3.155871e+00 -7.914620e+00 -1.083686e+01 -2.619876e+00 2.467718e+00 2.294773e+00
-4.868692e+00 -6.038528e+00 -3.021724e+00 4.556876e+00 1.094497e+01 3.158026e+00 1.322035e+00 -4.202567e+00 -1.574982e+00 4.980427e+00 2.014544e+00 3.319016e+00
-2.651037e+00 -2.087088e+00 -1.186669e+00 1.013017e+00 6.507952e+00 3.304954e+00 2.681279e+00 -2.248272e+00 -1.011213e+01 -3.566844e+00 -5.019088e+00 1.181657e+00
3.416672e-01 5.050076e+00 2.706330e+00 -2.194653e-01 -7.510965e+00 -9.317019e+00 1.091754e+00 4.690091e+00 3.924510e+00 1.934538e+00 9.785260e-02 -2.483783e+00
-4.784165e+00 -4.049430e+00 8.122592e-01 4.216942e+00 1.016648e+01 4.196078e+00 2.837929e+00 3.555745e-01 -7.787327e+00 -1.075141e+00 -7.308087e+00 -3.614685e+00
-4.594462e+00 -5.021565e+00 -1.654796e+00 5.316069e+00 1.072415e+01 6.347278e+00 4.720084e+00 2.426667e+00 -4.629829e+00 2.854181e+00 3.578780e+00 1.632715e+00
-5.582946e+00 -2.995753e+00 -4.161510e-01 8.599875e+00 1.037823e+01 4.986437e+00 4.342069e+00 6.094726e-01 -6.246417e+00 -3.830649e+00 2.421466e+00 1.490049e+00
-5.693420e+00 -1.797850e+00 -3.939624e+00 5.079441e+00 8.502606e+00 -1.481984e+00 2.275150e+00 -2.796786e-01 7.586679e-01 -3.291541e-01 5.722904e-01 -3.278518e+00
-4.744411e+00 -2.227436e+00 -1.078524e+00 4.429066e+00 9.585635e+00 3.327612e+00 2.944687e+00 -5.579618e+00 -6.788347e+00 6.902586e-01 -1.654153e-01 8.760560e-01
-6.286798e+00 -2.580038e+00 -1.984636e+00 6.358121e+00 7.832702e+00 2.667247e+00 2.835520e+00 -3.263663e+00 1.409175e+00 2.815505e+00 2.039677e+00 3.201888e+00
-9.396872e+00 1.952642e+00 3.649923e+00 7.032051e+00 2.208457e+00 8.626075e-01 3.633183e+00 5.973411e+00 5.829457e+00 6.587775e+00 5.026621e+00 1.413365e+01
-7.080508e+00 -1.678421e+00 -1.389105e+00 9.588789e+00 8.471643e+00 1.020317e+00 -2.203795e+00 -1.673445e+00 3.574052e+00 7.940830e+00 2.760852e-01 4.194822e+00
-4.750055e+00 1.077437e-02 9.115820e-01 8.843105e+00 1.065954e+01 6.475240e+00 5.000281e+00 6.223714e-02 5.319057e-01 1.754696e-01 2.342872e+00 1.574401e+00
-3.834276e+00 1.679043e+00 5.884268e+00 1.142000e+01 1.497369e+01 8.523417e+00 8.949127e+00 6.417352e+00 9.768592e+00 4.237745e+00 -3.664869e-01 2.424276e-01
-3.859084e+00 1.988436e+00 5.472493e+00 1.292785e+01 1.447190e+01 7.704825e+00 8.967921e+00 1.967828e+00 1.102515e+01 9.506898e+00 7.873179e+00 5.763434e+00
-3.908859e+00 1.859951e+00 6.672691e+00 1.607872e+01 1.389951e+01 9.439480e+00 6.477915e+00 -3.740884e-01 -3.061916e+00 -4.981928e+00 9.411093e-01 6.241554e+00
-4.956320e+00 1.591406e+00 4.552547e+00 1.035757e+01 9.136297e+00 4.532425e+00 9.350705e+00 4.822935e+00 7.814823e+00 7.068892e-01 -4.867435e+00 8.313513e-01
-8.379175e+00 3.082819e+00 3.467592e+00 8.567616e+00 1.367963e+00 -1.698869e+00 1.504087e+00 6.038034e+00 6.939310e+00 5.380856e+00 8.909237e-01 6.588984e+00
-6.848039e+00 -1.802958e+00 1.995752e+00 8.790096e+00 1.310801e+01 8.287020e+00 9.449550e+00 7.482999e+00 4.785712e+00 4.508364e-02 2.879653e+00 6.545331e+00
-6.611420e+00 -1.549551e+00 -3.235826e+00 1.093254e+01 1.360223e+01 2.833348e+00 3.031822e+00 1.543070e+00 7.679008e+00 8.012505e+00 6.698003e-01 2.443795e+00
-4.638315e+00 2.407855e+00 4.807355e+00 1.141887e+01 1.236123e+01 7.744405e+00 9.938087e+00 1.117643e+01 6.659976e+00 2.613125e+00 3.157569e+00 2.954625e+00
-5.621851e+00 4.298728e-01 3.734175e+00 1.055595e+01 1.189212e+01 7.724845e+00 1.232651e+01 5.325952e+00 1.735352e+00 1.303307e+00 1.325255e+00 4.900343e+00
-8.963936e+00 1.657676e+00 4.923341e+00 1.016692e+01 5.809170e+00 1.528241e+00 2.434536e+00 2.471389e+00 1.118504e+01 7.795295e+00 6.420670e+00 9.092857e+00
-5.344826e+00 -1.789673e+00 5.576801e-01 9.648152e+00 1.215495e+01 7.502808e+00 7.554658e+00 1.516934e+00 4.227409e+00 2.756680e+00 4.377861e+00 3.524990e+00
-8.710360e+00 -2.097117e+00 -1.261129e-01 1.107222e+01 8.447925e+00 7.763228e-01 2.996092e-01 7.094019e+00 1.329011e+01 1.800672e+00 1.000999e+00 5.467760e+00
-1.114280e+01 1.697614e+00 5.630393e+00 8.702454e+00 1.398825e+00 -5.126247e+00 -5.319370e+00 -1.249410e+00 5.480907e+00 8.155719e+00 2.763990e+00 7.234135e+00
-6.210246e+00 -7.375019e-01 -3.788511e+00 6.477261e+00 9.782621e+00 2.609102e+00 -6.036155e-01 -1.646924e+00 5.893209e+00 4.237760e+00 -8.109179e-02 -1.111279e-01
-4.081516e+00 2.690355e+00 6.047866e+00 1.079090e+01 1.206007e+01 6.388059e+00 9.692929e+00 4.600033e+00 3.863787e+00 -2.467675e+00 -4.608430e+00 9.259775e-01
-5.816337e+00 6.785671e-01 6.907612e+00 1.463272e+01 1.356362e+01 8.605089e+00 7.122438e+00 3.177419e+00 1.177876e+00 -5.932769e-01 4.068280e+00 1.451829e+00
-9.471124e+00 1.563423e+00 3.694793e+00 7.347929e+00 2.178163e+00 -4.859234e+00 2.012180e+00 4.148896e+00 5.554857e+00 7.202711e+00 2.671528e+00 5.695583e+00
-9.233152e+00 1.613432e+00 6.244175e+00 8.703464e+00 3.530948e+00 -1.889670e+00 6.527584e-01 9.266683e-01 1.052699e+01 8.787485e+00 3.027166e+00 8.086978e+00
-8.626460e+00 -7.755951e-01 -7.191591e-01 5.137367e+00 5.166703e+00 -9.801770e-01 5.033442e+00 3.424212e+00 6.011433e+00 7.636550e+00 1.089969e-02 3.395093e+00
-8.316722e+00 -1.305642e+00 1.297160e+00 1.008705e+01 4.966646e+00 -4.181938e+00 1.645495e+00 6.445446e+00 7.997010e+00 -1.646236e-01 -2.257223e+00 3.120367e+00
-1.010782e+01 1.445941e+00 4.681855e+00 7.324096e+00 4.054227e+00 4.428482e-01 5.816339e+00 1.992373e+00 6.861745e+00 7.108107e+00 9.134098e+00 1.076283e+01
-9.694226e+00 2.855782e+00 8.540766e+00 1.141539e+01 7.412388e+00 -3.826302e+00 3.233490e+00 5.092019e+00 6.570716e+00 7.411855e+00 7.451897e+00 7.310096e+00
-9.257271e+00 4.756072e+00 9.237473e+00 1.172691e+01 4.184215e+00 -5.826993e+00 7.198117e+00 3.519329e+00 7.514359e+00 5.307529e+00 3.165673e+00 2.867333e+00
-9.989949e+00 -1.190075e-01 2.930127e+00 8.609148e+00 2.669111e+00 -7.279038e+00 6.323280e-01 4.545785e+00 5.343538e+00 1.220131e+00 -2.103788e+00 5.891061e+00
-9.939434e+00 1.328440e+00 5.755001e+00 8.647392e+00 4.370442e+00 -5.061737e+00 1.895332e-01 6.006512e+00 7.308984e+00 6.505225e+00 5.538172e+00 4.714010e+00
-1.057869e+01 1.613542e+00 7.012926e+00 9.142838e+00 5.710545e+00 -5.756784e+00 -1.113154e+00 3.619578e+00 7.535723e+00 7.685193e+00 4.337330e+00 4.321628e+00
-1.015803e+01 1.612868e+00 6.744624e+00 9.569167e+00 6.943801e+00 -3.121858e+00 3.664016e+00 3.277942e+00 9.013573e+00 5.209702e+00 4.748144e+00 6.237761e+00
-8.253239e+00 4.177640e+00 7.894699e+00 1.146831e+01 6.331608e+00 -3.222588e+00 4.606168e+00 5.052412e+00 3.539248e+00 9.951288e+00 1.011968e+01 3.350342e+00
-9.395657e+00 2.343752e+00 7.660151e+00 1.067906e+01 3.892744e+00 -4.054696e+00 1.389536e+00 2.700564e+00 3.421185e+00 6.086974e+00 9.069831e+00 9.055545e+00
-9.661909e+00 -1.132149e+00 2.278985e+00 7.735854e+00 3.409766e+00 -5.894258e+00 -3.528266e+00 -9.696703e-01 6.589509e+00 -2.296360e+00 -2.262031e+00 3.304981e+00
