1.509893e+01 3.427625e-01 3.047806e+00 -8.939393e+00 -1.635691e+01 -1.114203e+01 3.320652e+00 -4.981463e-01 -3.023767e-02 -1.109426e+01 -1.490066e-01 5.722084e+00
1.415288e+01 1.518115e+00 -6.907238e+00 -8.051394e+00 -8.428562e+00 2.745451e+00 -1.061256e+01 5.137189e+00 3.531990e+00 -1.597255e+01 -4.967200e+00 1.094142e+01
1.561840e+01 2.223218e+00 2.896018e-01 -5.562873e+00 -1.808632e+01 -1.124169e+01 4.959838e+00 1.470506e-01 -3.453780e+00 -5.592720e+00 -3.822594e+00 7.403870e+00
1.285589e+01 1.346647e+00 -9.619204e+00 -7.947783e+00 -2.826149e+00 1.077786e+01 -1.467013e+01 -8.276996e+00 9.634714e+00 -1.030875e+01 -4.527842e+00 1.249983e+01
1.544361e+01 1.174949e+00 -3.030446e+00 -6.467257e+00 -1.455476e+01 -8.067738e+00 4.126055e+00 1.662968e+00 -2.977419e-02 -1.163411e+01 -8.055568e+00 1.293472e+01
1.493662e+01 3.759099e+00 -3.797884e-01 -4.783093e+00 -1.894126e+01 -9.236258e+00 2.786456e+00 2.678775e+00 -2.725413e+00 -8.849465e+00 6.108458e-01 4.856755e+00
1.492453e+01 3.540479e-01 -2.086245e+00 -9.454350e+00 -1.034132e+01 -4.245610e+00 -1.402084e+00 1.840503e+00 3.643435e+00 -1.579454e+01 -5.904668e+00 1.283732e+01
1.294250e+01 1.474981e+00 -7.325913e+00 -8.976263e+00 -4.958316e+00 7.044428e+00 -1.209739e+01 -3.245359e+00 6.529532e+00 -1.018124e+01 -8.674010e+00 1.535487e+01
1.547434e+01 5.094337e-01 3.443985e-01 -6.846659e+00 -1.565435e+01 -1.087320e+01 6.654187e+00 1.294382e+00 -1.324995e+00 -8.701938e+00 -6.321639e+00 9.040145e+00
1.405869e+01 2.682475e+00 5.452606e+00 -1.283345e+01 -2.208426e+01 2.472085e+00 -1.054989e+00 -6.104811e+00 6.395499e+00 -1.381586e+01 -3.267824e+00 8.355733e+00
1.549360e+01 2.913955e+00 1.194179e+00 -6.133064e+00 -1.840118e+01 -8.204314e+00 2.413281e+00 2.370406e+00 -2.009897e+00 -8.675044e+00 -3.425534e-01 5.523973e+00
1.236176e+01 1.434471e+00 -1.022617e+01 -7.721313e+00 -2.940233e+00 1.644737e+01 -1.929363e+01 -1.032464e+01 8.244009e+00 -3.021945e+00 -5.477901e+00 8.413634e+00
1.617905e+01 5.803698e-01 1.859953e+00 -6.416271e+00 -1.600336e+01 -1.267172e+01 8.373664e+00 -1.119088e+00 1.305139e+00 -9.301568e+00 -4.478018e+00 7.800033e+00
1.584456e+01 2.587050e+00 1.498584e+00 -7.177909e+00 -1.574770e+01 -1.167489e+01 6.715974e+00 9.526926e-01 -3.127079e-01 -8.805851e+00 -1.897509e+00 6.214094e+00
1.292568e+01 2.477707e+00 -9.655802e+00 -9.903268e+00 -1.864213e+00 1.994587e+01 -1.892484e+01 -1.894303e+01 1.571653e+01 -3.417335e+00 -4.122229e+00 5.654576e+00
1.457466e+01 3.406330e+00 3.908115e+00 -1.425838e+01 -1.833272e+01 1.336748e+00 -4.370835e+00 -1.213548e+00 6.221110e+00 -1.991066e+01 -1.385815e-01 7.387810e+00
1.330969e+01 3.018208e+00 -7.866169e+00 -1.220421e+01 -4.891772e-01 1.821318e+01 -1.267127e+01 -2.642071e+01 1.506683e+01 2.215942e+00 -4.981972e+00 5.525183e+00
1.410773e+01 2.048525e+00 -5.027979e+00 -9.990030e+00 -2.328945e+00 1.544663e+01 -8.192145e+00 -2.711131e+01 1.228125e+01 4.141491e+00 -2.865498e+00 5.960336e+00
1.558829e+01 2.926272e+00 4.225275e+00 -9.685990e+00 -1.735587e+01 1.651626e-01 -3.385947e+00 -4.479871e-01 3.933322e+00 -1.829372e+01 3.729268e+00 6.559566e+00
1.306044e+01 3.550844e+00 -2.957313e+00 -7.279222e+00 -8.465009e-01 1.128974e+01 -7.306365e+00 -2.306748e+01 1.263530e+01 2.741205e+00 -9.212410e-01 7.694399e+00
9.952928e+00 1.094041e+01 2.305042e+00 -3.143237e+00 -2.014818e+01 -5.004474e+00 6.279138e+00 5.008886e-01 -9.147482e-01 -1.782416e+01 5.704399e+00 2.074598e+00
1.161793e+01 6.536497e+00 -2.378202e+00 4.285534e-01 3.229579e+00 4.971045e+00 -1.072785e+01 -1.368767e+01 1.436289e+01 2.992970e+00 -6.468320e-02 -2.078675e+00
6.435573e+00 -3.015503e-01 -1.997566e-01 8.729565e+00 1.919292e+01 1.353762e+01 -3.690056e+00 -7.065637e+00 1.090159e+01 1.746799e+00 -8.024309e+00 -1.109753e+01
-1.299797e+01 -9.521181e+00 -3.725307e+00 6.369278e+00 -6.624090e+00 1.912986e+00 -2.378046e+00 9.799608e+00 -6.521073e+00 6.683797e+00 3.036503e+00 2.922783e-01
-9.922646e+00 -9.961791e+00 -4.457073e+00 2.337262e+00 -6.563994e+00 6.328187e-01 -7.447921e+00 -2.782942e+00 -1.222303e+01 5.307738e+00 2.878865e+00 -6.161586e+00
-5.209063e+00 -1.235682e+01 -3.519882e+00 2.223255e+00 -3.500654e+00 1.806602e+00 -1.245010e+00 1.230525e+00 -1.209328e+01 5.253127e+00 2.910174e+00 -3.218728e+00
1.491072e+00 -7.830015e+00 -4.622108e+00 8.194071e+00 8.345972e+00 4.287768e+00 4.015532e+00 -3.400157e+00 9.626387e+00 7.956056e+00 -7.205634e+00 -8.279413e+00
3.021427e+00 -6.248915e+00 -3.102089e+00 7.051771e+00 1.335486e+01 1.169817e+01 4.148591e+00 -4.494903e+00 9.854311e+00 5.819518e+00 -6.451873e+00 -3.820733e+00
-1.110914e+01 -9.406778e+00 -6.668558e+00 1.194582e+01 5.279592e+00 1.112097e+01 5.617170e-01 6.838526e+00 -9.545238e+00 5.528342e+00 3.614844e+00 -8.037441e-01
-3.365866e+00 3.615319e+00 -3.438147e+00 5.410996e+00 3.064271e+00 4.860442e+00 7.396692e+00 1.809315e+00 3.780847e+00 -4.091303e+00 1.211819e+01 4.067087e-01
-2.447162e+00 -7.153789e+00 -3.761513e+00 9.434127e-01 2.216567e+00 -1.975975e-01 7.174041e-01 3.515719e-01 -8.901073e+00 -1.184818e+00 8.114135e-01 -4.211733e+00
-1.051449e+01 -5.087500e+00 -5.111612e+00 9.245761e+00 2.684321e+00 5.540408e+00 -2.368895e+00 6.003446e+00 -6.344321e+00 7.655640e+00 7.665640e+00 2.454126e+00
1.049244e+00 -7.747964e+00 -4.725362e+00 4.271887e+00 1.102599e+01 4.834910e+00 5.412494e+00 2.792142e+00 7.571198e+00 8.202724e+00 -3.870001e+00 -1.030679e+01
-1.216226e+01 1.232003e+00 3.514740e+00 5.217727e+00 3.102096e+00 -1.148463e+00 5.272145e+00 2.587842e+00 -6.182203e+00 9.727033e+00 1.042639e+01 -4.373295e+00
-1.519085e+01 2.870966e+00 4.779211e+00 1.075049e+01 8.892006e+00 -9.059667e+00 -3.241077e+00 5.027103e+00 -7.273821e+00 2.017689e-01 -5.344541e-01 -3.536341e+00
-1.601926e+01 -7.509937e-01 5.175939e+00 1.170917e+01 5.926198e+00 1.279785e+00 6.602607e+00 2.725644e+00 -7.037430e+00 4.736193e+00 1.971383e+00 4.348850e-01
-1.515800e+01 -1.861072e-02 3.352098e+00 9.856674e+00 6.882327e+00 -3.757749e+00 1.929615e+00 6.672894e+00 -5.429251e+00 2.070022e+00 5.644034e+00 1.859669e+00
-1.765214e+00 -3.527156e+00 -1.328170e+00 3.596283e+00 5.526333e+00 -1.937058e+00 5.539255e+00 6.253982e+00 6.784779e+00 8.318474e+00 2.043895e+00 -5.778937e+00
-5.673913e+00 -2.448304e+00 -6.147490e-01 7.027269e+00 1.052342e+01 1.012631e+00 6.343527e+00 5.848678e+00 2.396017e+00 9.867221e+00 -4.882128e+00 -1.273016e+01
-9.949005e+00 -4.488914e+00 4.291730e-01 -3.689647e-02 -1.281839e+00 -3.725160e+00 2.620573e+00 6.290882e+00 -5.177988e+00 3.253507e+00 -3.408214e+00 -5.447849e+00
-9.952660e+00 -6.715886e+00 1.311284e+00 3.571944e+00 7.054346e+00 -7.078013e+00 -1.701895e+00 2.069614e+00 -2.750140e+00 2.428573e+00 2.088253e+00 1.720181e+00
-8.013733e+00 -4.181481e+00 -5.077405e-01 5.636239e+00 4.244660e+00 -8.743186e+00 1.992133e+00 1.022846e+01 -6.392890e+00 2.009355e+00 2.686772e+00 -1.450423e+00
-1.424955e+01 3.166819e-01 5.745472e+00 7.531411e+00 5.717590e+00 1.638006e+00 9.342557e+00 7.739265e+00 -6.668057e+00 9.994576e+00 1.608572e+00 -3.715233e+00
-9.245518e+00 4.152177e+00 6.703958e+00 3.919154e+00 8.508671e+00 1.775914e+00 7.181643e+00 6.416681e+00 -2.358913e-01 7.296195e+00 4.647400e+00 -2.030068e+00
-9.228891e+00 2.020015e+00 1.228439e+00 1.432689e-01 2.197886e+00 -4.010014e+00 4.809017e-01 3.480123e+00 -5.055392e+00 6.518854e+00 6.881635e-01 -9.079056e+00
-7.308568e+00 1.885517e+00 2.671434e+00 3.794616e+00 1.419142e+01 2.002419e+00 -1.847591e+00 3.198667e+00 -3.195695e+00 4.735856e+00 -1.475081e+00 -4.226658e+00
-1.036804e+01 4.475587e+00 6.920754e+00 5.504128e+00 1.156390e+01 -1.271682e-01 5.346692e+00 1.544026e+00 -7.931667e+00 1.081004e+01 1.141470e+01 2.256809e+00
-9.407055e+00 5.930396e+00 1.100013e+01 5.873293e+00 9.790093e+00 4.692703e+00 1.071549e+01 1.059512e+01 3.879037e-01 6.657050e+00 3.999499e+00 -8.317642e-01
-1.303874e+01 -3.271257e-01 4.397875e+00 3.506095e+00 9.723345e+00 -2.706958e+00 3.074507e+00 -7.877345e-01 -9.324120e+00 -3.218074e+00 -1.499476e-01 -8.283998e+00
-8.289455e+00 4.658960e+00 5.215624e+00 3.267472e+00 8.626256e+00 -5.486006e+00 2.352653e-01 5.556235e+00 -3.672279e+00 4.233071e+00 4.880621e+00 -7.747193e+00
-1.171378e+01 3.194421e-01 9.376445e-01 -2.570353e+00 5.045875e+00 -5.979586e+00 4.001153e+00 -3.794038e-02 -6.284622e+00 6.393159e+00 3.555005e+00 -9.752115e+00
-1.059402e+01 7.411065e-01 3.482952e-01 -1.875618e+00 8.941228e+00 -2.867320e+00 2.074762e+00 3.997252e+00 5.303884e+00 9.267620e+00 3.325932e+00 -4.315561e+00
-1.225509e+01 2.846222e+00 7.898452e+00 4.557597e+00 7.619730e+00 -3.322926e+00 1.628995e+00 6.292134e+00 -5.317315e+00 6.486124e+00 -3.404362e+00 -1.135565e+01
-1.007714e+01 1.352497e+00 1.617992e+00 2.224071e+00 9.873671e+00 -5.941853e+00 1.140989e+00 6.606363e+00 3.570468e+00 1.022285e+01 3.380881e+00 -4.186346e+00
-8.168882e+00 2.552101e+00 4.808935e+00 3.326260e+00 1.050543e+01 -2.940929e+00 5.563826e+00 6.504112e+00 -2.200650e+00 8.409156e+00 6.621219e+00 -4.427504e+00
-1.009369e+01 8.296366e-01 1.620446e+00 1.799298e+00 8.081472e+00 -6.441317e+00 7.451806e-01 2.047385e+00 -6.020932e+00 7.043531e-01 -3.355644e+00 -6.586732e+00
-9.445083e+00 -9.149070e-02 2.012957e+00 2.492148e+00 8.111732e+00 -5.690194e+00 4.678788e-01 2.393706e+00 -3.941181e+00 3.449656e+00 -7.778100e-02 -5.419370e+00
-8.796476e+00 -1.012618e+00 2.405468e+00 3.184999e+00 8.141993e+00 -4.939071e+00 1.905770e-01 2.740028e+00 -1.861429e+00 6.194959e+00 3.200082e+00 -4.252009e+00
-1.108938e+01 5.184132e-01 3.831880e+00 4.382516e+00 9.982983e+00 -3.620072e+00 3.661013e+00 1.080035e+00 -8.470316e+00 1.921934e+00 2.978532e+00 -4.923040e+00
-9.144516e+00 9.639866e-01 3.201731e+00 7.266563e-01 5.603880e+00 -7.097687e+00 -4.934555e+00 -1.882419e+00 -6.767280e+00 9.865999e-01 -4.499291e+00 -9.170715e+00
