9.946766e+00 -1.069761e+01 -5.092219e+00 -9.759006e+00 -7.521470e+00 7.407526e+00 -4.946356e-01 2.658632e+00 -1.080614e+00 -8.020708e+00 5.428679e+00 1.041399e+00
1.001076e+01 -1.074031e+01 -4.368761e+00 -1.005214e+01 -6.427113e+00 7.229046e+00 -1.098280e+00 2.977261e+00 -1.555563e+00 -7.253788e+00 5.155281e+00 5.199122e-01
9.782757e+00 -1.018629e+01 -5.494450e+00 -1.057822e+01 -7.752738e+00 8.383245e+00 -1.472964e+00 1.872431e+00 -1.097443e+00 -7.672829e+00 5.489289e+00 4.980477e-01
1.026207e+01 -1.020329e+01 -4.103953e+00 -1.064343e+01 -6.759149e+00 7.824104e+00 -1.236094e+00 1.864925e+00 -1.185188e+00 -6.470043e+00 4.472043e+00 1.746683e+00
1.078319e+01 -1.209651e+01 -2.671689e+00 -1.013188e+01 -6.429849e+00 7.854028e+00 -1.188471e+00 1.415447e+00 1.749567e+00 -1.040917e+01 7.951027e+00 -9.850639e-01
1.101632e+01 -1.069051e+01 -2.315924e+00 -1.179724e+01 -5.978789e+00 6.987735e+00 -1.597255e+00 2.134204e-01 -6.123921e-01 -5.488678e+00 1.986390e+00 5.315804e+00
1.152239e+01 -9.913242e+00 -1.676495e+00 -1.328523e+01 -7.704087e+00 7.668705e+00 -1.685988e+00 -1.755666e+00 1.101546e+00 -6.586103e+00 4.180577e+00 5.336121e+00
9.496729e+00 -1.134294e+01 -3.348504e+00 -9.206543e+00 -4.044990e+00 4.474669e+00 4.663410e-01 3.589725e+00 -3.436790e+00 -4.937998e+00 5.182796e+00 -1.230569e+00
7.934335e+00 -1.014732e+01 -4.560586e+00 -9.877848e+00 -1.672381e+00 3.325497e+00 -9.697089e-01 1.531111e+00 9.321417e-01 -4.490722e+00 5.975926e+00 -2.919239e+00
8.971312e+00 -1.040778e+01 -5.711677e+00 -8.134807e+00 -2.509380e+00 5.439322e+00 -4.386985e+00 1.502494e+00 3.058374e+00 -3.885588e+00 2.779979e+00 1.346549e-01
8.845687e+00 -1.015383e+01 -4.813239e+00 -8.609831e+00 -9.220095e-01 2.691230e+00 2.920070e-01 3.021101e+00 -8.428653e-01 -6.422838e+00 6.625528e+00 -4.349314e+00
8.072217e+00 -9.611554e+00 -5.389678e+00 -8.636716e+00 -9.639187e-01 2.806678e+00 -7.094717e-02 2.404964e+00 -1.037563e-01 -5.502794e+00 6.359048e+00 -3.091679e+00
8.007264e+00 -7.372429e+00 -6.560000e+00 -8.155733e+00 -1.850039e+00 6.641034e+00 -9.847757e+00 7.039466e+00 1.035459e+00 -3.954606e+00 4.746769e+00 -2.785028e-01
8.263662e+00 -8.573448e+00 -5.648937e+00 -5.282465e+00 -2.635503e+00 4.842680e+00 -1.161381e+01 8.577675e+00 1.001193e+00 -2.664051e+00 5.455253e+00 -4.732095e+00
1.247961e+01 -7.870960e+00 -2.791048e+00 -1.127647e+01 -1.114587e+01 5.398807e+00 -9.430184e-01 -1.352384e+00 1.767545e+00 -3.500761e+00 2.931430e+00 7.660028e+00
8.710214e+00 -7.544658e+00 -3.075392e+00 -7.657928e+00 -1.217306e+00 4.404099e+00 -1.433769e+01 1.021183e+01 1.259210e+00 -1.171620e+00 5.037054e+00 -6.461433e+00
8.394093e+00 -5.357371e+00 -4.442132e+00 -4.873488e+00 -1.377663e+00 2.664010e+00 -1.330002e+01 9.603146e+00 -2.485510e-01 2.997645e+00 3.871525e+00 -5.710152e+00
7.830025e+00 -4.202648e+00 -2.956141e+00 -5.232808e+00 -1.266932e+00 1.268899e+00 -1.371721e+01 6.879802e+00 3.726426e+00 4.194788e+00 1.973386e+00 -4.048161e+00
8.223752e+00 -3.193833e+00 -1.145043e-01 -5.589190e+00 -4.573780e+00 2.366450e+00 -1.524296e+01 4.014432e+00 7.254290e+00 3.599328e+00 1.461561e-01 -3.852463e+00
8.656123e+00 -2.040471e+00 -3.809764e-01 -2.702489e+00 -7.056646e+00 4.148901e+00 -1.652069e+01 -5.668228e-01 5.695680e+00 6.762349e+00 2.548692e+00 -7.558326e+00
8.055017e+00 -7.109690e-02 2.369132e-01 1.799796e+00 -2.482854e+00 -5.231654e+00 -2.016452e+01 6.827318e+00 2.308573e+00 2.012014e-02 8.733688e+00 -7.095208e+00
8.614962e+00 -1.785641e-01 5.233165e+00 6.969539e+00 -1.026720e+01 -6.841207e+00 -1.300602e+01 5.062699e+00 -2.471170e+00 -1.495721e+00 9.371318e+00 -4.360776e+00
8.672605e+00 -2.133203e+00 4.760299e+00 8.957329e+00 -1.323750e+00 -4.618790e+00 -2.119285e+01 -3.964147e+00 4.143891e+00 1.811858e+00 8.037102e+00 -6.218866e+00
1.204386e+01 5.630896e-01 -4.249394e+00 -3.055349e+00 1.348985e+00 4.471933e+00 -1.341845e+00 -5.719377e+00 -4.381595e+00 -3.606773e+00 4.315361e+00 6.308794e+00
7.103004e+00 3.411564e+00 3.271397e+00 8.064331e+00 1.194381e+00 -2.260601e+00 -1.371588e+01 -2.316827e+00 2.031983e+00 -2.908602e+00 7.404078e+00 -5.930068e+00
-6.169011e+00 -4.027109e+00 -8.780513e+00 3.781643e-01 -3.601365e+00 -7.616291e+00 -4.927888e+00 -3.652961e+00 -6.714387e+00 -4.002061e+00 -2.467911e+00 -6.754121e-01
-3.833851e+00 -2.058845e+00 -7.762137e+00 5.291162e-01 -4.713986e+00 -8.881876e+00 -6.216540e+00 -2.626803e+00 -4.715071e+00 -1.776099e+00 1.601019e-01 1.217580e+00
-3.378842e+00 -1.841131e+00 6.487931e-01 3.331077e+00 -6.386042e-01 -7.282212e+00 9.960208e-01 -1.161738e+00 4.460379e+00 2.531078e+00 8.672273e-01 2.267549e-01
6.833020e+00 3.355736e+00 8.625627e-01 9.074643e+00 7.115920e+00 -2.198611e+00 -7.363694e+00 -9.470253e-01 2.069990e+00 2.696412e+00 3.584095e+00 -6.376556e+00
-4.936876e+00 -4.883662e+00 -1.875286e+00 -1.590334e+00 -4.837030e+00 -9.053437e+00 3.590892e+00 -5.815104e+00 -5.080171e-01 -5.322938e-01 -6.700224e+00 -2.868039e+00
-3.298705e+00 -1.389469e+00 1.282118e+00 -5.169387e+00 -4.593141e+00 -9.464546e+00 9.872985e-01 -4.283381e+00 3.720254e-01 -1.424461e+00 1.609891e+00 5.745180e-01
-1.575458e+00 -1.003085e+00 8.261803e-01 -1.883738e+00 2.184711e-01 -2.885489e+00 8.621836e-01 -2.867558e+00 3.244548e+00 -1.490039e+00 -9.084740e+00 1.221099e+00
-1.962906e+00 -4.969191e+00 2.180545e-01 -3.483785e+00 -8.366489e-01 -3.966551e+00 4.656379e+00 1.336977e+00 4.332170e+00 3.509793e+00 -2.388088e+00 1.778230e+00
-1.952798e+01 -6.252505e+00 1.252614e+01 -7.686623e-01 2.106853e+00 -1.287057e+01 1.752252e+00 -5.979568e+00 -9.799757e-01 -7.775764e-01 1.655424e+00 -6.406101e+00
2.876976e+00 -6.463614e-01 4.757486e+00 5.451116e+00 1.010910e+01 5.164568e+00 5.251571e+00 -8.773041e-01 -1.536326e+00 6.110514e+00 -1.165377e+00 -2.596255e+00
-1.375961e+00 -2.448030e-01 3.359636e+00 4.988681e-01 4.218147e+00 -1.684175e-01 3.387382e+00 3.183689e-01 1.907335e+00 4.252477e+00 -3.332289e+00 -1.183350e-01
5.834389e-02 -1.552454e+00 -4.077909e+00 3.913182e+00 2.776935e+00 1.493469e+00 6.221028e+00 -1.978712e+00 2.373794e+00 -2.643868e+00 -3.510768e+00 2.152958e+00
-6.930499e-01 -1.960149e+00 2.154358e+00 -1.844956e+00 1.790878e+00 -1.123271e+00 -3.462873e-01 -2.969736e+00 5.071942e-01 -7.591238e-01 -4.029629e+00 -4.379834e+00
4.338722e-01 -8.214030e-01 2.815530e+00 1.620632e-01 1.499488e+00 -1.536774e+00 5.032311e+00 2.728823e+00 5.130311e+00 4.849610e-01 -4.609995e+00 -1.506276e+00
4.295222e+00 3.809709e+00 -1.055661e+00 -1.428365e+00 3.110365e+00 3.772459e+00 1.378962e+00 -4.668608e+00 -5.710304e+00 1.956334e-01 2.977268e+00 3.661836e+00
-8.817579e+00 1.067450e+01 2.678604e+00 1.666844e+01 -1.124712e+00 4.922202e-01 -6.082988e-01 -7.120082e-01 -3.815614e+00 6.168008e-03 -4.987806e+00 4.185860e+00
8.875136e-01 -8.731203e-01 -2.402222e+00 1.253837e-01 -4.193642e+00 -9.021330e-01 2.911848e+00 -4.720259e+00 1.952359e+00 -2.165731e+00 -1.752087e+00 2.192272e+00
-8.963352e+00 1.030934e+01 3.441640e+00 1.495839e+01 -6.882493e-01 2.249520e+00 5.739821e+00 6.195478e+00 -1.278993e+00 4.942302e-01 -5.572751e+00 5.892863e+00
8.758554e-01 1.288671e+00 1.873683e+00 -2.436713e+00 -2.656095e+00 -4.349406e+00 2.559470e+00 -2.391459e+00 -1.284317e-01 6.586324e+00 4.084955e+00 1.182736e+00
1.871033e+00 2.111163e+00 2.589874e+00 4.917012e+00 -5.553734e-01 -2.444607e+00 9.833748e+00 2.696424e-01 1.019633e+00 -5.666616e+00 -6.781646e+00 -9.836394e-01
7.804708e-01 4.806167e-01 -7.236482e+00 1.224899e+00 -2.451891e+00 -8.791649e+00 3.938744e+00 2.777572e-01 -1.091558e+01 -2.487400e+00 1.814921e+00 6.017194e-01
-1.065069e+01 3.450251e+00 -5.361236e+00 3.091113e+00 -4.671972e-01 -2.713597e+00 5.743974e+00 5.483656e+00 -2.965744e+00 6.650512e+00 -4.694615e+00 5.695991e+00
-8.236799e-01 5.638443e+00 -1.449008e+00 2.015334e+00 3.216907e+00 -6.251268e+00 6.148400e-01 -1.353795e+00 1.933776e+00 5.420897e+00 -3.562508e+00 -1.590180e+00
-1.453488e+01 -1.758232e-01 7.354296e+00 2.000190e+00 -1.668012e+00 -2.583254e+00 5.892556e+00 7.912769e-01 -3.618842e+00 1.087268e+00 1.712929e+00 2.867145e+00
-4.711528e-01 7.157776e+00 -2.657077e+00 2.381118e+00 1.726205e+00 -5.381707e+00 -5.381374e-01 -4.320963e+00 4.254673e+00 5.387274e+00 -7.356054e+00 -1.158651e+00
-4.416496e+00 8.695504e+00 6.876023e-01 6.241181e+00 7.455209e+00 -2.579814e+00 7.411408e+00 -2.360303e+00 -2.884622e+00 -2.606263e+00 -9.269516e+00 -3.095744e+00
-4.005519e+00 5.443771e+00 -2.353063e+00 3.483180e+00 4.522432e+00 -1.547460e+00 2.232905e+00 1.497259e-01 4.328673e+00 7.744332e+00 -4.632077e+00 -3.420371e+00
-1.213459e+01 4.374583e+00 1.566978e+00 5.050979e+00 4.605346e+00 1.543677e+00 6.714172e+00 -2.720626e+00 -1.233411e+00 2.987689e+00 -7.339292e+00 9.924293e-03
-5.550274e+00 1.178432e+01 4.846541e+00 4.529387e+00 2.752557e+00 -4.815986e+00 4.686781e+00 -4.007865e+00 -2.375013e+00 -1.661056e+00 -7.275948e+00 1.761601e+00
-3.335522e+00 7.941137e+00 2.021417e+00 7.554600e+00 7.543262e+00 2.242580e+00 6.502308e+00 -3.337427e+00 -2.189921e+00 3.527686e+00 -7.526308e+00 -2.356873e+00
-3.735169e+00 5.606099e+00 -2.699350e+00 5.648079e+00 6.320481e+00 5.395827e-01 4.991427e+00 4.217701e-01 4.043170e-01 6.687396e+00 -1.176612e+00 -1.524182e+00
-5.520745e+00 1.073682e+01 6.527281e+00 1.015002e+01 9.667323e+00 4.007860e+00 7.986210e+00 3.183994e-01 3.653694e+00 4.109764e+00 -1.578274e+00 1.816255e+00
-4.085296e+00 1.307492e+01 6.837286e+00 8.401669e+00 6.680461e+00 2.217922e-01 5.102154e+00 -2.948535e+00 7.633225e-01 5.312735e+00 -6.018525e+00 -1.935662e+00
-1.291931e+01 3.271835e+00 -3.261950e+00 -1.112841e+00 1.954160e+00 -5.304472e-01 6.736919e+00 3.505133e+00 1.263768e+00 3.802579e+00 -3.198021e+00 2.950968e+00
-5.275275e+00 8.610742e+00 5.652958e+00 8.255313e+00 4.529063e+00 -7.144294e-01 7.604393e+00 1.007092e+00 7.034160e-01 2.383806e+00 -1.874491e+00 3.386884e+00
-5.700616e+00 1.208297e+01 9.192812e+00 7.165967e+00 5.932166e+00 2.513833e+00 8.751335e+00 -5.334580e+00 -1.826266e+00 2.695915e+00 -5.001497e+00 -2.588737e+00
-1.061246e+01 4.667418e+00 3.156980e+00 6.307608e+00 4.906532e+00 3.893149e+00 6.948755e+00 -3.087345e+00 -1.519235e+00 2.642270e+00 -4.443314e+00 3.668065e+00
-5.213697e+00 6.477432e+00 1.923537e+00 3.310193e+00 2.236417e+00 3.278711e+00 5.763509e+00 9.607153e-01 -6.262480e-01 2.297282e+00 2.894673e+00 6.528625e+00
-5.252141e+00 1.211896e+01 8.540011e+00 4.381363e+00 5.760212e+00 2.462542e+00 4.325800e+00 -4.501028e+00 -1.821426e+00 7.564682e-01 -6.697264e+00 2.895187e-01
-4.783015e+00 9.476826e+00 7.717631e+00 5.832745e+00 5.748997e+00 2.453500e+00 5.357179e+00 -3.297895e+00 -3.558274e+00 -3.611696e-02 -3.895029e+00 8.514590e-01
-9.530628e+00 8.084410e+00 3.768635e+00 2.354467e+00 4.360322e+00 -1.284120e-01 4.470536e+00 -1.892804e+00 2.693230e+00 5.108980e+00 5.986936e-01 3.096526e+00
-4.808152e+00 3.666079e+00 -7.798665e-01 3.058074e+00 3.566928e-01 -7.676454e+00 6.718258e+00 -1.175540e+00 -7.511832e+00 -2.951559e+00 -1.788944e+00 5.790696e+00
-1.389078e+01 4.253090e+00 1.776274e+00 1.704866e+00 3.806487e+00 -5.937941e+00 6.094705e+00 3.852540e+00 3.035275e+00 1.120086e+01 2.830045e+00 2.529439e-01
-1.371788e+01 4.025389e+00 7.743765e-01 1.652890e-01 1.863338e+00 1.981862e-01 5.490976e+00 3.988781e-01 1.202776e+00 -7.169285e-01 -2.343192e+00 9.644707e+00
-1.390792e+01 5.177014e+00 1.702961e+00 8.372791e-01 4.461254e+00 -5.749209e-01 6.963754e+00 -3.935673e+00 -2.149930e+00 1.182613e+00 -9.246457e-01 7.124573e+00
-1.120153e+01 5.608809e+00 3.933443e+00 3.314205e+00 1.014018e+00 -9.024687e-01 6.183331e+00 -3.682275e+00 -1.073143e+00 9.005710e-01 -3.969161e+00 3.217013e+00
