9.472107e+00 -1.335498e+01 8.435781e+00 1.519658e+01 -1.873375e+01 -1.639831e+00 -1.168516e+01 -6.343868e+00 3.553625e+00 -9.417701e-01 -5.328116e+00 3.289240e+00
9.967630e+00 -1.383846e+01 1.001514e+01 1.338802e+01 -1.861494e+01 -1.838475e-01 -1.282931e+01 -4.931652e+00 2.223386e+00 -8.186469e-01 -3.542922e+00 2.779664e+00
1.023017e+01 -1.385749e+01 9.772710e+00 1.255454e+01 -1.771629e+01 -1.752246e-01 -1.229074e+01 -4.294758e+00 1.444783e+00 -2.048555e-01 -4.121634e+00 2.584600e+00
9.868500e+00 -1.319068e+01 9.100535e+00 1.502967e+01 -1.820571e+01 -3.543878e+00 -9.547024e+00 -7.599466e+00 5.489219e+00 -2.713823e+00 -4.938794e+00 3.584494e+00
1.003441e+01 -1.257952e+01 8.539469e+00 1.330435e+01 -1.801118e+01 -1.033139e+00 -1.025304e+01 -7.178983e+00 2.863249e+00 -4.922041e-01 -4.693053e+00 4.488036e+00
1.036218e+01 -1.288986e+01 8.413474e+00 1.608218e+01 -1.869687e+01 -2.223254e+00 -1.154193e+01 -5.564430e+00 4.336410e+00 -1.757219e+00 -4.992756e+00 4.611089e+00
1.023048e+01 -1.220845e+01 8.650358e+00 1.444459e+01 -1.631716e+01 -4.427709e+00 -9.650524e+00 -7.763505e+00 5.365304e+00 -2.105874e+00 -4.181346e+00 3.514387e+00
1.144653e+01 -1.307053e+01 9.738769e+00 1.135778e+01 -1.610880e+01 -5.133940e-01 -9.890953e+00 -5.681601e+00 2.133960e+00 5.216579e-01 -4.393213e+00 3.864389e+00
1.125037e+01 -1.218716e+01 7.562714e+00 1.624374e+01 -1.873068e+01 -1.166900e+00 -1.247931e+01 -7.917902e+00 6.872050e+00 -3.771812e+00 -3.106183e+00 3.254499e+00
1.100018e+01 -1.140830e+01 7.195425e+00 1.473584e+01 -1.523393e+01 -4.568030e+00 -9.942032e+00 -9.080820e+00 5.142435e+00 -9.655038e-01 -5.498857e+00 4.073560e+00
1.129375e+01 -1.097355e+01 6.355589e+00 1.546893e+01 -1.455705e+01 -5.196079e+00 -9.134859e+00 -1.013842e+01 4.695915e+00 -8.925264e-01 -5.155042e+00 2.644635e+00
1.166652e+01 -1.061134e+01 5.239015e+00 1.678984e+01 -1.528704e+01 -1.845168e+00 -1.213602e+01 -9.379732e+00 5.413227e+00 -3.310532e+00 -3.173480e+00 -1.394303e-01
1.182344e+01 -9.674170e+00 4.097977e+00 1.601399e+01 -1.343466e+01 -1.948979e+00 -1.447749e+01 -7.629586e+00 3.618572e+00 -3.227820e+00 -2.369487e+00 -1.283117e+00
1.203475e+01 -8.854586e+00 3.689748e+00 1.501292e+01 -1.224375e+01 -1.168652e-01 -1.669407e+01 -8.164623e+00 3.042901e+00 -2.727958e+00 -1.171098e+00 -3.837242e+00
1.237924e+01 -7.155588e+00 1.743539e+00 1.500693e+01 -1.159394e+01 5.511540e-02 -1.705475e+01 -1.021115e+01 5.270244e+00 -3.076639e+00 -6.070729e-01 -3.429180e+00
8.686778e+00 -7.566833e+00 9.055349e+00 1.026374e+01 -9.438007e+00 -1.948872e+00 -7.993336e+00 -2.575514e+00 -2.732487e-01 2.231220e+00 -4.236060e+00 2.273916e+00
1.221889e+01 -5.223326e+00 4.638644e-01 1.341501e+01 -9.219545e+00 -6.606754e-01 -1.773898e+01 -1.032841e+01 3.397235e+00 3.255706e-01 -1.965059e+00 -1.576930e+00
-1.587233e+01 1.580153e-01 5.263366e+00 -7.470607e+00 -1.071355e+00 -3.925417e+00 8.796495e+00 1.048321e+01 -3.591780e+00 -1.008003e+00 6.413593e+00 -2.386468e+00
-1.297411e+01 4.947248e+00 5.061359e-01 -1.237367e+01 5.957258e+00 -3.417596e+00 6.025068e+00 8.443543e+00 -5.341857e+00 1.863398e+00 9.608731e-01 -7.207377e+00
1.257706e+01 -4.110034e+00 -9.241555e-01 1.252692e+01 -8.801483e+00 6.972757e-01 -1.645147e+01 -1.227571e+01 2.041010e+00 -2.797370e-01 -2.423354e+00 8.556073e-01
1.368008e+01 -4.910029e+00 -9.227388e-01 1.058364e+01 -8.524198e+00 3.249267e+00 -1.842506e+01 -1.168767e+01 -5.359246e-01 -1.902181e+00 -3.773999e-02 1.994241e+00
1.389270e+01 -2.992975e+00 -2.000188e+00 8.629475e+00 -8.410504e+00 4.158190e+00 -1.598370e+01 -1.148734e+01 -2.731668e+00 -1.346283e+00 3.133548e-01 2.800293e+00
-1.349934e+01 -8.299813e-01 8.099448e+00 -7.991427e+00 -3.329645e+00 -1.233822e+01 -5.084752e+00 -1.445351e+00 -7.726790e+00 -2.100086e+00 8.806770e+00 -1.057343e-01
1.438615e+01 -1.461713e+00 -2.684746e+00 6.289226e+00 -6.071095e+00 3.043347e+00 -1.274546e+01 -1.000144e+01 -5.029595e+00 -3.342961e-01 -1.297425e-01 3.952267e+00
1.539159e+01 3.597659e-01 -8.584237e-01 2.712024e+00 -5.930640e+00 4.587276e+00 -9.108267e+00 -9.274099e+00 -3.546363e+00 -4.761752e+00 7.450842e-01 6.999619e+00
-4.942254e+00 2.878233e+00 9.703324e+00 5.037608e-01 9.127665e-02 -5.629178e+00 -2.482803e+00 5.185328e+00 -3.028208e+00 -3.642687e+00 1.341875e+00 -6.627311e+00
-7.801950e+00 -5.394485e+00 -2.065240e+00 -1.438287e+01 3.717491e+00 -8.130227e-01 -1.263222e+00 9.612408e+00 -4.448974e+00 3.314412e+00 2.698381e+00 2.039813e+00
1.458552e+01 3.013907e+00 -1.179464e+00 -1.115646e-01 -4.946933e+00 9.007732e+00 -1.028809e+01 -6.274564e+00 -7.228560e+00 -2.956318e+00 -7.410647e-01 1.032666e+01
1.359109e+01 4.929828e+00 -3.566550e+00 -5.459042e-01 -2.921288e+00 9.545569e+00 -9.071131e+00 -7.305947e+00 -4.250351e+00 -4.214629e+00 -4.267508e-01 1.265715e+01
1.291954e+01 6.689445e+00 -5.564911e+00 -8.521810e-01 -1.392253e+00 7.787775e+00 -6.379934e+00 -5.279594e+00 4.302895e-01 -5.877439e+00 -3.271141e+00 1.409664e+01
1.366839e+01 4.913669e+00 -6.971927e+00 -2.157903e-01 -8.575058e-02 8.360240e+00 -3.584532e+00 -1.946239e-01 3.125299e+00 -1.196726e+01 -4.588900e+00 1.748502e+01
1.309890e+01 4.796927e+00 -5.778052e+00 6.172957e-01 5.532298e-01 7.876486e+00 3.175787e+00 1.764293e+00 4.319807e+00 -1.394756e+01 -4.506051e+00 1.620357e+01
1.158675e+01 7.746152e+00 -3.102667e+00 -1.992774e+00 2.643938e+00 5.599645e+00 5.766794e+00 2.982383e+00 -1.113135e+00 -6.356105e+00 1.492420e+00 1.297857e+01
-1.408891e+01 -4.667315e+00 5.258924e+00 -7.279306e+00 1.580467e+01 1.281410e-01 -5.919469e+00 5.543622e+00 -8.595525e+00 -2.172575e+00 1.907885e+00 -7.174938e+00
-2.784311e+00 -1.113575e+00 -7.017070e-02 -9.780172e+00 -5.668812e-01 -1.452281e+00 -1.678535e+00 -2.182310e-01 -2.376802e+00 5.422667e-01 1.590470e+00 -2.501286e+00
-1.290919e+01 -2.750367e+00 5.287349e+00 -7.657278e+00 1.172730e+01 -1.155051e+00 -4.653790e+00 6.943273e+00 -4.739843e+00 1.788715e+00 5.855518e+00 -1.964587e+00
8.188515e+00 7.679723e+00 -3.434441e+00 2.722878e+00 8.164205e+00 5.501443e+00 1.077326e+01 9.246088e+00 -3.112589e+00 -6.505612e+00 4.281172e+00 1.234719e+01
-2.601886e+00 -1.458475e+00 -1.197749e+00 -7.551745e+00 -3.607611e+00 -4.887281e+00 -6.976748e-02 -4.089994e-01 2.053145e+00 2.738260e+00 -5.727741e-01 -3.080729e+00
7.216113e+00 4.773517e+00 -5.836642e+00 2.669279e+00 1.262468e+01 5.445679e+00 1.225060e+01 1.005861e+01 -1.919669e+00 -4.988702e+00 1.636463e+00 8.821307e+00
-1.040431e+01 1.997469e+00 8.255353e+00 -6.637182e+00 2.168651e+00 -1.766821e-01 2.082147e+00 7.182044e+00 -9.393007e+00 -9.332479e-01 6.005829e+00 -1.084473e+00
2.312412e-01 -5.169942e+00 -7.806138e+00 -1.244214e+01 -1.594115e+00 -4.481488e+00 1.437637e+00 8.263000e+00 -3.594037e+00 1.351601e-01 3.246093e+00 -1.037261e+01
-6.971470e+00 -4.725045e+00 4.115710e-01 -9.302830e+00 5.652675e+00 2.439243e+00 7.473140e-01 9.595273e+00 -9.332864e-01 4.373054e+00 6.503389e+00 1.385459e+00
-9.281605e+00 5.157829e+00 -7.793461e-01 3.180719e+00 5.589091e+00 1.989163e+00 3.925525e+00 9.334791e+00 1.780871e+00 5.917360e+00 6.405336e+00 -6.153215e-01
6.242844e+00 3.640031e+00 -6.271090e+00 -2.876549e-01 9.984156e+00 6.823071e+00 9.658719e+00 1.002968e+01 -4.892509e-01 -4.920766e+00 5.345748e+00 8.258550e+00
4.928550e+00 4.022007e+00 -7.892424e+00 -1.574920e+00 1.092398e+01 1.484150e+00 1.272946e+01 1.272450e+01 -2.078079e+00 -2.887422e+00 8.692205e-02 -3.722546e+00
3.794744e+00 4.682723e+00 -4.453545e+00 -2.534528e-01 1.521692e+01 -2.417997e-01 9.081476e+00 7.671317e+00 -8.096621e+00 -8.272204e+00 -1.859492e-01 -2.677448e+00
-1.254179e+00 -1.289430e+00 -8.655893e+00 -1.107023e+01 -1.858416e+00 -4.163152e+00 4.380810e+00 2.385032e+00 4.949980e-02 7.843105e-01 2.019444e+00 -6.600997e+00
-9.274082e+00 5.030032e+00 -4.865541e-01 -3.998379e+00 3.617946e+00 -1.982211e-01 5.406361e+00 4.912918e+00 -3.021173e+00 4.480217e+00 4.272619e+00 7.560089e-01
2.353618e+00 4.465157e+00 -5.743909e+00 -3.460007e+00 9.251759e+00 4.377280e+00 9.399297e+00 4.430404e+00 -8.005898e+00 -2.713181e+00 -2.616572e+00 -6.647232e+00
-1.672045e+00 2.691931e+00 -2.741079e+00 1.809492e-01 5.452419e+00 2.790256e-01 -3.511572e-02 6.203870e+00 5.455545e+00 2.256376e+00 -1.974044e-01 -3.821825e+00
-3.934214e+00 2.924790e+00 -1.182523e+00 -1.097239e+00 2.350555e+00 -2.839570e+00 4.187973e+00 -1.472831e-02 7.803696e-01 2.283098e+00 -1.752894e+00 -4.566084e+00
-5.045357e+00 -1.511173e+00 -3.211917e+00 -3.831116e+00 -1.842025e+00 -4.706444e+00 -2.763491e-01 -1.266569e+00 2.126756e+00 4.893538e-01 -2.006840e+00 -1.024832e+01
-5.583851e+00 6.906952e+00 -1.848123e+00 -2.171463e+00 6.998034e+00 9.426794e+00 1.013241e+01 8.408566e+00 5.497953e+00 8.461919e+00 1.905564e+00 1.278763e+00
-3.473879e+00 1.018326e+00 -2.880774e+00 -2.456388e+00 6.746181e+00 2.679742e+00 4.533069e+00 1.385926e+00 2.486889e+00 2.313800e+00 -3.494141e+00 -4.612892e+00
2.828951e-01 3.575084e+00 -7.807375e+00 -3.493758e+00 7.851571e+00 3.498390e+00 4.860855e+00 -7.970219e-01 -1.453361e+00 -4.819356e+00 -4.514552e+00 -3.529927e+00
-3.504901e+00 -1.232061e-01 -2.486301e+00 -3.111774e+00 -1.703912e+00 -2.662327e+00 -2.739655e+00 -8.253456e+00 -5.467801e+00 4.390893e-01 -1.499136e+00 -4.639469e+00
-3.568638e+00 1.226431e+00 -2.662823e+00 -4.462876e+00 4.663959e+00 4.587106e+00 7.884411e+00 -3.212056e+00 -3.462454e+00 9.451139e-01 -1.085552e+00 -5.606863e+00
-3.435498e+00 7.531440e-02 -3.593085e-01 -9.206142e-01 6.112313e+00 3.894700e-01 5.217332e+00 -3.960252e+00 -2.883236e+00 -1.074949e+00 -2.313228e+00 -7.128338e+00
-2.592376e+00 -1.599930e+00 -4.507293e+00 -3.656105e+00 2.952352e+00 -4.097155e-01 7.282383e+00 -1.399047e+00 -4.728747e+00 1.601315e-01 -5.452529e+00 -5.291786e+00
-4.364145e+00 9.897662e-01 -3.325526e+00 -3.747614e+00 1.026853e+00 -6.801813e+00 3.681197e-01 -3.371488e+00 -5.040835e+00 -4.520704e-01 -7.278526e+00 -6.816648e+00
-3.459873e+00 2.553699e+00 -4.816679e-01 -4.601626e+00 2.325087e+00 -9.902656e-03 1.710872e+00 -6.101948e+00 -1.001767e+00 -2.590397e+00 -5.621838e+00 -6.736915e+00
-3.977295e+00 -8.946178e-01 -5.878039e+00 -5.029450e+00 -5.790310e-01 -3.548582e+00 6.515053e+00 -2.375109e+00 -2.036845e+00 3.597702e-01 -4.433188e+00 -7.568406e+00
-1.381837e+00 5.975904e+00 -4.683278e+00 -1.332729e+00 6.057599e+00 4.666257e+00 6.961446e+00 3.635894e+00 -3.044812e+00 -4.545756e+00 -4.896657e+00 -3.676685e+00
-2.576557e+00 -8.224790e-01 -5.143467e+00 -4.493630e+00 3.940073e+00 3.310660e+00 4.351952e+00 -3.725988e+00 -4.658142e+00 -3.594625e+00 -4.375696e+00 -5.647460e+00
-4.580050e+00 7.230705e-01 -2.935393e+00 -3.828336e+00 5.111256e+00 7.107486e-01 6.226837e+00 2.153902e+00 1.999301e+00 6.791801e+00 -2.059975e+00 -3.919219e+00
-3.175910e+00 1.972413e+00 -3.659404e+00 -2.484797e+00 2.503837e+00 1.939408e+00 5.339205e+00 -4.044025e-01 -1.904448e+00 7.102481e+00 1.345575e+00 -2.274772e+00
-2.039283e+00 1.793857e+00 -1.770687e+00 -2.843952e+00 3.007239e+00 -3.809024e+00 5.703974e-01 -2.270466e+00 3.425750e+00 2.295174e-01 -4.284809e+00 -3.399895e+00
-8.005751e+00 4.393635e+00 -7.061217e-01 -7.112343e+00 -1.254717e+00 -6.573527e+00 1.152742e+00 -1.079818e+00 -1.338774e+00 -1.676065e-01 -5.920509e-01 -5.061216e+00
-6.613185e+00 5.254519e+00 -2.297504e+00 3.929191e-01 5.296114e+00 -1.778098e-01 3.510239e+00 5.736816e-01 2.188434e+00 3.589528e+00 4.238005e+00 2.255456e+00
-8.572027e+00 6.020384e+00 2.556162e-01 -2.085686e+00 6.925656e+00 3.101594e+00 8.642909e+00 4.607560e+00 -3.286269e-01 2.072247e+00 4.411233e+00 2.021633e+00
-6.974566e+00 6.814282e+00 3.885769e-01 -4.579689e+00 3.917491e+00 -2.418545e+00 7.446353e+00 4.338384e+00 4.107876e+00 2.942570e+00 -1.334581e+00 -3.350267e+00
-2.689248e+00 1.202173e+00 -9.032341e-01 -2.122466e+00 3.206890e+00 -4.748493e+00 -8.328695e-01 -2.667228e+00 -2.938656e+00 -1.045265e+00 -1.868409e+00 -6.595370e-01
-4.251668e+00 9.207261e-02 -3.603724e+00 -4.137312e+00 2.739077e+00 -2.673902e+00 1.992697e+00 -1.081414e+00 8.245471e-01 -1.238571e+00 -2.143972e+00 -2.276918e+00
-3.834538e+00 -5.982840e-01 -5.695192e+00 -8.182800e+00 3.424555e+00 -4.114552e+00 7.088642e-01 7.856536e-02 9.982429e-03 -5.815512e-01 7.635698e-01 -2.499112e+00
-9.640682e+00 4.246124e+00 -2.146587e+00 -5.340089e+00 6.662876e+00 7.590112e-01 1.586116e+00 -3.898675e+00 2.103324e+00 8.435195e+00 6.229844e+00 1.907148e+00
-7.713190e+00 3.911009e+00 -1.494639e+00 -4.379796e+00 4.579110e+00 4.249207e-01 9.579749e+00 2.484043e+00 1.070777e+00 4.062154e+00 2.137877e+00 6.817383e-01
-8.031502e+00 4.125658e+00 -4.755095e-01 -5.215203e+00 3.522687e+00 1.659402e+00 1.295800e+01 9.009075e+00 -9.323714e-01 -2.742736e-01 4.881190e+00 -2.769695e+00
-8.210197e+00 4.662439e+00 1.535802e+00 -1.499814e+00 5.582680e+00 3.029179e+00 5.373944e+00 9.258903e-01 2.704794e+00 6.883631e-01 2.482393e+00 2.193925e+00
-3.957901e+00 5.558481e+00 -1.504940e+00 -2.962121e+00 5.969200e+00 1.310255e+00 6.896577e+00 -2.537851e-01 1.559448e+00 5.540090e+00 4.885438e+00 1.046461e+00
-5.764054e+00 4.055648e+00 -7.169977e-01 -3.401601e+00 2.962579e+00 -3.674374e+00 3.361559e+00 -7.114112e-01 -3.648584e+00 -2.856930e+00 -1.797658e+00 -1.636365e+00
-8.615112e+00 4.882632e+00 -8.937067e-01 -5.772841e+00 5.129269e+00 -1.711163e+00 5.333488e+00 4.744034e+00 5.216671e+00 6.571026e+00 2.471022e+00 -2.153407e-01
-6.857761e+00 2.288753e+00 -1.091073e+00 -3.754020e+00 8.732679e+00 2.910372e+00 8.736773e+00 4.012315e-01 -2.017081e-01 2.646034e+00 1.318441e+00 1.104964e+00
-9.001221e+00 3.274119e+00 1.148677e+00 -6.386419e+00 6.111957e+00 -1.138756e+00 4.742511e+00 3.401954e+00 1.240699e+00 4.629645e+00 2.881091e+00 1.770699e+00
-8.861109e+00 4.083960e+00 -4.725313e-01 -5.645043e+00 5.439998e+00 8.891466e-01 8.051894e+00 5.450093e+00 3.318706e+00 5.507150e+00 6.481493e+00 3.495425e+00
-3.457635e+00 5.089535e+00 -3.451117e+00 -5.653513e+00 7.836718e+00 2.760383e-01 8.993387e+00 1.047067e+01 2.892917e+00 3.233256e+00 1.775189e+00 -4.456575e+00
-3.725493e+00 5.481985e+00 -1.801808e+00 -4.502031e+00 6.434708e+00 -5.883001e-01 2.288682e+00 7.057528e+00 6.463826e+00 3.672499e+00 4.075762e+00 -1.376069e+00
-5.189492e+00 4.618286e+00 -5.788362e-01 -4.573696e+00 3.889498e+00 3.878916e+00 8.220082e+00 7.835116e-01 -2.580374e+00 4.002725e+00 3.329005e-01 -1.706140e+00
-6.275559e+00 4.493333e+00 -3.749651e-01 -4.601287e+00 9.004545e-01 -4.272037e+00 4.567472e+00 1.165775e+00 -4.047594e+00 2.301348e+00 -1.181812e+00 -1.350726e+00
-6.176244e+00 5.160766e+00 3.538246e-01 -4.901658e+00 3.612420e+00 -4.160581e+00 1.264464e+00 3.995878e+00 5.312957e+00 2.665578e+00 -5.657520e+00 -3.977576e+00
-7.156283e+00 3.460839e+00 -2.933879e-01 -6.066030e+00 1.506089e+00 -2.361754e+00 1.718879e+00 -7.861092e-01 6.028306e-01 -5.004513e-01 2.581062e+00 -1.442529e+00
-5.665289e+00 5.385261e+00 1.568215e+00 -3.024772e+00 6.974405e+00 1.186879e+00 6.142104e+00 3.002297e+00 1.818779e+00 2.312700e+00 6.113518e+00 2.264642e+00
-6.742138e+00 4.789094e+00 1.312537e+00 -1.729365e+00 6.801028e+00 5.045020e-01 1.057539e+01 6.726565e+00 3.728887e+00 -1.729081e-01 1.293588e+00 -3.913606e-01
-7.209437e+00 6.698102e+00 3.390682e+00 -2.130625e+00 6.942677e+00 -2.973835e+00 4.045024e+00 2.681868e-01 1.162205e+00 2.741554e+00 5.023630e+00 5.631641e-01
-7.213521e+00 3.943736e+00 2.553698e-01 -3.599388e+00 7.687372e+00 -1.580056e+00 5.308063e+00 5.845497e+00 5.500807e+00 1.039644e+01 9.987513e+00 1.416230e+00
-7.151760e+00 6.771868e+00 3.249580e+00 -1.162584e+00 3.058448e+00 -1.547611e+00 7.436488e+00 4.358677e+00 4.637899e+00 6.151789e+00 3.272041e+00 -1.230846e+00
