1.928616e+01 -9.509878e+00 -1.136397e+01 -5.555974e+00 -8.207620e+00 -1.267744e+00 1.678863e+00 -5.470980e+00 1.591130e+00 1.784211e+00 -4.434926e+00 5.585910e+00
2.032543e+01 -9.944220e+00 -3.910275e+00 -2.934438e+00 -2.259141e+01 1.628353e+00 2.156679e+00 -2.995717e+00 5.885636e+00 -1.917045e+00 -1.126815e+01 5.608044e+00
1.873435e+01 -5.525913e-01 1.026379e+01 -2.203420e+00 -2.472929e+01 -1.490825e+01 3.826197e+00 -7.291206e+00 4.400954e+00 -2.208791e+00 -1.245988e+01 1.639954e+01
1.915948e+01 -8.620082e-01 1.028170e+01 -1.210591e+00 -2.518383e+01 -1.427335e+01 3.533210e+00 -7.822681e+00 6.406902e+00 -3.192361e+00 -1.234458e+01 1.531952e+01
1.935305e+01 -1.432666e+00 1.041412e+01 -2.714583e-01 -2.642938e+01 -1.201012e+01 1.073356e+00 -5.820832e+00 6.412400e+00 -3.578711e+00 -1.238080e+01 1.253484e+01
1.859792e+01 -1.156711e+00 9.006442e+00 -1.130965e+00 -2.682511e+01 -1.135524e+01 1.736362e+00 -5.063318e+00 4.289870e+00 -2.690098e+00 -1.027304e+01 1.264360e+01
1.947184e+01 -2.427411e+00 9.467799e+00 3.209627e-01 -2.601938e+01 -1.129389e+01 -6.685047e-01 -4.734850e+00 5.534339e+00 -3.244211e+00 -1.244677e+01 1.066461e+01
1.841669e+01 -7.793353e+00 -7.909547e+00 -5.539261e+00 -1.239485e+01 -2.290255e+00 2.112918e+00 -1.208133e+00 -5.882518e-01 -1.214203e+00 -6.367718e+00 2.641543e+00
1.859140e+01 -1.943680e+00 6.853511e+00 -2.693452e-01 -2.932592e+01 -6.811027e+00 3.346498e+00 -4.732728e+00 4.120377e+00 -4.448859e+00 -1.198318e+01 1.259007e+01
1.828698e+01 -9.892665e-01 1.093467e+01 -2.715612e+00 -2.440988e+01 -1.355439e+01 4.322527e+00 -8.096674e+00 4.425682e+00 -1.912929e+00 -1.244773e+01 1.604345e+01
2.019208e+01 -8.574076e+00 -1.595941e+00 -7.720972e-01 -2.427985e+01 -6.269802e-01 2.874449e-01 -2.816352e+00 5.317908e+00 5.211418e-01 -1.232241e+01 4.592119e+00
2.000949e+01 -4.080435e+00 8.189516e+00 -5.802660e-01 -2.525655e+01 -1.084680e+01 3.032461e-01 -4.349301e+00 6.205497e+00 -2.257875e+00 -1.291448e+01 1.069478e+01
1.989546e+01 -7.162154e+00 8.233473e-01 4.447949e-02 -2.519922e+01 -2.266887e+00 7.929226e-01 -2.400426e+00 6.248475e+00 2.582369e-01 -1.544633e+01 8.451954e+00
1.819835e+01 -1.160686e+01 -1.022521e+01 -4.638253e+00 -4.566576e+00 3.764024e+00 -9.644430e-01 -7.765819e+00 2.833229e+00 2.192652e+00 2.166166e-01 4.683863e+00
1.814452e+01 -1.931038e+00 4.550640e+00 -6.010300e-01 -2.829516e+01 -6.663597e+00 6.743578e+00 -4.495169e+00 3.351550e+00 -5.924153e+00 -1.307895e+01 1.496658e+01
1.908663e+01 -5.073028e+00 3.281696e+00 6.120697e-01 -2.576350e+01 -5.873845e+00 9.291524e-01 -5.735277e-01 7.825487e+00 6.070666e-01 -1.551152e+01 6.210113e+00
2.018021e+01 -5.188088e+00 6.068182e+00 2.739408e-01 -2.675663e+01 -7.095632e+00 2.691932e-01 -1.608036e+00 6.614365e+00 -1.991586e+00 -1.342825e+01 8.504528e+00
1.820297e+01 -5.596583e-01 2.406427e+00 3.766581e-01 -2.719384e+01 -4.079055e+00 5.808406e+00 -4.936886e+00 5.085115e+00 -9.270578e+00 -9.258702e+00 1.183419e+01
1.903484e+01 -5.076473e+00 -1.315313e+01 -4.413339e+00 -1.931472e+00 6.740180e+00 -3.261124e-01 -1.122447e+01 4.886404e+00 4.400399e+00 -2.284536e+00 6.495101e+00
1.876982e+01 -5.223023e+00 -9.961662e+00 -7.916673e+00 -2.311049e+00 1.223640e+01 -5.413085e+00 -1.263696e+01 4.441368e+00 7.545958e+00 -2.290406e+00 4.334132e+00
1.632994e+01 -5.072234e+00 -1.105347e+01 -9.589750e+00 -1.123057e+00 9.471523e+00 -4.920356e+00 -9.668703e+00 6.195007e+00 1.089108e+01 3.333950e+00 1.725821e+00
1.588831e+01 -8.046542e+00 -1.241282e+01 -2.115810e+00 -2.962595e+00 3.062198e+00 -1.687272e+00 -1.082056e+01 -1.211493e+00 1.694889e+01 5.744478e+00 -5.710693e+00
1.733288e+01 -6.744576e+00 -9.774817e+00 1.055704e+00 -2.580538e+00 3.847469e+00 -8.510997e-01 -7.321235e+00 -2.711975e+00 1.003345e+01 4.751693e+00 -2.734097e+00
1.285137e+01 5.552095e+00 2.399229e+00 -3.470906e+00 -1.536575e+01 -4.852314e+00 3.266206e+00 -2.624440e-02 1.734606e+00 -9.841194e+00 -2.806429e+00 4.103961e+00
-1.110838e+01 -8.555881e-01 -5.207898e+00 2.780202e+00 -3.908344e+00 3.882568e+00 -9.033476e+00 1.900103e-01 -6.549210e+00 -4.341364e+00 7.419015e+00 -1.983942e+00
-1.121921e+01 -8.124661e+00 -2.798621e+00 9.387965e-01 4.674242e+00 9.316882e+00 -3.388941e-02 4.259005e+00 -3.631331e+00 -1.789950e+00 -2.751555e+00 -2.501191e+00
-5.888717e+00 -3.608901e+00 2.161074e-02 9.029317e-02 -1.177101e-01 4.569159e+00 -2.201551e+00 5.477738e-02 -7.371647e+00 -5.037746e+00 4.776669e+00 7.915483e-01
-9.992662e+00 9.922344e-01 -7.686640e+00 3.959537e+00 -5.191701e+00 3.400780e+00 -5.853395e+00 -1.264383e-01 -5.675817e+00 -2.204990e+00 7.110167e+00 -4.176064e+00
8.817843e+00 -2.053875e+00 -1.126746e+01 -2.342440e+00 5.177416e+00 4.445787e+00 -6.047457e+00 -2.584683e+00 4.670942e+00 1.073328e+01 4.017673e+00 -1.157626e+00
1.018587e+01 4.125885e+00 -1.598346e+00 -6.384950e+00 5.312912e+00 1.198545e+01 -8.603874e+00 -3.859649e+00 3.602739e+00 6.949749e+00 2.417901e+00 1.951565e+00
8.651845e+00 2.596033e+00 -1.832582e+00 -4.142237e+00 9.105113e+00 1.210701e+01 -4.867831e+00 -2.060008e+00 8.316042e+00 8.142509e+00 4.317114e+00 4.831328e-01
6.466618e+00 4.615896e-01 -1.441413e+01 2.433332e+00 1.921737e+01 8.638812e+00 -3.011474e+00 1.167034e+00 6.042205e+00 4.143937e+00 -7.112069e-01 -5.104330e+00
6.611642e+00 5.517970e-01 -6.251940e+00 1.085102e+01 2.314183e+01 7.830862e+00 -5.896687e+00 3.692317e+00 7.039595e+00 4.992382e+00 -2.644243e-01 -5.558697e+00
2.226544e+00 -6.841921e+00 -5.344179e+00 8.053249e+00 1.667091e+01 4.016559e+00 -4.328365e-01 3.021709e+00 4.873332e+00 9.167566e+00 -3.920510e+00 -5.196588e+00
6.754291e+00 2.014103e+00 -7.821852e+00 7.446678e+00 2.259732e+01 1.421958e+01 8.715498e-01 5.281922e+00 7.152319e-02 -2.290271e+00 -1.325552e+00 -4.695892e+00
-3.483036e+00 -1.851848e+00 1.395358e+00 -3.998163e+00 1.732788e-01 -7.158208e+00 -6.023912e+00 -2.642945e+00 -2.022262e+00 -4.641372e+00 5.287170e-02 1.841946e+00
5.194967e+00 -2.591327e+00 -3.857378e+00 9.691879e+00 1.963422e+01 8.376899e+00 -1.000957e+00 2.601004e+00 5.908739e+00 1.234705e+01 2.049700e+00 -6.306055e+00
-1.122990e+01 6.149173e+00 1.182664e+00 -5.272691e-01 -2.596462e+00 -2.792668e+00 -3.659936e+00 3.291719e+00 -5.200964e+00 -2.186724e+00 -3.049817e-01 4.508850e-01
4.774921e+00 -1.241695e+00 -6.267543e-01 -2.940156e+00 -1.075756e+00 -5.325513e+00 -7.232624e+00 -2.672127e+00 -4.803759e+00 -7.613617e+00 1.617433e+00 4.534783e-01
-3.776433e+00 -2.350376e+00 3.397584e+00 -2.063271e+00 -2.069008e+00 -7.500930e+00 -7.978788e+00 -3.508055e-01 3.378821e+00 -4.822709e+00 -9.758458e-01 -3.869372e+00
8.465242e-01 -6.898052e+00 -3.795906e+00 6.192069e+00 8.764505e+00 -3.473853e-01 -4.777498e-01 -1.083497e+00 3.927994e+00 6.371751e+00 -3.055223e+00 -5.417276e+00
-3.898634e+00 5.716395e+00 -8.376732e-01 -3.369602e+00 -8.206837e+00 -7.412955e+00 -5.456603e-02 -3.897143e+00 -6.359464e+00 -9.204749e+00 -3.677010e+00 -4.962242e+00
-1.129235e+01 -1.999025e+00 1.793105e+00 1.350416e+00 8.760629e-01 -1.125974e+00 -1.930822e+00 4.295677e+00 -1.031451e+00 4.476917e-01 3.857888e+00 5.438585e-01
-1.177711e+00 -6.880425e+00 -7.116410e+00 4.372620e+00 6.705398e+00 3.523748e+00 1.436033e+00 -4.406684e+00 -4.667973e+00 4.621282e+00 -5.991652e+00 -1.096189e+01
-1.294208e+00 -5.844605e+00 -7.130728e+00 3.560679e+00 1.017897e+01 4.375321e+00 -2.649356e+00 -6.166253e+00 -7.902253e-01 6.086310e+00 1.422601e-01 -1.149347e+01
3.965273e+00 -2.095029e+00 -1.302711e+00 -3.848897e+00 -7.570958e-01 -5.601161e+00 -5.778051e+00 -2.497901e+00 -5.079286e+00 -7.137880e+00 1.505242e+00 -7.639074e-01
-4.514347e+00 -2.054961e+00 -6.056836e+00 3.371098e-01 5.288378e+00 -4.562397e+00 -6.609223e-01 6.861115e+00 1.016007e+00 -3.865781e+00 -2.615718e+00 -5.845066e+00
-5.261254e-01 -3.987545e+00 -6.278824e+00 8.572561e-01 4.528638e+00 -5.645967e-01 -1.571429e+00 -4.892287e+00 -2.835213e+00 -6.479952e-01 -4.702504e+00 -8.743428e+00
-1.064993e+01 3.281614e+00 5.004803e+00 4.505738e+00 5.345016e+00 2.126312e+00 -2.525125e+00 3.807269e+00 -3.128104e+00 1.985659e+00 4.759033e+00 -3.971950e-01
-1.242520e+00 -1.912500e+00 -6.807192e+00 4.656401e-01 7.828973e+00 6.088355e+00 1.072812e+00 -1.224093e+00 -5.130703e-01 6.481926e-01 -9.488888e-01 -6.921871e+00
-2.349875e+00 -6.188253e-01 1.522427e+00 3.125195e+00 3.239810e+00 -2.353101e+00 6.875262e-01 5.148443e+00 2.339078e+00 -1.753445e+00 -2.835822e-01 -3.367399e+00
-3.711576e+00 -1.195485e+00 -6.689072e+00 1.547719e+00 7.144240e+00 -2.985136e+00 -6.044765e-01 7.987297e+00 2.604569e+00 -2.141802e-01 -3.079804e+00 -6.516457e+00
-5.645293e+00 4.328530e-01 -4.862585e+00 -6.001312e-01 5.843442e+00 -2.626991e+00 -9.789712e-01 4.767395e+00 3.660825e+00 4.514256e+00 2.687058e+00 6.054994e-01
-1.042572e+01 3.135836e+00 3.169413e+00 2.443902e+00 -2.673984e-01 -6.503859e+00 -4.487987e+00 2.331942e+00 -5.522770e+00 -5.047906e+00 2.870340e+00 -1.407854e+00
-9.812473e+00 3.548834e+00 2.859625e+00 7.220867e+00 8.847914e+00 -3.764152e-01 3.875431e-01 -6.643469e-01 -1.945410e+00 -6.182256e+00 3.931249e+00 -6.271194e+00
-3.855380e+00 -5.083578e-01 -2.452539e+00 1.626493e+00 8.705824e+00 6.058693e+00 -2.942374e+00 -8.730979e-01 -1.599240e+00 -3.126456e+00 -1.998506e+00 -4.336634e+00
-3.918216e+00 5.528247e-02 -4.078095e+00 -1.961417e+00 4.744217e+00 -2.064172e+00 3.063994e+00 6.597436e+00 1.603232e+00 -2.071662e-01 -3.290524e+00 -6.181220e+00
-4.676929e+00 -1.384721e+00 -6.625762e+00 -4.261409e+00 4.240271e+00 -3.080019e+00 -2.992610e+00 7.625449e+00 3.002042e+00 -9.902620e-02 -2.779294e+00 -9.573554e+00
-9.697760e+00 2.858301e+00 4.686926e+00 1.146269e+00 2.928410e+00 2.460201e+00 3.021628e+00 5.686552e-01 -1.887138e+00 1.629174e+00 5.175922e+00 -1.370320e+00
-4.558479e+00 8.049525e-01 -2.470561e+00 -1.398827e+00 5.193432e+00 7.256453e+00 -9.796989e-01 5.752191e+00 5.093989e-01 -9.380078e-02 -2.287066e+00 -7.632053e+00
-4.500552e+00 1.114901e+00 -1.812877e+00 6.724013e-01 9.742939e+00 5.460848e+00 2.239255e+00 9.425246e-01 -5.563249e+00 -2.889025e+00 9.817481e-02 -6.331552e+00
-9.181469e+00 2.496519e+00 3.301439e+00 2.424143e+00 6.739544e+00 2.298898e+00 6.071095e+00 3.102642e+00 -3.103672e+00 3.593944e+00 7.878591e+00 1.186196e-01
-2.365402e+00 -9.570920e-02 -2.012277e+00 -2.125385e+00 4.643389e+00 4.456622e+00 2.592879e+00 -3.792131e-01 -1.726346e+00 3.939837e+00 5.271809e-01 -7.206831e+00
-1.010269e+01 4.360591e+00 2.226648e+00 6.912906e-01 3.641930e+00 -1.263661e+00 2.693615e+00 1.084693e+00 -3.756683e+00 -3.175529e+00 8.231360e+00 4.334072e+00
-5.641853e+00 4.480417e+00 -6.596951e-01 -2.396801e+00 5.406437e+00 -1.414304e+00 1.896176e+00 4.545692e+00 -3.440280e+00 -1.594473e+00 4.722167e+00 -5.884823e+00
-1.034117e+01 1.937432e+00 3.217506e+00 2.364634e+00 4.708846e+00 -1.008095e+00 2.874048e+00 3.061779e+00 -2.128417e+00 -1.357341e+00 1.247628e+00 -4.355998e-01
-9.818838e+00 2.713602e+00 2.304043e+00 -1.517399e+00 1.953533e+00 9.843829e-01 3.616686e+00 5.331462e+00 -5.172391e+00 -8.709294e-01 4.166590e+00 -2.375254e+00
-4.855815e+00 3.655902e+00 2.611974e+00 3.788616e+00 1.290286e+01 2.230383e+00 3.172984e+00 7.152520e+00 9.852724e-01 -4.053466e-01 1.692151e+00 -3.359926e-01
-8.525917e+00 2.971210e+00 1.203570e-01 -4.917837e+00 1.570326e+00 -3.501191e+00 3.871088e+00 3.776967e+00 -2.946742e+00 -3.951670e+00 2.957248e+00 -5.757424e-01
-7.384940e+00 -3.469730e+00 1.376729e-01 2.112504e+00 1.374345e+01 7.712741e+00 4.787899e-01 5.787710e+00 2.264983e+00 2.467572e+00 5.944088e+00 -3.266116e+00
-3.998755e+00 5.284236e+00 3.338516e+00 1.281280e+00 2.961087e+00 -4.531934e+00 -3.978032e-01 -3.650623e+00 -8.111382e+00 -4.033398e+00 -1.943279e+00 -3.819985e+00
-1.029011e+01 4.060368e+00 2.943516e+00 1.661803e+00 5.349726e+00 -4.198342e+00 1.090449e+00 4.869208e+00 1.282537e+00 1.243234e-02 1.083230e+01 -2.943443e-01
-1.030656e+01 2.577522e+00 1.671877e+00 -2.031113e+00 1.781422e+00 -3.907631e+00 3.999540e-01 4.806087e+00 -4.731621e+00 3.296154e-01 6.833892e+00 1.512425e+00
-8.912802e+00 4.778316e+00 1.700898e+00 8.936191e-02 5.079400e+00 7.860453e-01 3.754998e+00 9.434687e+00 -1.016073e+00 -4.801246e+00 5.390394e+00 1.415467e+00
-9.762217e+00 3.833660e+00 3.986305e+00 -1.283039e+00 4.573936e+00 1.332800e+00 3.528550e+00 3.644418e+00 -3.520978e+00 -1.647111e+00 4.546242e+00 -2.384471e+00
-9.605610e+00 3.549335e+00 4.973237e+00 4.373756e+00 6.945008e+00 6.831247e-02 4.248104e+00 3.029198e+00 -4.311159e+00 2.119355e+00 3.378697e+00 -1.623160e-02
-8.377329e+00 3.092772e+00 1.277225e+00 -2.386905e+00 3.993533e+00 2.701213e+00 4.566396e+00 6.169783e+00 -1.769028e+00 -2.313520e+00 2.262464e+00 -3.159316e+00
-1.084381e+01 2.324142e+00 2.081688e+00 3.720841e+00 7.840311e+00 3.051551e-01 -4.887909e-01 5.443561e+00 2.097742e+00 2.825709e+00 8.412706e+00 4.003165e+00
-1.003483e+01 3.820113e+00 3.472487e+00 3.343137e+00 6.829612e+00 1.192370e+00 1.781451e+00 3.341658e+00 -2.833076e+00 9.351549e-01 6.839881e+00 2.350911e+00
-9.704378e+00 2.347381e+00 3.459283e+00 3.209909e-01 5.220125e+00 2.573397e+00 1.564079e+00 -3.642234e+00 -1.896521e+00 -1.803352e+00 2.617990e+00 1.417295e+00
-3.610580e+00 5.309473e-01 -2.111432e+00 -3.296414e+00 6.228398e+00 2.008539e+00 -2.701958e+00 -3.470960e+00 -3.561114e+00 1.687459e+00 5.522065e+00 -4.914711e+00
-8.736250e+00 3.849333e+00 3.691088e+00 3.362054e-01 5.047186e+00 5.290346e-02 2.242277e+00 -2.163010e+00 3.576899e-01 2.968116e+00 3.828709e+00 -1.410873e+00
-9.911617e+00 3.937655e+00 1.273965e+00 -2.917108e+00 -2.621600e+00 -1.995507e+00 9.537613e-02 -1.663500e+00 -1.231823e+00 -1.271496e+00 6.756200e+00 7.379651e-04
-1.127514e+01 -5.370547e-01 6.708760e-01 -3.298152e+00 2.528101e+00 -7.132248e-02 2.799052e+00 -9.264126e-01 -6.044010e+00 -4.879777e-01 3.387538e+00 -3.687647e+00
-1.103690e+01 2.484475e+00 6.289238e+00 1.412353e+00 4.525614e+00 -4.477292e+00 -1.955341e+00 4.699801e+00 -1.026113e+00 9.629037e-01 1.019378e+01 3.309245e+00
-1.003623e+01 3.602028e+00 5.058208e+00 1.449337e+00 9.680358e+00 7.543594e-01 1.859105e+00 3.736771e+00 -5.422353e+00 -8.559346e-02 2.530248e+00 -4.686804e+00
-8.192261e+00 3.268730e+00 1.346750e+00 -2.157423e+00 5.069984e+00 2.903587e+00 1.199235e+00 8.455635e+00 1.235297e+00 -2.612051e+00 4.476921e+00 -8.801091e-01
-8.428425e+00 5.339253e+00 3.993901e+00 -1.401800e+00 2.290605e+00 1.083390e+00 2.349042e+00 1.643353e+00 -2.606527e+00 5.348289e+00 4.432995e+00 -2.710412e+00
-6.653505e+00 3.306653e+00 -1.332968e+00 -9.110630e-02 7.600451e+00 3.810806e+00 3.963782e+00 2.173647e+00 -2.344954e+00 1.492001e+00 4.294987e+00 2.700949e+00
-5.810765e+00 3.109552e+00 1.416245e+00 -2.046150e+00 5.124327e+00 4.479916e+00 2.050420e+00 -1.695435e+00 3.539958e-01 2.029979e+00 8.402047e-01 -5.620954e+00
-9.420856e+00 3.029670e+00 3.109302e+00 1.055268e+00 6.225816e+00 -1.524165e+00 -4.301416e-01 3.806577e+00 1.231013e+00 1.668866e+00 6.095846e+00 -1.275265e+00
-8.923590e+00 5.540532e+00 1.608582e+00 -4.776645e+00 8.614819e+00 3.252611e+00 3.414066e+00 2.083965e+00 -3.226001e+00 -5.847676e-01 3.933265e+00 5.301808e+00
-9.461908e+00 4.402212e+00 2.088516e+00 7.980785e-01 3.486356e+00 -5.625875e-01 -2.349395e+00 1.124873e+00 1.607352e+00 2.446927e+00 2.245833e+00 -9.598813e-01
-9.097372e+00 3.692035e+00 6.014878e+00 1.510325e+00 5.348401e+00 -2.221094e-01 -1.873468e+00 -3.129431e+00 -2.747074e+00 -4.669958e+00 2.318891e+00 -2.819861e+00
-1.014995e+01 2.191125e+00 5.389430e+00 2.866892e+00 6.226190e+00 1.552621e+00 -1.643132e+00 1.356377e+00 -2.983836e+00 -4.107140e+00 6.189185e+00 -2.122867e+00
-9.533409e+00 3.672627e+00 4.369823e+00 1.451669e+00 7.007963e+00 8.704006e-01 3.943307e-01 4.641751e-01 -6.417751e+00 1.195349e+00 5.505094e+00 4.315110e+00
-1.019161e+01 1.876771e+00 3.495065e+00 3.070189e+00 7.531435e+00 2.145123e-01 -2.499789e-01 2.142415e-01 -6.302755e-01 3.752395e+00 5.357925e+00 -4.892689e-02
-7.930636e+00 6.362581e+00 2.577761e+00 -1.403414e+00 7.669435e+00 4.892549e+00 5.641798e+00 6.953654e-01 -2.384999e+00 -1.887918e+00 4.415237e+00 -2.522142e+00
-9.246449e+00 5.949738e+00 6.267108e+00 2.968155e+00 7.381232e+00 -1.608351e+00 -3.681254e+00 -1.912385e+00 -2.290229e+00 -4.260177e+00 7.109399e-01 -6.475303e+00
-9.499811e+00 4.355544e+00 3.069095e+00 -1.813985e+00 1.896888e+00 -1.621494e+00 -2.012671e-01 2.983759e+00 -4.658847e+00 -2.490938e+00 1.786105e+00 -2.458932e+00
-8.163589e+00 3.290455e+00 5.128473e+00 4.043407e+00 9.570143e+00 2.012594e+00 6.311682e-01 5.009952e+00 -1.871751e+00 -4.054226e+00 3.968693e+00 -5.151420e+00
-9.024754e+00 4.484867e+00 4.845231e+00 -1.858778e+00 5.725122e+00 -1.062694e+00 1.508129e+00 3.240518e+00 2.812074e+00 3.817394e+00 2.531218e+00 4.599602e-01
