1.278862e+01 -1.802668e+01 -2.238653e+00 7.323277e+00 -2.061764e+01 2.339663e+00 -4.047852e-01 2.375818e+00 3.431725e+00 1.143958e+01 -6.265677e+00 -1.413880e+00
1.129241e+01 -1.581326e+01 -3.149688e+00 7.885591e+00 -1.862024e+01 -1.427131e+00 -4.685392e-01 1.754873e+00 2.977306e+00 1.133962e+01 -5.196198e+00 1.998442e+00
1.403206e+01 -1.913300e+01 -1.365132e+00 6.724015e+00 -2.048445e+01 2.524950e+00 7.283854e-01 1.199445e+00 4.805579e+00 1.045433e+01 -5.113293e+00 -2.697283e+00
1.470354e+01 -1.975628e+01 -4.496441e-01 5.848639e+00 -1.962776e+01 2.477854e+00 -5.147762e-01 2.251976e+00 3.541002e+00 1.212215e+01 -4.711061e+00 -2.698561e+00
1.223967e+01 -1.651514e+01 5.574219e+00 4.255305e+00 -1.619490e+01 -4.068972e+00 -7.880035e+00 -2.213730e+00 3.376539e+00 4.672297e+00 3.849569e+00 3.645533e+00
1.045022e+01 -1.313365e+01 -3.201665e+00 7.681631e+00 -1.652501e+01 -4.424225e+00 5.663288e-01 -1.986737e+00 5.365968e+00 9.509228e+00 -1.851719e+00 1.273385e+00
1.376035e+01 -1.906752e+01 6.111653e-01 4.691272e+00 -1.828861e+01 9.553480e-01 1.152131e+00 -9.513187e-02 5.555455e+00 1.106946e+01 -4.556087e+00 1.158761e+00
1.556638e+01 -1.995955e+01 1.010433e+00 4.737520e+00 -1.885297e+01 2.469180e+00 -1.326519e+00 -4.495342e-01 5.838438e+00 8.887583e+00 -1.763159e+00 1.363073e+00
1.001311e+01 -1.171419e+01 -1.336467e+00 5.007283e+00 -1.341178e+01 -7.126339e+00 -1.308092e+00 -2.407052e+00 6.331785e+00 6.963269e+00 3.037416e+00 -8.773315e-01
1.604431e+01 -1.813153e+01 -8.063335e-01 5.241587e+00 -1.876237e+01 2.070875e+00 -5.746622e-01 -4.488664e+00 7.662797e+00 4.797122e+00 1.928178e+00 2.966340e+00
1.358757e+01 -1.172203e+01 4.195841e+00 9.097370e+00 -1.794241e+01 1.873117e+00 -1.645964e+01 -1.072347e+00 -1.472053e+00 1.475576e+00 3.995016e+00 4.288039e+00
1.781988e+01 -1.672605e+01 -1.252872e+00 5.378551e+00 -1.652749e+01 2.674964e+00 -3.685183e+00 -6.668833e+00 4.701249e+00 4.061765e+00 3.200260e+00 4.746766e+00
1.331993e+01 -1.091810e+01 3.809568e+00 5.056287e+00 -1.737747e+01 -3.759862e-01 -1.427240e+01 -7.182415e-01 4.941913e+00 3.264871e+00 5.967068e+00 2.982533e+00
-2.431837e+01 7.693005e-02 2.330160e+00 -1.376513e+01 1.033874e+01 1.072835e-01 5.948366e+00 4.845408e+00 -5.203946e+00 -1.103939e+01 2.913947e+00 -2.303258e+00
-2.175988e+01 2.471121e+00 4.843623e+00 -1.673488e+01 8.599277e+00 -1.732062e+00 2.341179e+00 2.070196e+00 -4.549419e+00 -7.737936e+00 1.702421e+00 1.074461e+00
-2.233984e+01 -1.109481e+00 4.142816e+00 -1.014639e+01 1.015197e+01 -1.975876e+00 1.641237e+00 4.295051e+00 -1.616133e+00 -8.686804e+00 3.169163e+00 -5.862476e-01
-1.969843e+01 3.385753e+00 4.190517e+00 -1.830953e+01 -1.760647e+00 -1.034670e+01 1.171741e-01 3.297422e+00 -1.935574e+00 -5.434501e+00 4.693210e+00 6.670573e-02
-2.236038e+01 -2.889676e-01 2.293305e+00 -1.420777e+01 2.269067e+00 -9.882196e-01 7.338842e+00 5.458186e+00 6.037588e+00 -9.196696e-01 3.047880e+00 -2.445464e+00
-2.294567e+01 9.124756e-03 3.528091e+00 -9.234837e+00 5.628045e+00 -2.452810e+00 -2.697992e+00 1.674706e+00 -2.186144e+00 -6.534919e-01 6.617500e+00 -2.986887e+00
1.728318e+01 -1.314226e+01 -2.962484e-01 5.806467e+00 -1.107754e+01 8.888837e-01 -3.069699e+00 -9.818450e+00 6.056943e-01 4.924550e+00 4.209453e+00 6.316375e+00
7.095710e+00 -2.369279e+00 7.278205e+00 1.323771e+00 -2.547264e+00 -8.295464e+00 -9.827236e+00 -5.160532e-01 -5.034608e+00 7.412946e-01 5.013892e+00 -1.620340e+00
-2.210160e+01 1.494649e+00 5.689082e-01 -1.241548e+01 1.025182e+00 -1.902388e+00 -1.358314e+00 2.002316e+00 -1.241708e-02 -1.157975e+00 7.512051e+00 7.996468e+00
-1.229043e+01 6.699237e+00 1.057866e+01 -8.782786e+00 7.535816e+00 -1.004138e+01 -1.215874e+00 3.401942e+00 -1.573128e+00 -8.851307e+00 6.159011e+00 1.264209e+00
1.776105e+01 -1.208157e+01 -2.273192e-01 8.260621e+00 -1.127039e+01 2.549659e+00 -6.082113e+00 -9.141624e+00 -1.162727e-01 3.636561e+00 -3.257699e+00 5.243230e+00
-1.723109e+01 7.380904e+00 9.025700e+00 -4.555551e+00 4.556743e+00 -4.305398e+00 1.108401e+00 2.617780e+00 -1.642158e+00 -5.896768e+00 1.897667e+00 -4.461719e-01
1.600013e+01 -8.318962e+00 -4.029207e-01 1.059139e+01 -1.243914e+00 6.855288e-01 -4.031889e+00 -9.858317e+00 -1.984018e+00 -1.850592e+00 -1.784972e+00 4.282588e+00
1.644552e+01 -8.738411e+00 -5.707130e-01 1.051358e+01 -5.198191e+00 2.717061e+00 -8.127937e-01 -1.415654e+01 -3.953455e+00 2.977377e+00 -1.153913e-01 6.753672e+00
-1.227099e+01 7.530372e+00 8.282721e+00 -3.458358e+00 8.960872e+00 -8.984998e+00 -3.702104e+00 -3.049737e+00 1.109199e+00 -7.042189e+00 2.137449e+00 -4.359426e+00
1.585595e+01 -6.265459e+00 -7.370687e-01 9.435759e+00 -3.648095e-01 1.547192e+00 -2.936001e+00 -8.420673e+00 -2.678545e+00 -4.514560e-01 -4.245099e+00 4.756200e+00
1.676956e+01 -4.720181e+00 -5.111098e-01 8.127248e+00 -5.443415e+00 7.043806e-01 -1.202584e+00 -7.206553e+00 -2.147947e+00 2.775939e+00 -1.980706e+00 2.337298e+00
1.532486e+01 -5.289086e+00 -3.017907e-01 9.341048e+00 2.968445e-01 1.693451e+00 -1.977141e+00 -1.065371e+01 -4.227363e+00 7.724836e-01 -2.544065e+00 6.424782e+00
1.316754e+01 -1.169534e+00 -4.212652e+00 6.705847e+00 -8.749966e+00 -2.223885e-02 -9.450984e-01 -1.650633e+00 2.170393e+00 6.818938e+00 9.301152e-01 1.391927e+00
1.290643e+01 1.795505e+00 -4.433708e-01 7.208073e+00 -1.553976e+01 2.375796e+00 -3.563304e+00 -2.211209e+00 3.536984e+00 7.946112e+00 5.681223e-01 2.601807e+00
1.528378e+01 1.049827e+00 -4.155107e-01 1.490829e+00 -1.278465e+01 4.390684e-01 2.752892e+00 -6.572425e+00 -2.361305e+00 4.550551e+00 3.581013e+00 -2.826171e+00
1.368548e+01 6.607530e+00 7.164979e+00 -2.935052e+00 -1.175167e+01 -5.157454e-01 1.096768e+01 7.295483e-01 -1.391460e+01 -1.374908e+01 7.859550e+00 1.502590e-01
8.763019e+00 -1.574759e+00 9.356382e-01 9.935978e+00 2.988601e-01 8.331606e+00 -9.203578e+00 -5.519477e+00 8.455887e+00 4.597492e+00 3.983556e+00 5.674726e+00
7.439227e+00 5.187752e+00 2.818773e+00 6.721172e+00 -8.145929e+00 3.803217e+00 -5.973621e+00 1.192977e+00 5.709233e+00 2.846314e+00 1.955337e+00 4.524995e+00
-9.904668e+00 -1.353529e+00 9.721239e-01 -5.182341e+00 7.670708e+00 -6.962691e+00 4.034660e+00 1.710187e+01 4.610896e+00 -1.825493e+00 3.856694e+00 -3.996083e+00
1.032849e+01 9.412487e+00 7.918242e+00 4.925646e+00 -4.239085e+00 1.615688e-01 5.130086e+00 -6.331399e+00 -1.078900e+01 -3.975766e+00 9.545778e-01 -2.245934e+00
8.161099e+00 8.705916e-01 6.292822e-01 1.941658e+00 -9.458261e+00 2.836300e-01 -6.715460e-01 -9.311225e-01 2.917313e+00 4.584446e+00 3.586615e+00 9.718652e-01
1.031535e+01 8.801550e+00 2.150223e+00 -3.640154e+00 -6.871151e+00 3.157041e-01 1.380328e+01 -4.989063e+00 -2.390484e+01 -9.031054e+00 9.044833e+00 2.818427e+00
3.699490e+00 8.163540e+00 9.054920e+00 1.381339e+00 -5.004600e+00 4.819362e+00 3.368940e-01 3.516296e+00 -1.214886e+00 -1.022262e+01 8.318283e+00 -1.270278e-01
4.171392e+00 1.462474e+00 6.934547e+00 8.376134e+00 -7.241539e+00 -1.445028e+00 1.242508e+01 2.907915e+00 -7.968024e+00 -1.385378e+00 1.636673e+00 7.829525e-01
-7.162165e+00 7.281914e+00 -6.058091e+00 -1.819615e+00 1.676006e+00 -6.236055e+00 5.548796e+00 -2.357770e+00 5.995012e+00 -4.570228e+00 -2.992115e+00 2.302615e+00
7.616993e+00 1.060000e+01 4.508352e+00 3.551245e+00 3.176496e+00 -1.832298e+00 6.290287e+00 2.025188e+00 -7.943804e+00 -2.327770e+00 2.207589e+00 9.700406e-01
-6.934486e+00 7.133999e+00 -5.177921e+00 -5.707327e+00 3.519206e+00 -1.743683e+00 2.777506e+00 -7.327027e-01 7.851013e+00 5.931287e+00 -3.846570e+00 5.599534e+00
-5.961438e+00 2.966063e+00 -1.171076e+01 -6.504531e-01 6.822314e+00 -7.874151e+00 -2.879834e+00 -1.283690e+00 1.013866e+01 -5.509300e+00 -5.846767e+00 1.170591e+00
-6.974220e-02 1.273971e-01 -6.404496e+00 -1.605744e+00 4.536566e+00 6.306056e+00 3.773132e+00 -2.302879e+00 2.856176e+00 -4.195874e-01 5.453861e+00 -3.975557e+00
-6.270635e+00 4.253574e+00 -3.537573e+00 1.108134e+00 4.451016e+00 -2.796020e+00 9.644043e+00 8.029698e+00 9.027705e-01 9.323745e-01 -2.908879e+00 -1.140317e+00
-4.699786e+00 3.493654e+00 -6.957227e+00 -4.611349e+00 4.113059e+00 -7.704191e+00 -7.892661e-01 2.898038e+00 5.278707e+00 3.971238e+00 -9.307628e+00 -4.080529e-01
-2.026749e+00 -1.252772e+00 3.541014e+00 5.458042e+00 5.300564e+00 5.142091e+00 5.766816e-01 -3.900571e+00 1.636715e-01 9.948704e-01 -4.056435e+00 -2.505787e+00
-3.930915e+00 7.670098e+00 -4.008987e+00 -3.388617e+00 1.841537e+00 -3.163023e+00 1.382437e+00 3.241483e+00 6.563092e+00 2.542424e+00 -1.233126e+01 8.806542e-01
5.266671e-01 4.993460e+00 6.195384e+00 7.682104e+00 4.936460e+00 4.338815e+00 1.099659e+01 2.946002e+00 -7.412076e+00 -8.624812e-01 4.489221e+00 1.773297e+00
-1.086235e+00 -1.775948e+00 -7.391752e+00 -3.399435e+00 4.135672e+00 -2.046697e+00 -5.990156e+00 1.622603e+00 6.864549e+00 3.508168e+00 -6.063532e+00 -4.104403e+00
2.070951e-01 5.302403e-01 -5.698628e+00 -1.119772e+00 5.884231e+00 -7.121404e-01 -1.679363e+00 2.628507e+00 5.707355e+00 -4.023423e+00 -6.014616e+00 -9.763638e-01
2.141794e+00 4.344560e+00 4.182703e+00 6.548269e+00 5.475186e+00 4.138588e-01 -1.534515e+00 -4.184650e+00 -2.810913e+00 -1.480641e+00 -1.400392e+00 -3.714991e+00
3.836816e+00 5.326347e+00 2.492032e+00 9.642413e-01 4.277343e+00 -1.389453e-01 -3.227105e+00 -1.772728e+00 1.930277e-01 -3.267063e+00 -6.769832e+00 -2.473179e+00
-1.062550e+00 2.852929e-01 -7.407108e+00 3.029437e-01 5.216413e+00 -1.922361e+00 -4.511320e+00 -5.755479e-01 4.944116e+00 -1.049630e+00 -3.978772e+00 -1.687372e+00
-9.772158e-01 9.212103e-01 -1.030039e+01 -4.058776e+00 6.133479e+00 4.005118e+00 -9.120464e-02 1.553845e-02 -1.855256e+00 -5.386835e-01 -7.211592e-01 3.068219e+00
-1.207356e+00 -1.133036e+00 -4.268944e+00 -1.262341e+00 1.848850e-01 -4.113718e-01 -3.692284e+00 -7.853048e-01 3.366087e+00 -4.345062e+00 -9.638759e+00 3.318024e+00
-3.140512e+00 -3.018880e-01 -4.533575e+00 -3.170383e-01 6.948368e+00 5.697068e+00 -9.619026e-01 -4.841362e+00 1.165296e+00 2.226499e+00 6.542462e+00 -2.411285e+00
1.453624e+00 1.377998e+01 8.143110e+00 -4.976249e-01 1.914833e+00 1.565353e+00 -1.584325e+00 -1.002929e+01 -1.339516e+01 -7.175000e+00 1.386171e+00 4.025785e-01
-7.993579e+00 5.772403e+00 1.404840e+00 -1.734146e+00 5.451984e-01 -7.336243e-01 5.192233e+00 -1.371384e-02 1.112366e-02 1.590899e+00 -3.708830e+00 -2.118345e+00
-7.469667e+00 7.791543e-01 -2.270661e+00 5.662057e-01 5.003943e-01 -3.103411e+00 3.917192e+00 1.084719e+01 4.255466e+00 -1.698450e+00 -2.251339e+00 1.252316e+00
-2.517140e+00 -1.766181e+00 -7.167390e+00 -2.352666e+00 4.794150e+00 -2.042473e+00 -4.386403e+00 5.286345e+00 3.217442e+00 3.060734e-01 -8.994091e-01 8.896579e-01
-2.974104e+00 -1.285380e+00 -7.810740e+00 -9.051218e-01 9.799006e+00 2.441269e+00 -4.193089e+00 -7.538080e-03 1.889293e+00 4.485633e+00 4.107907e+00 -1.417784e+00
-6.294203e-01 6.289527e-01 -5.823313e+00 -3.166929e+00 6.568107e+00 -8.051625e-01 -4.850993e-01 1.224396e+00 -2.886152e+00 -7.021369e+00 -7.728445e+00 -2.385560e+00
-3.336821e-01 1.494683e+00 -3.690668e+00 -1.416378e+00 7.254322e+00 -1.315490e+00 -2.337437e+00 2.922897e+00 2.097845e+00 -1.451291e+00 -5.126743e+00 -3.417270e+00
-1.699333e+00 1.524821e+00 -9.503865e+00 -7.919998e+00 3.699519e+00 -1.212260e+00 -2.176332e+00 1.726609e+00 8.636007e-01 2.612102e+00 1.835994e+00 -2.309716e+00
-8.706759e+00 7.415838e+00 3.413420e+00 -2.137034e+00 7.848917e+00 -7.197869e-02 7.401632e+00 -3.741928e+00 -3.575053e+00 -8.756757e-02 -1.251743e+00 3.938834e+00
-2.702128e+00 1.312619e+00 -5.684158e+00 -1.861020e+00 5.905872e+00 3.142322e+00 -2.091782e+00 2.283259e+00 -3.281099e+00 -1.476269e+00 -5.403772e+00 -5.011580e+00
-5.011663e-01 1.551734e+00 -3.845197e+00 -1.230276e+00 5.649907e+00 -4.551090e-01 -6.783867e-01 3.847422e+00 -2.340055e+00 -1.650896e+00 -2.116547e+00 -5.766685e+00
-1.341356e+00 2.958067e+00 -5.752630e+00 -5.071137e+00 5.053864e+00 2.326021e+00 -3.019922e+00 2.299130e+00 1.536342e+00 -1.728872e+00 -1.881190e+00 -3.202770e+00
-1.827852e+00 3.067986e+00 -4.463308e+00 -2.295431e+00 4.873923e+00 1.849749e+00 2.169845e+00 2.875205e+00 9.606786e-01 5.114064e+00 2.146373e+00 8.031107e-01
-4.060944e+00 2.232090e+00 1.705929e+00 1.473897e+00 5.256290e+00 -9.171239e-01 -7.235595e+00 -1.629140e+00 1.844147e+00 1.541219e+00 -3.620217e+00 -7.039102e+00
-1.830933e+00 1.481181e+00 -6.060338e+00 -5.130772e+00 6.797629e+00 1.955940e+00 8.612134e-01 3.975610e+00 -8.577380e-01 -1.356886e+00 -1.309386e+00 1.079516e+00
-2.032839e+00 1.909374e+00 -4.406635e+00 -7.889087e-01 5.003638e+00 -1.522733e+00 -3.022785e+00 3.598707e+00 4.160872e-01 -1.324196e+00 1.253512e-01 -2.200053e+00
-1.189634e+00 8.693394e+00 1.232005e+00 -4.315118e+00 -8.718729e-02 -2.259052e+00 2.020351e+00 -1.710429e+00 -1.139489e+01 -2.259250e+00 5.907424e+00 3.784297e+00
-2.713852e-01 4.682109e+00 -4.807906e+00 -3.887711e+00 8.521425e+00 3.304939e+00 -3.973236e-01 2.961486e+00 1.626254e+00 -2.185042e-01 -1.550166e+00 -3.230056e+00
-2.014691e+00 4.603827e-01 -7.786009e+00 -1.995433e+00 7.292691e+00 1.098155e+00 1.540495e+00 7.079743e+00 2.927831e+00 -1.898726e+00 -2.202827e+00 -9.615349e-01
-6.491486e+00 4.701755e-01 3.498410e+00 2.370880e+00 8.000386e+00 -4.334122e-01 -4.123623e+00 -3.831312e+00 -2.391639e-01 -6.941432e-01 -1.257854e+00 -4.958684e+00
-2.306866e+00 3.638508e+00 -6.018404e+00 -5.849527e+00 5.725455e+00 -3.420588e-01 -1.700758e+00 1.102545e+00 -1.811284e+00 -4.356394e+00 -1.696715e-01 -3.245292e+00
-3.303465e+00 4.374269e+00 3.327295e+00 3.865558e+00 6.195115e+00 2.226102e+00 2.644846e+00 -2.882187e-01 -1.678394e+00 3.385333e+00 -1.250940e+00 -9.803741e+00
-2.847873e+00 -5.906072e-01 -5.582954e+00 -1.919851e+00 5.301583e+00 -1.057959e+00 -9.050918e-01 3.038888e+00 3.407197e+00 -7.912362e-01 -3.080382e+00 -7.006659e+00
-1.042799e+01 7.453885e+00 4.816920e+00 -1.983449e+00 3.640106e+00 1.037661e+00 4.443622e+00 -1.284358e+00 -1.729152e+00 6.583314e-01 1.690926e+00 1.595743e+00
-8.987252e+00 7.243341e+00 4.244487e+00 -1.704147e+00 4.161246e+00 6.249750e+00 9.318573e+00 2.346905e+00 1.391749e+00 2.776869e+00 1.427905e+00 1.029649e+00
-6.701568e+00 8.252493e+00 5.542080e+00 -5.043743e-01 5.544239e+00 4.618305e+00 2.707773e+00 -1.973031e+00 -5.565555e+00 -3.431568e+00 6.620823e+00 6.009127e+00
-5.542057e+00 3.364495e+00 1.661039e+00 2.150334e+00 4.793071e+00 -2.206576e+00 -1.282330e+00 3.665627e+00 4.767376e+00 2.895634e+00 2.175148e+00 3.654933e+00
-5.906797e+00 2.735963e+00 2.336339e+00 5.085161e-01 6.213574e+00 -1.464361e-01 -6.257248e-02 1.836396e+00 1.878316e+00 -3.289978e+00 -2.933359e+00 2.082177e-01
-4.876266e+00 5.140759e+00 2.483654e+00 2.317317e-01 9.911243e+00 3.633202e+00 5.103419e-01 4.343797e+00 9.365396e-01 3.953289e+00 2.258827e+00 -1.743532e+00
-3.916826e+00 8.028613e+00 4.051196e+00 -6.404045e-01 9.089164e+00 4.596547e+00 3.769050e+00 3.802187e+00 2.601274e+00 -6.844252e-01 -1.874166e+00 -5.093320e+00
-7.274956e+00 4.929836e+00 2.687567e+00 -3.314791e+00 4.224074e+00 5.520753e+00 1.557618e+00 3.150140e+00 -2.038919e+00 -2.013755e+00 5.031337e+00 -1.509473e-01
-6.183706e+00 5.319454e+00 9.681523e-01 -3.744091e+00 1.360908e+00 -4.834336e-01 -3.780763e+00 5.728173e-01 -2.189111e+00 -2.740962e+00 -2.438793e+00 -3.193161e+00
-7.586164e+00 3.258343e+00 1.046422e+00 -4.606919e+00 4.865957e+00 1.737180e+00 2.866871e+00 3.235693e+00 -3.432111e+00 -3.224987e+00 3.222769e+00 -1.829231e+00
-7.798446e+00 6.544044e+00 2.898196e+00 -1.606808e+00 7.571230e+00 -1.493619e+00 -5.942693e-01 5.878979e-01 -5.032165e+00 -6.877450e+00 -6.120956e+00 -7.641840e-01
-7.280393e+00 5.865858e+00 1.620683e+00 -2.387769e+00 4.582548e+00 7.565348e-01 2.884194e+00 2.091868e-01 -8.538780e+00 -5.419101e+00 -1.054970e+00 -1.499906e+00
-7.515744e+00 5.378676e+00 1.321061e+00 -2.211783e+00 6.163541e+00 1.583294e+00 5.620594e+00 1.257002e+00 -1.685486e+00 -1.313409e+00 -8.840444e-01 -2.973547e+00
-7.591293e+00 5.614300e+00 3.121284e+00 6.041291e-01 1.092045e+01 4.750424e+00 9.823561e-01 3.861382e+00 1.433452e+00 -2.260728e+00 3.607081e+00 -6.744315e-02
-7.471437e+00 5.459359e+00 2.762537e+00 8.720732e-02 1.050853e+01 5.470647e+00 3.789481e+00 -1.665810e+00 -1.556320e+00 -1.904478e+00 1.813893e+00 2.830698e+00
