3.074380e+00 -8.546553e+00 5.523498e+00 1.023011e+01 -1.138353e+01 -1.191862e+01 -6.124730e+00 -1.084000e+01 1.009526e+01 -1.516553e+01 -2.647977e+00 8.801544e+00
2.668448e+00 -8.279811e+00 4.757696e+00 1.137054e+01 -1.187647e+01 -1.143032e+01 -6.263001e+00 -1.173608e+01 1.029980e+01 -1.580168e+01 -3.015750e+00 9.654496e+00
3.028413e+00 -7.902584e+00 4.569292e+00 1.143122e+01 -1.124866e+01 -1.024306e+01 -6.880486e+00 -1.226420e+01 9.343600e+00 -1.554006e+01 -2.545043e+00 9.629290e+00
3.900813e+00 -9.221001e+00 5.646230e+00 9.241895e+00 -1.204771e+01 -1.154621e+01 -5.136567e+00 -1.021420e+01 1.026946e+01 -1.450125e+01 -1.320150e+00 7.614254e+00
2.893275e+00 -7.040427e+00 3.713974e+00 1.145966e+01 -1.121656e+01 -9.591660e+00 -7.621245e+00 -1.251713e+01 9.133822e+00 -1.406685e+01 -3.537082e+00 9.168320e+00
2.959341e+00 -6.567204e+00 3.009695e+00 1.153785e+01 -9.935581e+00 -9.820067e+00 -7.741282e+00 -1.285995e+01 8.888483e+00 -1.269729e+01 -4.328843e+00 8.739770e+00
2.995397e+00 -6.201166e+00 1.951246e+00 1.177150e+01 -9.259796e+00 -8.784707e+00 -8.399835e+00 -1.380664e+01 1.056413e+01 -1.355737e+01 -3.838145e+00 7.151566e+00
7.847020e+00 -1.011336e+01 3.949965e+00 9.451350e+00 -1.264906e+01 -9.796270e+00 -5.506410e+00 -7.461899e+00 1.073921e+01 -1.366188e+01 -3.768322e-01 5.397636e+00
3.230422e+00 -5.811017e+00 1.115582e+00 1.088719e+01 -7.183640e+00 -8.713528e+00 -9.884459e+00 -1.401642e+01 1.042850e+01 -1.054863e+01 -4.956945e+00 5.612492e+00
-1.626005e+01 -5.510106e-01 7.369721e+00 -5.034671e+00 -8.635103e+00 -1.745876e+00 4.540534e+00 6.240999e+00 -8.030182e-01 -1.194257e+00 4.001034e+00 -2.055039e+00
3.197353e+00 -5.174592e+00 1.825066e-01 1.123689e+01 -6.279330e+00 -7.849685e+00 -1.050900e+01 -1.501045e+01 1.084588e+01 -1.009743e+01 -4.726567e+00 4.579270e+00
-1.581554e+01 1.090911e+00 3.170239e+00 -9.795294e+00 -5.237116e+00 -1.059705e+00 4.283040e+00 1.031613e+01 -2.328382e+00 4.106087e+00 1.070599e+01 -2.167174e+00
-1.386399e+01 -1.949971e+00 8.046957e+00 -1.576401e+00 -1.144930e+01 -7.336123e+00 5.336798e+00 6.840848e+00 2.018653e+00 2.584549e+00 8.392434e+00 -1.912653e-02
3.461425e+00 -4.724430e+00 -3.126574e-01 1.058507e+01 -5.108714e+00 -7.833137e+00 -1.029003e+01 -1.579315e+01 1.061742e+01 -8.909447e+00 -5.073287e+00 4.102060e+00
3.542029e+00 -4.081811e+00 -1.358805e+00 1.043894e+01 -5.238068e+00 -6.449258e+00 -1.051915e+01 -1.638705e+01 1.045433e+01 -7.749025e+00 -5.025177e+00 3.497745e+00
-9.583987e+00 -6.804952e+00 -2.111307e+00 -9.586271e+00 -5.569069e+00 4.622435e+00 1.649974e+00 4.029989e+00 2.312009e+00 2.328163e+00 4.733603e+00 -3.295553e+00
4.063183e+00 -3.813050e+00 -2.225195e+00 9.863795e+00 -4.489667e+00 -5.522379e+00 -1.075428e+01 -1.749224e+01 1.026752e+01 -7.147524e+00 -5.060769e+00 3.453224e+00
-1.101419e+01 -6.250622e+00 5.494619e+00 7.771335e-01 -5.343399e-01 -7.945730e-01 6.379467e+00 9.416762e+00 2.666139e+00 4.155073e+00 7.862124e+00 -3.131088e+00
4.861244e+00 -3.070436e+00 -2.696150e+00 8.585868e+00 -3.682490e+00 -4.730062e+00 -1.076650e+01 -1.761553e+01 9.438283e+00 -7.160153e+00 -4.110097e+00 3.152961e+00
-9.790227e+00 -9.215646e+00 4.183971e+00 -3.859881e+00 -8.025546e+00 -5.479002e+00 -5.647676e-01 6.798630e+00 1.620822e+00 -1.438761e-01 5.963880e+00 -1.947197e+00
9.164032e+00 -3.675859e+00 8.214285e-01 8.292171e+00 -8.802517e+00 -1.124345e+01 -3.169390e+00 -5.676293e+00 9.521050e+00 -1.181435e+01 1.694537e+00 1.212338e+00
5.335092e+00 -1.709211e+00 -3.576517e+00 8.145821e+00 -3.503778e+00 -4.155898e+00 -1.019023e+01 -1.836665e+01 8.252800e+00 -7.764997e+00 -1.833695e+00 3.017004e+00
5.900017e+00 -1.144987e+00 -3.910111e+00 7.606148e+00 -3.120833e+00 -3.316386e+00 -9.667884e+00 -1.925374e+01 6.682740e+00 -7.679059e+00 -7.848700e-01 3.456300e+00
-7.108306e+00 -8.252324e+00 4.770307e+00 -1.783056e+00 -9.595066e+00 -1.064894e+01 1.550318e+00 1.214038e+01 -7.095231e-01 -8.023334e+00 2.041359e+00 5.221879e+00
6.649195e+00 -1.628742e-01 -4.265153e+00 6.273039e+00 -2.934061e+00 -1.452842e+00 -9.029471e+00 -1.843179e+01 3.449486e+00 -7.388728e+00 -4.129468e-01 4.539394e+00
-7.278684e+00 -1.085756e+01 -1.155492e+00 -1.341618e+01 -5.132440e+00 4.379485e+00 -5.624217e+00 8.628342e-01 9.307549e-01 -3.745723e+00 1.155005e+00 -3.247449e+00
-3.197593e+00 -7.154741e+00 7.953444e+00 2.615337e-01 -5.390010e+00 -9.049461e+00 9.681735e-01 1.122290e+01 -2.232104e+00 -4.011681e+00 5.222785e+00 -7.840751e-01
7.138330e+00 1.069519e+00 -4.612571e+00 5.180401e+00 -2.146792e+00 -2.797398e-01 -6.990637e+00 -1.892340e+01 1.043090e+00 -9.172607e+00 7.094137e-01 5.384187e+00
7.149772e+00 -1.190041e+00 6.869184e+00 3.731207e+00 -6.267146e+00 -9.809060e+00 -1.820321e+00 -1.318894e+00 1.953811e+00 -7.476645e+00 -1.150918e+00 1.370381e+00
7.746323e+00 2.087585e+00 -4.742778e+00 4.487691e+00 -2.084124e+00 1.839229e+00 -6.121342e+00 -1.885932e+01 -1.256256e+00 -1.015450e+01 2.154438e+00 4.954457e+00
9.098891e+00 2.408298e+00 -3.782456e+00 3.700787e+00 -2.002540e+00 3.299830e+00 -4.583175e+00 -1.612169e+01 -2.657164e+00 -1.248097e+01 1.104693e+00 6.216083e+00
1.180084e+01 3.463548e+00 -4.535910e+00 3.014194e+00 -1.917830e+00 5.245515e+00 -4.235183e+00 -1.337008e+01 -5.790908e+00 -1.378600e+01 3.580356e-01 7.393814e+00
1.415774e+01 7.168049e+00 -6.016054e+00 1.002550e-02 4.312201e-01 5.443119e+00 -8.392467e-01 -9.466269e+00 -1.287171e+01 -7.995483e+00 1.672479e+00 2.715440e+00
1.472462e+01 6.408447e+00 -5.046339e+00 1.131090e+00 -1.223660e+00 1.643415e+00 9.931594e-01 2.397647e-01 -1.276333e+01 -8.022526e+00 7.364618e+00 -6.290936e+00
1.354200e+01 7.426178e+00 -4.181679e+00 4.731002e+00 -1.137680e+00 -1.203321e+00 8.661604e+00 5.960768e+00 -1.462956e+01 -5.672446e+00 6.728992e+00 -6.901505e+00
1.302828e+01 5.387827e+00 -5.413155e+00 8.790420e+00 2.412988e+00 3.793053e-01 1.569587e+01 4.467814e+00 -1.657736e+01 -2.777843e+00 3.337590e+00 -8.394717e+00
-1.191347e+01 -1.366570e+01 2.017055e+00 -5.356895e+00 8.469802e+00 2.323798e+01 -1.718552e+00 -1.012905e+01 2.493351e-01 4.767662e+00 -1.051441e+01 -6.850117e+00
1.036065e+01 4.318351e+00 -1.038952e+00 8.695154e+00 6.403019e+00 6.504259e+00 1.737962e+01 8.498742e+00 -1.186316e+01 -5.349267e+00 -3.161951e+00 -1.548954e+01
1.076765e+01 3.014914e+00 -3.942609e+00 5.641408e+00 8.092859e+00 1.043496e+01 1.617285e+01 5.865670e+00 -1.376099e+01 -4.972952e+00 -5.691360e+00 -9.329324e+00
-1.272783e+01 -1.017472e+01 4.974712e+00 -1.074030e+01 8.827148e+00 2.115426e+01 -1.129247e+01 -4.282584e+00 -6.091036e-01 1.404219e+01 -1.948699e+00 -3.789603e+00
9.064670e+00 4.480077e+00 -5.033296e+00 1.783701e+00 8.282740e+00 1.192031e+01 1.807806e+01 6.958538e+00 -9.945289e+00 -4.115135e+00 -6.049999e+00 -1.285458e+01
-1.220073e+01 -6.383465e+00 3.748830e+00 -1.067682e+01 4.457700e+00 1.054376e+01 -1.776905e+01 7.853622e+00 3.573445e+00 1.200344e+01 8.770778e+00 -3.625749e-01
5.032903e+00 2.094354e+00 1.514137e+00 3.774996e+00 4.833864e+00 7.210275e+00 1.146279e+01 6.852424e+00 -1.089745e+01 -2.231262e+00 -8.304170e-01 -8.836871e+00
-4.720696e+00 -2.827185e+00 6.576886e+00 -1.867089e+00 5.974401e+00 1.723530e+01 -1.431487e-01 -2.401576e+00 7.353911e+00 1.227163e+01 -2.247423e+00 -7.013212e-01
4.564548e+00 -2.655864e-01 -1.418087e+00 -3.735118e-01 -6.095648e-03 1.609148e+00 1.253301e+01 6.072212e+00 -1.167731e+01 -3.837590e-01 -2.703987e+00 -1.093379e+01
3.498730e+00 2.393744e+00 -8.722162e-01 4.081020e-01 5.926790e+00 4.748382e+00 1.146739e+01 4.900843e+00 -1.156626e+00 4.223641e+00 1.216246e+00 -2.707095e+00
3.669894e+00 4.709923e+00 3.125066e+00 1.486836e+00 7.121866e+00 4.656719e+00 8.033073e+00 1.064737e+01 3.062387e+00 5.027359e+00 -1.241184e+00 -6.298442e-01
2.907694e+00 3.831893e+00 3.538847e-02 -7.549238e-01 2.391102e+00 2.361935e+00 6.053102e+00 9.172646e+00 1.871575e+00 6.806368e+00 9.240155e-01 -1.198567e+00
1.628738e+00 2.033340e+00 -2.859897e+00 -1.941888e+00 1.297749e+00 4.535541e+00 7.866361e+00 1.251682e+01 -1.626665e+00 6.126879e+00 9.068126e-01 -4.306270e+00
3.018136e+00 5.275607e+00 -9.570804e-01 2.961576e+00 9.622926e+00 2.551195e+00 4.835901e+00 1.720273e+00 -6.272304e+00 -3.063602e+00 -8.297923e+00 -6.129003e-01
3.730637e+00 7.629433e+00 6.412792e-01 -5.731988e-01 7.735741e+00 3.844513e+00 8.768642e-01 1.739172e+00 -2.805133e+00 1.778665e+00 -5.010556e+00 -4.013854e+00
3.128790e+00 6.264561e+00 7.298248e-01 -9.244208e-01 6.684829e+00 8.130278e+00 3.961281e+00 9.007545e+00 7.684978e+00 7.674928e+00 -2.158945e+00 -4.175049e+00
3.609253e+00 4.381284e+00 -2.141349e-01 -1.896126e+00 -1.936884e+00 -1.869517e+00 7.496732e+00 9.292407e+00 -1.367705e+00 3.585819e+00 -1.111740e+00 -2.030300e+00
3.700388e+00 7.413206e+00 6.944578e-01 -1.924143e+00 6.025086e+00 6.090812e+00 4.045869e+00 8.287785e+00 3.153364e+00 6.422316e+00 2.082904e-01 -3.313851e-01
2.924088e+00 4.769829e+00 1.859787e-01 2.793241e-01 9.009056e+00 1.218026e+00 8.577922e+00 7.320090e+00 -6.932514e+00 5.559539e+00 -1.262926e+00 -5.425003e+00
2.334853e+00 5.664402e+00 -4.401016e-01 -4.526520e-02 9.043078e+00 4.711105e+00 4.190797e+00 8.532482e+00 -8.058146e-01 3.291247e+00 -1.929777e+00 -1.342581e+00
1.228201e+00 4.699480e+00 2.128210e+00 6.851397e-01 3.254983e+00 4.159122e+00 1.135727e+01 1.155132e+01 -7.363413e+00 -6.414127e-01 -2.582614e+00 -6.165153e+00
1.850140e+00 2.547679e+00 8.997915e-01 7.090983e-01 4.197582e+00 -1.638330e+00 2.132790e+00 4.355133e+00 -4.090451e+00 3.643625e+00 -4.162603e+00 -3.205481e+00
1.462531e+00 7.713428e+00 2.340531e+00 -1.750258e+00 5.346340e+00 5.619703e+00 1.062317e+00 4.503474e+00 3.068162e+00 7.981168e+00 5.120601e-01 2.223435e+00
-5.555647e+00 1.694207e+00 -1.560870e+00 -7.150339e+00 4.491539e+00 1.367353e+00 1.199470e+00 5.634240e+00 -4.758388e+00 9.292030e-01 -8.040100e-02 -7.844048e-01
1.754254e+00 2.318459e+00 4.233942e-01 1.157346e+00 3.056934e+00 2.983795e+00 9.407057e+00 4.894057e+00 -6.778528e+00 7.952825e+00 3.920287e-02 -7.723779e+00
1.890161e+00 5.985178e+00 2.191216e+00 -2.352443e+00 5.318840e+00 8.932252e+00 4.111695e+00 6.930426e+00 -2.064966e+00 5.381790e+00 4.280375e+00 1.493758e+00
-4.862900e+00 2.616302e+00 -3.612853e+00 -8.174536e+00 2.653744e+00 -1.103248e+00 -1.855337e+00 5.889835e+00 -1.718469e-01 4.813461e+00 3.950373e+00 2.473518e+00
1.151485e-01 2.681623e+00 -2.253141e-01 1.974133e+00 9.731448e+00 6.670465e+00 6.582730e+00 5.158969e+00 -5.375200e+00 2.317051e+00 9.431989e-01 -4.071139e-01
9.535322e-01 4.433539e+00 3.318491e+00 2.427732e+00 1.149661e+00 1.558658e+00 1.209351e+01 6.624877e+00 -3.555996e+00 4.379272e+00 1.749167e+00 -1.509900e+00
1.908675e+00 5.756930e+00 4.908559e-01 -9.494805e-01 4.092605e+00 2.026708e+00 7.214359e+00 4.927632e+00 -4.502776e+00 6.310637e+00 -3.145636e+00 -5.397285e+00
-3.206545e+00 4.409049e+00 -1.435068e+00 -7.926878e+00 8.235593e-01 1.152826e-01 -1.496688e+00 4.590539e+00 -5.570220e+00 1.338268e+00 2.896104e+00 -2.914538e-01
-4.965927e+00 4.943044e-01 -3.026624e+00 -6.114960e+00 4.341642e+00 -4.488673e-02 8.403704e-01 3.967548e+00 2.321489e+00 3.055745e+00 -2.541653e+00 -2.072000e+00
-4.023915e+00 3.003217e+00 -3.958870e+00 -7.888323e+00 1.886147e+00 -4.628506e+00 -6.486172e+00 2.639328e+00 4.452714e-01 6.189528e+00 4.910508e-01 -7.834535e-01
-3.982591e+00 -2.712369e-02 -3.197155e+00 -7.268606e+00 2.287025e+00 -3.711208e+00 -5.538331e+00 2.379770e+00 -5.445338e+00 4.823054e+00 -1.030333e+00 -3.139783e+00
-5.492955e+00 3.423791e-01 -1.818046e+00 -7.243774e+00 4.442932e+00 -2.996247e+00 -1.491553e+00 8.521039e-01 -5.065799e+00 5.209247e+00 -2.223177e+00 -4.855150e+00
-6.331570e+00 -9.304792e-01 -5.430983e-01 -5.620584e+00 6.888058e-01 -1.116883e+00 -6.675828e-01 4.889236e+00 4.029768e-01 6.084220e+00 1.882859e-01 -2.808985e-01
-4.616014e+00 -3.540390e-01 -1.563843e+00 -7.624139e+00 3.856276e+00 -1.745953e+00 1.215639e+00 5.515754e+00 -6.883819e-01 7.276902e+00 5.718980e-01 1.827576e+00
-6.085820e+00 3.320047e+00 8.659434e-02 -9.580501e+00 4.178184e+00 -2.085416e+00 -4.336532e+00 9.310088e-01 -2.746953e-01 1.684872e+00 -1.717678e+00 2.491874e-01
-5.117126e+00 2.441038e+00 -2.511020e+00 -7.674027e+00 3.929048e+00 -2.770622e+00 -7.378383e-01 4.056893e+00 3.943788e+00 9.550670e+00 3.117908e+00 3.223738e+00
-4.915638e+00 1.393071e+00 -1.965770e+00 -5.654364e+00 1.708300e+00 -2.729594e+00 -7.926089e+00 -1.826196e+00 -3.738105e+00 3.918744e+00 7.192234e-01 2.336816e+00
-3.264282e+00 2.023886e+00 -1.758786e+00 -7.235247e+00 2.261445e+00 7.094112e-01 -3.464974e+00 1.715770e+00 -2.926156e+00 7.398987e+00 7.275340e-01 4.056686e-01
-3.622341e+00 1.661696e+00 -1.785857e+00 -6.869071e+00 -2.040674e+00 -4.451738e+00 -1.699220e+00 1.122139e+00 -1.889968e+00 7.053220e+00 -8.489332e-01 -1.158116e+00
-5.039205e+00 1.411229e+00 -1.809806e+00 -5.892438e+00 7.920697e-01 -3.226677e-01 -5.936093e-01 2.832756e+00 -6.035071e-01 9.167900e+00 1.865588e+00 1.848138e+00
-5.064585e+00 1.141019e+00 -5.005726e-01 -6.817081e+00 -1.888573e+00 -1.525035e+00 -2.655049e+00 1.158338e-01 -5.255338e+00 5.258511e+00 2.670913e+00 3.305667e+00
-6.423117e+00 9.995270e-02 -7.370892e-01 -4.200313e+00 1.492966e+00 -1.139700e+00 -3.767240e+00 3.762642e+00 1.653927e+00 5.781020e+00 -1.685050e+00 -2.711537e+00
-6.338775e+00 1.026306e-01 -2.530113e+00 -3.409688e+00 4.825616e+00 3.918129e+00 1.064196e+00 3.607742e+00 1.697849e+00 5.299102e+00 1.091440e+00 4.055050e+00
-5.799535e+00 9.001102e-01 -3.902675e+00 -4.284022e+00 -7.096462e-01 7.410473e-01 1.632509e+00 4.690518e+00 6.347526e-01 9.178820e+00 -1.079005e+00 5.831143e-01
-4.725610e+00 2.771309e+00 1.317237e+00 -1.297951e+00 4.276052e+00 1.574961e+00 8.484015e-01 6.759144e+00 9.798777e-01 1.168049e+01 2.925900e+00 8.871171e-01
-7.765487e+00 -1.391899e+00 5.640912e-02 -6.041482e+00 3.906822e-01 -7.028729e-02 -4.587226e+00 3.433697e+00 1.680813e-01 4.744685e+00 5.746454e+00 5.578574e-01
-6.244643e+00 -8.052011e-01 -1.450128e+00 -2.731490e+00 1.222729e+00 -2.941187e+00 7.671835e-01 3.758641e+00 3.052021e+00 8.780479e+00 1.295251e+00 2.700317e+00
-6.469703e+00 -2.455893e+00 -5.604190e+00 -4.177155e+00 -2.054958e+00 -2.885788e+00 -2.310239e+00 9.144709e-01 4.728485e+00 1.006827e+01 3.176274e+00 5.423760e+00
-6.495571e+00 -1.910061e+00 -2.623286e+00 -5.550296e+00 2.463259e+00 2.264227e+00 -2.303226e+00 3.984108e+00 3.278300e+00 8.705660e+00 3.335050e+00 6.258575e+00
-6.079749e+00 1.988304e-01 -1.123565e+00 -2.497065e+00 5.357656e-01 -5.239769e-01 -1.837224e+00 5.942966e+00 3.835942e+00 8.024162e+00 4.553180e+00 5.870732e+00
1.918115e+00 5.184505e-01 -3.077620e-01 -1.622443e+00 -2.180355e-01 3.459440e+00 7.831903e+00 4.795614e+00 -8.596549e+00 2.698048e+00 1.581299e+00 -3.670821e+00
7.468948e-01 5.874084e+00 2.230381e+00 7.003231e-01 8.231645e+00 1.393141e+00 2.669940e-01 2.126429e+00 -3.878235e+00 2.037741e+00 -1.196289e+00 -1.968006e+00
1.631366e+00 6.346753e+00 -1.042434e-01 -4.966994e+00 2.888999e+00 4.666184e+00 2.713642e+00 2.364630e+00 -5.462420e+00 2.799921e+00 -6.883198e-01 -4.496439e-01
1.405988e+00 6.973433e+00 3.549017e+00 -4.217122e+00 1.302308e+00 3.931426e-01 -1.522414e+00 4.467492e-01 1.398685e+00 8.393687e+00 -3.768793e+00 -1.031528e+00
