4.094782e-01 -5.417414e+00 1.576562e+01 7.281071e+00 -1.671748e+01 -7.381322e+00 -1.111818e+00 -1.046609e+01 -8.561079e+00 -8.728157e+00 6.119306e+00 7.812917e-01
-1.958206e+00 -3.246240e+00 1.500781e+01 8.102936e+00 -1.660652e+01 -6.603816e+00 -2.673035e-01 -9.602139e+00 -9.193877e+00 -7.017382e+00 7.144567e+00 -2.054309e+00
2.388071e+00 -5.852449e+00 1.197731e+01 8.890034e+00 -1.884983e+01 -6.688336e+00 -1.129718e-01 -9.394503e+00 -5.688642e+00 -9.030197e+00 5.157134e+00 3.322079e+00
3.215814e+00 -7.258309e+00 1.010510e+01 7.079170e+00 -1.743345e+01 -8.223155e+00 5.026278e-01 -8.078164e+00 -1.225905e+00 -8.590424e+00 5.283285e+00 6.625497e+00
2.788743e+00 -6.084811e+00 1.044168e+01 8.791584e+00 -1.910169e+01 -7.343056e+00 -4.084983e-01 -7.953499e+00 -1.789189e+00 -1.053741e+01 6.224483e+00 3.614403e+00
5.538019e+00 -8.156117e+00 8.177977e+00 5.465932e+00 -1.965319e+01 -7.330983e+00 -2.844953e+00 -4.803360e+00 1.092182e+00 -8.250660e+00 6.428998e+00 7.567887e+00
5.041426e+00 -8.049546e+00 9.248137e+00 5.279799e+00 -1.749824e+01 -7.320160e+00 -1.849596e+00 -5.653474e+00 -4.227262e-01 -8.196253e+00 6.612298e+00 6.745375e+00
6.155398e+00 -8.695369e+00 7.942101e+00 4.136278e+00 -1.848001e+01 -9.781859e+00 -5.050554e-01 -7.259140e+00 3.174853e+00 -8.106266e+00 6.162348e+00 7.830700e+00
-1.532682e+00 -2.226445e+00 1.511737e+01 7.743045e+00 -1.657936e+01 -6.731380e+00 2.721590e+00 -8.575804e+00 -1.018897e+01 -6.838255e+00 3.797414e+00 -3.499074e+00
6.766010e+00 -9.043987e+00 6.704885e+00 4.668937e+00 -1.908624e+01 -8.236666e+00 -1.820098e+00 -5.994140e+00 5.929957e+00 -8.598866e+00 7.556239e+00 4.712865e+00
5.936672e+00 -8.555364e+00 5.494155e+00 1.860730e+00 -1.767119e+01 -1.015669e+01 -2.564972e+00 -1.906973e+00 6.715935e+00 -7.783001e+00 6.688835e+00 3.324287e+00
6.066733e+00 -9.398065e+00 5.299522e+00 9.710608e-01 -1.712416e+01 -9.444159e+00 -4.005192e+00 -8.695161e-01 7.551264e+00 -5.238951e+00 6.014157e+00 2.892886e+00
2.357712e-01 -2.192393e+00 1.615710e+01 7.043026e+00 -1.550861e+01 -7.019814e+00 4.802042e+00 -9.165246e+00 -1.189684e+01 -7.111731e+00 3.862441e-01 -4.127197e+00
5.948601e+00 -8.627550e+00 1.947548e+00 9.585671e-01 -1.698198e+01 -6.724874e+00 -5.681578e+00 1.251099e+00 6.920020e+00 -3.632160e+00 5.084962e+00 2.268897e+00
5.032182e+00 -8.628357e+00 8.409746e-01 1.753934e+00 -1.765438e+01 -5.582836e+00 -3.468006e+00 -1.851639e-01 8.174769e+00 -1.749545e+00 2.947130e+00 5.022277e-01
3.392120e+00 -1.740709e+00 1.634025e+01 9.350775e+00 -1.450777e+01 -7.629122e+00 6.881402e+00 -1.215228e+01 -1.461167e+01 -7.403717e+00 -4.353893e-01 -3.685432e+00
-1.040297e+01 2.533873e+00 2.263465e-01 -7.837179e+00 -2.172653e+00 -1.002863e+01 -1.221652e+01 2.792837e+00 -1.535589e+00 4.872440e+00 3.107656e+00 2.586791e+00
-7.697885e+00 -7.267740e+00 -6.656136e+00 -6.719954e+00 -2.062616e-01 -1.591306e-01 -5.660357e+00 9.016175e-01 -6.185986e+00 7.319665e-01 2.546589e+00 6.068774e+00
-9.490359e+00 -2.731939e+00 1.214281e+00 -1.584637e+00 -6.597600e-01 -6.246121e+00 -1.356232e+00 6.664916e+00 -1.602387e+00 4.965946e+00 -1.629783e+00 3.046748e+00
-8.635915e+00 -6.452996e+00 -7.169697e-01 -4.980668e+00 -3.646473e+00 -3.690298e+00 7.349117e-01 4.344542e+00 -6.702796e+00 3.757434e-01 1.393605e+00 -1.359732e+00
-6.520688e+00 -6.307261e+00 3.553040e+00 2.075186e-01 8.022516e-01 -2.440049e+00 7.406857e+00 8.944948e+00 -5.780270e+00 9.507232e-01 -3.749616e+00 -8.281225e+00
6.747625e+00 -4.785607e+00 -6.530863e+00 7.211852e+00 -1.742682e+01 -4.430366e+00 -7.022572e-02 7.601122e-01 8.929788e+00 4.697647e-01 -2.681470e+00 4.203227e+00
6.030062e+00 -3.208200e-01 1.823725e+01 9.872118e+00 -1.397828e+01 -5.730954e+00 1.198416e+00 -7.245650e+00 -2.278151e+01 -2.617807e-01 -6.834874e+00 5.418558e+00
-5.488401e+00 -5.399167e+00 1.421356e-01 -3.303853e+00 7.803068e-01 -7.708647e+00 3.459977e+00 1.160949e+01 7.525699e-01 1.297846e+00 4.266819e+00 -5.496167e-01
-5.477865e+00 -1.398432e+01 -4.677935e+00 -7.538788e+00 -4.092564e+00 3.901975e+00 -6.352125e+00 -7.040696e-01 -1.608919e+00 1.612621e+00 5.400065e+00 2.976425e+00
-2.552639e+00 -7.885350e+00 2.523515e+00 1.889994e+00 2.180454e+00 -9.748708e+00 -1.063852e+00 8.146946e+00 -3.391057e+00 -1.968436e+00 -4.782072e+00 -1.510594e+00
4.606061e+00 -1.648429e+01 -6.340644e-01 -4.925952e+00 5.527003e+00 1.028265e+01 -1.272852e+01 -2.800607e+00 7.077765e+00 -1.691396e-01 6.036665e-01 -2.844521e+00
-2.996340e-01 -5.377110e+00 7.360307e+00 4.070907e+00 4.029290e+00 -3.314385e+00 2.840251e+00 1.272505e+01 8.180883e-01 -1.351455e+00 3.696957e-01 1.901278e+00
-7.866017e+00 -1.889994e+01 8.344019e+00 -6.668317e+00 -8.277925e+00 1.411621e+01 -4.797381e+00 4.829508e-01 1.687025e+01 -1.278356e+00 1.395375e+00 -9.411740e-01
5.218924e+00 -4.996769e+00 4.213257e+00 3.660192e+00 5.312348e+00 -3.839585e+00 -2.972398e-01 1.099416e+01 3.311561e+00 7.277203e-02 -8.082621e-01 -3.979183e+00
3.782684e+00 -1.464768e+01 -5.952630e-01 -9.121656e-02 7.892456e+00 1.042055e+01 -1.426933e+01 4.308558e-02 9.977687e+00 6.941583e-01 -5.050783e-01 1.544392e+00
4.526117e+00 -8.261381e+00 7.762797e-01 -1.415493e+00 3.033031e+00 1.893205e+00 2.479116e+00 1.649788e+01 3.893104e+00 -4.591656e+00 -5.416708e+00 -5.824205e+00
7.584352e+00 6.825136e+00 1.186537e+01 5.701903e+00 1.902110e+00 2.837893e+00 -1.190815e-01 3.318682e+00 -6.378146e+00 -3.127536e+00 -1.101819e-01 9.815623e-01
5.693120e+00 -6.283468e+00 1.919890e+00 4.462646e+00 1.020185e+00 -1.032902e+00 -1.483641e-01 6.560925e+00 -7.794869e-02 -7.116717e+00 -2.685318e+00 -4.436388e+00
1.317290e+00 3.188180e+00 -4.011158e+00 6.907372e-01 -7.619004e+00 7.513634e-01 3.639765e+00 5.028047e+00 6.920023e+00 8.715155e+00 -3.499913e+00 -1.574305e+00
6.208620e-01 -9.622779e+00 -5.019204e+00 -3.326821e+00 4.691445e+00 7.375580e+00 -8.467288e+00 -5.130770e+00 4.197627e+00 7.636235e-01 -1.581666e+00 -2.993429e+00
4.942133e+00 1.622828e+01 1.173473e+01 1.022912e+01 5.506240e+00 -1.915592e+00 -4.775591e+00 -7.557377e+00 -5.902729e+00 -1.941336e+00 -2.621267e+00 -2.419287e+00
5.048635e+00 -5.662722e+00 -1.963478e+00 5.026904e+00 5.752982e+00 7.773881e-01 -1.268435e+00 1.003389e+01 9.070683e+00 -1.892035e+00 1.419437e-01 -4.650014e-01
4.577821e+00 -4.833585e+00 3.029015e-01 2.525595e+00 7.105085e+00 2.230724e+00 -2.005214e+00 3.283837e+00 2.368964e+00 2.776353e+00 6.085701e+00 2.388015e+00
6.495614e+00 -1.303341e+00 -2.366241e+00 6.643375e+00 7.382271e+00 1.545026e-01 -2.486760e+00 9.017535e+00 6.243918e+00 -4.845206e+00 -5.213161e+00 -2.831057e+00
5.063716e+00 -1.967285e+00 -3.817108e+00 7.967884e+00 4.847421e+00 -2.988654e+00 9.472215e-01 7.209922e+00 7.310080e+00 -2.020675e+00 -4.493959e+00 1.432692e+00
-8.517879e+00 -8.513268e+00 3.424659e+00 -1.628393e+00 -6.679270e+00 6.032332e+00 -6.739697e-01 2.026178e+00 1.213887e+01 4.899458e+00 8.211458e-02 8.118589e+00
-4.711256e+00 -2.777081e+00 1.154615e+01 1.217703e+00 9.249632e-01 1.510406e+01 -3.765249e-02 -3.566263e+00 8.912169e+00 1.328828e+00 -5.290502e+00 1.937618e+00
-4.376527e+00 -5.898486e+00 -5.493072e+00 -1.530954e+01 3.103267e+00 8.089593e+00 -4.882588e+00 7.739292e+00 1.159350e+01 -4.511405e+00 -1.007849e+01 -3.067531e+00
5.888364e+00 -2.083502e-01 -3.489972e+00 8.161201e+00 1.127837e+01 3.399390e+00 2.658204e+00 1.179328e+01 1.044386e+01 1.279786e+00 -7.169912e-01 -1.604155e+00
-4.373585e+00 -8.626343e+00 -6.402891e+00 -1.327572e+01 -5.548048e-01 1.917021e+00 -4.466737e+00 1.088275e+01 1.051020e+01 -5.422925e+00 -6.941188e+00 -2.975402e+00
-1.595622e+00 -6.623939e+00 -6.527347e+00 2.590151e+00 7.993220e+00 2.044345e+00 -1.202230e+01 -5.036293e+00 4.495976e+00 -4.903417e-01 -1.242610e+00 5.243288e+00
-5.046781e+00 -2.062172e+00 -4.002695e+00 -7.839195e+00 3.364962e+00 2.998106e-01 -4.039531e+00 -5.325931e+00 -1.543931e+00 4.416956e+00 2.559823e+00 -3.162850e+00
-1.434534e+00 -6.272908e+00 -8.271538e+00 -1.941875e+00 7.163281e+00 4.399670e+00 -4.935699e+00 8.191049e-01 4.745538e+00 -4.095875e+00 -7.328245e+00 5.909017e-01
-3.101682e+00 3.421633e+00 -5.045741e+00 -6.843553e+00 1.046332e+00 3.448406e+00 -4.157125e+00 -4.018748e+00 -8.389358e+00 4.752375e+00 9.204791e-01 4.055759e-01
-3.335192e+00 3.796949e+00 -3.279962e+00 -2.565694e+00 1.912030e+00 -2.874930e+00 -3.765486e+00 -8.194227e+00 -5.663522e+00 -9.174452e-01 -4.337385e+00 -3.482858e+00
-3.500702e+00 4.250247e+00 -4.503726e+00 -3.923508e+00 -6.792884e-01 -8.436643e+00 -6.788927e+00 -8.700991e+00 -4.538867e+00 3.213347e+00 -2.207091e+00 -5.251392e-01
-4.332697e+00 2.574349e+00 -4.523404e+00 -6.742967e+00 7.761211e-01 -4.272182e+00 -2.914218e+00 -6.822603e+00 -7.669432e+00 6.211277e+00 5.856126e+00 4.341665e+00
-3.581538e+00 2.742818e+00 -5.722518e+00 -5.016544e+00 2.984259e+00 1.112158e+00 5.051237e+00 -1.792792e+00 -1.015709e+01 -6.900053e-01 -2.999747e-01 2.000392e+00
-2.849811e+00 4.323004e+00 -3.764804e+00 -6.621689e+00 2.311502e-01 1.483582e+00 2.767175e+00 -1.089485e-01 -6.188738e+00 1.903686e+00 6.080000e-01 5.238351e-01
-2.146871e+00 5.801118e+00 -5.889903e+00 -3.258542e+00 4.359765e-01 -1.794331e+00 1.555767e-01 2.027186e-01 -5.303157e+00 -1.577179e+00 -1.816857e+00 -2.411410e+00
-4.063928e+00 2.857199e+00 -7.885859e+00 -3.658616e+00 6.304645e+00 3.159668e+00 7.483206e+00 -2.424846e-01 -4.048810e+00 -4.045248e-01 -4.461584e+00 -1.364425e+00
-4.291900e+00 3.693866e+00 -6.297157e+00 -6.580211e+00 2.177787e-01 -1.261322e+00 3.048474e+00 -7.358688e-01 -6.855089e+00 -3.740488e+00 -1.477772e+00 -8.260382e-01
-2.044117e+00 3.232717e+00 -4.639774e+00 -6.025411e+00 1.105936e+00 -1.517417e+00 8.721595e-01 -8.794575e+00 -1.023211e+01 -7.951374e-01 -1.462725e+00 9.668084e-01
-3.051146e+00 1.578990e+00 -7.649534e+00 -9.511009e+00 -7.384300e-03 -3.828694e+00 6.849875e-01 -3.737962e+00 -7.822410e+00 2.063405e+00 2.084429e-01 4.229040e-01
-4.655227e+00 9.331789e-01 -8.334378e+00 -9.962220e+00 -8.751712e-01 1.113007e+00 3.915375e+00 4.351227e+00 3.167991e+00 4.700318e+00 1.369343e+00 5.192968e-02
-5.083501e+00 -1.336606e-01 -4.839411e+00 -7.694729e+00 1.426776e+00 -1.243947e-01 1.541999e+00 -7.364359e-01 -4.401825e+00 8.208011e+00 2.235945e+00 1.220448e+00
-4.591947e+00 -1.843705e-01 -6.556108e+00 -7.872211e+00 1.929955e+00 -1.771773e+00 5.402055e-01 3.193985e-01 1.345405e+00 5.881321e+00 -1.705360e+00 -4.317688e+00
-2.751614e+00 8.976700e-01 -6.214057e+00 -5.428148e+00 3.363956e+00 -5.335122e+00 -1.860492e+00 -4.509318e+00 -2.339760e+00 2.659096e+00 5.475216e-01 2.170520e+00
-3.730824e+00 4.634356e-02 -1.258056e+00 -1.132407e+01 1.057822e+00 2.374137e+00 -7.634985e+00 -3.902646e-01 2.078279e+00 -3.730511e+00 5.774845e+00 6.241574e+00
-2.218201e+00 3.775373e+00 -6.357780e+00 -6.505599e+00 1.096572e+00 -1.275812e+00 -2.259440e+00 -6.365330e+00 -6.336269e+00 -1.928199e+00 -2.494503e+00 8.374666e-01
-1.617156e+00 2.123640e+00 -8.924351e+00 -8.020317e+00 -6.960216e-01 -4.091828e-01 1.357143e+00 -5.427217e+00 -3.707445e+00 1.868746e+00 -1.655779e+00 1.698949e+00
-2.333462e+00 4.758318e+00 -5.784458e+00 -4.589365e+00 4.198261e+00 -1.155821e+00 -1.197055e+00 -4.031738e+00 -1.089089e+00 5.178714e-02 -5.680407e+00 -1.322086e+00
-1.309812e+00 -3.825467e+00 -8.393793e+00 -1.825515e+00 5.679769e+00 3.013551e+00 -4.419062e+00 2.718393e-01 3.076078e+00 -4.160481e+00 -8.849051e+00 -1.802993e+00
-2.089758e-01 4.664049e-01 -9.125032e+00 -1.530569e+00 1.595423e+00 -3.579854e+00 -3.918721e+00 -6.793652e+00 -3.494466e+00 -2.273685e+00 -5.454214e+00 -3.565741e+00
-2.038853e+00 6.080047e-01 -7.806041e+00 -2.631984e-01 5.406115e+00 1.144701e+00 4.719418e+00 2.790985e+00 9.602524e-01 3.637964e+00 -6.839252e+00 -1.579503e+00
-2.261590e+00 6.269387e+00 -2.477739e+00 -5.971208e-01 3.829697e+00 3.974404e+00 5.683121e+00 3.340697e+00 7.560278e-01 1.004066e+00 -5.399533e+00 6.543963e-01
-8.620405e-01 8.538939e+00 1.038332e+00 -6.150131e-01 8.740296e+00 7.029122e+00 1.117335e+01 2.732038e+00 -4.723155e-01 1.082600e+00 -2.687603e+00 1.619537e+00
-7.385545e+00 2.006682e+00 -4.653183e+00 7.158184e-02 1.035231e+00 1.693654e+00 2.433233e+00 5.787329e+00 6.811455e+00 6.862110e+00 1.728301e+00 5.888498e+00
-7.873277e+00 3.920267e+00 -4.062864e+00 -7.949219e-01 7.908344e-03 -2.867990e-01 8.039541e-01 3.439704e+00 1.129250e+00 4.308875e+00 6.847477e+00 9.176883e+00
1.252159e+00 1.277611e+01 9.596231e+00 4.845701e+00 3.154436e+00 2.825776e+00 2.219203e+00 -3.791771e+00 -7.148263e+00 -1.111751e-01 1.085437e+00 -5.876859e+00
-2.387628e+00 6.248212e+00 2.315272e+00 2.215232e+00 -1.184759e-01 -3.696656e-01 1.730809e+00 -7.883023e-01 -1.058895e+01 -2.069666e-01 7.458621e+00 -2.144953e+00
-3.729965e+00 5.980742e+00 1.521839e+00 4.180471e+00 7.982270e+00 3.232444e+00 9.600155e-01 -1.476455e-01 -7.860038e+00 -2.441416e+00 4.448802e+00 3.177771e+00
-4.354971e+00 4.469197e+00 -1.494859e+00 -1.197396e+00 3.058277e+00 1.891124e-01 2.283680e+00 -3.594850e+00 -3.780608e+00 1.716031e+00 -3.314838e-01 -1.085672e+00
-2.843300e+00 6.309518e+00 -2.253465e+00 1.060526e+00 2.376714e+00 7.776957e-01 3.152094e+00 -5.145881e+00 -1.248480e+01 -1.019695e+00 -5.822568e+00 -3.672559e+00
4.946598e+00 6.773971e-01 -4.958992e+00 2.144496e+00 6.860591e+00 1.140556e+00 3.175757e+00 9.886441e+00 9.089899e+00 4.359101e+00 -2.435593e+00 -2.077369e+00
5.167244e+00 5.297834e+00 -3.068751e+00 2.114505e+00 1.021545e+01 3.979855e-01 -1.393977e+00 6.123679e+00 7.889780e+00 8.623106e-01 -5.239398e+00 -2.966979e+00
4.035123e+00 3.125339e+00 -6.542660e+00 4.489446e-01 7.339735e+00 -4.002810e-01 1.626411e+00 5.817238e+00 7.728340e+00 1.878715e+00 -1.292369e+00 -2.034006e+00
4.096274e+00 6.167553e+00 -2.301498e+00 2.481977e+00 1.158162e+01 -1.414558e+00 -2.197801e+00 4.823645e+00 6.883379e+00 2.100016e+00 -5.741185e+00 -5.342422e+00
4.575065e+00 6.871590e+00 -7.833836e-01 6.609660e+00 1.114578e+01 1.902052e+00 3.885298e-01 1.145491e+00 4.366822e+00 2.276346e+00 -4.235768e+00 -4.706508e+00
5.781345e+00 1.034759e+01 -2.314323e+00 5.880437e+00 1.211551e+01 4.514053e+00 5.396038e+00 3.698468e+00 5.223591e+00 2.619972e+00 -4.426822e+00 -6.939347e+00
3.898400e+00 8.546346e+00 -2.253438e+00 7.492607e+00 1.282165e+01 4.668941e+00 1.813450e+00 2.223259e+00 7.038138e+00 6.850726e+00 -1.506953e+00 -5.778102e+00
3.403531e+00 8.071775e+00 -2.716228e+00 1.933700e+00 1.391603e+01 7.190451e+00 3.232624e+00 5.801054e+00 9.451612e+00 4.892500e+00 3.672244e+00 3.755574e-01
3.094183e+00 9.377995e+00 -3.261470e+00 1.157300e+00 7.251121e+00 4.437737e+00 -2.767324e-01 5.225599e-02 3.832797e+00 -1.666999e-01 8.907523e-01 5.354803e-01
3.862930e+00 8.636516e+00 -1.235580e+00 1.996517e+00 9.396650e+00 -9.542370e-01 -6.957360e+00 -6.936872e+00 1.536298e+00 3.409024e+00 -2.163966e+00 -4.768956e+00
2.959607e+00 7.237287e+00 -4.102900e+00 -7.990191e-01 4.743148e+00 9.699371e-01 -3.032155e+00 -3.015205e+00 4.991500e+00 9.278279e+00 7.926602e-01 -2.875926e+00
2.664052e+00 1.006763e+01 -2.783066e+00 -1.251521e-01 1.148128e+01 8.801436e+00 5.729626e+00 1.217727e+00 4.460039e+00 1.467187e+01 7.150453e+00 -2.729033e+00
1.716345e+00 7.325448e+00 -5.357596e+00 -4.295228e+00 6.425911e+00 1.149198e+01 7.246108e+00 6.055102e-01 5.980238e-01 8.376328e+00 5.415030e+00 -7.776628e-01
2.324000e+00 1.089618e+01 -1.352124e+00 -5.159922e-01 6.952924e+00 7.634646e+00 6.019502e+00 -1.377251e+00 -1.747247e+00 2.503916e+00 -6.002121e-01 1.030345e-01
2.193318e+00 1.260388e+01 2.690244e+00 2.552192e+00 1.047988e+01 9.116880e+00 6.752490e+00 -7.596993e-01 1.372529e+00 4.000890e+00 -3.386905e+00 -4.534753e+00
2.068600e+00 1.175423e+01 1.967111e+00 2.362310e+00 5.291512e+00 7.043822e+00 8.787464e+00 5.656862e-02 -3.988132e+00 3.601902e+00 2.339669e+00 1.438042e+00
1.102912e+00 1.096527e+01 1.314308e+00 3.373222e-01 6.121438e+00 6.267975e+00 6.462782e+00 -1.590259e+00 -3.926096e+00 3.458984e+00 -4.613099e-01 -2.273248e+00
1.012660e+00 9.265196e+00 -9.805245e-01 2.421466e+00 8.744738e+00 8.585670e+00 1.058275e+01 3.900357e+00 -2.449328e+00 -8.255172e-02 -7.696340e-01 -3.309429e+00
-4.740496e-01 1.001169e+01 -8.373275e-01 5.876446e-02 4.841713e+00 5.685170e+00 9.637808e+00 3.794815e+00 -2.327414e+00 6.155146e+00 4.666677e+00 5.235578e-01
-2.218285e-01 7.351616e+00 -6.312423e-01 -7.812748e-01 6.870886e+00 4.086289e+00 6.854447e+00 1.721818e+00 -1.847892e+00 4.498837e+00 3.127266e-01 6.275253e+00
