4.422377e+00 -1.234129e+01 -7.284955e+00 -1.034629e+01 1.096008e-01 1.338722e+01 -5.466354e-01 -3.345313e+00 2.485282e+00 -2.566007e+00 2.500300e+00 4.291367e+00
4.585711e+00 -1.248708e+01 -6.999154e+00 -1.075513e+01 -9.665368e-01 1.372161e+01 -1.277564e+00 -3.049124e+00 2.269497e+00 -2.476429e+00 2.385453e+00 4.666160e+00
5.620373e+00 -1.606415e+01 -2.423638e+00 -2.896903e+00 1.144064e+00 2.814965e+00 -5.253484e+00 -3.466276e+00 1.099961e+01 -6.226830e-01 -3.848762e+00 4.642112e+00
5.232750e+00 -1.290785e+01 -5.807853e+00 -1.161921e+01 -7.101743e-01 1.338458e+01 -9.821343e-01 -4.143073e+00 4.525178e+00 -4.389343e+00 2.928398e+00 3.311457e+00
7.093570e+00 -1.678187e+01 -2.611159e+00 -5.875975e+00 2.965437e+00 3.035704e+00 -3.639919e+00 -5.987854e+00 1.223984e+01 -3.537312e+00 -1.625515e+00 5.746954e+00
7.140401e+00 -1.611328e+01 -3.322082e+00 -7.151320e+00 2.306278e+00 5.699137e+00 -4.130353e+00 -6.651416e+00 1.206375e+01 -4.271728e+00 -9.945779e-01 7.412843e+00
4.666998e+00 -1.265446e+01 -5.773092e+00 -1.135695e+01 -8.240311e-01 1.320986e+01 -2.385172e+00 -3.878967e+00 5.355663e+00 -4.827004e+00 1.750525e+00 4.392406e+00
4.558588e+00 -1.536596e+01 -1.321968e+00 -8.302047e-01 9.171195e-01 -1.729720e+00 -4.292792e+00 -1.570707e+00 1.060822e+01 -1.951661e+00 -3.613879e+00 1.963910e+00
3.967899e+00 -1.125588e+01 -8.231551e+00 -8.551756e+00 6.676183e-01 1.088008e+01 6.580529e-02 -2.738697e+00 2.931760e+00 -2.300757e+00 2.539028e+00 2.989313e+00
4.306628e+00 -1.202649e+01 -6.335550e+00 -1.140276e+01 -5.521071e-01 1.255437e+01 -1.251805e+00 -3.331918e+00 4.255032e+00 -3.961066e+00 1.566359e+00 4.825805e+00
5.171418e+00 -1.253740e+01 -5.270748e+00 -1.129701e+01 -9.158604e-01 1.325188e+01 -1.724004e+00 -4.141432e+00 5.263883e+00 -4.752928e+00 8.587807e-01 5.959966e+00
7.127758e+00 -1.508900e+01 -4.387620e+00 -7.672965e+00 1.469543e+00 7.667472e+00 -3.992299e+00 -7.117271e+00 1.087296e+01 -5.121144e+00 9.348537e-02 7.887189e+00
5.625678e+00 -1.313930e+01 -4.892135e+00 -1.114256e+01 -6.444552e-01 1.274874e+01 -2.165740e+00 -3.824936e+00 5.216878e+00 -4.461236e+00 4.988711e-01 5.532102e+00
6.732993e+00 -1.436680e+01 -4.716819e+00 -8.043861e+00 1.261487e+00 8.303545e+00 -3.912125e+00 -6.138639e+00 9.350674e+00 -3.451446e+00 -4.100246e-01 7.270348e+00
2.482762e+00 -1.254923e+01 -1.840138e+00 4.079813e+00 -4.153256e+00 -1.556498e+00 -6.398483e+00 3.665346e+00 7.483668e+00 -1.803278e+00 -6.330740e+00 4.261371e+00
5.711582e+00 -1.276994e+01 -5.205501e+00 -9.659219e+00 -1.140682e+00 1.297733e+01 -4.543318e+00 -3.045074e+00 4.778839e+00 -2.930781e+00 -2.987746e-01 6.420686e+00
4.315205e+00 -1.164292e+01 -8.123604e+00 -3.138280e+00 -1.279023e+00 7.254435e+00 4.981320e-01 -1.777209e+00 4.725246e+00 -2.910031e+00 2.584152e+00 -4.960914e-01
6.231716e+00 -1.354109e+01 -3.983163e+00 -1.013084e+01 -5.980132e-01 1.098398e+01 -3.176254e+00 -4.802246e+00 6.605924e+00 -4.698329e+00 3.358437e-02 6.836870e+00
6.454700e+00 -1.395758e+01 -3.577263e+00 -1.051992e+01 2.771356e-01 1.021708e+01 -3.110225e+00 -4.566615e+00 6.891691e+00 -3.960460e+00 -4.040735e-01 7.153283e+00
6.770374e+00 -1.414113e+01 -4.206015e+00 -9.493087e+00 1.080455e+00 9.120636e+00 -3.953224e+00 -5.769834e+00 9.540808e+00 -4.426658e+00 -6.464702e-02 7.404297e+00
6.783308e+00 -1.431908e+01 -3.458344e+00 -1.058763e+01 8.700361e-01 9.649994e+00 -3.360685e+00 -5.095929e+00 7.719115e+00 -3.858359e+00 -7.016212e-02 7.344619e+00
1.783675e+00 -1.139219e+01 -2.577462e-01 6.802345e+00 -9.144698e+00 9.178793e-02 -7.994445e+00 5.607278e+00 7.031498e+00 -3.984980e+00 -6.627262e+00 6.564887e+00
4.359284e+00 -1.027036e+01 -7.745993e+00 5.636215e-02 -4.746449e+00 6.705195e+00 -2.077750e+00 -1.390892e+00 8.794811e+00 -1.648410e+00 -6.722903e-02 -1.753072e+00
1.623981e+00 -1.137189e+01 3.402324e+00 7.695912e+00 -1.329110e+01 1.228876e+00 -7.860796e+00 6.603348e+00 6.108842e+00 -5.705685e+00 -5.908134e+00 8.126159e+00
1.106572e+00 -9.974659e+00 7.488097e+00 6.810806e+00 -1.584816e+01 3.777509e+00 -9.010057e+00 7.518993e+00 4.772652e+00 -7.862011e+00 -3.951791e+00 7.574873e+00
5.049923e+00 -9.380646e+00 -5.397437e+00 5.139527e+00 -1.174100e+01 6.716126e+00 -4.169675e+00 -5.874722e+00 1.495658e+01 -4.628996e+00 1.183713e+00 -1.676095e+00
1.777763e+00 -9.373323e+00 1.082908e+01 5.397907e+00 -1.531068e+01 3.725724e+00 -8.625142e+00 5.997948e+00 6.190661e+00 -1.023476e+01 -5.310184e+00 9.680681e+00
5.182981e+00 -6.538292e+00 8.244928e-01 5.649779e+00 -9.149849e+00 3.543834e+00 -6.690741e+00 -7.238644e+00 8.475206e+00 1.100992e+00 2.635638e+00 -6.951921e+00
5.192589e+00 -4.899278e+00 9.739676e+00 4.759696e+00 -6.650676e+00 -4.909697e+00 1.907413e-01 2.750409e+00 -2.829675e-01 -9.290548e+00 1.940722e+00 -2.331161e-01
6.656504e+00 -3.863795e+00 8.041962e+00 3.770756e+00 -1.403877e+00 -1.225832e+01 7.395508e+00 9.232545e-01 -4.134766e+00 -8.111925e+00 6.868782e+00 -6.408742e+00
7.509975e+00 2.745907e+00 6.755342e+00 8.003836e+00 -4.728048e+00 -1.553021e+01 6.423448e+00 -5.193643e+00 -1.696833e+00 -6.886182e-01 5.358113e+00 -5.533679e+00
6.904297e+00 4.943714e+00 5.931604e+00 6.604877e+00 -4.664749e+00 -1.598079e+01 1.027549e+01 -5.814376e+00 -3.622960e+00 -2.438875e+00 5.847555e+00 -6.079597e+00
6.505566e+00 4.456145e+00 6.651208e+00 6.630095e+00 -3.912067e+00 -1.601029e+01 9.359167e+00 -4.478655e+00 -3.593787e+00 -5.660064e+00 5.434353e+00 -5.917666e+00
7.189482e+00 -2.546616e+00 6.964211e+00 4.548987e+00 -2.592521e+00 -1.073161e+01 5.532860e+00 1.725460e+00 -3.997814e+00 -5.185646e+00 1.102057e+00 -1.647552e+00
7.320214e+00 3.150240e+00 7.848104e+00 7.003466e+00 -1.165845e+00 -1.760799e+01 9.605707e+00 -3.578101e+00 -7.352621e+00 -2.426311e+00 5.165256e+00 -5.914917e+00
5.709660e+00 -2.146174e-01 6.292160e+00 3.333728e+00 -5.371597e-01 -8.103870e+00 6.808816e-01 4.779667e+00 -5.317677e+00 -2.731142e+00 -2.860002e+00 6.798580e-01
9.290671e+00 2.349992e+00 7.919459e+00 8.554333e+00 -4.125818e+00 -1.569185e+01 7.508324e+00 5.867391e-01 -8.899897e+00 -2.327371e+00 5.757407e+00 -6.711167e+00
8.737378e+00 1.563732e+00 3.434950e+00 6.129421e+00 -5.672138e-01 -8.847951e+00 1.107614e+00 5.265005e+00 -4.416807e+00 -2.497773e+00 -1.954899e+00 -1.615911e+00
1.068799e+01 2.833913e+00 5.358328e+00 1.001785e+01 -6.053382e+00 -1.302945e+01 9.234929e+00 2.754159e+00 -1.037503e+01 -4.773998e-01 1.891216e+00 -4.159707e+00
1.073390e+01 5.103114e+00 3.134099e+00 4.943576e+00 2.138983e+00 -1.041686e+01 5.275965e+00 3.883439e+00 -7.762124e+00 1.171637e-02 3.156205e+00 -8.783616e+00
9.532718e+00 5.617280e+00 6.464268e+00 7.679312e+00 8.821621e-01 -8.875718e+00 2.837786e+00 6.637564e+00 -7.989050e+00 8.783703e-01 4.048168e+00 -8.055177e+00
7.433606e+00 6.061230e+00 5.549641e+00 1.192434e+01 2.940355e+00 -1.234671e+01 8.249900e+00 6.231644e+00 -4.820863e+00 7.191711e+00 1.520290e+00 -1.195217e+01
7.050140e+00 5.792925e+00 5.223475e+00 1.221437e+01 1.931425e+00 -4.488018e+00 1.074907e+01 6.924548e+00 -8.118755e+00 2.942018e+00 -4.038100e+00 -9.849850e+00
7.237360e+00 6.604737e+00 3.200690e+00 1.373752e+01 7.960862e+00 3.193206e-01 1.039337e+01 3.139092e+00 -8.679134e+00 -8.652349e-01 -7.723761e+00 -1.065121e+01
-1.689010e+01 1.128889e+00 1.451351e+01 4.805601e+00 -1.077118e+01 5.289992e+00 -1.014479e+00 6.431019e+00 -5.177943e+00 1.126194e-02 5.780885e-02 4.607185e+00
5.499064e+00 6.285990e+00 1.559307e+00 1.491886e+01 1.004337e+01 7.535886e-01 1.199676e+01 3.712724e+00 -7.609168e+00 -2.590959e+00 -4.392121e+00 -5.582887e+00
3.425442e+00 3.337841e+00 2.884639e+00 1.346332e+01 7.956177e+00 2.790695e+00 1.469208e+01 1.044636e+01 -5.994160e+00 4.338155e-01 -5.741973e+00 -9.957177e+00
-1.448630e+01 -2.740265e+00 4.064166e+00 7.809785e+00 -7.431338e-01 1.297960e+00 -1.066220e+01 1.227023e+01 4.561131e+00 6.216430e+00 -6.140130e+00 8.698154e+00
-1.585425e+01 -3.877445e+00 -8.148698e-01 -2.525033e+00 7.502621e+00 3.731178e+00 -7.176568e+00 5.887906e+00 2.674797e+00 1.740015e+01 -6.420579e+00 7.843208e-02
2.520619e+00 7.246094e+00 7.602685e+00 8.767834e+00 8.958669e-01 -7.771291e+00 5.271371e+00 4.419387e+00 -7.776012e+00 5.141824e+00 4.470695e+00 -2.453208e+00
1.791538e+00 1.174892e+01 3.688527e+00 6.257335e+00 5.888308e+00 1.843928e+00 2.644850e+00 7.131232e+00 -4.171496e+00 -1.082345e+00 5.640059e+00 1.357397e+00
-1.483571e+01 -2.820345e+00 9.269368e+00 -5.659456e-01 -7.738212e+00 8.770880e+00 -6.070194e+00 3.864967e+00 -9.038365e-01 8.210479e+00 -7.345555e-01 2.902370e+00
2.018720e+00 6.055517e+00 2.657717e+00 8.606569e+00 3.410249e+00 -1.920931e+00 1.104445e+01 7.079343e+00 -9.645872e+00 3.663440e+00 2.043169e+00 -3.864161e+00
5.759549e-01 9.079075e+00 2.592872e+00 5.876813e+00 6.487262e+00 2.741704e+00 1.774590e+00 1.721655e+00 -6.080036e+00 -4.783688e+00 -4.245651e-01 -1.026278e+01
2.358119e+00 -4.263890e-01 3.713391e+00 2.353020e+00 -6.277781e+00 2.377584e+00 1.262686e+00 -4.265848e+00 2.495683e+00 4.969008e+00 -1.073604e+01 -1.324870e+00
-9.386493e+00 -5.801622e+00 -5.681073e+00 -3.017188e+00 7.682745e+00 5.205764e+00 -3.144042e+00 -2.645391e+00 6.120293e-01 2.204095e+01 -7.853684e-01 -5.427123e+00
7.933154e-01 1.099669e+01 1.658026e+00 7.595294e+00 5.228098e+00 3.630906e+00 2.092512e-01 1.926962e+00 2.655109e+00 2.165411e+00 7.769386e+00 8.452570e-01
6.239073e-01 8.408404e+00 2.275065e+00 7.030269e+00 3.340836e+00 -1.714069e+00 5.428573e+00 2.585341e+00 -3.974827e+00 -1.354399e+00 2.370382e+00 -7.226592e+00
5.663259e-01 1.014772e+01 -1.531024e+00 1.225866e+00 1.124205e+00 3.924949e+00 6.362662e-01 9.406685e+00 -6.103222e+00 6.078625e-02 3.171063e+00 -6.390364e+00
-7.154891e-01 8.034275e+00 -9.086621e-01 5.212896e+00 4.221440e+00 7.616045e+00 5.539459e+00 1.019274e+01 4.757798e-01 2.781528e+00 7.510257e+00 1.801160e+00
3.120079e-01 8.846596e+00 -2.294508e+00 1.906791e+00 -1.695347e-01 2.089159e+00 -3.642395e-02 7.808969e+00 -4.541422e-01 1.431270e+00 3.233154e+00 3.588724e-02
1.015981e+00 8.214968e+00 -1.557154e+00 2.431838e+00 1.850932e+00 -7.330393e-01 3.329590e+00 2.389930e+00 2.711124e-01 -3.689970e+00 -5.702300e-01 -6.887369e+00
6.554122e-01 1.072262e+01 -3.543471e-01 2.199110e+00 7.962505e+00 1.718577e+00 3.631281e+00 1.633812e+00 -8.362652e-01 -2.906380e-01 1.298469e+00 -2.464844e+00
1.177836e+00 9.082109e+00 9.983653e-02 -7.410574e-01 -5.949399e-01 6.585234e+00 8.223978e+00 5.447171e+00 -3.283582e+00 -2.172971e+00 3.307669e+00 2.138434e+00
8.320801e-01 9.741123e+00 1.561674e+00 5.835210e+00 3.618837e+00 1.391874e-01 -1.376704e+00 4.554192e+00 -5.760024e+00 -2.124559e+00 6.486310e+00 -3.555768e+00
-3.243775e-01 8.013527e+00 4.510939e-02 3.128296e+00 2.323992e+00 -5.088169e+00 -1.949426e+00 1.245279e+00 -5.671744e+00 -4.929664e+00 6.237876e-02 -2.833141e+00
1.298873e+00 1.093581e+00 1.443857e+00 2.713797e+00 -6.721153e+00 2.594768e+00 7.829547e-02 -3.262342e+00 2.317940e+00 5.534763e+00 -8.657204e+00 1.366488e+00
-4.773290e-01 9.228889e+00 1.273143e+00 -5.493970e-01 -1.900307e+00 -2.014160e+00 -6.223444e-01 5.535066e+00 -6.913892e-01 1.691988e+00 5.393181e+00 -5.149797e+00
-5.716250e-01 9.144323e+00 3.379374e+00 3.848190e+00 1.176722e-01 1.442432e+00 2.979761e+00 1.456645e+00 3.695988e+00 4.074481e+00 3.123236e+00 -5.244534e+00
9.657073e-02 6.762568e+00 -7.585189e-01 -4.638138e-01 -4.300513e+00 -6.664361e+00 -3.218552e+00 1.070709e+00 -1.742576e+00 4.424604e+00 4.303192e+00 -5.666496e+00
6.531115e-01 1.046137e+01 7.674454e-01 4.519134e-01 1.909430e+00 1.240950e+00 -5.094271e+00 -1.062689e+00 2.696136e+00 1.020949e+00 6.960093e+00 1.483450e+00
-6.559975e-01 9.769627e+00 -4.193892e-01 3.976799e+00 4.494993e+00 -3.609704e+00 1.923760e+00 5.392757e-01 8.103018e-01 2.781741e+00 5.138934e+00 1.198048e+00
-5.112431e-01 8.501799e+00 4.534650e-01 -9.265375e-02 5.695072e+00 1.232157e+00 1.241160e+00 -1.839911e+00 -2.835803e+00 -4.773755e-01 1.522547e+00 -2.058544e+00
5.094991e-01 9.666261e+00 -7.599547e-01 -2.947426e-02 1.622349e+00 -1.538527e-01 2.296389e+00 2.249829e-01 3.612286e-01 -2.673365e+00 2.815346e+00 1.212236e+00
-6.886008e-01 7.838824e+00 1.591788e+00 1.759141e+00 3.510813e+00 -4.905542e-01 -1.523777e+00 -6.507365e+00 -5.424030e+00 -4.290673e+00 7.327112e+00 2.855502e+00
3.667848e-01 9.370534e+00 7.660486e-01 2.295390e+00 2.858466e+00 -1.477386e+00 3.614851e+00 -2.528361e+00 -2.547205e+00 4.360961e+00 2.321277e+00 -1.725636e-01
-5.083377e-01 8.871431e+00 -4.613032e-01 6.008511e-01 3.218966e+00 -2.395685e-01 1.307413e+00 2.397694e+00 5.360263e+00 -6.930757e-01 8.767216e-02 -6.214685e-01
-1.132668e+01 6.031347e+00 -4.875875e+00 -6.767368e+00 -1.941971e+00 -1.267003e+00 -3.135816e+00 -2.290145e-01 3.228759e+00 1.611797e+00 -5.707164e-01 -4.389157e-01
-3.820232e+00 3.161151e+00 4.665697e-01 2.866372e+00 -7.153909e-01 -1.009152e+01 7.397604e+00 4.645551e+00 -8.595671e+00 -1.308774e+00 -8.976265e-01 -8.033277e+00
-1.089974e+01 8.325041e+00 -8.323179e-01 -6.093889e+00 4.676730e+00 -5.584538e+00 -4.122140e+00 -1.488102e+00 -2.169451e+00 1.894394e+00 -3.390609e+00 1.408553e+00
-8.295880e+00 7.140396e+00 -7.306643e-01 -4.067705e+00 2.807290e+00 -4.868635e+00 -2.955092e+00 -6.503778e+00 -2.005207e+00 9.336155e+00 8.162712e-02 6.040036e+00
-1.023995e+01 4.432292e+00 -6.664514e+00 -8.377991e+00 1.582889e+00 -1.553331e+00 -4.910111e+00 -2.838023e+00 -1.730955e+00 3.936216e+00 -6.618277e+00 9.868132e-01
-1.268033e+01 5.357107e+00 -1.575832e+00 -5.882856e+00 3.093333e+00 -4.474773e+00 -2.953727e+00 -5.282015e+00 -3.986036e+00 3.537640e+00 4.393555e-01 6.349077e+00
-4.343264e+00 5.216950e+00 -1.683495e+00 2.553683e+00 1.915629e+00 -5.841355e+00 2.209198e+00 1.607049e-02 -5.016959e+00 -1.150472e+00 -5.293468e+00 -6.210519e+00
-9.627090e+00 3.750615e+00 6.094909e-01 -4.239738e+00 -3.122175e-01 3.850151e+00 -6.435820e+00 1.937352e+00 3.972648e+00 1.861687e+00 -1.165443e+00 3.312197e-01
-7.961119e+00 4.319560e+00 -2.922410e+00 -2.394331e+00 6.838521e+00 -4.000209e+00 -1.453447e+00 -5.054241e+00 -1.986694e+00 4.090489e+00 -3.303854e+00 1.559116e+00
-9.663694e+00 3.731287e+00 -3.665577e+00 -5.236453e+00 4.094937e+00 6.843092e-01 3.506364e+00 -3.665227e+00 -8.014288e+00 3.588403e+00 1.098757e+00 4.315791e+00
-9.835732e+00 3.537340e+00 -3.561960e+00 -5.669007e+00 -6.188276e-01 -1.451247e+00 -1.996596e-01 -6.656568e-01 1.687342e+00 -1.934255e+00 -5.358191e+00 -3.317780e+00
-9.228784e+00 5.124915e+00 -2.370308e+00 -5.141906e+00 4.550719e-02 -2.971512e+00 -2.345462e+00 -1.890915e+00 -1.683022e+00 4.011486e+00 -3.850254e+00 -1.050571e+00
-1.006688e+01 3.387691e+00 -2.670382e+00 -4.842603e+00 -3.433464e-01 -1.935356e+00 -2.858213e+00 -8.602041e+00 -4.158022e+00 -3.279825e+00 -2.904577e+00 5.690861e-01
-8.176919e+00 3.992482e+00 -2.621642e+00 -4.000248e+00 -1.875577e-01 -5.716554e+00 -5.787529e+00 -2.976861e+00 -6.911176e+00 4.399333e-01 -5.943296e+00 -1.988971e+00
-8.270000e+00 5.209374e+00 -2.741309e+00 -3.147915e+00 1.407917e+00 -3.485198e+00 -1.781215e+00 -5.553239e+00 -4.161829e+00 2.188129e+00 5.527346e-01 1.540975e+00
-9.652240e+00 2.841058e+00 -3.161604e+00 -6.850268e+00 1.231760e+00 -5.942004e+00 -1.211983e+00 -7.381933e-01 -7.442916e+00 6.310833e-01 -1.352084e+00 1.997840e+00
-9.831635e+00 3.930176e+00 -2.767923e+00 -6.596651e+00 2.274351e+00 -6.410653e+00 -3.170701e+00 -3.712612e+00 -5.858487e+00 4.654941e+00 -3.010000e+00 4.693082e+00
-9.907657e+00 3.355724e+00 -1.214847e+00 -7.309987e+00 1.299058e+00 -2.903914e+00 -5.194637e-01 -3.229203e+00 -3.636206e-01 5.821280e+00 -3.830663e+00 3.930156e+00
-8.799990e+00 4.682696e+00 -3.947495e+00 -8.862370e+00 1.756256e+00 -3.910750e+00 2.746222e+00 1.836177e+00 -1.583051e-01 3.220501e-01 -2.897355e+00 2.617718e+00
-8.507138e+00 4.381628e+00 -3.343580e+00 -5.675034e+00 1.042540e-01 -4.797318e+00 -4.164164e+00 -4.948301e+00 -1.677045e+00 4.325589e+00 -2.664287e+00 5.339754e-01
-9.646980e+00 4.338764e+00 -2.133036e+00 -5.826791e+00 1.986970e+00 -1.845353e+00 -1.585978e+00 -1.587214e+00 -2.356523e+00 5.805811e+00 -3.405608e+00 1.377826e+00
-8.778792e+00 6.624266e+00 -1.244272e+00 -4.788128e+00 1.283846e-01 -2.534317e+00 -5.413021e+00 -2.381561e+00 -2.044309e+00 3.181211e+00 -2.177721e+00 -2.492412e+00
-1.120361e+01 -3.508465e-01 -6.546867e+00 2.482181e-01 3.621955e+00 3.055087e+00 -6.953557e+00 -3.339646e+00 7.674911e+00 1.709248e+01 1.105043e+00 3.296614e+00
