8.965143e+00 -1.952854e+01 -9.042625e+00 -2.716154e+00 -4.652951e-01 5.702829e+00 3.789162e+00 -1.498427e+01 2.275378e+00 -7.463285e+00 -1.276662e+00 -1.791539e+00
9.124452e+00 -1.921802e+01 -8.504233e+00 -3.299103e+00 6.519063e-01 4.204038e+00 4.741607e+00 -1.613438e+01 2.663290e+00 -7.670257e+00 -2.382891e+00 -1.218395e+00
1.087533e+01 -1.705069e+01 -7.905770e+00 -2.084660e+00 2.108963e+00 6.532815e+00 4.831069e+00 -1.547278e+01 3.210581e+00 -1.878496e+00 -7.672029e-01 -5.195337e+00
1.045210e+01 -1.819037e+01 -7.685510e+00 -1.755224e+00 2.028007e+00 5.492614e+00 5.567349e+00 -1.507588e+01 4.476095e+00 -4.599570e+00 -2.392360e+00 -2.325870e+00
8.845023e+00 -1.902143e+01 -7.373025e+00 -4.231940e+00 1.660127e+00 5.343150e+00 5.670559e+00 -1.465084e+01 3.197359e+00 -6.491120e+00 -1.305429e+00 -1.114351e+00
9.999183e+00 -1.817549e+01 -8.034721e+00 -2.426508e+00 -3.604510e-01 5.933386e+00 4.341102e+00 -1.190830e+01 3.597762e+00 -5.827028e+00 -3.104932e+00 4.991102e-01
1.061552e+01 -1.716293e+01 -8.900365e+00 -4.687323e+00 -1.827763e+00 7.210526e+00 1.753206e+00 -1.684344e+01 4.195765e-01 -4.850389e+00 -1.915608e+00 -9.042568e+00
1.053264e+01 -1.883870e+01 -7.544155e+00 -1.519252e+00 -5.728927e-01 5.838659e+00 3.779510e+00 -1.215098e+01 5.343703e+00 -7.570421e+00 -2.110022e+00 -1.692975e-01
1.139560e+01 -1.692521e+01 -7.034490e+00 -7.699184e+00 -1.061647e+00 6.586732e+00 -1.032948e+00 -1.433836e+01 -2.003711e+00 -4.604314e+00 -2.485894e+00 -9.311406e+00
1.165894e+01 -1.693841e+01 -5.897341e+00 -9.612130e+00 -1.361234e+00 7.321187e+00 -6.146991e+00 -1.030287e+01 -3.806405e+00 -4.539215e+00 -2.895720e+00 -1.388071e+01
1.312769e+01 -1.553811e+01 -4.182756e+00 -1.186480e+01 -2.150707e-01 8.524202e+00 -6.822350e+00 -4.234867e+00 -5.089132e+00 -1.464762e+00 -1.544863e+00 -1.754344e+01
1.203884e+01 -1.863223e+01 -6.487108e+00 1.238954e+00 -2.774664e+00 1.011254e+01 1.176678e+00 -8.887718e+00 3.550723e+00 -4.195333e+00 -2.110807e+00 -5.848432e-01
1.093950e+01 -1.876553e+01 -6.404481e+00 1.083803e+00 -2.464589e+00 8.301841e+00 1.144290e+00 -1.103726e+01 5.221308e+00 -7.794984e+00 -3.860510e-01 -1.705455e+00
1.220873e+01 -1.332402e+01 -3.598594e+00 -1.793533e+01 -1.197664e+00 2.182379e+00 -7.349638e+00 -1.978397e+00 -9.717355e+00 -2.000153e+00 -6.817699e+00 -1.662531e+01
1.264220e+01 -1.920574e+01 -6.345369e+00 2.151137e+00 -4.687060e+00 7.999805e+00 1.349707e+00 -1.018678e+01 3.643095e+00 -7.737726e+00 -1.421164e+00 -8.220384e-01
1.211394e+01 -1.639814e+01 -7.957166e+00 1.513087e+00 -1.909353e+00 4.404694e+00 2.199230e+00 -5.821246e+00 -3.770232e-01 -6.628686e+00 -7.175475e-01 -2.824356e+00
1.412333e+01 -8.894492e+00 -2.613655e+00 -1.749234e+01 -2.613095e+00 -7.375256e-01 -6.177516e+00 -3.413147e+00 -1.192640e+01 1.992659e+00 -4.281371e+00 -1.400341e+01
1.242869e+01 -1.436409e+01 -6.944658e+00 -1.458973e+00 -6.956580e-01 6.948028e+00 -3.292920e+00 2.269750e-01 1.339835e+00 -1.159601e+01 2.139823e+00 -2.305714e+00
1.040864e+01 -1.609783e+01 3.798720e+00 -4.032717e+00 -1.276415e+01 3.123858e+00 6.707279e+00 5.137256e+00 3.956192e-01 -1.625421e+01 5.972411e+00 -8.349549e+00
1.121277e+01 -1.474385e+01 -4.550262e+00 -3.211612e+00 -2.851856e+00 9.339077e+00 -4.587250e+00 3.769759e+00 1.536762e-01 -1.388455e+01 1.932080e+00 -2.373515e+00
1.092577e+01 -1.318179e+01 -3.670908e+00 -5.131021e+00 -2.720296e+00 8.284788e+00 -3.669477e+00 3.084416e+00 2.097916e+00 -1.308849e+01 -1.525313e-01 -2.384538e+00
1.046777e+01 -1.449500e+01 2.720454e-01 -1.830604e+00 -1.026504e+01 3.010976e+00 5.035302e+00 3.106933e+00 1.352315e+00 -1.642901e+01 3.827089e+00 -5.939093e+00
1.052361e+01 -1.333903e+01 -1.787806e+00 -5.335868e+00 -3.812750e+00 5.938332e+00 -1.608739e+00 5.986608e+00 -5.990744e-01 -1.460366e+01 7.761863e-01 -3.292882e+00
1.127802e+01 -1.448049e+01 2.777036e+00 -4.121904e+00 -1.408179e+01 -2.718940e+00 7.956496e+00 6.172069e+00 -3.035572e+00 -1.259920e+01 4.327298e+00 -1.039114e+01
1.043697e+01 -1.271163e+01 2.464994e+00 -3.464641e+00 -1.671336e+01 -2.319358e+00 6.482327e+00 8.600593e+00 -4.448833e+00 -8.255995e+00 -4.204798e-01 -6.719700e+00
9.369814e+00 -1.325553e+01 7.530024e+00 -8.136492e+00 -1.421998e+01 -2.098103e+00 4.627981e+00 1.369074e+01 -5.750610e+00 -4.954048e+00 1.923718e+00 -1.003993e+01
8.862089e+00 -1.291411e+01 9.733460e+00 -9.548090e+00 -1.457834e+01 -2.526456e+00 2.923783e+00 1.529407e+01 -6.505931e+00 -2.838224e+00 9.803175e-01 -1.221149e+01
8.647103e+00 -1.089172e+01 9.716245e+00 -8.290085e+00 -1.567600e+01 -5.084156e+00 2.762951e+00 1.397996e+01 -4.190160e+00 -2.821447e+00 4.795006e+00 -1.312649e+01
1.002134e+01 -5.725429e+00 9.809643e+00 -7.427401e+00 -1.731342e+01 -4.468633e+00 -2.873144e-01 1.381826e+01 -2.193869e+00 -4.779452e+00 9.684290e+00 -1.077891e+01
-1.218276e+01 -5.296109e+00 1.527086e+01 -2.715722e+00 5.414198e+00 1.349952e-01 -1.240916e+01 3.654824e+00 1.118829e+01 -5.424773e+00 -5.476759e+00 8.308586e+00
1.125775e+01 -4.435701e+00 9.911644e+00 -5.726900e+00 -1.664801e+01 -5.897916e+00 -2.109319e+00 1.281700e+01 -3.911986e+00 -1.334524e+00 7.072305e+00 -1.072952e+01
1.023479e+01 -2.428834e+00 9.558913e+00 -3.281277e+00 -1.025822e+01 -8.554916e+00 -2.792429e+00 7.495138e+00 -4.085954e+00 -2.897071e+00 5.143245e+00 -9.178257e+00
-1.006235e+01 -4.846203e+00 -4.649630e+00 -5.120785e-01 2.623483e+00 -5.964857e-01 6.144864e+00 -6.927457e+00 -4.819667e+00 4.435714e+00 5.318465e+00 4.740748e+00
7.709383e+00 3.865345e+00 -7.253971e+00 -7.410716e+00 -4.723449e+00 -2.421143e+00 -3.566493e+00 -9.636831e+00 -5.531520e+00 -1.922691e+00 -4.358854e+00 -8.227452e+00
-1.450076e+00 -4.147782e-01 5.765801e+00 -3.413987e+00 -6.246452e-01 -3.666239e+00 2.922668e+00 -1.922493e+00 -1.225580e+01 3.707517e+00 7.800139e-01 -3.421767e+00
-7.536452e+00 -6.934868e+00 -3.990690e+00 2.141502e-01 2.106042e+00 4.392560e+00 1.115271e+01 -1.967353e+00 -6.891007e+00 -5.112279e+00 9.973110e+00 1.000600e+01
-2.492047e+00 -2.546424e+00 2.677019e+00 -3.446856e+00 -8.667791e+00 -5.511021e+00 -7.130742e+00 -9.460492e+00 7.915707e+00 -1.140699e+00 -8.530226e+00 3.683287e-01
4.921112e-01 -8.588262e-01 5.975368e+00 -3.972986e+00 9.028988e-01 -8.256059e+00 3.669509e+00 1.500471e+00 -5.540274e+00 -7.012887e-01 -7.416642e+00 3.327295e+00
-5.509515e+00 -1.421174e+00 7.343163e+00 -5.235570e+00 -2.762297e+00 -8.387712e-01 -1.188999e+01 -7.466728e-01 1.659482e+01 -2.656010e+00 1.731184e+00 1.949385e+00
1.084776e+01 5.372071e+00 7.158002e+00 -4.862315e+00 -1.176159e+01 -1.221606e+01 -6.770556e+00 7.869428e+00 -1.057843e+00 -4.960727e+00 9.430146e-01 -6.551111e+00
-9.201831e+00 -2.530815e+00 7.113996e-01 2.363370e+00 -1.015178e+00 -1.969520e+00 4.526494e+00 7.471937e+00 -2.158644e+00 -8.051667e-01 -3.275114e-01 6.963439e+00
-9.049724e+00 -1.006783e+00 1.444899e+00 3.087137e-01 -4.156766e+00 -1.725016e+00 7.133319e+00 6.059010e+00 1.964266e+00 -1.261857e+00 -4.417863e+00 7.466693e+00
-9.961287e+00 -5.207032e+00 -3.146441e+00 -3.901303e+00 1.781638e+00 4.703863e-01 2.904183e+00 -4.053701e+00 4.202570e-01 6.139254e+00 4.227946e+00 3.573758e+00
-9.767985e+00 -1.963470e+00 -9.021611e-01 -1.293510e+00 -2.469315e+00 -5.723414e-01 4.942230e+00 6.255617e-01 -5.898540e+00 5.438820e+00 -4.946435e-01 2.757229e+00
-7.686032e+00 -1.167869e+00 9.030987e-01 -7.825854e-01 -4.093761e-01 -1.134889e+00 8.975366e+00 8.234531e+00 4.608252e-01 1.628077e+00 -3.004268e+00 4.689204e+00
-8.814038e+00 -9.517417e-01 -3.449047e+00 2.997200e+00 -2.518921e-01 1.591417e-01 3.378784e+00 -2.264844e+00 -5.022949e-01 -3.317804e-01 1.393493e+00 7.383015e+00
-7.806203e+00 -9.119549e-01 6.982164e+00 -7.690041e+00 2.386174e+00 5.729097e+00 -6.949664e+00 5.760366e+00 1.169318e+01 -8.982699e+00 -3.213905e+00 1.432815e+01
-9.616343e+00 -1.182042e+00 3.918259e-01 8.175255e+00 -2.154281e+00 -8.169090e-01 3.561243e+00 4.812165e+00 3.130189e+00 -2.982575e+00 1.125486e+00 7.415763e+00
8.159517e+00 1.327209e+01 9.211876e+00 -5.623999e+00 -1.032507e+01 -7.775933e+00 -6.366420e+00 -6.786838e+00 -1.367792e+01 -1.540623e+00 2.593911e+00 -8.016907e+00
5.720768e+00 1.187360e+01 9.141569e+00 -3.826907e-01 -4.156229e+00 -1.479880e+01 -1.393123e+01 -1.098183e+01 -1.233143e+01 -3.860788e+00 -2.225313e+00 -7.505725e+00
-9.695394e+00 -1.932162e+00 4.983358e+00 -3.004404e+00 -1.191655e+00 -8.057215e+00 -1.287876e+01 9.749675e-01 1.419874e+01 -4.421135e+00 3.284352e+00 1.107076e+01
-1.953839e+00 -2.492908e+00 9.676225e-01 4.386337e-01 -2.010019e+00 -8.939830e+00 4.194301e+00 4.850460e+00 -1.951457e+00 1.779014e+00 -7.967542e-01 5.571756e+00
-2.059338e+00 9.190602e-01 -2.694890e+00 -3.961344e+00 3.218292e+00 -2.139696e+00 -5.703524e+00 -7.251232e+00 -4.244088e+00 5.381501e+00 -2.525732e+00 -4.187260e+00
-7.275996e+00 -3.923256e+00 -2.300864e+00 -6.566377e-01 3.359942e+00 4.786137e-01 6.225755e-01 -3.240104e+00 4.626176e+00 6.330003e+00 3.077123e+00 7.204473e+00
-7.080462e+00 2.912101e+00 1.054733e+00 5.098466e+00 -4.763055e+00 -5.582846e+00 6.778466e+00 1.094504e+01 1.713523e+00 -4.129062e+00 -1.137578e+00 4.667115e+00
-1.078898e+00 -2.211774e+00 7.240952e-01 -4.389781e-01 -5.253611e-01 5.690870e-01 -8.701839e+00 -9.363605e+00 1.489313e+00 1.287006e+00 -3.578588e-01 -1.970920e+00
1.807948e+00 1.236854e+01 8.785187e+00 7.154931e+00 -2.152697e+00 -1.062718e+01 -8.864485e+00 -9.170506e+00 -1.009890e+01 -7.161835e+00 -3.842903e+00 -6.257185e+00
-9.036846e-01 -2.004946e+00 -1.087573e+00 -6.902902e-01 -1.344725e+00 -4.893577e+00 -2.127433e+00 -2.287093e+00 -4.307548e+00 7.556136e-01 -2.618353e+00 -2.149389e+00
1.387144e+00 9.649663e-01 -3.935302e+00 7.561569e-01 2.098326e+00 -5.738428e+00 -6.187309e+00 4.675713e+00 4.430773e+00 -2.479813e+00 -6.296411e+00 2.685642e+00
-8.750373e+00 -3.282901e+00 -7.756286e-01 -5.731370e-01 1.148281e-01 -4.612848e+00 2.652332e+00 -3.589427e+00 2.174829e+00 3.235069e+00 -1.288524e+00 3.253553e+00
1.190217e+00 -9.253974e-01 -3.542823e+00 -4.951468e-01 3.443052e+00 -6.210500e-01 -8.025526e+00 -4.410521e-01 -7.662766e-01 -9.760914e-01 -2.902469e+00 2.720548e+00
-5.300564e+00 5.354061e+00 1.052977e+00 4.365487e+00 3.193982e+00 -3.953247e+00 2.982414e+00 2.566549e+00 8.086727e-01 -2.984557e+00 -5.293598e+00 -2.101776e+00
1.367760e+00 1.848228e+00 -3.329635e+00 8.430875e-01 9.139105e+00 2.795424e+00 -4.780347e+00 4.238405e+00 8.511867e+00 -2.281540e+00 -6.570659e+00 7.396730e+00
-3.074722e-01 -6.757641e-01 -5.405391e+00 3.618714e+00 1.115363e+01 1.009024e+00 -5.931478e+00 5.464346e+00 2.065356e+00 -2.307023e+00 -5.351490e+00 2.056395e+00
-4.026680e+00 9.125549e+00 -7.439256e-02 6.340490e+00 2.548903e+00 5.074575e+00 5.788701e-01 -6.319118e-02 -8.570722e+00 8.682076e+00 7.821830e+00 4.346950e+00
-1.122581e+00 9.477652e+00 5.500731e+00 9.521626e+00 -1.269770e+00 -6.831309e+00 -2.163815e+00 -6.055617e+00 -8.194910e+00 -6.100215e+00 -7.844040e+00 -2.665113e+00
-5.699887e+00 1.278236e+01 -3.674149e+00 5.771977e+00 -9.288871e-01 3.767764e+00 3.373032e+00 -3.395028e-01 -2.240686e+00 -2.556435e+00 -5.319204e+00 8.567264e-01
-8.332372e+00 -9.527178e-01 2.767954e+00 1.677583e-01 4.654360e-01 7.029565e-01 4.471491e+00 -7.507866e-01 9.781097e-01 3.804235e+00 5.504996e-02 4.310971e+00
1.060421e+00 1.071527e+00 -6.978232e+00 3.750299e+00 6.058843e+00 -2.332583e+00 -5.461614e+00 4.181541e+00 -4.563043e-01 -2.805471e+00 -3.422936e+00 -2.878971e-01
4.883906e+00 1.291354e+01 -1.775950e+00 9.225384e-01 3.309928e+00 4.895905e+00 8.030983e+00 -3.067984e+00 -5.525647e+00 2.811898e+00 -4.291463e-01 -1.551306e+00
-2.868557e-01 8.007603e-01 -1.960251e+00 6.692694e+00 6.225910e+00 -3.585755e+00 -1.085944e+01 3.757862e+00 -9.421360e-01 -2.622561e-01 -7.504943e-01 -6.374841e-01
-1.240222e+00 2.855809e+00 -3.160126e-01 7.204032e+00 8.363541e+00 -1.736252e+00 -8.465492e+00 8.794198e-01 1.987700e+00 -2.310414e+00 -3.683559e+00 -1.504521e+00
-1.301647e+00 7.068402e+00 -4.980845e-01 -9.430542e-01 6.338339e+00 1.044365e+00 5.805680e+00 2.825736e-01 1.091813e-01 7.273065e+00 5.078592e+00 -1.075963e+00
-2.146091e+00 3.905128e+00 -1.199244e+00 7.551321e+00 8.408093e+00 -2.837019e+00 -7.239585e+00 2.684709e+00 6.447639e-01 4.824300e+00 -3.198655e+00 -2.234845e+00
1.603215e+00 1.422169e+01 4.214601e+00 4.318997e+00 8.356247e-01 6.940987e-01 1.378012e-02 -5.165661e+00 -4.375684e+00 4.290082e+00 3.400630e+00 1.365603e+00
-1.708642e+00 2.986948e+00 -5.931022e-01 8.512760e+00 9.353508e+00 -3.200113e-01 -6.436124e+00 3.050587e+00 -4.231452e+00 -5.467219e-01 -2.417799e+00 1.103188e+00
-6.109106e+00 7.947691e+00 1.279461e-01 -1.594939e+00 7.313950e-01 2.247318e-01 -7.280684e-02 -1.310155e+00 -1.685166e+00 8.903261e+00 5.112926e+00 3.820277e-01
-6.538041e+00 8.618967e+00 1.067532e+00 1.694684e+00 -6.324003e-01 -1.268374e+00 -5.617924e-01 2.010625e+00 2.144505e+00 8.602201e+00 4.826074e+00 5.186652e+00
-5.311765e+00 9.076370e+00 6.783683e-01 3.493390e+00 4.184179e+00 2.095122e+00 -5.657334e-01 -1.040486e+00 -2.998729e+00 1.006031e+01 6.101733e+00 3.640303e+00
-5.864069e+00 8.225260e+00 -4.830074e-02 -1.166544e+00 -2.895751e+00 -2.160225e+00 2.719407e+00 -7.175159e-01 4.755799e-01 6.433185e+00 8.348509e-01 6.275406e+00
-6.169056e+00 8.501444e+00 1.719316e+00 -2.021912e+00 -5.263193e-01 -1.626073e-01 -8.113885e-01 9.415404e-01 5.800112e+00 7.402302e+00 4.353199e+00 3.983818e+00
-5.513370e+00 9.205372e+00 7.738836e-01 2.476975e-01 1.665592e+00 -4.435939e+00 2.136239e+00 4.995119e+00 1.557530e+00 8.058010e+00 5.982082e+00 3.144567e+00
-6.000085e+00 9.059724e+00 5.618354e-01 2.754921e+00 -1.470600e+00 -3.107459e+00 4.886705e+00 1.360881e+00 1.912671e+00 8.639963e+00 4.164115e+00 7.743246e+00
-6.618167e+00 8.877831e+00 2.475867e-01 3.460562e+00 1.425949e+00 -2.072643e+00 3.745473e+00 7.243132e-01 2.758435e+00 7.669339e+00 4.570689e+00 4.885880e+00
-5.457771e+00 1.051472e+01 3.565527e+00 3.571874e-01 3.693465e+00 3.790559e+00 5.312138e+00 -3.257112e+00 3.864169e+00 1.153592e+01 5.603860e+00 1.769296e+00
-5.900148e+00 1.011529e+01 2.540985e+00 -2.358263e+00 8.703709e-01 -9.303471e-01 -7.451324e-01 -1.890979e+00 1.168085e+00 6.305032e+00 -2.699274e-02 3.511251e+00
-5.727878e+00 9.026157e+00 -2.273462e-01 -1.053576e+00 2.191503e+00 2.649260e+00 2.224425e+00 -5.267250e-01 1.008806e+00 8.872101e+00 5.017636e+00 6.931752e+00
-5.312491e+00 9.122845e+00 -6.788530e-01 -2.114909e+00 2.095730e+00 2.813348e-01 3.225689e+00 -1.944751e+00 1.694837e+00 7.866413e+00 2.706845e+00 4.428767e+00
-5.853835e+00 8.096591e+00 2.209234e-01 2.022514e+00 1.042307e+00 -1.976891e+00 6.348050e-01 -6.884432e-01 -3.227275e-01 4.963479e+00 3.655875e+00 6.456483e+00
-4.710588e+00 1.112246e+01 8.694224e-01 3.687945e+00 -1.774682e+00 -2.591738e+00 -2.277312e-01 -7.594103e-01 3.938295e+00 4.157696e+00 -4.062931e+00 2.159604e+00
-5.898269e+00 9.517388e+00 2.364571e-01 4.044298e-01 2.789228e+00 -3.965862e-01 3.085164e+00 1.317036e+00 1.051480e+00 1.148971e+01 5.995691e+00 3.366653e+00
-5.662883e+00 7.139489e+00 -2.684622e+00 1.671058e+00 -6.421425e-01 -9.846057e-01 2.396552e+00 -1.858927e+00 -3.328342e+00 6.034120e+00 2.258296e+00 4.519114e+00
-5.567099e+00 8.881850e+00 1.667347e+00 2.424500e+00 1.496178e+00 -3.612461e+00 1.500940e+00 6.489552e+00 3.325359e+00 5.884421e+00 1.262611e+00 7.151582e+00
-4.958554e+00 9.156086e+00 -1.367975e+00 9.223568e-01 2.445525e+00 -2.396847e+00 -3.462791e-02 -1.531495e-01 -1.261078e-01 4.490765e+00 1.530207e+00 2.461210e+00
-5.969534e+00 9.588943e+00 2.317956e+00 -8.780745e-01 -1.257189e+00 -1.441231e+00 1.507006e+00 3.390143e-01 -2.955529e+00 9.695051e+00 1.934464e+00 1.280362e+00
-5.039080e+00 1.119371e+01 5.144016e+00 1.922881e+00 1.798367e+00 -2.044240e+00 -1.682827e+00 -2.043734e+00 1.513251e+00 8.143805e+00 5.112957e+00 3.429932e+00
-5.292229e+00 8.056226e+00 3.338685e+00 6.102038e-01 1.246790e+00 5.203366e-02 3.873021e+00 1.544360e+00 -5.568622e-01 8.288944e+00 3.332607e+00 1.698770e+00
-2.690241e+00 7.109705e+00 -3.685434e+00 -1.124745e+00 5.681355e+00 4.635059e+00 3.919814e+00 4.190208e+00 -2.603623e+00 -7.306548e+00 -1.118367e+01 3.916468e+00
-7.556220e+00 1.100304e+01 -1.412630e+00 6.075066e-01 -2.614102e+00 8.533551e-01 5.082080e+00 3.338062e+00 -4.364491e-03 4.668582e+00 3.248425e+00 3.431387e+00
-5.286998e+00 1.115915e+01 9.073038e-01 2.740704e+00 3.004136e-01 -1.738653e+00 2.998227e+00 4.949659e+00 2.963793e+00 8.152725e+00 7.811778e+00 6.171293e+00
6.431198e-02 9.417413e+00 -4.857818e+00 2.948475e+00 4.450037e+00 1.697571e+00 3.720913e+00 8.359116e+00 5.444225e+00 2.249675e+00 -7.751909e+00 5.333035e-01
1.560400e+00 5.980423e+00 -5.173009e+00 1.944288e+00 9.269025e+00 8.075023e+00 6.445713e+00 4.610096e+00 6.969973e-01 -2.482166e-01 -9.742569e+00 -5.283370e+00
-4.670506e+00 1.350071e+01 3.066315e+00 2.488325e+00 3.378589e-01 -1.083397e+00 4.034530e+00 2.483025e+00 -5.271888e+00 9.991484e+00 8.005294e+00 3.432359e+00
-6.156119e+00 4.343767e+00 5.067115e+00 2.960217e+00 1.530255e+00 1.956832e+00 2.603263e+00 -2.215593e+00 7.318200e-01 6.004091e+00 1.391867e+00 9.070944e+00
-1.158985e+00 4.515956e+00 1.070600e+00 1.023850e+01 5.023422e+00 -8.132108e-01 -5.980344e+00 3.090874e+00 -2.281986e+00 2.799978e-01 1.721311e+00 2.980434e+00
-2.242089e+00 5.201307e+00 -5.386729e-01 4.392348e+00 9.022462e+00 5.964779e+00 -9.317975e-01 5.179835e+00 7.778159e+00 -5.748940e-01 -3.309170e+00 -2.284601e+00
-4.072853e+00 4.558187e+00 -7.415948e-01 3.872066e+00 5.859355e+00 -4.529225e+00 -6.793280e+00 3.516614e+00 -2.512208e+00 -2.834645e+00 3.102646e+00 4.473452e+00
-3.610491e+00 5.973900e+00 -1.451259e+00 5.927980e+00 7.809556e+00 -2.772864e+00 -2.101284e+00 5.179160e-01 2.170982e+00 3.397364e+00 1.204506e+00 3.450425e+00
-3.294890e+00 6.161503e+00 2.343726e+00 7.130659e+00 7.775051e+00 -1.015418e+00 -2.509866e+00 4.197533e+00 1.684880e+00 -3.642292e+00 -4.579053e+00 -1.377902e+00
-3.801256e+00 6.684888e+00 3.411564e+00 7.379494e+00 9.847158e+00 3.930046e+00 -2.278229e+00 2.682364e+00 1.709355e+00 -1.149013e+00 -4.362076e+00 -8.634672e-01
-3.777827e+00 6.463062e+00 -1.433725e+00 8.825747e+00 5.345729e+00 1.181217e+00 -1.556033e+00 3.775851e+00 5.034415e+00 1.539704e+00 -3.972959e+00 1.058689e-01
-3.413093e+00 7.793885e+00 1.408684e+00 5.898709e+00 9.885002e+00 1.417728e+00 -1.631329e+00 2.567547e+00 4.896309e+00 2.422665e+00 -5.707551e+00 2.044715e+00
-4.639423e+00 8.157884e+00 1.187397e+00 3.216905e+00 2.721606e+00 -3.910295e+00 -3.868846e+00 7.383884e-01 1.633155e-02 3.433245e+00 -1.372451e+00 -2.452655e-01
-3.111564e+00 8.246506e+00 1.617177e+00 2.971502e+00 1.566554e+00 2.163872e+00 9.818053e-01 9.321042e-01 -7.026083e+00 1.515270e+00 1.716515e+00 2.203486e+00
-3.313101e+00 7.408446e+00 5.923295e-01 4.075385e+00 2.670005e+00 3.312634e+00 6.125842e+00 8.435413e+00 1.802601e+00 4.408195e+00 1.300996e+00 3.374577e+00
-3.628560e+00 7.938598e+00 -6.306133e-01 2.330607e+00 2.832859e+00 6.946608e-01 -4.649878e-01 2.173688e+00 1.921462e+00 2.018717e+00 -2.559484e+00 -1.462485e+00
-4.495025e+00 7.283338e+00 1.006696e-01 5.064838e+00 3.966661e+00 -3.572560e+00 -2.623429e+00 5.590594e+00 4.542315e+00 1.251671e+00 -1.272139e+00 1.294632e+00
-3.378833e+00 1.100874e+01 3.611448e+00 7.715614e+00 4.757943e+00 2.286732e+00 -1.247296e-01 6.458796e-01 2.884631e+00 8.155401e+00 -3.203571e-01 -9.426904e-02
-5.030596e+00 6.120130e+00 2.448198e+00 6.038665e+00 7.148749e+00 3.515844e-01 -2.895890e+00 4.288761e-01 1.182976e-01 6.720554e+00 -1.293224e+00 -1.519792e+00
-3.361235e+00 7.372388e+00 1.399880e+00 3.868435e+00 5.807120e+00 6.307228e-01 1.199574e-01 1.826020e+00 3.409838e+00 3.661237e+00 5.049266e+00 4.117885e+00
-1.653576e-02 1.010824e+01 -9.809055e-01 1.254905e+00 3.009413e+00 3.254330e-02 8.245419e+00 9.690420e+00 5.822095e+00 3.251256e+00 -2.767380e+00 2.061798e+00
