7.040177e+00 -1.592199e+01 3.864579e+00 -1.214638e+01 -1.195975e+01 -3.721399e-01 -1.528915e+00 6.619562e+00 -2.536590e+00 -1.163700e+01 -1.691960e+00 -1.599654e+01
6.553731e+00 -1.482163e+01 3.831993e+00 -1.255509e+01 -1.312320e+01 -1.944661e-01 -2.521698e+00 7.390662e+00 -5.074914e+00 -9.790088e+00 -2.372956e+00 -1.543664e+01
7.389452e+00 -1.678550e+01 4.620144e+00 -1.306236e+01 -1.065951e+01 -9.388809e-01 -1.905210e+00 7.108149e+00 -2.266150e+00 -1.062286e+01 -1.731254e+00 -1.707302e+01
6.839854e+00 -1.322143e+01 3.834583e+00 -1.286650e+01 -1.185999e+01 -2.355608e+00 -2.043551e+00 7.607760e+00 -5.674115e+00 -5.045458e+00 -5.393140e+00 -1.045157e+01
7.934508e+00 -1.284446e+01 5.228992e+00 -1.472950e+01 -1.054312e+01 -4.685816e+00 1.958160e-01 5.648801e+00 -2.553699e+00 -4.475506e+00 -2.220083e+00 -1.259766e+01
8.137429e+00 -1.592724e+01 3.883452e+00 -1.243308e+01 -8.925406e+00 -3.159311e+00 -3.725386e-01 6.842785e+00 2.507228e+00 -9.918063e+00 -1.904654e+00 -1.720260e+01
9.603205e+00 -1.374581e+01 5.502671e+00 -1.397764e+01 -1.435106e+01 -4.156044e+00 -8.501226e+00 6.333690e+00 -8.146118e+00 -1.697805e+00 -1.739421e+00 -1.645059e+01
9.460747e+00 -1.570966e+01 4.573898e+00 -1.230509e+01 -8.322849e+00 -3.591932e+00 -4.772070e+00 6.897340e+00 5.438747e+00 -7.463392e+00 -4.743121e-01 -1.892657e+01
1.153432e+01 -1.099047e+01 7.237535e+00 -7.772417e+00 -1.499649e+01 -4.814027e+00 -1.169276e+01 6.304380e+00 -4.952380e+00 3.164900e+00 1.619183e+00 -1.315638e+01
1.063054e+01 -3.398668e+00 4.164663e+00 -6.026184e+00 -1.077104e+01 -1.372876e+01 -8.615099e+00 -3.963944e+00 -3.833176e+00 6.607195e+00 1.004852e+00 -7.321019e+00
8.508944e+00 -1.358265e+01 3.780332e+00 -8.501725e+00 -9.929817e+00 2.863549e+00 -2.639847e-01 4.958753e+00 7.721787e+00 -1.176740e+01 7.322984e+00 -8.609549e+00
7.021883e+00 -1.111119e+01 4.053431e+00 -7.816976e+00 -6.350775e+00 1.642306e+00 3.192977e+00 5.780765e+00 6.349344e+00 -1.376235e+01 6.509127e+00 -5.810460e+00
-1.353390e+01 3.136066e+00 -1.182346e+01 -1.965704e-01 -1.116189e+00 3.283278e+00 3.243869e+00 3.690968e-01 1.617786e+00 9.456816e-01 2.165144e+00 9.332163e+00
9.524480e+00 -1.307494e+01 3.014822e+00 -6.863643e+00 -8.772778e+00 1.485618e+00 -3.448553e+00 2.882047e+00 9.638192e+00 -9.955899e+00 6.832321e+00 -9.646592e+00
-1.497013e+01 1.966390e+00 -8.428472e+00 1.802616e-01 7.635012e-01 1.133706e+00 6.677670e+00 3.900612e+00 5.760898e+00 5.535037e+00 9.627837e+00 7.614773e+00
-1.692105e+01 -6.386800e-01 -1.525944e+01 -4.244678e+00 3.301306e-01 3.900415e+00 5.736936e+00 -3.989590e+00 -5.418110e-01 6.102614e-01 2.759014e+00 8.655848e+00
-1.620272e+01 5.542858e-01 -1.165913e+01 6.697018e-01 2.267313e+00 2.122550e+00 4.729455e+00 -4.736979e+00 6.750602e-02 5.472686e+00 5.811495e+00 6.871125e+00
-9.820223e+00 8.237744e+00 -5.834300e+00 2.743090e+00 4.038043e-01 8.973379e-01 8.494104e+00 -1.341422e+01 -1.247086e+01 -1.165142e+00 -1.572971e+00 -2.504936e+00
-1.596417e+01 2.366386e+00 -8.933228e+00 1.662671e+00 9.070873e-03 2.651232e+00 1.363997e+01 -4.100914e+00 7.263101e-01 9.709876e+00 5.653809e+00 5.834846e+00
-1.374758e+01 4.368486e+00 -1.042467e+01 6.142666e-01 4.917631e-01 7.267228e+00 9.575227e+00 -7.598114e+00 -2.620051e+00 5.107584e+00 1.740269e+00 1.024390e+00
-1.143450e+01 3.650556e+00 -7.141663e+00 -5.536674e+00 -6.426411e-01 -1.237074e+00 6.799265e+00 -3.503598e+00 3.035160e+00 5.756923e+00 2.825054e+00 4.668004e+00
7.614080e+00 -9.130633e+00 1.625650e+00 -4.726858e+00 -7.211038e+00 3.200869e+00 1.220636e+00 3.960687e+00 6.739954e+00 -1.679109e+01 9.473862e+00 -8.514391e+00
-8.077066e+00 6.120169e+00 -5.571553e+00 6.519312e+00 3.151426e-01 5.732541e-01 1.125307e+01 -1.285885e+01 -7.123477e+00 -4.659088e+00 -3.351177e+00 -5.216775e+00
9.921040e+00 -9.447124e+00 2.893389e+00 -6.062276e+00 -5.718188e+00 1.713883e+00 -9.672489e+00 4.887477e+00 4.628708e+00 -2.235981e+00 -1.169913e+00 -1.364018e+01
7.056212e+00 -8.392492e+00 5.582967e+00 -7.522485e+00 -3.138178e+00 3.822621e+00 -2.979753e+00 6.778384e+00 3.992607e+00 -1.356064e+01 6.577213e+00 -8.013114e+00
-3.055668e-02 9.320805e+00 -1.639040e+00 -4.115126e+00 -3.196260e+00 -1.379592e+01 -8.156824e-02 -1.094894e+01 -5.481816e+00 2.328129e+00 -4.276247e+00 9.601557e-01
-8.969551e+00 8.244951e+00 -2.436641e+00 1.393355e+00 9.313114e-01 -5.144891e+00 1.385789e+01 -7.930038e+00 -6.724883e-01 2.934789e+00 -3.549359e-01 -2.283185e-01
8.695865e+00 -8.356010e+00 1.069232e+00 -2.837733e+00 -4.123728e+00 -1.249848e+00 -5.643461e+00 -2.067110e+00 3.639943e+00 -4.527956e+00 1.182070e+00 -6.786188e+00
-8.526423e+00 -1.707317e+01 -4.491632e+00 7.975757e+00 -4.231650e+00 3.572669e+00 -8.935027e-01 -3.349127e+00 -2.536545e+00 2.750456e+00 1.069359e+00 1.131914e+00
7.674325e+00 -4.336957e+00 5.065082e+00 -7.093453e+00 2.567625e+00 3.691954e+00 -9.577358e+00 1.017186e+01 1.059612e+00 -8.660655e+00 2.451538e+00 -5.085593e+00
-9.397955e+00 2.432020e+00 -6.337220e+00 -6.861910e+00 1.376996e-01 1.189560e+00 1.575088e+01 2.704516e-01 3.921292e-01 8.365633e+00 1.012195e+01 6.954772e+00
9.464183e+00 3.358578e+00 1.059365e+00 4.551839e+00 3.483639e+00 -1.761236e-01 -1.274716e+01 -1.276319e+01 -6.033623e+00 8.855783e+00 3.406432e+00 -1.253785e+01
9.635090e+00 -3.563161e+00 4.873203e+00 9.342592e-01 2.447158e+00 -7.317123e-01 -7.640339e+00 7.122979e+00 -1.777646e+00 -7.393196e+00 6.343493e+00 -2.666666e+00
7.534102e+00 2.054584e+00 -5.661960e-01 2.296700e+00 2.619592e+00 -2.988013e+00 -7.041260e+00 -8.561947e+00 2.692858e+00 2.887758e+00 -1.641272e+00 -7.791711e+00
8.464427e+00 1.039108e+01 8.383430e+00 9.159306e+00 1.166477e-01 -7.852266e+00 -7.856441e+00 -7.496307e+00 -7.788568e+00 -1.028218e+01 -1.042587e+01 2.154597e+00
1.086720e+01 -1.645438e+00 4.212908e+00 4.599892e+00 -3.089906e+00 -5.558297e+00 -5.067500e+00 7.039843e-01 1.170020e-01 -1.029327e+00 -1.130937e+00 1.080214e+00
7.217724e+00 9.192234e+00 8.205976e+00 9.538866e+00 2.270745e+00 -2.389802e+00 -7.532568e+00 -1.146734e+01 -1.357130e+01 -1.138550e+01 -1.027865e+01 9.929554e-01
1.008612e+01 -1.349582e+00 3.491843e+00 4.682459e+00 -9.751248e-01 -4.074116e+00 -4.761353e+00 8.305664e-01 -2.369099e+00 -3.602838e+00 7.657027e-01 -1.854347e+00
9.147850e+00 1.167082e+01 1.034644e+01 5.566450e+00 -7.896090e-01 -1.021363e+01 -9.515217e+00 -3.147699e+00 1.565782e-01 -4.813955e+00 -1.017756e+01 5.370389e+00
5.057133e+00 6.961604e+00 3.253980e+00 3.581161e+00 4.968563e+00 -1.857385e+00 -6.801161e+00 -1.257913e+01 -5.094390e+00 6.121644e+00 6.900170e-01 -9.281300e+00
-7.686460e+00 -1.476364e+01 -1.608241e+00 1.226931e+01 4.378128e-02 5.921387e+00 2.850880e+00 -1.523684e-01 1.488198e+00 7.182456e+00 4.991266e+00 4.763185e+00
5.835917e+00 9.898712e+00 1.154081e+00 3.845735e+00 1.023414e+01 -2.047533e+00 -6.141262e+00 -1.297813e+01 -6.571148e+00 4.326696e-01 1.859910e+00 -6.191456e+00
1.127895e+01 7.226966e+00 5.072997e+00 4.780703e+00 -3.740133e+00 -4.794936e+00 -3.287604e+00 2.839097e-01 -2.132838e+00 -1.576168e+00 -8.585632e+00 1.210367e+00
1.178994e+01 2.498486e+00 8.003715e-01 4.003273e+00 -1.668179e+00 -4.588102e+00 -2.400805e+00 -3.330559e-03 -5.264716e-01 -9.944391e-01 -3.246897e+00 6.251545e-01
1.073979e+01 8.332384e+00 7.194591e+00 4.136244e+00 -2.607405e+00 -6.403665e+00 -4.874264e+00 -1.682774e+00 2.889611e+00 3.056998e-01 -8.062322e+00 3.486657e+00
5.514478e+00 9.727289e+00 7.002679e+00 1.288669e+01 3.166918e+00 -2.691796e+00 -4.819441e+00 -8.916293e-01 -9.802895e+00 -1.420348e+01 -1.672939e+01 -4.983473e-02
-6.523813e+00 -1.147252e+00 -4.692298e+00 -5.028057e+00 -1.669149e+00 -4.942153e+00 1.028300e+01 2.911735e+00 2.076395e-01 7.428708e+00 9.883039e+00 1.055661e+01
4.823612e+00 7.882448e+00 5.914566e+00 1.045375e+01 -1.063151e-01 -8.377710e+00 -4.712754e+00 -7.319693e+00 -8.422861e+00 -8.909758e+00 -1.023129e+01 1.242138e+00
3.119912e+00 4.894196e+00 2.184560e+00 9.020469e+00 3.688859e+00 -6.573837e+00 -3.893411e+00 -2.676182e+00 -5.575777e+00 -9.949117e+00 -1.410583e+01 1.474187e+00
8.713799e-01 -5.650811e-01 -8.286852e-01 9.693942e+00 4.936252e+00 1.066846e+00 -3.625482e+00 -1.511631e+00 1.775095e+00 -6.855618e+00 -1.503546e+00 8.835154e+00
-5.770834e+00 -8.172206e+00 -3.754938e-02 8.986709e+00 4.907246e-01 1.583247e+00 1.698496e+00 -2.541541e-01 -1.889753e-01 1.070706e+01 4.683075e+00 3.238685e+00
-1.782322e-01 4.613168e-01 -1.467331e+00 8.129306e+00 5.550508e+00 -2.863597e+00 -2.188168e+00 4.856836e+00 4.944499e+00 -1.784178e+00 -3.272513e+00 5.072026e+00
-5.251408e-01 -6.207857e-01 -1.864646e+00 4.825792e+00 2.608712e+00 -1.876726e-01 -4.454627e-01 1.996877e+00 4.219155e+00 -5.835951e+00 -7.196440e+00 4.393559e+00
1.755533e-01 7.783682e-01 -1.794920e+00 6.393046e+00 7.010469e+00 3.076689e+00 -1.478807e+00 2.790690e+00 4.385972e+00 -4.625722e+00 -8.932695e+00 7.754294e+00
-6.278399e+00 3.331110e+00 2.460875e+00 -4.253813e+00 1.054775e+01 3.970735e+00 8.640738e-01 1.674950e+00 -6.010807e+00 9.417622e+00 9.018873e+00 5.294352e-01
-6.841068e-01 6.757233e-01 9.245156e-01 5.944740e+00 5.331823e+00 1.259241e+00 -2.917355e+00 2.085744e-01 -2.834125e+00 -6.079392e+00 -3.537063e+00 8.442934e+00
1.085577e+00 8.471069e-01 -5.018132e-01 7.670226e+00 4.606418e+00 7.044220e-02 -2.489938e+00 -2.483655e+00 -4.568465e+00 -4.947238e+00 -7.812422e+00 -2.489953e-01
-8.805710e+00 4.395245e+00 7.060347e+00 -5.629178e+00 4.985137e+00 6.351343e+00 3.403672e+00 -5.592631e-01 6.545424e-01 1.176550e+01 5.755776e+00 2.123688e+00
-2.038860e+00 3.694527e-01 -1.878777e+00 7.627068e+00 7.055557e+00 2.053494e+00 -3.000828e+00 -8.591515e-01 4.774374e+00 -2.701295e+00 -9.392790e+00 6.163649e+00
-6.176538e-01 3.701639e-02 -2.257104e+00 3.975114e+00 7.602077e+00 2.828306e+00 4.368607e+00 5.417979e+00 4.813984e+00 4.056163e-01 -4.199040e+00 8.478501e+00
-2.169219e+00 -2.306738e-01 -2.767374e+00 7.483318e+00 8.225944e+00 -7.222152e-01 -2.158545e+00 1.053305e+00 3.391693e+00 1.650190e-02 -8.258144e+00 9.030230e-01
-6.564703e-01 -1.171000e+00 -1.416485e+00 5.490545e+00 9.225163e+00 1.666724e+00 -7.915487e-01 1.204353e+00 1.801482e+00 3.259692e+00 2.771267e+00 1.062092e+01
2.301502e-02 2.763955e+00 -2.979764e+00 6.439702e+00 6.510666e+00 -1.378304e+00 -3.894518e+00 5.952425e+00 7.373677e+00 1.158985e+00 -7.637089e+00 2.252923e+00
-5.160007e-01 1.701563e+00 -4.037406e+00 5.385595e+00 1.200394e+00 2.986134e+00 -1.809734e+00 1.162712e+00 6.451994e+00 2.992456e+00 -2.661981e+00 4.886672e+00
-1.613508e+00 2.660854e+00 -1.655755e+00 5.732823e+00 6.338676e+00 -1.252244e+00 -3.458795e+00 -3.299357e+00 -3.702009e-01 -3.542948e+00 -5.363424e+00 4.185410e+00
-2.374261e+00 1.913676e+00 -6.616048e+00 -7.803557e+00 -9.548588e-01 -2.164751e+00 8.473799e+00 7.710504e+00 -3.724969e+00 -3.442119e+00 3.261020e+00 6.057986e+00
-1.143788e+00 2.510991e-01 -5.264501e+00 4.957022e+00 4.254153e+00 5.879747e+00 2.911693e+00 8.197901e+00 6.864434e+00 -3.862928e+00 -6.068796e+00 7.402663e+00
-1.313340e+00 3.110504e-02 -1.091245e-01 6.607105e+00 6.162937e+00 4.101004e+00 1.536582e+00 -1.343520e+00 4.760939e+00 2.868886e-01 -3.716536e+00 7.119669e+00
7.589245e-02 1.003341e+00 -3.977993e+00 7.266199e+00 7.901366e+00 8.532006e+00 3.235543e+00 3.552438e+00 2.285140e+00 8.017073e-01 -3.597270e+00 5.347531e+00
-1.888345e+00 1.533322e+00 -1.669982e+00 3.717381e+00 6.002367e+00 -3.893504e-01 -3.535740e+00 -9.164503e-01 2.662873e+00 3.156902e+00 -4.995408e+00 4.380497e+00
-6.319450e+00 6.719493e+00 2.304456e-01 -4.716966e-01 4.147001e+00 4.946226e+00 2.698637e+00 -2.314634e+00 -2.264486e+00 1.245479e+01 1.112427e+01 6.776755e+00
-6.271009e+00 8.241347e+00 -7.314000e-01 -1.218162e+00 3.083651e+00 1.920141e+00 4.667211e+00 4.924124e-01 5.193870e+00 6.600154e+00 4.238138e+00 1.069337e+01
-7.446228e+00 5.773092e+00 -2.097864e+00 -5.106875e+00 8.143888e-01 4.729742e+00 1.929404e+00 -2.353019e+00 9.844307e-01 8.539124e+00 4.302305e+00 6.316689e+00
-5.863956e+00 7.906981e+00 -1.575597e+00 -3.104299e+00 1.616197e+00 6.157972e+00 4.417363e+00 2.714468e+00 -3.217336e+00 7.117784e+00 3.227804e+00 3.320555e+00
-7.339996e+00 6.002046e+00 -3.351637e+00 -2.185550e+00 -6.747460e-01 1.127522e+00 1.036364e+00 -1.140056e-01 3.835071e+00 9.932281e+00 8.323792e+00 5.742267e+00
-4.026727e+00 5.421006e+00 -8.421116e-01 -2.257040e+00 3.900908e+00 4.054886e+00 6.978276e+00 4.104162e+00 3.745210e+00 1.130680e+01 7.185552e+00 4.620062e+00
-5.897140e+00 5.153896e+00 6.175874e-01 -2.271613e+00 2.768497e+00 3.254569e+00 4.124122e+00 9.626945e-01 -1.767628e+00 8.793312e+00 1.899706e+00 5.523746e-01
-6.606285e+00 6.823215e+00 1.364081e+00 -4.676580e-02 4.785252e+00 3.526395e+00 1.557814e+00 1.089238e+00 7.262389e+00 8.561707e+00 6.994567e+00 2.019381e+00
-6.379102e+00 5.695560e+00 -1.615245e+00 -2.562913e+00 -2.542963e-01 2.606428e+00 2.730735e+00 -2.060460e-02 -1.941021e+00 7.705866e+00 3.059000e+00 4.691380e+00
-5.852096e+00 7.256114e+00 1.295692e+00 -1.603389e+00 2.232289e-01 4.209892e+00 7.539756e+00 3.610742e+00 3.019382e+00 1.101197e+01 8.986929e+00 6.268741e+00
-5.981166e+00 6.616193e+00 -1.083512e+00 -1.363317e+00 3.875433e+00 2.620064e+00 5.664108e+00 -7.718275e-02 3.322617e+00 1.074299e+01 5.822986e+00 3.679825e+00
-5.901445e+00 8.550425e+00 -1.036234e+00 -1.764568e+00 3.803053e+00 1.677701e+00 3.993143e+00 4.160388e-01 1.246653e+00 9.414937e+00 3.235140e+00 3.349078e+00
-6.268624e+00 6.327091e+00 -7.890236e-01 -3.983864e+00 -1.765273e+00 2.047390e+00 6.655729e+00 -7.429705e-01 2.961523e+00 6.337101e+00 4.961109e-01 4.577871e+00
-5.415452e+00 8.011539e+00 1.631108e-01 -3.482154e+00 1.416537e+00 5.405643e+00 7.414425e+00 1.295005e+00 -5.599824e-01 1.056209e+01 3.940582e+00 2.488834e+00
