5.455748e+00 -1.099817e+01 1.521449e+01 -1.254898e+01 -2.800822e+01 7.011865e-01 -9.823978e+00 4.137953e+00 -3.598272e+00 2.244983e+00 3.504635e+00 -1.899113e+01
5.982497e+00 -1.078632e+01 1.464966e+01 -1.204585e+01 -2.612912e+01 3.737894e-01 -6.787219e+00 4.432616e+00 -1.591688e+00 1.056789e+00 5.309370e+00 -1.825325e+01
6.953797e+00 -1.038082e+01 1.634059e+01 -1.273568e+01 -2.693968e+01 -1.433313e-03 -9.443386e+00 5.785758e+00 -4.228016e+00 4.731421e+00 2.773010e+00 -1.598743e+01
5.308868e+00 -9.998892e+00 1.523587e+01 -1.272625e+01 -2.329910e+01 2.065043e+00 -4.454401e+00 3.528513e+00 -3.265917e+00 -1.810062e+00 7.378213e+00 -1.730147e+01
6.597268e+00 -9.954173e+00 1.563974e+01 -1.309312e+01 -2.657197e+01 -8.974677e-01 -1.079455e+01 4.111540e+00 -5.256594e+00 6.840281e+00 4.854453e-01 -1.508290e+01
6.644358e+00 -7.694408e+00 1.476982e+01 -1.152298e+01 -2.669672e+01 1.965091e+00 -1.107243e+01 3.003877e+00 -4.291413e+00 7.780869e+00 1.914420e+00 -1.509312e+01
6.959845e+00 -6.433955e+00 1.594989e+01 -1.184660e+01 -2.589942e+01 3.317848e+00 -1.166371e+01 1.085568e+00 -4.152459e+00 8.805997e+00 4.179359e+00 -1.603053e+01
6.750491e+00 -4.383669e+00 1.674851e+01 -1.212816e+01 -2.274934e+01 2.117787e+00 -8.813774e+00 -2.965189e+00 -1.942355e+00 7.735916e+00 4.587373e+00 -1.407509e+01
6.363137e+00 -3.843739e+00 1.762886e+01 -1.239412e+01 -2.300087e+01 4.349861e+00 -1.317768e+01 -1.643997e+00 -5.747288e+00 7.861811e+00 2.479755e+00 -1.270604e+01
5.170813e+00 -2.274220e+00 2.110620e+01 -1.170236e+01 -2.237834e+01 4.583549e+00 -1.398295e+01 -4.634775e+00 -5.542214e+00 5.261488e+00 1.747754e+00 -1.025715e+01
6.151764e+00 -3.986326e+00 1.910629e+01 -1.110923e+01 -1.637676e+01 2.007656e+00 -1.467800e+01 -4.583369e+00 -6.332318e+00 9.118503e+00 1.545367e+00 -1.174470e+01
4.944479e+00 -2.924818e+00 2.195274e+01 -1.095460e+01 -2.254847e+01 7.613571e+00 -1.354420e+01 -5.694069e+00 -7.387142e+00 5.986403e+00 1.503018e+00 -8.712906e+00
5.759527e+00 -1.001382e+01 1.557189e+01 -1.119815e+01 -1.975405e+01 4.888648e+00 -5.795570e+00 2.089531e-01 -8.113194e+00 -4.668903e+00 5.628778e+00 -1.448710e+01
5.823950e+00 -2.072949e+00 2.103386e+01 -8.673702e+00 -2.231416e+01 9.769737e+00 -1.431182e+01 -7.743113e+00 -5.549037e+00 5.965893e+00 2.554685e+00 -9.157076e+00
5.835134e+00 -9.326341e-01 2.082225e+01 -9.342728e+00 -1.914576e+01 8.963408e+00 -1.327761e+01 -8.347218e+00 -5.844882e+00 6.859408e+00 1.374559e+00 -9.773060e+00
4.954999e+00 4.276729e-01 2.155842e+01 -9.622027e+00 -1.629456e+01 4.675954e+00 -1.320111e+01 -8.059752e+00 -8.105802e+00 8.334382e+00 1.421144e+00 -8.063103e+00
3.328030e+00 -7.104261e-01 2.200060e+01 -5.093933e+00 -1.519126e+01 1.204390e+00 -1.222923e+01 -9.026217e+00 -1.822293e+01 9.472193e+00 -4.689682e+00 -2.601480e+00
3.537784e+00 3.503644e-01 2.296094e+01 -8.872846e+00 -1.530492e+01 2.273231e+00 -1.125794e+01 -8.196718e+00 -7.935688e+00 1.239946e+01 1.044851e+00 -3.615942e+00
-8.862685e+00 4.031945e+00 -6.080308e+00 -4.633081e+00 3.075085e+00 -6.405560e+00 1.176408e+01 -5.626023e+00 -2.702695e+00 3.394895e+00 2.803499e+00 3.499792e+00
-4.217685e+00 4.298584e+00 -5.236978e+00 -8.096063e+00 1.472723e+00 -7.990887e+00 1.084145e+01 -4.294991e+00 -3.286183e+00 1.930745e+00 1.597300e+00 3.810664e+00
-5.212731e+00 2.549289e+00 -7.146607e+00 -9.299463e+00 -2.518653e+00 -7.415015e+00 1.092039e+01 -6.621584e+00 -4.287897e+00 8.821795e+00 2.198508e+00 1.065237e+00
-8.360934e+00 -1.748137e+00 -4.805287e-01 -4.130395e+00 -3.702595e+00 -8.940622e+00 1.770853e+01 1.325324e+00 -8.002819e+00 -1.408421e+00 1.681559e+00 9.392550e+00
-1.526067e+00 -2.872798e-01 -4.210056e+00 -8.867107e+00 2.831918e+00 -4.485904e+00 1.725120e+00 -5.520384e-01 -6.592355e+00 3.114447e+00 8.262002e-01 3.745159e+00
-2.538817e+00 6.082774e+00 1.695342e+01 -4.618245e+00 -1.909408e+01 -3.177904e+00 -1.622145e+01 -1.481626e+01 -1.981434e+01 1.157290e+01 -5.460646e+00 -1.189641e+00
-5.285859e+00 -3.706820e+00 -2.083806e-01 -4.339532e+00 2.192025e+00 -4.925400e+00 1.539446e+01 -5.269868e+00 -7.265299e+00 4.421346e+00 1.756368e+00 7.482937e+00
-4.075843e+00 -6.261975e+00 -1.278505e+00 -2.697746e+00 -3.788567e-02 -1.016662e+01 1.393356e+01 -1.064283e+00 -6.864797e+00 -7.947447e-01 -3.251357e+00 1.397684e+00
-4.134233e+00 -1.417559e+01 -8.185631e+00 1.444253e+01 -6.328790e+00 1.800487e+00 5.008722e+00 -1.133382e+01 7.219454e+00 -4.835382e+00 -1.767376e+00 1.223510e+00
2.997169e+00 -6.656958e+00 4.540457e+00 -3.887200e-02 -9.967088e+00 2.965311e+00 4.321751e+00 -6.092398e+00 1.396327e+00 -3.514072e+00 -8.222637e+00 7.514205e+00
6.350842e+00 -6.127269e+00 9.777896e+00 -6.425943e+00 -9.800824e+00 2.015869e+00 -3.409448e+00 -1.008668e+00 -6.325317e+00 -3.595996e+00 3.640724e+00 -5.918749e+00
-2.031948e+00 -7.961619e+00 -1.105786e+00 -1.966995e+00 2.104189e+00 -9.356717e+00 8.757890e+00 2.864188e+00 -7.387401e+00 4.410589e+00 1.496397e+00 -3.869501e-01
-1.287330e+01 7.406551e+00 -5.112731e-01 8.217987e+00 -1.013141e+01 4.271902e+00 1.394694e+01 -6.488162e-01 2.998538e+00 4.991414e-01 5.348877e+00 5.355877e+00
3.251951e+00 -5.718894e+00 6.255942e+00 2.789756e+00 -8.145683e+00 3.434100e+00 -1.461897e-01 -2.195081e+00 3.524552e+00 -4.799480e+00 -5.333344e+00 5.890582e+00
-8.326953e+00 7.708052e+00 -1.108201e+00 2.113298e+00 2.828637e+00 6.986371e-01 -5.106668e-01 8.724014e+00 1.926429e+00 7.177461e+00 -1.001724e+00 3.564115e+00
2.405794e+00 -5.032228e+00 -1.664080e+00 -2.793048e+00 9.887182e+00 5.815972e+00 -4.701481e-01 7.942841e+00 -4.107800e+00 -5.552033e+00 3.456166e+00 -5.991077e-01
3.484204e+00 -6.094155e+00 -9.740441e-01 -2.168486e+00 4.551038e+00 2.125526e+00 -1.189957e-01 3.530451e+00 -6.753241e+00 -2.601893e-01 1.307349e+00 -2.671402e+00
7.315903e-01 -8.082074e+00 -9.205998e-01 2.437775e-01 4.915630e+00 3.939771e-01 6.660822e+00 3.224594e+00 -6.232582e+00 4.648384e-02 -6.765207e+00 -1.891328e+00
2.219974e+00 -7.189139e+00 -2.062919e+00 -5.384111e-01 7.598395e+00 3.508728e+00 3.275573e+00 1.002251e+01 -2.935074e+00 -3.148695e+00 -2.952324e-01 2.406802e+00
3.259137e+00 -3.951877e+00 -1.575819e+00 1.330696e+00 1.233794e+01 -3.094319e+00 -4.984775e+00 1.138153e+01 1.811593e+00 -1.485273e+01 -9.435219e+00 6.887896e+00
-4.126042e+00 -2.203962e+00 7.385254e-02 1.225254e+00 -2.543669e-01 -3.688951e+00 7.454691e+00 1.208463e+01 -2.187491e+00 -1.462419e+00 5.755317e-01 1.155775e-01
2.116930e+00 -6.246171e+00 -4.328529e+00 1.877481e+00 9.947949e+00 -3.289774e+00 -1.096538e+01 4.466596e+00 -6.492562e-01 -8.673250e+00 -5.709718e+00 1.823865e+00
-8.752233e+00 7.829442e+00 -1.830827e+00 6.098666e+00 2.493861e+00 -9.111714e-01 -3.289701e+00 3.055607e+00 5.862823e-01 9.940826e+00 8.974743e-02 6.320719e+00
1.388585e+00 -4.821394e+00 -3.117694e+00 2.779082e+00 7.156058e+00 -3.743810e+00 -9.827888e+00 1.177830e+00 -1.607339e+00 -6.237179e+00 8.125073e-01 7.259144e+00
3.003910e+00 -2.208019e+00 -5.018443e+00 2.183445e+00 1.601281e+01 -1.237391e+00 -7.100449e+00 6.152472e+00 2.102876e+00 -1.365384e+01 -6.827264e+00 8.065435e+00
-2.644220e+00 8.286304e+00 9.457401e+00 -2.030330e-01 -4.102526e+00 -2.694702e+00 -7.114857e+00 -2.576126e+00 -9.448730e+00 1.022311e+01 8.983719e-01 -9.329448e-01
3.355042e+00 -5.374488e+00 -8.949321e+00 -1.609161e+00 1.607921e+01 2.382240e+00 -6.067275e+00 4.620299e+00 -1.852322e+00 -1.626851e+01 -5.289757e+00 3.068399e+00
-3.283057e+00 -9.814814e+00 -4.861964e+00 1.399143e+01 -1.070608e+00 1.222018e+00 7.784500e+00 -6.806908e+00 8.128218e+00 8.083638e-01 5.730376e-01 3.857922e+00
2.407231e+00 -3.916002e+00 -9.279570e+00 2.569730e+00 1.819880e+01 -2.780043e+00 -8.575947e+00 4.178555e+00 -1.656275e-01 -1.246341e+01 -5.467586e+00 8.151373e-01
2.518028e+00 -3.062383e+00 -7.802009e+00 -9.956934e-01 1.504735e+01 3.039737e+00 -6.001376e+00 3.772789e+00 2.213907e-02 -1.418707e+01 -6.359603e+00 4.937210e+00
-7.474601e+00 5.338879e+00 -1.995990e+00 9.381441e+00 -4.624016e+00 6.266142e-01 8.316113e+00 -1.978098e+00 3.814026e+00 3.799882e+00 3.442173e+00 4.205738e+00
2.638137e+00 -2.026624e+00 -3.949675e+00 6.835815e+00 1.521244e+01 -6.692315e+00 -4.611909e+00 7.195899e+00 2.394842e+00 -1.442982e+01 -8.523243e+00 -1.183721e-01
2.293195e+00 -2.569126e+00 -8.417600e+00 1.536311e+00 1.942705e+01 2.269155e+00 -5.854942e+00 5.623813e+00 -1.963369e+00 -1.071310e+01 -2.499530e+00 1.245115e+00
3.347337e+00 -1.051623e+00 -1.126640e+01 1.134181e+00 1.772638e+01 -4.134176e+00 -1.356679e+01 1.375152e+00 1.330704e+00 -3.832551e+00 -4.547116e-01 -2.650576e+00
4.465286e+00 -2.062244e+00 -1.191717e+01 4.784908e+00 1.424488e+01 -4.668315e+00 -8.808790e+00 1.539710e-01 1.484292e+00 -4.283816e+00 2.091749e+00 1.976117e+00
-4.961390e+00 -3.464345e+00 -2.724940e+00 1.056320e+01 -6.398989e+00 -4.260123e+00 8.798508e+00 -7.207372e-01 -6.514783e+00 8.632038e-01 5.167834e+00 3.265167e+00
2.502427e+00 -2.349491e+00 -1.290929e+01 3.568040e+00 1.644918e+01 -1.102574e+00 -3.359171e+00 3.292330e+00 2.115874e-01 -1.248163e+01 -5.958017e+00 2.680091e+00
1.662371e+00 -3.947175e+00 -1.196228e+01 3.015655e+00 1.652682e+01 1.010882e+00 -2.027922e+00 4.114073e+00 -1.661071e+00 -1.120583e+01 -2.948042e+00 1.687508e+00
-4.221541e+00 -7.165134e+00 -3.164545e+00 1.194971e+01 7.905774e-01 -2.598799e+00 3.531892e+00 -8.468775e+00 1.443472e+00 -1.056111e+00 7.226722e-01 -1.410688e+00
2.860363e+00 -2.203105e+00 -1.143847e+01 2.252557e+00 1.481055e+01 -2.010525e+00 -6.069985e+00 2.353156e+00 -2.876034e+00 -7.545836e+00 2.512733e-01 -2.736040e+00
3.971662e+00 -1.459629e+00 -1.518683e+01 5.379899e+00 1.584884e+01 -2.425030e+00 1.352966e+00 1.827815e+00 -4.569306e-01 -6.343401e+00 -4.441919e+00 5.118962e+00
-1.433756e+00 -2.875950e-01 -1.394596e+00 4.983090e+00 1.864958e+00 -7.696321e+00 -5.021377e-01 2.129436e+00 -4.219256e+00 -6.087817e+00 1.939023e+00 1.977050e+00
4.087533e+00 -2.332101e+00 -1.049490e+01 5.729168e+00 1.412806e+01 -6.299123e-01 8.709364e-01 4.702422e+00 2.039291e+00 -5.231510e+00 -4.319988e+00 -5.419610e-01
4.615329e+00 -2.135572e+00 -1.258942e+01 6.476047e+00 1.389371e+01 2.818593e+00 -1.051041e+00 2.531949e+00 1.709700e-02 -4.956542e+00 5.768265e-01 5.693055e-01
2.079434e+00 -3.206994e+00 -1.346178e+01 2.492921e+00 1.223737e+01 -5.506601e+00 -2.296954e+00 3.486353e+00 1.042697e+00 -9.820333e+00 -7.184175e+00 -8.494763e-01
2.936023e+00 -1.382912e+00 -9.877022e+00 7.212094e+00 1.609941e+01 2.250805e+00 -1.946743e+00 -2.112385e+00 -1.215206e+00 -9.029257e+00 -3.827342e+00 4.681825e-01
-6.416295e+00 7.564564e+00 -6.434107e-01 1.424384e+00 5.963387e-01 5.007471e-01 -3.979106e-01 2.514645e+00 1.776424e+00 -5.571337e-01 -2.065405e+00 1.885551e+00
3.909822e+00 5.125041e-01 -1.154404e+01 4.980848e+00 1.543100e+01 4.342856e+00 2.975310e+00 1.038029e+01 1.023417e+00 -9.577206e+00 -6.792840e+00 2.841258e-01
4.524600e+00 -1.102542e+00 -1.537709e+01 3.072201e+00 1.135448e+01 6.972574e-01 -2.631145e+00 1.080082e+00 2.703667e-04 -5.625258e+00 -4.713911e+00 3.117958e+00
2.905009e+00 -6.542079e-01 -9.928144e+00 6.547808e+00 1.576960e+01 1.848872e+00 -1.813130e+00 -2.735972e-01 -1.097759e+00 -8.490474e+00 -1.552255e+00 2.114500e+00
-4.828702e+00 7.254251e+00 -1.244598e+00 8.660746e+00 5.128421e+00 3.652241e+00 9.558685e+00 6.245599e+00 1.246271e+01 4.034282e+00 -5.351133e+00 -4.613730e+00
1.457732e+00 -2.236912e+00 -1.203838e+01 -3.991127e-02 7.960126e+00 3.141872e+00 -2.794366e+00 -1.245520e-01 3.628649e+00 -8.782967e+00 -5.105961e+00 3.424829e-01
1.454166e+00 3.287651e+00 -5.484107e+00 -7.581632e-01 -2.879854e+00 1.147091e+01 1.392629e+01 -3.725969e+00 -2.682562e+00 -6.769629e+00 -2.576387e+00 2.930031e+00
1.391985e+00 4.043002e+00 -9.561988e-01 2.156231e+00 -2.387915e-01 6.664095e+00 7.773805e+00 -3.181045e+00 -3.660178e+00 -1.038811e+01 -9.396650e-01 6.943067e+00
-2.528938e+00 6.403197e+00 -2.500411e+00 3.755027e+00 3.881796e+00 -1.192900e+00 2.946975e+00 5.862427e-01 5.275065e+00 5.074526e-01 1.011843e+00 4.375988e+00
-2.968333e+00 6.915596e+00 -2.868794e+00 4.458199e+00 4.501660e+00 -6.439429e-01 5.502839e+00 7.782297e-01 6.451952e+00 3.251407e-01 3.689928e+00 7.143489e+00
-3.452971e+00 5.509844e+00 -4.863495e+00 1.062104e+00 4.573258e+00 -1.826514e+00 6.853014e+00 -4.590201e-02 6.054798e+00 6.704834e+00 3.971086e+00 7.078175e+00
-4.223285e+00 7.073556e+00 -1.814499e+00 1.814748e+00 4.222069e+00 -1.279963e+00 6.079178e+00 6.882296e-01 8.434433e+00 6.378698e+00 5.865374e+00 4.684866e+00
-2.819286e+00 5.856620e+00 -3.569830e+00 5.926914e-01 5.685294e+00 -1.015144e+00 4.318066e+00 5.205319e-01 1.486672e+00 5.035953e+00 3.421416e+00 3.391612e+00
-2.908113e+00 4.983930e+00 -2.328222e+00 3.453423e+00 6.000982e+00 -2.059773e+00 5.196654e+00 2.633891e+00 3.980370e+00 2.821330e+00 3.740262e+00 4.301103e-01
-4.088603e+00 3.191423e+00 -5.801363e+00 9.825981e-01 7.320070e-02 -6.320186e+00 1.617005e+00 1.034988e+00 4.713877e+00 -3.145098e-01 -1.479356e+00 3.773548e+00
-3.527522e+00 5.801569e+00 -3.261797e+00 2.912144e+00 3.491795e+00 -8.154088e-01 5.740485e+00 -1.434277e+00 5.253285e+00 3.294817e+00 1.086706e+00 2.077144e+00
-2.869285e+00 6.343748e+00 -1.983398e+00 4.783864e+00 2.367449e+00 -4.774863e-01 5.681704e+00 -1.370222e+00 8.610100e+00 1.007995e+01 5.315046e+00 1.943284e+00
-3.505018e+00 6.544333e+00 -1.021352e+00 6.271606e+00 3.129965e+00 -8.877353e-01 5.088093e+00 -1.387649e+00 8.699255e+00 6.415602e+00 -1.119640e+00 4.922652e+00
-3.258817e+00 6.459382e+00 -4.772013e+00 2.027173e-01 1.176877e+00 -2.303097e+00 4.630013e+00 -1.381730e+00 7.633795e+00 1.853624e+00 7.021642e-01 2.491263e-01
-3.632438e+00 5.603536e+00 -2.732872e+00 9.343343e-01 1.742681e+00 -3.684819e+00 1.238060e-02 -5.918414e+00 6.924727e+00 4.242914e+00 1.799661e+00 6.301107e+00
-3.055165e+00 5.059328e+00 -3.768547e+00 -2.273517e-01 3.515322e+00 -1.871852e+00 6.135757e+00 -2.507325e+00 3.067633e+00 5.554053e+00 -6.550786e-01 5.199696e+00
-1.539823e+00 6.163635e+00 -1.622095e+00 3.800982e+00 1.482524e+00 2.012387e+00 4.799503e+00 -1.396785e+00 3.962007e+00 2.691468e+00 2.428276e+00 1.054103e+00
-1.932599e+00 5.480722e+00 -2.894049e+00 4.415652e+00 3.077312e+00 1.514282e+00 3.407419e+00 -3.716718e+00 2.892429e+00 3.298098e+00 2.426545e+00 2.997082e+00
-2.404757e+00 6.145189e+00 -2.996197e+00 2.809199e+00 2.708972e+00 -9.765071e-01 2.191744e+00 -4.085236e+00 6.832603e+00 8.618750e+00 3.375452e+00 1.154191e+00
-3.276660e+00 7.247194e+00 -4.748887e+00 1.681827e+00 5.828867e-01 -3.408995e+00 2.148238e+00 1.939293e+00 9.778092e+00 -1.289152e-01 -5.254336e-01 3.906688e+00
-2.951016e+00 4.651663e+00 -6.579394e+00 1.208274e+00 -7.049751e-02 -5.433589e+00 5.373001e-01 -2.570795e+00 7.389920e+00 2.402494e+00 5.348846e+00 8.861326e+00
-1.051327e+00 4.698189e+00 -5.197860e+00 1.488319e+00 3.685429e+00 7.043140e-01 3.483977e-01 -1.878371e+00 5.337051e+00 -3.479186e+00 -2.270363e+00 5.930617e+00
-2.493360e+00 4.484550e+00 -4.298350e+00 3.518350e+00 5.266448e+00 2.828064e+00 6.640711e+00 2.772132e+00 8.024749e+00 2.441774e+00 4.055897e+00 5.443238e+00
-3.843555e-01 3.826585e+00 -8.810128e+00 -2.004582e+00 3.206072e+00 9.753510e+00 1.385923e+01 -5.256109e+00 -2.325993e+00 -4.119287e+00 2.166910e+00 -9.598210e-01
2.220592e-01 9.832967e+00 5.184352e-02 6.620687e+00 4.622724e+00 5.470805e+00 1.014441e+01 -3.314886e-01 7.518581e+00 -8.154451e-01 -9.383057e-01 3.303026e+00
2.013408e+00 1.095673e+01 2.017453e+00 9.375280e+00 1.094373e+01 7.995200e+00 1.325889e+01 4.652316e+00 2.963661e+00 -2.875901e+00 -2.574220e-01 2.063663e-01
-3.702327e+00 5.067448e+00 -8.028094e-01 5.639393e+00 3.555302e+00 -1.346821e+00 5.755371e+00 -2.343113e+00 9.417843e+00 4.698747e+00 2.982918e+00 9.742098e-01
-4.395389e+00 5.059742e+00 -4.106774e+00 1.089417e+00 4.444009e+00 -8.929300e-01 -1.112422e+00 -5.158589e+00 6.355187e+00 5.882109e+00 1.025189e+00 3.037305e+00
-3.372562e+00 6.403805e+00 -1.671165e+00 4.032313e+00 2.487755e+00 -5.054079e-01 7.042612e+00 3.828521e+00 1.035036e+01 4.026836e+00 3.121707e+00 4.857709e+00
-2.808235e+00 5.244433e+00 -1.893826e+00 5.942774e+00 7.269177e+00 1.116462e+00 5.449289e+00 -4.315515e+00 8.377549e+00 8.425826e+00 4.776571e+00 6.132956e+00
-2.269047e+00 5.992778e+00 -1.538327e+00 3.576614e+00 5.484128e+00 2.541277e+00 5.230681e+00 2.610145e+00 7.026130e+00 5.997544e+00 1.330264e+00 4.722739e+00
-4.070817e+00 6.870220e+00 -2.621667e+00 2.597863e+00 9.002457e-01 -1.782437e+00 3.898042e+00 2.104098e+00 1.002368e+01 3.654779e+00 -2.907181e+00 2.391776e+00
-2.271799e+00 8.824171e+00 1.554187e+00 1.041822e+00 -3.406615e-01 -4.122574e+00 8.424797e-01 -2.489918e+00 -9.727459e-01 2.598975e-01 -1.043833e+00 2.548773e+00
