8.337407e+00 -1.124277e+01 -1.059852e+01 -5.396263e+00 1.122654e+01 -2.365765e+00 5.280045e+00 -5.785251e+00 -6.949074e+00 -2.450298e+00 1.514952e+00 -2.286495e+00
7.471434e+00 -1.138432e+01 -1.207750e+01 -4.961422e+00 8.447925e+00 -2.664757e+00 5.036430e+00 -8.771093e+00 -7.836197e+00 -4.737490e+00 9.395711e-01 -3.861415e+00
7.581845e+00 -1.030386e+01 -1.254543e+01 -4.202423e+00 6.991671e+00 -1.340186e+00 2.989489e+00 -5.171387e+00 -6.437420e+00 -3.232615e+00 4.416735e-01 -3.202865e+00
8.665596e+00 -9.856412e+00 -1.006434e+01 -2.070151e+00 9.909893e+00 2.340898e+00 6.683459e+00 -3.439435e+00 -6.243101e+00 -7.305212e-01 2.989526e+00 -8.989530e-01
7.961976e+00 -1.251578e+01 -1.095646e+01 -5.557371e+00 7.671627e+00 -6.734729e-01 4.432182e+00 -7.505217e+00 -8.280200e+00 -4.553266e+00 2.130609e-01 -4.297604e+00
9.344973e+00 -9.529342e+00 -8.572154e+00 -2.495583e+00 1.086266e+01 3.255021e+00 8.707727e+00 -5.906010e+00 -2.189132e+00 -2.300282e+00 4.153220e+00 -1.239802e+00
8.265674e+00 -1.147961e+01 -1.152544e+01 -5.432750e+00 6.899426e+00 -6.244783e-01 5.513314e+00 -1.053498e+01 -6.258490e+00 -5.214970e+00 -4.192972e-01 -4.304064e+00
9.305906e+00 -1.136908e+01 -8.925908e+00 -4.161121e+00 8.820898e+00 2.220243e+00 8.500445e+00 -8.077850e+00 -3.770229e+00 -2.876065e+00 2.354940e+00 -1.389395e+00
8.301668e+00 -1.053137e+01 -1.428600e+01 -5.049548e+00 1.280555e+00 -2.122833e+00 4.794953e-01 -5.864916e+00 -8.371544e+00 -5.431141e+00 -3.531082e+00 -6.417544e+00
8.596939e+00 -1.131665e+01 -1.163857e+01 -4.979043e+00 5.512650e+00 1.384301e+00 5.444638e+00 -1.121642e+01 -4.907112e+00 -6.982285e+00 2.247471e+00 -6.641280e+00
7.889864e+00 -1.315611e+01 -9.621594e+00 -1.045988e+00 -1.388027e+00 -5.602205e+00 -1.596924e+00 -3.038335e+00 -2.197451e+00 -1.097344e+01 -5.359428e+00 -7.874236e+00
9.586491e+00 -1.244190e+01 -1.031057e+01 -4.399017e+00 5.320816e+00 9.217625e-01 4.257239e+00 -1.118629e+01 -2.476291e+00 -6.879727e+00 1.752036e-01 -5.963414e+00
8.987597e+00 -1.096555e+01 -1.102435e+01 -3.840066e+00 6.338469e+00 1.021364e+00 6.850111e+00 -1.130915e+01 -2.301313e+00 -5.185400e+00 9.576097e-01 -4.081324e+00
9.648750e+00 -1.285550e+01 -5.542962e+00 7.864957e-01 -1.359013e+00 -7.062762e-01 -2.017299e+00 5.537623e+00 1.641214e+00 -9.406687e+00 -2.667245e+00 -4.093119e+00
9.681587e+00 -1.155513e+01 -1.000340e+01 -5.004499e+00 7.301252e+00 1.127611e+00 6.335747e+00 -1.022310e+01 -3.968107e+00 -4.370661e+00 6.050251e-01 -3.313303e+00
7.523501e+00 -1.168363e+01 -1.003089e+01 -4.932971e-01 6.794624e-01 -3.818089e+00 4.322050e-01 -4.479602e+00 -6.882508e-01 -8.887312e+00 -3.828548e+00 -5.935835e+00
8.945518e+00 -1.126664e+01 -1.038464e+01 -2.454413e+00 5.087513e+00 8.731699e-01 6.096731e+00 -1.084639e+01 -8.188589e-01 -5.561318e+00 5.375755e-01 -4.489323e+00
8.292172e+00 -1.241729e+01 -1.092391e+01 -3.471383e+00 2.548036e+00 -4.995275e-02 1.874811e+00 -1.054586e+01 -3.794516e+00 -6.959175e+00 -2.549839e+00 -5.303858e+00
8.748943e+00 -1.259545e+01 -9.902963e+00 -1.179277e+00 5.671499e-01 -9.691865e-01 1.887252e-01 -6.373536e+00 -2.835419e+00 -7.975046e+00 -2.768398e+00 -5.398843e+00
8.837339e+00 -1.194376e+01 -1.133747e+01 -1.541201e+00 8.972685e-01 -1.144934e-01 3.368282e-02 -9.045359e+00 -3.084570e+00 -9.037687e+00 -1.272364e+00 -6.641148e+00
9.044873e+00 -1.256714e+01 -7.436226e+00 1.622826e-01 -7.444656e+00 -3.336788e+00 -3.438336e+00 4.382448e+00 -3.631434e-01 -1.242401e+01 -6.432861e+00 -4.043703e+00
1.012221e+01 -8.269665e+00 -1.370933e+01 -4.191817e+00 -1.477547e-01 -3.731413e+00 3.831030e+00 -7.122251e+00 -3.810336e+00 -7.582026e+00 -9.295623e-01 -7.331633e+00
9.606243e+00 -1.036974e+01 -4.940695e+00 8.831931e-01 -6.855808e+00 -3.750257e+00 2.835402e-01 7.158199e+00 3.203432e+00 -1.239941e+01 -5.341909e+00 -2.061612e+00
1.112272e+01 -5.636271e+00 -1.521488e+01 -6.496964e+00 -1.959339e+00 -3.453367e+00 7.766795e-01 -7.656210e+00 -4.522582e+00 -7.594646e+00 -9.796274e-01 -6.892567e+00
8.642291e+00 -1.004944e+01 -5.889544e+00 -2.029735e+00 -1.093843e+01 -7.799437e+00 -5.141857e-01 3.166337e+00 3.374407e-01 -1.434625e+01 -9.272734e+00 -3.916114e+00
9.249014e+00 -8.796239e+00 -5.048768e+00 -6.211388e-01 -1.262195e+01 -5.618639e+00 -2.324315e+00 3.828381e+00 9.297996e-01 -1.358364e+01 -5.324192e+00 -5.370022e+00
8.089800e+00 -8.762152e+00 -4.159322e+00 -1.414595e+00 -1.349416e+01 -6.799448e+00 -2.603761e+00 1.546630e+00 1.738294e+00 -1.284281e+01 -4.688336e+00 -6.510100e+00
7.824635e+00 -7.875618e+00 -2.966695e+00 -1.066929e+00 -1.478059e+01 -5.096759e+00 -4.597644e+00 4.180186e+00 -1.049524e+00 -7.143903e+00 -5.730114e+00 -6.157129e+00
7.102057e+00 -7.489145e+00 -4.385233e+00 -3.235475e+00 -1.746849e+01 -7.955102e+00 -6.327065e+00 1.237739e+00 -4.465671e-01 -1.017152e+01 -6.767003e+00 -8.529886e+00
1.322420e+01 -2.920599e+00 -1.258165e+01 -6.634794e+00 -3.566014e+00 -5.505161e-01 -2.074867e+00 -5.509257e+00 -2.237685e+00 -7.908853e+00 3.331004e+00 -8.302349e+00
6.861375e+00 -5.992976e+00 -3.996022e+00 -3.935932e+00 -1.876279e+01 -8.868502e+00 -6.579229e+00 4.540098e-01 -6.759052e-01 -8.348576e+00 -6.990450e+00 -1.081318e+01
7.411276e+00 -3.817484e+00 -3.680730e+00 -2.709618e+00 -2.066422e+01 -8.852537e+00 -8.974895e+00 2.308082e+00 1.203792e-01 -6.979145e+00 -7.200734e+00 -1.124857e+01
7.807708e+00 -1.586546e+00 -9.775810e-01 6.387211e-01 -2.072417e+01 -7.946536e+00 -5.728306e+00 4.048564e+00 -1.861193e-01 -1.302967e+00 -6.602522e+00 -9.354544e+00
5.903418e+00 -9.330950e-01 -1.590629e+00 -2.213509e+00 -2.406957e+01 -9.145590e+00 -1.035265e+01 -1.059978e+00 -7.438552e+00 -5.280518e+00 -6.968278e+00 -1.294047e+01
7.116982e+00 -3.932972e-01 1.454556e+00 -3.000894e-01 -2.040748e+01 -8.809248e+00 -9.351754e+00 4.620075e-02 -8.742641e+00 -2.396821e+00 -5.002771e+00 -8.265652e+00
5.989193e+00 1.258873e+00 9.229274e-01 -9.037030e-02 -2.039188e+01 -9.658627e+00 -1.144962e+01 -1.097484e+00 -1.148350e+01 -5.199359e+00 -3.694202e+00 -7.755671e+00
8.430798e+00 3.510850e+00 2.057314e+00 5.269658e+00 -1.775591e+01 -6.647500e+00 -8.011147e+00 1.250151e+00 -6.785832e+00 -2.485770e+00 -4.940748e-03 -4.679576e+00
7.655554e+00 6.318861e+00 -7.399120e-01 5.142013e+00 -2.099707e+01 -8.480156e+00 -1.396983e+01 1.629359e+00 -1.085302e+01 -6.080108e+00 -7.463572e+00 -8.228464e+00
6.832999e+00 8.768297e+00 4.276040e+00 7.536740e+00 -1.558669e+01 -5.620421e+00 -1.066484e+01 -3.091859e+00 -7.522018e+00 -7.933295e+00 -5.489294e+00 -6.560379e+00
7.130002e+00 6.915007e+00 2.867156e+00 6.731038e+00 -1.526455e+01 -3.070241e+00 -5.737497e+00 -6.912362e+00 -1.389172e+01 -9.959579e+00 -1.289201e+01 -9.648722e+00
-1.771457e+01 -1.615762e+00 4.667589e+00 4.335192e+00 6.542316e+00 5.564654e-01 -1.833059e+00 4.053215e+00 6.357974e+00 8.085020e+00 3.059591e+00 4.365161e+00
7.061036e+00 7.090010e+00 -8.087859e+00 -5.620617e+00 1.609154e+00 -1.187841e+00 -1.137580e+00 -5.200393e+00 -5.527259e+00 -5.080776e+00 -6.612303e-01 -5.354853e+00
-1.545615e+01 3.586822e-01 5.639889e+00 2.505129e+00 7.782898e+00 8.635191e+00 3.673027e+00 5.405200e+00 5.220639e+00 3.809075e+00 -1.996788e+00 3.903209e+00
-1.682351e+01 1.488277e+00 4.864185e+00 4.634460e+00 4.463455e+00 2.365562e+00 -4.264972e+00 -4.502873e+00 5.569181e+00 7.171347e+00 4.312815e+00 3.795390e+00
-1.102915e+01 2.826470e+00 5.526337e+00 -2.732224e-01 -7.860584e-01 -2.739590e+00 -4.860979e+00 8.214401e-01 8.787487e-01 3.925952e+00 2.740550e+00 7.366869e+00
-1.025311e+01 1.863270e+00 2.088033e+00 -1.178640e+00 1.896955e+00 2.214195e+00 -2.793332e+00 8.026214e-01 4.811050e+00 -1.703110e-01 -1.337392e+00 2.853760e+00
-7.160542e+00 -1.933813e+00 5.735569e-01 -4.935446e+00 -2.253058e+00 -3.034140e+00 -6.002005e+00 6.387163e-01 3.295892e+00 -1.336083e-01 4.906329e+00 2.975066e+00
5.764951e+00 1.000010e+01 5.184188e+00 4.274433e+00 -1.496935e+01 -2.976806e+00 -7.162341e+00 -4.894716e+00 -1.716376e+01 -8.916224e+00 -1.134143e+01 -7.766658e+00
-1.895276e+00 -2.345593e+00 7.396393e-01 2.301113e+00 -1.100505e+00 -2.262591e+00 -5.258302e+00 4.584384e+00 1.270536e+00 4.620255e+00 3.630340e+00 7.114892e+00
-6.942296e+00 3.552813e+00 4.123443e+00 3.184083e+00 -2.194418e+00 1.534019e+00 -3.738997e-01 4.594100e+00 1.999657e-01 1.101507e+01 1.780354e+00 3.934234e+00
-8.965190e+00 2.624750e+00 -1.484139e+00 7.466552e-01 2.258592e+00 1.291400e+00 4.621177e-01 6.722384e+00 4.126516e+00 3.793857e+00 2.254028e-01 4.146403e+00
3.075867e+00 8.219803e+00 7.454834e+00 4.175636e+00 -4.602018e+00 3.607602e-01 -1.093380e+01 -1.169952e+01 -1.520987e+01 -3.788943e+00 -3.618530e+00 -7.303957e+00
-9.105069e+00 -1.754155e-01 5.580301e+00 4.382407e+00 2.893823e+00 2.195324e+00 -9.109483e-01 1.129916e+01 6.038150e+00 2.348694e+00 -1.232056e+00 4.623094e-01
-6.251727e+00 4.424196e+00 3.425914e+00 5.293734e+00 2.473268e+00 1.493098e+00 -1.017411e-01 8.231434e+00 6.757657e+00 1.005764e+01 2.520513e+00 2.403932e-01
-7.279029e+00 1.946547e+00 6.094865e+00 7.353854e+00 -5.217028e-01 -1.671614e+00 -2.513501e+00 2.026661e+00 -2.294847e+00 8.488519e-01 -5.323536e+00 -3.579689e+00
-7.422896e+00 9.540415e-01 6.770582e+00 -2.318219e-01 -5.560055e-01 1.370393e+00 1.684176e+00 5.285793e+00 6.911251e+00 1.265499e+01 7.287217e+00 5.810442e+00
-1.216359e+00 6.254073e+00 8.649051e+00 5.450747e+00 -4.664337e+00 -2.626059e+00 -7.443638e+00 -5.757923e+00 -1.270014e+01 -3.208876e-01 -4.917880e+00 -3.266249e+00
-4.805252e+00 2.647105e+00 3.054874e+00 -1.542445e+00 3.300825e+00 2.910748e-01 3.841301e+00 3.708502e+00 4.246576e+00 7.252695e+00 2.688067e+00 2.796216e+00
-3.832464e+00 7.677484e-01 9.279251e-04 -9.788358e-01 1.511045e+00 -2.808951e+00 -1.304960e-01 7.693709e+00 6.177308e+00 4.340104e+00 1.921420e+00 3.515347e+00
-8.873892e-01 5.278299e+00 2.090730e+00 2.620951e+00 1.199781e+00 3.181505e-02 -4.541327e+00 1.579995e+00 4.009316e+00 6.965050e+00 -1.447177e-01 6.734109e-01
1.428160e+00 4.788670e+00 4.808122e+00 4.555758e+00 1.518517e+00 -1.833933e+00 -8.061733e-01 8.306463e-01 6.081851e-01 -4.573123e+00 -2.502060e+00 -1.325521e-01
-5.662051e+00 4.700912e+00 2.338058e+00 2.067421e+00 8.833364e+00 6.960364e+00 2.778327e+00 5.143430e+00 3.261847e+00 2.121888e+00 9.385292e+00 1.071659e+01
-1.646839e+00 4.986618e+00 2.109053e+00 -2.692905e-01 3.898417e+00 -1.192506e+00 -2.032350e+00 2.426947e+00 4.572576e+00 4.375204e+00 -1.184306e+00 7.989435e+00
-8.493688e+00 6.503878e+00 4.548920e+00 -1.076302e+00 2.808256e+00 5.165063e+00 4.840260e+00 3.351701e+00 9.009930e+00 9.713223e+00 1.062630e+01 8.729936e+00
-1.492314e+00 7.688278e+00 2.587283e+00 -3.163397e+00 3.765392e-01 -2.068940e+00 -2.535767e+00 6.725237e-01 2.805246e+00 1.015580e+01 -4.020896e-01 5.980991e+00
-6.904822e+00 7.713304e+00 7.436359e+00 2.247558e+00 6.309197e+00 4.635775e+00 3.486615e+00 6.936929e-01 -2.973099e+00 1.055651e+00 1.431801e+00 1.056551e+01
-7.621552e+00 5.118722e+00 4.361022e+00 3.872324e-01 3.225141e+00 1.203625e+00 -4.426339e-01 6.737373e+00 6.655626e+00 6.707275e+00 5.567368e+00 8.996080e+00
-7.377059e+00 7.503725e+00 5.233890e+00 2.263555e+00 7.040843e+00 7.319995e+00 5.354889e+00 8.373779e-01 5.531174e+00 9.869999e+00 -9.321756e-01 4.440223e+00
-6.173162e+00 8.130812e+00 6.769977e+00 4.626581e-01 5.915800e+00 4.198258e+00 6.908635e+00 2.696771e+00 -5.657434e-02 4.097130e+00 9.333484e-01 -3.562989e-01
-6.775098e+00 7.203311e+00 3.638689e+00 -1.395706e+00 9.749441e+00 6.149995e+00 4.766044e+00 -4.028616e-01 3.063664e+00 1.415446e+01 1.047107e+01 8.648120e+00
-1.675299e+00 9.390205e+00 5.206914e+00 3.572790e-01 4.030798e+00 -8.330083e-02 -3.977873e-01 2.185861e+00 4.188524e+00 6.148083e+00 -8.366361e-01 2.801877e+00
-6.392985e+00 5.337952e+00 4.380653e+00 3.683062e+00 5.495652e+00 9.839290e+00 4.143045e+00 1.213874e+00 1.922996e-01 8.121644e+00 3.162310e+00 7.264962e+00
-3.462185e+00 7.448302e+00 3.940192e+00 -6.384248e-01 1.016209e+00 8.332303e-01 -2.212631e+00 -1.682290e+00 4.510337e+00 5.961348e+00 4.269667e-01 5.322078e+00
-9.183799e+00 5.772193e+00 3.109526e+00 -1.013524e+00 2.025036e+00 1.003893e+00 -2.967971e+00 -5.623763e+00 1.513696e-02 4.051638e+00 7.188138e+00 6.246163e+00
-3.655667e+00 7.379634e+00 7.052143e+00 1.840301e+00 3.759004e+00 1.723567e+00 -5.181479e-02 5.260824e+00 9.020031e+00 5.452847e+00 1.249987e+00 2.907135e+00
-6.777881e+00 8.744734e+00 1.205530e+01 4.030872e+00 7.046829e+00 7.316257e+00 6.368109e+00 1.018036e+01 6.442537e+00 4.788501e+00 2.423266e+00 3.122598e+00
-7.416158e+00 8.009315e+00 8.916700e+00 1.594350e+00 6.550720e+00 7.360378e+00 6.657367e+00 5.564854e+00 9.213366e+00 6.358845e+00 4.135988e-01 5.002875e+00
-6.610141e+00 6.097095e+00 6.564874e+00 -3.460436e+00 4.969358e-02 3.485280e+00 1.646906e+00 -1.037259e-01 1.677948e+00 2.428833e+00 1.239650e+00 5.868788e+00
-9.143867e+00 4.808413e+00 5.547669e+00 3.884065e-01 6.568341e+00 7.890251e+00 7.768618e+00 1.101619e+01 9.664582e+00 7.571903e+00 4.878139e+00 1.226740e+01
-8.439694e+00 4.700562e+00 6.448905e+00 1.558835e+00 4.372879e+00 2.383410e+00 1.239322e+00 3.610531e+00 4.456868e+00 3.666456e+00 8.357246e+00 8.700240e+00
-6.648255e+00 7.339037e+00 5.747499e+00 1.410200e+00 5.070908e+00 2.419734e+00 6.824090e-01 5.959907e+00 9.556423e+00 4.416460e+00 3.337230e+00 5.444627e+00
-7.210570e+00 6.444415e+00 6.784838e+00 1.204147e+00 6.396235e+00 1.680464e+00 -1.715545e+00 -8.826501e-01 8.238078e+00 3.342010e+00 3.466065e+00 6.654667e+00
-8.076068e+00 4.093045e+00 7.111232e+00 5.026445e+00 8.890753e+00 8.537010e+00 5.382416e+00 5.306042e+00 3.074015e+00 3.479769e+00 1.711151e+00 5.485137e+00
-8.430345e+00 5.946247e+00 6.839300e+00 2.623672e+00 1.080739e+01 1.007298e+01 6.989665e+00 5.464433e+00 9.348296e+00 8.554027e+00 2.190454e-01 5.875958e+00
-8.080222e+00 4.330147e+00 6.621281e+00 -1.217526e+00 3.239250e+00 4.085072e+00 8.005056e+00 4.808617e+00 2.056216e+00 4.132597e+00 3.765213e+00 8.561866e+00
-8.123706e+00 5.918147e+00 6.950473e+00 8.532941e-03 1.500249e+00 -8.873684e-01 4.683889e+00 1.423799e+00 -1.282637e+00 5.268486e+00 2.505142e+00 6.647364e+00
-6.815269e+00 6.051929e+00 4.668807e+00 -1.509381e+00 4.569648e+00 3.769408e+00 1.856291e+00 4.059403e+00 1.686740e+00 4.553005e+00 2.089704e+00 2.266304e+00
-4.933362e+00 9.473463e+00 1.128220e+01 5.975110e+00 3.214534e+00 1.977289e+00 7.851357e-01 5.210578e+00 5.580929e+00 1.031720e+00 -3.039515e+00 -2.513824e+00
-1.303141e+00 6.955604e+00 4.013901e+00 -2.850353e+00 -1.423835e+00 -2.879770e+00 1.781758e+00 7.346466e+00 5.785014e+00 9.674503e+00 2.186346e-01 5.017102e+00
-3.822630e+00 6.183716e+00 7.383471e+00 -1.739705e+00 2.061810e+00 -7.321532e-01 -4.772238e+00 1.774832e+00 9.058517e+00 5.974098e+00 1.167093e+00 8.023129e+00
-5.075593e+00 6.560543e+00 6.303122e+00 3.436083e+00 5.494102e+00 3.393831e+00 4.803730e+00 8.106962e+00 9.241758e+00 9.322567e+00 8.456600e+00 5.621920e+00
-4.675384e+00 9.259461e+00 6.709355e+00 3.311516e-01 5.433053e+00 4.465439e+00 -1.818464e+00 -4.797820e+00 -1.124173e+00 4.116454e+00 4.243663e+00 2.442833e+00
-5.220938e+00 8.791822e+00 6.997236e+00 1.713453e+00 5.238211e+00 4.266105e+00 5.504719e+00 2.063274e+00 -4.165151e+00 4.473033e+00 5.375841e+00 4.658295e+00
-7.001845e+00 5.982117e+00 4.242362e+00 1.462809e+00 6.720325e+00 7.260682e+00 5.687360e+00 2.989580e+00 1.313140e+00 6.432479e+00 4.891491e+00 5.698895e+00
-4.800503e+00 8.202248e+00 8.944512e+00 4.644412e+00 6.704710e+00 1.081051e+00 1.861718e-01 2.476056e+00 -2.990506e+00 7.899333e+00 3.597388e+00 3.025960e+00
-7.145856e+00 5.140867e+00 4.601547e+00 8.472120e-01 5.049668e+00 3.636895e+00 2.043623e+00 -2.743793e+00 2.752830e+00 4.379706e+00 1.875565e-01 5.407610e+00
-5.164606e+00 6.172613e+00 6.799977e+00 3.241803e+00 6.442466e+00 5.630079e+00 -1.709227e+00 2.427762e+00 2.481277e+00 7.952933e+00 1.121938e+00 6.162471e+00
