2.841456e+00 -2.128924e+00 8.960393e+00 -7.183273e+00 -2.270494e+01 -6.109655e+00 -9.862869e+00 -4.592675e+00 -1.354438e+01 2.731367e+00 1.994314e+00 -1.491614e+01
3.074642e+00 -2.824853e+00 7.736326e+00 -6.921278e+00 -2.385424e+01 -5.337260e+00 -7.702900e+00 -5.868874e-01 -1.473735e+01 1.711622e+00 7.268308e-01 -1.530438e+01
3.845880e+00 -3.760667e+00 6.187888e+00 -6.031736e+00 -2.319206e+01 -4.336986e+00 -4.669728e+00 1.243179e+00 -1.171711e+01 1.390375e+00 1.743593e+00 -1.456029e+01
2.241216e+00 9.936883e-01 1.067116e+01 -6.021966e+00 -2.495813e+01 -4.902923e+00 -1.245259e+01 -4.136261e+00 -1.436199e+01 3.187509e+00 1.715019e+00 -1.404503e+01
4.635370e+00 -4.596248e+00 4.570403e+00 -4.274905e+00 -2.159037e+01 -4.356115e+00 -3.870118e+00 5.622302e+00 -9.460640e+00 -4.858903e-01 1.587483e+00 -1.269216e+01
1.769387e+00 3.583851e+00 1.386982e+01 -5.661968e+00 -2.328138e+01 -5.175943e+00 -1.390777e+01 -5.035588e+00 -1.279160e+01 5.154836e+00 3.867212e+00 -1.243976e+01
5.137706e+00 -6.539467e+00 2.852032e+00 -5.885385e+00 -2.026401e+01 -5.235248e+00 -2.824271e+00 5.606819e+00 -1.075161e+01 -3.061052e+00 2.389319e-01 -1.374984e+01
5.785578e+00 -7.651953e+00 6.221480e-01 -5.660427e+00 -1.746502e+01 -5.333592e+00 -9.252937e-01 5.048211e+00 -9.398876e+00 -4.587587e+00 -2.360905e-01 -1.437767e+01
-5.229769e-01 5.052172e+00 1.514356e+01 -6.412882e+00 -1.883817e+01 -1.168019e+01 -1.537983e+01 -1.545628e+01 -9.032759e+00 2.415400e+00 2.821155e-01 -8.483007e+00
6.576998e+00 -8.681055e+00 -2.720234e+00 -5.249927e+00 -1.967608e+01 -5.076222e+00 -1.371498e-01 4.221512e+00 -8.138294e+00 -1.047095e+01 -2.544077e+00 -1.502400e+01
5.583027e+00 -1.196814e+01 -5.398310e+00 -2.690928e+00 -1.184906e+01 -1.189794e+00 1.399875e+00 8.928208e+00 -1.137571e+01 -9.092866e+00 2.041410e+00 -1.395210e+01
7.374923e+00 -8.411273e+00 -2.004352e+00 -4.509778e+00 -1.638585e+01 -2.681472e+00 2.904502e+00 7.180844e+00 -8.367294e+00 -6.259985e+00 -1.186048e+00 -1.460270e+01
7.196459e+00 -1.040860e+01 -2.294669e+00 -3.480434e+00 -1.394430e+01 -3.009038e+00 3.552404e+00 8.594270e+00 -9.887352e+00 -8.801144e+00 -1.071403e-01 -1.352490e+01
1.118071e+00 5.788135e+00 1.402933e+01 -9.385397e+00 -2.057635e+01 -3.471038e+00 -1.674995e+01 -1.121783e+01 -1.326529e+01 1.445568e-02 -2.650758e+00 -1.754373e+01
-1.321106e-01 6.349653e+00 1.523409e+01 -1.074329e+01 -2.036171e+01 -3.192960e+00 -1.978537e+01 -9.107451e+00 -1.179573e+01 2.091122e+00 -6.838545e+00 -1.959450e+01
2.177715e-01 5.505770e+00 1.533396e+01 -7.271567e+00 -1.921017e+01 -8.847071e+00 -1.852903e+01 -1.450865e+01 -1.139671e+01 -1.032590e+00 -2.163784e+00 -9.274752e+00
-1.009297e+00 6.850974e+00 1.514592e+01 -1.088617e+01 -1.962961e+01 -2.858611e+00 -1.808215e+01 -7.350251e+00 -1.158460e+01 3.268841e-01 -9.088585e+00 -2.020840e+01
-3.856087e-01 6.552716e+00 1.518143e+01 -9.948519e+00 -1.783801e+01 -6.981268e-01 -1.686777e+01 -8.714247e+00 -1.318472e+01 8.601663e-01 -9.844758e+00 -1.907803e+01
-4.256029e-01 7.391481e+00 1.547440e+01 -9.990228e+00 -1.916135e+01 -2.335399e+00 -1.625471e+01 -7.796609e+00 -1.421240e+01 -2.493121e+00 -1.350108e+01 -1.719035e+01
-6.669778e+00 1.351613e+00 -5.128341e+00 -1.110403e+01 6.971164e+00 -2.583536e+00 3.698938e+00 2.849586e-01 1.274393e+00 8.113335e+00 7.985606e+00 8.793281e+00
6.148173e+00 -6.916463e+00 -7.786129e+00 6.464380e+00 -1.413996e+01 -4.741995e-01 4.534411e+00 1.020041e+00 -8.605131e+00 -1.007394e+01 8.599498e-01 -7.865203e+00
-8.030748e-01 8.033559e+00 1.614101e+01 -9.411964e+00 -1.668691e+01 -1.645125e+00 -1.462048e+01 -7.896428e+00 -1.234391e+01 -1.424826e+00 -1.468248e+01 -1.367600e+01
-4.833945e+00 1.883362e+00 6.629453e-01 -1.055909e+01 3.891178e+00 -6.558586e+00 9.807134e-01 5.010452e+00 1.483385e+00 7.347971e+00 9.878369e+00 4.354866e+00
3.077707e-01 -7.315190e+00 -7.042616e+00 -9.024617e+00 3.784697e+00 -6.222892e-02 5.509536e-01 5.675486e+00 2.116742e+00 1.094689e+01 7.526829e+00 1.209791e+01
1.393248e+00 5.917390e+00 1.620979e+01 -8.564842e+00 -1.515619e+01 -1.584030e+00 -1.540807e+01 -1.034549e+01 -9.468016e+00 4.478040e+00 -1.557990e+01 -1.420791e+01
-6.057260e+00 -8.735985e+00 -3.515373e+00 1.592382e+01 -5.816648e+00 2.348771e+00 8.016408e+00 3.846998e+00 -4.947793e+00 -9.248733e+00 1.569855e+00 -4.274142e+00
-7.950540e+00 -3.569140e+00 4.841694e+00 -2.161994e+00 3.392938e+00 -5.127023e+00 1.126403e+01 7.162855e+00 3.160360e+00 5.200025e+00 1.008572e+01 7.257630e+00
-8.063596e+00 -8.337107e+00 -8.101944e+00 1.443713e+01 -1.663132e-01 7.701010e+00 6.435926e+00 6.635650e+00 1.230507e+00 -5.900909e+00 1.705833e+00 -9.224615e-01
-5.682811e+00 -5.080314e+00 4.718783e-01 -3.989300e+00 5.980559e+00 -4.242428e+00 7.653282e+00 1.278265e+01 1.911471e+00 -1.412968e+00 1.094875e+01 4.007113e+00
4.549652e+00 6.685899e+00 1.851318e+01 -7.069479e+00 -1.435958e+01 -1.562002e+00 -1.392095e+01 -1.090304e+01 -6.575791e+00 3.999656e+00 -1.577597e+01 -1.024216e+01
3.335303e+00 7.446984e+00 1.516469e+01 1.551210e+00 -1.312397e+01 -1.314446e+00 -1.294570e+01 -1.617563e+01 -3.783782e+00 6.874556e+00 -1.498039e+01 -6.161226e+00
4.190711e+00 9.030658e+00 2.019523e+01 -8.863366e-02 -1.442141e+01 -1.542003e+00 -1.140252e+01 -1.679122e+01 -2.401967e+00 7.802182e+00 -1.430975e+01 -1.002952e+01
-2.672910e+00 -4.638873e+00 -9.972310e-01 -5.639474e+00 3.189986e+00 -9.809417e+00 -3.356340e-01 1.238260e+01 1.722905e+00 -8.539822e-01 7.453337e+00 4.827929e+00
-8.576135e+00 4.828009e-01 -6.752294e+00 7.827648e+00 -3.800900e+00 4.053996e+00 6.886723e+00 1.201857e+01 3.389363e-01 -3.274703e+00 6.827596e+00 -1.622969e+00
8.131723e-01 -4.534174e+00 -5.783451e-01 -4.582563e+00 6.058815e+00 -6.486743e+00 2.880976e+00 4.765735e+00 -4.131326e+00 -4.683875e+00 1.923792e+00 4.848525e+00
2.420728e+00 -7.141953e+00 -2.299226e+00 -4.779014e+00 3.575149e+00 -4.675570e+00 6.449292e+00 1.607660e+01 6.692526e+00 2.169274e-01 5.242650e+00 6.623046e+00
2.996364e+00 -7.007659e+00 -3.322954e-01 -2.958328e+00 6.914592e-01 -7.128675e+00 2.875937e+00 1.101044e+01 7.804362e+00 5.873080e+00 8.423467e+00 1.090969e+01
7.027359e-01 -8.852907e+00 -4.933248e+00 -6.032670e+00 4.619863e+00 2.674301e+00 4.124551e-01 6.229265e+00 4.520921e+00 9.458471e+00 8.725342e+00 1.018032e+01
-1.222436e+00 4.057217e+00 1.174604e+00 9.674384e+00 -6.881519e+00 -1.782361e+00 -7.748610e+00 -1.220187e+01 -7.811897e+00 -2.223482e+00 -5.722593e-01 -7.874217e-01
4.941017e+00 -5.165461e+00 -4.562564e-01 4.908930e-02 1.603409e+00 -7.130943e+00 3.352859e+00 7.419767e+00 5.622843e+00 1.221495e+00 5.329096e+00 8.048338e+00
9.323977e+00 -1.545869e+00 -3.452034e-01 -3.355360e+00 9.405589e-01 -7.708348e+00 1.920910e+00 5.462487e+00 7.648996e+00 -1.212306e+00 6.748081e-01 6.239726e+00
6.920776e+00 -4.330489e+00 -3.793194e-01 -3.322457e+00 3.054364e+00 -5.930376e+00 2.784796e+00 5.318578e+00 4.851055e+00 -3.488938e+00 -1.138935e+00 7.509358e+00
4.221796e+00 -5.858676e+00 -4.410501e+00 -3.345237e+00 -2.398157e-01 -9.759151e+00 4.646982e+00 1.014097e+01 4.279875e+00 3.692692e+00 3.453897e+00 5.394371e+00
-2.976130e+00 4.798889e+00 -3.935344e-01 6.400145e+00 1.641565e+00 2.967067e+00 3.918396e+00 -7.546448e+00 2.048867e+00 -1.447807e+00 1.730267e+00 4.256738e+00
-2.101974e+00 -2.609892e+00 -4.947165e+00 1.037469e+01 4.501581e-01 2.121926e+00 1.378182e+01 1.307293e+01 1.946247e+00 -1.940467e+00 2.674949e+00 5.177766e+00
1.679003e+00 -6.173716e+00 -8.208879e+00 7.664096e+00 4.067083e+00 -1.889859e+00 -6.821673e-01 2.320993e+00 1.166971e+01 -7.126408e-01 -1.473781e+00 8.408567e+00
5.061785e+00 -4.119939e-01 -6.037691e+00 2.876411e-01 4.180348e+00 -4.365367e+00 -8.991678e-01 2.344023e+00 3.040312e+00 -5.803190e+00 -1.615842e+00 7.710651e+00
5.910554e+00 1.060190e+01 2.910880e+00 7.821380e+00 8.198545e+00 5.979874e-01 -3.110504e+00 -5.171088e+00 -6.775188e+00 -8.881602e+00 -3.182946e+00 9.669232e-01
2.557692e+00 -9.659530e-01 -4.920638e+00 4.484327e+00 8.704414e+00 2.756153e+00 4.036809e+00 -2.452045e+00 7.014806e+00 -6.738025e+00 -6.296214e+00 6.370625e+00
-6.821146e-01 -1.596348e+00 -3.699278e+00 5.863039e+00 5.439775e+00 -6.548533e+00 -1.416889e+00 1.637084e+00 8.564153e+00 -5.589520e+00 -2.678646e+00 6.135293e+00
3.326543e+00 1.162686e+00 -5.839174e+00 2.129277e+00 3.179641e+00 -2.967504e+00 -3.113190e+00 2.056317e-01 9.579258e+00 -1.935315e+00 -9.021302e+00 3.782007e+00
-3.044095e+00 6.742181e-01 -2.375175e+00 3.118433e+00 7.511487e+00 8.384064e+00 7.127235e+00 -5.460514e+00 2.039172e+00 6.790053e+00 2.825485e+00 4.222296e+00
1.173131e+00 5.050645e-01 -6.299433e+00 2.489683e+00 9.305024e+00 -5.952380e-01 -3.384174e+00 -7.254224e+00 5.299698e+00 -4.358995e+00 -4.034953e+00 6.452433e+00
5.854496e+00 8.589095e+00 2.571644e+00 6.408946e+00 8.706233e+00 -2.327423e+00 -2.537889e+00 -4.284678e+00 -1.198212e+00 -6.711893e+00 -5.639467e+00 1.803590e+00
-2.330724e+00 3.004366e+00 -2.932268e+00 3.557637e+00 8.623264e+00 5.013269e+00 1.754597e+00 5.072422e-01 9.189879e+00 6.120225e+00 7.107419e+00 7.880298e+00
-3.545123e+00 1.547212e-01 -2.001750e+00 3.053070e+00 1.182493e+01 5.144031e+00 2.833855e+00 2.840796e+00 3.899894e+00 8.647197e-02 -2.288129e+00 5.417785e+00
-4.109677e+00 -4.114342e-01 -4.316501e+00 4.416102e+00 1.105898e+01 4.653755e+00 7.682649e+00 3.194478e+00 1.390096e+01 1.147719e+01 3.266544e+00 5.220809e+00
-2.599391e+00 2.249226e+00 -3.541457e+00 -1.989792e+00 5.578222e+00 3.151007e-01 7.417610e+00 2.860626e+00 3.286379e+00 3.150372e+00 5.374708e+00 4.836035e+00
2.216473e+00 1.205149e+00 -5.722411e+00 5.531525e-01 2.312975e+00 -1.532837e+00 2.593498e+00 4.298159e+00 7.888506e+00 -6.657205e+00 -6.779016e+00 3.516434e+00
-1.987775e+00 1.378798e+00 -2.926600e+00 4.953463e+00 1.046921e+01 4.289868e+00 2.349516e+00 5.894001e-01 7.117758e+00 3.144875e+00 3.117775e+00 5.891084e+00
-4.074796e+00 5.895213e-01 -5.657538e+00 -5.739533e-01 8.642192e+00 -2.898919e+00 -9.257028e-01 -6.635256e+00 3.137767e+00 -1.728327e+00 9.657423e-01 9.177090e+00
3.574664e+00 1.920333e+00 -5.095286e+00 5.972372e+00 8.429107e+00 2.386146e-01 -5.737898e-01 -1.155827e-01 2.208047e+00 -9.904904e+00 -3.014461e+00 6.846902e+00
-8.399458e-01 -1.512704e+00 -2.955867e+00 7.173017e+00 1.051354e+01 8.583119e-01 4.061289e+00 -1.209193e+00 3.483314e+00 -5.515740e-01 6.435653e+00 8.778173e+00
-3.126287e+00 -1.204377e+00 -6.319460e+00 3.356371e+00 1.019870e+01 3.304245e+00 4.352373e+00 -6.436152e+00 -1.533482e+00 4.039919e+00 5.737827e+00 8.487217e+00
-3.375697e+00 4.712661e-01 -3.733644e+00 4.861284e+00 8.012591e+00 5.484583e+00 4.232494e+00 -6.463012e-01 7.066014e+00 -7.531846e-02 2.730882e+00 2.967045e+00
-2.261083e+00 7.188956e-01 -4.599700e+00 2.806797e+00 8.202919e+00 6.305058e+00 6.540340e+00 -3.519886e+00 -2.300990e+00 3.656484e+00 1.035976e+01 9.948151e+00
-1.056136e+00 3.839935e+00 -1.816835e+00 3.113466e+00 8.152898e+00 5.947515e+00 5.380161e-01 -6.161900e+00 1.090337e+00 -3.416170e+00 -1.317524e+00 4.373337e+00
-3.507693e+00 1.348713e+00 -5.219202e+00 -7.157360e-01 8.896496e+00 1.217876e+01 8.209532e+00 8.309829e-01 9.062282e+00 5.412319e+00 2.193213e+00 3.416705e+00
-3.712976e+00 -1.045892e+00 -6.528214e+00 3.220375e+00 1.188983e+01 1.937840e+00 2.262944e+00 4.277919e+00 8.250144e+00 5.948151e+00 3.226409e+00 6.165374e+00
-1.711200e+00 3.317352e+00 -3.022266e+00 2.264549e+00 1.173032e+01 7.355231e+00 8.777958e+00 3.575782e-01 7.056478e+00 2.346175e+00 5.203992e-01 4.733847e+00
-4.168787e-01 1.752952e+00 -3.744071e+00 3.622196e+00 8.561152e+00 3.237151e+00 1.617944e+00 -2.654141e+00 -1.715684e+00 -5.145795e+00 -7.509782e+00 4.633749e-01
-2.613936e+00 1.369457e+00 -3.309492e+00 1.440234e+00 9.417570e+00 5.860875e+00 5.267619e+00 -6.449538e-01 3.483779e+00 2.035405e+00 -3.284868e-01 8.552806e-01
1.571475e+00 1.376516e+00 -5.696054e+00 2.072326e+00 7.477598e+00 -4.681257e+00 -8.083528e+00 -2.953074e+00 2.155062e+00 -1.284571e+00 -2.515507e+00 2.515302e+00
-4.466057e-02 3.943516e+00 -2.832729e+00 7.573198e+00 9.198035e+00 2.103931e+00 3.086888e+00 -4.963045e-01 7.103039e+00 1.068789e+00 -4.043602e-01 5.614258e+00
8.546066e-02 2.819039e+00 -2.882442e-01 5.364161e+00 9.767270e+00 2.666364e-01 -2.242573e+00 -6.018743e+00 -1.820802e+00 -1.019889e+01 -3.118411e+00 6.176379e+00
-2.887071e+00 3.101423e-01 -4.059373e+00 3.024414e+00 9.275784e+00 4.082318e+00 4.695476e+00 2.873709e+00 8.919687e+00 6.448783e+00 7.365485e+00 8.926741e+00
-8.739901e-01 8.156978e-01 -3.214336e+00 3.302136e+00 1.025655e+01 4.639599e+00 -3.486688e-01 3.224087e+00 5.745545e+00 -8.842237e-01 -5.430280e+00 1.315538e+00
-1.920512e+00 -4.967144e-01 5.869460e-02 7.242489e+00 1.254438e+01 1.745024e+00 3.957879e+00 1.565733e+00 7.038134e+00 -2.410016e-01 -2.010065e+00 4.504957e+00
-2.587291e+00 1.159464e+00 -2.264265e+00 5.126280e-01 6.105368e+00 5.588145e+00 5.346741e+00 1.746431e+00 3.599698e+00 4.835466e+00 1.256549e+00 3.026956e+00
-9.910326e-01 1.500382e+00 -4.472331e+00 9.935387e-01 1.162769e+01 3.633077e+00 1.991919e+00 -1.449066e+00 9.219961e-01 -5.215278e+00 -4.493884e+00 2.774308e+00
-7.603998e-01 1.530215e-01 -4.105886e+00 1.613047e+00 8.887751e+00 5.206669e+00 4.457582e+00 -1.162302e+00 5.694423e+00 4.543680e+00 3.522491e+00 6.318656e+00
-3.137980e+00 3.438146e-01 -3.431913e+00 2.962442e+00 1.177461e+01 8.554319e+00 7.923215e+00 1.719752e+00 5.207178e+00 7.719790e+00 6.633658e+00 6.620188e+00
-2.507670e+00 1.680424e+00 -3.221271e+00 3.707771e+00 1.033692e+01 5.210457e+00 1.004794e+01 4.160412e+00 1.949415e+00 -2.070303e+00 2.230248e+00 6.357255e+00
-1.602443e+00 2.099783e+00 -3.889524e+00 4.534420e+00 8.777821e+00 -1.954219e+00 7.522382e+00 4.716972e+00 7.132471e+00 6.182224e+00 3.499427e+00 8.021603e+00
-3.686629e+00 6.144723e-01 -3.123744e+00 2.798036e+00 1.065758e+01 2.231424e+00 6.160818e+00 3.137474e-01 9.826119e-01 -6.351339e-01 1.858127e+00 2.967210e+00
-9.079180e-01 1.778142e+00 -7.162342e+00 1.081683e+00 6.810944e+00 1.255764e+01 5.656705e+00 -9.228895e-01 6.303420e+00 2.990271e-01 1.973769e+00 3.628562e+00
-1.763949e+00 2.086850e+00 -5.999548e+00 -4.684883e-02 1.185572e+01 5.805774e+00 4.171181e+00 -1.249850e+00 2.530299e+00 -1.751595e+00 -3.073239e+00 7.562326e+00
-1.999013e+00 1.228909e+00 -3.041369e+00 3.708219e+00 1.063477e+01 9.223818e+00 7.581882e+00 3.429992e-01 5.129827e+00 3.308099e+00 5.497813e+00 7.980011e+00
-1.082253e+00 5.509021e-01 -5.686980e+00 -1.663001e+00 4.904424e+00 -4.528523e+00 -4.948381e+00 -4.353130e+00 -2.696042e+00 -3.650821e+00 -8.883361e+00 -2.899219e+00
-2.595719e+00 1.994952e+00 -2.421896e+00 5.780824e-01 9.550248e+00 7.157382e+00 7.452195e+00 -2.770135e+00 8.074863e+00 1.742244e+00 -1.687523e+00 2.733510e+00
-1.384416e+00 2.228376e+00 -2.159641e+00 2.818032e+00 1.061581e+01 7.385798e+00 7.293018e+00 -1.349046e+00 1.873911e+00 -3.379858e+00 -2.698020e+00 1.990355e+00
-2.848929e+00 9.997815e-01 -3.455227e+00 2.706990e+00 8.298338e+00 5.297640e+00 2.547454e+00 -8.618793e-02 4.400405e+00 -1.148188e+00 1.901911e-01 4.751304e+00
-1.936704e+00 2.725977e-01 -5.067624e+00 3.600827e+00 1.093349e+01 7.056723e+00 8.547383e+00 3.535531e+00 9.155874e+00 4.679990e+00 6.505426e+00 2.903828e+00
-2.074922e+00 1.863209e+00 -2.695406e+00 1.660590e+00 7.629581e+00 3.748662e+00 5.650589e+00 2.592836e+00 7.213523e+00 1.997666e+00 3.083714e+00 1.206791e+00
