-1.954158e+01 2.576366e+00 -1.479472e+00 -1.423272e+01 8.486922e+00 3.263628e+00 2.538633e+00 3.295426e+00 -3.812113e-01 3.700092e+00 4.594278e+00 1.104157e+01
-1.114871e+01 1.284966e+00 -8.857096e+00 -1.499524e+01 1.014595e+01 8.558488e-01 -3.232203e+00 -1.624501e+00 7.361530e+00 6.649745e+00 1.657736e+00 1.028837e+01
-1.642656e+01 -1.569581e+00 -8.908930e-01 -1.057410e+01 5.433356e+00 3.869403e+00 -2.412543e-01 4.490421e+00 1.020037e+01 9.935206e+00 9.009673e+00 1.397162e+01
1.056085e+00 -9.365988e+00 6.808500e-01 -8.741059e+00 -1.662118e+01 -1.691039e+01 -1.329635e+01 -6.022570e+00 -1.460967e+01 -8.271482e+00 2.045242e+00 -7.242542e+00
2.538706e+00 -8.910726e+00 2.378948e+00 -7.153869e+00 -1.327157e+01 -1.268559e+01 -1.171588e+01 -3.559794e-01 -1.318652e+01 -3.098345e+00 2.554337e+00 -4.357699e+00
2.649647e+00 -9.123454e+00 2.317808e+00 -5.213448e+00 -1.656583e+01 -1.288873e+01 -1.206836e+01 -2.102551e+00 -1.365408e+01 -5.515280e+00 3.245225e+00 -2.552027e+00
3.514109e+00 -7.610575e+00 3.165980e+00 -6.220272e+00 -1.235627e+01 -9.092333e+00 -8.023705e+00 3.512597e+00 -8.007786e+00 -3.321256e+00 3.790168e+00 -5.757399e+00
1.508229e+00 -9.219281e+00 7.208972e-01 -6.195080e+00 -2.022175e+01 -1.539048e+01 -1.543480e+01 -5.271303e+00 -1.622733e+01 -7.775939e+00 9.098901e-01 -5.065188e+00
3.755861e+00 -8.049543e+00 4.786410e+00 -3.565763e+00 -1.443729e+01 -1.183995e+01 -8.476345e+00 -1.498199e+00 -1.145696e+01 -1.525234e+00 5.271171e+00 -9.138241e-01
3.083167e+00 -8.578100e+00 5.021654e+00 -5.796733e+00 -1.487652e+01 -1.310741e+01 -1.168562e+01 -2.120053e+00 -1.360970e+01 -4.807176e+00 4.977273e+00 -2.422184e+00
3.420146e+00 -6.919816e+00 7.552204e-01 -9.288221e+00 -1.364206e+01 -9.186847e+00 -1.187039e+01 1.942896e+00 -1.049169e+01 -5.669596e+00 3.793610e-01 -9.170560e+00
2.856118e+00 -8.684801e+00 4.012955e+00 -6.028024e+00 -1.765211e+01 -1.316501e+01 -1.315329e+01 -2.750836e+00 -1.571744e+01 -3.984517e+00 9.505649e-01 -3.195858e+00
3.137346e+00 -8.874370e+00 5.720042e+00 -3.905138e+00 -1.630210e+01 -1.214086e+01 -1.195135e+01 6.598874e-01 -1.590644e+01 -3.059298e+00 4.364691e+00 -2.834196e+00
2.691803e+00 -2.087756e+00 1.329217e+00 -7.403320e+00 -1.114755e+01 -5.047068e+00 -7.200982e+00 4.841127e+00 -2.984258e+00 -6.821542e+00 9.078088e-01 -6.860533e+00
3.830014e+00 -1.115650e+01 5.483919e+00 -6.594045e+00 -1.825540e+01 -1.213097e+01 -1.443063e+01 -6.041639e-01 -1.738952e+01 -6.146245e+00 -1.737171e-01 -5.270844e+00
4.108410e+00 -1.104008e+01 6.380776e+00 -6.871466e+00 -1.742786e+01 -1.338418e+01 -1.275301e+01 3.265107e-01 -1.831342e+01 -5.151015e+00 -4.526567e-01 -5.368283e+00
3.097792e+00 -1.037428e+00 -9.147084e-01 -2.126876e+00 -1.603894e+01 -3.484247e+00 -8.053815e+00 7.365873e-01 -1.046056e+00 -9.398046e+00 -5.835963e-01 -8.525800e+00
4.577582e+00 -1.027306e+01 5.710037e+00 -6.175267e+00 -1.682959e+01 -1.168415e+01 -1.462988e+01 1.429251e+00 -1.848516e+01 -3.845443e+00 -7.627007e-01 -5.427348e+00
-1.097072e+01 -2.090833e+00 2.346757e+00 -7.422747e+00 2.267866e-01 3.000884e+00 4.602397e+00 -2.022857e+00 4.136218e+00 8.574467e-01 1.403987e-01 7.369097e+00
-7.910490e+00 -6.990409e+00 -1.002431e+01 -9.164563e+00 1.275297e+01 2.828259e+00 -4.729190e+00 -4.656105e+00 4.141904e+00 6.465918e+00 -5.855366e+00 8.405817e+00
4.153236e+00 -1.104733e+01 4.230721e+00 -7.006188e+00 -1.839518e+01 -1.381024e+01 -1.651143e+01 -5.374515e-01 -1.912216e+01 -8.399478e+00 -3.023632e+00 -7.807509e+00
4.485463e+00 -1.027848e+00 1.730232e+00 -3.979808e+00 -1.035197e+01 -2.211415e+00 -8.573509e+00 1.193092e+00 -6.039015e+00 -5.926391e+00 3.223693e-02 -5.518820e+00
4.959059e+00 -1.153331e+01 5.015452e+00 -6.806595e+00 -1.668653e+01 -1.471932e+01 -1.589649e+01 2.981778e+00 -2.106934e+01 -8.734715e+00 -2.271321e+00 -7.717229e+00
6.413144e+00 -1.106325e+01 5.028810e+00 -3.788462e+00 -1.527779e+01 -1.174640e+01 -1.343255e+01 3.866353e+00 -1.659297e+01 -7.125655e+00 -3.531461e+00 -4.920607e+00
7.850059e+00 -1.114393e+01 2.232840e+00 -1.442913e+00 -1.594624e+01 -1.041934e+01 -1.907858e+01 4.695106e+00 -1.223520e+01 -1.218988e+01 -7.979136e+00 -6.359920e+00
-6.306107e+00 -3.793349e+00 -2.349796e+00 -4.071668e+00 -1.605415e-02 1.695799e+00 8.040781e+00 1.247034e+00 1.616537e+00 -1.424010e+00 4.298909e+00 7.242417e+00
9.023585e+00 -6.746777e+00 7.645845e-01 2.144386e+00 -1.102474e+01 -7.106613e+00 -1.591647e+01 5.259261e+00 -4.835387e+00 -8.718252e+00 -4.051075e+00 -1.113169e+01
8.459256e+00 -1.535336e+00 -3.722436e+00 1.245387e+00 -6.556883e+00 -6.607398e+00 -1.647618e+01 -1.555083e+00 -5.960970e-01 -8.283299e+00 -6.997320e+00 -1.832122e+01
2.274618e-01 1.591257e+00 5.282939e+00 -2.508346e+00 -6.248360e+00 -4.362376e+00 1.382542e+00 -4.222172e+00 -6.689784e+00 -7.308747e+00 -3.139556e+00 1.505148e+00
9.670598e+00 2.998515e+00 -1.827773e+00 4.196559e+00 -2.466323e+00 -3.555398e+00 -1.247796e+01 -1.372051e-01 1.169529e-01 -4.460338e+00 -1.134814e+01 -1.568095e+01
8.686708e+00 5.062528e+00 -3.121143e+00 8.599562e+00 -8.707905e-02 -8.171377e-01 -9.345510e+00 -9.620641e+00 -1.146560e+01 -8.796286e+00 -6.336162e+00 -1.628002e+01
6.449042e+00 4.323842e+00 -1.753720e+00 1.286692e+01 -5.970392e-01 9.385226e-01 -2.214245e+00 -1.584665e+01 -1.296055e+01 -4.544211e+00 -6.092077e+00 -1.884304e+01
6.207209e+00 1.112379e+00 1.480173e+00 1.122006e+01 -1.306699e+00 -2.389140e+00 -8.959608e-01 -8.807718e+00 -1.400899e+01 -3.549871e+00 -2.856540e+00 -1.411953e+01
5.456298e+00 2.196846e+00 4.190103e+00 9.549347e+00 -4.164486e-01 2.769318e-01 5.243739e+00 -3.337328e+00 -1.631119e+01 -9.255244e+00 -6.658894e+00 -1.054572e+01
-1.488121e+01 -8.388016e+00 1.155355e+00 -1.446657e-01 4.066372e+00 2.479895e+00 -1.046887e+01 -1.055098e+01 1.169433e+01 -1.276227e+01 3.224589e+00 1.670781e+00
5.526718e+00 4.657427e+00 2.184831e+00 5.640473e+00 8.754508e+00 6.794369e-01 3.177814e+00 -1.305519e+00 -6.873875e+00 -2.428296e+00 -4.374423e+00 -1.080468e+01
-1.216621e+01 -7.073348e+00 2.656791e+00 -1.527625e-01 7.015080e-01 8.485241e+00 2.415745e+00 -4.355064e+00 6.130947e+00 -3.934736e+00 5.329825e+00 2.215801e+00
-5.263754e+00 1.859735e+00 -3.187236e+00 7.900844e+00 5.028213e+00 4.880212e+00 1.213477e+01 4.531837e-01 1.471301e+01 9.196079e+00 6.538503e+00 -1.111624e+00
3.110405e+00 2.201623e+00 3.535664e+00 4.135085e+00 7.148782e+00 3.454904e+00 6.601037e+00 3.888123e+00 -5.256896e+00 -4.362510e+00 -1.338182e+00 -4.861906e+00
-3.339052e+00 9.970293e-01 -5.283360e+00 3.682012e+00 4.040195e+00 7.010972e+00 1.509818e+01 5.863774e-02 1.112696e+01 8.719307e+00 2.629017e+00 -1.868459e+00
-9.888243e+00 3.186272e+00 -2.698083e+00 2.826936e-01 3.703288e+00 3.694388e+00 6.015246e+00 -3.849350e+00 1.259413e+01 -4.383674e+00 7.224135e+00 1.077165e+01
5.176137e+00 1.096052e+01 2.816933e+00 6.845299e+00 9.189560e+00 5.120511e+00 6.426811e+00 2.345638e+00 8.502273e+00 1.032682e+00 -1.700098e+00 3.262474e+00
5.491624e+00 1.088828e+01 1.491823e+00 -1.379252e+00 -4.721546e-02 -1.502282e+00 -2.334086e+00 2.558083e-01 6.413129e+00 3.983707e-01 -2.529262e-01 6.259186e+00
6.063517e+00 1.195253e+01 8.155251e-01 7.481381e-01 4.152479e+00 5.382257e+00 9.258978e+00 2.835446e+00 1.506188e+01 3.824573e+00 1.817773e+00 8.154612e+00
1.555511e+00 2.495553e+00 3.623664e+00 3.656402e+00 1.165899e+01 1.065613e+01 8.539391e+00 6.095994e+00 8.014297e-02 4.406946e+00 -3.452355e+00 -1.728779e+00
3.412705e+00 1.000525e+01 1.158779e+00 5.828530e+00 1.057761e+01 9.116856e+00 4.397051e+00 -1.877824e+00 6.222199e+00 -9.546130e-01 -5.767507e+00 4.796771e+00
5.695008e+00 9.630747e+00 2.093902e-01 4.439516e+00 9.490596e+00 4.773800e+00 5.971513e+00 -3.826187e+00 6.144062e+00 3.066685e-01 -4.922664e-01 8.915298e+00
-1.271953e+00 1.490464e+00 -5.360765e+00 1.660665e+00 1.774452e+00 3.496746e+00 1.419983e+01 -8.214171e-01 9.105125e+00 1.636980e+00 2.425200e+00 -8.512592e-02
1.785915e+00 3.072158e+00 6.375993e+00 6.770189e+00 1.172991e+01 5.703370e+00 2.998312e+00 5.022455e+00 -1.606568e+00 6.014285e+00 -4.855003e-01 -3.204823e+00
2.525048e+00 3.714847e+00 2.628115e+00 6.803271e+00 1.011584e+01 2.075000e+00 5.901504e+00 1.813259e+00 -1.941470e+00 8.839898e-01 -2.542968e+00 -5.962557e+00
2.344552e+00 -2.264240e-01 -5.706873e-01 -6.935346e-02 4.903663e+00 1.830724e+00 6.052057e+00 3.021613e+00 2.069472e+00 7.264261e+00 6.726914e-01 -2.772427e-01
1.570663e+00 2.506877e+00 4.580021e+00 8.953714e+00 8.146227e+00 2.880952e+00 1.674024e+00 1.562350e+00 4.538149e+00 5.162532e+00 -3.473418e+00 -5.360151e+00
3.604674e+00 7.211171e+00 1.993334e+00 6.755043e+00 1.159180e+01 7.053081e+00 4.705610e-01 -1.980425e-01 5.125694e-01 3.064469e+00 1.199350e-01 2.500894e+00
3.519514e+00 8.619860e+00 6.422970e+00 3.460396e+00 7.143303e+00 6.711966e+00 4.848680e+00 8.620106e-01 1.015712e+01 3.288707e+00 -1.094954e+00 8.538521e+00
2.288203e+00 6.928403e+00 4.563940e+00 4.830897e-02 1.714711e+00 4.877409e+00 -3.685727e-01 -7.503135e+00 8.776369e-01 -1.905620e+00 -3.285198e+00 -1.976565e+00
-2.522067e+00 1.277010e+00 -2.514465e+00 6.508852e+00 1.424170e+00 6.826141e+00 1.553080e+01 2.218269e+00 8.290461e+00 5.745274e+00 2.235732e+00 1.249846e+00
1.852865e+00 4.887003e+00 5.487322e+00 6.729029e+00 9.523582e+00 7.025954e+00 5.988142e+00 -9.174657e-02 1.453890e+00 6.377287e+00 7.817734e-01 -4.954424e-01
4.050454e+00 8.651456e+00 -2.232411e-01 5.630439e+00 1.213135e+01 6.152298e+00 4.699101e+00 -4.575832e+00 3.053328e+00 1.028556e+00 -6.632742e-01 -5.125628e-01
3.514117e+00 8.221943e+00 1.841069e+00 6.009407e+00 1.190435e+01 4.518883e+00 1.210577e+00 -5.899826e+00 1.498558e+00 5.301420e+00 -1.085926e+00 2.034427e+00
-6.899875e+00 3.630761e+00 -6.739858e+00 -2.225933e+00 6.172510e+00 7.693516e+00 6.492284e+00 -1.050900e+00 1.142974e+01 -1.332117e+00 3.171500e+00 9.949255e+00
2.823897e+00 7.015699e+00 2.997002e+00 2.708434e+00 6.986805e+00 1.884125e+00 1.113822e+01 2.512871e+00 7.989963e+00 9.057256e+00 -1.453578e+00 -1.022763e+00
3.977727e+00 8.933208e+00 -2.915390e-01 3.112092e-01 3.618974e+00 3.175387e+00 -4.629210e+00 -9.342511e+00 -7.909107e-02 -3.444113e+00 -1.105205e+00 5.191735e+00
1.798529e+00 5.398759e+00 3.489815e+00 4.238150e+00 8.764190e+00 1.688930e+00 7.096077e+00 2.083817e+00 2.532563e+00 5.383504e+00 1.543816e+00 5.048571e+00
-5.209852e+00 -6.207803e-01 -9.801706e+00 1.142433e+00 -2.679122e+00 5.036781e+00 1.680901e+01 1.011618e+01 1.207561e+01 1.113926e+01 3.691302e+00 5.113833e+00
6.362057e-01 2.899994e+00 7.335410e-01 6.092111e+00 1.020416e+01 1.623542e+00 3.559306e+00 8.089740e+00 4.556553e+00 2.617927e+00 5.031231e-01 2.465353e+00
2.687151e+00 5.939109e+00 -1.903405e+00 7.892436e+00 1.099449e+01 7.554787e+00 5.051996e+00 -3.784126e+00 3.830239e+00 -1.743845e+00 -4.640953e+00 2.434644e+00
-2.919355e+00 5.574678e+00 -8.440429e+00 -3.328269e+00 3.526841e+00 2.352974e+00 8.664017e-01 2.258842e+00 1.118957e+01 4.597989e+00 -1.899054e+00 1.042603e+01
1.578235e+00 5.107011e+00 2.194514e+00 5.112161e+00 9.483098e+00 5.709335e+00 7.287919e+00 2.892774e+00 6.853247e+00 7.664582e+00 -1.721627e+00 1.259293e+00
1.512661e+00 4.218160e+00 1.581988e-01 4.983547e+00 7.503278e+00 2.503261e+00 6.398569e+00 1.834977e+00 1.075666e+01 7.843343e+00 2.581977e+00 2.550518e+00
3.222493e+00 8.341889e+00 -4.775798e-01 3.485494e+00 5.898108e+00 4.451167e+00 4.823147e+00 2.416471e+00 4.800388e+00 -4.540992e+00 -4.076706e+00 1.810883e+00
-1.022535e+01 -2.073212e+00 -4.378337e+00 1.744318e+00 8.662373e+00 7.945571e+00 8.533944e+00 -2.093357e+00 1.364043e+00 7.116782e+00 3.759669e+00 8.116492e+00
-7.703009e+00 3.905120e-01 -2.503665e+00 -1.325412e+00 3.857023e+00 1.882361e+00 1.794348e+00 1.268487e+00 8.477981e+00 2.838748e+00 5.197097e+00 1.271182e+01
-5.956285e+00 9.720302e-02 -7.344486e+00 -1.301877e+00 4.886411e+00 6.021617e+00 5.772274e+00 -2.185026e+00 8.914979e+00 2.169404e+00 1.234772e-01 8.327268e+00
-3.035249e+00 2.202384e+00 -9.802465e+00 5.155215e-01 8.961469e+00 7.227761e+00 6.811796e+00 2.916744e+00 1.083302e+01 5.079367e-01 -1.631613e+00 1.336038e+01
-1.051149e-01 3.656595e+00 -4.575075e+00 -1.580112e+00 4.083678e+00 3.168637e+00 4.409950e+00 -1.184696e+00 8.081959e+00 1.016704e+01 -1.458515e+00 1.495531e+00
-6.519258e+00 7.737017e-01 -5.189286e+00 3.798807e-02 4.383801e+00 8.361764e+00 1.114985e+01 7.464457e+00 1.231001e+01 9.994858e+00 6.099759e+00 8.461156e+00
-7.288012e+00 1.021152e+00 -4.610075e+00 2.377965e+00 8.192625e+00 6.123755e+00 1.431873e+01 5.412096e+00 1.429553e+01 1.136019e+01 4.075323e+00 -7.610321e-04
-7.952770e+00 -1.276060e+00 -6.887398e+00 -5.302152e+00 2.965312e+00 9.308300e+00 1.273170e+01 7.171256e+00 1.212860e+01 2.196464e+00 -1.409011e+00 6.821015e+00
-9.643801e+00 -3.686392e+00 -4.377573e+00 -2.435095e+00 5.103724e+00 4.692548e+00 7.783393e+00 4.685226e+00 9.762032e+00 6.999066e+00 7.201373e+00 1.463943e+01
-8.225283e+00 -6.578788e-01 -5.390493e+00 1.755168e+00 6.057614e+00 5.918916e+00 9.480164e+00 1.822479e+00 1.042945e+01 9.408408e+00 3.542684e+00 7.923517e+00
-5.870814e+00 1.711876e+00 -6.389370e+00 1.809353e+00 5.781784e+00 5.443851e+00 1.383939e+01 3.732371e+00 8.726377e+00 6.576024e+00 -2.100632e+00 3.182988e+00
