8.875272e+00 -3.083876e+00 -5.438938e+00 -1.821708e+01 -1.676778e+01 4.310687e+00 -1.724666e+00 -5.359481e+00 -5.256154e+00 -6.494949e+00 3.181880e+00 -5.730886e+00
1.013511e+01 -1.546525e+00 -5.453311e+00 -1.658956e+01 -1.752672e+01 5.891056e+00 -3.598566e-01 -3.655689e+00 -1.814005e+00 -6.087662e+00 4.317355e+00 -8.158328e+00
9.497980e+00 -1.909251e+00 -7.281060e+00 -1.820861e+01 -1.590694e+01 5.578934e+00 -5.196657e+00 -6.976275e+00 -4.528721e+00 -8.061489e+00 5.928866e+00 -7.443795e+00
1.027638e+01 -2.225398e+00 -3.101412e+00 -1.868946e+01 -1.987919e+01 4.594427e+00 -5.011740e-01 -3.825469e+00 6.680059e-02 -7.030231e+00 -7.723929e-01 -7.211362e+00
9.221362e+00 1.006943e+00 -7.952001e+00 -1.663550e+01 -1.714051e+01 8.630699e+00 -5.979721e+00 -8.047604e+00 -5.745919e+00 -4.999161e+00 9.166582e+00 -7.292513e+00
9.591882e+00 -1.660894e+00 -4.304438e-01 -1.817024e+01 -2.066948e+01 4.196269e+00 -4.505663e-01 -2.834961e+00 1.993297e+00 -6.412347e+00 -1.423501e+00 -6.048234e+00
7.942012e+00 -6.266637e+00 -1.094699e+00 -1.261700e+01 -2.077722e+01 4.811809e+00 2.441699e+00 -2.366172e+00 -5.533245e+00 -1.425050e+01 7.129159e+00 -7.783072e+00
9.256721e+00 -5.270458e+00 1.960337e+00 -1.389762e+01 -2.253203e+01 5.636403e+00 1.716146e+00 -3.470948e-01 -4.433002e+00 -7.702118e+00 2.312232e+00 -7.756840e+00
7.297279e+00 -1.978531e-01 3.136814e+00 -1.651704e+01 -2.183888e+01 4.117388e+00 1.293633e+00 -2.612203e+00 3.779405e+00 -4.442704e+00 1.267526e+00 -7.872167e+00
9.006417e+00 1.973112e+00 -5.401205e+00 -1.792527e+01 -1.318602e+01 2.370251e+00 -2.748585e+00 -8.609585e+00 -9.153305e+00 -3.089426e+00 9.089401e+00 -5.884363e+00
7.856493e+00 -2.106191e+00 1.873394e+00 -1.455403e+01 -2.280060e+01 1.012062e+00 4.809473e+00 -5.831675e+00 1.605495e+00 -8.211918e+00 -5.724698e-01 -8.041945e+00
8.141789e+00 -4.885991e+00 -2.245540e+00 -7.472833e+00 -1.602102e+01 3.129288e+00 5.256625e+00 -8.302009e-01 -5.151740e+00 -1.160114e+01 1.184120e+01 -3.226581e+00
8.405041e+00 -6.359160e+00 -9.300320e+00 -5.127027e+00 -8.164003e+00 -1.749195e+00 -3.720148e+00 5.600023e+00 -1.436505e+01 -1.475189e+01 1.348149e+01 -4.405304e+00
7.961506e+00 -1.371250e+00 6.132943e+00 -1.695636e+01 -2.262971e+01 1.310831e+00 1.590791e+00 -4.240719e+00 5.366178e+00 -4.430587e+00 -6.089818e-02 -7.002304e+00
7.859838e+00 -3.754203e+00 -1.227794e+01 -5.738647e+00 5.031109e-01 -3.543098e+00 -8.343986e+00 8.758344e+00 -1.540600e+01 -1.568784e+01 1.317971e+01 -5.450581e+00
7.707593e+00 -5.007741e+00 -7.441728e+00 -5.490616e+00 -1.208084e+01 -1.353314e+00 2.115968e+00 2.183716e-01 -9.903736e+00 -1.389468e+01 1.251464e+01 -6.239637e+00
7.452506e+00 7.298117e-01 4.377992e+00 -1.512951e+01 -2.425834e+01 1.190877e-01 2.953034e+00 -7.191900e+00 7.299496e+00 -2.105716e+00 -2.968581e+00 -4.884190e+00
7.813401e+00 -3.881585e+00 -1.468058e+01 -5.325147e+00 3.764385e+00 -6.020599e+00 -1.433162e+01 9.832104e+00 -1.302730e+01 -1.913173e+01 1.266691e+01 -6.959314e+00
7.704259e+00 -2.926779e-02 3.397433e+00 -1.389947e+01 -2.130472e+01 -1.466776e+00 8.842117e+00 -6.773871e+00 4.840704e+00 -5.241096e+00 -6.755430e-01 -5.799480e+00
8.568540e+00 1.031341e+00 5.789994e+00 -1.281179e+01 -2.166724e+01 -1.437664e-01 5.331792e+00 -4.658771e+00 8.557005e+00 1.248242e+00 -3.865941e+00 -2.539576e+00
9.277070e+00 -1.434762e+00 3.975512e+00 -1.289682e+01 -2.218868e+01 -1.300621e-02 3.062125e+00 -4.996488e+00 5.965820e+00 -2.074739e+00 -3.466296e+00 -4.787299e+00
8.665729e+00 -4.538879e+00 -1.366313e+01 -3.528945e+00 3.927500e+00 -3.332277e+00 -1.840960e+01 9.425566e+00 -7.286230e+00 -1.769388e+01 9.190878e+00 -4.048533e+00
8.380671e+00 -4.066072e+00 -1.282557e+01 -3.737600e+00 4.915833e+00 -1.212787e+00 -2.293548e+01 7.318240e+00 -3.666313e+00 -1.461349e+01 5.293929e+00 -4.531617e+00
7.787095e+00 -2.070852e+00 -1.441374e+01 -4.771016e+00 6.237002e+00 -7.523446e-01 -2.413514e+01 2.130722e+00 2.970839e-02 -1.684173e+01 3.957057e+00 -7.085274e+00
8.103295e+00 -1.372559e-01 -1.314925e+01 -2.520559e+00 5.624463e+00 -1.883506e+00 -2.082970e+01 1.424829e+00 7.100267e-01 -1.054717e+01 -3.499750e+00 -6.762097e+00
8.886804e+00 2.346101e-01 -1.357121e+01 -1.144295e+00 7.256004e+00 -3.412014e+00 -1.761492e+01 -1.297567e+00 2.194960e+00 -1.064142e+01 -7.469839e+00 -5.676893e+00
1.636374e+00 2.886815e+00 -4.288101e-01 -4.211913e+00 -8.700354e+00 -8.510967e+00 2.247232e+00 -9.718955e-01 -4.800825e+00 -2.198467e+00 -1.666289e+00 2.761279e+00
7.848045e+00 2.770293e-01 -9.462660e+00 1.460877e+00 6.184392e+00 -3.851830e+00 -1.543405e+01 -8.310795e-02 3.368353e+00 -1.288017e+01 -6.384826e+00 -6.670703e+00
6.685809e+00 -1.280121e+00 -8.834614e+00 3.509382e+00 9.080762e+00 -3.407363e+00 -2.012436e+01 -8.982700e+00 -7.552810e-01 -7.883921e+00 -1.131849e+01 -9.295724e+00
-1.361181e+01 -2.166043e+00 1.994446e+00 1.014900e+01 4.660759e+00 -3.023602e+00 4.244536e+00 2.325264e+00 -1.553214e+00 4.284909e+00 -5.474966e+00 3.308814e+00
3.378195e+00 -3.745799e+00 -5.216505e+00 8.551600e+00 1.122333e+01 3.809240e+00 -7.645928e+00 -1.529861e+01 -7.240740e+00 -6.125106e+00 -1.350430e+01 -6.340810e+00
-1.766264e+01 -7.846568e+00 -1.514401e+00 1.092255e+01 4.913980e+00 -1.693945e-01 8.654060e+00 2.705535e+00 3.828416e-01 1.142780e+01 -2.448909e+00 6.940319e+00
2.350840e+00 -5.967266e+00 -6.021755e+00 9.200279e+00 1.368683e+01 2.507095e+00 -9.391215e+00 -1.009023e+01 -5.585027e+00 -2.201674e+00 -1.350309e+01 -8.580058e+00
-1.813137e+01 -9.230830e+00 1.734542e+00 1.110272e+01 2.485662e+00 -5.042785e+00 6.530855e+00 -4.985449e-01 -3.032222e+00 8.907846e+00 3.741950e-02 9.710293e+00
-4.105055e+00 -8.750712e+00 -5.513095e+00 6.244641e+00 1.963738e+01 9.680065e+00 -4.526597e+00 9.751158e-01 4.852670e+00 3.994640e+00 -1.029659e+01 -4.666628e+00
-3.710615e+00 -9.778895e+00 -7.752313e+00 4.875633e+00 1.555828e+01 4.775960e+00 -4.084970e+00 9.390130e-01 5.801296e+00 8.900911e+00 -1.538177e+00 6.077719e-01
-2.528320e+00 -4.243930e+00 -4.792788e+00 6.539854e+00 1.657051e+01 2.705050e+00 -9.118417e+00 -2.990467e+00 -2.379795e+00 -5.011195e+00 -1.376018e+01 -7.838575e+00
-1.725098e+01 -7.744837e+00 -1.409611e+00 1.103681e+01 -2.812405e-01 -1.299441e+00 7.445365e+00 1.021155e+01 -4.864116e-01 7.278750e+00 -7.831437e+00 8.841034e+00
-1.630776e+01 -5.318836e+00 2.108364e-01 9.768203e+00 5.195417e-01 -3.181771e+00 6.787313e+00 1.131618e+01 7.816620e+00 1.447136e+01 4.466281e+00 1.143521e+01
-6.060053e+00 -9.706672e+00 -8.048811e+00 9.212964e-01 9.956971e+00 4.022690e+00 -4.076916e+00 4.418727e+00 9.388595e+00 6.115108e+00 -4.047954e+00 1.432958e+00
-4.227424e+00 -7.165606e+00 -3.264170e+00 1.424071e+00 1.647978e+01 5.390481e+00 -3.997373e+00 3.512417e+00 4.220118e+00 8.835903e+00 3.507178e+00 3.258545e+00
-3.146185e+00 -7.519701e+00 -3.951740e-01 3.223602e+00 1.383944e+01 2.518772e+00 -2.888508e+00 -2.932653e+00 5.786277e+00 1.214084e+01 2.430037e+00 6.049144e+00
-1.926725e+00 -4.017972e+00 3.245664e+00 9.486526e+00 1.832862e+01 3.508976e+00 -2.720103e+00 -6.079590e+00 1.080041e+00 5.439920e+00 -4.027010e+00 1.853955e+00
-1.429326e+01 -6.791353e-02 8.192091e-01 8.357412e+00 -5.553861e-01 -4.161790e+00 5.982000e+00 5.155579e+00 -5.055443e+00 7.337839e+00 3.811248e+00 1.028529e+01
-3.361871e+00 -4.479135e+00 3.713728e+00 9.835478e+00 1.823862e+01 3.407883e+00 2.767659e+00 1.394477e-01 5.776131e-01 6.806757e+00 -2.033460e+00 5.060450e+00
-2.751749e+00 1.180304e+01 1.085727e+01 8.030377e+00 3.078016e+00 8.497763e-02 9.536885e+00 8.007360e-02 1.568971e+00 5.223989e+00 -1.541194e+00 5.142213e+00
-1.129041e+00 1.216693e+01 9.563796e+00 5.577063e+00 2.936296e+00 -6.207879e+00 6.578526e+00 -9.124944e-01 -3.299455e+00 6.980169e+00 -3.840334e+00 4.716719e+00
-2.456470e+00 1.207478e+01 8.247803e+00 4.640639e+00 7.741665e+00 -1.385738e+00 9.851359e+00 1.287968e+00 1.451073e-01 4.634791e+00 -5.094484e-01 3.953847e+00
-3.860970e+00 1.093622e+01 9.136364e+00 6.410645e+00 1.587268e+00 -1.544938e+00 5.297325e+00 -3.279467e+00 1.200533e+00 4.200460e+00 -1.524134e+00 6.024311e+00
-2.217312e+00 1.288059e+01 1.255973e+01 1.069054e+01 8.204479e+00 -6.893255e+00 7.145711e+00 4.479301e+00 3.616966e+00 9.911568e+00 -3.386939e+00 1.863572e+00
-9.053499e+00 7.390434e+00 1.051277e+01 9.270968e+00 1.194791e+01 -3.057017e+00 9.355332e+00 6.195362e+00 -1.119201e+00 8.345586e+00 4.162610e+00 4.523943e+00
-3.812675e+00 2.668820e+00 5.132907e+00 1.101150e+01 1.642000e+01 4.528909e+00 8.814099e+00 7.487465e+00 3.469925e+00 9.887851e+00 2.378883e+00 9.713029e+00
-3.590528e+00 8.990531e-01 7.050040e+00 1.117993e+01 1.071746e+01 1.925897e+00 7.583746e+00 4.142731e+00 2.713804e+00 8.730528e+00 1.419820e+00 4.707131e+00
-7.163909e+00 7.810845e+00 9.018990e+00 8.114803e+00 1.226441e+01 -3.419346e+00 1.011403e+01 6.047452e+00 -3.028092e+00 -4.344788e-01 -4.559525e+00 2.067406e+00
-2.844209e+00 -4.537978e-01 4.248166e+00 6.450562e+00 8.927237e+00 3.101069e+00 3.409882e-01 -1.498923e+00 2.476668e-01 3.178780e+00 1.550214e+00 5.051217e+00
-4.201712e+00 9.672251e+00 8.461514e+00 6.520322e+00 8.718394e+00 9.274340e-02 1.025897e+01 -7.190523e-01 5.591360e+00 5.295220e+00 -8.479174e-01 6.903109e+00
-3.155500e+00 4.873860e+00 5.764311e+00 9.601054e+00 1.059350e+01 -6.435149e-01 2.353962e+00 -9.438930e-01 4.250486e+00 1.156425e+01 3.996025e+00 1.166726e+01
-2.560866e+00 1.012833e+01 9.186812e+00 8.307148e+00 4.091010e+00 -4.642431e+00 8.384254e+00 1.088680e+00 -1.115375e-01 3.551423e+00 -1.792149e+00 6.181494e+00
-1.903298e+00 9.970219e+00 7.722085e+00 8.349360e+00 5.212245e+00 -6.418758e+00 2.743497e+00 -3.320677e+00 1.723806e+00 7.103259e+00 -3.042451e+00 1.804869e+00
-4.121414e+00 8.597893e+00 1.003608e+01 1.006133e+01 8.230509e+00 -2.534834e+00 1.076925e+01 3.213618e+00 8.362033e-01 8.014032e+00 -3.174625e+00 1.088787e+01
-5.330104e+00 7.521010e+00 9.329994e+00 1.209372e+01 7.616634e+00 -1.903265e+00 7.790478e+00 -1.532684e+00 3.613316e+00 8.032389e+00 -1.040474e-01 4.182962e+00
-1.291516e+01 2.581051e+00 1.847330e+00 7.847870e+00 4.800913e+00 2.037711e-01 4.139933e+00 7.502342e+00 4.000614e+00 9.248116e+00 2.950498e+00 1.086131e+01
-3.652596e+00 6.194366e+00 5.249966e+00 6.693973e+00 1.127550e+01 -2.231714e+00 8.400949e+00 -1.003599e-02 -1.882443e+00 4.465347e+00 -3.838653e+00 9.369020e+00
-1.200218e+01 2.966329e+00 5.811551e+00 4.999795e+00 -2.773767e+00 -4.861590e+00 4.301783e+00 3.735170e+00 6.461536e+00 1.043574e+01 -6.999824e+00 4.259202e+00
-5.031065e+00 5.354291e+00 3.699178e+00 7.476456e+00 1.381451e+01 2.664746e+00 4.646025e+00 2.081962e+00 2.672687e+00 7.198020e+00 6.450590e-01 6.183341e+00
-1.376352e+01 4.513960e+00 6.078162e+00 6.022312e+00 1.831810e+00 -1.148761e+00 4.800455e+00 3.479103e+00 6.711907e+00 1.289243e+01 1.193657e+00 6.967699e+00
-9.729454e+00 2.144797e+00 1.049912e+01 6.823627e+00 -3.952227e+00 -6.212844e+00 4.010285e+00 3.372492e+00 1.109220e+01 1.668986e+01 7.044020e-01 3.438099e+00
