5.021689e+00 -1.654849e+01 -3.548250e+00 -1.678962e+01 -1.034944e+01 -2.777066e+00 -7.512135e+00 1.102572e+01 -5.199672e+00 -2.820585e+00 -4.005729e+00 -7.070702e+00
4.875210e+00 -1.525844e+01 -4.501230e+00 -1.586735e+01 -1.059548e+01 -3.956989e+00 -8.635645e+00 9.486811e+00 -5.508300e+00 -2.051083e+00 -4.482485e+00 -5.248673e+00
5.467321e+00 -1.625189e+01 -4.410089e+00 -1.667880e+01 -9.835037e+00 -2.755264e+00 -7.919631e+00 1.126112e+01 -5.536817e+00 -2.366467e+00 -5.924603e+00 -4.954690e+00
5.536469e+00 -1.597828e+01 -3.125743e+00 -1.556677e+01 -9.206501e+00 -3.284889e+00 -4.613838e+00 1.050518e+01 -4.565609e+00 -2.180843e+00 -4.281913e+00 -5.427190e+00
-1.777716e+01 3.430063e+00 -1.040582e+01 7.482328e+00 1.526146e+00 -2.151728e+00 3.001764e+00 -7.557832e+00 7.420220e-01 4.353143e+00 4.730971e+00 8.318572e+00
5.303723e+00 -1.570677e+01 -3.958603e+00 -1.646906e+01 -9.767311e+00 -4.636680e+00 -5.997018e+00 8.567066e+00 -5.618334e+00 -2.031941e+00 -6.785908e+00 -4.084810e+00
5.769983e+00 -1.527652e+01 -2.666891e+00 -1.578716e+01 -1.261901e+01 -6.094748e+00 -1.040039e+01 7.534784e+00 -5.668200e+00 -1.634542e+00 -4.729427e+00 -5.050708e+00
4.953431e+00 -1.483720e+01 -4.907518e+00 -1.451560e+01 -1.047486e+01 -6.445680e+00 -4.957599e+00 8.076157e+00 -5.881714e+00 -4.940486e-01 -6.293673e+00 -6.191797e+00
-1.775051e+01 1.387202e+00 -1.073342e+01 7.130074e+00 -3.123118e+00 5.874116e+00 7.014380e+00 -4.592651e+00 6.693214e+00 1.390993e+00 -2.128538e+00 2.390199e+00
6.271152e+00 -1.526694e+01 -4.992134e+00 -1.421403e+01 -9.745352e+00 -8.212482e+00 -7.280614e+00 8.838829e+00 -5.623106e+00 2.350311e-01 -5.781254e+00 -6.918931e+00
-1.683708e+01 2.254016e+00 -1.106438e+01 1.465505e+00 -3.064926e+00 -2.379551e+00 5.328004e+00 -2.446467e+00 -2.377343e-01 4.483860e-01 5.005845e+00 1.141175e+01
-1.741750e+01 2.199910e+00 -1.294410e+01 3.059546e+00 -4.736771e+00 -4.570469e+00 2.921518e+00 -3.493063e+00 5.568454e+00 3.505837e+00 -1.074975e+00 4.848750e+00
7.039965e+00 -1.266404e+01 -2.811593e+00 -1.325763e+01 -1.535202e+01 -6.091031e+00 -1.181939e+01 2.543777e+00 -4.956115e+00 -1.283805e+00 -5.827869e+00 -4.908927e+00
-1.665468e+01 2.194154e+00 -1.006420e+01 3.223457e+00 4.136672e-01 -5.919034e-01 5.327315e+00 -4.036879e+00 -1.227730e+00 3.697089e+00 6.648883e+00 8.433100e+00
7.846412e+00 -6.315284e+00 -5.625757e+00 -1.247667e+01 -1.365694e+01 -6.830984e+00 -1.361129e+01 6.189092e-01 -1.457775e+00 1.374342e+00 -3.588600e+00 -1.848363e+00
-1.786021e+01 1.520963e+00 -1.021446e+01 7.952753e+00 2.405880e+00 -7.346339e-01 6.045222e-01 -5.292288e+00 4.726501e-01 2.466283e-01 1.932106e+00 7.609077e+00
7.888335e+00 -1.494359e+01 -1.322088e+00 -1.300718e+01 -7.666206e+00 -7.445629e+00 -7.725991e+00 7.057141e+00 -2.960166e+00 4.960417e+00 -6.767258e+00 -5.831810e+00
7.039410e+00 -1.190460e+00 -6.888222e+00 -9.348534e+00 -1.437130e+01 -8.406374e+00 -1.564053e+01 -2.332525e+00 -4.608016e+00 7.547791e-01 -3.056313e+00 -3.465552e+00
-1.838297e+01 -7.563560e-01 -1.156294e+01 4.936751e+00 -1.409173e+00 1.222572e-01 4.613356e+00 -5.266120e+00 -5.203185e+00 -1.013179e+00 4.623131e+00 4.982214e+00
-1.378128e+01 -1.443139e+00 -5.484941e+00 6.317919e+00 -1.097502e+00 -3.615661e+00 9.134329e+00 8.353713e+00 8.593690e+00 5.183688e+00 3.086718e+00 6.955837e+00
-1.786613e+01 -1.084318e-01 -1.090731e+01 5.927173e+00 -3.954234e-01 6.582912e-01 6.516872e+00 -5.164898e+00 7.058082e-01 1.766523e+00 3.063158e+00 3.753613e+00
7.440243e+00 -1.484324e+01 1.047091e+00 -6.842474e+00 -5.422759e+00 -4.266580e+00 -9.382488e+00 3.209095e+00 -3.473067e+00 3.269953e+00 -6.297464e+00 -8.133951e+00
-1.945939e+01 -4.024253e-01 -1.133744e+01 1.476401e+00 -1.297393e+00 3.387445e+00 -3.012347e-01 1.195822e+00 3.668888e+00 1.989893e+00 1.123200e+00 3.027847e+00
6.454525e+00 -1.092396e+01 -6.327629e-03 -3.041720e+00 -9.671112e+00 1.351145e+00 -9.812967e+00 6.403235e+00 -5.111345e+00 -5.262147e+00 -1.030968e+01 -1.031341e+01
7.243140e+00 -1.064994e+01 1.652825e-02 -3.485551e+00 -9.563503e+00 3.749729e+00 -1.076286e+01 5.817064e+00 -4.613294e+00 -8.453981e+00 -1.034418e+01 -9.723707e+00
6.931981e+00 -1.058685e+01 -4.661725e-01 -3.006131e+00 -9.832390e+00 2.904339e-01 -1.025394e+01 6.949677e+00 -5.504933e+00 -3.336138e+00 -1.121837e+01 -9.849773e+00
7.359189e+00 -9.739809e+00 -1.195070e+00 -2.796336e+00 -1.119975e+01 4.320406e+00 -1.116573e+01 3.958298e+00 -5.692364e+00 -1.270841e+01 -1.069592e+01 -8.062683e+00
3.080614e+00 3.863886e+00 -3.262355e+00 -2.902053e+00 -1.160287e+01 -9.954817e+00 -2.021303e+00 -2.357044e+00 -5.864699e+00 2.028621e+00 -2.679525e+00 3.051370e+00
7.794122e+00 -9.428944e+00 -2.026684e+00 6.560555e-01 -8.263161e+00 -3.390857e+00 -8.346781e+00 4.566613e+00 -1.891505e+00 -4.710702e+00 -1.031052e+01 -1.113744e+01
7.340549e+00 -4.380929e+00 -1.988286e+00 -3.673537e+00 -6.103512e+00 3.077930e+00 -1.280174e+01 7.271591e+00 -4.985380e+00 -1.789030e+01 -2.782659e+00 -1.093793e+01
6.681859e+00 4.898183e+00 1.001419e+00 -8.538618e-01 -1.146058e+01 -5.942984e+00 -1.139998e+01 5.410550e+00 -8.007719e+00 -1.175633e+01 -6.451194e+00 -2.204134e+01
8.643279e+00 -1.244286e+01 1.495785e+00 -2.941822e+00 -9.209394e-01 -3.528133e+00 -7.844841e+00 4.700717e-01 -4.616470e+00 -8.850393e-01 -5.882874e+00 -1.083287e+01
7.026455e+00 1.345422e+00 -1.284836e+00 -1.520513e+00 -8.980705e+00 2.787920e+00 -1.361369e+01 2.195680e+00 -3.022903e+00 -1.402874e+01 -4.182708e+00 -1.302166e+01
7.357809e+00 4.717513e+00 2.054119e+00 -2.539122e-01 -9.382793e+00 -2.723843e+00 -7.680997e+00 3.734293e+00 -4.547440e+00 -1.162797e+01 -7.932210e+00 -1.989827e+01
-1.565802e+01 2.968445e-01 -7.444872e+00 -9.496069e-01 3.913558e+00 1.068272e+00 -3.413270e+00 -5.525797e+00 1.755877e+00 5.720077e-01 3.790512e-01 2.597234e+00
8.582762e+00 -8.094219e+00 2.287083e-01 -1.495245e+00 -3.429466e+00 -5.624094e+00 -6.874791e+00 1.973837e+00 -1.434608e+00 -4.661033e+00 -7.262318e+00 -1.271987e+01
6.178176e+00 4.044509e+00 3.917969e+00 -1.770951e+00 -1.053816e+01 -4.000686e+00 -5.135146e+00 2.168127e+00 -1.011613e+01 -8.938292e+00 -1.183722e+01 -2.158586e+01
6.811193e+00 3.422482e+00 3.937230e+00 2.136324e+00 -1.205704e+01 6.842095e-01 -4.903177e+00 -6.051583e-01 -6.998990e+00 -1.099467e+01 -9.658333e+00 -2.118095e+01
6.879468e+00 3.410099e+00 1.784126e+00 4.067441e+00 -9.750738e+00 -5.338718e+00 -4.236879e+00 -1.248654e+00 -8.180042e+00 -1.373494e+01 -1.296656e+01 -1.999218e+01
8.761368e+00 -6.506761e+00 1.650631e+00 -4.038559e+00 1.337018e+00 -3.862839e+00 -7.783602e+00 3.104333e-01 -3.954592e-01 -6.704603e+00 -4.118725e+00 -1.096457e+01
5.882243e+00 4.473609e+00 3.301863e+00 7.526236e+00 -1.039402e+01 -8.898282e-02 -5.819617e+00 -3.057343e+00 -1.032188e+01 -1.001618e+01 -1.294977e+01 -1.841549e+01
9.261684e+00 -8.778082e+00 9.911602e-01 -1.762264e+00 9.172609e-01 -5.125326e+00 -5.543261e+00 -9.950979e-01 -3.947908e+00 -4.733880e+00 -4.312737e+00 -1.090493e+01
5.256668e+00 3.084992e+00 5.335979e+00 1.083304e+01 -1.247169e+01 9.206779e-01 -4.561111e+00 -5.392342e+00 -1.364893e+01 -1.527396e+01 -1.076025e+01 -1.714944e+01
-4.439323e+00 -5.544674e-01 -1.024986e+01 -3.722377e+00 -3.652901e+00 -2.033927e+00 -2.011166e-01 -4.457448e+00 5.254202e-01 3.818006e+00 5.535720e+00 6.685165e+00
4.693696e+00 -8.316410e-01 4.391075e+00 1.176119e+01 -7.361676e+00 1.131786e+00 -1.451200e+00 -9.363811e+00 -1.666111e+01 -1.752556e+01 -1.173318e+01 -1.546481e+01
3.884847e+00 -4.775872e+00 5.248639e+00 1.438388e+01 -1.961374e+00 -3.653491e+00 6.019725e+00 -5.876176e+00 -1.750447e+01 -1.597411e+01 -7.205240e+00 -1.082857e+01
1.454681e+00 -7.675776e+00 -8.672515e+00 -3.872376e+00 -4.597753e+00 -1.497854e+00 2.294631e+00 -4.686654e+00 2.345773e+00 5.692795e+00 5.401518e+00 6.063330e+00
-5.424618e+00 9.113132e+00 1.600230e+01 -7.208470e+00 7.514379e+00 -3.713173e+00 6.028163e+00 -3.804370e+00 -2.769046e+00 8.274629e-01 1.594017e+00 6.496267e+00
2.996534e+00 -6.688041e+00 3.526780e+00 1.267194e+01 2.363497e+00 6.042852e-01 5.861775e+00 3.330208e+00 -8.978210e+00 -1.398558e+01 -1.007716e+01 -6.000846e+00
1.773345e+00 -3.934667e+00 2.681511e+00 9.236166e+00 4.594973e+00 -1.311598e-01 5.595101e+00 8.449947e+00 2.129995e+00 -5.075441e+00 -6.538581e+00 -9.133442e+00
-9.422745e+00 -1.170335e+01 -5.266045e-01 7.317520e+00 1.112262e+01 7.441983e+00 -3.663252e+00 -1.356343e+01 1.503413e+01 3.016972e+00 9.719507e+00 1.745909e+00
1.990629e+00 8.704754e+00 7.673065e+00 1.273940e-01 1.351744e+01 1.946805e+00 2.350468e+00 -3.442932e+00 -6.412454e-01 5.569209e+00 -4.376411e-01 4.009800e-01
2.156476e+00 2.287146e+00 5.695630e+00 1.878220e+00 2.520038e+00 -1.051425e+00 3.728352e+00 3.374797e+00 -7.378535e-01 8.068895e-01 1.666890e+00 2.298656e+00
7.254658e+00 9.233023e+00 2.315545e+00 -1.252603e+00 3.209148e+00 4.722521e+00 8.193242e+00 5.054792e-01 1.772707e+00 1.090129e+00 5.810938e-01 5.086175e+00
2.942878e+00 2.368114e+00 4.148267e+00 2.123734e+00 5.942239e+00 2.324233e+00 2.920161e+00 9.836778e+00 5.204508e+00 1.692494e+00 -1.360378e-01 1.306424e+00
2.270014e+00 -7.790699e-01 -3.982471e-01 -2.857412e+00 3.029390e+00 -4.639952e+00 -1.034803e+00 6.190706e+00 -2.562111e+00 2.370220e+00 4.629451e+00 8.661556e-02
5.284692e+00 9.651559e+00 2.407739e+00 1.024262e+00 1.605509e+00 4.534856e+00 7.378473e+00 -4.204115e+00 5.813326e+00 4.303133e+00 4.936838e+00 1.344274e+00
3.804391e+00 1.085133e+01 6.786761e+00 3.217594e+00 8.321667e+00 2.622105e-01 3.768691e+00 -2.495786e+00 1.395037e+00 -1.382732e-02 4.136113e+00 3.294579e+00
-2.918505e+00 5.547654e+00 7.069380e+00 -2.356427e+00 1.176435e+01 9.070704e-01 3.234417e+00 -2.500427e-02 3.861486e+00 6.480038e+00 3.310750e+00 1.017609e+01
3.440774e+00 1.064353e+01 7.353568e+00 3.110815e+00 5.602068e+00 1.484779e+00 -2.550590e+00 -1.029512e+01 4.116478e+00 6.475367e+00 3.745695e+00 2.185153e+00
3.155284e+00 1.889284e+00 2.642023e+00 5.903788e+00 7.315815e+00 5.468938e+00 5.050449e+00 2.272460e-01 7.829055e+00 1.857591e+00 5.100403e+00 1.159253e+01
7.913470e-01 -1.550130e+00 2.313283e+00 5.797210e+00 5.020344e+00 -8.747056e-01 3.111446e+00 6.512053e+00 2.148346e+00 3.572364e-01 1.826165e+00 3.501989e+00
-5.190519e+00 -4.978338e+00 -1.454605e+00 2.624286e+00 1.357720e+00 3.390745e+00 5.599169e+00 9.784001e-01 1.005929e+00 3.018702e+00 6.996729e+00 -8.868461e-01
3.338182e+00 2.367452e+00 4.068563e+00 3.661978e+00 2.522784e+00 -2.155974e+00 4.518879e+00 2.524233e+00 9.700418e-01 9.647322e-01 -5.276071e+00 6.058908e-01
2.365139e+00 8.785538e+00 7.777284e+00 8.076553e+00 5.670336e+00 -8.618660e-01 -4.820231e+00 -2.941964e+00 3.738461e+00 7.425565e+00 1.024830e+01 5.200136e+00
4.495029e+00 1.002758e+01 3.456163e+00 -1.129927e+00 1.915800e+00 -4.244230e-01 2.820086e+00 -7.837520e+00 -6.796432e-01 1.538964e+00 1.590559e+00 5.912457e+00
1.918470e+00 2.654140e+00 5.822601e+00 2.184085e+00 1.743048e+00 6.935992e-01 2.363112e+00 6.528542e+00 2.385188e+00 2.163949e-01 1.568956e-01 5.173061e+00
2.967069e+00 3.532121e+00 3.558967e+00 3.906274e+00 2.714170e+00 -4.820027e+00 -2.084804e-01 -3.192880e+00 2.071434e+00 2.431378e+00 -3.148309e+00 -2.688601e+00
2.339591e+00 4.252267e+00 1.604715e+00 3.910689e-01 1.366400e+00 -2.244663e-01 5.659121e+00 4.305182e+00 -3.793240e-02 2.461608e+00 -3.473997e-01 2.280383e+00
2.204157e+00 7.204000e+00 2.218914e+00 7.025931e-01 6.063900e+00 5.816667e+00 9.290169e+00 6.605037e-01 6.267157e-01 -4.474671e+00 -4.329800e+00 -3.684042e+00
2.829026e+00 1.007273e+01 5.362665e+00 -1.280774e+00 4.099193e+00 5.524596e+00 1.055921e+01 1.725499e+00 3.628156e+00 5.454729e+00 4.744041e+00 3.155395e+00
7.243061e-01 8.179257e+00 8.897723e+00 5.781803e-01 9.494736e+00 9.951215e+00 -1.488714e-01 2.737465e+00 4.236681e+00 3.651918e+00 9.738842e+00 1.909401e+00
1.529727e+00 9.191936e+00 4.857596e+00 7.572092e+00 1.011427e+01 4.119170e+00 -2.948155e+00 -3.921416e+00 3.078845e+00 5.235928e+00 5.205200e+00 7.846768e+00
2.782228e+00 9.934885e+00 4.202285e+00 2.148602e+00 5.988519e+00 -2.968677e+00 2.012691e+00 -4.197268e+00 4.706187e+00 3.891228e+00 4.637724e+00 7.556317e+00
-3.062048e-01 7.400102e+00 7.302792e+00 -2.658072e+00 7.789844e+00 5.696284e+00 1.478534e-01 5.637640e+00 4.144277e+00 -1.352644e-02 8.692543e+00 3.410830e+00
3.907589e+00 7.111845e+00 3.398782e+00 4.230186e+00 3.774762e+00 -6.694886e+00 -2.834272e+00 -8.461555e+00 2.489719e-01 3.822166e+00 5.425560e+00 7.623822e+00
2.863655e+00 8.440943e+00 3.513397e+00 1.097006e+00 3.559896e+00 -1.061026e+00 2.283682e+00 -2.131154e+00 4.153985e+00 3.570985e+00 4.186925e+00 6.501541e+00
3.151752e+00 4.199944e+00 1.833889e+00 5.547309e-02 2.878135e+00 2.115260e+00 5.372744e+00 -1.625793e+00 3.845081e-01 -7.112904e-01 -1.423173e+00 2.177201e+00
2.112384e+00 7.251962e+00 1.922076e+00 2.229679e+00 6.047282e+00 5.297645e+00 5.727980e+00 5.516163e-01 4.717089e+00 1.965790e-01 5.385035e+00 8.308502e+00
3.891496e+00 8.355078e+00 4.604324e+00 1.175503e+00 3.998972e+00 1.128023e-01 4.467809e+00 -2.412755e+00 1.487335e+00 7.303662e-01 1.774235e+00 2.144364e+00
2.072537e+00 7.806475e+00 1.975146e+00 -1.610642e+00 7.639503e-02 -2.748997e+00 1.182837e+00 -6.812523e+00 -3.475939e+00 8.090045e-01 2.012398e+00 8.425302e+00
3.170020e+00 4.736940e+00 -1.996394e+00 -2.182935e+00 4.332414e+00 5.286513e+00 8.507149e+00 3.637831e+00 2.670048e+00 5.839724e+00 3.499880e+00 -3.019409e+00
3.066238e+00 7.174253e+00 2.748452e+00 -1.612883e-01 3.375357e+00 1.377460e+00 6.589401e+00 4.084337e+00 6.278582e+00 1.428890e+00 -1.096614e+00 5.241523e+00
-3.952971e+00 -1.378025e+00 -5.544198e-02 1.374504e+00 2.211157e+00 1.555395e+00 6.443967e+00 2.742852e-01 -8.100901e-01 6.832184e+00 8.745134e+00 -4.853101e-01
1.459744e+00 5.762397e+00 5.255676e+00 5.255486e+00 5.865550e+00 3.093513e-01 1.185227e+00 -8.607548e+00 -3.076947e+00 2.352903e+00 2.990546e+00 -6.746612e-01
3.564855e+00 6.925937e+00 2.767846e+00 -1.431247e+00 1.555419e+00 -1.302696e+00 1.137630e+00 -4.674543e+00 -3.512039e-01 6.261814e-01 1.002795e+01 7.225892e+00
8.221812e-01 4.535305e+00 1.928832e+00 4.692512e+00 6.181982e+00 4.070807e+00 5.591337e+00 -3.023706e+00 -5.348382e-01 -1.187806e+00 2.133286e+00 -1.570381e+00
1.191045e+00 8.421706e+00 3.905058e+00 3.010822e+00 4.516067e+00 2.672955e+00 2.516259e+00 -4.986779e+00 -1.667932e+00 -4.068770e-01 1.140747e+00 5.691104e+00
2.448225e+00 6.930182e+00 3.043430e-01 -2.890889e+00 1.091410e+00 2.900537e+00 1.124168e+01 7.320567e+00 5.083123e+00 3.599473e+00 -1.476153e+00 2.715133e+00
1.381716e+00 7.568549e+00 4.115996e+00 2.732405e+00 4.117572e+00 -1.947409e+00 6.280059e+00 -2.575525e+00 1.267126e+00 2.535128e+00 3.270441e+00 4.074995e+00
1.359258e+00 7.852824e+00 3.554914e+00 -1.286888e-01 4.752753e+00 3.316570e+00 4.755721e+00 -2.748196e+00 3.904563e+00 2.889152e+00 1.588336e+00 3.410961e+00
2.111279e+00 8.646762e+00 -4.313029e-01 3.820976e+00 -6.037321e-01 -1.935293e+00 -1.334529e+00 -8.710399e+00 6.456372e+00 4.551251e+00 2.768399e+00 8.172182e+00
1.967297e-01 6.591011e+00 3.342190e+00 4.100014e+00 3.772362e+00 3.859466e+00 6.870426e+00 3.721868e+00 -9.324503e-01 -1.000600e+00 -7.641854e-01 3.744139e+00
2.740498e-01 7.863458e+00 5.271879e+00 1.632404e+00 2.922360e+00 3.024370e+00 3.629209e+00 -1.873943e+00 9.834471e-01 -1.588532e+00 4.484169e+00 8.570045e+00
9.509511e-01 8.045254e+00 5.262006e+00 6.791605e+00 7.241786e+00 -1.233146e+00 -1.054283e+00 -3.753784e+00 4.663287e+00 2.919420e+00 1.121301e+01 9.962376e+00
1.740168e+00 4.291116e+00 1.579834e+00 3.582186e+00 5.959543e+00 2.239489e+00 3.572720e+00 -1.308986e+00 2.818148e+00 3.486324e+00 1.293122e+00 7.783557e+00
5.134282e-01 6.120274e+00 2.727000e+00 2.353746e+00 4.790150e+00 9.567952e-02 6.316913e+00 -1.266370e+00 5.269732e+00 8.301374e+00 4.264398e+00 3.240593e+00
1.740765e+00 5.728320e+00 1.147464e+00 -7.114155e-01 3.896302e+00 4.342710e+00 4.848861e+00 -4.957517e+00 -1.991878e-01 1.689433e+00 2.333961e-01 5.430351e+00
-3.568234e+00 -8.584561e-01 -1.418347e+00 3.054624e+00 4.355843e+00 1.898220e+00 1.289586e+00 3.640766e+00 2.007668e+00 8.706385e+00 6.685106e+00 4.677423e+00
-1.056706e+01 -4.940085e+00 -2.880544e+00 2.841867e+00 2.258319e+00 2.179943e+00 5.704939e+00 1.875835e+00 5.164397e+00 2.507982e+00 4.112154e+00 8.026528e+00
-1.289205e+01 -5.628347e+00 -4.184614e+00 1.731349e+00 1.033180e+01 3.750339e+00 6.283896e+00 -2.619922e+00 4.336859e+00 7.453775e+00 7.485927e+00 1.183869e+01
-1.052072e+01 -2.211933e+00 -3.499802e-01 -1.431271e+00 8.224304e+00 9.560994e+00 8.158899e+00 3.350528e+00 7.688031e+00 7.759298e+00 7.738289e+00 3.452816e+00
-9.598341e+00 -2.754541e+00 -5.491847e+00 5.176761e-01 5.416613e+00 4.778227e+00 3.483592e+00 8.103775e-01 1.170954e+01 5.465243e+00 1.691309e+00 4.339828e+00
-1.000457e+01 -3.408264e+00 -4.203136e+00 1.096374e+00 6.009974e+00 -2.163100e-01 -6.316471e-02 1.511500e+00 7.176680e+00 6.455150e+00 7.351892e+00 9.192854e+00
-8.490814e+00 -4.607809e+00 -2.751210e+00 4.676591e+00 7.320615e+00 2.017445e+00 3.734620e+00 -1.746581e+00 4.476163e+00 2.439162e+00 -1.164925e+00 1.062972e+01
-8.446228e+00 -4.046385e+00 -2.694243e+00 3.206631e+00 5.239154e+00 1.596245e+00 1.985017e+00 -6.014531e+00 4.696474e+00 7.511928e+00 8.262421e+00 9.874629e+00
-1.010461e+01 -6.527210e+00 -6.836598e+00 2.117932e-01 5.969082e+00 1.171844e+00 2.479289e+00 6.306244e-01 6.848506e+00 8.741940e+00 8.250622e+00 8.492805e+00
-9.238150e+00 -7.431312e+00 -2.421221e+00 1.476280e+00 6.494941e+00 2.977112e+00 -2.206811e+00 -5.999464e+00 1.049769e+01 6.038175e+00 7.682775e+00 8.348766e+00
-6.659719e+00 -3.084150e+00 -1.860973e+00 2.303027e+00 3.796185e+00 2.249334e+00 -2.749629e-01 -6.926097e+00 2.646795e+00 -1.155918e+00 3.164217e+00 5.892119e+00
-7.060860e+00 -1.294011e+00 -3.528093e+00 -1.728824e+00 2.819729e+00 2.855215e+00 3.301371e+00 -2.219122e+00 6.760894e+00 2.171354e+00 1.975655e+00 2.426362e+00
-5.986559e+00 1.246474e+00 4.909351e-01 -1.770350e+00 1.548824e+00 6.079801e+00 3.779053e+00 -3.589720e+00 5.456967e+00 7.195533e+00 3.813056e+00 4.417053e+00
8.800812e-01 8.923341e+00 5.759031e+00 1.857786e+00 6.485678e+00 3.014192e+00 2.878853e+00 -1.721844e+00 -2.574014e+00 -3.449492e-01 3.397779e+00 7.557881e+00
