1.075126e+01 -1.407958e+01 -1.390133e+00 -1.064562e+01 -9.342344e+00 1.696976e+01 9.869637e+00 -1.022576e+01 -6.686661e+00 2.902980e+00 2.519770e+00 -9.201088e+00
1.038128e+01 -1.394336e+01 -2.535901e+00 -1.021034e+01 -7.102811e+00 1.557075e+01 9.428012e+00 -1.103865e+01 -6.334391e+00 2.341672e+00 1.510661e+00 -8.102728e+00
1.120777e+01 -1.549741e+01 -1.210176e+00 -1.086499e+01 -6.229238e+00 1.596898e+01 7.193519e+00 -8.950784e+00 -7.853263e+00 9.683298e-01 3.133564e+00 -9.652960e+00
1.155154e+01 -1.530662e+01 -2.097913e+00 -9.792366e+00 -6.670891e+00 1.633075e+01 8.340906e+00 -1.126561e+01 -4.615856e+00 -8.371793e-01 4.973549e+00 -1.168322e+01
1.145242e+01 -1.413483e+01 -1.468546e+00 -1.037338e+01 -1.078254e+01 1.716069e+01 7.708997e+00 -8.962700e+00 -5.193227e+00 2.452005e+00 1.296659e+00 -9.893150e+00
1.136859e+01 -1.583128e+01 -2.219697e+00 -9.369473e+00 -6.127324e+00 1.432478e+01 1.033957e+01 -1.178526e+01 -5.102871e+00 -3.647097e-01 3.895052e+00 -1.108354e+01
1.185848e+01 -1.392994e+01 -6.104082e-01 -1.033382e+01 -1.279266e+01 1.663128e+01 8.445083e+00 -8.272647e+00 -5.092811e+00 2.490630e+00 3.575735e-01 -9.221960e+00
1.148526e+01 -1.558444e+01 -2.636910e+00 -9.826799e+00 -5.273070e+00 1.526415e+01 9.148125e+00 -1.105641e+01 -4.190011e+00 -1.631811e+00 4.231387e+00 -1.111042e+01
1.167543e+01 -1.256548e+01 -1.730689e+00 -1.019797e+01 -1.490654e+01 1.786182e+01 9.592320e+00 -9.188699e+00 -4.371892e+00 1.978641e+00 -1.817399e+00 -5.468745e+00
1.171918e+01 -1.592708e+01 -2.120547e+00 -9.617414e+00 -6.185559e+00 1.477096e+01 9.721664e+00 -9.517982e+00 -4.015190e+00 -5.077517e+00 8.042523e+00 -1.302643e+01
1.129694e+01 -1.598486e+01 -3.180110e-01 -1.037878e+01 -5.005553e+00 1.296409e+01 1.123049e+01 -8.513448e+00 -4.469923e+00 -3.553426e+00 6.998751e+00 -1.317873e+01
1.247924e+01 -1.211452e+01 -2.129931e-01 -1.231419e+01 -1.573812e+01 1.807416e+01 9.486659e+00 -8.067141e+00 -5.946318e+00 2.556101e+00 -2.017439e+00 -4.425288e+00
1.216843e+01 -1.623964e+01 -1.427642e+00 -9.915207e+00 -4.330063e+00 1.252004e+01 1.045984e+01 -9.742492e+00 -2.489966e+00 -2.421829e+00 4.430312e+00 -1.173123e+01
1.215771e+01 -1.587746e+01 -1.684481e+00 -8.281234e+00 -4.955888e+00 1.345229e+01 7.312231e+00 -9.477602e+00 -1.095744e+00 5.978500e-01 9.587214e-01 -1.007665e+01
1.261642e+01 -1.658154e+01 -7.688409e-01 -9.689274e+00 -4.054469e+00 1.213577e+01 9.238776e+00 -1.075498e+01 8.261740e-01 -4.416439e+00 5.478356e+00 -1.150979e+01
1.287227e+01 -1.713069e+01 -1.083266e+00 -7.426573e+00 -5.043768e+00 1.157375e+01 5.734506e+00 -9.007772e+00 4.757148e-02 3.238066e-01 -8.195654e-01 -8.338701e+00
1.259490e+01 -1.687347e+01 -5.612651e-01 -7.155308e+00 -7.094664e+00 1.352855e+01 2.594369e+00 -5.489573e+00 -2.191446e+00 3.452114e+00 -2.141855e+00 -9.364765e+00
1.292130e+01 -1.110212e+01 -2.225528e-01 -1.305252e+01 -1.597213e+01 1.721891e+01 9.046601e+00 -6.411810e+00 -8.745157e+00 6.263752e+00 -3.859895e+00 -1.242899e+00
1.262629e+01 -1.667691e+01 -2.856600e-02 -6.126500e+00 -9.013544e+00 1.399146e+01 1.566979e+00 -5.196486e+00 1.303873e+00 1.277368e+00 -2.447326e+00 -1.047289e+01
1.489403e+01 -1.137817e+01 8.896001e-01 -1.272501e+01 -1.934819e+01 1.830088e+01 7.007785e+00 -5.296796e+00 -7.457016e+00 6.283110e+00 -2.351776e+00 -1.567984e-02
1.180645e+01 -1.580789e+01 -4.405513e-01 -5.159798e+00 -8.983944e+00 1.342551e+01 -1.885855e+00 -1.168637e+00 8.815784e-01 1.418468e+00 6.756399e-01 -1.752666e+01
1.111360e+01 -1.454719e+01 -7.315820e-01 -4.561590e+00 -1.060140e+01 1.345663e+01 -2.382242e+00 -2.276103e+00 4.985847e+00 1.162865e+00 -1.426160e+00 -1.664872e+01
1.612028e+01 -1.056781e+01 1.053599e+00 -1.130236e+01 -2.100759e+01 1.759780e+01 4.506169e+00 -4.804209e+00 -5.724426e+00 7.735191e+00 -2.383342e+00 -1.812744e-01
1.026511e+01 -1.320117e+01 -4.146277e-01 -2.463464e+00 -1.185717e+01 1.054352e+01 -4.811747e+00 4.393192e+00 1.985929e+00 2.933672e+00 -3.430560e+00 -1.554347e+01
1.578562e+01 -8.576900e+00 6.470154e-01 -1.045443e+01 -2.076525e+01 1.648116e+01 3.779398e+00 -4.201653e+00 -6.610381e+00 7.619903e+00 -2.294246e+00 -2.781358e-01
1.106231e+01 -1.298127e+01 1.647988e+00 -2.877434e+00 -1.394941e+01 1.135347e+01 -9.679524e+00 8.091249e+00 5.020180e+00 -2.250344e-01 -2.246903e+00 -1.526223e+01
9.783650e+00 -1.236698e+01 5.247640e+00 -2.605818e+00 -1.471514e+01 6.131392e+00 -8.804017e+00 1.151201e+01 4.509428e+00 5.336460e-01 -4.035316e+00 -1.367772e+01
1.532102e+01 -4.776969e+00 1.109853e-01 -8.652738e+00 -1.894459e+01 1.346008e+01 2.308065e+00 -3.179090e+00 -8.971239e+00 5.814813e+00 2.064143e+00 2.691986e+00
9.877481e+00 -8.434240e+00 5.271457e+00 -4.222551e+00 -1.269956e+01 -2.172771e-01 -1.695621e+00 6.547474e+00 6.998697e+00 -3.062293e+00 7.143795e-01 -1.221914e+01
1.056213e+01 -7.861423e+00 5.283028e+00 -6.041547e-01 -1.144104e+01 -3.133383e+00 -9.382699e+00 1.410776e+01 4.186144e+00 5.237322e-01 1.811134e+00 -1.625785e+01
1.032456e+01 -7.537075e+00 8.802118e+00 -1.453374e+00 -6.830091e+00 -3.671744e+00 -1.708469e+01 1.664009e+01 4.946963e+00 -1.997534e+00 2.397966e+00 -9.486874e+00
1.207179e+01 7.431092e-01 -2.789373e+00 -6.498747e+00 -9.927263e+00 6.603517e+00 6.968997e+00 -7.954902e+00 -8.743917e+00 4.567136e+00 3.250086e+00 2.152135e+00
-1.257161e+01 -2.121956e+00 -7.537986e-01 7.266622e+00 -1.596233e+00 -1.059864e+00 -8.629333e-01 -6.460182e+00 2.166885e+00 -2.928623e+00 -3.690027e-02 5.963164e+00
-1.188741e+01 -2.072308e+00 -7.065114e-01 6.150275e+00 1.687662e+00 2.791710e-01 2.549202e+00 -8.755173e+00 -4.496192e+00 -2.277922e+00 4.378314e+00 4.596018e+00
1.241435e+01 -1.230912e+00 2.261665e+00 1.414490e+00 -5.112536e+00 -1.031446e+01 -6.677293e+00 1.187539e+01 -5.046863e+00 6.082168e+00 5.220947e+00 -9.152807e+00
1.216240e+01 -1.335486e+00 5.585176e+00 9.494979e-01 -4.314681e+00 -1.243956e+01 -9.773773e+00 1.722100e+01 -3.027316e+00 3.098114e+00 1.573334e+00 -8.960821e+00
-1.336973e+01 1.090922e-01 -4.340237e-01 6.338295e+00 -4.501413e+00 -4.410477e+00 -6.080228e-01 -5.555357e+00 3.921379e+00 -9.818152e-01 -1.198989e+00 5.028698e+00
1.004755e+01 -8.041191e-02 6.113762e+00 1.047760e+00 5.639334e-01 -8.492738e+00 -1.119072e+01 1.246799e+01 -2.381656e+00 -1.285747e+00 4.308689e+00 -8.707258e+00
-4.738276e+00 4.368487e+00 9.155676e-01 8.753020e+00 6.156553e+00 -3.612020e+00 -1.669529e+00 -3.675080e+00 -1.638615e+00 -5.092788e+00 -1.818198e+00 -5.564818e-01
-1.255623e+01 5.873349e+00 -1.268109e+00 6.916975e+00 -2.323891e+00 -7.152621e+00 -4.083715e+00 5.243702e-01 7.515779e+00 3.139024e+00 2.164997e+00 2.283810e+00
-1.212414e+01 -5.788970e+00 -2.265646e+00 5.561560e+00 2.623930e+00 -1.022141e+01 -7.501183e+00 -2.372035e+00 9.784614e-01 4.019221e+00 -2.653388e+00 -2.426447e+00
-1.100010e+01 -1.287677e+00 2.915120e+00 8.614848e+00 4.861517e+00 -5.421664e+00 2.919274e+00 1.166714e+01 5.126276e+00 1.944034e+00 -3.594385e+00 -7.105112e-02
-9.256376e+00 4.693689e-01 2.826372e+00 6.440972e+00 4.546608e+00 -4.723766e+00 -2.408624e+00 2.998894e+00 4.284995e+00 7.130938e+00 -1.891637e+00 -5.022831e+00
-1.308001e+01 2.184345e+00 -4.644845e+00 4.516429e+00 -1.535449e+00 -2.340149e+00 -2.933810e+00 -6.414327e+00 -2.277023e-02 -7.631080e+00 2.151952e+00 4.656889e+00
-1.018293e+01 1.469409e+00 4.688927e+00 8.690303e+00 4.560165e+00 -6.635305e+00 -4.107479e+00 7.289172e+00 6.117514e+00 3.145540e+00 -1.281120e+00 2.799316e+00
-8.232967e+00 2.292937e+00 4.417129e+00 7.477021e+00 6.586367e+00 -8.165421e+00 -4.557806e+00 5.249885e+00 4.337398e+00 -1.005542e-01 -4.135208e+00 2.720710e+00
6.005757e+00 8.524551e-01 7.200058e+00 2.959584e+00 7.213001e+00 -9.427592e+00 -1.581617e+00 1.018107e+01 -4.902115e+00 -2.961209e+00 -2.442229e+00 -3.100040e+00
-1.040659e+01 -1.496673e+00 -2.432590e-01 6.982479e+00 4.107532e+00 -1.004034e+01 -6.373351e+00 3.171050e+00 2.987964e+00 1.348382e+00 -5.264651e+00 1.003397e-01
-1.454337e+01 -1.723172e+01 -6.791780e+00 2.249828e-01 5.968830e+00 1.633468e+01 -6.068516e+00 -1.367493e+00 -1.982429e+01 -3.264743e+00 1.496479e+01 5.303331e+00
-6.292714e+00 2.695917e+00 6.695433e+00 9.710472e+00 7.151519e+00 -6.165167e+00 -1.977819e+00 -2.149909e+00 -2.911077e+00 -6.973683e-01 -3.036873e+00 -4.401659e+00
-1.035359e+01 -1.538160e+00 -1.025397e+00 8.987885e+00 2.843270e+00 -8.187334e+00 -3.542825e-01 9.068483e+00 2.566499e+00 1.646992e-01 -3.563086e+00 4.427583e+00
-7.052187e+00 -2.745756e+00 -7.174653e+00 5.055686e+00 -2.567638e+00 -4.931376e+00 -2.242378e+00 -3.613691e+00 3.634827e+00 -8.241483e-01 -1.925529e+00 4.523916e+00
-9.929464e+00 5.312448e+00 -3.618023e+00 2.042307e+00 -6.538860e+00 -7.579305e+00 -3.874794e+00 -4.597889e+00 3.233127e+00 -2.734740e+00 1.541256e-01 -5.098376e-01
-1.000947e+01 -2.484455e-01 -5.553604e-01 7.929414e+00 8.190138e+00 -8.867156e+00 -2.079345e+00 8.491104e-01 1.239478e+00 2.502229e+00 -1.919825e+00 -9.373603e-01
-1.130790e+01 -1.365600e+01 -4.449003e+00 1.856261e-02 2.919570e+00 1.537528e+01 -6.882085e+00 -4.078088e-01 -1.858392e+01 -2.928916e+00 1.181613e+01 6.920717e-01
-6.045637e-01 7.967872e+00 9.660277e+00 8.242405e+00 4.217194e+00 -6.275090e+00 -4.886031e-03 4.705560e-01 2.105245e+00 -1.669041e+00 -5.265914e+00 -1.383591e+00
-8.159920e+00 1.286940e+00 9.229171e-02 7.443187e+00 6.599765e+00 -9.578656e+00 -5.019473e+00 1.345032e-01 2.005406e+00 3.046988e+00 -4.934561e+00 -2.029467e-01
-8.611345e+00 5.478093e+00 -2.829758e+00 4.720862e+00 6.815810e-01 -5.048891e+00 -6.323069e-01 1.607162e+00 2.850130e+00 -2.420729e+00 3.064879e+00 3.831688e+00
-1.775099e+01 2.619600e-01 3.486582e+00 1.037469e+01 5.776035e+00 -1.685038e+01 1.258368e+00 -7.027791e+00 -8.620384e+00 4.279548e+00 5.259267e+00 5.063889e+00
-6.628150e+00 1.056265e+00 -3.987398e-01 6.139948e+00 7.248815e+00 -7.361974e+00 -3.131561e+00 2.665876e+00 2.236885e+00 -1.177920e+00 -7.929532e+00 -3.346272e-01
-7.117392e+00 2.133718e+00 -5.273570e+00 6.945050e+00 4.099150e-01 -2.404581e+00 -1.056331e+00 9.518819e-01 3.118278e+00 2.333901e+00 -1.745445e-01 4.167688e+00
-9.252125e+00 -2.325123e+00 -5.587650e+00 -4.322375e+00 5.844301e+00 4.591208e-01 7.613107e-01 -4.595815e+00 -5.766673e+00 -5.031037e+00 2.742682e+00 9.234558e+00
-5.647803e+00 -1.626267e-01 -1.743727e+00 2.644728e+00 6.232670e+00 -6.905492e+00 -7.446777e+00 2.334061e+00 1.654416e+00 -2.069528e+00 -7.944219e-01 -6.162882e-02
-1.446579e+01 -6.970040e+00 3.782537e+00 1.048907e+01 7.913317e+00 -1.686263e+01 5.721653e+00 -7.241632e+00 -1.019366e+01 4.581433e+00 -2.972254e+00 -4.426537e-01
-7.481789e+00 1.247052e+01 -5.786866e-01 5.809110e+00 8.723686e-01 -1.646715e+00 8.882015e-01 -4.660283e+00 -1.916489e+00 -2.300217e+00 -2.076520e+00 2.569628e+00
-3.038626e-01 2.578547e+00 -1.979060e+00 -6.438252e+00 1.277517e+01 5.120310e+00 7.397068e+00 -4.892285e+00 5.155440e+00 -1.566169e+01 -1.505204e-01 -6.150566e+00
-1.005330e+01 4.385726e+00 3.453192e+00 4.348908e+00 -1.061872e+01 -7.050514e-03 -4.630646e-01 -6.172192e+00 3.481913e+00 -3.400935e+00 1.201577e+00 6.267339e+00
-4.388986e+00 1.509301e+00 3.943058e-01 -1.593265e+00 5.254198e+00 -5.126735e+00 -3.125072e+00 1.669346e+00 -5.500087e+00 9.847326e-01 5.387825e+00 1.603295e+00
-1.543517e+01 6.353506e+00 1.144768e+01 4.949694e+00 -4.768716e+00 2.826633e+00 -4.488437e+00 -7.622447e+00 3.270531e+00 2.559887e+00 -1.604761e+00 5.920458e-01
-4.279820e+00 1.210241e+01 -1.162245e-01 8.464902e+00 2.545425e+00 -2.251891e+00 -1.579854e+00 6.143695e-01 -4.953078e-01 -1.072722e+00 2.448338e-01 4.654336e+00
-5.429834e+00 7.742059e+00 -3.578179e-01 6.331564e+00 -1.635212e+00 -6.591934e+00 -1.880602e+00 5.521909e-01 -4.402590e+00 2.541136e-01 3.988608e+00 1.051928e+01
1.605628e+00 2.783353e+00 2.667862e-01 -6.242267e+00 1.331869e+01 7.919225e+00 6.752311e+00 -1.269523e+00 1.188908e+01 -1.005034e+01 -4.636959e+00 -3.231347e+00
-1.055590e+01 -4.118931e+00 2.439518e+00 -1.218187e+00 5.550986e+00 -7.396586e+00 1.575805e-01 1.094000e+00 -7.790948e+00 2.343538e+00 -3.047204e+00 1.116436e+00
2.237673e-01 2.573635e+00 2.223733e+00 -5.365705e+00 9.472292e+00 -1.441371e+00 -6.504372e+00 2.261110e+00 -3.149399e+00 -5.187736e+00 1.335916e+00 -5.984225e-01
-7.195354e+00 3.798277e+00 2.009697e+00 5.023976e+00 -4.145402e+00 -3.951740e+00 -4.000738e+00 1.703944e+00 -1.025503e+00 1.119262e+00 -2.458559e+00 1.009634e+01
2.600178e+00 1.460526e+00 1.204778e+00 -6.529690e+00 1.155740e+01 1.022466e+01 -7.479812e-01 6.570184e+00 8.075633e+00 -6.809340e+00 -1.322682e+00 2.461969e+00
-1.438864e+01 3.985564e+00 2.780507e+00 4.874414e+00 7.466750e-01 -3.314928e+00 -5.656966e-01 1.008798e+01 4.092384e+00 2.677947e+00 1.512628e-01 1.129033e+01
2.717859e+00 5.377045e-01 1.364753e+00 -5.888497e+00 8.032818e+00 1.393443e+01 -2.331235e+00 3.865698e+00 2.996213e+00 -1.088994e+01 -2.051578e+00 5.469156e+00
3.056821e+00 1.656615e+00 2.040041e+00 -7.454298e+00 6.935341e+00 1.101042e+01 -5.114341e+00 3.379179e+00 8.064183e+00 -7.341168e+00 -6.576925e+00 3.143770e+00
-5.724355e+00 5.976558e+00 -2.315971e+00 2.355126e+00 4.397747e+00 -9.758770e+00 -7.264989e+00 -6.471035e+00 -5.506705e+00 -4.362370e+00 -1.141096e+00 5.434760e+00
-5.807393e+00 6.657758e+00 -2.911890e+00 1.763311e+00 3.830135e+00 -6.680474e+00 -3.294128e+00 8.150727e-01 1.035545e+00 -2.753331e+00 2.513854e+00 9.453744e+00
-6.027622e+00 5.228404e+00 -1.053143e+00 1.930893e+00 4.110456e+00 -6.920887e+00 -2.429439e+00 -2.364554e+00 -4.030259e+00 -2.963508e-01 3.007180e+00 1.043170e+01
-3.766626e+00 7.667002e+00 -1.484838e-01 1.188311e+00 6.562651e+00 -6.399754e+00 -3.704113e+00 -1.043954e+00 -7.408357e-02 -8.079184e-01 -1.551707e+00 3.711664e+00
-3.827449e+00 7.610157e+00 -3.606205e+00 1.005168e+00 1.785727e+00 -8.500869e+00 -2.881391e+00 4.235526e+00 2.913420e+00 4.936033e+00 5.268193e+00 5.319164e+00
-4.660269e+00 5.730711e+00 -4.956365e-03 5.663442e+00 5.817262e+00 -8.390224e+00 -1.735381e-01 7.215451e-01 3.995637e+00 5.520205e+00 3.727587e+00 6.429091e+00
-4.886394e+00 6.748215e+00 -1.711234e+00 3.152848e+00 3.916925e+00 -7.234030e+00 -2.695611e+00 -5.741641e+00 -3.148013e+00 1.830088e+00 2.003103e+00 3.624677e+00
-4.363899e+00 6.215120e+00 -9.252807e-01 4.196588e+00 4.525009e+00 -7.074382e+00 -2.339580e+00 -1.650421e+00 -4.484746e+00 -3.186685e+00 -4.404274e+00 6.403125e+00
-4.148579e+00 6.940900e+00 -1.469769e+00 2.410626e+00 -1.841659e+00 -8.321621e+00 -5.442615e+00 -5.375483e+00 -2.096240e+00 -4.061959e+00 -1.237719e+00 7.139624e+00
-4.883583e+00 4.972622e+00 -4.675457e+00 -5.883765e-01 1.379014e+00 -5.353156e+00 -1.433979e+00 -5.153795e+00 -3.019498e+00 -8.371568e-02 -4.300775e+00 4.702557e+00
-5.727839e+00 5.200147e+00 -3.237314e+00 8.321353e-02 3.597570e+00 -1.090905e+01 -7.076657e+00 -5.062974e+00 -2.872887e+00 4.442052e-01 -3.052085e+00 5.773140e+00
-5.157327e+00 2.255686e+00 -4.366150e+00 -1.460458e+00 3.070529e+00 -1.084445e+01 -7.515412e+00 -1.493363e+00 7.570070e-01 -3.494941e+00 -2.964543e+00 6.418204e+00
-6.944748e+00 1.227412e+00 -6.077634e+00 -1.559652e+00 1.439456e+00 -8.154403e+00 -3.846559e+00 2.025534e+00 8.539001e-01 2.353358e-02 5.841289e+00 9.579212e+00
-4.347818e+00 4.849727e+00 -5.463315e+00 2.019235e+00 -6.496778e-01 -9.874670e+00 -1.766868e+00 4.086148e+00 4.361542e+00 3.359976e+00 5.899283e-01 4.136385e+00
-4.815385e+00 4.443458e+00 -3.141990e+00 4.165303e+00 3.669134e+00 -9.501328e+00 -4.809459e+00 3.559960e+00 -2.946245e+00 -3.077946e+00 -6.959352e-01 2.101182e+00
-3.232685e+00 4.585914e+00 -4.087724e+00 2.160160e+00 -9.429812e-01 -6.477058e+00 -1.664223e+00 4.713150e+00 -1.719623e+00 9.307162e-01 -5.336839e+00 2.351644e+00
-3.917368e+00 5.253056e+00 -1.119690e+00 4.607642e-01 -1.507137e+00 -9.678415e+00 -6.317550e+00 -4.299417e+00 -8.815662e+00 -1.655233e-01 1.565791e-01 6.226706e+00
-2.407550e+00 4.650737e+00 -3.083884e+00 1.565064e+00 2.075395e+00 -6.155142e+00 -4.940678e+00 -3.516051e-01 -6.522143e+00 2.785803e-01 -1.660801e+00 2.966652e+00
-2.511806e+00 6.157342e+00 -1.562681e+00 3.315972e-01 3.372038e+00 -5.661500e+00 -5.605649e+00 -3.004488e+00 -6.144458e+00 -4.145399e+00 -5.587446e+00 -1.274678e+00
-3.126269e+00 3.444379e+00 -1.547081e+00 2.720078e+00 4.728212e-01 -7.360643e+00 3.549377e-01 1.807208e+00 -2.541881e+00 1.154311e+00 4.002159e+00 5.360973e+00
-3.416888e+00 4.108277e+00 -1.063804e+00 -1.101298e+00 1.462782e+00 -1.066740e+01 -5.383474e+00 -8.391666e-02 -3.081571e+00 2.981591e-01 2.382985e+00 6.920474e-01
-9.023859e+00 5.276660e+00 -8.309809e-01 2.941706e+00 3.171011e+00 -3.936617e+00 1.415647e+00 3.948620e+00 7.649071e-01 7.110089e+00 5.161192e+00 6.930507e+00
-8.286840e+00 5.952748e+00 -1.186698e+00 1.720797e+00 5.275574e-01 6.787586e-02 -1.219272e+00 -1.441727e+00 7.888331e-01 8.816970e+00 4.010241e+00 1.042906e+01
-6.182982e+00 8.521195e+00 -1.299785e+00 3.113110e+00 5.057003e+00 2.570869e+00 -2.214517e+00 5.262768e-01 -2.676102e+00 3.977329e+00 5.435343e+00 9.171946e+00
-4.671635e+00 9.659594e+00 3.834010e+00 2.938900e+00 5.835804e+00 -4.722430e+00 1.003351e+00 2.466303e+00 9.655267e-01 3.650705e-01 -2.249268e+00 1.901798e+00
-1.806409e+00 7.867495e+00 -7.866226e-01 4.140743e+00 9.797035e+00 2.597046e+00 3.745770e+00 2.004798e+00 4.635901e+00 -1.110541e+00 2.606110e-01 -1.053289e+00
-2.472954e-01 6.896330e+00 -3.568872e+00 -9.640697e-01 1.470057e+00 -2.833533e+00 2.638673e+00 3.633993e+00 5.035547e+00 3.397605e-01 -2.941099e+00 5.085176e+00
-2.386547e+00 8.680931e+00 -1.404296e+00 -3.479752e+00 -2.952380e-01 -2.834816e+00 5.050304e+00 7.590418e+00 -2.525211e+00 -9.159761e+00 -6.940283e+00 2.454676e+00
4.678569e+00 4.549754e+00 1.158351e+00 -4.237806e+00 8.660959e+00 9.735981e+00 1.398589e+00 3.633652e+00 5.292984e+00 -3.722477e+00 -5.469139e+00 3.267416e+00
3.861327e+00 3.172085e+00 -2.777122e+00 -6.789278e+00 4.495719e+00 8.769388e-01 -6.061054e+00 3.132763e+00 4.788879e+00 -6.213543e+00 -5.139096e+00 4.690251e+00
3.287767e+00 4.460980e+00 2.787137e+00 -3.659497e+00 5.212801e+00 4.600262e+00 -2.841855e+00 6.943123e+00 1.055210e+01 -3.107835e+00 -2.706352e+00 3.201534e+00
1.472989e+00 2.393671e+00 -2.677570e+00 -4.713293e+00 7.869077e+00 8.223551e+00 4.252966e+00 1.212591e+01 1.329136e+01 -1.379383e-02 -3.804990e+00 2.281797e+00
2.575643e+00 6.103069e+00 2.384297e+00 1.508613e+00 8.995921e+00 2.621891e+00 1.867443e+00 4.390192e+00 8.119572e+00 -6.227221e+00 -2.752598e+00 6.027606e+00
3.673147e+00 6.974058e+00 -1.984876e+00 -1.917494e+00 2.130933e+00 -1.137893e+00 3.729682e+00 7.566337e+00 7.428493e+00 -5.672251e+00 -3.801503e+00 2.775291e+00
4.386027e+00 7.157890e+00 -2.103576e+00 -4.720791e-02 3.880355e+00 -2.926617e+00 5.509119e+00 6.706821e+00 3.458248e+00 -7.729581e+00 -3.338470e+00 6.477578e+00
3.085106e+00 5.315144e+00 -3.510162e+00 2.042628e+00 4.394007e+00 -4.620325e+00 7.437395e-01 4.064892e+00 6.403109e+00 4.213150e-01 3.034192e+00 5.377440e+00
1.230598e+00 6.569101e+00 -4.491239e-01 7.383097e-01 5.522857e+00 -2.186488e+00 -1.444111e-01 7.673321e-01 2.690208e+00 -8.147808e-01 -2.828591e+00 1.835228e+00
2.941256e+00 9.578849e+00 5.727758e-01 5.747209e+00 6.489929e+00 -5.977271e+00 1.777998e+00 3.862403e+00 3.164543e+00 -5.597115e-03 4.031891e-02 5.968374e+00
2.054794e+00 9.415116e+00 5.353038e-01 4.144376e+00 4.295767e+00 -5.783662e+00 8.647828e+00 6.542241e+00 8.201525e+00 5.694508e+00 1.538054e+00 5.141237e-01
3.342498e+00 1.195561e+01 7.834352e-01 2.890235e+00 -4.067159e-01 -7.805582e+00 2.268213e+00 -1.004575e+00 2.997849e+00 -4.467804e-01 -1.301124e+00 1.347045e+00
1.662149e+00 1.068401e+01 1.080927e+00 7.305680e+00 1.553947e+00 -6.497426e+00 -1.105505e+00 -1.675865e+00 3.003256e+00 -1.773150e+00 -3.309256e+00 6.581168e-01
7.500124e-01 7.611366e+00 -1.987604e-01 3.935828e+00 4.457227e+00 -7.321675e+00 -9.472457e-01 2.792421e+00 3.611819e+00 3.761199e+00 3.121962e+00 6.844037e+00
4.252396e-01 9.373740e+00 1.258866e+00 2.410461e+00 8.130674e-01 -9.707929e+00 3.028631e-01 1.775334e+00 -2.434839e+00 -2.135402e+00 3.189507e-01 -7.763958e-02
2.770563e+00 9.514826e+00 7.304447e-01 2.473774e+00 2.212761e+00 -7.789555e+00 2.305021e+00 4.890398e+00 6.541632e+00 2.792900e+00 3.689198e+00 2.680352e+00
1.997770e+00 1.026772e+01 5.492387e+00 1.728266e+00 5.345653e+00 -4.083241e+00 4.682565e+00 5.710335e+00 2.832657e+00 3.767332e+00 3.110439e+00 3.297233e+00
2.243090e-01 1.006862e+01 2.060270e+00 3.410824e+00 3.990804e+00 -6.145724e+00 7.238244e+00 6.279749e+00 5.817421e+00 2.117183e+00 -2.351122e+00 -8.199654e-01
1.293310e+00 1.126654e+01 1.820436e+00 3.924588e+00 5.428834e+00 -3.784363e+00 6.028266e+00 6.132246e+00 4.763412e+00 7.460280e+00 -8.076656e-01 2.876062e+00
1.572368e+00 1.234781e+01 2.294833e+00 3.243901e+00 5.943485e+00 -6.590369e+00 2.636103e+00 5.616544e+00 7.149050e+00 7.961735e+00 5.613191e+00 6.933790e+00
1.282133e+00 1.169011e+01 2.617541e+00 2.746716e+00 7.070702e+00 -4.156962e+00 3.365585e+00 2.340297e+00 5.955915e+00 3.976131e+00 3.174254e+00 9.504225e+00
4.368973e-01 1.217928e+01 4.739120e+00 5.830077e+00 8.671385e+00 -3.118813e+00 4.157149e-01 -4.539139e-01 5.458329e-01 3.832295e-01 -1.600551e+00 -2.241859e+00
-1.714145e+00 1.132113e+01 1.629081e+00 4.053256e+00 4.006846e+00 -2.330908e+00 -5.449895e-01 -6.189064e-01 1.691962e+00 1.475026e+00 -3.535614e+00 2.924397e+00
6.558695e-01 1.258701e+01 2.853879e+00 3.710252e+00 8.242249e+00 -2.008082e+00 6.480673e+00 6.724819e+00 3.029420e+00 4.799275e+00 1.989511e+00 3.869723e+00
