6.427107e+00 -9.349041e+00 1.909058e+01 -1.568630e+00 -2.378282e+01 9.196528e-01 -4.628443e+00 -1.157070e+01 4.085329e+00 -1.140969e+00 1.305937e+01 -1.314922e+00
6.428612e+00 -9.237552e+00 1.792828e+01 1.658842e+00 -2.915557e+01 4.471370e+00 -7.146246e+00 -8.061449e+00 5.662184e+00 -4.359966e+00 1.681208e+01 -5.868405e+00
5.779062e+00 -8.995502e+00 1.704159e+01 6.703171e-01 -2.803623e+01 2.805222e+00 -4.277380e+00 -6.907853e+00 4.979918e+00 -1.714401e+00 1.220851e+01 -2.021949e+00
7.576221e+00 -9.853487e+00 2.053008e+01 -1.859861e+00 -2.459773e+01 3.402127e+00 -4.592988e+00 -1.377618e+01 6.069375e+00 -4.569580e+00 1.499696e+01 -2.579409e+00
6.890355e+00 -8.502816e+00 2.164445e+01 -6.343138e-01 -2.498496e+01 5.339657e+00 -4.713832e+00 -1.548125e+01 2.436881e+00 -1.549636e+00 1.049964e+01 -2.038793e+00
6.219306e+00 -7.817952e+00 1.932422e+01 2.699417e-01 -2.503121e+01 3.360041e+00 -3.112693e+00 -1.696576e+01 7.063333e+00 -6.406759e+00 1.648183e+01 -6.003356e+00
6.925093e+00 -7.927345e+00 2.252348e+01 -9.735103e-01 -2.426707e+01 6.005311e+00 -4.375658e+00 -1.628780e+01 1.520967e+00 -1.260704e+00 8.087992e+00 -1.392466e+00
6.476708e+00 -8.947840e+00 1.550995e+01 -5.517865e-01 -2.437792e+01 -1.059921e-01 7.782831e-01 -9.535852e+00 6.566787e+00 -3.977198e+00 1.333300e+01 -3.192583e+00
6.264940e+00 -9.356083e+00 1.566640e+01 5.810121e-01 -2.523980e+01 2.316940e-01 4.930263e-01 -6.738977e+00 7.220924e+00 -5.727515e+00 1.290359e+01 -3.549584e+00
6.670568e+00 -6.668926e+00 2.123272e+01 -8.823809e-01 -2.175251e+01 6.109135e+00 -4.270565e+00 -1.866376e+01 3.198896e+00 -3.334844e+00 9.073558e+00 -3.500001e+00
5.508305e+00 -8.581564e+00 1.436985e+01 1.854029e+00 -2.578258e+01 3.069891e-01 7.093534e-01 -3.304963e+00 4.113602e+00 -3.535754e+00 1.183592e+01 -2.861243e+00
5.884346e+00 -5.703671e+00 2.349895e+01 -1.820358e+00 -2.080857e+01 4.443566e+00 -2.922967e+00 -1.845399e+01 2.550642e+00 -4.335173e+00 6.453010e+00 -3.225098e+00
4.432674e+00 -3.727106e+00 2.288971e+01 -7.417149e-01 -2.034945e+01 6.806568e+00 -5.201326e+00 -1.731871e+01 2.931091e+00 -6.763843e+00 6.893864e+00 -6.783257e+00
3.413871e+00 -7.737041e-02 2.256870e+01 -1.302704e+00 -1.974566e+01 8.687479e+00 -7.207695e+00 -1.606363e+01 -1.423827e+00 -3.074079e+00 3.198565e+00 -4.814057e+00
5.154490e+00 -7.863255e+00 1.277729e+01 2.687239e+00 -2.273277e+01 -4.319390e-01 -2.019582e+00 -8.735201e-01 6.600088e+00 -3.860933e+00 1.081758e+01 -3.063777e+00
6.356884e+00 -9.162312e+00 1.278806e+01 2.292444e+00 -2.312154e+01 -1.534501e-01 1.716344e+00 -2.963990e+00 7.561361e+00 -3.335410e+00 1.061399e+01 -3.195991e+00
3.537926e+00 2.229889e+00 2.256260e+01 2.200306e-01 -2.033646e+01 7.722781e+00 -5.902122e+00 -1.506807e+01 -2.016862e+00 -6.531287e+00 5.065416e+00 -6.543302e+00
4.964192e+00 1.752900e+00 2.360083e+01 3.156546e+00 -1.791129e+01 6.229195e+00 -6.250093e+00 -1.298067e+01 -5.151977e+00 -5.398270e+00 5.704426e+00 -1.109673e+01
8.850096e+00 -5.227337e+00 8.538530e+00 1.998444e+00 -1.986559e+01 3.457732e+00 -8.768911e-01 1.854055e+00 3.238111e+00 -5.333761e+00 9.370647e+00 -1.548930e+00
6.440787e+00 5.644080e+00 2.333426e+01 -2.676458e+00 -1.394608e+01 1.141225e+01 -1.120354e+01 -9.997882e+00 -1.189578e+01 2.398731e+00 1.598694e+00 -1.154624e+01
-1.496352e+01 -1.664295e-01 5.438276e+00 2.392644e-01 7.224536e+00 -3.454740e+00 6.194878e-02 1.379560e+01 -5.702412e+00 -7.597797e+00 5.590804e-01 3.726010e+00
5.032029e+00 4.587455e+00 2.404567e+01 1.237300e+00 -1.382174e+01 3.625508e+00 -6.264993e+00 -6.213596e+00 -1.929781e+01 1.812262e+00 6.192536e+00 -1.495325e+01
-1.483727e+01 -4.913319e+00 5.366260e+00 -1.362801e+00 4.464246e+00 -8.845174e+00 9.721282e-01 1.561077e+01 -1.673509e+00 -7.031507e+00 4.792281e-01 3.758909e+00
-1.083131e+01 3.801352e+00 9.851809e-01 -3.488173e+00 1.032685e+01 -2.105368e+00 4.210854e+00 9.302485e+00 -1.362899e+00 -3.981353e+00 3.416751e+00 8.420759e-01
5.755863e+00 3.439985e+00 2.624958e+01 2.699595e+00 -1.529273e+01 8.226693e+00 -8.374100e+00 -7.500729e+00 -2.074748e+01 4.267849e+00 -2.590034e+00 -5.938482e+00
-1.172522e+01 -4.821793e+00 5.823077e+00 -1.709280e+00 6.327082e+00 -3.491692e+00 9.039698e-01 1.194458e+01 7.610499e-01 -7.394280e+00 4.520647e-01 1.981926e+00
-7.021834e+00 -5.585217e+00 3.006586e+00 -5.209357e+00 4.968885e+00 -6.426659e+00 -3.156531e+00 1.821502e+01 3.551962e+00 -7.263035e+00 -5.290183e+00 -5.506201e-01
-1.018954e+01 -5.926951e+00 2.863394e+00 -2.543122e+00 2.528670e+00 -1.164950e+01 -1.466450e+00 1.116760e+01 6.683247e+00 -2.225729e+00 5.655533e+00 9.781189e+00
5.090680e+00 4.660899e+00 2.824334e+01 2.550339e+00 -1.608872e+01 6.083713e+00 -9.698521e+00 -1.172380e+01 -2.350924e+01 3.071899e+00 -4.033093e+00 -6.642150e+00
-6.690137e+00 -1.193050e+00 1.817797e+00 -6.825373e+00 7.958672e+00 3.735435e+00 -3.012691e-01 7.807265e+00 1.535550e+00 3.348277e+00 6.102658e+00 -5.608290e-01
9.829502e+00 -1.016199e+01 6.577378e+00 3.410346e+00 -6.716264e+00 6.393929e+00 2.219825e+00 8.406117e+00 -2.913928e+00 -1.050980e+01 4.329393e+00 -4.417374e+00
-3.632603e+00 -5.403303e+00 2.801289e+00 -5.061176e+00 6.730537e-01 -7.685624e+00 -4.159242e+00 1.054800e+01 2.501245e+00 -1.392730e+01 -7.206726e+00 4.794338e+00
-1.041391e+01 -1.786294e+01 -7.488212e+00 -2.921714e+00 7.621483e+00 -1.989425e+00 -1.240945e-01 -8.381594e-01 -7.224720e+00 4.724595e+00 -4.555395e+00 2.834064e+00
-3.787959e+00 -8.105277e+00 6.787171e-01 -3.534772e+00 4.045271e+00 -5.675628e+00 -3.737306e+00 1.214092e+01 7.568478e+00 -9.255360e+00 -5.870411e+00 6.580311e+00
-3.527426e+00 -9.908710e+00 -3.240288e+00 -5.865987e+00 3.744976e+00 -5.710020e+00 -6.047168e-01 1.689729e+01 8.814415e+00 -4.965210e+00 -3.467983e+00 1.289168e+00
7.276098e+00 2.614316e+00 1.984880e+01 3.327055e+00 -1.184661e+01 4.582205e+00 -4.423557e+00 -6.714734e+00 -1.517426e+01 5.016295e+00 -3.902921e+00 -1.568708e+00
-3.354236e+00 -9.253024e+00 -2.510257e-01 -2.960842e+00 5.077852e+00 -7.157535e+00 -6.360988e+00 1.153303e+01 7.614590e+00 -1.339363e+01 -1.053221e+01 -1.133671e+00
-9.586631e+00 -1.699241e+01 -7.141554e+00 -2.245723e+00 7.568420e+00 -1.635906e+00 -2.693915e-01 -4.791758e-01 -7.008142e+00 5.694207e+00 -3.866791e+00 3.702156e+00
-4.054492e+00 -1.774705e+01 -1.629701e+01 7.340903e+00 -9.969489e+00 1.435929e+01 2.840009e+00 -5.874517e+00 -3.446983e+00 -2.070425e+00 -1.596693e+00 -7.830403e-01
-8.198195e-01 -8.265051e+00 -2.143382e+00 -3.010782e+00 5.631254e+00 -4.904129e+00 -4.754317e+00 9.157814e+00 9.665934e-01 -1.385045e+01 -1.103535e+01 1.145191e+00
-1.229378e+01 7.088788e-01 -2.079903e+00 -3.441966e+00 1.171341e+01 3.132893e+00 2.446597e+00 9.885440e-01 1.954225e+00 -4.827843e+00 1.200487e+00 -2.037317e+00
5.138618e+00 5.317355e+00 2.162513e+01 4.798347e+00 -1.042719e+01 1.298399e+00 -3.709286e+00 -1.285148e+01 -1.792533e+01 1.555457e+00 -3.649634e+00 -4.524022e+00
-1.287390e+01 6.197063e+00 3.634318e+00 -1.627578e+00 6.984286e+00 -4.822238e-01 6.513756e+00 -8.813580e+00 5.412745e+00 4.670124e+00 2.582359e+00 -1.337641e+00
2.004001e+00 -6.581614e+00 -4.039617e+00 -3.467757e+00 2.131701e+00 1.683861e-01 -7.978945e-01 9.934943e+00 3.300142e+00 -1.187591e+01 -1.376813e+01 -1.645715e+00
-1.073679e+01 1.832007e+00 -2.505827e+00 6.578152e-01 1.287433e+01 2.770171e-01 5.518843e+00 -1.792208e+00 -7.453275e-01 -1.179013e+01 -7.798303e-01 -8.068270e+00
-3.197851e-01 -5.608973e+00 -7.613867e+00 -3.149953e+00 1.622875e+00 5.167233e+00 4.430493e+00 5.683881e+00 7.315986e+00 -7.905813e+00 -4.235962e+00 1.102480e+00
8.487291e-01 -2.256250e-01 -1.770045e+01 9.622629e+00 1.240574e+01 -1.446731e+01 1.957716e+01 -1.276674e+01 -2.601833e+00 -2.585946e+00 1.794753e+00 1.987777e-01
1.872444e-01 -5.059711e+00 -7.442657e+00 7.689978e+00 3.452896e+00 -2.464242e+00 8.412251e+00 -4.394145e+00 -5.161186e+00 2.373920e+00 1.569164e+00 2.772393e+00
3.067327e+00 -5.623446e+00 -4.479298e+00 -6.898377e+00 8.165354e+00 5.744901e+00 -8.752016e+00 1.100955e+01 1.031694e+01 -2.040528e+00 -6.657285e+00 1.119157e+00
-4.831857e+00 3.779632e+00 -7.005867e+00 -3.129564e-01 5.660257e+00 -3.684542e+00 -3.328339e+00 -9.145456e+00 -1.030608e+01 -4.202260e+00 -4.908495e+00 2.706498e+00
-4.222557e+00 4.389774e+00 -7.110281e+00 -1.128726e+00 3.682251e-01 -7.773327e+00 -8.329749e-02 -5.982036e+00 -4.373072e+00 4.723149e+00 -1.825750e+00 -8.535712e-01
-4.030433e+00 4.344282e+00 -7.900936e+00 -1.364121e-01 3.457027e+00 -6.900785e+00 2.058877e+00 3.419049e+00 -8.125049e-01 4.128602e+00 1.275355e+00 -2.752727e+00
-2.368748e+00 5.032256e+00 -4.973909e+00 -1.784772e+00 7.109468e+00 -6.441144e+00 -2.005978e-01 -2.822060e+00 -5.342958e+00 -1.619176e+00 -4.458008e+00 2.416284e+00
-9.357605e-01 6.570268e+00 -7.608612e+00 2.736935e+00 3.353030e+00 -3.128690e+00 -2.407417e+00 -4.722023e+00 -8.457447e+00 -1.590333e+00 6.464202e-01 6.309779e+00
-7.604561e-01 5.909094e+00 -7.315187e+00 1.259236e+00 7.255824e+00 -7.417494e+00 -7.509696e+00 -5.283938e+00 -7.177418e+00 3.120019e+00 1.004024e+00 4.569129e+00
-1.702854e+00 2.977281e+00 -8.127172e+00 4.842891e-01 4.938115e+00 -4.201510e+00 2.417667e-01 -1.627817e+00 -9.936745e+00 -6.237979e-01 -1.512894e+00 2.665194e+00
-1.555705e+00 3.787461e+00 -1.059509e+01 -1.538472e+00 4.473777e+00 -8.887762e+00 -8.180399e+00 2.575631e-01 -2.845678e+00 2.152977e+00 1.367565e-01 4.633421e+00
-1.648438e+00 4.238817e+00 -9.402927e+00 -4.781579e-01 8.184841e+00 -5.678042e+00 -4.476326e+00 -4.229301e+00 -4.754418e+00 3.262253e-01 -2.514426e+00 3.390887e+00
-4.889202e-01 5.619402e+00 -8.809095e+00 -2.089481e+00 1.665889e+00 -8.631438e+00 -3.862138e+00 -1.722865e+00 -1.051096e+01 1.447360e+00 1.482672e-01 4.525551e+00
-1.115823e+00 2.088289e+00 -1.017704e+01 -3.500589e+00 2.886143e+00 -1.230272e+01 -8.163857e+00 -4.855827e+00 -7.816381e+00 2.655540e+00 -4.075616e-02 5.185704e+00
-1.476784e+00 3.196734e+00 -1.067175e+01 -2.778578e+00 -1.524720e+00 -1.493979e+01 -1.037959e+01 -3.393225e+00 -3.588298e+00 2.603288e+00 -4.388517e+00 2.896486e+00
-8.550835e-01 2.822464e+00 -1.154883e+01 -1.826754e+00 -3.422298e-01 -9.915768e+00 -5.064824e+00 3.973174e-01 -3.762187e+00 3.221955e+00 -5.415200e+00 3.971660e+00
2.064886e-01 1.342967e+00 -1.262617e+01 -9.057686e-01 5.822330e-01 -6.779696e+00 -5.012873e+00 7.227565e-01 -4.302475e+00 -6.200709e-01 8.140944e-01 4.691574e+00
-1.143478e+00 4.067988e+00 -1.044555e+01 1.925803e+00 -3.056382e+00 -1.184627e+01 -5.903965e+00 -3.022023e-01 -5.032506e+00 2.325183e+00 1.098253e+00 3.017496e+00
-6.020126e-01 5.012531e+00 -1.038452e+01 -1.229881e+00 -5.695629e-01 -7.349443e+00 2.991985e+00 4.537905e+00 -2.741151e+00 4.221549e+00 1.024583e+00 6.762521e+00
-3.411210e+00 1.146375e+00 -1.177394e+01 2.322423e+00 2.501000e+00 -8.401875e+00 -3.367074e+00 4.374754e+00 2.607711e+00 5.563845e+00 3.329331e+00 9.247793e+00
-2.331873e+00 6.589814e+00 -7.138087e+00 2.106745e+00 -1.346048e+00 -1.019711e+01 -1.423396e+00 -3.109039e-01 -3.253305e+00 3.456561e+00 2.702535e+00 7.454661e+00
-9.034901e-01 6.175236e+00 -6.791615e+00 1.303403e+00 2.539433e+00 -8.119445e+00 -2.704823e+00 2.159930e+00 -5.034951e+00 1.719760e+00 -5.387207e-01 2.972659e+00
-7.151432e-01 7.484377e+00 -8.161562e+00 1.225029e+00 4.745751e+00 -5.454107e+00 -5.498545e+00 -1.338845e+00 -4.235627e+00 1.165925e+00 -2.769660e+00 6.431076e+00
-3.168825e+00 -1.130321e+01 -1.134818e+01 5.215896e+00 -2.775987e+00 5.159899e+00 3.634562e+00 -5.754969e+00 -5.405717e+00 4.769997e+00 -1.462156e+00 3.797367e+00
-3.547696e+00 -1.342497e+01 -1.330000e+01 5.705461e+00 -3.065992e+00 1.230974e+01 9.766186e+00 -3.741043e+00 -4.973998e+00 4.825887e+00 -4.474924e+00 2.652749e+00
-1.089715e+01 5.479918e+00 9.117603e-01 -4.389651e+00 4.560109e+00 -6.966508e-01 2.946708e+00 -8.523748e-01 1.207876e+01 6.567359e+00 3.210228e+00 1.705921e+00
-8.917655e+00 7.810280e+00 2.852089e+00 -1.713448e-01 1.068085e+01 1.330791e+00 5.149533e+00 4.220101e+00 1.025866e+01 1.000276e+01 6.709604e-01 -3.101569e+00
-5.102089e+00 5.945321e+00 -3.704554e+00 7.694293e-01 2.592869e+00 -2.264827e+00 6.270213e+00 1.163082e+01 2.826995e+00 8.112070e+00 -1.377698e+00 -1.417616e+00
-4.948610e+00 2.934397e+00 -1.015784e+01 -3.351635e-01 2.902723e+00 -2.725513e+00 6.152885e+00 8.019791e+00 2.822438e+00 9.489565e+00 1.389077e+00 3.614480e+00
-6.310361e+00 4.581914e+00 -8.154175e-01 -4.043449e-01 6.558286e+00 -2.087496e+00 4.511517e+00 1.278118e+01 2.440602e+00 1.060647e+01 5.890965e-01 2.349057e+00
-7.506293e+00 2.263439e+00 -6.382710e+00 2.325911e+00 8.797494e+00 -3.129530e+00 9.827390e-01 2.221547e+00 -1.638065e+00 1.112010e+01 3.753142e+00 -6.637402e-01
-7.158254e+00 2.863140e+00 -5.341407e+00 7.089981e-01 5.006852e+00 -2.763253e+00 1.020010e+00 1.687581e+00 -9.763312e-01 6.580465e+00 1.378708e+00 -4.447357e+00
-6.392047e+00 4.621863e+00 -3.365773e+00 2.999980e+00 7.257390e+00 -2.170898e+00 2.109403e+00 2.019629e+00 4.915793e+00 1.137293e+01 2.301554e+00 1.392104e+00
-9.154826e+00 8.455976e+00 -5.080906e+00 -4.122087e-01 8.461607e+00 5.595148e-02 4.712687e-01 1.009910e+00 5.212493e+00 1.076212e+01 4.412314e+00 2.880439e+00
-7.818458e+00 5.348022e+00 -5.058660e+00 1.996504e+00 4.514384e+00 -2.563917e+00 3.607481e+00 2.976493e+00 6.730225e+00 1.303313e+01 4.640026e+00 3.998900e+00
-6.592134e+00 3.803801e+00 -4.802466e+00 3.830074e+00 6.238067e+00 -2.208539e+00 4.895043e+00 -8.312898e-01 4.595655e+00 1.156289e+01 5.093338e+00 3.125485e+00
-5.800971e+00 4.827180e+00 -4.135590e+00 3.859871e+00 5.772036e+00 -2.302397e-01 3.086561e+00 5.035584e+00 7.701471e+00 7.307278e+00 -9.431063e-01 -7.851923e-02
-6.671187e+00 3.618312e+00 -5.424531e+00 -1.596697e+00 6.205549e+00 -2.913157e-01 3.216352e+00 3.621177e+00 2.327315e+00 1.061935e+01 2.246415e+00 4.214954e+00
-7.707744e+00 4.972968e-01 -4.280993e+00 6.210545e-01 4.420121e+00 4.270720e-01 2.682560e+00 8.347702e-02 5.581451e+00 1.166802e+01 2.599981e+00 5.297242e+00
-8.279323e+00 9.521285e-01 2.725299e+00 3.357229e+00 -3.564920e-01 -1.395752e+00 -3.448813e+00 -8.545845e+00 4.654869e+00 8.930496e+00 -3.516069e-01 3.245384e+00
1.439637e+00 4.525498e+00 -8.972393e+00 8.332947e+00 1.344084e+01 -7.027856e+00 7.777080e+00 -7.226002e+00 -5.133923e+00 -5.136040e+00 -9.863667e-01 -7.287579e-01
-7.356891e+00 -4.489102e-01 -3.510588e+00 9.566928e-02 1.047939e+01 -3.776321e+00 4.577028e+00 -6.257697e+00 -8.076304e-01 -9.374121e+00 3.645686e+00 -5.172963e+00
5.426401e+00 -3.299365e+00 -8.408383e+00 -1.059466e+01 8.059758e+00 3.967363e+00 -6.840728e+00 5.953142e+00 4.865843e+00 -8.480795e+00 -1.532429e+01 -3.404474e+00
5.969739e+00 -3.165612e+00 -8.048316e+00 -7.433201e+00 1.248202e+01 7.059885e+00 -6.202639e+00 2.074056e+00 3.950186e+00 -9.449242e+00 -1.597874e+01 -3.455446e+00
7.523950e+00 -2.965192e+00 -8.720526e+00 -7.049246e+00 1.092634e+01 6.843233e+00 -8.117392e+00 4.114722e+00 7.113070e+00 -7.356894e+00 -1.102028e+01 2.461999e+00
6.533722e+00 -1.135492e+00 -1.002188e+01 -6.338361e+00 8.988603e+00 8.528452e+00 -4.499767e+00 1.313587e+00 8.069947e+00 -2.082397e+00 -8.521072e+00 2.162261e+00
6.500565e+00 -1.918163e-01 -1.146245e+01 -5.967023e+00 9.083832e+00 8.462588e+00 -5.005760e-01 5.127476e+00 1.137502e+01 4.547552e+00 -6.335299e+00 3.370845e+00
7.729887e+00 3.375812e+00 -8.472988e+00 -3.294554e+00 5.719689e+00 1.208024e+01 3.122313e+00 -1.364535e+00 5.632400e+00 -6.146380e+00 -9.370388e+00 2.380633e+00
7.082490e+00 3.588654e+00 -8.998377e+00 -2.679139e+00 1.202915e+01 8.907240e+00 7.553333e+00 7.215611e+00 4.320950e+00 -2.097010e+00 -3.925952e+00 8.862498e+00
6.978420e+00 1.895233e+00 -1.296218e+01 -3.578371e+00 1.220284e+01 7.175717e+00 5.267611e+00 9.459470e+00 4.111630e+00 6.190693e+00 -1.678128e+00 3.023589e+00
4.890895e+00 2.008051e+00 -7.325168e+00 -1.117172e+00 8.165457e+00 7.740088e+00 7.540273e+00 -1.735707e+00 -5.826686e+00 -9.600372e-01 -5.861603e+00 1.897079e+00
5.215754e+00 2.704425e+00 -8.177421e+00 1.914403e+00 1.069535e+01 3.282457e+00 3.135650e+00 2.567075e+00 3.699307e+00 5.250216e+00 -7.583131e+00 1.617150e+00
6.097968e+00 2.446305e+00 -9.325176e+00 -5.883976e-01 6.279049e+00 5.495266e+00 7.584061e+00 2.969690e+00 7.220130e+00 8.376968e+00 -3.070037e+00 -3.757765e-01
4.397821e+00 -1.993761e+00 -2.412762e+00 1.758271e+00 -1.309020e+00 8.749428e+00 6.118858e+00 -4.789781e+00 3.795371e+00 9.846349e+00 -4.748295e+00 2.594209e+00
7.071064e+00 6.747282e+00 -6.631017e+00 1.763469e+00 9.640277e+00 4.520874e+00 7.477829e+00 6.935668e+00 -2.685669e+00 4.790473e+00 -5.535748e+00 -1.734506e+00
6.393730e+00 4.677342e+00 -9.160505e+00 -1.856685e-05 8.329460e+00 1.566950e+00 1.031523e+01 7.888193e+00 -4.647832e-01 -4.151586e+00 -1.038270e+01 -1.342989e+00
6.396889e+00 8.315315e+00 -5.716889e+00 2.830489e+00 1.439689e+01 5.058163e+00 5.894271e+00 8.429413e+00 1.537313e+00 1.536541e+00 -3.991188e+00 -6.910141e+00
6.075251e+00 7.715060e+00 -6.273354e+00 2.095171e+00 1.107373e+01 1.682988e+00 3.156897e+00 4.548041e+00 -1.570983e+00 4.949603e-01 -2.158493e+00 -2.900618e+00
7.236251e+00 1.046988e+01 -3.885735e+00 4.668773e+00 1.059918e+01 -5.033897e-01 4.235393e+00 6.149144e+00 -1.251029e+00 5.242825e-03 -1.378691e+00 -5.066669e-01
5.063676e+00 6.779831e+00 -7.968952e+00 3.929943e+00 1.162874e+01 -9.131749e-01 5.323060e+00 8.086349e+00 -6.442426e-01 6.579013e-01 -2.111789e+00 -3.113293e+00
4.152915e+00 7.840305e+00 -7.494755e+00 4.263219e+00 1.159926e+01 2.559324e+00 5.231566e+00 2.810667e+00 -1.705774e+00 1.595573e-01 -7.863924e+00 -4.550037e+00
5.694293e+00 1.059479e+01 -1.286958e+00 7.245408e+00 1.170097e+01 1.158977e+00 2.909441e+00 7.609598e+00 2.174305e+00 -2.433892e+00 -1.104400e+01 -7.579582e+00
4.549378e+00 9.097480e+00 -3.003068e+00 6.451351e+00 1.407091e+01 -6.849794e-01 2.807228e+00 4.948103e+00 -1.331591e+00 -4.037806e+00 -1.572618e+00 -2.302871e-01
4.089834e+00 6.529078e+00 -7.057083e+00 2.449532e+00 1.078077e+01 5.156734e+00 5.377038e+00 1.051589e+01 8.956520e+00 3.061556e+00 -3.205327e-01 -9.024670e-01
4.898616e+00 6.862954e+00 -7.977338e+00 -1.151510e-01 1.026775e+01 3.616526e+00 7.454410e+00 7.989838e+00 8.272845e-01 2.674037e+00 -5.301877e+00 -1.822200e-01
4.363443e+00 7.245996e+00 -7.842715e+00 -5.980935e-01 8.128901e+00 2.023026e+00 8.592518e+00 9.606559e+00 -3.762291e+00 -1.904890e+00 -2.739391e+00 -1.790627e+00
3.680615e+00 7.549869e+00 -7.607224e+00 1.194470e+00 1.236461e+01 2.895812e+00 3.782175e+00 4.327289e+00 9.459962e-01 6.280376e+00 -2.627724e+00 2.376254e+00
