4.653076e+00 -8.710811e-01 4.098335e-01 2.282700e+00 -2.135015e+00 -3.827909e+00 5.213797e-01 -2.903576e+00 -1.464359e+00 -4.032283e+00 -2.976856e+00 1.362489e-01
5.198740e+00 6.330730e-01 9.997282e-01 2.433404e+00 -8.022240e-01 -1.939965e+00 1.270395e+00 -1.554622e+00 -5.880836e-01 -1.771392e+00 -1.900284e+00 -6.094037e-01
2.386943e+00 -1.219726e+00 4.163485e-02 8.448622e-01 -2.707947e+00 -2.609031e+00 3.625807e-01 -1.412701e+00 -1.133287e+00 -3.732848e+00 -2.513243e+00 3.091793e-01
4.108487e+00 2.800215e+00 1.137524e+00 1.192173e+00 8.952354e-01 9.485084e-01 1.889174e+00 8.299791e-01 6.903858e-01 1.917221e+00 6.683782e-01 -1.033330e+00
-6.974841e-01 -5.640617e-01 -1.116414e-01 -1.908811e+00 -2.426881e+00 1.643086e-01 -1.240571e+00 -4.533266e-01 1.422132e-01 3.212325e-01 1.544120e+00 -1.453734e-01
-2.832843e-01 -2.722366e+00 3.621824e-01 -2.725961e+00 -1.775805e+00 2.714154e-01 -1.660363e+00 2.125810e+00 3.165069e+00 -9.145563e-01 5.677311e-01 5.960525e-01
2.200218e+00 7.474848e-01 -1.563545e+00 -3.758376e+00 -2.708401e+00 -2.424724e+00 8.619019e-01 -6.225552e-02 4.446635e+00 4.016112e+00 -6.756617e-01 1.862081e-01
7.010485e-01 -1.843307e+00 -6.805749e-02 -1.506711e+00 -1.533985e+00 -2.190311e-01 -2.659498e+00 1.579073e+00 1.654258e+00 -3.051202e+00 -1.825188e-01 1.743760e-01
-1.704874e-01 1.363195e+00 -5.567420e-01 -3.919875e+00 -2.616642e+00 -1.036826e+00 -2.137962e+00 1.077926e+00 2.152739e+00 2.719880e+00 3.043835e+00 -2.581365e-01
1.308552e+00 1.232308e+00 -1.453648e+00 -4.237109e+00 -3.215562e+00 -2.110495e+00 -1.009555e+00 7.197583e-01 3.557198e+00 4.283287e+00 1.791750e+00 5.397319e-02
2.078452e+00 2.319154e-01 -1.072644e+00 -2.916636e+00 -1.486898e+00 -9.252013e-01 2.579386e+00 1.738343e-01 3.066532e+00 1.568656e+00 -2.972021e+00 3.070215e-01
-1.393978e-01 -5.805038e-01 -3.725271e-01 -2.882981e+00 -7.954254e-02 1.547706e+00 2.038507e+00 -1.026035e+00 1.193288e+00 1.770538e-01 -2.822087e+00 -1.291922e-01
1.188301e+00 -1.549579e+00 -2.143301e-01 1.226203e+00 -5.544862e-01 -1.299045e+00 -3.318568e+00 -4.446391e-01 -5.175870e-01 -4.446699e+00 7.592154e-03 1.380618e+00
-1.034134e+00 -8.627540e-01 -1.001623e-01 -3.033772e+00 6.212000e-01 2.480822e+00 1.801384e+00 -6.880001e-01 -1.914959e-02 -1.253306e+00 -2.803689e+00 -1.451227e-02
-1.376999e+00 -8.512884e-01 -1.641860e-01 -2.523660e+00 5.506218e-01 3.535513e+00 1.289544e+00 -5.222194e-01 -7.198361e-01 -2.190010e+00 -2.309510e+00 3.923276e-01
-1.323529e+00 -8.258107e-01 -1.925268e-01 -2.161122e+00 7.038128e-01 4.203104e+00 3.905295e-01 -7.764997e-01 -1.117097e+00 -2.304973e+00 -9.661548e-01 6.907371e-01
1.856761e-01 -1.000508e+00 -4.080423e-01 -1.474198e+00 -8.661038e-01 1.060847e+00 7.317471e-03 -1.305124e+00 -5.358330e-01 -5.548812e-01 1.487543e+00 1.056627e+00
4.133056e-01 -1.557240e+00 -4.092011e-01 -1.410732e+00 -2.276149e+00 -4.039348e-01 -7.164308e-01 -7.260367e-01 -1.193888e-01 1.652647e+00 1.958476e+00 1.218417e+00
-7.943317e-01 -9.004573e-01 -4.237938e-01 -1.179266e+00 3.406626e-01 4.713181e+00 -6.790105e-01 -1.040811e+00 -1.466927e+00 -1.337562e+00 4.954912e-01 9.134341e-01
3.767226e-01 -5.516015e-01 -1.468222e-01 -6.626127e-01 9.592764e-01 1.295345e+00 -4.183492e-01 -6.423637e-01 -7.500821e-01 -2.394014e+00 -3.427555e-01 -7.808505e-01
-4.699544e-01 -1.114169e+00 -3.454293e-01 -1.471844e-01 4.555693e-01 3.887720e+00 -1.383415e+00 -1.856050e+00 -5.953933e-01 -4.510548e-01 1.688554e+00 7.413315e-01
-2.311406e-01 -1.426142e+00 -1.499363e-01 4.170466e-01 7.470659e-01 2.954193e+00 -1.649300e+00 -2.404031e+00 3.762591e-01 -2.244597e-02 2.014288e+00 7.551457e-01
-5.895643e-02 3.608273e-01 -8.935774e-01 -2.059860e-02 2.340308e-01 5.312290e-01 3.524582e-01 -4.899549e-01 -1.351316e+00 -1.741557e+00 -9.626021e-01 1.092724e+00
-4.559846e-01 -1.055959e+00 -2.246568e-01 -1.408297e+00 -7.493557e-01 -9.824784e-02 -2.651934e-01 2.685792e+00 3.268090e+00 1.628571e+00 2.042438e-01 -1.355042e-01
-6.407928e-02 -2.085268e-01 4.458477e-01 -5.257371e-01 -1.355901e+00 -9.036139e-01 -9.320857e-01 3.204913e-01 1.070198e+00 1.996343e+00 8.587288e-01 1.303424e-01
-6.605621e-02 -1.455850e+00 -1.198057e-01 1.228511e+00 6.129017e-01 2.462328e+00 -1.834392e+00 -2.469212e+00 1.320365e+00 3.032020e-01 1.375289e+00 9.333273e-01
1.358857e-01 -5.343006e-01 -3.325683e-01 -5.908882e-01 -2.964350e-01 -6.488336e-01 -1.544362e+00 -6.257657e-01 1.353620e+00 1.574805e+00 1.359120e-01 -5.694618e-01
2.539602e-01 -2.200792e-01 -7.250919e-02 6.516482e-01 6.563172e-01 2.778666e-02 -9.478561e-01 -5.155068e-02 1.762612e-01 -1.382262e+00 -1.188396e+00 -1.004233e+00
-3.172348e-02 -1.408911e+00 -1.837267e-01 1.724360e+00 4.563482e-01 2.177554e+00 -2.192488e+00 -2.005948e+00 1.941422e+00 1.271767e-01 4.871120e-01 1.426731e+00
-1.601397e-01 6.953998e-01 7.593674e-01 1.311369e+00 8.084289e-01 3.032236e-01 1.512212e+00 1.228234e+00 1.573433e+00 1.762993e+00 1.197932e+00 1.999588e+00
1.927559e-01 1.111341e+00 1.600265e+00 7.957214e-01 2.624856e-01 1.065232e+00 1.778485e+00 2.198535e-01 9.101374e-01 7.199071e-01 4.323312e-01 2.166333e+00
-2.309508e-01 7.409897e-02 -2.368162e-01 -4.817904e-01 -2.036976e-01 -8.135237e-01 1.968407e-01 1.520615e+00 -4.231750e-01 4.579344e-01 -4.625842e-01 9.374744e-01
3.579409e-01 1.240050e+00 9.421070e-01 5.955328e-01 2.147112e-01 1.650521e+00 4.010997e-01 -1.857746e+00 -5.348837e-02 -3.647919e-01 -2.940306e-01 4.225321e-01
1.330842e-01 5.672578e-01 -3.526018e-01 -5.502590e-01 -5.673200e-01 1.607278e+00 -6.567009e-01 -2.035882e+00 -6.769534e-01 -7.769678e-01 1.326461e+00 -7.758961e-01
1.912148e-01 -1.667802e-01 -3.943751e-01 -8.698177e-01 1.627895e+00 1.175532e+00 -1.101311e+00 -1.799731e+00 -4.747699e-01 -1.258482e+00 -4.127429e-01 -1.543589e+00
-3.277629e-01 -1.339246e-01 -7.794384e-01 -1.042613e+00 -2.257797e-01 -9.825704e-01 -4.220591e-01 1.612428e+00 1.105458e+00 9.773436e-01 2.866214e-01 -6.244500e-01
-5.194473e-02 4.123805e-01 -4.696652e-01 -5.483737e-01 -5.003693e-02 -7.508398e-01 4.662092e-01 3.545713e-01 -1.168977e+00 -4.871356e-01 -1.609109e+00 1.283254e+00
1.173347e-01 -1.167188e+00 -2.045094e-01 2.221677e+00 -6.887092e-02 1.852233e+00 -2.246309e+00 -1.489690e+00 2.737305e+00 -1.083925e-01 -1.262724e-01 1.174741e+00
-3.619421e-01 2.425537e-01 1.760192e-02 4.818092e-01 1.047298e+00 -5.520636e-01 -4.699627e-01 -5.773455e-01 1.507010e+00 1.978498e+00 8.531378e-01 3.537546e-01
-6.482105e-02 -1.193758e-01 -8.212928e-02 -5.257789e-01 1.512237e-01 1.330754e+00 -7.196630e-01 -8.082789e-01 6.031080e-01 -7.274014e-02 8.737515e-01 -2.611428e+00
1.726635e+00 3.275190e+00 1.033785e+00 7.628095e-01 2.707424e+00 2.928715e+00 3.503093e+00 2.106908e+00 1.058569e+00 4.781942e+00 4.282875e-01 -1.864815e+00
4.267196e-01 -9.712656e-01 -3.870723e-02 2.129221e+00 3.400301e-01 5.971069e-01 -1.975246e+00 -1.250182e+00 3.259939e+00 -3.458959e-01 5.203247e-04 2.423139e-02
5.499225e-01 1.216894e+00 1.932704e-01 3.471268e+00 1.769259e+00 -2.442174e+00 -1.229707e+00 -4.840897e-01 -1.691066e+00 -2.887381e+00 -1.100140e+00 -3.266928e-01
-1.037207e+00 -7.005653e-01 -1.396868e+00 -1.679459e+00 -8.299001e-01 -1.828478e+00 -1.391329e+00 -1.728233e-01 1.456705e+00 1.563072e+00 1.105412e+00 6.053618e-01
-1.676201e-01 -8.042884e-02 1.726345e+00 4.778118e-01 2.571545e+00 -1.584573e+00 -3.237890e+00 2.214409e+00 5.280817e-01 -1.155462e+00 9.884126e-01 -1.864928e+00
3.426020e-01 -4.298923e-01 1.075520e+00 1.155002e+00 2.008827e+00 -1.518321e+00 -2.206697e+00 2.284308e-01 2.372910e+00 -9.634339e-01 9.643650e-01 -2.369531e+00
7.335514e-01 -9.757608e-01 5.775979e-01 1.708500e+00 1.074135e+00 -6.096730e-01 -1.952322e+00 -6.249794e-01 3.028228e+00 -6.382388e-01 5.863663e-01 -1.502906e+00
-6.104730e-01 1.003336e+00 4.910997e-01 -2.090092e-02 -3.895526e-02 -2.018232e-02 -9.917679e-02 1.769518e+00 -1.571200e+00 4.103651e-01 9.567547e-01 -2.665237e+00
-1.793596e+00 -1.424909e+00 -1.650850e+00 -1.889169e+00 -1.237609e+00 -1.959060e+00 -2.134890e+00 6.228484e-02 8.234800e-01 8.765041e-01 2.576857e-01 9.221823e-01
-5.793918e-01 1.925793e+00 -5.373669e-03 1.528219e+00 -2.149201e-01 -2.290165e+00 2.709209e+00 8.161859e-02 -3.518447e+00 -1.777494e-01 2.167843e+00 -1.897066e+00
2.830664e-01 1.935787e+00 6.155781e-01 1.616334e+00 3.054935e+00 9.874096e-01 2.583202e+00 1.261695e+00 3.232424e-01 4.177545e+00 -4.403940e-01 -4.585436e-01
-3.062565e-01 4.546592e-01 2.012754e+00 1.066148e+00 2.660536e+00 -2.072083e+00 -2.915095e+00 3.008142e+00 -1.198133e+00 -2.031456e+00 1.538419e+00 -4.853555e-01
-4.075421e-01 1.162485e+00 4.078271e-01 4.130565e-01 4.374172e-01 1.730309e-01 -5.319804e-01 1.866989e+00 -1.998548e+00 1.531353e+00 1.420870e-01 -2.514047e+00
-5.041860e-01 1.791094e+00 1.005258e+00 4.535928e-01 1.633557e-01 -2.373412e-01 1.649790e-01 2.053300e+00 -2.252656e+00 2.966583e+00 -9.473871e-01 -1.922322e+00
-1.380619e-01 2.233429e+00 -1.802893e-01 3.531291e+00 4.119228e-01 -4.445087e+00 4.315173e+00 -1.022710e+00 -5.277066e+00 -9.062532e-01 3.305990e+00 -8.702934e-01
-2.094983e+00 -1.800785e+00 -1.260624e+00 -2.622943e+00 -2.671275e+00 -1.469592e+00 -6.084768e-01 1.437744e+00 7.349082e-01 -1.050329e+00 -7.047052e-01 4.573182e-01
-1.286570e-01 1.652856e+00 1.327209e+00 3.291214e+00 1.959433e+00 -4.059856e+00 2.904788e-01 1.435999e+00 -4.422895e+00 -2.180578e+00 2.580307e+00 8.608095e-01
-5.516534e-01 1.115639e+00 -1.748853e-01 8.339654e-01 5.224632e-01 -1.075341e-01 2.340300e+00 1.738602e+00 -2.442034e+00 2.371199e+00 -1.477391e+00 -1.091716e+00
-7.151718e-01 7.488087e-01 -5.294813e-01 1.077692e+00 8.075467e-01 4.424000e-01 3.070634e+00 1.420012e+00 -1.496797e+00 1.346104e+00 -1.724463e+00 -6.789148e-01
2.490212e-01 1.954679e+00 7.797884e-01 3.799540e+00 1.033492e+00 -4.439077e+00 2.720579e+00 -8.495150e-02 -5.933669e+00 -1.361817e+00 3.340348e+00 4.910555e-01
4.051194e-01 2.105793e+00 -2.141729e-01 3.485359e+00 3.309996e+00 -1.849240e+00 6.974430e-01 2.608467e-01 -1.283329e+00 1.353429e+00 -9.763334e-01 -3.759616e-01
-1.409137e+00 -1.704020e-02 -9.482507e-02 1.493327e+00 1.572297e+00 1.809012e+00 2.216364e+00 9.124880e-01 -5.510030e-01 1.378881e+00 -2.015231e+00 4.089792e-01
-2.496314e+00 -1.597950e+00 -2.678723e-02 -1.055146e+00 -1.714892e+00 1.004171e+00 9.415867e-01 1.759230e+00 -1.797072e-01 -1.007400e+00 -1.064454e+00 1.495207e+00
-2.254799e+00 -3.796016e-01 9.610454e-01 3.756283e-01 -9.213018e-03 1.191109e+00 1.521539e-01 2.287134e-01 -3.022999e-01 2.291487e-01 -1.881864e+00 1.035642e+00
-1.579354e+00 -5.931668e-01 1.004121e-01 7.263069e-01 1.346229e+00 2.484305e+00 1.325134e+00 9.733447e-02 -4.049196e-01 5.754464e-01 -1.988968e+00 4.901172e-01
