-1.736952e-01 3.430225e+00 6.661209e-01 -2.803389e+00 -1.447175e+00 -5.728012e-01 3.449299e+00 1.086076e+00 -8.758461e-01 6.956154e-01 1.036252e+00 1.077229e+00
-2.152479e+00 1.992769e+00 -6.128650e-02 -2.697776e-01 -3.345112e-01 -7.762782e-01 -4.471626e-02 -1.064961e+00 -1.067881e+00 3.537706e-01 2.664297e-01 7.196824e-01
2.310946e+00 6.338851e-01 -3.062201e+00 -5.619086e+00 2.901786e+00 2.083728e+00 -1.291005e+00 -5.254084e+00 -5.788299e-01 2.748639e-01 -1.621686e+00 7.533323e-01
-2.519902e+00 7.870341e-03 -1.050087e+00 1.120861e+00 6.167541e-01 -1.549046e-01 -1.926367e+00 -1.131343e+00 1.057101e+00 2.154191e+00 -6.209689e-01 4.204876e-01
4.000014e+00 5.273783e-03 -5.003943e+00 -5.856908e+00 2.953921e+00 2.799862e+00 -2.789823e+00 -8.040466e+00 9.454535e-01 1.055310e+00 -3.587884e+00 2.529065e+00
1.627224e+00 2.625103e+00 2.780434e+00 -1.280599e+00 -8.424000e-01 -4.665039e-01 3.420153e+00 2.972827e+00 -1.797016e+00 -8.729328e-01 2.595449e+00 -6.449042e-02
-1.876252e+00 -8.265163e-01 -3.278608e+00 1.485514e-01 2.846987e+00 -5.500894e-01 -2.348372e+00 7.388240e-01 1.979921e+00 1.314438e+00 -2.235544e+00 -1.094533e+00
5.128805e-01 6.803406e-01 -7.151757e-01 -3.518614e+00 2.077509e+00 5.476749e-01 -2.277237e-01 -2.363491e+00 -8.633614e-01 1.019577e+00 2.919215e-01 -6.148280e-01
-9.555328e-01 -1.670171e+00 -3.217077e+00 -3.783711e-01 2.039858e+00 -5.531242e-01 -2.866838e-01 1.191654e+00 1.203938e+00 7.010816e-01 2.644258e-02 -6.033899e-01
-1.985645e+00 -2.336833e+00 1.131009e+00 -1.619389e+00 -1.464665e+00 2.509593e+00 9.958625e-01 -5.910604e-01 1.275119e+00 -4.093336e-01 8.728701e-01 1.504289e+00
-1.527277e+00 -2.511709e+00 1.023120e+00 -1.468797e+00 -7.023467e-01 3.369748e+00 3.502931e-01 -1.320736e+00 5.111326e-01 -7.235522e-01 6.336178e-01 1.945324e+00
-2.547266e-01 -5.312408e-01 3.234334e-01 -4.321166e-01 2.026666e+00 -1.765897e+00 -1.080552e+00 -6.700123e-01 2.104336e-01 1.869605e+00 6.804279e-01 -1.717585e+00
-6.732286e-01 -1.450421e+00 -7.958295e-01 -4.538477e-01 8.598719e-01 1.026685e+00 -1.796259e+00 -8.655035e-01 -1.455997e+00 -1.219617e+00 -5.622296e-01 1.067785e+00
5.907687e+00 -6.673461e-01 -4.193607e+00 -2.921464e+00 2.495023e+00 2.370578e+00 -5.496111e+00 -9.339624e+00 1.381338e+00 1.096785e+00 -3.955009e+00 2.985814e+00
4.885123e-01 -2.141067e+00 -1.573672e+00 -4.718587e-01 -3.701633e-01 -7.325270e-02 1.553050e+00 8.940569e-01 1.193583e+00 6.950190e-02 1.670758e-01 3.962007e-01
-7.503729e-01 -1.718526e+00 1.108438e+00 1.951447e+00 1.723763e+00 -3.858692e+00 -2.656064e+00 1.691259e-01 3.305115e+00 1.538169e+00 -4.558280e-01 -1.544652e+00
-1.092491e+00 -2.234504e+00 1.842121e+00 3.533012e+00 3.339014e-01 -5.136521e+00 -2.750795e+00 1.581685e+00 5.409077e+00 -2.921639e-01 -2.263381e+00 -4.151573e-01
5.313430e-01 -2.029753e+00 7.770413e-01 7.428342e-01 -1.988449e+00 -3.292312e-01 1.559537e+00 -6.390194e-01 -1.404102e+00 -6.009304e-03 5.579573e-01 -1.406728e-01
4.123300e-01 -3.531017e-02 -4.805592e-01 -1.409463e+00 -9.410700e-01 3.655997e-01 -2.197804e-01 9.966237e-01 2.019331e-01 3.113827e+00 1.933627e+00 4.409829e-01
2.115434e-01 -1.589781e+00 1.732494e+00 7.369748e-01 -2.603291e+00 -1.125307e+00 6.441293e-01 -2.387122e+00 -1.705815e+00 -5.476614e-01 5.052250e-01 -2.925343e-01
-1.290054e+00 -2.281438e+00 2.991563e+00 4.247101e+00 -1.749689e+00 -4.871503e+00 -1.625652e+00 2.975699e+00 5.302847e+00 -2.820540e+00 -2.843571e+00 1.100358e+00
5.845301e-01 2.147821e-01 1.485309e-01 -7.249333e-01 3.879556e-01 1.359522e+00 -4.167793e-02 5.699593e-01 -1.512453e-01 4.981407e-01 7.615779e-01 1.006610e+00
3.486349e-01 1.172752e-01 -2.398100e-01 1.411482e+00 -6.094185e-01 -5.552751e-01 2.820487e-02 7.013156e-01 -8.681280e-01 -1.939049e+00 -6.118456e-01 -5.527110e-01
4.272429e+00 1.033540e+00 4.274765e+00 1.471410e+00 3.774382e-01 3.031923e-01 3.161381e-01 2.817117e+00 -1.533337e+00 -1.762693e+00 1.568134e+00 -1.125296e+00
-7.157685e-01 4.919302e-01 -3.318176e-01 -1.806604e+00 -1.530129e+00 1.534409e+00 -1.054524e+00 -4.852664e-01 -8.999957e-01 5.070608e-01 1.209974e+00 -5.052153e-01
2.015662e-01 4.127837e-01 2.044895e-01 2.937942e-01 -1.024902e+00 -8.301032e-01 1.878558e-02 -5.613381e-01 -4.033275e-02 1.185268e+00 -1.673689e+00 -2.304463e+00
2.816547e-01 -2.943726e-01 -5.103661e-01 1.650163e+00 3.270068e-01 7.998189e-01 1.417287e-01 -4.570492e-01 -2.666697e-01 -1.599588e+00 2.646697e-01 -3.939621e-01
-2.093945e-02 -3.590323e-01 -6.343465e-02 -2.001594e-01 -1.502627e+00 -3.761846e-01 7.264689e-01 -3.242432e-01 2.215841e-02 1.116102e+00 1.157713e+00 7.337956e-01
-4.448630e-01 1.072814e-01 7.933844e-01 3.550256e-01 -4.384607e-03 -5.918336e-01 7.885740e-01 6.602536e-01 1.501392e+00 6.273400e-01 3.285628e-01 1.833223e+00
5.159884e-02 1.152053e-01 9.211465e-01 1.378289e+00 6.350452e-01 -9.120344e-01 1.345099e+00 1.543237e-01 -2.695976e-01 -1.050000e+00 -8.196354e-01 1.514435e+00
-7.842535e-01 -7.754554e-01 4.222200e-02 -4.955815e-01 2.529930e-01 3.148225e-01 4.725746e-01 6.758386e-01 1.632352e+00 1.070175e+00 1.261676e+00 9.932719e-01
3.085899e-03 -4.147179e-01 2.538563e-01 3.083149e-01 -1.045268e+00 -2.461984e+00 -1.155774e+00 -1.833334e+00 -9.274391e-01 -1.394149e+00 2.699131e-01 -7.761128e-02
3.393024e-01 1.675907e-01 9.483657e-02 7.921935e-01 8.760428e-01 8.472391e-01 6.704464e-01 7.100608e-01 1.382356e+00 -1.650816e+00 -6.085079e-01 -2.174650e-01
-1.327905e+00 -1.814733e+00 3.921140e+00 3.862767e+00 -3.920217e+00 -3.457638e+00 9.297447e-02 4.151193e+00 3.124507e+00 -4.337505e+00 -2.045729e+00 1.990736e+00
3.280326e-01 1.652991e-01 -4.351504e-01 -1.283143e-01 9.494542e-01 8.019210e-01 -1.580542e-01 7.437712e-01 1.851624e+00 7.086784e-02 4.593413e-02 -5.080514e-02
-1.091882e+00 -6.062142e-01 -1.651259e+00 -8.871260e-01 1.957530e-01 -3.546290e-01 -3.627820e+00 -1.445005e+00 1.747489e+00 1.971486e+00 -1.774778e-02 -2.978014e+00
2.634000e-01 8.117600e-02 -4.573065e-01 4.111029e-01 9.512323e-01 1.613291e-01 -2.372817e-01 3.409770e-01 1.342786e+00 8.941965e-02 2.477436e-01 -1.727746e-01
-7.979689e-01 1.284416e+00 8.222963e-01 -2.182432e+00 -1.088093e+00 2.470069e+00 1.845385e+00 9.989459e-01 -2.189115e+00 8.792236e-01 2.625176e+00 1.461064e+00
5.441797e-01 7.221334e-01 -1.707708e+00 -1.224926e-01 5.971495e-01 -1.327487e+00 -1.750268e+00 1.313871e-01 -9.288759e-01 1.178679e+00 1.355983e-01 -8.513360e-02
-6.927161e-01 -3.168907e-01 5.350523e-01 1.039972e+00 2.621734e-01 -3.700840e-01 9.665939e-01 -3.764347e-01 6.695771e-03 -4.700485e-01 8.307906e-01 1.417077e+00
-2.681840e-01 1.809726e-01 3.997398e-01 -2.339287e-02 -5.809502e-01 -4.865007e-02 4.088168e-01 -1.502541e+00 2.551028e-01 5.680211e-01 -1.216791e+00 -6.993678e-01
-1.108638e-01 2.292400e-01 4.783557e-02 1.632292e-01 -1.525071e-01 -1.672448e+00 -4.621932e-01 5.944306e-01 4.316616e-01 -9.429131e-01 3.694889e-01 -5.032863e-02
2.037832e-01 -1.675920e-01 3.344719e-01 -1.340591e-01 2.365056e+00 1.435466e+00 -2.555266e-01 -1.010572e-01 -5.559867e-01 9.163370e-02 9.001582e-01 7.326927e-01
-6.462240e-01 1.178917e+00 1.840053e+00 -1.080775e+00 2.162829e-01 7.949561e-01 2.168741e+00 9.889154e-01 -1.691769e-01 2.173999e+00 1.991677e+00 1.436247e+00
-1.360591e-01 -7.700472e-02 7.633857e-01 8.716173e-01 1.012525e+00 3.430213e-01 1.252043e+00 8.635777e-01 3.610323e-01 -1.643433e+00 2.269734e-01 3.961810e-01
-1.336395e-01 5.983075e-01 1.000252e+00 2.307521e-01 9.848499e-01 -3.550969e-01 1.327277e+00 1.303275e+00 6.860654e-01 7.050933e-01 2.437167e+00 1.602174e+00
-1.338670e+00 -9.823879e-01 4.096477e+00 2.815499e+00 -4.761473e+00 -1.873704e+00 1.884155e+00 3.877490e+00 2.503833e-01 -3.959321e+00 -5.789669e-01 1.631275e+00
-1.330511e+00 1.079442e-01 3.863753e+00 2.816704e-01 -3.718079e+00 9.232774e-01 1.985305e+00 2.623006e+00 -3.614957e+00 -3.559356e-01 4.857299e-01 -7.290039e-01
-1.361655e+00 -4.129618e-01 4.171656e+00 1.480346e+00 -4.560464e+00 -3.051419e-01 2.183528e+00 3.528466e+00 -2.365747e+00 -2.195772e+00 3.190698e-01 3.996934e-01
-4.723152e-01 1.572447e-02 8.960010e-01 6.379876e-02 1.493402e+00 7.086525e-02 5.793523e-01 -4.062594e-01 2.109279e-01 7.499083e-01 -5.640941e-01 -2.460137e-01
5.230141e-03 1.803404e-01 1.151040e+00 1.332661e+00 1.588267e+00 1.023941e-01 1.691009e+00 1.130472e+00 2.166996e+00 5.102582e-01 1.743677e+00 -7.268998e-01
-9.946647e-01 4.822708e-01 3.353217e+00 -4.059301e-01 -2.581981e+00 1.537931e+00 1.564758e+00 1.587109e+00 -3.241142e+00 5.609251e-01 3.230176e-01 -1.067360e+00
-1.143167e+00 -1.592938e+00 -3.966558e+00 -9.546215e-01 9.449646e-01 -3.559657e+00 -6.180333e+00 -1.666879e+00 1.392516e+00 1.020984e+00 -1.216764e+00 -4.665132e-01
6.587167e+00 -1.379281e+00 -3.221169e-01 1.114327e+00 1.543007e+00 1.967402e+00 -5.672714e+00 -5.875050e+00 -6.428150e-01 -8.984553e-01 -1.761782e+00 2.231707e+00
-4.085348e-01 3.132697e-01 3.063307e+00 -5.606629e-01 -1.922602e+00 2.292972e+00 3.488565e-01 1.230714e+00 -2.604305e+00 3.857404e-01 7.971495e-01 -9.058970e-01
1.329555e+00 1.700650e+00 -1.985436e-01 1.730953e+00 -2.071145e-01 -1.647314e+00 7.474043e-01 2.733307e+00 4.953249e-01 1.635246e+00 -7.164317e-01 -1.744427e+00
5.655788e-01 6.659017e-01 1.041321e+00 1.400886e+00 -1.015107e+00 -1.345428e+00 1.517591e+00 1.974719e+00 2.440805e+00 1.014293e-01 -2.725502e-01 -3.147631e-01
-1.610275e+00 -1.473134e+00 -5.170204e+00 -1.089371e+00 1.540785e+00 -4.212216e+00 -3.805464e+00 -4.838279e-01 1.863385e+00 1.184859e+00 -2.240659e+00 7.815310e-01
2.618136e-02 9.207906e-01 1.746685e+00 2.254008e-01 -1.951147e+00 3.009236e+00 -3.777234e-01 1.227989e+00 -2.123175e+00 -2.007276e-01 1.629169e+00 -7.857632e-01
5.702991e+00 -5.370731e-01 3.481879e+00 2.719058e+00 2.369651e-01 1.460568e+00 -2.609620e+00 -6.646885e-01 -6.571285e-01 -5.464929e-01 1.191563e+00 1.031139e+00
1.792043e+00 2.204000e+00 -2.160193e+00 4.146766e-01 1.090670e+00 -2.389905e+00 -6.686098e-01 2.518280e+00 -2.437839e-01 2.920441e+00 1.539562e-01 -2.295887e+00
-3.963189e-01 1.387250e-02 -1.457836e+00 1.375650e+00 2.308176e+00 2.656618e+00 4.207785e+00 8.713938e-01 -1.328260e+00 1.478334e+00 2.643769e+00 -4.981297e-01
-1.118400e+00 -3.176990e-01 -4.677114e-01 -1.668408e-01 3.773531e+00 1.250570e+00 3.364707e+00 2.916438e-01 -9.810495e-01 3.056352e+00 1.886493e+00 -1.371024e+00
3.502628e-01 1.347030e+00 -1.503964e+00 1.252386e+00 -2.494898e-01 2.712544e+00 3.820648e+00 1.197089e+00 -3.895064e-01 -1.831247e+00 3.872324e-01 4.983240e-01
-3.289766e-02 1.478072e+00 -2.062672e+00 5.161901e-01 -1.950818e-01 1.212152e+00 3.370569e+00 1.071492e+00 -2.385262e-01 -2.605280e+00 -1.748716e+00 -7.152566e-01
-1.745126e+00 8.101863e-01 3.542236e-01 -2.192717e-02 3.919054e+00 5.639310e-01 3.270041e+00 -7.521706e-01 -1.357800e+00 2.586348e+00 1.675991e+00 -2.150286e+00
-1.296840e+00 -1.306012e-01 -4.862935e+00 -2.121894e+00 6.412790e-01 -1.668608e+00 -9.266777e-01 -1.983042e-01 1.263672e+00 1.455362e-01 -3.675202e+00 1.104866e+00
1.912508e-02 1.846129e+00 1.133238e-01 1.874281e+00 -2.070073e+00 3.455018e+00 -5.258505e-01 9.479701e-01 -1.222712e+00 -1.124762e+00 2.167637e+00 -7.447064e-01
-4.523190e-01 1.369638e+00 -2.988639e+00 -1.117476e+00 4.161438e-01 -5.271971e-01 2.072308e+00 6.385229e-01 1.443481e-01 -1.802403e+00 -3.366953e+00 -5.356650e-02
-1.689704e+00 2.041625e+00 -9.832573e-03 1.059093e+00 1.851468e+00 1.051148e+00 2.090734e+00 -2.289786e-01 -1.288540e+00 4.631882e-02 2.104790e+00 -1.464931e+00
-5.814886e-01 2.841089e+00 -7.888450e-02 1.630524e+00 -1.278079e+00 2.500121e+00 9.182038e-01 9.134139e-01 -5.961573e-01 -1.791732e+00 2.134223e+00 -4.015327e-01
