-3.331662e+00 -3.381913e+00 3.024339e-01 -1.223493e+00 2.801965e+00 1.304917e+00 6.784334e-02 2.323307e+00 1.827599e+00 1.171427e+00 -2.873684e-02 -1.975267e+00
-4.888866e+00 -1.422368e+00 4.726195e+00 -2.224537e+00 4.666281e-01 -3.610172e+00 -6.829499e-01 -1.450672e-01 1.443382e+00 2.028003e-01 -1.139146e+00 -1.094086e+00
-3.443294e+00 -5.244841e+00 5.261686e+00 -2.740304e+00 1.043108e+00 2.584574e+00 -3.151756e+00 7.758778e-01 -7.249697e-01 -4.771283e-02 -1.695382e+00 5.447189e-01
-4.720151e+00 3.226919e-02 1.732393e+00 -1.790103e+00 -7.455353e-02 -3.861583e-01 -1.597348e+00 8.298022e-01 9.791411e-01 3.202294e+00 8.181180e-01 -1.581164e+00
-3.274454e+00 -2.936701e+00 1.879637e+00 -1.726298e+00 -1.093106e+00 9.469782e-01 -1.868527e+00 1.696533e+00 -1.072733e+00 -9.466369e-02 3.624985e-01 1.095099e+00
-3.262088e+00 2.433325e-01 8.789362e-01 -2.494891e+00 -6.226929e-01 1.708453e+00 -8.182479e-01 -1.088739e-01 3.911833e-01 1.787579e+00 2.107830e+00 1.573053e+00
-1.719515e+00 -3.802149e+00 -4.363787e+00 -7.314441e-01 2.631841e+00 5.110318e+00 1.528522e+00 3.187274e+00 1.858800e+00 9.435338e-01 1.099622e+00 -9.819754e-01
-5.011200e+00 -8.128433e-01 6.568416e+00 -1.564734e+00 1.365687e-01 -3.682373e+00 -2.660994e+00 -2.307402e+00 1.623268e+00 5.671906e-01 -1.289415e+00 -7.808377e-01
-3.288851e+00 5.071342e-01 -1.536541e+00 7.940965e-01 1.257653e+00 -1.771064e+00 -2.281019e+00 -3.357345e+00 -2.830024e-02 -9.280778e-02 4.660343e-01 3.698054e-01
-5.099823e+00 6.286660e-01 1.300483e+00 -9.379270e-02 1.102407e+00 -7.816437e-01 -1.283766e+00 2.954839e+00 -1.157729e+00 2.548090e+00 -1.751285e+00 -6.116573e+00
1.432238e+00 -1.869811e+00 -5.223947e-02 -3.311797e+00 -7.403308e-01 -6.091350e-01 -1.877998e+00 -3.043297e+00 -4.390102e-02 -2.980735e+00 1.467850e+00 4.395878e+00
4.782825e+00 -3.278077e+00 4.676758e-01 -1.440541e-01 -3.516219e+00 -2.634330e+00 -2.314151e+00 -5.841985e+00 1.803992e+00 -7.613969e-01 6.505078e-01 4.043524e+00
-2.469073e+00 -6.843261e-01 -7.306679e-01 -3.015236e+00 -1.238847e+00 1.104454e+00 -3.328995e-01 1.333807e-01 1.951301e+00 1.466123e+00 1.631112e+00 2.519695e+00
-2.060556e+00 5.184947e-01 -1.161760e+00 7.491102e-01 1.230263e+00 -2.224966e+00 -6.420052e-01 -2.927169e+00 -7.609878e-02 3.851812e-01 7.998507e-01 4.685249e-01
-1.949071e+00 3.670341e-01 -5.272830e-01 2.665260e-01 4.871032e-01 -3.279633e-01 -1.834725e+00 -1.379511e+00 -1.022560e+00 -8.302346e-01 -2.934899e-01 1.235653e-01
1.252714e+00 -1.974427e+00 -8.210726e-02 -3.263236e-01 -2.616411e+00 -1.484124e+00 1.271330e-01 -1.192965e+00 2.939903e+00 3.102371e-01 7.320056e-02 2.135495e+00
-2.927807e+00 1.259950e-01 3.467453e+00 -7.259656e-01 -4.056045e-01 -6.589364e-01 -1.421511e+00 -1.533925e+00 2.444399e-01 -8.956270e-01 4.378724e-01 7.516930e-01
7.624996e-01 -1.476423e+00 3.141821e-01 -2.359766e+00 2.486942e-01 -8.155261e-01 -1.945679e+00 -2.153423e+00 -1.178651e-02 -2.964429e+00 1.493631e+00 3.378655e+00
-8.705319e-01 2.392050e-01 -2.215873e+00 1.633610e+00 -2.244067e+00 -5.582539e-01 -7.674544e-01 3.779021e+00 -1.038904e-01 -7.970239e-01 9.789925e-01 -7.935554e-01
-3.896793e+00 3.283925e-01 1.009815e+00 -3.206907e-01 8.235992e-01 -1.068384e+00 -9.846579e-01 1.639096e+00 -1.615112e+00 1.105891e+00 -2.041229e+00 -5.575807e+00
-1.770357e+00 -1.140855e+00 5.437754e-01 -2.183906e+00 1.488853e+00 -1.538485e+00 -9.542360e-01 4.322249e-01 3.374934e-01 6.048132e-01 3.264175e-02 -9.290036e-01
8.200197e+00 -2.227525e+00 1.390054e+00 2.306833e+00 -2.223132e+00 -2.132875e+00 -2.363101e+00 -6.268878e+00 2.050519e+00 -1.092893e+00 1.371457e-01 4.963539e+00
-1.471646e+00 -5.692274e-01 -6.154830e-01 -1.422193e+00 -2.138289e+00 1.562732e+00 4.878796e-01 -4.570323e-01 -1.678658e-01 -1.239668e+00 1.028507e+00 2.428120e+00
7.551023e-01 -2.401037e-01 4.277288e-01 -1.332550e+00 -8.198527e-01 3.597226e-01 -1.778404e+00 -1.900692e+00 1.750971e-01 -5.526185e-01 9.421800e-01 2.466408e+00
3.498674e-01 -3.735666e+00 4.565456e+00 -2.509759e+00 -6.846694e-01 1.795446e+00 -1.783583e+00 2.258238e+00 -1.880102e+00 -5.583760e-01 -1.340714e+00 3.958018e-01
-1.177318e+00 8.283631e-01 1.337510e+00 -6.922709e-01 -1.362551e+00 1.782768e+00 -6.870999e-01 -1.044055e+00 -8.083056e-01 -1.650282e+00 1.541061e-02 4.217814e-01
-8.532287e-01 -4.077673e-01 -6.147218e-01 6.547217e-01 -3.104523e-01 6.623399e-01 9.216608e-01 1.012069e+00 -1.812290e-01 -7.524688e-01 -2.926378e-01 3.782046e-01
-1.696207e-01 -3.957242e-01 1.378379e-01 7.750989e-01 -9.544895e-02 -2.159981e-01 -2.206678e+00 1.212790e+00 6.409287e-01 2.120491e+00 2.629553e+00 1.384326e+00
-1.738615e+00 -2.766242e+00 -7.562874e+00 -1.974346e+00 -2.326594e-01 7.094265e+00 2.910614e+00 -7.988504e-01 4.571667e-01 3.104723e+00 3.120921e+00 -3.825748e-01
6.949410e-01 4.954367e-01 -5.256724e-01 -1.824394e-01 -1.243794e+00 -1.194371e+00 2.872295e-02 9.418544e-01 1.219217e+00 6.757346e-01 6.191159e-01 -3.450914e-01
4.185287e-01 4.145135e-01 3.763702e-01 6.972525e-01 1.853323e+00 1.077304e+00 -6.253580e-01 1.763343e+00 2.080509e+00 5.086947e-01 2.504019e+00 5.939463e-01
2.264269e-01 -1.428606e-01 -2.690573e-02 4.275996e-01 -1.970969e-01 -1.254348e-01 -3.124703e-01 1.579495e+00 -2.470491e-01 -3.340640e-02 1.745715e+00 -8.250815e-02
4.591990e-02 1.402282e-01 -2.496624e-01 -1.071196e-01 -5.079557e-01 1.100572e+00 2.376061e-01 9.711277e-01 1.447207e+00 5.849997e-01 -2.912086e-02 -2.873603e-01
-1.069595e-01 4.782195e-01 -2.839829e-01 -8.645905e-01 -7.515141e-01 2.002256e+00 4.824353e-01 9.000683e-01 -9.503053e-01 -1.021046e+00 1.192878e+00 9.001055e-01
-4.330418e-01 3.372638e-01 9.995294e-02 1.362001e+00 7.071824e-01 -1.814734e-02 -6.649458e-01 1.061044e-01 9.456482e-01 5.184627e-01 -3.514772e-01 -1.662314e+00
-1.400856e-01 -9.601543e-02 1.224514e+00 1.472652e+00 -6.085261e-01 -1.091423e+00 -6.338964e-01 -4.037145e-01 3.664332e-02 3.895718e+00 1.550298e+00 1.260612e+00
8.267193e-02 1.820656e-01 -5.662065e-02 -2.473783e-02 2.428875e-01 -1.561842e+00 -9.282659e-01 6.075485e-01 9.915356e-02 3.589127e-01 2.394969e+00 4.480371e-01
-3.725801e-01 -7.499105e-01 1.901069e-01 -7.007936e-01 -3.755988e-01 3.875695e-01 -1.634737e-01 -4.439282e-01 -1.353731e-01 -1.478204e+00 9.093596e-01 6.354316e-01
3.746576e-02 -4.349948e-01 5.773730e-02 5.350910e-01 -2.017109e+00 -2.047688e+00 -1.005986e+00 -1.098445e+00 -6.958750e-01 -1.000134e+00 -1.602385e+00 4.280529e-02
1.344060e-01 6.737446e-01 -2.334524e-01 -7.694232e-01 3.919415e-01 -9.032058e-01 -3.088386e-01 1.501474e-02 -1.275440e+00 -3.763277e-01 9.710814e-01 2.284099e-01
2.990185e-01 4.443453e-01 -3.406163e-01 8.080453e-01 -2.724316e-01 -5.108711e-01 8.726414e-02 8.232025e-01 2.420210e-01 1.117986e+00 -1.014370e+00 4.425129e-01
1.118104e-01 2.044469e-01 -6.176683e-01 2.872151e-01 6.255655e-01 6.005697e-01 4.062983e-01 4.304105e-01 1.894190e+00 1.876369e+00 -1.121114e+00 -7.552733e-01
-1.077604e-01 9.834822e-01 6.627307e-02 -9.125199e-01 -8.199632e-01 4.764064e-01 -1.002684e+00 -6.737345e-01 3.253522e-01 8.468012e-01 -4.465038e-01 -2.552697e-02
-4.909996e-01 -7.756782e-01 5.218597e-01 -3.204435e-01 -1.180412e+00 -1.061409e+00 2.298179e-01 -3.777395e-01 -1.079963e+00 -2.867944e+00 -1.894920e+00 -9.975106e-01
3.078651e-01 4.095345e-01 1.038088e+00 6.861270e-01 2.167465e+00 9.463004e-01 4.048122e-01 2.101665e+00 2.793412e+00 2.048145e-01 2.690585e+00 5.929352e-01
-3.432934e-01 -1.059265e+00 -1.963373e-01 -4.397646e-01 -3.179086e-01 -2.794375e-01 -5.655736e-01 2.955151e-01 -9.898313e-01 -1.250782e+00 5.060121e-01 -3.041258e-02
5.182331e-01 3.951753e-01 -9.278641e-02 5.516800e-01 4.555046e-01 -5.898769e-01 -3.615953e-01 -3.567832e-02 -1.613109e-01 1.287468e+00 1.559160e+00 -1.865586e+00
-3.961258e-02 1.040718e-01 2.009475e+00 -1.522360e-02 1.208396e+00 2.152838e+00 2.318322e+00 1.017111e+00 1.415576e+00 -7.408740e-01 1.005655e+00 7.956548e-02
-3.046722e-01 -5.019683e-01 -3.727205e-01 -1.207260e-01 -8.016662e-02 -5.423244e-01 7.906010e-02 3.432817e-01 -1.850680e-01 -5.880414e-02 -3.544094e-01 8.322075e-01
2.070303e-01 -4.425449e-02 1.042305e-01 7.305981e-01 -6.271347e-01 -6.198304e-01 4.548875e-01 -1.341729e+00 -1.492760e+00 -1.304346e+00 -2.761446e+00 -3.736652e-01
8.819322e-02 5.663739e-01 9.210868e-02 -2.817320e-01 1.129485e+00 1.129266e+00 7.706354e-01 -1.580626e+00 -6.210478e-01 8.366573e-01 2.335470e-01 -5.090344e-01
-1.996059e-02 6.628188e-01 1.385610e+00 2.220977e+00 4.098913e-01 -7.567322e-01 1.971509e+00 -3.769968e-01 7.747012e-01 4.239684e+00 8.760557e-02 6.243005e-01
8.810577e-01 6.707219e-01 -9.677838e-01 2.851326e-01 -6.533071e-01 -8.842821e-01 -1.238537e-02 1.443251e+00 7.101337e-01 3.013190e-01 8.245192e-01 -9.404472e-01
-3.630336e-01 4.296708e-01 -1.855205e-01 -7.868038e-01 3.638934e-01 1.334786e+00 3.717322e-01 3.070092e-03 1.642386e+00 2.143848e+00 -2.602516e-01 7.943830e-01
-4.269359e-01 -1.007967e+00 -9.550205e-01 -1.447823e-01 1.526031e+00 -4.109221e-01 4.339737e-01 1.594360e+00 -2.971068e-01 -8.581978e-01 6.988451e-01 -1.020180e+00
2.766885e-01 6.042392e-01 -4.410893e-01 -1.315186e-01 1.980153e-01 6.757892e-01 5.769280e-01 -1.481649e+00 -4.900922e-01 -1.197194e-01 -2.230930e+00 -8.096458e-01
-6.988268e-01 1.074836e+00 1.554045e+00 2.375872e+00 -1.511423e-01 -2.123603e+00 1.230989e+00 1.009205e+00 3.304845e-01 2.228297e+00 9.176210e-01 6.177902e-01
-9.986955e-01 -8.816479e-01 -7.666988e-01 -8.635495e-02 1.969432e+00 -6.896633e-01 2.941608e-01 2.109881e+00 -1.124223e+00 -1.161759e+00 -3.790693e-01 -1.281103e-01
6.006196e-01 -2.632417e-01 -1.178864e+00 3.108675e-01 1.602645e-01 -5.211095e-01 4.568546e-01 1.584417e+00 3.754624e-01 -6.187960e-02 8.428059e-01 -1.108212e+00
1.452522e+00 7.369386e-01 -7.743214e-01 -8.840740e-01 -1.230887e+00 2.508368e-01 2.375443e+00 1.364076e+00 -1.756393e+00 -1.078044e+00 -2.512807e-01 4.865057e-02
9.831635e-01 -3.058003e-01 -2.647611e-01 2.428273e-01 -5.437146e-01 -1.122234e+00 3.696042e-01 1.400560e-01 2.400996e-01 9.486618e-02 3.123243e-01 -5.549358e-01
8.889925e+00 -1.003390e+00 1.775280e+00 3.785800e+00 -9.901861e-01 -1.601896e+00 -1.625541e+00 -4.602673e+00 1.738330e+00 -1.605462e+00 -1.555049e+00 3.417160e+00
-9.820390e-01 1.720380e+00 7.876312e-01 1.483721e+00 6.995487e-01 -2.749979e-01 3.815329e+00 3.141022e+00 -1.210569e+00 -5.196819e-02 1.637801e+00 8.662369e-01
1.238787e+00 -4.216549e-01 -5.950842e-01 7.867775e-02 -7.413188e-01 -1.122421e+00 -8.903593e-01 1.971550e-01 -2.805121e-01 -2.064010e-01 7.483631e-01 -3.339308e+00
-1.038044e+00 5.477374e-01 -1.059068e+00 -8.533168e-02 3.049573e+00 -1.103619e+00 -1.323341e+00 3.498048e+00 -1.445468e+00 -1.616288e+00 -9.305684e-01 -5.412288e-02
-5.243368e-02 -1.105203e-01 -6.792608e-01 -8.773734e-01 -9.599726e-01 1.117106e+00 7.250451e-01 4.872529e-01 2.687631e+00 4.337704e-01 9.325151e-01 1.755720e+00
-1.451112e+00 1.746102e+00 1.067832e+00 1.251020e+00 5.275842e-01 -3.250614e-01 3.493881e+00 3.843903e+00 -3.173542e+00 -2.204496e+00 1.956335e+00 6.405174e-01
2.389627e+00 6.143936e-01 -2.519011e-01 2.197328e-02 -5.375921e-01 -2.352497e-01 8.660250e-01 4.910587e-01 -9.894007e-01 -1.668216e+00 -2.860956e+00 -1.827218e+00
-9.109802e-01 1.690153e+00 -5.585508e-01 8.914031e-01 3.770002e+00 -1.131688e+00 -3.692842e+00 4.430674e+00 -1.141908e+00 -1.917831e+00 -4.700130e-01 -4.719581e-01
2.987889e+00 3.294798e-01 8.458713e-01 1.845899e+00 -3.414684e-01 2.512116e-02 7.162547e-01 1.574159e+00 4.211952e-01 -1.278970e+00 1.042578e-01 -1.897231e+00
5.185674e-01 3.583174e-01 -5.977346e-01 -1.579449e+00 -2.188124e+00 1.967260e+00 7.819719e-01 -7.293959e-01 5.833883e-02 -1.813955e+00 2.846727e-02 -8.323056e-01
-5.507172e-01 2.507533e+00 1.568245e+00 1.467960e+00 9.961823e-01 -7.027248e-01 4.434608e+00 2.732175e+00 -4.472585e+00 -7.923232e-01 1.161204e+00 7.843105e-01
3.011342e+00 4.357071e-02 -7.153625e-01 3.370627e-01 4.195007e-01 -1.276795e+00 -1.023764e+00 1.343054e-01 -1.348697e-01 -1.205837e+00 -2.067357e+00 -1.271940e+00
6.879281e+00 1.903700e-01 1.382051e+00 3.636497e+00 -2.943144e-01 -7.343575e-01 -4.310194e-01 -6.202204e-01 -1.952578e-01 -1.057531e+00 -4.346223e-01 8.108677e-01
1.576104e+00 1.264386e+00 -1.300385e+00 1.412705e+00 -6.221801e-01 2.730904e-01 6.775169e-01 -3.256804e+00 -1.028021e+00 -9.705108e-01 -1.883198e+00 -1.334018e+00
3.051454e-01 2.232563e+00 -3.073399e-01 1.779364e+00 8.321360e-01 -3.588926e-01 4.236224e+00 1.105834e-01 -2.615316e+00 1.007228e+00 -1.131369e+00 -1.351207e+00
-8.843708e-01 2.508992e+00 9.445339e-01 2.478296e+00 2.889287e+00 -1.766782e+00 -3.974590e+00 5.039969e+00 -1.757200e+00 -7.927052e-01 -1.361072e+00 -2.246050e-01
3.150823e+00 -1.316642e+00 8.766974e-01 -9.926596e-02 -6.512094e-02 -6.603079e-02 1.323665e+00 2.403079e+00 -2.110343e-01 -9.017911e-02 2.361764e-01 2.477927e-01
3.173432e+00 -2.740855e-02 -2.000659e+00 8.529865e-01 -1.019836e+00 2.283326e+00 -9.705448e-02 -4.079545e+00 9.032377e-01 -1.510253e+00 -1.363823e+00 -2.270603e-02
1.812179e+00 3.577249e-01 6.359063e-01 -1.353350e+00 -4.579768e-01 1.232900e+00 1.754162e+00 -2.831189e+00 -9.229971e-01 -1.204004e+00 -6.175015e-01 -6.258594e-01
3.554409e+00 -5.310337e-01 -9.075430e-01 4.610413e-01 -6.553084e-01 -8.848280e-01 -2.642143e+00 -4.030893e-01 1.773929e+00 7.696056e-03 -1.978526e+00 -8.161993e-01
4.109911e+00 -1.318229e+00 -3.000865e+00 3.988838e-03 -1.742353e+00 1.553311e+00 -2.661115e+00 -3.357438e+00 2.939788e+00 -1.666716e+00 8.441077e-01 1.337239e+00
2.831786e+00 2.910727e+00 -5.600764e+00 3.716447e+00 -5.272292e-01 -3.346207e+00 1.918113e+00 3.302716e+00 7.227150e-01 1.102760e+00 1.201344e+00 -5.844516e-01
2.040442e+00 1.076410e+00 -1.641386e-01 1.048977e-01 1.854023e+00 -1.027054e+00 1.685395e+00 -3.474147e+00 -1.071023e+00 -6.108803e-01 -1.835486e+00 -2.134487e+00
-3.050868e+00 -2.616554e-01 -4.523503e+00 -2.289601e+00 -5.992721e-01 6.036944e+00 4.532673e+00 -4.924212e+00 -8.830523e-01 4.157543e+00 1.106010e+00 -4.969698e-01
3.864733e+00 -1.659466e+00 -2.271229e+00 -1.345040e-01 -1.276187e+00 -1.311380e-01 -4.102863e+00 -1.537308e+00 2.835118e+00 -1.501838e+00 1.516832e-01 1.356992e+00
-1.311638e+00 3.277624e+00 2.170326e+00 3.267918e+00 2.878648e+00 -9.797978e-01 -6.520851e-01 4.757119e+00 -2.251967e+00 -1.036402e+00 -3.105363e+00 -9.453081e-01
3.360691e+00 2.942035e+00 -3.806540e+00 2.149308e+00 7.070738e-01 -3.443992e+00 2.075152e+00 -6.698885e-01 -9.740021e-01 7.859696e-01 -6.031031e-01 -1.196288e+00
-3.259753e+00 3.190670e+00 -1.197589e+00 -1.529241e+00 -1.859348e+00 2.979752e+00 5.547497e+00 -4.517914e+00 -4.085543e+00 2.342327e+00 -1.576415e+00 -4.712993e-01
-2.558150e+00 3.843748e+00 1.134960e+00 9.041050e-01 -3.130742e-01 1.196090e+00 3.460107e+00 -1.204813e+00 -3.750139e+00 8.207555e-01 -3.051845e+00 -1.708050e+00
