9.378913e+00 -1.203236e+01 8.335475e+00 1.029507e+01 -1.331344e+01 -7.783634e+00 -7.418275e+00 -7.738131e+00 6.270813e+00 -8.741687e+00 2.018983e+00 -2.640282e+00
9.902854e+00 -1.257664e+01 8.271875e+00 1.061060e+01 -1.383779e+01 -7.035655e+00 -8.023446e+00 -7.050799e+00 5.353217e+00 -8.212809e+00 9.064023e-01 -1.716895e+00
8.840433e+00 -1.092118e+01 8.620329e+00 9.852032e+00 -1.370940e+01 -6.886168e+00 -8.143168e+00 -7.038590e+00 5.131534e+00 -8.400777e+00 1.566806e+00 -2.471860e+00
1.067492e+01 -1.284289e+01 8.199820e+00 1.076605e+01 -1.440272e+01 -6.521579e+00 -9.619189e+00 -5.338361e+00 3.618363e+00 -6.989138e+00 5.949001e-01 -5.655650e-01
1.006042e+01 -1.165069e+01 9.403541e+00 9.620949e+00 -1.311087e+01 -6.713596e+00 -7.840138e+00 -7.158123e+00 4.166790e+00 -8.216605e+00 4.514567e-01 -2.327655e+00
1.083967e+01 -1.283697e+01 8.119157e+00 9.866556e+00 -1.272392e+01 -7.735827e+00 -9.295691e+00 -5.322781e+00 3.349712e+00 -6.664373e+00 5.178773e-01 -1.072175e+00
1.090701e+01 -1.218937e+01 7.818325e+00 1.048425e+01 -1.334093e+01 -7.047013e+00 -9.323035e+00 -5.520041e+00 2.774838e+00 -6.288823e+00 2.442172e+00 -8.266864e-01
1.146629e+01 -1.185654e+01 7.173732e+00 9.031292e+00 -1.125494e+01 -5.917387e+00 -8.914292e+00 -7.285663e+00 8.608989e-01 -5.056441e+00 4.757936e+00 -2.036648e+00
1.207695e+01 -1.237164e+01 7.036375e+00 7.336894e+00 -1.098871e+01 -3.980887e+00 -1.044367e+01 -6.451561e+00 -1.593432e+00 -1.797669e+00 1.960424e+00 -1.576896e+00
1.284385e+01 -1.126021e+01 8.507950e+00 1.266680e+01 -1.627493e+01 -2.235831e+00 -1.170471e+01 -3.653702e+00 2.192458e+00 -7.015675e+00 -1.120458e+00 -2.321167e+00
1.337383e+01 -1.287314e+01 7.261094e+00 5.698567e+00 -9.053204e+00 -4.062013e+00 -1.150566e+01 -7.325572e+00 -2.946877e+00 1.166968e-01 1.810638e+00 -1.993677e+00
-1.945325e+01 -4.094067e-01 4.404701e+00 -1.139118e+01 -2.644755e+00 5.303060e+00 2.217929e+00 -2.253712e+00 1.246344e+00 -4.694377e+00 1.032137e+00 -4.831973e-02
1.512271e+01 -1.393267e+01 7.654645e+00 3.901549e+00 -7.074437e+00 -5.485054e+00 -1.022469e+01 -8.897315e+00 -4.089005e+00 1.703358e+00 1.531096e+00 -1.557443e+00
-1.669954e+01 -1.098691e+00 5.846461e+00 -9.687183e+00 -4.497736e+00 2.235849e+00 2.766112e+00 -3.552440e+00 1.449433e+00 -5.456726e+00 1.479465e-01 3.482364e+00
1.607436e+01 -1.367496e+01 5.659875e+00 4.612024e+00 -7.838633e+00 -3.242262e+00 -8.923153e+00 -1.230927e+01 -1.206406e+00 -9.421333e-01 3.523028e+00 -3.280218e+00
-1.638837e+01 3.236697e+00 5.800794e+00 -1.217898e+01 -6.215873e+00 6.152527e+00 1.641190e-01 -1.441882e+00 4.878668e+00 -3.186255e+00 2.094837e+00 5.092299e+00
1.123312e+01 -7.105850e+00 6.655508e+00 1.034162e+01 -1.161644e+01 -6.401396e+00 -8.052691e+00 -3.706899e+00 8.174635e-01 -4.064310e+00 -3.070042e+00 -1.132569e+00
-1.361796e+01 -9.475224e-01 6.568746e+00 -7.534212e+00 -4.313513e+00 4.517130e-01 4.303217e-01 6.014104e-01 6.127407e+00 -4.933400e+00 -3.405499e+00 -2.210717e+00
1.559238e+01 -1.107372e+01 4.812387e+00 1.500972e+00 -5.486368e+00 -2.193213e+00 -7.104894e+00 -1.401214e+01 -7.782369e-01 -2.646923e+00 4.661739e+00 -3.166466e+00
-1.186580e+01 -1.227652e-01 6.374226e+00 -6.870278e+00 -4.371325e+00 -4.443370e-01 -8.318331e-01 -1.652844e+00 4.532427e+00 5.453237e-01 -2.661685e-01 6.223732e+00
-1.343112e+01 7.846237e-01 1.496818e+00 -1.214324e+01 -7.569304e-01 6.270654e+00 -2.985029e+00 -3.497808e+00 8.589818e+00 -3.040439e+00 -9.167674e-01 5.746607e+00
1.643285e+01 -1.029224e+01 5.956226e+00 -1.419475e+00 -6.849605e+00 2.258821e+00 -9.403897e+00 -1.142530e+01 -4.473204e+00 -3.036260e-01 5.802936e+00 -3.698773e+00
-1.053007e+01 -8.031225e-01 5.116265e+00 -4.267173e+00 -6.173553e+00 -2.180403e+00 -2.855942e-01 -1.791673e+00 3.185328e+00 -3.285373e+00 -1.032733e+00 2.617788e+00
1.621762e+01 -7.388068e+00 4.911526e+00 -1.401631e+00 -6.945430e+00 1.298724e+00 -3.431851e+00 -1.637535e+01 -1.802062e+00 -2.896268e+00 7.810813e+00 -2.421071e+00
-7.187507e+00 -1.086614e+00 3.695867e+00 -4.784455e-01 -3.709774e+00 -5.210012e+00 3.696518e+00 -2.687733e-01 -6.063439e-01 -2.015092e+00 -4.489570e+00 -3.165735e-01
1.724866e+01 -7.531013e+00 5.758895e+00 -3.009563e+00 -6.429699e+00 2.967243e+00 -3.855538e+00 -1.473574e+01 -5.282753e+00 -2.649340e-01 7.008993e+00 -6.281644e-01
5.178636e+00 -5.742381e-01 7.862271e+00 4.751382e+00 -1.565547e+00 -8.992853e+00 -1.677171e+00 -3.746408e+00 5.083903e-01 -2.580325e+00 -3.227496e+00 7.917675e-02
1.667535e+01 -6.063195e+00 6.034000e+00 -2.663534e+00 -6.576263e+00 4.870965e+00 -5.298134e+00 -1.426490e+01 -7.240717e+00 -8.943925e-01 9.674376e+00 -1.476093e+00
-5.588729e+00 -9.343400e-01 5.793359e+00 -2.650738e-01 1.241401e+00 -5.527163e+00 1.529517e+00 1.439290e-01 6.310443e-01 -5.031703e+00 -5.643789e-01 3.269711e+00
1.574968e+01 -4.544605e+00 6.775785e+00 -2.580807e+00 -7.392323e+00 5.660619e+00 -5.947507e+00 -1.533037e+01 -9.649179e+00 -3.164171e+00 1.124997e+01 -3.423558e-01
1.639391e+01 -2.104027e+00 5.765217e+00 -5.675679e+00 -4.088915e+00 6.572382e+00 -7.660084e+00 -1.211510e+01 -1.121310e+01 -3.554544e+00 9.864603e+00 -1.667537e+00
-8.208247e+00 -6.077751e+00 9.509778e-02 -7.730134e+00 -2.224874e-02 8.718408e+00 3.108674e+00 4.158809e+00 1.080497e+01 2.759573e+00 -6.803490e-01 3.013103e+00
1.780981e+01 1.940763e+00 1.627227e+00 -5.295948e+00 -6.235023e+00 6.564134e+00 -1.455755e+00 -1.167312e+01 -1.231449e+01 -1.868639e+00 4.974699e+00 -1.976728e-01
1.861788e+01 4.691819e+00 -1.361781e+00 -5.727519e+00 -6.676327e+00 8.758330e+00 -3.494747e-01 -1.064771e+01 -1.263894e+01 1.272582e+00 3.085057e+00 -1.184245e+00
1.667478e+01 6.712317e+00 -3.436264e+00 -6.788239e+00 -3.087177e+00 5.306463e+00 -2.536230e+00 -3.196580e-01 -1.132639e+01 -1.149493e+00 3.706512e+00 -1.463380e+00
1.610284e+01 7.613597e+00 -3.223345e+00 -6.281201e+00 -2.615657e+00 4.876789e+00 -2.101724e+00 -2.317049e+00 -5.358572e+00 -4.938002e+00 -1.721916e+00 7.187284e+00
-1.557091e+01 8.304171e+00 -5.722917e+00 -1.202099e+01 8.150036e+00 1.249160e+00 5.548387e-01 5.364910e+00 4.018917e+00 -1.875830e+00 5.490257e+00 7.146613e+00
-1.181860e+01 1.024346e+01 -6.080172e+00 -1.111398e+01 7.808675e+00 6.526647e-01 7.575352e-01 3.929144e+00 2.635408e+00 -4.618063e+00 2.127591e+00 6.069433e+00
-3.533614e+00 -1.595385e+01 -3.963609e+00 1.595034e+01 -3.341965e+00 2.534429e-01 -3.381194e+00 -1.297838e+01 -8.990812e-02 1.018826e+01 -4.942334e+00 4.008662e+00
1.442929e+01 5.427740e+00 1.003246e+00 -3.009017e+00 3.448057e-01 1.918590e+00 -7.342117e-01 -1.214483e+00 -4.218412e+00 -1.159114e+00 -1.426800e+00 2.379174e+00
1.184198e+01 3.587442e+00 6.044353e-01 2.966891e+00 7.761786e+00 9.121687e+00 9.705339e+00 -2.520114e+00 -8.006085e+00 -2.597316e+00 -1.775699e+00 -2.370173e+00
1.226106e+01 3.257151e+00 1.300048e+00 4.502953e+00 5.284778e+00 6.662345e+00 8.901501e+00 -9.461002e-01 -6.223215e+00 -1.574587e+00 -2.375906e-01 -1.637147e+00
-2.702609e+00 2.017082e+00 -8.326923e+00 -8.971869e+00 -2.075815e-02 -6.179776e+00 7.401149e-01 5.041008e+00 -3.129784e+00 -4.593370e+00 4.340527e-01 2.593671e+00
1.077401e+01 2.109618e+00 -1.527371e+00 6.340137e+00 4.135252e+00 -3.602182e-01 1.037797e+01 9.378242e-02 -1.713816e+00 2.024437e+00 -2.446165e+00 5.462279e-01
-4.101462e+00 -1.298575e+01 -9.919850e-01 1.688243e+01 3.002924e+00 1.343275e+00 -1.900643e+00 -1.130070e+01 1.461715e+00 1.297518e+01 -2.921644e+00 1.849360e+00
-1.089043e+01 -7.206953e-01 -1.868650e+00 1.981141e+00 -1.059315e+01 7.855410e+00 5.383539e-01 -7.840102e-01 -5.062059e+00 7.489882e+00 -7.628039e+00 2.520864e+00
8.172859e+00 4.437232e-02 -3.086407e+00 8.134207e+00 6.322486e+00 -2.573060e-01 1.148944e+01 -1.315963e+00 6.326582e-01 4.340103e+00 1.508506e+00 8.792418e-01
-7.835443e+00 -6.480055e+00 5.728048e+00 -5.033095e-01 -3.648474e+00 5.094794e+00 3.621590e+00 -4.607542e+00 3.629027e+00 -4.595631e-02 -5.907507e-01 3.148068e+00
-5.028323e+00 -4.593686e-01 -5.568036e+00 -5.107532e+00 -1.143147e+00 -2.414657e+00 2.194052e+00 6.786676e+00 -3.060184e-01 2.112546e-01 -5.354005e-01 3.066041e+00
7.463652e+00 2.954463e+00 -4.659819e+00 5.839891e-01 -8.944807e-01 1.565961e-01 9.220399e+00 3.064636e+00 -1.367234e+00 4.915582e+00 -1.252184e+00 -6.335287e+00
4.233908e+00 1.837361e+00 -4.906095e+00 3.726111e+00 -3.163815e-02 -4.463521e+00 9.962495e+00 8.120232e+00 6.044018e-01 1.542566e+00 -6.112939e+00 -8.245301e+00
4.114322e+00 2.915929e+00 -4.236896e+00 1.347034e+00 5.010871e+00 -1.301366e+00 5.666951e+00 3.835307e+00 2.378980e+00 4.063577e-01 -3.895372e+00 -3.310020e+00
2.025680e+00 3.207401e+00 -1.203883e-02 5.818942e+00 9.950488e+00 1.987600e+00 1.007636e+01 1.118787e+01 3.358593e+00 -1.687869e+00 -1.895968e+00 -8.479592e+00
-9.105397e+00 -4.822680e+00 -5.350996e+00 -1.325265e+00 4.156775e+00 2.108473e+00 -4.678576e+00 7.215650e-01 7.362560e+00 1.301969e+00 -9.829988e-01 6.140279e+00
-4.582701e+00 -5.397096e-01 -6.754272e+00 1.652342e+00 1.025846e+01 1.911426e+00 -6.865013e-01 5.194347e+00 1.693477e+00 -6.680034e+00 -5.633402e+00 9.446553e-01
-4.655667e+00 2.182932e-01 -6.146758e+00 -1.470234e+00 9.074221e+00 1.882406e-01 4.952580e+00 7.252742e+00 5.353493e+00 -5.814645e-01 -7.763326e+00 -1.801642e+00
-5.090324e+00 -1.218154e-01 -6.785238e+00 -5.885930e-01 9.837753e+00 1.424561e+00 1.256542e-01 1.104402e+00 4.414312e+00 4.323496e+00 -3.811903e+00 2.738474e+00
-4.816075e+00 1.980378e+00 -5.408361e+00 -4.643244e+00 1.858706e+00 -3.699426e+00 1.575098e+00 5.270436e+00 -4.444942e-01 -2.567419e-01 -7.694238e-01 -1.426158e-01
-4.429055e+00 2.991867e+00 -6.640937e+00 -3.531183e+00 2.181242e+00 -8.376316e-01 -3.988628e+00 -2.781978e+00 -4.012000e+00 -2.437799e+00 -2.209435e+00 8.768724e-01
-4.937071e+00 2.380603e+00 -5.584512e+00 -2.758812e+00 2.030930e+00 -9.702985e-01 1.594741e+00 2.099629e+00 3.658320e+00 5.642323e+00 8.070807e+00 1.146419e+00
-5.982953e+00 1.606301e+00 -2.715092e+00 -1.923786e+00 6.916580e+00 5.334910e+00 3.105977e+00 2.281613e+00 -2.671921e+00 -2.971481e+00 1.437416e+00 1.003457e+00
-5.485171e+00 2.609427e+00 -4.693298e+00 -2.540048e+00 6.776533e+00 -2.147362e+00 -7.836416e-01 1.068760e+00 -2.645714e+00 4.597651e+00 1.276987e+00 1.644492e+00
-5.773110e+00 6.966095e-01 -6.448964e+00 -4.150362e+00 3.137804e+00 -4.151145e+00 -2.293724e+00 -1.421575e+00 -3.281193e+00 1.184486e+00 2.291232e+00 -4.958341e-01
-4.844508e+00 3.037227e+00 -3.662595e+00 -2.561893e+00 7.532796e+00 4.935436e+00 9.890630e-01 5.607596e+00 2.244870e+00 9.311392e-01 -2.547270e+00 -1.695101e+00
-3.522977e+00 5.440866e+00 -2.146413e+00 -4.066443e-01 5.497044e+00 1.108470e+00 2.371311e-03 2.293042e+00 -4.954975e-01 1.379916e+00 -2.475084e+00 -1.511976e+00
-3.677052e+00 3.532831e+00 -3.402147e+00 -8.961718e-01 2.654226e+00 -1.245874e+00 4.513851e+00 5.027864e+00 6.430577e-01 -2.850617e+00 -4.139294e+00 -5.589506e-02
-4.573838e+00 3.608330e+00 -2.843763e+00 -1.797022e+00 3.822275e+00 2.522438e-01 3.326656e+00 2.830891e+00 2.961309e+00 -1.545781e+00 2.453511e-01 4.835114e+00
-6.327638e+00 2.595873e+00 -3.967952e+00 1.225869e+00 6.719993e+00 -7.337093e-01 5.287692e+00 4.247120e+00 1.976847e+00 6.405576e+00 7.927203e-01 8.082221e-01
-4.419213e+00 2.902407e+00 -6.045314e+00 2.638338e-01 6.360865e+00 -1.064381e+00 3.255655e+00 6.622766e+00 6.185291e+00 3.910724e+00 -1.287861e+00 -2.717855e+00
-5.057347e+00 3.459264e+00 -1.779331e+00 -2.797847e+00 4.775846e+00 -1.239189e+00 4.872355e-01 5.279396e+00 3.721662e+00 4.072737e+00 3.848321e+00 3.179422e+00
-3.441254e+00 7.632512e+00 -1.562604e+00 -1.496169e+00 7.314787e-01 1.408169e+00 2.019247e+00 6.160583e+00 5.644644e-01 3.853308e+00 -4.799978e-01 -3.209955e+00
-4.707110e+00 2.844565e+00 -2.993817e+00 -2.042503e+00 3.810642e+00 8.803952e-01 4.858154e+00 4.473466e+00 -5.248078e+00 -3.722081e-02 3.101430e+00 -6.086806e-01
-6.119037e+00 2.498858e+00 -3.795745e+00 -2.329106e+00 3.852562e+00 -4.215257e+00 -1.145344e-01 6.295697e+00 -2.180834e+00 2.336359e+00 1.645000e+00 3.829831e+00
-6.327909e+00 2.781549e+00 -9.554807e-01 -2.112348e-01 2.026420e+00 -1.076769e+00 1.827713e+00 6.706857e+00 -2.804122e-01 2.220492e+00 -4.027092e-02 6.196091e+00
-5.551686e+00 4.364667e+00 -2.678074e+00 -5.983154e+00 -2.023375e+00 -9.533557e-01 4.484186e+00 1.331298e+01 5.439454e+00 9.606586e-01 -2.374914e+00 -1.502901e+00
-5.830384e+00 1.796684e+00 -3.800877e+00 -6.312101e+00 -6.872854e-01 -3.165402e+00 2.405744e+00 8.211297e+00 4.910743e+00 5.829494e+00 2.568225e+00 -1.695255e+00
-5.880256e+00 3.096485e+00 -2.135174e+00 1.538899e-01 5.919840e+00 -1.070077e+00 -4.028592e+00 3.088621e+00 -6.483928e-01 -1.441620e+00 3.316948e-01 5.123786e-01
-7.079135e+00 2.412138e+00 -1.989927e+00 -1.543213e+00 1.529349e+00 2.726521e+00 -2.428883e+00 5.787802e-01 -1.740783e+00 -1.644236e+00 -1.473281e+00 1.388782e+00
-6.736558e+00 2.977458e+00 -2.905574e+00 -4.138678e+00 -3.647537e-01 4.303115e+00 4.010204e+00 9.657307e-01 6.618879e-01 2.323617e+00 2.075232e+00 3.990937e+00
-7.307265e+00 2.624765e+00 -2.275743e+00 -3.703413e+00 1.889840e+00 -2.218744e+00 2.984723e+00 7.240621e+00 1.007321e+00 6.318459e+00 6.612021e+00 5.879421e+00
-7.201352e+00 3.523627e+00 -3.910704e+00 -3.028120e+00 1.863504e+00 -2.461577e-01 5.670298e+00 3.855984e+00 1.568889e+00 5.456951e+00 3.875880e+00 3.481702e+00
-3.473882e+00 5.836661e+00 -1.960760e+00 1.032007e+00 4.332926e+00 1.054710e+00 1.074540e+00 5.219740e+00 -1.821584e+00 6.196992e+00 7.685933e-01 1.292208e+00
-3.143385e+00 7.317498e+00 3.053016e+00 5.883770e+00 3.490670e+00 4.038640e+00 5.946621e+00 5.552536e+00 3.130423e-01 8.024111e+00 -9.024378e-01 1.061607e+00
-5.973096e+00 3.279771e+00 -2.242580e+00 -1.506711e+00 3.550863e+00 -1.304272e+00 -7.395077e-02 1.884313e+00 -3.476434e-01 3.528822e+00 9.989729e-01 -1.870985e-01
-4.837815e+00 -9.046344e+00 -3.662841e+00 4.719610e+00 1.449426e+00 -3.892764e+00 1.007642e+00 -4.453116e+00 -8.469293e-01 9.495443e+00 -3.410856e+00 4.262682e-01
-6.493405e+00 6.229567e+00 -7.463011e-01 -1.162847e+00 4.528060e+00 -4.625955e-01 2.962932e+00 1.219817e+00 7.179865e-01 1.083134e+00 1.929708e-01 2.594020e+00
-8.571357e+00 2.274225e+00 -2.170735e+00 -1.508191e-01 -1.477477e+00 6.706574e+00 6.778236e+00 3.538849e+00 -1.286240e+00 4.791131e+00 -5.010625e+00 1.174700e+00
-6.220649e+00 3.169184e+00 -2.157212e+00 -2.402443e+00 4.209539e+00 -1.837613e+00 3.073746e+00 4.865510e+00 -3.948728e+00 -1.400140e+00 -2.469162e+00 2.534024e+00
-8.166377e+00 1.365976e+00 -1.034795e+00 -6.630018e-01 2.327778e+00 -4.249742e-01 1.478339e+00 3.569774e+00 4.989111e-01 1.580915e-01 5.417409e-01 2.742708e+00
1.534528e+00 4.023572e+00 -1.289265e+00 3.469368e+00 9.136013e+00 3.805903e+00 7.838997e+00 6.409237e+00 -1.998357e+00 3.394213e+00 -8.215087e-01 -6.669609e+00
-2.378511e-01 4.249031e+00 -1.347799e+00 6.517115e-01 4.927602e+00 -2.259342e+00 8.931277e-01 6.874682e+00 3.623298e+00 4.714268e-01 -3.008763e+00 -2.629125e+00
-1.042614e+00 6.182123e+00 -5.230137e-01 1.693562e+00 9.053335e+00 3.950633e+00 1.104754e+00 8.332345e-01 1.193044e+00 -3.933755e+00 -7.369171e+00 -1.921633e+00
3.371162e-01 8.523043e+00 -3.040898e+00 2.194512e+00 7.649901e+00 2.166479e+00 -4.478161e-01 1.854130e+00 -2.943725e+00 9.785861e-01 -4.322027e+00 -7.654655e+00
-2.241392e-01 5.291820e+00 -2.699044e+00 6.840005e-01 7.266777e+00 3.452365e+00 6.749669e+00 8.335685e+00 4.355358e+00 6.337911e-01 -3.902713e+00 -3.430936e+00
-1.733907e+00 4.701554e+00 -2.040477e+00 -6.635537e-01 3.980021e+00 5.407730e-01 3.838460e+00 5.785751e+00 3.369902e+00 1.810671e+00 -3.627164e+00 -5.070230e+00
-1.614843e+00 6.869916e+00 -9.158263e-01 8.702111e-01 5.897706e+00 4.797454e+00 4.298837e+00 4.298439e+00 -3.060554e+00 -6.882224e-01 -5.960454e+00 -5.426136e+00
-4.123345e+00 2.021078e+00 -4.053383e+00 -3.389087e+00 7.238953e-01 -1.076678e+00 -1.357529e+00 1.483716e+00 -7.579826e+00 -3.653905e+00 -3.188831e+00 -1.018633e+00
-4.727069e+00 4.358273e+00 -1.680639e+00 -2.346697e+00 2.190151e-01 3.729064e+00 6.385770e+00 4.688863e+00 4.367785e+00 1.826859e+00 7.072201e+00 1.157424e+00
-3.197530e+00 4.964647e+00 -2.244739e+00 -1.196919e+00 4.532831e+00 2.816004e+00 6.234999e+00 7.807370e+00 1.536937e+00 1.927454e+00 2.259151e+00 1.701870e+00
-2.997273e+00 5.347925e+00 -3.087315e+00 1.193740e+00 4.532930e+00 -1.871180e+00 -2.927263e-01 3.124035e+00 1.568469e+00 -3.815999e+00 -3.709175e+00 -8.787008e-01
-1.653471e+00 7.024109e+00 -6.104368e+00 2.211606e+00 6.950834e+00 -1.104471e+00 9.531827e-01 5.908533e+00 2.331576e-01 4.775221e-01 -5.856617e+00 -2.192026e+00
-3.219040e+00 5.953713e+00 1.576893e+00 2.328472e-01 4.944902e+00 -2.197490e+00 -8.559039e-01 1.926375e+00 -5.789070e-01 2.211965e+00 -2.895190e+00 -8.340276e-01
-2.389698e+00 6.904064e+00 -6.531100e-01 -1.535084e+00 2.808006e+00 -3.766326e+00 8.860905e-01 4.618554e+00 -6.152965e+00 6.799740e-01 1.448254e+00 3.354241e+00
-2.218808e+00 7.482785e+00 -2.681037e+00 -1.238585e-02 4.498494e+00 -2.302159e+00 -7.431581e-01 6.468106e+00 4.778343e-01 5.975247e+00 1.127213e+00 2.013354e-01
-3.186551e+00 4.761142e+00 -2.300092e+00 3.279974e-01 1.966938e+00 1.370622e-01 -2.245410e+00 4.145195e+00 5.881535e-01 2.783067e+00 2.482369e-01 -2.030749e+00
-4.558827e+00 4.328851e+00 2.647542e+00 -2.196052e-01 5.861041e+00 -3.016736e+00 1.807025e+00 7.384691e+00 5.705198e+00 7.491980e+00 2.558226e+00 4.570963e-01
-4.266617e+00 5.840436e+00 -1.484612e+00 2.706828e+00 2.251744e+00 -2.575223e+00 -2.624252e+00 2.166001e+00 -1.122530e+00 -1.813994e+00 -7.119515e+00 -5.731886e+00
-2.492571e+00 7.506141e+00 -8.539811e-01 8.056703e-01 4.100456e+00 -6.401451e-01 -4.935224e-01 4.591248e-01 -1.531180e-01 4.719242e+00 -2.425688e+00 -2.381688e+00
