9.268100e+00 -1.183962e+01 -1.080581e+01 2.997869e+00 1.144541e+00 8.370083e+00 -1.666833e+01 2.574900e+00 -3.285460e+00 -6.147952e+00 -5.611536e+00 -1.569996e+00
1.006385e+01 -1.335537e+01 -1.143901e+01 1.430627e+00 9.060860e-02 1.066811e+01 -2.244042e+01 2.917315e+00 -4.446975e+00 -8.167980e+00 -3.086119e+00 -6.880133e+00
1.050146e+01 -1.278478e+01 -1.272768e+01 3.331473e+00 1.468234e-01 1.028889e+01 -2.037243e+01 2.203130e+00 -5.342664e+00 -5.220285e+00 -5.218841e+00 -4.645749e+00
1.031927e+01 -1.323709e+01 -1.053547e+01 2.137891e+00 -2.217345e-01 1.149981e+01 -2.137563e+01 3.690764e+00 -4.708685e+00 -6.248099e+00 -5.325662e+00 -4.776856e+00
1.101262e+01 -1.191221e+01 -1.247058e+01 4.022824e+00 1.816530e-01 1.142584e+01 -1.969506e+01 1.730706e+00 -2.688750e+00 -6.015979e+00 -2.141665e+00 -6.090968e+00
1.178234e+01 -1.332676e+01 -1.190014e+01 3.464102e+00 -1.851363e-01 1.033057e+01 -1.909638e+01 1.264317e+00 -3.245057e+00 -5.810408e+00 -3.927515e+00 -5.209590e+00
1.122866e+01 -1.455363e+01 -9.402726e+00 5.538001e+00 -2.361490e+00 9.114250e+00 -1.885533e+01 3.798848e+00 -7.959380e-01 -5.438074e+00 -2.497943e+00 -6.408502e+00
1.118192e+01 -1.614823e+01 -6.553119e+00 3.970316e+00 -1.655058e+00 7.588917e+00 -1.940004e+01 4.825759e+00 1.026265e+00 -6.010830e+00 -3.036208e+00 -4.361373e+00
8.722317e+00 -1.213227e+01 -9.965655e+00 1.475347e+00 -2.244883e-01 7.474198e+00 -1.692437e+01 4.149816e+00 -5.646131e+00 -6.449940e+00 -7.798863e+00 -8.017983e-01
1.183671e+01 -1.306927e+01 -1.098774e+01 3.714751e+00 -6.284952e-02 1.089659e+01 -1.930388e+01 2.615941e+00 -3.381098e+00 -4.923871e+00 -3.441986e+00 -4.958037e+00
1.053500e+01 -1.508759e+01 -6.303340e+00 5.601539e+00 -4.071261e+00 7.895197e+00 -1.866156e+01 5.200729e+00 3.819297e+00 -8.125486e+00 -2.138113e+00 -2.611078e+00
1.160956e+01 -1.423178e+01 -1.065960e+01 4.781458e+00 -1.451058e+00 9.961550e+00 -1.986582e+01 3.092802e+00 -2.708798e+00 -5.663962e+00 -2.389615e+00 -7.270448e+00
8.826925e+00 -1.339153e+01 -6.437383e+00 9.653256e-01 -2.652418e+00 7.591736e+00 -1.735723e+01 7.670248e+00 -6.402067e+00 -6.952046e+00 -1.025798e+01 6.794643e-01
1.025852e+01 -1.625914e+01 -2.591580e+00 5.252363e+00 -7.027484e+00 7.616641e+00 -1.826121e+01 6.225738e+00 3.303887e+00 -8.653458e+00 -4.794985e+00 1.616092e+00
7.372901e+00 -1.127407e+01 -5.101011e+00 -1.836924e+00 -1.355102e+00 2.168494e+00 -1.111469e+01 6.376581e+00 -3.710513e+00 -9.038631e+00 -1.040337e+01 6.703756e-01
7.981343e+00 -1.425297e+01 1.355363e+00 2.838557e+00 -6.389483e+00 3.303681e+00 -1.321421e+01 5.747643e+00 1.364966e+00 -7.363739e+00 -5.709901e+00 3.273023e+00
6.834104e+00 -9.944007e+00 -3.821559e+00 -2.757194e+00 -5.014989e+00 -6.348562e-02 -7.362268e+00 7.152470e+00 -6.562862e+00 -9.256788e+00 -1.333924e+01 2.308620e+00
7.101265e+00 -1.333991e+01 4.875418e+00 5.069487e-01 -5.828883e+00 8.484006e-01 -8.761091e+00 3.512716e+00 1.730106e-01 -8.022732e+00 -5.972394e+00 3.758961e+00
6.873016e+00 -1.148015e+01 5.769076e+00 2.902901e-01 -8.242279e+00 1.539855e-01 -7.196764e+00 4.123157e+00 -1.551046e+00 -7.129855e+00 -7.109919e+00 5.579986e+00
8.889646e+00 -9.250324e+00 2.031991e+00 -6.587955e+00 -9.224842e+00 -5.712898e+00 -1.181510e+01 1.034448e+01 -9.010870e+00 -4.512608e+00 -9.038629e+00 5.613874e+00
7.504740e+00 -1.133497e+01 8.716705e+00 -2.937485e+00 -7.750062e+00 -8.164696e-01 -5.708776e+00 4.101771e+00 -4.213057e+00 -7.466949e+00 -5.100935e+00 3.597178e+00
7.571082e+00 -9.665737e+00 9.589686e+00 -3.287727e+00 -8.522087e+00 -1.729589e+00 -3.513638e+00 3.862695e+00 -5.906237e+00 -5.931777e+00 -5.048831e+00 4.028083e+00
7.096648e+00 -3.226803e+00 6.000423e+00 -1.052853e+01 -3.834821e+00 -1.534146e+01 -6.305178e+00 2.662993e+00 -6.153115e+00 -4.613232e+00 -3.428312e+00 2.361672e+00
9.440790e+00 -9.094223e+00 1.060713e+01 -3.218375e+00 -9.759974e+00 -1.565363e-01 -4.234169e+00 3.135087e+00 -5.630263e+00 -8.882290e+00 -9.075967e-01 1.488910e-01
-2.197091e+01 -6.963681e+00 -4.694978e+00 9.771054e+00 7.951909e+00 -4.777670e-01 -3.605709e+00 -8.939081e+00 -2.510020e+00 9.076282e+00 5.085626e+00 3.290477e+00
1.029499e+01 -7.832060e+00 1.180414e+01 -4.149789e+00 -9.131222e+00 6.889796e-02 -4.312254e+00 3.155917e+00 -5.626350e+00 -1.098438e+01 -7.180232e-01 1.475053e+00
1.118324e+01 5.295193e-01 1.148324e+01 -3.912112e+00 -1.545051e+01 -4.221871e+00 3.268827e+00 -5.287642e+00 -1.239610e+01 -8.534828e+00 -4.646489e+00 3.772118e+00
1.172386e+01 1.970824e+00 1.150353e+01 -4.475255e+00 -1.603377e+01 -3.666663e+00 4.729935e+00 -8.237592e+00 -1.291500e+01 -8.615158e+00 -2.290032e+00 1.894713e+00
1.237785e+01 1.841615e+00 1.115797e+01 -3.730539e+00 -1.526735e+01 -2.605377e+00 2.959843e+00 -8.811422e+00 -1.101931e+01 -8.221889e+00 -2.700601e+00 1.813486e+00
1.207181e+01 2.088610e+00 1.186796e+01 -3.863290e+00 -1.452414e+01 -1.563113e+00 3.525911e+00 -1.243391e+01 -9.154013e+00 -6.994807e+00 -2.015853e+00 4.934318e-01
-1.912314e+01 -4.239393e+00 -3.764190e+00 6.665561e+00 6.331120e+00 6.366008e+00 -6.215923e+00 -6.695024e+00 7.965147e+00 1.530237e+01 5.783233e+00 -1.715051e+00
1.150889e+01 3.474207e+00 1.066498e+01 -3.119650e+00 -1.379826e+01 -3.371429e-02 2.211535e+00 -1.479965e+01 -8.804766e+00 -5.370527e+00 -1.610045e-01 -3.586477e-01
1.169955e+01 -3.676605e+00 1.075811e+01 -2.395819e+00 -7.323485e+00 -1.201368e+00 -5.028077e+00 2.364040e+00 -8.575960e+00 -1.512044e+01 3.028272e+00 -2.133659e+00
1.225796e+01 5.556457e-01 8.507506e+00 -9.485503e-01 -6.917090e+00 -4.425000e+00 2.883498e+00 -4.907835e+00 -1.519925e+01 -9.642078e+00 1.731566e+00 -2.050623e+00
1.176132e+01 2.408490e+00 1.027677e+01 -2.190533e+00 -1.466607e+01 -3.317721e-01 3.405365e+00 -1.629731e+01 -9.888714e+00 -5.404928e+00 -2.555196e+00 7.897377e-01
1.224219e+01 2.320996e+00 8.743450e+00 -1.744813e+00 -5.331618e+00 -3.793747e+00 3.494291e+00 -5.547631e+00 -1.490104e+01 -8.932678e+00 1.209398e+00 -1.833704e+00
1.203601e+01 4.220401e+00 9.044029e+00 -3.970846e+00 -1.466014e+01 -5.875278e-01 3.036891e+00 -1.611697e+01 -1.029485e+01 -4.879671e+00 -5.177412e+00 -1.077077e+00
1.224396e+01 3.688980e+00 6.600430e+00 1.975248e+00 -6.744784e+00 -4.213019e+00 5.842102e+00 -8.099392e+00 -1.558245e+01 -7.045817e+00 -2.456843e-01 -2.140590e+00
1.187635e+01 8.589887e+00 7.997070e+00 -3.528614e+00 -1.565218e+01 -3.891593e+00 4.315180e+00 -1.736210e+01 -1.114888e+01 -8.108616e+00 -5.547817e+00 -4.471770e+00
1.114598e+01 7.857720e+00 6.526249e+00 -1.008347e+00 -3.891840e+00 -2.094939e+00 4.314283e+00 -7.133344e+00 -1.778418e+01 -9.633511e+00 2.644121e+00 -7.972635e-01
-1.865916e+01 1.685753e+00 -6.366870e+00 2.846629e+00 2.911704e+00 8.379238e-01 -5.996912e+00 3.270248e-01 1.274451e+01 8.931054e+00 9.043199e-01 -3.953471e-01
1.079087e+01 1.074614e+01 7.295492e+00 1.179170e+00 -2.163276e+00 -5.175499e+00 4.022080e+00 -7.095079e+00 -1.634733e+01 -7.216142e+00 1.713387e+00 -2.304694e+00
-1.785994e+01 -2.106957e+00 -5.540473e-01 5.043770e+00 1.684639e+00 1.455283e+00 -2.370634e-01 -1.362465e+00 9.196568e-01 8.965045e+00 4.447401e+00 5.715895e+00
8.915350e+00 1.170968e+01 1.064997e+01 6.337076e+00 -1.457416e+00 -6.617190e+00 7.650955e+00 -9.016105e+00 -1.223596e+01 -1.129854e+01 -4.582065e+00 -3.366999e+00
6.916848e+00 1.178988e+01 1.396723e+01 -2.473154e+00 -9.481541e+00 -2.774303e+00 5.594364e+00 -1.032996e+01 -1.128716e+01 -7.009433e+00 -8.452568e+00 -7.612820e+00
-1.650702e+01 6.164510e+00 1.039506e+00 2.426490e+00 2.403198e+00 -2.541732e+00 6.414461e-01 6.680125e+00 1.091964e+01 9.254017e+00 2.446203e+00 2.365148e+00
6.748375e+00 8.662854e+00 1.001246e+01 1.067658e+01 1.795331e+00 5.186102e-01 1.018661e+01 -1.075533e+01 -1.080251e+01 -1.158248e+01 -5.911320e+00 -1.796725e+00
-6.584024e-01 -4.440042e+00 -9.810837e+00 -3.256265e+00 9.899186e+00 4.483383e+00 -1.267073e+01 -7.800094e+00 9.127266e+00 2.156112e+00 1.318590e+00 5.563257e+00
3.516695e+00 6.271861e+00 5.019328e+00 7.281162e+00 4.529965e+00 1.849082e+00 1.092664e+01 -4.986766e+00 -9.720098e+00 -7.189591e+00 -3.409953e+00 -5.202120e+00
-3.572521e-01 -2.871487e+00 -7.085214e+00 -1.987076e-01 7.221265e+00 -9.956254e-01 -6.260690e+00 -7.441788e+00 2.002872e+00 1.134796e+00 -1.991036e+00 -2.811216e+00
-1.164320e+00 1.577792e+00 1.891381e+00 3.806325e+00 4.585604e+00 5.109439e-01 1.211716e+01 -1.322669e+00 -2.583153e+00 -2.941332e-01 -4.133385e+00 -8.556456e+00
-5.127644e+00 2.359850e+00 -3.153307e+00 6.355282e+00 7.028231e+00 6.732428e-01 6.428599e+00 3.519766e+00 3.457783e+00 2.160216e+00 1.814824e-01 9.201937e-01
-2.173570e+00 1.241338e+00 -5.048537e+00 5.169341e+00 5.282581e+00 -4.631328e+00 -1.451297e+00 -2.599304e+00 3.141253e+00 -2.001987e+00 -4.263434e+00 -5.931088e-01
3.228703e-01 9.876214e+00 9.739018e+00 -3.798468e-01 -3.457457e+00 -2.773130e-01 9.016345e+00 -7.620636e+00 -5.209020e+00 5.225599e-01 -2.850770e+00 -6.211067e+00
-1.082871e+01 1.491070e-02 2.777194e+00 -4.868636e-01 9.185600e-02 -1.802867e+00 8.217540e-01 -4.619051e+00 7.194921e+00 6.108439e+00 3.545762e+00 9.944041e-01
-6.122011e+00 6.484559e+00 -1.979163e+00 8.021781e-01 7.085265e+00 4.719434e+00 9.941645e+00 5.942349e+00 -1.134325e+00 3.369757e+00 2.577346e+00 -2.010869e+00
-3.750609e+00 4.670226e+00 1.166505e+00 2.600844e+00 1.561705e+00 2.458177e-01 5.697920e+00 8.669401e+00 6.334148e+00 2.253303e+00 3.348475e+00 7.960248e-01
-4.847545e+00 9.454630e+00 2.098022e+00 2.139628e+00 8.590984e+00 6.822088e-01 8.276045e+00 6.167895e+00 7.068875e+00 2.545872e+00 1.941796e+00 3.050046e-01
-6.208066e+00 6.271401e+00 -2.004416e+00 1.326126e+00 3.920502e+00 -4.608004e-01 7.204688e+00 4.009168e+00 1.189063e+01 1.087698e+01 -2.505766e-01 2.284078e+00
-7.789725e+00 5.656283e+00 -2.711298e+00 1.594826e+00 5.610806e+00 -4.425328e-01 1.155820e+01 5.784403e+00 8.194290e+00 8.876109e+00 3.551888e+00 1.266718e+00
-7.547679e+00 4.727545e+00 -3.621458e+00 9.086227e-02 8.098292e+00 1.920206e+00 7.212292e+00 5.535591e+00 9.615211e+00 6.592986e+00 -3.602070e-01 1.522439e+00
-8.522180e+00 4.602827e+00 -3.256963e+00 1.611215e+00 6.336878e+00 -2.010900e+00 7.702844e+00 6.544373e+00 7.489429e+00 5.586442e+00 2.540968e+00 2.113250e+00
-6.972620e+00 5.260846e+00 -1.577376e+00 1.780411e+00 7.805438e-01 -3.635662e+00 7.784352e+00 1.466061e+00 3.541285e+00 2.880381e+00 4.273464e+00 1.056853e+00
-8.857272e+00 4.376263e+00 -2.849352e+00 -1.303880e+00 -4.370914e-01 -6.171892e+00 3.342462e+00 4.928574e-01 6.869893e+00 8.222110e+00 5.689195e+00 1.446366e+00
-8.753272e+00 5.199093e+00 -3.824831e+00 -5.904904e+00 4.283361e-01 -4.135895e+00 7.061605e+00 5.923346e+00 8.241989e+00 2.864159e+00 2.922031e+00 -4.933530e-01
-9.003789e+00 4.842693e+00 1.235955e+00 -4.199450e+00 3.085224e+00 1.492363e+00 7.242103e+00 2.155784e+00 9.952194e+00 8.348137e+00 1.077443e+00 1.198688e+00
-8.220319e+00 5.686199e+00 -7.737820e-01 -7.221136e-01 8.511611e+00 1.998443e+00 1.013227e+01 8.634712e-01 6.423936e+00 7.192413e+00 3.204852e+00 4.107874e+00
-8.214190e+00 5.311542e+00 -3.914677e+00 -2.225591e+00 1.241178e+00 -4.497337e+00 7.968584e+00 4.766909e+00 3.973194e+00 2.107831e+00 1.536565e+00 -1.663747e+00
-8.229856e+00 4.575421e+00 -2.563432e+00 -3.632300e+00 5.648593e+00 -5.384309e-01 4.307221e+00 1.316667e+00 5.373330e+00 9.652981e+00 4.768983e+00 1.928841e+00
-9.675187e+00 4.496656e+00 -1.586862e+00 -4.115625e+00 2.626672e+00 -4.663561e+00 4.906796e+00 1.705251e+00 3.648368e+00 7.891546e+00 6.971947e+00 1.373913e+00
-8.846545e+00 3.841227e+00 -2.006882e+00 -1.516746e+00 4.381045e+00 -2.358636e+00 5.669964e+00 1.019004e+00 5.476200e+00 8.099254e+00 3.551783e+00 -1.514739e-01
-8.579909e+00 5.364404e+00 -5.817722e-01 -1.764290e-01 3.813532e+00 -4.180362e-01 7.558659e+00 2.902293e+00 2.142389e+00 7.111840e+00 9.048638e+00 8.868678e-01
-8.605834e+00 2.750389e+00 -4.424698e+00 -2.480497e+00 2.348590e+00 -6.153130e+00 3.202128e+00 5.314167e+00 4.972738e+00 5.742146e+00 2.695987e+00 8.276415e-01
-1.016588e+01 3.842208e+00 -2.268269e+00 -3.421916e+00 5.689585e+00 -1.715121e+00 4.233581e+00 3.099839e+00 9.479376e+00 8.963753e+00 1.082640e+01 5.138926e+00
-8.434449e+00 3.293266e+00 -1.811831e+00 4.641294e-02 5.831191e+00 7.968197e-01 1.086134e+01 1.999709e+00 8.286668e+00 6.202349e+00 1.361071e+00 5.929842e-01
-8.735227e+00 3.686788e+00 5.054444e-02 -1.199880e+00 2.993589e+00 -6.582986e+00 1.152362e+00 -1.199623e+00 2.623295e+00 5.408801e+00 6.221113e+00 -4.542373e-01
-7.709516e+00 5.244279e+00 -2.400640e+00 -2.774617e+00 4.150460e+00 -3.370715e+00 8.247396e+00 5.028959e-01 4.825589e+00 6.882844e+00 7.488837e+00 1.700543e+00
-5.148110e+00 5.993516e+00 -9.013696e-01 1.128137e+00 6.490485e+00 8.332846e-01 2.555939e+00 -3.837743e+00 1.566797e+00 3.567922e+00 6.970166e+00 3.779045e+00
-3.529848e+00 7.782522e+00 1.737918e+00 3.818957e+00 7.969708e+00 -3.901833e+00 4.107462e+00 4.815767e+00 7.306324e+00 1.925341e+00 3.444374e-02 2.207894e+00
-7.754029e+00 4.100933e+00 -4.855303e+00 -3.435467e+00 -6.321859e-02 -4.243982e-01 3.058920e+00 -5.380810e+00 6.771720e+00 5.977320e+00 1.180249e+00 -2.163418e+00
-7.605945e+00 4.335545e+00 -8.709557e-01 -3.509553e+00 2.192488e+00 -1.468380e+00 1.093771e+01 3.411108e+00 9.036900e+00 9.721341e+00 8.138017e+00 6.564057e+00
-7.512710e+00 5.746295e+00 -1.828677e+00 -5.077127e+00 2.527790e+00 -2.848884e+00 8.411113e+00 4.216074e+00 8.211192e+00 7.582954e+00 6.433142e-01 2.394644e+00
-8.417703e+00 5.038677e+00 -2.422344e+00 -2.940500e+00 5.313050e+00 -3.394104e+00 5.592147e+00 6.553653e+00 6.668302e+00 7.580044e+00 6.977842e+00 5.754406e-01
-7.868516e+00 4.380403e+00 -1.130303e+00 -2.861413e+00 2.845046e+00 -1.321866e+00 5.037018e+00 1.568069e+00 8.598740e+00 8.693708e+00 3.260433e+00 -2.641268e+00
-8.408397e+00 4.505070e+00 -2.354991e-01 5.479386e-01 6.902576e+00 -1.870873e+00 7.520365e+00 -3.660746e-01 4.019824e+00 7.908828e+00 8.342753e+00 3.703477e+00
-2.858914e+00 8.387955e+00 1.546119e+00 2.815602e+00 1.225682e+01 7.314050e-01 7.680467e+00 -1.660768e+00 3.276317e+00 3.809390e+00 1.383948e+00 3.272536e+00
-8.302381e+00 4.727602e+00 -1.451602e+00 -4.286318e+00 4.379967e+00 -5.467360e+00 7.329974e+00 4.491716e+00 6.550389e+00 7.934483e+00 1.568519e+00 1.679957e+00
-7.919459e+00 5.064519e+00 -4.308522e+00 -5.311455e+00 2.587370e+00 -9.454615e-01 7.712805e+00 -1.918017e+00 4.829388e+00 3.695666e+00 4.925943e+00 -5.001111e+00
-7.829860e+00 6.057131e+00 -2.407318e-01 -1.030651e+00 2.543892e+00 -1.625800e+00 1.119511e+01 5.133847e+00 9.391285e+00 6.783050e+00 4.136285e+00 3.002732e+00
-8.321689e+00 4.433743e+00 -4.578463e-01 -2.459203e+00 4.859437e+00 -2.442190e+00 7.767010e-01 -3.349936e+00 4.045609e+00 5.743257e+00 3.819883e+00 3.187770e+00
-1.761435e+00 7.817286e+00 1.928224e+00 8.599360e+00 1.144231e+01 4.077897e+00 1.329969e+01 -4.265459e-01 5.572331e+00 4.688022e+00 -3.760749e+00 -3.475916e-01
-8.412768e+00 3.803710e+00 -1.937098e+00 -2.688221e+00 3.215319e+00 -4.935292e+00 3.233792e+00 1.243349e+00 4.102154e+00 9.109106e+00 4.466846e+00 -2.548028e+00
-7.806746e+00 5.480565e+00 -1.467140e+00 -1.450901e+00 3.837072e+00 -5.351537e+00 8.986784e+00 6.164155e-01 5.060830e+00 6.528240e+00 4.078517e+00 3.535550e+00
-6.218180e+00 6.237672e+00 1.345964e+00 -9.543706e-01 8.465965e+00 1.425399e+00 6.943029e+00 3.137295e+00 4.209843e-01 4.101470e+00 5.025113e+00 1.623139e+00
-7.348790e+00 4.882146e+00 -7.678411e-01 -1.066346e+00 1.108773e+01 4.009647e-01 5.864810e+00 9.275876e-01 1.006822e+01 4.884666e+00 4.176677e+00 2.506709e+00
-8.055573e+00 1.915531e+00 -4.867434e+00 -2.964689e+00 2.612115e+00 -5.715766e+00 2.271122e+00 1.813375e-01 2.171515e+00 7.752298e+00 1.915188e+00 -1.878660e+00
-6.144974e+00 4.345422e+00 -5.301294e+00 -5.853081e-02 4.744017e+00 -2.671416e+00 8.109205e+00 2.252554e+00 9.257685e+00 6.858607e+00 3.068043e+00 1.063132e+00
