1.007376e+01 -1.311765e+01 -3.180589e+00 -9.699537e+00 -6.210115e+00 7.859977e+00 -1.041062e+01 -6.259582e+00 3.821145e+00 6.447079e-01 -9.540770e+00 -7.240146e+00
9.692107e+00 -1.363042e+01 -1.990879e+00 -8.575566e+00 -5.585367e+00 7.841101e+00 -1.037773e+01 -3.325060e+00 2.733209e+00 1.486339e+00 -9.218869e+00 -7.477283e+00
1.124900e+01 -1.293490e+01 -4.495701e+00 -1.139174e+01 -6.028482e+00 6.390989e+00 -1.282310e+01 -6.155962e+00 -7.877598e-01 1.975720e+00 -1.167059e+01 -7.673475e+00
1.195180e+01 -1.198201e+01 -4.577729e+00 -1.174158e+01 -6.379001e+00 6.652580e+00 -1.255291e+01 -6.611132e+00 -2.464648e+00 2.182635e+00 -8.618304e+00 -9.738342e+00
1.025337e+01 -1.008721e+01 -2.603170e+00 -1.195089e+01 -8.853441e+00 1.207021e+01 -1.302212e+01 -7.312197e+00 -5.182070e+00 5.745117e+00 -3.731753e+00 1.498468e+00
1.117619e+01 -1.085899e+01 -1.838431e+00 -1.396732e+01 -7.228082e+00 8.991432e+00 -1.017375e+01 -9.763746e+00 -2.554029e+00 5.096514e+00 -4.445020e+00 -3.771687e-02
1.269830e+01 -1.111641e+01 -5.018440e+00 -1.203956e+01 -6.301834e+00 6.425245e+00 -1.301671e+01 -7.243893e+00 -1.939776e+00 2.144068e+00 -8.540637e+00 -8.598952e+00
1.052963e+01 -1.499350e+01 -4.038382e+00 -8.031318e+00 -5.860750e+00 5.393956e+00 -1.141783e+01 -3.304402e+00 1.142785e+00 7.871287e-01 -1.207272e+01 -7.697542e+00
1.181349e+01 -1.030434e+01 -3.213948e+00 -1.286191e+01 -7.917330e+00 8.171806e+00 -9.513049e+00 -9.223562e+00 -1.181019e+00 4.097214e+00 -5.387319e+00 -3.370510e+00
1.012933e+01 -1.020492e+01 -1.306448e+00 -1.089573e+01 -7.597566e+00 1.113120e+01 -1.113764e+01 -8.501471e+00 -4.613536e+00 5.772719e+00 -3.256041e+00 3.383322e+00
1.271542e+01 -9.888865e+00 -5.823052e+00 -1.115429e+01 -9.514521e+00 8.435251e+00 -1.371067e+01 -6.636389e+00 -4.326617e+00 4.090817e+00 -9.148277e+00 -7.721283e+00
1.302693e+01 -9.806691e+00 -5.296741e+00 -1.214396e+01 -8.217005e+00 7.415705e+00 -1.213369e+01 -7.837179e+00 -3.114281e+00 4.502794e+00 -8.810407e+00 -5.129876e+00
9.070158e+00 -1.571959e+01 5.418611e-01 -1.051997e+01 -1.085452e+00 5.125299e+00 -1.289880e+01 8.778660e-01 3.695275e+00 -1.648652e+00 -1.075156e+01 -9.571339e+00
1.147929e+01 -1.358203e+01 -8.163601e+00 -5.875346e+00 -3.672255e+00 1.032793e+00 -7.543810e+00 -2.231227e+00 7.604946e-01 1.814611e+00 -1.120093e+01 -1.005578e+01
1.185109e+01 -9.425918e+00 -5.613619e-01 -1.177611e+01 -9.330957e+00 1.087751e+01 -9.061709e+00 -1.151176e+01 -5.889702e+00 4.418377e+00 -3.282479e+00 4.240509e+00
1.360445e+01 -6.901775e+00 -1.070508e+00 -1.138849e+01 -1.366623e+01 1.082590e+01 -9.628140e+00 -1.028331e+01 -5.174928e+00 2.994781e+00 -4.117979e+00 3.699946e+00
1.147819e+01 -1.250880e+01 -2.075646e+00 -1.063817e+01 -4.998901e+00 6.420499e+00 -1.366963e+01 1.099946e-01 2.352057e+00 -2.199278e+00 -1.138323e+01 -1.024544e+01
1.464499e+01 -5.632716e+00 -2.208739e+00 -1.080978e+01 -1.561824e+01 1.006211e+01 -7.305328e+00 -1.204725e+01 -6.085924e+00 2.426697e+00 -5.885246e+00 6.636146e+00
1.568703e+01 -6.709017e+00 9.617077e-01 -1.315071e+01 -1.387610e+01 9.249815e+00 -4.290899e+00 -1.325747e+01 -4.134612e+00 -1.291012e+00 -4.084820e+00 7.041337e+00
1.514970e+01 -5.342757e+00 6.524184e-01 -1.219862e+01 -1.606414e+01 1.136254e+01 -4.345213e+00 -1.257191e+01 -3.647904e+00 -2.543391e+00 -3.663405e+00 8.704698e+00
1.721268e+01 -6.433325e-01 -3.846643e-01 -1.407405e+01 -1.504045e+01 5.105484e+00 -9.026351e-01 -1.386847e+01 -9.507997e-01 -4.826312e+00 -6.058184e+00 7.286643e+00
1.536707e+01 -7.120144e-01 6.286753e-01 -1.596971e+01 -1.664545e+01 6.351367e+00 -6.201558e-01 -1.211072e+01 2.562579e-02 -7.723360e+00 -8.943955e+00 7.788530e+00
-1.479592e+00 -2.349939e+01 1.280943e+00 -9.575894e+00 -1.155787e-01 6.995752e+00 -8.318858e+00 4.620499e+00 9.959181e+00 -2.327287e+00 -5.592647e+00 -1.014975e+01
7.012925e+00 -1.460861e+01 1.585861e+00 -5.115295e+00 3.079174e+00 3.821651e+00 -7.282369e+00 4.817702e-01 3.623880e+00 -1.866333e+00 -8.467709e+00 -6.200219e+00
1.422117e+01 4.474170e+00 1.012887e+00 -1.292696e+01 -1.354233e+01 5.073714e-01 9.315698e-01 -9.823011e+00 -7.282172e-02 -8.641082e+00 -1.289239e+01 2.174218e-01
1.527251e+01 5.622663e+00 1.675077e+00 -1.411305e+01 -1.609832e+01 3.453739e+00 4.375981e+00 -9.022839e+00 3.245003e+00 -8.843339e+00 -1.413914e+01 3.368360e+00
1.566147e+01 1.444122e+01 7.761106e-01 -1.181302e+01 -1.374089e+01 -5.971482e+00 1.325562e+00 -6.016282e+00 -2.361291e+00 -1.015125e+01 -1.389943e+01 -3.786944e+00
-1.151075e+01 -1.034923e+01 -3.533138e+00 -3.893628e-01 2.020812e-01 1.215147e+00 7.068714e+00 -5.252059e+00 8.009899e+00 5.154836e+00 -1.046799e+01 -2.986416e+00
1.359671e+01 1.597687e+01 3.129654e+00 -9.826773e+00 -1.186568e+01 -4.323509e+00 2.134627e+00 -3.409779e+00 -1.515867e+00 -9.697183e+00 -1.117891e+01 -3.058481e+00
8.509642e+00 7.436906e+00 6.055984e+00 4.124332e+00 3.115317e+00 3.000084e+00 2.806214e+00 -4.044369e+00 -3.383713e+00 -1.083476e+01 -7.770789e+00 -8.059839e+00
-7.527063e+00 1.110363e+00 1.265808e+01 1.787725e+00 6.423411e+00 3.223850e+00 8.935715e+00 7.755619e+00 -7.177957e+00 -4.650986e+00 1.077555e+01 -3.743798e+00
-1.269359e+01 -7.285695e+00 7.447964e+00 1.390096e+01 -4.532910e+00 2.338376e+00 -4.423680e+00 5.776729e+00 5.619624e+00 -2.866337e+00 5.071929e+00 1.917256e+00
-6.370864e+00 1.162181e-01 6.834041e+00 -1.768442e+00 3.545832e+00 -2.508559e-01 9.581230e+00 5.114544e+00 -9.380073e+00 -5.654100e+00 1.000964e+01 -2.629580e+00
-1.205234e+01 -4.231861e+00 5.007634e+00 7.776178e+00 -1.653684e+00 1.508923e-01 3.395647e+00 -1.175469e+00 9.235618e+00 2.813329e+00 -1.636188e+00 1.813458e+00
-1.136631e+01 4.323109e+00 -1.005997e+00 1.092292e+01 -1.398366e+00 -3.824571e+00 -6.068649e-01 5.262372e+00 -3.429202e+00 1.860600e+00 2.848723e+00 5.120855e+00
-1.209338e+01 3.903348e+00 -2.813263e-01 8.466526e+00 2.129590e+00 -1.791205e+00 3.811174e+00 3.031296e+00 1.505304e+00 1.422968e+00 2.615982e+00 2.652110e+00
5.807568e+00 7.884124e+00 5.223994e-01 2.767785e+00 4.254511e+00 -2.976686e+00 8.785904e+00 -1.259262e+00 -3.055312e+00 -4.878675e+00 -5.545991e+00 -2.009089e+00
-1.296333e+01 7.675850e-01 1.074195e-01 1.150643e+01 3.908776e+00 -8.747320e+00 4.883216e+00 2.287237e+00 2.697961e+00 7.079609e+00 3.260894e+00 -2.272752e+00
-9.521646e+00 6.805567e+00 -1.784304e+00 8.494921e+00 1.611082e+00 -5.591099e+00 2.237434e-01 8.173416e+00 9.217594e-01 2.813525e+00 1.508755e+00 8.735127e-01
-9.569035e-01 5.136682e-01 -3.685135e+00 4.823563e+00 4.992795e+00 -2.678353e+00 7.840812e+00 8.557745e-01 -8.417717e+00 -1.051750e+00 -1.003095e+00 -1.071714e+00
-5.146449e+00 3.167387e+00 -1.792021e-01 2.236341e+00 1.498346e-01 -3.209491e+00 -6.490347e+00 5.067433e+00 2.863725e-01 -2.971925e+00 1.169236e+01 3.850746e-02
-8.097572e-01 2.971300e+00 -5.680741e+00 2.383536e+00 3.326832e+00 -4.118704e+00 5.734939e+00 -1.343564e+00 -5.568763e+00 -3.858401e+00 7.821617e+00 8.606352e+00
-6.765108e+00 2.044239e+00 -2.486502e+00 2.378514e+00 3.639973e+00 -1.066592e+01 4.319775e+00 3.669952e+00 -2.412317e+00 -3.068095e-01 3.819598e+00 4.456867e+00
-5.272306e+00 7.138048e+00 -4.745269e-02 6.396656e+00 5.937310e+00 4.453039e-02 6.083797e+00 5.809023e+00 -2.306248e+00 -3.040385e+00 1.531208e+00 1.014552e+00
-6.294436e+00 8.039011e+00 -2.421741e-01 9.688585e+00 5.698030e+00 -1.550601e+00 2.191494e+00 2.308472e+00 -1.916009e+00 -6.051320e-01 3.432981e+00 2.221272e+00
-5.303588e+00 5.676348e+00 -1.158395e+00 6.555829e+00 7.184868e+00 9.871845e-01 6.405323e+00 2.686731e+00 -1.165391e+00 -1.536230e+00 3.853015e+00 3.817560e+00
-2.650327e+00 8.081967e+00 -4.233016e-01 6.994291e+00 1.027800e+01 -1.639838e-01 7.869262e+00 7.478653e+00 1.588439e-01 8.384359e-01 4.927735e+00 4.530184e+00
3.834248e-01 8.755293e+00 3.010594e+00 1.013742e+01 1.038439e+01 -1.002386e+00 6.194415e+00 1.847830e+00 -6.216278e+00 -6.409050e+00 5.277757e+00 -6.104329e-01
-6.424369e+00 6.950007e+00 2.191510e+00 9.035804e+00 6.246644e+00 -4.465169e+00 6.054931e+00 6.708420e+00 1.911306e+00 3.813413e+00 8.253920e-01 1.839073e-01
-8.952429e+00 -8.407755e-01 1.308629e+00 7.591143e+00 2.410289e+00 -9.144460e+00 4.715405e+00 -1.177632e+00 3.005689e+00 2.027995e+00 -1.983823e+00 9.304032e-01
-4.386051e+00 9.394553e+00 3.039274e+00 8.600282e+00 1.197511e+01 2.182392e+00 7.917037e+00 5.112431e+00 8.392882e-01 -3.000448e-01 4.340665e+00 -1.472149e+00
-7.282829e-01 8.822330e+00 2.848126e+00 8.081017e+00 9.314995e+00 -2.290944e+00 8.454403e+00 5.078140e+00 1.793540e+00 -6.583923e-01 6.531846e+00 8.817751e-01
-7.888895e+00 5.401532e+00 -8.622921e-02 6.848680e+00 2.809123e+00 -5.605564e+00 3.288787e+00 4.832599e+00 2.435721e+00 -1.938998e+00 5.134822e+00 1.939920e+00
-8.545485e+00 4.662072e+00 -9.556199e-01 6.700673e+00 5.005376e+00 -3.479959e+00 7.182041e+00 7.848663e+00 1.646267e+00 -4.018246e-01 1.971775e+00 1.904589e+00
-3.889615e+00 8.212256e+00 3.619742e-02 4.338994e+00 7.462967e+00 1.713395e-01 5.899585e+00 7.531837e+00 -4.867844e-01 2.458516e+00 7.452879e+00 3.205974e+00
-9.332581e+00 3.384003e+00 -1.461140e+00 6.624488e+00 6.569777e+00 -4.570513e+00 3.869897e+00 4.885249e+00 5.100308e+00 6.567659e-01 6.718021e+00 3.919345e+00
-7.899240e+00 4.764977e+00 1.361728e-01 7.730612e+00 6.622038e+00 -8.047630e+00 5.002718e-01 3.933771e+00 4.590574e+00 4.467216e+00 7.248753e+00 -2.067223e-01
-6.275189e+00 6.068913e+00 4.272600e-01 6.673410e+00 5.687971e+00 -1.233214e+00 6.343734e+00 5.583558e+00 -2.268333e+00 -4.730213e+00 4.027673e+00 5.917718e+00
-9.856325e+00 7.265172e-01 1.377647e+00 7.025301e+00 6.900809e+00 -7.042654e+00 1.686665e+00 -4.589632e-01 5.570984e+00 9.541189e+00 9.714933e+00 1.693713e+00
-8.707514e+00 3.266962e+00 1.511806e-01 -8.484039e-01 -3.196033e+00 -1.225297e+01 -2.748292e+00 3.265693e-01 -2.243657e+00 -3.238522e+00 7.465605e+00 1.927279e+00
-4.839583e+00 1.124089e+01 8.951176e+00 1.012099e+01 8.089328e+00 1.560360e+00 7.675931e+00 4.757283e+00 9.209181e-01 2.756651e+00 2.825911e+00 -4.389409e+00
-9.823156e+00 5.361512e-01 -1.263654e+00 6.290910e+00 4.932560e+00 -7.328524e+00 3.028854e+00 2.058024e+00 1.773659e+00 3.960291e+00 7.134050e+00 3.145892e+00
-7.487080e+00 5.773555e+00 2.841719e+00 9.045921e+00 6.560085e+00 1.405368e+00 3.369064e+00 5.207964e-01 3.132253e+00 2.586110e+00 5.609713e+00 1.302536e+00
-7.790245e+00 5.426778e+00 -4.440653e-01 2.787212e+00 2.565236e+00 -8.887379e+00 1.850988e+00 4.240367e+00 2.702976e+00 -9.895395e-01 5.315376e+00 3.703969e+00
-7.645693e+00 3.682026e+00 -7.593449e-01 4.761973e+00 4.873510e+00 -9.996426e+00 1.771225e+00 4.124552e+00 -2.075606e+00 -3.621552e+00 7.560980e+00 2.524790e+00
-7.647228e+00 4.140302e+00 -1.307734e+00 4.943451e+00 5.651276e+00 -3.858822e+00 2.192659e+00 5.509347e-01 2.147288e+00 -6.381636e-01 5.246703e+00 -2.303537e+00
-9.167147e+00 4.328888e+00 2.750682e-01 7.183774e+00 6.578587e+00 -8.482166e+00 2.700630e+00 4.394279e+00 1.133945e+00 2.066816e+00 5.835056e+00 5.149614e+00
-7.793955e+00 4.204370e+00 -2.196814e+00 3.184870e+00 2.712574e+00 -5.705583e+00 2.515265e+00 1.747450e+00 4.238168e+00 3.757198e+00 6.467100e+00 1.280033e+00
-3.531633e+00 9.485058e+00 1.335046e+00 5.426329e+00 1.006520e+01 -1.104861e+00 1.024229e+01 6.499395e+00 -3.977750e+00 2.661889e+00 6.877049e+00 -7.935114e-01
-7.640173e+00 4.824199e+00 -3.169800e-01 5.896344e+00 4.429305e+00 -7.851306e+00 3.443127e+00 8.137388e+00 3.060529e+00 4.660680e-01 6.850161e+00 1.220707e+00
-7.939653e+00 3.306335e+00 -1.939612e+00 4.293822e+00 6.600529e+00 -9.337106e-01 5.286880e+00 5.263174e+00 1.003934e+00 2.145657e+00 8.398129e+00 2.451715e+00
-5.003179e+00 7.949426e+00 2.513665e+00 7.574661e+00 7.966170e+00 -1.090769e+00 5.048654e+00 9.560129e+00 4.003660e+00 2.200449e+00 3.403893e+00 -8.237286e-01
-8.246078e+00 3.678289e+00 -2.008724e-01 2.934152e+00 4.479774e+00 -4.003943e+00 -5.114908e-01 4.233661e+00 1.928550e+00 2.800046e+00 8.460198e+00 2.774111e+00
-6.959686e+00 5.773209e+00 2.743673e+00 5.536663e+00 3.467010e+00 -6.507290e+00 2.010636e+00 7.028285e+00 4.250824e+00 2.228406e+00 4.411712e+00 5.791330e-02
-8.059958e+00 3.466755e+00 2.385900e-01 8.770979e+00 6.373450e+00 -5.262730e+00 3.560448e+00 4.751220e+00 6.372604e+00 2.868765e+00 2.794345e+00 9.474804e-01
-8.350576e+00 4.400247e+00 1.736439e+00 6.646232e+00 6.876084e+00 -3.920809e+00 9.445925e+00 7.225533e+00 5.872071e-01 1.698062e-01 6.677711e+00 9.289279e-01
-4.339849e+00 6.969594e+00 1.491153e+00 7.007135e+00 7.959697e+00 -2.713165e-01 8.326942e+00 1.461997e+00 -3.949857e+00 -3.208443e+00 3.672668e+00 1.709605e+00
-7.558483e+00 3.749498e+00 2.205370e+00 7.255166e+00 3.868615e+00 -7.521855e+00 4.467996e+00 6.452930e+00 2.856382e+00 4.039278e-01 7.515813e+00 4.855022e+00
-7.832304e+00 3.080323e+00 -4.494435e-01 6.978086e+00 6.919580e+00 -6.524051e+00 3.188656e+00 4.976075e+00 -1.372060e+00 3.947987e+00 1.345392e+01 5.640948e+00
