4.008903e+00 2.124160e+00 2.391686e+00 -1.741682e+00 -1.660785e+00 -2.553833e+00 -9.858403e-01 1.240791e+00 -1.505132e+00 -1.527983e+00 1.568891e+00 -5.322116e-01
4.627152e+00 -3.888438e-01 8.579704e-01 2.860468e-01 -2.663935e+00 -2.771389e+00 2.894396e-01 1.628917e+00 -8.609029e-01 4.465480e-01 6.197682e-01 -9.642561e-01
2.572348e+00 3.558055e+00 3.241662e+00 -2.483454e+00 -5.778261e-01 -1.574493e+00 -8.731335e-01 2.736372e-01 -2.880738e+00 -4.089738e+00 6.643714e-01 -1.394463e+00
3.790031e+00 -2.053098e+00 -6.674474e-01 2.315228e+00 -2.409513e+00 -1.666483e+00 2.650399e-01 1.032254e+00 -2.052970e-01 1.618846e+00 -5.446742e-01 -2.463170e+00
-9.079262e-01 -3.440947e+00 -3.458841e+00 -1.528946e+00 4.652739e-02 4.887071e+00 -2.751188e+00 1.360858e+00 3.508985e+00 -1.454336e+00 6.240213e-01 -9.780580e-01
-7.038749e-01 -2.676706e+00 -4.023084e+00 1.562808e-01 8.006759e-01 3.513255e+00 5.746277e-01 -3.691618e-01 2.663121e+00 -4.743102e-01 4.863505e-02 -1.653867e-01
-8.465599e-01 -3.161381e+00 -2.222346e+00 -2.064783e+00 -4.804344e-02 3.672435e+00 -4.641345e+00 1.652095e+00 3.733965e+00 -1.361852e+00 -4.011717e-01 -2.284296e-01
2.504153e+00 -3.066691e+00 -2.023114e+00 3.295763e+00 -1.823187e+00 -5.309409e-01 6.847172e-01 7.526473e-01 8.043274e-01 8.185161e-01 -1.134531e+00 -2.579873e+00
1.687338e+00 1.278050e+00 2.244719e+00 -1.026273e-02 -1.299368e+00 -1.471389e+00 1.020423e+00 1.458846e-01 -3.313400e+00 -2.987213e+00 4.364757e-01 -1.567362e+00
-4.928082e-01 -2.091294e+00 5.981587e-01 -6.665926e-02 8.992783e-01 8.121967e-01 -1.485954e+00 -8.088154e-01 8.562002e-01 -6.662846e-04 5.573565e-01 7.906253e-01
-1.688328e+00 3.093462e+00 5.262513e-02 -1.230130e-02 -4.194603e-02 5.084600e-01 -4.602542e-01 3.915721e+00 1.824441e-01 -2.372520e-01 6.704788e-01 -2.019620e+00
-7.017511e-01 -2.193718e+00 -7.722495e-01 -1.811087e+00 -1.122882e-01 2.106335e+00 -5.223197e+00 5.473247e-01 3.943081e+00 -1.736572e+00 -1.117862e+00 4.722837e-01
8.222103e-02 -2.097195e+00 2.423464e-01 -1.688774e+00 1.793263e-01 7.091883e-01 -1.372485e+00 -2.245826e-01 9.214311e-01 8.985397e-01 1.141590e+00 -9.086997e-01
-5.181168e-01 -1.599227e+00 8.327694e-01 1.856913e-01 4.024877e-01 1.827683e-02 -4.146938e-01 6.138171e-01 -5.156710e-01 -9.029045e-01 1.729691e-01 3.840675e-01
-6.583829e-01 -1.577631e+00 -2.216374e+00 6.643488e-01 1.690021e+00 1.156246e+00 3.549398e+00 -2.515176e+00 1.099602e+00 4.175336e-01 -9.918518e-01 1.247969e+00
5.874586e-03 -1.385357e+00 -6.038600e-01 -2.004083e-01 1.879194e-01 6.087245e-01 -1.471357e+00 -3.913297e-01 2.671877e+00 -1.088219e+00 -1.297763e+00 -8.876044e-01
-2.586993e-01 -8.696278e-01 5.553527e-01 1.935212e-01 2.385273e-01 -5.874611e-01 -4.701789e-01 -5.874176e-01 -1.376367e+00 -1.548708e+00 -1.100617e+00 2.318386e-02
6.126496e-01 -1.610465e+00 -6.539767e-01 -2.687183e+00 -6.181126e-01 1.626591e+00 -1.637900e-01 6.852565e-01 1.538939e+00 2.962806e+00 6.762286e-01 -8.338712e-01
3.352948e-02 -1.096347e+00 -9.811615e-01 3.402279e-01 1.128488e+00 1.696116e-01 1.841474e+00 -2.970917e+00 2.479783e-01 1.049071e+00 -1.745754e+00 2.683576e+00
1.386863e-01 3.566217e-01 1.097376e-01 1.050066e+00 -1.296200e-01 -1.174696e+00 -6.056062e-01 -1.748180e+00 -1.032529e+00 -1.014893e+00 -1.222479e+00 -1.653376e+00
-2.744064e-02 1.525494e-01 -1.185534e-01 7.448212e-01 -3.058644e-01 -1.948597e+00 -9.579111e-01 -1.980848e+00 -1.140936e+00 -1.289569e+00 -1.370594e+00 -6.553206e-01
5.049958e-01 -6.116749e-01 3.185279e-01 -2.579165e-01 -1.023025e+00 -8.245655e-01 -7.294771e-01 -1.749148e-01 1.197307e+00 1.975696e+00 -9.338912e-01 -3.991651e-03
2.576132e-02 -4.255120e-01 -1.086252e+00 4.119419e-01 -2.714811e-01 1.089135e-01 -3.343189e-01 -2.804413e-02 1.299195e+00 2.128913e+00 -1.078132e-01 -7.632585e-01
-6.696011e-01 -7.284890e-01 -1.271790e+00 -2.083146e-01 -1.471076e-01 -6.748215e-01 -1.381048e+00 -9.300798e-01 1.342611e-01 9.483898e-01 -1.182145e+00 -3.025073e-01
-4.239648e-01 -9.227898e-01 -1.999931e+00 -5.577364e-01 -4.245993e-01 -9.897022e-01 -1.612210e+00 -2.195155e+00 -9.252213e-01 -1.664323e+00 -2.721552e+00 -1.243139e+00
1.036654e-01 -5.219026e-02 1.248482e-01 1.320540e+00 7.024678e-01 -1.211939e+00 -9.401398e-01 -1.204598e+00 -1.685274e-01 -1.220346e+00 -2.268873e+00 -2.247485e+00
5.226686e-02 -5.965719e-01 -4.112754e-01 -3.207594e-01 7.119988e-01 5.267116e-01 5.735465e-01 -2.405933e+00 -2.582621e-01 9.861287e-01 -7.106453e-01 1.236891e+00
-2.602243e-01 -2.150750e-01 -3.120785e-01 -6.634731e-01 -3.585480e-01 5.566825e-01 4.104935e-01 7.120889e-01 -1.128374e+00 -2.667693e-01 2.714514e-01 -3.723965e-01
-2.080385e-01 -3.831817e-01 -5.133269e-01 -6.563326e-01 1.436978e-01 1.870399e+00 9.037819e-01 -6.801081e-03 1.098714e+00 2.179812e+00 1.805705e+00 1.584000e+00
4.046552e-01 1.495251e+00 -1.333242e+00 -2.717411e-01 5.573115e-02 -5.355824e-01 1.354073e+00 3.503565e+00 -2.795381e-01 -1.692376e+00 -9.201867e-01 -1.014055e+00
3.576198e-01 2.339774e-01 -2.331351e-01 4.390424e-01 -1.221373e+00 -1.398757e+00 -1.152363e+00 -1.189684e+00 1.717843e-01 7.108323e-01 -2.750121e-01 -6.690170e-01
1.265101e-01 -8.390641e-03 9.666204e-01 1.502584e+00 -2.178302e-01 -9.410616e-01 -9.307270e-02 2.100842e-01 -2.456036e-01 7.030416e-01 -1.382766e+00 6.048818e-02
-5.745232e-02 -3.095437e-01 -1.254241e-01 -5.460457e-01 3.593750e-02 1.239165e+00 -4.246221e-01 -1.706758e+00 1.921987e-01 -1.051665e-01 5.681070e-01 -3.931183e-01
1.690681e-01 -9.301205e-02 4.582496e-01 -9.740825e-01 8.392127e-01 6.128041e-01 -3.454004e-01 -5.136212e-01 6.881664e-01 2.854222e-01 7.838454e-02 7.460458e-01
-1.682053e+00 3.057768e+00 2.265432e+00 1.881399e+00 1.910377e+00 1.125656e+00 1.122890e+00 2.823912e+00 9.173256e-01 2.192921e+00 3.466518e+00 -9.428365e-01
-7.160676e-02 -2.107744e-02 3.275872e-01 -8.541371e-01 5.911762e-01 5.247978e-01 -1.351128e-01 -8.915102e-01 3.551324e-01 -9.453411e-02 9.745104e-01 -4.623756e-01
-2.345190e-01 2.417388e-01 1.494151e+00 2.032157e+00 9.200422e-01 -8.399935e-01 -1.144274e+00 -2.400448e+00 -1.992112e+00 -1.360430e+00 -9.554268e-01 -3.803801e-01
1.355067e-01 1.900368e-01 1.295428e-01 -1.171506e+00 1.124319e+00 4.529343e-01 -2.274399e-01 -8.196457e-01 1.082619e+00 4.901206e-01 -5.153345e-01 1.357569e+00
-2.383752e-02 4.592361e-02 -1.298228e-01 -6.839620e-01 3.792166e-01 9.059349e-01 -3.403381e-01 -1.277097e+00 4.045757e-01 -3.616887e-01 1.195889e+00 -7.899353e-01
-4.905929e-01 1.257853e-01 2.489695e+00 -9.424276e-01 -1.304623e+00 2.031366e+00 -1.343804e+00 5.892168e-01 -2.725714e+00 -1.383103e+00 6.586271e-01 -1.393530e+00
-3.633491e-01 -1.338646e-01 8.391964e-01 2.465324e+00 8.604738e-01 -6.315151e-01 -9.163909e-01 7.448563e-01 3.667140e+00 2.306541e+00 1.052568e+00 -4.422333e-02
-4.850799e-01 -2.120888e-01 6.500885e-01 9.721818e-02 -4.040431e-01 3.568311e-01 3.643333e-01 -1.527949e+00 -1.098398e+00 5.094495e-01 -4.279029e-01 5.307157e-02
-5.340295e-02 4.033996e-01 -4.388017e-01 3.690293e-02 2.449261e-01 -2.483687e-01 3.196840e-01 -9.645262e-02 1.580891e-01 7.094561e-01 -3.613343e-01 5.671794e-01
1.612124e-01 3.941911e-01 -6.051895e-01 6.014695e-01 -3.849067e-01 6.858228e-01 -3.183297e-01 1.941450e-01 5.546142e-01 1.163547e-01 8.459268e-02 4.593315e-01
-4.883143e-01 1.030607e-02 9.068190e-01 7.282932e-01 -9.378884e-01 -7.928766e-01 5.161619e-02 1.928380e+00 -6.852303e-02 -5.629930e-01 -6.565495e-02 1.464123e-01
-7.902773e-01 2.757745e-01 2.390823e+00 -5.974638e-01 -1.509184e+00 9.998169e-01 -2.778330e-01 -4.957801e-01 -1.783653e+00 -1.473728e+00 5.098394e-01 -1.239489e+00
3.515259e-01 9.499530e-01 8.918324e-01 1.343682e+00 -7.006386e-01 -8.332607e-01 -7.802349e-01 -2.179045e-01 4.649830e-02 1.276005e+00 1.642514e+00 -4.331141e-01
-1.654026e-01 4.950462e-01 1.619990e+00 2.701103e+00 9.378062e-01 -8.429747e-01 -6.412948e-01 -1.717912e+00 -7.665555e-01 -1.821495e-01 -9.928381e-01 4.975580e-01
-2.223862e-01 -6.756839e-01 2.037147e-01 4.856085e-01 7.679306e-01 -2.651723e-01 -8.081707e-01 -6.559755e-01 9.842472e-01 1.499261e+00 1.382967e+00 3.550404e-01
2.389304e-01 2.922273e-01 -2.953631e-01 -3.766854e-01 2.082526e-01 6.763210e-01 5.964193e-02 -1.000957e+00 1.366578e+00 9.516430e-02 -3.621355e-01 1.146725e+00
1.829600e-01 8.576326e-01 2.108881e+00 -8.559277e-02 -5.096678e-01 -5.706481e-01 5.697753e-01 -1.125559e+00 -2.132289e+00 -1.281682e+00 -8.596718e-01 -1.230674e+00
-2.030937e-01 -1.321507e-01 8.529161e-01 3.729050e-01 6.098781e-01 1.557816e+00 1.132886e+00 1.832960e+00 8.817662e-01 -3.297004e-01 9.016162e-01 -2.062897e-01
1.972788e-01 5.070086e-01 -7.787934e-01 2.622967e-01 -2.569019e-01 6.169783e-01 3.205147e-02 -8.120887e-01 1.121000e+00 1.788931e-01 -2.480488e-01 5.157349e-01
1.824160e-01 4.961507e-01 -8.843335e-01 7.818252e-01 -8.199690e-01 6.567898e-01 -1.248486e-01 -4.566798e-01 9.499811e-01 -2.870919e-01 3.676648e-02 3.524674e-01
-5.272055e-01 -1.158120e-01 6.319185e-02 -7.833563e-01 1.197871e-01 1.815964e+00 1.340403e+00 1.116933e+00 5.041153e-01 -2.723487e-01 9.256684e-01 1.567959e+00
-5.578943e-01 2.785592e-01 7.165473e-01 5.772159e-01 -1.135833e+00 -3.125881e-01 -3.969625e-01 1.852834e+00 -1.077127e-01 -6.405177e-01 1.503993e-01 -5.107362e-01
8.361588e-02 3.626673e-01 -3.913679e-01 3.827610e-02 7.589255e-02 -5.865011e-01 8.602445e-01 -1.777323e-01 5.890655e-03 7.116132e-01 -1.582246e-01 1.335045e-01
3.907469e-01 3.199383e-01 -4.033421e-01 -8.552070e-01 -5.165204e-01 1.641319e-01 5.837335e-02 1.005806e+00 -1.661806e-01 -1.459563e+00 2.680636e-01 -1.441901e+00
-3.495162e-01 6.027193e-02 8.415157e-01 4.516850e-01 -1.044512e+00 -1.242599e+00 8.595088e-01 1.840516e+00 -1.006769e+00 -1.667806e-01 -2.755000e-01 5.999305e-01
1.288649e-01 7.223289e-02 6.358143e-01 3.545711e-01 5.899943e-01 4.794986e-01 -1.096206e-01 -2.017536e-02 -1.353022e-01 -1.568909e+00 -1.537639e+00 -1.119164e+00
2.214892e-01 2.618885e-03 1.311893e-01 3.726954e-02 3.810439e-02 -7.034658e-01 7.721483e-01 -1.655565e-01 3.877920e-01 3.890892e-01 5.520898e-01 -7.640392e-01
1.538884e-01 -6.840162e-02 1.963659e-01 5.261735e-01 -4.155477e-01 -8.371140e-01 7.471176e-01 -5.597912e-01 9.002553e-01 -2.538572e-01 3.540265e-01 -4.264213e-01
7.068908e-01 5.074334e-01 3.459163e-01 -1.040714e-01 -1.022184e+00 -1.132041e-01 -1.737901e+00 -4.768921e-01 9.470679e-01 -2.015373e+00 -3.823416e+00 -1.112205e+00
-8.288282e-01 -3.425552e-01 -2.733353e-01 2.055860e+00 3.671267e-01 -1.151308e+00 -1.473501e+00 4.284135e-01 3.763685e+00 2.271729e+00 -3.909009e-01 -1.169965e+00
-3.983834e-01 3.794451e-01 1.651369e-01 8.651496e-01 -1.066409e+00 -8.044754e-01 4.839118e-01 6.482977e-01 -3.876400e-03 -2.545114e-01 -7.403792e-01 4.046384e-01
1.457626e-01 -3.581524e-02 2.044316e-01 5.676363e-01 -3.043695e-01 -8.957402e-01 5.226881e-01 -4.650259e-02 4.204925e-01 -2.262243e-01 -5.232858e-03 -8.415656e-02
-2.696015e-01 8.892326e-02 4.252662e-01 3.473537e-01 -3.111769e-01 -1.220330e+00 5.357978e-01 3.712591e-01 7.836724e-03 -4.309091e-01 -2.256920e-01 1.221903e-01
-2.693856e-01 -9.843139e-02 1.203563e+00 1.204126e-01 -1.092728e+00 -1.209728e+00 2.762245e-01 3.506833e+00 -2.654299e+00 2.632076e-01 8.914914e-02 8.420199e-01
-1.012392e-01 1.000133e-01 1.104464e+00 3.485902e-01 -1.815621e+00 -7.283291e-01 1.695313e-01 3.704903e+00 -2.923869e+00 -1.543989e-02 8.839810e-01 3.637684e-01
-1.160369e-01 2.682809e-01 1.149424e+00 1.828565e-01 -2.288912e+00 -6.449457e-01 2.031093e-01 2.934576e+00 -2.319069e+00 -1.016252e+00 1.827634e+00 -6.231103e-01
-4.538963e-02 3.758731e-01 1.668940e+00 -6.474136e-01 -1.653108e+00 -1.047189e+00 1.333538e+00 1.472776e+00 -1.657895e+00 -7.274040e-01 1.976585e+00 -8.389872e-01
3.783461e-01 4.053543e-01 -2.532327e-01 -7.914190e-01 2.307831e-02 -3.698744e-01 -1.240729e+00 -5.190195e-01 -9.130722e-01 -2.154187e+00 -3.069379e+00 -8.352796e-01
2.315572e-01 1.988936e-03 -9.501942e-01 3.000398e-02 1.351148e-01 1.912667e+00 3.689480e-01 -4.747085e-01 3.187554e-01 -6.119898e-01 -2.176240e+00 2.040730e-01
8.823530e-01 1.321469e+00 -1.414938e+00 -2.179377e-01 -1.533730e-01 -1.545612e-01 7.735186e-01 2.169559e+00 5.101000e-01 -1.299060e+00 -7.181966e-01 7.373763e-01
-5.606834e-01 5.572761e-01 2.334939e+00 -7.182029e-01 -1.353591e+00 -2.396878e-01 1.367775e+00 -9.397064e-01 -1.346774e+00 -1.975838e-01 6.194685e-01 -8.410637e-01
1.412938e-01 1.234875e-01 6.591469e-02 -4.362056e-01 6.677774e-01 -1.251098e-01 -1.830813e+00 -9.121250e-01 -2.734507e-01 -1.090153e+00 -1.376737e+00 7.710008e-02
-1.726398e-02 2.275416e-01 -1.836627e-01 -2.390478e-01 -6.815068e-01 1.073548e+00 2.712774e-01 -2.341685e+00 -1.175201e+00 -7.889253e-01 -1.624301e+00 -6.670808e-01
5.836892e-01 5.578390e-01 -2.368051e-01 -7.534015e-01 -1.214907e+00 1.080050e+00 2.915287e-03 -2.068321e+00 -2.955216e-01 -1.681927e+00 -1.077941e+00 -1.191461e-01
6.627408e-01 3.944456e-01 -9.330724e-01 -3.161062e-01 -3.540727e-01 6.712462e-01 -3.384817e-01 -4.724719e-01 3.824449e-01 -2.073819e+00 -8.368117e-01 -3.346830e-01
8.977671e-02 1.393317e+00 6.508828e-01 -3.510946e-01 -9.478453e-01 -8.341384e-01 7.363878e-01 1.211384e+00 -1.559528e-01 8.942642e-02 7.675637e-01 7.370663e-01
-6.622708e-01 4.134488e-01 -7.693583e-01 6.840021e-01 1.527886e-02 -8.311808e-04 9.801553e-01 1.258797e+00 -1.647426e-01 -1.028525e+00 -1.370583e+00 -7.598374e-01
5.345914e-02 6.781648e-01 1.880692e+00 -1.033194e+00 -1.703533e+00 -1.141230e+00 2.961267e+00 -1.062046e+00 -5.530493e-01 -5.228699e-01 1.567929e+00 -4.542874e-01
-1.175282e-01 8.224812e-01 1.901596e+00 -7.199208e-01 -1.561581e+00 -1.170870e+00 2.878460e+00 -1.497414e+00 -9.318253e-01 2.017802e-01 6.484515e-01 -2.921425e-01
6.734190e-02 -7.687912e-02 -1.025755e+00 3.760908e-01 1.231279e+00 2.979765e+00 1.988074e+00 -1.766790e+00 -1.275930e-01 1.871414e+00 4.876623e-01 8.788395e-01
-8.957788e-01 4.302093e-01 -1.927183e-01 6.852344e-02 -5.272623e-01 9.497005e-01 6.147490e-01 -1.194644e+00 -1.309339e+00 -3.740739e-01 -1.751873e+00 -5.564745e-01
4.805621e-01 -4.263039e-02 2.198756e+00 -9.643952e-01 -5.289696e-01 2.376219e+00 -1.577792e+00 1.097965e+00 -2.970487e+00 -9.504766e-01 2.232563e-01 2.590151e-01
1.977613e-01 8.433809e-01 -1.057507e+00 9.239953e-01 7.405947e-01 -7.893718e-01 4.970770e-01 1.659063e+00 6.277812e-01 -7.163938e-01 -2.382427e-01 7.659231e-01
-1.063147e+00 -1.209791e+00 -1.938734e+00 6.081881e-02 -4.759913e-01 -2.129676e+00 1.290369e-01 1.469934e+00 3.626297e+00 3.996692e+00 1.288369e+00 1.284065e+00
7.131328e-02 1.000402e+00 6.471936e-01 -3.962259e-01 6.387140e-01 -7.215714e-01 1.133271e+00 2.633616e-01 1.255468e+00 1.542943e+00 7.952829e-01 1.204498e+00
-3.424177e-02 1.970097e-01 -1.697998e+00 -6.950226e-01 1.391894e+00 1.431823e+00 2.101327e+00 -8.059552e-01 6.393815e-01 1.608504e+00 3.619242e-02 7.819769e-01
-2.612351e-01 6.101423e-01 -1.062286e+00 -3.157250e-01 1.433344e+00 6.243568e-01 2.484138e+00 3.153676e-01 -4.652305e-02 1.611270e+00 -1.181455e-01 1.766699e-01
-5.417172e-01 -2.494653e-01 1.999387e-01 7.216746e-01 1.790554e+00 7.076216e-01 -2.124067e+00 -1.461304e+00 2.076190e-01 6.216739e-01 1.130204e+00 -1.866734e-01
-3.378115e-01 -4.058386e-01 5.654083e-01 8.256418e-01 1.025749e+00 4.185525e-01 -1.947591e+00 -1.713791e+00 1.025051e+00 1.464136e+00 1.504795e+00 7.259758e-01
-8.874884e-01 1.867411e-01 4.385541e-01 6.982304e-01 1.266915e+00 1.166261e+00 -6.253969e-01 -2.034719e-01 -3.120592e-01 -7.234154e-01 -2.152268e-01 2.164258e-01
-1.795125e-01 9.207754e-01 6.654733e-01 6.195588e-01 1.330026e-01 7.628530e-01 -5.812562e-01 -5.672386e-01 7.618918e-01 1.269436e+00 -3.409522e-01 1.046561e+00
6.479591e-01 1.613066e+00 -2.280869e+00 9.391346e-01 3.708525e+00 -2.394524e+00 3.228500e-01 6.449354e-01 -1.336728e+00 7.515823e-01 1.485062e+00 -1.724464e+00
-1.193569e-01 1.726573e+00 -7.412458e-01 9.864928e-01 8.595718e-01 5.291960e-01 7.756883e-01 5.820624e-01 2.658726e-01 8.169889e-01 -1.098250e-01 -1.560812e-01
1.876411e+00 3.467116e-01 2.168120e-01 -5.986710e-02 2.152052e+00 -6.325741e-01 -6.810089e-01 3.778251e-01 -3.454028e+00 -3.228445e-01 3.709127e-01 8.843765e-01
-1.177495e+00 1.041554e+00 7.238358e-01 1.063615e+00 9.026052e-01 1.484068e+00 1.447864e+00 1.167869e-01 -1.609066e+00 -2.489471e+00 -2.337224e+00 9.148400e-01
-1.053855e+00 2.276219e+00 3.905936e+00 1.949639e+00 2.500612e+00 1.328225e+00 1.647492e+00 -1.591291e+00 -1.760662e-01 3.497957e+00 5.219678e+00 1.313083e+00
1.400988e+00 1.407178e+00 -2.703297e+00 7.841533e-01 5.421734e+00 -3.614452e+00 4.805000e-01 1.615413e-01 -2.400192e+00 2.062407e-01 1.768184e+00 -9.821069e-01
2.071671e+00 7.292328e-01 -1.646848e+00 3.740512e-01 4.789685e+00 -3.182007e+00 3.182673e-02 1.122294e-01 -2.906859e+00 9.033585e-03 1.422016e+00 1.061482e-01
-1.871302e+00 1.001627e+00 1.106642e+00 8.454231e-01 1.474833e+00 1.518649e+00 1.712254e+00 -4.702210e-01 -2.773482e+00 -2.955744e+00 -3.628860e+00 1.048803e+00
-1.740868e+00 -2.046425e+00 -2.897475e+00 -1.338230e+00 -1.594744e+00 -1.121207e+00 1.413485e+00 2.106253e+00 2.369478e+00 3.384675e+00 1.445841e+00 2.503012e+00
7.198362e-01 -1.281759e+00 -1.293899e-01 3.877668e-01 4.157618e-01 -1.508754e+00 6.574329e-01 -3.609234e+00 -1.217864e+00 -6.347693e-01 -8.414913e-01 2.850562e-01
3.235846e-02 6.493971e-01 2.853545e+00 9.202461e-01 1.318238e+00 4.096863e-02 9.032443e-01 -3.681691e+00 -3.853179e-01 1.681105e+00 2.698158e+00 1.274610e+00
-2.692666e+00 -2.865558e+00 -3.210461e+00 -2.016286e+00 -8.690137e-01 -1.339341e-01 2.164189e+00 1.994411e+00 1.055676e+00 2.161852e+00 1.254637e+00 2.226386e+00
-2.622683e+00 -5.761590e-01 -2.678566e-02 6.158020e-01 1.667025e+00 1.740551e+00 1.496681e+00 -3.977625e-01 -2.587551e+00 -2.654114e+00 -3.066400e+00 3.637095e-01
-2.494219e+00 -1.806645e+00 -1.273384e+00 -5.439894e-01 4.321805e-01 2.839861e-01 1.543526e+00 1.163150e+00 -5.592211e-01 1.329662e-01 -5.797512e-01 1.447499e+00
