1.593237e+01 -8.526786e+00 -6.039813e+00 -7.083413e+00 -1.285675e+01 7.460558e+00 1.169665e+01 -2.363977e+00 -9.782615e-01 -5.364708e+00 -4.585688e+00 1.986517e+00
1.691122e+01 -8.471163e+00 -4.180902e+00 -8.096319e+00 -1.658719e+01 6.588255e+00 1.190206e+01 -8.095565e-01 1.535799e+00 -1.868448e+00 -6.422300e+00 5.316782e-02
1.624735e+01 -9.499174e+00 -7.532216e+00 -4.947263e+00 -1.133235e+01 8.032671e+00 1.343586e+01 -7.776415e+00 -1.949187e+00 -7.440904e+00 -2.876062e+00 5.187134e+00
1.688488e+01 -1.083289e+01 -9.440752e+00 -2.488821e+00 -9.402807e+00 1.053180e+01 9.439640e+00 -8.293501e+00 -4.445183e+00 -5.800312e+00 -3.647459e-01 4.822418e+00
1.420574e+01 -9.245672e+00 -1.118700e+01 -2.109794e+00 -5.360933e+00 9.839443e+00 9.321195e+00 -1.070034e+01 -6.484403e+00 -2.538762e+00 -5.290864e-01 8.148154e+00
1.632117e+01 -6.796415e+00 -2.711475e+00 -8.676381e+00 -1.800370e+01 3.114541e+00 1.247580e+01 -2.567246e-01 3.375546e+00 4.646041e-01 -5.676718e+00 -5.340761e-01
1.306869e+01 -9.041104e+00 -1.160223e+01 -4.049411e-01 -1.023269e+00 1.048512e+01 2.841266e+00 -1.159051e+01 -6.116099e+00 1.106168e+00 3.670333e+00 4.706891e+00
1.607193e+01 -4.179324e+00 -2.540604e+00 -9.178729e+00 -1.673612e+01 1.821458e-02 1.042176e+01 8.153938e-01 4.617817e+00 1.821602e+00 -4.282348e+00 -2.155862e+00
1.691432e+01 -2.441490e+00 -1.511470e+00 -8.938007e+00 -1.846843e+01 -5.894803e-01 7.657971e+00 2.863893e+00 1.110747e+00 5.087241e+00 -3.024353e+00 -2.906816e+00
1.482764e+01 -1.126384e+01 -1.076917e+01 3.437104e+00 -1.203278e+00 1.054362e+01 -9.454905e-01 -1.571448e+01 1.488471e+00 4.788046e-01 6.338881e+00 7.818930e-01
1.697995e+01 4.397972e-01 -6.131068e-01 -8.323034e+00 -1.795344e+01 -3.354296e+00 5.142514e+00 2.139152e+00 9.084766e-01 6.940371e+00 -2.775962e+00 -3.236080e+00
1.352828e+01 -1.078836e+01 -9.618247e+00 3.526013e+00 1.219199e+00 7.934219e+00 -5.492444e+00 -9.026982e+00 3.224048e+00 -3.225579e+00 6.369223e+00 2.008521e+00
1.283264e+01 -1.028279e+01 -7.694265e+00 3.976602e+00 3.303608e+00 2.883580e+00 -6.355620e+00 -8.688718e+00 7.219921e+00 -3.027312e+00 4.028820e+00 2.807474e+00
1.611826e+01 3.559074e+00 -5.517684e-01 -6.927664e+00 -1.637523e+01 -7.069331e+00 4.542994e+00 2.123011e+00 -3.876827e-01 3.693928e+00 1.290084e+00 -1.743150e+00
1.249137e+01 -1.024576e+01 -7.947201e+00 6.207048e+00 3.644120e+00 1.408632e+00 -6.308659e+00 -8.430763e+00 5.555765e+00 1.092355e+00 1.986287e+00 1.588178e-02
1.525972e+01 5.392418e+00 2.079586e+00 -6.885829e+00 -1.598000e+01 -5.192877e+00 1.906036e+00 -5.425658e-01 1.234018e+00 3.086022e+00 -2.125561e-01 -1.434639e+00
1.225582e+01 -1.020113e+01 -3.800413e+00 4.681096e+00 2.976133e+00 3.248687e+00 -8.234220e+00 -9.251842e+00 8.429648e+00 -2.151366e+00 2.981069e+00 3.347642e-01
1.433347e+01 7.197067e+00 3.527719e+00 -6.582363e+00 -1.317629e+01 -5.421438e+00 -2.780785e-01 -5.526495e-02 -8.563833e-01 2.978681e+00 1.937614e+00 -3.576156e+00
1.142522e+01 -8.375965e+00 1.607512e+00 7.609989e+00 1.895082e+00 -8.328270e-01 -5.724389e+00 -8.274299e+00 4.161185e+00 3.725902e+00 8.453017e-01 -2.158065e+00
1.262419e+01 9.222851e+00 3.540492e+00 -5.769016e+00 -1.220593e+01 -1.745219e+00 2.424007e+00 -2.680163e+00 -4.191511e+00 3.852958e+00 -1.261943e+00 -3.264121e+00
1.055306e+01 8.684400e+00 2.847267e+00 -1.411849e+00 -1.114981e+01 -4.384091e+00 2.012581e+00 1.052184e+00 -4.062216e+00 2.474785e+00 -2.264957e+00 -4.169702e+00
1.155986e+01 8.155950e+00 3.576689e+00 -2.686669e+00 -7.581127e+00 -2.063256e+00 4.798975e+00 2.972548e+00 -4.929019e+00 5.833882e-01 2.486322e+00 -6.638112e+00
9.621773e+00 -6.724771e+00 4.759013e+00 1.542666e+01 -1.210314e+00 -7.664662e+00 -2.419760e+00 -2.771588e+00 1.967473e+00 4.994012e+00 -2.421911e+00 -5.337826e+00
8.920394e+00 -6.112387e+00 8.050344e+00 1.326568e+01 -3.442758e+00 -7.735431e+00 1.347869e+00 -1.410445e+00 4.185617e+00 1.491807e+00 -4.336416e+00 -4.963074e+00
7.827102e+00 -4.156775e+00 8.064711e+00 1.345549e+01 -5.657053e+00 -5.192730e+00 3.995160e-01 1.309234e+00 4.024683e+00 -1.843606e-01 -7.267411e+00 -2.523316e+00
9.400062e+00 9.771930e+00 4.216205e+00 1.940023e+00 -1.902081e+00 -1.919145e+00 7.206036e+00 3.195675e+00 -6.056407e+00 2.359525e+00 4.880995e+00 -8.049772e+00
9.485555e+00 8.031947e+00 4.037496e+00 1.982900e+00 -5.746063e+00 -2.222756e+00 6.997262e+00 1.418747e+00 -6.708977e+00 1.151847e+00 2.206992e+00 -7.654788e+00
6.365799e+00 1.195172e+00 1.060375e+01 1.179638e+01 -4.855089e+00 -8.511316e+00 1.815350e+00 1.222666e+00 5.162344e+00 2.874723e-01 -6.587022e+00 -5.583799e+00
3.936256e+00 2.856538e+00 1.116041e+01 1.345908e+01 -4.057422e-01 -9.879030e+00 4.941857e+00 9.500811e+00 3.889805e+00 -2.997410e+00 -5.824500e+00 -1.565807e+00
3.116973e+00 2.968358e+00 9.811984e+00 1.718099e+01 5.260035e+00 -1.225511e+01 1.639997e+00 1.061943e+01 2.499112e+00 -1.848578e+00 -3.913882e+00 -3.741950e+00
1.690574e+00 -1.286459e-02 5.963035e+00 1.602016e+01 9.525429e+00 6.650401e-01 5.830052e+00 1.077077e+01 4.365726e+00 -1.081047e+00 -1.029336e+01 -1.050965e+01
2.088699e+00 1.267123e+01 1.079453e+01 2.675293e+00 -8.833952e-01 -4.529518e-01 6.244140e+00 -1.051783e+00 -4.698404e+00 5.371626e+00 -4.317501e-01 -3.255787e+00
4.269427e-01 -2.095771e-01 4.561791e+00 1.389758e+01 4.009935e+00 -6.087901e+00 1.708077e+00 1.129444e+01 2.340733e+00 -4.131570e-02 -4.244531e+00 -4.293290e-01
-1.053743e+00 1.016236e+00 3.202451e+00 8.120590e+00 2.094499e+00 -9.472388e+00 -2.743303e+00 3.879856e+00 4.764752e+00 -4.844947e-01 1.062476e+00 -5.818741e-01
-2.671854e+00 7.562363e-01 4.458128e+00 5.565778e+00 3.855071e+00 -5.342193e+00 -3.382285e+00 3.615112e+00 -2.814029e+00 -8.775703e+00 -7.103045e+00 -5.760353e-01
-7.751523e+00 -3.358201e+00 3.977468e+00 7.869668e-01 -7.598748e+00 -1.181736e-01 1.252647e+00 -1.684871e+00 -3.156157e+00 5.574943e+00 8.546929e-01 -1.150390e+00
-2.410261e+00 1.949179e+00 1.071903e+00 1.973742e+00 3.856664e-01 -1.046129e+01 -5.179787e+00 2.684600e+00 -9.413350e-01 -3.208473e+00 -1.564287e+00 -9.635422e-01
-6.396214e+00 5.047239e+00 8.435466e+00 6.138845e+00 6.280690e+00 7.017475e+00 1.056681e+01 4.599528e+00 -7.121297e+00 1.893846e+00 2.202961e+00 -6.562439e+00
-3.714999e+00 2.329076e+00 2.947460e+00 1.285366e+00 5.812329e+00 -7.654144e+00 -3.940780e+00 5.340048e+00 -4.280745e+00 -3.512246e+00 2.462130e-01 -9.303157e-01
-7.742185e+00 3.399505e+00 -2.291539e-01 -8.592041e-01 -9.078627e-01 -9.793547e-01 -1.131694e-01 -1.766635e+00 -3.391016e+00 5.495910e+00 6.549393e+00 -1.118852e+00
-7.522364e+00 -4.941406e-01 -6.909913e+00 -5.026935e+00 6.830032e+00 4.796865e+00 -4.521071e+00 -2.228058e+00 1.086239e+00 -8.522674e-01 3.346555e+00 9.555223e+00
-7.720349e+00 5.170279e-01 5.226421e-01 -4.628825e+00 -3.125383e+00 -6.376972e+00 -2.417398e+00 -2.382399e+00 -8.172369e+00 -2.743268e+00 -1.652740e+00 6.841340e-01
-5.038484e+00 1.936466e+00 1.566463e+00 3.214037e+00 4.610472e+00 -5.323073e+00 -5.572357e+00 3.801842e+00 2.805198e+00 -3.445749e+00 -4.007828e-01 5.566996e+00
-7.941872e+00 2.563319e+00 4.670358e+00 2.218549e+00 6.536462e+00 1.457226e+00 1.089366e+00 -2.711272e+00 -8.949659e+00 -1.807895e-01 3.390629e+00 -3.500589e+00
-6.958543e+00 -1.639395e+00 -7.245391e+00 -1.495098e+00 1.134048e+01 4.975167e+00 7.618599e-01 3.177313e+00 -8.431342e-01 -1.776444e+00 -1.291480e+00 -7.323897e-01
-8.099570e+00 -1.164358e+00 -4.437354e+00 -2.043204e+00 1.126249e+00 -7.381978e+00 -8.295450e+00 2.376384e+00 -3.353654e+00 -2.742653e+00 -4.596760e+00 -3.289658e+00
-7.657821e+00 3.625823e+00 2.620182e+00 1.707356e+00 5.916624e+00 4.347349e+00 -3.252889e-01 3.631292e+00 2.117777e+00 -4.783255e+00 -6.852514e+00 -2.132998e+00
-7.562542e+00 1.771352e+00 7.147732e-02 6.263995e-01 6.657915e+00 2.282787e+00 -1.502834e+00 8.050926e+00 5.224010e+00 -7.972427e-01 -2.066840e+00 -2.188519e+00
-1.037081e+01 3.020924e+00 3.039100e+00 -1.207270e+00 2.058029e+00 -1.224779e+00 -8.063854e+00 4.169362e+00 4.278382e+00 6.465373e-01 7.351398e-02 1.644110e+00
-8.548883e+00 -2.242413e-01 -5.849958e+00 -7.412846e+00 8.418200e+00 6.846864e+00 -2.035858e-01 -3.543412e+00 -1.391510e+00 -3.176939e-01 3.857642e+00 1.379983e+00
-1.001490e+01 3.736316e+00 1.052145e+00 -1.943927e+00 2.882921e+00 5.129908e+00 3.419686e-01 3.706683e+00 -5.339434e-01 1.608615e+00 5.365331e+00 1.673573e+00
-8.250598e+00 -1.265579e+00 -9.524321e+00 -7.854103e+00 2.513640e+00 -1.190109e+00 -5.150772e-01 5.273002e+00 -2.564723e+00 7.324815e-01 -1.818135e+00 -1.875641e-01
-7.607105e+00 -2.363360e+00 -8.243791e+00 -8.476355e+00 5.822243e+00 3.701672e+00 -6.380808e+00 -6.507760e+00 -5.271165e+00 -1.884081e+00 5.354717e-01 1.711612e+00
-7.355400e+00 -1.438892e-01 -6.663549e+00 -7.788548e+00 5.449659e+00 3.915088e+00 -4.987653e+00 -2.251583e+00 -2.467771e+00 -2.098470e+00 -2.068761e+00 -4.730983e-01
-1.146587e+01 1.801923e+00 1.309190e+00 -1.197399e+00 2.057945e+00 -1.778715e+00 -6.164609e+00 1.547079e-01 3.219551e+00 2.853812e+00 3.450264e+00 2.040064e+00
-6.821848e+00 4.953987e+00 3.895822e+00 8.107915e-01 5.705568e+00 -1.117863e+00 -5.966983e-01 5.333920e+00 -1.246323e+00 -3.440943e+00 -8.080173e-01 2.281906e+00
-9.672421e+00 2.666675e+00 2.712263e-01 2.761078e+00 7.595414e+00 6.764507e-02 -2.716060e+00 7.029557e-02 2.606186e+00 -2.079346e-01 2.846984e+00 3.482599e+00
-1.269971e+01 3.055756e-01 1.471551e+00 -3.137836e+00 4.043762e+00 4.298762e+00 -3.168452e+00 5.620020e+00 3.229083e+00 3.647607e+00 2.956899e+00 4.436545e+00
-8.941241e+00 -9.410212e-01 -7.212794e+00 -8.232214e+00 6.798623e+00 5.958885e+00 -4.863199e+00 -4.540806e+00 -2.312187e+00 -7.463180e-01 -1.230036e+00 2.214779e+00
-8.312310e+00 5.360301e+00 1.071069e+00 2.456036e-01 1.978758e+00 9.121577e-01 -5.868788e-01 4.302053e+00 2.308045e+00 4.160783e-01 1.505576e+00 -2.760373e-01
-8.451783e+00 1.950312e+00 -3.639367e+00 -3.855476e+00 5.831052e+00 -9.989518e-01 -2.333690e+00 -1.823029e+00 -3.069660e+00 -1.532900e+00 -3.311312e-01 2.059520e+00
-1.069870e+01 1.963501e+00 -6.774911e-02 3.817797e-02 7.580940e+00 6.720120e-01 -4.249376e+00 1.786748e+00 1.358013e+00 -2.467365e-01 -1.134455e-01 1.358556e+00
-1.046321e+01 1.720419e+00 -2.585105e-01 -2.046499e+00 6.024130e+00 2.829961e+00 7.367204e-01 -2.350816e+00 -5.070331e+00 -4.110141e+00 1.925115e+00 7.594153e+00
-9.234624e+00 4.009358e+00 4.318598e+00 3.774835e+00 8.791594e+00 3.286517e+00 -5.618456e+00 2.859918e+00 3.775143e+00 2.177718e+00 -1.856158e-01 -1.613112e+00
-1.072294e+01 2.891347e+00 3.914270e+00 3.301960e+00 1.042757e+01 2.558907e+00 -3.370947e+00 3.640128e+00 9.072000e-01 1.839252e+00 -3.325258e+00 3.358094e+00
-8.358734e+00 1.111230e+00 -2.823968e+00 -4.832688e+00 5.312579e+00 2.175859e+00 -6.485373e+00 -4.474282e+00 -4.047166e+00 -7.858095e-01 3.856230e+00 4.616362e+00
-1.219879e+01 1.410935e+00 9.673303e-01 2.481031e-01 6.470446e+00 -2.061257e+00 -3.393459e+00 -3.115412e+00 6.372286e+00 1.112883e+01 4.323253e+00 -5.936322e-01
-1.027060e+01 4.075481e+00 3.428010e+00 -7.019436e-01 3.037701e+00 -1.655999e+00 -3.061083e+00 3.133451e+00 4.249043e+00 4.156034e-01 3.216328e+00 2.326988e+00
-1.166883e+01 2.319571e+00 4.063785e-03 -3.320213e+00 4.946624e+00 -3.827428e+00 -3.748916e+00 4.834256e+00 2.784521e+00 4.418082e-01 2.503067e+00 -4.688475e-01
-1.183720e+01 -1.710262e-01 -1.971086e+00 -3.645083e+00 3.350966e+00 3.775428e+00 -1.788613e+00 -4.051966e+00 7.003593e-02 2.876276e+00 5.770486e+00 1.514427e+00
-1.002303e+01 -1.914489e-01 -2.379210e+00 -7.267547e+00 3.665685e+00 3.699263e+00 -9.885643e-01 9.969652e-01 3.243634e-01 -1.849882e+00 1.986524e+00 8.342290e+00
-1.051590e+01 2.206284e+00 2.013499e+00 6.491356e-01 4.809851e+00 3.605092e-02 -2.455505e+00 9.570285e-01 2.562469e+00 -8.226336e-01 1.221870e+00 4.330839e+00
-1.172837e+01 2.775529e+00 3.815414e+00 -2.349208e+00 3.682868e+00 -1.225911e+00 -3.298428e+00 3.766518e+00 -8.752396e-01 -6.446790e-01 2.446184e-01 7.358098e-01
-1.106593e+01 3.934965e-01 -2.519369e+00 -3.078873e+00 4.002584e+00 -1.127312e+00 -4.617483e+00 -1.811446e+00 -1.440105e+00 -8.525014e-03 3.952817e+00 4.758574e+00
-9.747975e+00 1.318721e+00 -7.372496e-01 -4.655455e+00 5.732446e+00 3.757717e+00 -3.488580e+00 -2.088907e+00 2.259660e+00 -4.609382e+00 4.925207e+00 5.147985e+00
-1.060087e+01 2.692923e+00 2.433039e+00 -3.531777e+00 1.901062e+00 5.473625e-01 -2.793660e-01 5.398488e+00 -8.458946e-01 7.349532e-01 4.284389e+00 -6.070571e-01
-1.233637e+01 1.621899e+00 2.702510e+00 -2.906784e+00 6.958261e+00 9.043515e-02 -1.721737e+00 -1.435822e+00 -1.575745e+00 -1.348555e+00 -4.700851e-01 -2.891142e-01
