1.166782e+01 -1.386987e+01 6.148400e+00 3.603392e-01 -1.350379e+01 7.358123e-01 -9.480159e+00 2.888728e-01 9.864683e+00 -3.231737e+00 3.265699e-01 3.715046e+00
1.437488e+01 -1.576776e+01 6.786575e+00 9.031105e-01 -1.555424e+01 2.459296e+00 -1.178295e+01 -7.795857e-01 9.044540e+00 -3.401959e+00 9.864034e-01 3.540674e+00
1.534939e+01 -1.535662e+01 6.727945e+00 2.014885e+00 -1.768238e+01 1.923295e+00 -1.235639e+01 -2.472118e+00 1.260541e+01 -6.879278e+00 2.473518e+00 3.975191e+00
1.165918e+01 -1.265665e+01 5.183110e+00 9.055195e-01 -1.300353e+01 1.344533e+00 -9.708158e+00 1.207046e+00 1.042104e+01 -6.050590e+00 1.912623e+00 3.780941e+00
1.430522e+01 -1.473601e+01 6.142650e+00 2.290731e+00 -1.546660e+01 3.246875e-01 -1.138121e+01 -3.467551e+00 1.121328e+01 -5.534504e+00 7.761106e-01 3.886734e+00
1.436142e+01 -1.405582e+01 5.730507e+00 2.662214e+00 -1.460995e+01 -1.580010e+00 -1.087486e+01 -3.826639e+00 1.081190e+01 -5.469790e+00 -3.682194e-01 5.120862e+00
1.365968e+01 -1.232329e+01 6.262926e+00 1.915772e+00 -1.249809e+01 -4.189837e+00 -1.097176e+01 -1.891452e+00 7.237951e+00 -4.107123e+00 -1.062729e+00 5.334406e+00
1.573716e+01 -1.268945e+01 6.720834e+00 2.275042e+00 -1.264047e+01 -5.538629e+00 -1.160850e+01 1.527774e-01 6.463976e+00 -5.692622e+00 5.839192e-01 2.918670e+00
1.319131e+01 -1.242478e+01 5.556041e+00 2.674861e-01 -1.182412e+01 2.265883e+00 -1.109695e+01 3.963746e+00 9.706152e+00 -7.141621e+00 1.999551e+00 2.114038e+00
1.605112e+01 -1.195739e+01 6.297007e+00 5.380410e+00 -1.419647e+01 -4.959712e+00 -1.372767e+01 1.519284e+00 4.615086e+00 -7.582505e+00 4.064341e+00 7.047387e-01
-8.775401e+00 -3.959247e+00 5.440649e+00 -5.847093e+00 -2.966196e+00 3.286911e+00 -3.007186e+00 7.597960e-01 5.942641e+00 -3.403738e+00 8.770033e-01 -8.149116e-01
1.639590e+01 -1.122011e+01 6.094274e+00 7.316508e+00 -1.469902e+01 -6.213406e+00 -1.320797e+01 2.712737e+00 1.232429e+00 -7.269891e+00 2.883367e+00 2.078314e+00
-9.452832e+00 -1.372074e+00 8.781377e+00 -6.941180e+00 -9.585090e+00 3.237149e+00 -1.962277e+00 1.237764e+00 4.651911e-01 -5.920598e+00 2.720263e+00 -5.768674e-01
1.656036e+01 -9.831435e+00 5.314549e+00 1.031576e+01 -1.518501e+01 -5.918179e+00 -1.375001e+01 1.478150e+00 6.771612e-01 -9.304224e+00 4.899752e+00 -5.857010e-01
1.751197e+01 -8.191626e+00 5.900940e+00 1.271831e+01 -1.515707e+01 -7.222559e+00 -1.397853e+01 3.719743e+00 -1.026393e+00 -1.103240e+01 3.752087e+00 -5.367346e-01
1.108799e+01 -8.417849e+00 9.910174e+00 -4.276383e+00 -7.261098e+00 3.869227e-01 -7.296753e+00 4.976430e+00 6.935209e+00 -7.533623e+00 2.388289e+00 -2.439042e+00
-4.147136e+00 -1.324138e+00 8.657979e+00 -1.955937e+00 -8.277325e+00 3.354735e+00 8.155456e+00 6.667631e+00 3.425246e+00 -4.774231e+00 -4.201729e-01 2.175277e+00
1.817332e+01 -6.206332e+00 5.946499e+00 1.402308e+01 -1.144470e+01 -9.686226e+00 -1.202739e+01 2.778078e+00 -2.520893e+00 -1.046636e+01 1.399247e+00 -4.303153e-01
-3.472918e+00 -8.217962e+00 6.269499e+00 -3.957911e+00 -5.654526e-01 3.721041e+00 -5.047371e+00 -1.784389e+00 7.642003e+00 -3.754678e+00 1.081448e+00 -1.121167e+00
1.627503e+01 -3.042332e+00 2.953738e+00 1.631283e+01 -7.258343e+00 -9.844101e+00 -8.949846e+00 -2.403620e-01 -6.601160e+00 -6.242388e+00 -2.321744e+00 1.404963e+00
-1.001748e+00 -6.391956e+00 4.780775e+00 -5.006228e+00 -8.636622e+00 -7.714232e-01 5.372592e+00 1.668039e+00 5.141921e-01 -5.464349e+00 -6.500633e-01 -5.704283e+00
1.710198e+00 -6.561065e+00 9.393539e+00 2.088018e+00 -9.611239e-01 -1.294451e-01 -1.036109e+00 7.916518e+00 7.699137e+00 -6.427202e+00 2.391128e+00 2.193271e+00
1.515747e+01 -1.531867e+00 4.685361e+00 1.137523e+01 -3.732841e+00 -9.970934e+00 -9.173316e+00 -8.928124e-01 -3.992077e+00 -4.529497e+00 -4.009585e-01 1.769048e-01
1.432013e+01 5.406437e-01 3.458050e+00 1.100592e+01 -7.825275e+00 -3.722101e+00 -7.537816e+00 -4.672558e+00 4.162221e-01 -2.361131e+00 -3.197727e+00 -8.692015e-01
1.609970e+01 3.454191e+00 1.371478e+00 9.134312e+00 -5.131044e+00 -5.345687e+00 -1.828433e+00 -5.795585e+00 -4.729739e-01 2.986600e+00 -1.379650e+00 -5.931534e-01
-1.157447e+01 -1.368149e+01 1.289761e+01 -4.327475e+00 4.873292e+00 -1.693369e+00 2.926616e+00 -1.619760e+00 -2.022368e+00 3.704231e+00 -1.434324e+00 3.651988e+00
-1.075391e+01 -1.282266e+01 -2.074135e+00 1.065226e+01 5.108905e+00 5.968553e+00 9.716930e+00 6.261751e-01 7.171769e-01 -1.116127e+01 2.527152e-01 -3.565068e+00
-1.946682e+01 5.053617e+00 -1.861664e+00 1.792272e+00 -1.777406e-01 4.715961e-01 8.967783e+00 -6.687608e+00 -3.401532e+00 -3.364437e-01 -8.575941e+00 -4.079259e-01
1.397535e+01 6.322696e+00 3.073706e+00 1.176979e+01 3.640456e-01 -8.181894e+00 -3.390820e+00 -3.528852e+00 -1.992406e+00 4.775097e+00 1.271312e+00 3.629531e+00
-1.163922e+01 -1.360234e+01 9.557948e+00 -8.108433e+00 -2.766457e-01 -5.017907e+00 2.200704e-01 -1.950292e+00 -1.997941e+00 4.682191e+00 7.297236e-02 4.367398e+00
1.241166e+01 5.330698e+00 2.609451e-01 9.799101e+00 5.151358e+00 3.798278e-01 -9.121923e-01 -7.499979e+00 -3.240953e+00 8.794776e+00 3.029959e+00 -6.114581e-01
1.200844e+01 3.621922e+00 -1.646738e+00 6.788809e+00 5.974047e+00 -8.216017e-01 1.018727e+00 -1.908891e+00 -1.254814e+00 5.002246e+00 3.637368e+00 -1.707868e+00
8.686954e+00 2.326092e+00 7.342887e-01 1.052131e+01 5.714180e+00 -3.533936e-02 2.628301e+00 -4.767125e+00 -5.940561e+00 7.779773e+00 3.153276e+00 -4.212566e+00
-1.068578e+01 2.487735e+00 -2.062293e+00 2.205946e+00 -4.311876e+00 -2.438246e+00 6.752634e-02 6.539011e+00 -7.720564e+00 1.289014e+01 3.221127e+00 5.399880e+00
-7.899742e+00 -7.005140e+00 1.357420e+00 -6.710531e+00 -7.820380e+00 1.138322e+01 -4.722728e+00 -4.058235e+00 8.248122e-01 -2.253570e+00 -5.756160e-01 1.883356e+00
-8.968188e+00 -1.005621e+01 -2.160989e-01 1.219013e+01 4.677365e+00 4.274950e+00 8.533831e+00 1.810484e+00 8.503318e-01 -9.002370e+00 2.336905e+00 -7.413194e-01
7.682234e+00 -1.248491e-02 3.741703e-01 6.724399e+00 3.632228e+00 -4.206544e-01 2.087092e-01 -3.325774e+00 -8.011316e+00 1.419865e+00 3.277821e+00 -4.728961e+00
-1.213275e+01 7.865038e+00 -3.244632e+00 -1.657024e+00 -2.736768e+00 -3.981124e+00 6.313864e+00 9.878282e-01 4.844723e+00 7.929185e+00 1.585525e+00 9.711012e+00
-9.988418e+00 2.942302e+00 -2.433230e+00 3.001626e+00 -7.853847e-01 2.823363e+00 1.159677e+00 4.212921e+00 -7.076895e+00 6.784523e+00 2.310866e+00 1.863650e+00
4.976850e+00 -3.608593e+00 -4.549115e+00 2.460754e+00 4.436243e+00 7.640986e-01 3.499804e+00 7.658202e-01 -2.872670e+00 1.203516e+00 -4.570411e+00 -7.333182e+00
4.902296e+00 -2.363169e+00 -5.804921e+00 -2.237797e-03 3.046467e+00 5.860758e+00 3.790248e+00 -6.524706e+00 -6.181442e+00 1.807783e+00 -7.187216e-01 -2.701365e+00
3.415656e+00 1.331758e+00 -5.462321e+00 6.474037e-01 6.883048e+00 -1.908931e+00 -1.646775e+00 -6.709897e+00 -1.477301e+00 6.613167e+00 -4.234289e+00 -1.064080e+00
-1.213813e+01 6.601029e+00 -2.921904e+00 1.435499e-01 3.175013e+00 5.949886e-01 2.923228e+00 -7.577260e+00 -3.556432e+00 8.325385e-01 -4.093050e+00 1.020792e+00
3.382940e+00 3.210924e+00 -6.059501e+00 -2.487903e+00 6.832299e+00 2.105888e+00 2.241370e+00 -8.852959e+00 -5.200253e+00 -1.993339e+00 -6.000895e+00 -4.919643e+00
-7.574267e+00 -6.699322e+00 -2.173599e-01 7.542222e+00 1.745899e+00 -1.134450e-01 4.628126e+00 1.159095e+00 -3.712507e-01 -3.065298e+00 3.015701e+00 1.445824e+00
5.978225e+00 1.756744e-01 -5.571849e+00 -1.792662e+00 3.227657e+00 8.449777e-01 3.094769e-02 -3.363564e+00 -2.260137e+00 4.832234e+00 3.590212e-01 -2.319101e+00
-8.105678e+00 -2.661895e+00 4.807240e+00 -5.624244e+00 -2.335696e+00 1.000532e+01 1.143986e+00 -1.788826e+00 4.158871e+00 1.081542e-01 4.872618e-01 3.846692e+00
4.975398e+00 2.973812e+00 -7.223211e+00 -5.757815e+00 6.118739e-01 4.565749e-01 -2.446822e+00 -4.394240e+00 -4.994308e+00 4.493484e+00 -3.061434e+00 2.327345e+00
4.592731e+00 1.942416e+00 -8.096043e+00 -3.049097e+00 4.249026e+00 6.646240e-01 1.201402e+00 -1.239258e+00 -2.760672e+00 -1.306726e+00 -6.419521e+00 -5.220482e+00
4.743733e+00 3.814979e+00 -5.263886e+00 -1.396647e+00 7.575253e+00 3.099966e+00 1.201778e+00 -5.160047e+00 -2.173872e+00 -6.179063e-01 -7.505523e+00 -2.635056e+00
4.146008e+00 5.438662e+00 -7.058943e+00 -1.562360e+00 5.813528e+00 2.780993e+00 9.618654e-01 -4.374355e+00 -1.842473e+00 4.112173e-01 -5.285483e+00 -2.825977e+00
2.876554e+00 5.255140e+00 -3.180650e+00 -2.988063e+00 2.127953e+00 1.666838e+00 3.334683e+00 2.116029e-01 -1.784597e+00 1.341930e+00 -1.815892e+00 -1.908483e+00
4.266415e+00 5.808786e+00 -5.889062e+00 -6.521811e-01 8.491108e+00 5.004350e+00 4.557116e+00 -5.607925e+00 -4.779491e+00 -2.731255e+00 -6.968162e+00 -3.821013e+00
-1.111624e+01 1.690935e+00 -1.427370e+00 1.591702e-01 -1.120660e+00 3.045085e+00 -2.216611e-01 9.618975e-01 -2.393598e+00 6.987542e+00 5.307162e+00 1.343476e+00
3.572134e+00 6.606833e+00 -4.714771e+00 -3.271737e+00 4.169631e+00 2.025503e+00 3.620588e+00 -2.294279e+00 -4.579552e+00 1.480371e+00 -4.886322e-01 -2.684279e+00
-3.313113e+00 6.246601e+00 3.973669e+00 2.088799e-01 1.068143e+00 -5.106190e+00 5.262367e+00 6.295602e+00 1.003797e+00 3.814907e+00 7.311940e-01 4.760085e+00
1.478827e+00 4.124635e+00 -6.184834e+00 -1.884732e+00 9.293135e+00 2.759979e+00 -2.998357e-01 -2.296389e+00 -6.102410e+00 -8.931178e-02 -3.366153e+00 -3.287792e+00
2.841379e+00 6.667259e+00 -5.100249e+00 -3.299335e+00 6.002845e+00 3.414023e+00 4.626172e+00 -1.990368e-01 -2.411419e+00 2.638749e-01 -4.079014e-02 -3.071345e+00
2.977833e+00 6.322536e+00 -3.395417e+00 -1.666545e+00 8.663931e+00 1.417971e+00 7.061815e-01 -1.797739e+00 -3.746066e+00 2.200750e+00 -2.139257e+00 2.668946e-01
5.836811e-01 9.733390e+00 -3.384824e+00 -1.213407e+00 8.450774e+00 4.910776e+00 5.549928e+00 2.264717e+00 1.358756e+00 1.340898e+00 -2.809868e+00 -5.484934e+00
-8.058164e+00 3.713350e+00 -2.192917e+00 -3.990800e+00 -1.744608e+00 -4.808220e-01 8.667558e+00 7.937650e+00 2.569448e+00 4.158134e+00 3.528938e-01 -6.698580e-01
1.754437e+00 6.798654e+00 -4.445418e+00 -2.292717e+00 1.120779e+01 4.155468e+00 4.648809e-01 1.726110e+00 -9.123471e+00 5.626080e-01 1.428639e-01 -7.716118e+00
2.586154e+00 4.788066e+00 -7.286345e+00 -3.987580e+00 5.186110e+00 -1.215495e+00 -3.301399e+00 -3.202185e+00 3.710124e-01 4.053887e+00 -1.027034e+00 -5.839539e-01
5.921555e-01 6.659277e+00 -7.283600e+00 -5.503819e+00 8.273981e+00 2.247076e-01 -1.466847e+00 -7.379199e+00 -9.571055e+00 -6.055027e+00 -3.481192e+00 9.010420e-01
4.946160e-01 4.448663e+00 -5.731502e+00 -4.465070e+00 6.415380e+00 -8.917775e-01 -1.779363e+00 -4.236511e+00 -5.297968e+00 -1.205670e+00 -4.494097e+00 2.201106e+00
-1.599627e+00 6.944026e+00 -3.644226e+00 -4.892943e+00 6.990371e+00 7.338402e+00 3.026410e+00 8.980576e-01 2.193189e-01 5.588552e+00 -4.659595e+00 -1.500660e+00
-7.358272e+00 6.088265e+00 -2.762560e+00 -3.694850e+00 4.727921e+00 7.037631e-01 9.405284e-01 2.104697e+00 2.106023e+00 3.396554e+00 -2.060715e+00 -1.401356e+00
1.009088e+00 7.826761e+00 -6.777962e-01 1.680855e+00 9.034492e+00 4.853909e+00 8.899405e+00 4.880257e+00 3.318893e+00 6.155088e+00 -2.342379e-01 -3.991495e+00
-9.714246e+00 3.186058e+00 -4.259171e+00 -5.701956e+00 1.642885e+00 -4.316780e+00 2.819517e+00 -1.814147e-01 -5.090312e-01 4.244339e+00 -9.420457e-01 -2.023424e+00
-8.357957e+00 5.284289e+00 -2.341299e+00 -3.969978e+00 2.483480e+00 -3.341692e+00 1.170547e+00 3.113280e+00 1.399558e+00 2.947022e+00 1.734052e+00 -1.723229e-01
-8.916631e+00 3.260095e+00 -2.559128e+00 -4.366645e+00 2.196455e-02 -1.066370e+00 5.308879e+00 -1.722317e+00 -1.462679e+00 -1.736952e+00 -2.245732e+00 -6.650472e-01
-7.965133e+00 3.561773e+00 -2.681316e+00 -3.332979e+00 2.328682e+00 -2.207466e+00 3.348344e+00 1.345477e+00 3.583798e-01 8.356192e-01 7.025824e-01 1.272927e+00
-9.225635e+00 4.527442e+00 -1.182650e+00 -3.108012e+00 4.335228e+00 -2.329161e+00 4.321461e+00 -2.136936e+00 -8.802524e-01 1.440470e+00 1.369919e+00 -2.379121e-01
-9.202640e+00 2.230791e+00 -3.197635e+00 -5.005717e+00 2.879953e-02 -4.780483e+00 6.198098e+00 8.223255e-01 1.247179e+00 2.926509e+00 -4.597228e-01 -2.169354e+00
-8.153590e+00 6.060193e+00 -5.501589e-01 -2.291770e+00 -1.503935e-01 -2.707747e+00 9.498321e+00 5.754389e+00 -1.685959e+00 1.756639e-01 -1.209718e+00 2.036045e+00
-8.041984e+00 3.640989e+00 -3.095385e+00 -3.992013e+00 1.729608e+00 -1.985040e+00 -3.393126e-01 -1.673099e+00 -4.551730e+00 1.599827e+00 1.095968e+00 -3.086264e-01
-8.357074e+00 6.693811e+00 -2.456220e-01 -7.096201e+00 3.877111e+00 8.215996e-01 1.215036e+00 -4.142282e+00 -2.968296e+00 -7.560390e-02 -1.869443e+00 -2.905914e+00
-8.118037e+00 3.874547e+00 -1.903014e+00 -7.321737e+00 4.661010e+00 4.055183e+00 8.680380e+00 3.335956e+00 1.272275e+00 3.648597e+00 -1.037909e+00 -4.015311e+00
-7.295146e+00 5.441455e+00 4.676137e-01 -1.412392e+00 4.181016e+00 3.510804e+00 5.208539e+00 8.389579e-01 -3.841142e+00 -3.493556e-01 -2.051406e+00 -2.492554e+00
-8.345933e+00 3.696751e+00 -2.749481e+00 -2.099755e+00 4.927777e+00 -2.505574e+00 3.073430e-01 3.910156e+00 -8.352336e-01 -2.317234e-01 3.264404e+00 -1.308401e+00
-7.816238e+00 4.540390e+00 -2.805568e+00 -2.499791e+00 2.649485e+00 2.941700e-01 6.820724e+00 7.266624e+00 2.526757e+00 4.602923e+00 2.464858e+00 4.114136e-01
-8.432563e+00 4.168369e+00 1.983860e-01 -4.881719e+00 2.135045e+00 7.267707e-01 -5.997086e-01 3.353710e+00 -2.883479e+00 2.579422e+00 6.186872e+00 4.185563e+00
-6.758227e+00 5.378050e+00 -1.114775e+00 -2.085672e+00 5.543812e+00 3.999206e+00 3.844070e-02 1.478975e+00 3.170856e+00 2.466776e+00 1.602099e+00 -7.358973e-01
-7.012106e+00 6.471486e+00 -1.743600e+00 -2.006147e+00 4.309562e+00 2.997962e-01 4.751234e+00 1.014751e-01 -4.254097e+00 8.292834e-01 7.517180e-01 -1.383447e+00
-7.693663e+00 4.583387e+00 1.007416e-01 -5.989475e-01 6.176979e+00 1.449340e+00 2.317341e+00 4.496125e+00 -3.226233e-01 3.468086e+00 2.820980e+00 3.468222e+00
-7.240186e+00 4.719788e+00 -2.045256e+00 -3.729478e+00 4.510776e+00 -1.255663e-01 5.372646e+00 3.642998e+00 -9.703491e-01 1.243248e+00 -7.238059e-01 -1.639187e-02
-7.515039e+00 4.774800e+00 -3.472377e-01 -2.590489e+00 1.263560e+00 -1.217184e+00 -1.433806e-01 -8.246039e-01 2.714720e-01 -9.405006e-01 5.410776e-01 2.968502e+00
-6.550238e+00 6.004263e+00 -1.357605e+00 -8.747840e-01 4.168449e+00 1.625819e+00 8.571232e+00 1.846906e+00 3.520414e+00 8.943151e+00 -8.726886e-01 2.381672e+00
-8.397204e+00 2.674704e+00 -4.425740e+00 -1.494798e+00 4.202085e+00 -8.241729e-01 9.870534e-01 1.624693e+00 -3.868505e+00 1.173212e+00 5.407860e-01 1.091017e+00
-9.154990e+00 4.429483e+00 -1.843521e+00 -4.978734e+00 2.175245e+00 -8.881694e-02 8.323402e+00 5.078450e+00 4.511118e+00 1.810796e+00 5.818936e-01 1.918642e+00
-9.516543e+00 2.575101e+00 -2.596429e+00 -5.151839e-01 3.870836e+00 4.280269e-02 5.519832e+00 3.471438e+00 1.968775e-01 -7.420888e-01 -9.563046e-01 -1.185884e+00
-8.696155e+00 4.469507e+00 -9.685733e-01 -3.199676e+00 4.330760e+00 6.987250e-02 4.897142e+00 3.333603e+00 2.731540e-01 4.848774e+00 3.213359e+00 1.019503e+00
-8.211349e+00 5.458066e+00 -6.380352e-01 -4.525394e+00 7.346384e+00 -8.301179e-01 4.126074e+00 4.656750e+00 -1.966628e+00 7.661271e-01 3.707784e+00 -1.538233e-01
-9.560559e+00 1.702326e+00 -1.999887e+00 -3.569030e+00 6.273507e+00 -1.548573e+00 2.678823e-01 1.760640e+00 2.394285e+00 4.727654e+00 4.357307e+00 -4.755326e-01
-1.089111e+00 6.053663e+00 -2.598133e+00 -4.003239e-02 8.756669e+00 3.337686e+00 6.424325e+00 3.187129e+00 1.334368e+00 3.797122e+00 3.233652e+00 2.542955e+00
