1.285010e+01 -1.747695e+01 -1.576557e+00 4.501152e+00 -1.029652e+01 1.229184e+01 -4.605382e+00 -1.286057e+00 7.660337e+00 -1.267034e+01 5.989462e+00 1.765922e+00
1.214012e+01 -1.575764e+01 -2.399565e+00 3.306100e+00 -6.526852e+00 7.860269e+00 -9.810452e-01 -2.395706e+00 5.407683e+00 -8.120300e+00 3.055620e+00 3.027114e+00
1.275338e+01 -1.672039e+01 -1.392356e+00 2.969021e+00 -8.149821e+00 1.097184e+01 -5.320201e+00 -1.039092e+00 6.466598e+00 -1.032773e+01 7.484124e+00 3.863187e-01
1.221721e+01 -1.653620e+01 -1.428711e+00 3.613988e+00 -8.027619e+00 9.140324e+00 -1.544201e+00 -1.198407e+00 4.494486e+00 -7.791124e+00 4.180522e+00 1.212546e+00
1.204370e+01 -1.582100e+01 -2.101417e+00 3.123864e+00 -7.129348e+00 8.955631e+00 -2.503652e+00 -4.698467e+00 8.510293e+00 -1.077821e+01 7.104002e+00 2.933241e+00
1.231709e+01 -1.578195e+01 -2.395555e+00 4.164138e+00 -9.117076e+00 9.429300e+00 -1.592180e+00 -4.163934e+00 8.051609e+00 -1.260870e+01 9.613919e+00 2.163304e+00
1.140456e+01 -1.504010e+01 -1.338137e+00 2.072662e+00 -4.106188e+00 5.554101e+00 -4.773610e+00 -1.081295e+00 6.545109e+00 -6.220628e+00 4.537629e+00 3.845300e+00
1.222536e+01 -1.597036e+01 -1.178760e+00 3.282312e+00 -7.320630e+00 9.757561e+00 -5.697787e+00 -3.182159e+00 8.374120e+00 -7.808089e+00 7.358520e+00 1.580435e+00
1.256115e+01 -1.578814e+01 -1.669453e+00 2.378360e+00 -6.664138e+00 9.639326e+00 -4.398243e+00 -4.040035e+00 6.392040e+00 -7.022667e+00 7.283117e+00 1.549769e+00
1.155959e+01 -1.450476e+01 -1.867061e+00 3.540988e+00 -7.231185e+00 8.382744e+00 -4.789882e+00 -5.527058e-01 5.810095e+00 -7.102752e+00 6.367973e+00 3.263975e+00
1.284170e+01 -1.569254e+01 -1.600169e+00 3.295107e+00 -1.007644e+01 1.224518e+01 -3.508765e+00 8.674150e-01 3.737506e+00 -8.441919e+00 6.723180e+00 2.255671e-01
1.167203e+01 -1.344461e+01 -1.900152e+00 3.493120e+00 -5.678864e+00 6.073651e+00 -4.697153e+00 5.056007e-01 4.088575e+00 -3.741851e+00 4.237960e+00 3.261849e+00
1.266823e+01 -1.405317e+01 -2.411762e+00 4.104986e+00 -9.729968e+00 8.843951e+00 -1.179158e+00 1.210634e+00 1.922320e+00 -7.517920e+00 7.159749e+00 -3.416101e-01
1.216800e+01 -1.234007e+01 -2.829221e+00 5.722424e+00 -1.074882e+01 8.313597e+00 -2.218646e+00 4.816824e+00 7.630667e-01 -7.167076e+00 2.870783e+00 8.136049e-01
1.227118e+01 -1.216534e+01 -3.475918e+00 5.671160e+00 -5.888609e+00 4.305861e+00 -2.770203e+00 -1.713721e+00 8.464444e+00 -7.290236e+00 4.980588e+00 3.955786e+00
1.267987e+01 -1.027452e+01 -1.159996e-02 2.127241e+00 -8.910295e+00 6.551463e+00 -7.686526e+00 5.921808e+00 3.307575e+00 -7.867232e+00 2.453283e+00 3.740073e+00
1.177484e+01 -9.893288e+00 -3.009510e+00 3.726414e+00 -2.542002e+00 1.186813e+00 -1.100440e+00 -3.008326e+00 8.693980e+00 -8.263243e+00 5.148021e+00 4.816846e+00
1.265046e+01 -1.046719e+01 -2.623808e+00 5.696580e+00 -3.308163e+00 2.431256e+00 -3.958646e+00 -1.106119e+00 6.747096e+00 -6.122054e+00 4.094147e+00 4.695276e+00
1.036381e+01 -7.517516e+00 -7.606605e-01 1.403119e+00 2.350678e-01 9.557226e-01 -3.883936e+00 -1.491498e+00 5.435166e+00 -2.993990e+00 5.728241e-01 7.678721e+00
1.113469e+01 -4.464118e+00 3.518057e+00 -8.872833e-01 -4.496542e+00 2.140617e+00 -1.387216e+01 7.553248e+00 1.748331e+00 -5.274706e+00 2.410360e+00 -1.439835e-01
8.557184e+00 -7.017559e+00 1.887698e+00 -7.884741e-01 1.954055e-01 1.444019e+00 -3.505948e+00 -2.862732e+00 5.499887e+00 -1.138306e+00 -9.624981e-01 9.407627e+00
1.216863e+01 -5.013225e+00 -3.241800e+00 4.813193e+00 -5.769138e-01 -9.071728e-01 -5.268014e+00 -1.441021e-01 3.739140e+00 -2.487201e+00 4.417328e+00 3.523027e+00
1.238757e+01 -4.207546e+00 -2.800772e-01 3.038845e+00 -7.336736e-01 -1.001263e+00 -6.483517e+00 1.038125e-01 1.743538e+00 -2.695469e-01 1.701274e+00 4.617042e+00
1.058399e+01 1.513729e+00 9.742627e+00 1.184775e+00 -6.552495e+00 4.549129e-01 -6.457779e+00 7.672266e+00 -2.076975e+00 -7.894775e-01 -9.507316e-01 -7.530656e+00
1.241323e+01 6.080528e+00 1.300038e+01 5.214144e+00 -9.811259e+00 -1.133105e+01 6.970716e+00 3.669851e+00 -3.386861e+00 5.367488e+00 -2.374280e+00 -8.144368e+00
1.206612e+01 4.481527e+00 1.016392e+01 5.848902e+00 -1.147123e+01 -7.570106e+00 2.944121e+00 8.940422e+00 -5.411910e+00 3.111544e+00 -1.498327e+00 -9.096799e+00
-9.031881e+00 -2.246430e+01 -1.488604e-01 2.542005e+00 9.695267e+00 5.323502e+00 -3.433995e-01 -2.217575e+00 -2.238170e+00 8.142567e+00 -2.230540e+00 3.285252e+00
1.102263e+01 9.384223e+00 1.041379e+01 5.567351e+00 -9.749950e+00 -1.036820e+01 1.134969e+01 2.118305e+00 -5.322183e+00 5.317412e+00 -4.012760e+00 -7.616886e+00
1.315100e+01 -5.118606e-01 5.134209e-01 6.043331e+00 1.722847e+00 -3.877453e+00 -1.453069e+00 2.337931e+00 -3.057336e+00 2.328749e+00 2.074629e+00 3.866200e-01
1.195993e+01 9.520843e+00 1.061276e+01 5.201484e+00 -1.018681e+01 -8.215863e+00 1.056222e+01 4.682864e+00 -6.369275e+00 4.221618e+00 -1.681107e+00 -5.494159e+00
1.040699e+01 2.887820e+00 7.808584e+00 1.087010e+01 -3.535375e+00 -1.005415e+01 4.092432e+00 2.436148e+00 -6.108338e-01 2.663578e+00 -7.432190e+00 -6.731559e+00
9.548840e+00 3.633609e+00 7.813091e+00 1.133087e+01 -2.438948e+00 -9.916521e+00 7.573673e+00 7.072234e-02 -1.580947e+00 1.994997e+00 -6.488646e+00 -8.629996e+00
8.641465e+00 5.778904e+00 8.979757e+00 1.076100e+01 -4.149636e+00 -8.167600e+00 9.327188e+00 4.591955e+00 -1.283597e+00 4.033920e-01 -9.903417e+00 -5.641788e+00
7.877859e+00 1.037903e+01 7.652327e+00 9.859938e+00 1.237631e+00 -5.277199e+00 4.010221e+00 9.739727e+00 2.280053e+00 2.456633e+00 -4.599287e+00 -5.286629e+00
5.429900e+00 9.004710e+00 9.717813e+00 1.321199e+01 2.853340e+00 -4.488509e+00 8.680441e+00 8.195165e+00 -1.109514e+00 1.742661e-01 -4.578388e+00 -5.127241e+00
-9.434725e+00 -1.883686e+01 -1.916253e+00 1.976191e+00 5.859828e+00 3.897178e+00 2.927828e-01 -1.590724e+00 -2.631038e-01 7.077473e+00 9.607109e-01 3.370606e+00
3.119721e+00 5.296072e+00 6.015264e+00 1.556098e+01 5.729569e+00 -5.864522e+00 1.389904e+01 1.022978e+01 2.306434e+00 -2.933621e+00 -5.766324e+00 -2.588152e+00
-1.151098e+01 -8.465597e+00 5.366820e+00 -2.195785e+00 -7.249038e+00 2.439993e+00 7.227464e-01 -1.129779e+01 -6.314864e+00 1.164855e+01 -3.619795e+00 6.638812e-01
1.492713e+00 1.173900e+01 1.428144e+01 6.974406e-01 8.406126e-01 4.678288e+00 5.352173e-01 -3.626304e+00 -3.775596e+00 4.802668e+00 2.251074e+00 1.535967e+00
1.923594e+00 3.580519e+00 2.563246e+00 1.176981e+01 3.981693e+00 -5.656128e+00 1.327735e+01 1.106482e+01 4.344351e+00 5.331850e+00 -5.628171e+00 -4.950928e+00
-1.419033e+01 -3.121231e+00 9.023046e+00 -1.243072e+00 -4.434083e+00 2.805994e+00 1.069952e+01 -6.288114e+00 4.073012e-01 -1.537993e+00 4.150221e-01 -1.274862e+00
-9.756868e+00 -7.209436e+00 9.405736e-01 -2.854446e+00 -6.036392e+00 7.413272e-01 -1.661997e-01 -1.149947e+01 -5.900074e+00 4.396447e+00 -1.095023e+01 -6.172212e+00
-6.935564e+00 -8.617266e+00 3.331805e-01 1.001882e+01 6.257748e+00 5.935705e-02 -6.813168e+00 -1.076814e+01 -2.428399e+00 4.768052e+00 -2.454086e+00 1.939187e-01
2.340178e+00 7.698588e+00 4.921977e-01 -3.503574e+00 -1.119386e+00 -6.755981e+00 1.985003e+00 7.265356e+00 -3.521553e+00 -8.140500e+00 -8.996241e+00 -5.015792e+00
1.757142e+00 4.332260e+00 2.513582e+00 3.560309e+00 6.896520e-02 -1.225597e+01 3.135671e+00 9.695982e+00 3.872887e+00 4.508936e+00 -4.229426e+00 -3.164923e+00
-9.765036e+00 -2.174918e+00 5.610463e+00 -1.458301e+00 -3.249459e-01 4.190996e-01 1.604733e-01 -1.393223e+01 -8.545047e-01 3.365735e+00 3.454537e+00 2.286132e+00
-5.524904e+00 2.607004e+00 8.689601e+00 -1.994765e+00 1.331497e+00 1.278426e+01 -5.918269e-01 -1.278234e+00 1.199067e+00 5.816138e+00 5.822538e+00 2.271994e+00
-1.459627e-01 4.616940e+00 -9.076339e-01 -1.610406e+00 -1.242584e+00 -6.518322e+00 4.097656e+00 3.115211e+00 -3.835999e+00 -6.434461e+00 -6.944753e+00 1.378303e+00
-4.092197e-01 6.242277e+00 3.986371e-01 6.584401e-01 1.304678e+00 -5.667359e+00 2.876068e+00 -1.287604e+00 -3.914757e+00 -3.885417e+00 -8.778319e+00 -3.808601e+00
-1.962399e+00 5.805573e+00 3.538758e-01 -1.028698e+00 2.287879e+00 -3.302964e+00 6.835454e+00 3.722137e+00 -1.106147e+00 -6.614982e+00 -7.816855e+00 -4.822044e+00
-1.928638e+00 1.106877e+01 3.495099e+00 -3.386260e+00 -1.198759e+00 -4.226483e+00 1.462140e+00 7.099628e-03 9.425694e-02 -4.834055e+00 -1.262571e+00 2.557100e+00
-5.194403e+00 7.425591e+00 3.339123e+00 -7.015824e-01 3.680885e+00 -6.382732e+00 -5.056286e-01 1.802747e+00 1.476238e+00 -1.778087e+00 -4.953158e+00 -8.554020e-01
-6.688203e+00 -2.046914e-01 -7.985723e+00 -2.219512e+00 5.612010e+00 -5.520848e+00 -8.765774e+00 -5.598913e+00 2.118231e+00 1.049889e+01 -5.225936e-01 2.598757e+00
-5.887625e+00 2.037397e+00 -1.233782e+01 -5.395569e+00 8.630485e+00 -2.083728e+00 -5.401102e+00 -8.662237e+00 -1.379335e+00 7.173636e+00 -2.456077e+00 -4.272676e+00
-5.869250e+00 8.302160e+00 3.238569e+00 6.081662e-01 -5.096860e-01 -3.255355e+00 6.441025e+00 3.394503e+00 -1.053233e+01 3.184111e+00 1.448188e+00 -4.823600e+00
-3.088790e+00 9.001648e+00 3.634433e+00 8.026872e-01 7.303402e+00 2.840980e+00 2.607852e+00 4.890466e-01 -3.833052e+00 4.054838e-01 3.431125e+00 3.600399e+00
-5.956411e+00 3.210074e+00 -6.422316e+00 -1.759881e+00 1.064746e+01 1.500810e+00 -1.007996e+01 -7.209429e+00 -3.730729e+00 3.306168e+00 -6.411013e+00 6.863900e-01
-5.032873e+00 3.317778e+00 -9.954602e-01 -4.810901e+00 4.539382e+00 1.293244e+00 3.317135e+00 2.287047e+00 -1.679960e-01 3.763844e+00 6.689234e+00 2.588463e+00
-6.357762e+00 4.735826e+00 -2.092753e+00 -5.204847e+00 8.431928e-01 -2.520622e+00 3.691974e+00 1.552432e+00 -7.461282e+00 -6.382500e-01 -2.374982e+00 -1.396719e+00
-5.270138e+00 4.999428e-01 -5.960514e+00 -7.099748e-01 5.528316e+00 -1.175782e+00 -8.563037e+00 -4.618285e+00 -1.047846e+00 1.780161e+00 -1.759824e-01 2.035043e-01
-6.466215e+00 6.326923e-01 -9.984499e+00 -4.553258e+00 4.533185e+00 -2.978072e+00 -6.239440e+00 -6.048454e+00 1.573869e+00 4.262718e+00 -2.138616e+00 3.419493e+00
-7.441543e+00 1.907316e+00 -5.873523e+00 -9.748735e-01 1.001941e+01 -2.791249e+00 -3.165767e+00 -7.895494e-01 4.227696e+00 5.727520e+00 2.781250e+00 2.551879e+00
-6.466290e+00 1.847990e+00 -9.184248e+00 -1.858855e+00 9.769470e+00 3.799519e+00 -1.585518e+00 -4.574863e+00 -3.342838e+00 -3.923386e-01 2.454638e+00 -3.245271e-01
-4.839493e+00 7.183503e+00 1.145394e+00 -3.022728e+00 5.785835e+00 1.657137e+00 3.814287e+00 8.090175e+00 3.732919e+00 -1.953352e+00 -3.038803e+00 5.025427e-01
-6.081705e+00 2.851554e+00 -5.658638e+00 -3.617336e+00 6.416697e+00 -7.247218e-01 -1.055902e+01 -8.537275e+00 -1.547047e+00 3.354130e+00 -7.045313e-01 2.390373e-01
-5.763615e+00 1.625505e+00 -7.230828e+00 -1.552864e+00 8.651849e+00 9.396455e-01 -2.605783e+00 -1.223521e+00 -6.534337e+00 3.886777e-01 -1.188540e+00 1.115220e+00
-5.969445e+00 3.019703e+00 -1.020920e+01 -5.595427e+00 7.269684e+00 -9.406172e-01 -1.725829e+00 2.038065e+00 2.635476e+00 4.976235e+00 1.169996e+00 -1.462044e+00
-6.944109e+00 5.133529e+00 -7.903372e+00 -9.475798e+00 1.953462e+00 -3.047479e+00 -7.426201e+00 -6.864426e+00 1.066519e+00 6.630023e+00 -9.786340e-01 -1.054034e+00
-7.922642e+00 -1.046325e+00 -6.544302e+00 -5.309536e+00 4.495858e+00 -2.840508e+00 -7.183137e+00 -2.977829e+00 1.697157e+00 7.731428e+00 -1.207338e+00 5.816722e+00
-6.679835e+00 1.492464e+00 -8.007153e+00 -3.434175e+00 8.595245e+00 1.691628e+00 -4.578494e+00 -8.648457e+00 -2.222112e+00 6.607887e+00 -5.547012e+00 -5.902035e+00
-5.492013e+00 7.235508e+00 3.265786e-01 -8.567962e+00 -2.682399e+00 -1.163443e+00 2.306121e+00 3.823111e+00 -3.866191e+00 -1.151958e+00 -4.327184e+00 1.845283e+00
-6.468885e+00 2.342136e+00 -5.792316e+00 9.964738e-01 1.178837e+01 3.728679e+00 -2.837900e+00 -1.031781e+00 -5.696758e+00 1.161021e+00 -5.369577e+00 -3.399802e+00
-5.490648e+00 1.021844e+01 -1.082208e+00 -5.868633e+00 -2.357814e+00 -4.098832e+00 6.806048e+00 3.902336e+00 5.480802e-02 8.419731e-01 -7.623187e-01 3.776573e+00
-6.488802e+00 6.273028e+00 4.648544e-01 -3.260509e+00 -6.332206e+00 -7.609794e+00 5.609289e+00 2.905920e+00 -2.892897e+00 9.490981e-01 -3.107155e+00 -3.578818e+00
-4.431343e+00 6.869675e+00 1.973890e+00 -3.480910e+00 6.489142e+00 1.021610e+00 4.795804e+00 1.646575e+00 -1.903950e+00 -2.488455e+00 1.628677e-01 -1.427151e-01
-5.005496e+00 1.075778e+01 3.336905e+00 -2.315802e+00 -2.745796e+00 -4.737501e+00 1.178449e+00 6.722714e+00 4.349582e+00 6.853650e+00 6.995955e+00 3.958129e+00
-3.978454e+00 8.643633e+00 2.941667e+00 -7.104107e+00 -3.253131e-01 -1.309267e+00 2.301760e+00 -2.794538e+00 -5.341941e+00 -6.295680e-01 -3.065742e+00 1.111980e+00
-6.210005e+00 8.803195e+00 2.781496e+00 -4.031611e+00 3.506405e+00 5.479198e+00 5.611982e+00 5.017219e-01 -6.725464e+00 6.695834e-01 1.438087e-01 1.390989e+00
-7.324425e+00 6.695817e+00 -7.760740e-01 -4.317897e+00 -4.497795e+00 -5.196780e+00 -2.057319e+00 -4.437225e+00 -4.430465e+00 1.286409e+00 -6.827743e+00 -6.908314e+00
-6.014647e+00 6.078989e+00 2.822086e+00 -1.935693e+00 -2.604946e+00 -3.076386e+00 5.378279e+00 6.140329e+00 -8.128136e+00 -4.235171e+00 -4.522225e+00 -6.571704e+00
-5.999437e+00 7.554989e+00 4.317643e+00 -1.325943e+00 3.552657e+00 -6.563154e-01 4.127830e+00 3.465217e+00 7.257462e-01 1.274041e+00 5.562807e+00 6.356114e+00
-4.331905e+00 2.781929e+00 -7.714381e+00 -5.170187e+00 7.336430e+00 5.451318e-01 1.272271e+00 -3.198299e+00 -2.525583e+00 1.017414e+00 -4.092414e+00 -2.209440e+00
-9.115894e+00 4.451663e+00 -5.015861e+00 -4.198761e+00 1.588243e+00 -4.653861e+00 -4.084545e+00 -1.845218e+00 -1.450388e+00 1.437725e+00 -2.179006e-01 -1.912631e+00
-6.053426e+00 7.575485e+00 2.670149e+00 -2.431776e+00 1.378410e-01 -8.989450e+00 -1.209703e+00 2.054065e+00 -2.556548e+00 -2.735070e+00 -4.648835e+00 -3.668526e+00
-1.067653e+01 8.062206e+00 -1.402680e+00 -9.077399e+00 1.195856e+00 -4.798638e-01 -6.762633e-01 1.886819e+00 -7.416415e-02 -7.844993e-01 5.331069e+00 9.619900e+00
-7.439992e+00 9.111401e+00 -3.431777e-01 -5.508759e+00 6.892371e-02 -1.943037e+00 -1.822992e+00 1.218882e+00 -3.913332e+00 -3.887061e+00 -1.260598e+00 -1.473650e+00
-7.998022e+00 4.671755e+00 -9.691207e-01 -3.768090e+00 -9.343672e-01 -5.518854e+00 2.695697e+00 1.062533e+00 4.789638e-01 8.277230e+00 -1.345401e+00 -1.138901e+00
-9.681107e+00 2.953113e+00 -2.862079e+00 -1.024907e+00 8.906392e+00 3.081686e+00 -2.624926e+00 -6.194501e+00 -3.204056e+00 2.744516e+00 -2.896739e-01 -3.247062e+00
-6.216922e+00 5.720697e+00 -3.939015e+00 -8.749900e+00 3.780568e+00 -5.874149e-01 -2.047838e+00 -2.771474e+00 -5.489391e+00 3.906555e-01 2.467787e-02 -1.543314e-01
-1.184424e+01 2.599812e+00 -2.882040e+00 -5.486473e+00 4.138607e+00 1.618143e+00 5.961392e+00 5.477087e+00 -2.408475e+00 6.850029e+00 8.582317e+00 7.404089e+00
-6.964805e+00 7.351078e+00 -1.397213e+00 -6.488087e+00 5.780263e-01 2.561501e-01 1.053700e+00 3.460265e+00 2.261899e+00 4.042280e-01 6.341895e-01 5.274965e+00
-5.429018e+00 8.361620e+00 -5.115356e+00 -4.316409e+00 6.586620e+00 -1.210196e+00 1.674672e+00 -9.618168e-01 1.494814e+00 5.185821e+00 -5.179817e+00 -4.596708e+00
-1.304472e+01 3.934986e+00 7.844033e-01 -7.684237e+00 1.914952e+00 8.753777e-03 3.446666e+00 2.623829e+00 4.278048e-01 5.182442e+00 6.276868e+00 1.938879e+00
-9.306133e+00 4.127378e+00 -2.501218e+00 -3.955951e+00 9.997965e+00 2.872522e+00 2.475467e-01 9.770584e-02 2.449688e+00 4.200546e+00 -2.464981e+00 -2.550968e-01
-8.656311e+00 6.908160e+00 6.565296e-02 -3.048052e+00 4.495702e+00 -2.773868e-01 -2.678413e-01 1.912062e-01 -5.100522e-01 3.951298e+00 1.635058e+00 -2.817041e+00
-1.207517e+01 3.832798e+00 -2.973351e+00 -7.363307e+00 3.394005e+00 3.579561e+00 6.069841e+00 2.908466e+00 4.157094e-01 3.294978e+00 6.753618e+00 4.840155e+00
-1.289055e+01 4.806821e+00 -2.122656e+00 -8.700434e+00 2.416332e+00 1.199526e+00 2.279325e+00 -3.539256e+00 -2.015167e+00 1.208477e+00 7.537211e+00 6.516382e+00
