1.046777e+00 -3.321130e+00 -8.496171e-01 4.004568e-01 9.169914e-01 -3.820161e+00 -2.117431e-01 2.875984e+00 -4.541786e-01 -2.347298e+00 6.410471e-01 4.443044e-01
7.897444e-02 -9.121543e-01 2.977845e-01 1.688418e-01 -1.237518e+00 -4.875363e+00 -6.101301e-01 1.640471e+00 1.592857e+00 1.686828e+00 1.073318e+00 6.881560e-01
2.682258e-01 -4.707649e+00 -6.976976e-01 1.160508e+00 1.233560e+00 -2.987616e+00 -4.770163e-01 1.338638e+00 -5.898381e-01 -3.806876e+00 1.820602e-01 3.135614e-02
-2.623562e+00 -1.885141e+00 -1.317275e+00 1.004507e+00 6.915754e-01 2.270358e-02 2.193468e+00 -1.213232e+00 -5.997628e-02 -7.410117e-01 6.093577e-01 -5.012563e-01
-2.333388e+00 -1.330526e+00 -1.871949e+00 7.116684e-01 7.139055e-01 -7.327172e-01 1.886014e+00 1.241717e+00 -1.194473e+00 2.297926e-01 2.132172e+00 4.890959e-01
-2.312968e+00 -2.253794e+00 -4.626995e-01 3.044789e-01 1.102941e+00 2.978735e-02 1.696512e+00 -1.287314e+00 5.683312e-01 -1.691202e+00 -1.245372e+00 -1.105548e+00
-1.398797e+00 -1.434257e-01 -1.188706e+00 -1.410459e+00 2.157591e-01 -2.824399e-01 8.875818e-01 1.537735e+00 -1.764735e+00 8.750302e-01 2.355497e+00 1.433775e+00
-1.043818e+00 -2.262542e+00 -9.852111e-03 -1.141431e+00 8.153958e-01 4.969025e-01 3.750629e-01 -2.148372e+00 1.094777e+00 -1.609385e-01 -1.206245e+00 -6.565160e-01
-1.694982e+00 2.289980e+00 1.721262e+00 -1.678138e-02 -1.489207e+00 -9.254209e-01 2.148144e+00 1.126115e-01 1.364426e+00 2.234222e+00 -1.274467e-01 2.009673e+00
-8.005440e-01 5.352798e-01 -8.306864e-01 -1.590741e+00 1.150921e+00 1.009214e+00 -1.137923e+00 1.062493e-01 -2.818052e-01 7.204090e-01 1.356539e+00 6.320657e-01
2.588246e+00 -2.804235e+00 2.711187e-01 -2.581429e-01 -4.575210e+00 -5.095129e+00 -2.362894e+00 -2.663464e+00 -1.353902e+00 -9.563599e-02 -1.907035e+00 -9.424246e-01
-4.112027e-01 -3.424426e+00 -1.999048e-01 9.760667e-02 2.837704e-01 -1.978131e+00 1.143723e+00 1.037047e+00 -4.338171e-01 -3.042532e+00 -3.727132e-01 7.330590e-02
2.070850e-01 -2.315616e+00 6.961371e-01 -6.682490e-01 -1.963497e+00 -1.489370e+00 5.650655e-01 5.924702e-03 7.899710e-01 1.426235e+00 9.297522e-01 1.519521e+00
6.382362e-01 -1.721581e+00 6.323987e-01 -1.510280e+00 -9.003868e-01 1.166552e-01 -9.165013e-01 -6.673354e-01 1.127597e+00 -8.012086e-01 -1.021330e+00 7.010114e-01
-2.778978e+00 -6.994629e-02 4.452867e-02 4.637892e-01 6.208470e-01 1.694693e+00 1.677227e+00 -3.239999e-01 -3.536584e-01 -1.450953e+00 -6.718612e-01 5.271550e-01
-2.842850e+00 1.401462e+00 1.341297e+00 2.399607e-01 -9.700996e-01 3.691284e-01 2.453900e+00 1.309225e+00 1.085544e+00 7.594094e-01 -5.975091e-01 1.259192e+00
4.978075e+00 -1.577758e+00 2.568021e-01 -6.555938e-01 -4.993639e+00 -6.578716e+00 -3.445312e+00 -4.182948e+00 -2.932044e+00 -1.950737e+00 -4.380772e+00 -3.103427e+00
-1.702229e+00 -2.081641e-01 -1.249622e+00 -8.199217e-01 2.031208e+00 3.108095e+00 1.505999e+00 -1.171445e+00 -2.698717e+00 -2.136040e+00 3.888252e-01 -6.138676e-01
-1.645697e-01 4.785307e-01 -6.117207e-01 -1.665676e+00 -7.243689e-01 6.215259e-01 -8.218436e-01 2.414128e-01 5.390254e-02 -1.193792e+00 -1.192220e+00 -3.605126e-01
-9.363953e-02 -1.183884e+00 1.624267e+00 -4.206603e-01 1.485196e-01 8.643025e-01 1.648861e+00 2.079253e+00 1.342571e+00 1.516369e+00 4.940357e-01 1.876671e+00
1.326101e+00 -1.141039e+00 5.454281e-01 6.341547e-01 -9.351759e-01 -1.282684e+00 -1.909237e+00 6.358910e-01 6.223696e-01 -7.485248e-01 -1.404247e+00 8.516166e-01
-2.593212e-01 -1.647216e+00 1.817061e+00 1.654839e+00 -1.402671e+00 -2.878861e+00 1.484589e+00 2.861958e+00 -6.193496e-01 5.007342e-01 -7.908355e-01 -1.134749e-01
2.994059e-01 -1.812013e-01 2.994305e-01 -1.015589e-01 -2.597013e+00 -9.471553e-01 3.099830e-01 -1.353414e-01 -3.322941e-01 -1.776586e+00 -1.587499e+00 8.288459e-02
-3.568256e-01 -1.047505e+00 1.057032e+00 1.312441e+00 -4.898944e-02 -5.293498e-01 1.604516e+00 1.365082e+00 -5.037061e-01 1.143224e+00 1.034113e+00 8.845693e-01
-4.062553e-01 5.949707e-01 -1.092913e+00 -2.282756e+00 -1.965177e-01 1.595635e+00 8.436753e-01 -1.493795e+00 -1.349901e+00 1.678135e-01 1.043338e+00 -6.779614e-01
-2.656250e-02 2.807025e-01 -4.436595e-02 -8.722093e-02 7.172025e-01 3.177055e-01 1.304751e-01 -1.336937e+00 -6.000887e-01 2.835621e-01 5.968135e-01 -2.355721e-01
-1.413170e-01 -1.317504e+00 9.475924e-01 1.142302e+00 -1.694560e+00 -1.663400e+00 1.000327e+00 1.393493e+00 -3.337527e-01 -1.560395e+00 -1.083903e+00 -1.944569e-01
3.574301e-01 7.729791e-01 -4.998806e-01 8.015998e-01 9.583761e-01 -6.811041e-01 -6.613458e-01 8.445251e-02 -1.085288e+00 -1.604796e+00 -1.134732e-01 -2.707309e-01
-3.433968e-01 5.649481e-01 2.940097e-01 3.608443e-01 1.564564e+00 7.875844e-01 -4.696812e-01 -9.727033e-01 9.564347e-01 2.926315e-01 5.134586e-01 6.499580e-01
-2.811211e-01 5.967344e-01 2.326961e-01 -7.241642e-02 8.945206e-01 1.432608e+00 1.285143e+00 -1.875069e+00 -1.359752e+00 -1.609484e+00 1.380210e+00 2.034409e+00
9.195485e-01 7.765870e-02 -1.882365e-01 1.047712e+00 -1.662382e-01 -1.216341e+00 -9.792898e-01 5.921038e-01 -7.232897e-01 -1.215124e+00 -2.940582e-01 9.643992e-01
5.580606e+00 5.730301e-01 3.441071e-01 -7.774857e-01 -2.638558e+00 -3.879875e+00 -1.772234e+00 -2.896981e+00 -1.782433e+00 -2.232124e+00 -4.507711e+00 -3.627127e+00
9.613886e-02 3.414547e-01 -5.792454e-01 -7.530318e-01 -7.648529e-01 -3.081434e-02 -3.869930e-01 4.187160e-01 -2.721291e-01 -2.579119e-01 6.474401e-01 8.778736e-01
-4.299948e-02 -1.034120e+00 1.721042e+00 -8.931937e-01 4.152813e-01 1.495935e+00 1.909780e+00 2.375451e+00 8.847039e-01 6.183578e-01 -3.979036e-01 1.613227e+00
1.336496e-01 4.094443e-01 1.531445e-01 3.256518e-01 3.096887e-01 9.546108e-01 2.940439e-01 1.906224e+00 1.293448e+00 1.567818e+00 -1.537707e+00 -5.238275e-01
-2.908346e-01 -4.595648e-01 -1.169084e+00 -1.604992e+00 -6.544402e-01 -7.849671e-01 -1.345661e-01 8.979251e-01 8.513485e-01 3.756635e-02 1.791048e-03 2.241902e+00
1.611517e-01 4.207165e-01 -7.599962e-01 -2.335819e+00 -6.714390e-01 1.209012e+00 3.882710e-01 -1.819156e+00 1.046257e-01 1.165503e+00 2.140918e-01 -6.387876e-01
-6.298601e-01 -9.921715e-01 -3.244386e-01 -3.271467e-01 -1.032048e+00 2.394704e-01 6.261672e-01 2.154343e-01 -3.738316e-01 1.940387e+00 8.862960e-01 9.487279e-01
-3.753754e-01 -5.256134e-01 -1.583923e-01 2.813424e-01 -3.062967e-01 -1.127561e-01 1.792436e-01 2.743089e-02 4.673738e-01 7.765261e-01 -6.390280e-01 -9.512719e-01
-3.380449e-01 -4.399040e-01 3.053468e-01 2.750044e-01 -3.671646e-02 -3.365532e-01 2.442010e-01 6.722654e-01 -5.794433e-01 1.072734e+00 8.699659e-01 9.684834e-01
-4.721966e-02 -5.457269e-02 -7.424060e-01 1.546860e-01 9.407015e-01 2.090953e-01 -4.465283e-02 -1.443972e+00 -1.300604e+00 -9.587033e-01 -4.947013e-01 -5.633322e-01
-3.521843e-02 -1.851916e-02 1.279106e-01 -7.970831e-01 -1.558563e-01 -1.492389e+00 -1.128307e+00 1.581427e+00 -1.819288e-01 -9.006178e-01 5.355946e-01 -1.225784e+00
-6.679346e-01 1.099266e+00 1.341461e+00 -1.070443e-01 6.743083e-01 3.989091e-01 -6.496964e-02 1.181076e+00 1.563426e+00 1.673248e-01 -1.802977e+00 3.407229e-01
9.814148e-02 5.503197e-02 -3.346681e-01 -6.056039e-01 -7.891879e-02 1.003423e+00 4.314733e-01 1.227338e-01 -9.242950e-02 3.994652e-01 -3.720506e-01 -1.240896e+00
-2.136370e-01 -5.887866e-01 -5.642546e-01 -1.777263e-01 -2.868503e-01 1.924773e-01 -4.655023e-01 2.737406e-01 1.629515e-01 1.444802e+00 -6.281167e-01 -6.693748e-01
-1.907711e-01 -5.078589e-01 -3.860239e-01 2.116842e-01 -1.158962e-01 9.106460e-01 9.783497e-02 -4.090666e-01 -1.308482e-02 4.950597e-01 -8.103819e-01 -1.450655e+00
-1.014578e-01 -1.369298e-01 -2.786536e-01 -4.415328e-01 6.137705e-01 3.162685e-01 -2.054597e-01 3.814865e-01 1.543762e-01 2.286871e+00 6.087122e-01 -1.059963e-01
-2.986977e-01 -1.277581e+00 9.948958e-01 -1.309921e+00 -6.387187e-01 6.061537e-01 5.994500e-01 1.787665e+00 -8.296736e-01 1.597306e-01 -1.265406e+00 3.737458e-01
-9.766360e-02 -1.065340e-02 4.360924e-02 -4.460891e-01 -9.366144e-01 9.928042e-01 1.891069e-01 -5.791302e-01 -1.522559e-01 -8.404139e-01 1.076021e+00 9.515909e-02
3.193321e-02 2.602122e-01 -2.488402e-02 1.639814e-01 6.273462e-01 -1.491222e-01 4.401804e-01 5.803573e-01 -8.281944e-02 -3.021793e-01 -5.370504e-01 1.993930e+00
2.182922e-01 2.811182e-01 -4.471320e-02 3.181600e-01 7.766837e-01 -3.445819e-01 3.018122e-01 9.164814e-01 1.776007e-01 1.269627e+00 1.555991e+00 -2.495861e-01
-1.018543e-01 -6.163707e-01 -7.111282e-01 -4.093824e-01 -2.874830e-01 -9.845260e-01 -1.351935e-01 -1.515798e-01 1.132613e+00 2.308982e-01 -1.538774e+00 -1.378041e+00
1.149012e-01 2.002039e-01 -1.698697e-02 7.494715e-01 6.660425e-01 2.494904e-01 4.775346e-01 1.179371e+00 5.752932e-01 7.205345e-01 -1.212355e+00 9.301726e-01
4.294090e-02 -1.402062e-01 -1.552578e-01 2.027079e-02 5.440176e-01 -8.281045e-01 -1.054158e-01 2.235775e+00 -3.943782e-02 1.646279e-01 7.195206e-01 6.800734e-01
3.532046e-01 6.828305e-01 8.238958e-01 6.818005e-01 6.574672e-01 1.909084e-01 -6.834738e-01 3.937041e-02 -8.195046e-01 -2.317319e-01 2.212421e-01 -2.450846e+00
4.106369e-01 1.221004e+00 6.427538e-01 5.556878e-01 6.110637e-01 -2.915810e-01 9.646247e-01 8.454890e-01 -1.503040e-01 1.513606e+00 2.337556e+00 5.729595e-01
2.754099e-01 2.733503e-01 -1.935496e-01 -9.770697e-01 -3.563790e-01 5.242046e-01 1.238696e+00 -3.330541e-01 -1.298689e+00 -1.992887e+00 2.013227e-02 4.396439e-02
-2.097944e-01 -1.642735e-01 -7.753353e-02 2.278724e-02 -1.711230e-02 1.426918e+00 2.190890e-01 -6.378351e-01 -2.029918e-01 -5.569699e-02 1.486943e+00 -1.395433e-01
9.250832e-02 2.477375e-02 -3.551297e-01 -5.375752e-01 4.824827e-01 -5.710856e-01 1.627965e-01 -7.705512e-01 -8.760055e-01 -1.485111e+00 4.205797e-01 1.334906e+00
-4.214484e-01 -3.942123e-01 1.595175e-01 1.111137e+00 1.605683e+00 1.746226e+00 4.954304e-01 -1.856140e-01 1.793611e+00 3.225595e-01 4.417067e-02 -4.638457e-01
-1.517707e-01 -2.697607e-01 -7.556634e-01 -2.299676e-01 1.388902e-01 2.159045e-01 6.706164e-01 1.729273e-01 2.003718e+00 1.914310e+00 8.412040e-01 1.960195e+00
2.624392e-01 6.188548e-01 1.196262e+00 1.152370e+00 2.027600e-01 -1.131025e-01 1.225556e+00 -4.710948e-02 -6.786423e-01 8.320608e-02 4.503242e-01 4.620337e-02
2.554235e-01 5.436252e-02 -8.919927e-01 1.789074e-01 7.768804e-01 -7.194129e-01 4.436550e-01 -9.236482e-01 9.919621e-01 -4.083948e-01 -1.339073e+00 3.346014e-03
5.289873e-01 5.726835e-01 -1.941103e-01 9.525282e-01 1.032742e+00 -9.791458e-02 4.975272e-01 -1.557411e+00 6.549929e-01 -3.851997e-01 -3.499691e-01 5.324801e-01
3.592909e-01 5.026069e-01 -3.498957e-01 5.487186e-01 9.018745e-01 1.118867e+00 3.613201e-01 -1.619517e+00 -1.015242e-01 8.243370e-01 1.310063e+00 1.471644e+00
-4.517708e-02 7.250124e-01 5.591232e-01 -9.437416e-01 4.634295e-01 8.923992e-01 8.829874e-01 -1.629286e+00 -1.305297e+00 -1.435351e+00 1.721723e+00 1.022305e+00
4.724865e-02 -2.393948e-01 1.576152e-01 -5.626549e-01 -4.678826e-02 9.846306e-01 6.751542e-02 -1.049456e+00 -7.962737e-01 -4.923556e-01 -3.241707e-01 9.703793e-02
1.001270e+00 1.394696e+00 6.537481e-02 -9.445356e-01 -4.387635e-01 2.118265e-01 -1.295169e+00 -1.866024e+00 1.104320e-01 3.395949e-02 6.657612e-01 1.225977e+00
-4.393521e-01 3.226193e-01 3.329273e-01 1.107824e-01 1.962284e+00 1.477021e+00 1.706635e+00 1.391118e+00 6.192049e-01 -4.352491e-01 -1.319830e+00 -1.981617e-01
-8.258220e-01 -5.159148e-01 4.672302e-01 -5.747386e-01 -1.528486e+00 -8.777599e-01 -3.898092e-02 -2.733374e+00 -1.158763e+00 -1.091547e+00 -1.362464e+00 -1.468536e-01
3.113798e-01 2.270303e-02 -8.031113e-01 -9.458719e-01 -4.581856e-01 9.309246e-01 -4.878320e-01 9.908487e-02 1.368417e+00 6.367680e-01 -1.540980e+00 -9.995823e-01
-2.584843e-01 -1.358093e-01 -2.948636e-01 -4.659224e-01 -5.279824e-01 -1.751562e-01 1.237560e+00 -8.083670e-01 -1.363140e-01 1.237374e+00 1.283771e+00 7.022011e-01
2.987856e-01 -1.072087e-01 8.702116e-01 1.860253e-01 -2.671563e-01 4.995481e-01 -2.895618e-01 -5.337156e-01 3.430145e-01 8.232436e-02 -1.150287e+00 -8.591211e-01
1.537120e-02 -1.058364e+00 7.220020e-02 -4.298019e-01 -1.344602e+00 7.781771e-01 3.721716e-01 1.441720e+00 -6.118125e-01 -4.777280e-01 -1.540184e-02 -2.372156e-01
3.207531e-02 2.011843e-02 -5.131038e-01 1.268820e-01 2.937367e-01 -2.815456e-02 -1.846185e+00 -1.960571e-01 2.215533e+00 1.289433e-01 -2.337569e+00 -5.108507e-01
-1.761322e-02 -2.165067e-01 -6.486585e-02 -2.204706e-01 -8.434197e-01 -3.217060e-02 1.368448e+00 -7.805448e-01 -6.785006e-01 -3.259819e-02 9.264948e-01 -1.077898e+00
8.001612e-01 -1.885149e-01 -2.435637e-01 1.768079e-01 -6.447325e-01 1.165173e+00 8.112516e-01 2.818528e+00 4.340762e-01 1.490748e+00 2.203688e+00 1.425663e+00
-5.436805e-01 -2.505924e-01 7.472551e-01 1.099776e+00 2.746852e+00 2.263972e+00 2.487683e+00 9.491560e-01 4.603548e-01 -3.985569e-01 -1.241603e+00 -4.670673e-01
-9.184130e-01 2.169521e+00 1.508752e+00 -5.105082e-01 -1.754373e-01 -7.529820e-01 -2.612185e+00 -2.159250e+00 -4.547893e-01 3.771937e-01 -1.094683e+00 8.264680e-02
3.796735e-01 -5.379010e-01 -1.691036e-01 -1.290957e-01 -1.035125e+00 9.486694e-01 4.343709e-01 2.182790e+00 -2.266628e-01 2.915954e-01 1.449323e+00 -8.063341e-03
1.072065e+00 1.637188e+00 2.757520e-01 -1.268183e+00 2.239623e-01 6.074917e-01 -1.828374e+00 -1.493550e+00 1.284500e+00 -4.256995e-01 2.241102e-01 8.729753e-01
9.015913e-01 1.104606e-01 6.261131e-01 -3.078787e-01 7.977314e-02 5.126612e-01 1.213376e+00 2.077231e+00 2.842910e-01 2.106872e+00 2.196103e+00 1.552699e+00
-8.887442e-01 -3.928497e-02 -2.081424e+00 -4.281722e-01 -2.123412e-01 -6.497968e-01 -1.295705e+00 -2.577681e+00 3.784633e-01 1.450545e+00 -2.485010e+00 1.725694e-02
1.994135e-01 -6.330224e-01 -2.877645e-01 -7.658868e-01 -3.542247e-01 7.198228e-01 7.728418e-01 2.473588e-01 3.870632e-02 -5.406950e-01 9.428821e-01 3.590830e-01
2.326982e+00 2.268175e+00 6.906570e-01 -8.903459e-01 -1.865576e-01 -1.113037e-01 -1.155791e+00 -8.205412e-01 1.862290e+00 -4.164690e-01 -1.331849e+00 -1.212579e+00
-9.361246e-01 6.389506e-01 1.597157e+00 -3.115013e-01 1.380657e+00 -5.040167e-01 1.448962e+00 -7.238874e-01 7.165623e-03 3.122185e-01 2.830085e+00 1.989138e-02
8.516739e-02 7.468451e-01 1.466554e+00 -2.285513e-01 1.057814e+00 3.215929e-01 1.235507e+00 6.808539e-01 -3.421171e-01 1.596293e+00 2.161685e+00 8.176276e-01
4.779422e+00 2.167475e+00 7.344254e-01 -8.954946e-01 -1.101151e+00 -1.435337e+00 -9.699554e-01 -6.665374e-01 3.171148e-01 -1.288811e+00 -3.323242e+00 -3.307302e+00
-1.145316e+00 3.359186e+00 1.433476e+00 -3.861081e-01 -7.569984e-01 -2.782639e+00 -3.494962e+00 -2.315964e+00 4.458400e-01 2.507815e+00 3.213651e-01 1.798349e-01
4.734362e-01 -9.044153e-01 -1.034737e+00 -1.446750e+00 -9.522549e-01 8.631320e-01 -3.225385e-01 1.220472e+00 7.034596e-01 8.757396e-01 1.501837e-01 -1.020221e+00
1.154959e+00 -3.392155e-01 -1.556334e-01 -1.235533e+00 -1.217371e+00 -4.560869e-01 -1.284509e+00 2.362998e+00 1.272877e+00 2.186714e+00 6.071068e-01 -1.535474e+00
1.662112e+00 -9.927936e-02 5.653557e-01 -6.857790e-01 -6.321174e-01 7.092069e-01 -1.110492e+00 1.248923e+00 6.342668e-01 5.787126e-01 -5.621918e-01 -2.211299e+00
-2.346150e+00 -2.010192e-01 3.032216e-01 3.404330e-01 3.522918e+00 4.662815e+00 -9.778966e-01 3.735770e-01 -1.638502e+00 -2.489205e+00 2.789352e+00 -5.237535e-01
2.088068e+00 1.204113e+00 2.240081e+00 4.050700e-01 8.143604e-01 1.024651e+00 -1.658067e+00 4.091278e-01 -1.300316e-01 -2.130633e-01 -9.676401e-01 -1.385646e+00
-9.392320e-01 1.190598e+00 -4.179177e+00 -9.084038e-01 2.791245e+00 1.427852e+00 -5.231339e-01 -6.857043e-01 3.607744e+00 3.079237e+00 -2.853284e+00 6.552832e-01
-1.324281e+00 3.487084e+00 7.701551e-01 5.759153e-01 -6.245874e-01 -1.888153e+00 -1.247810e+00 -2.403293e+00 8.477219e-01 3.251162e+00 5.445963e-01 -3.534048e-01
-1.515910e+00 1.734115e+00 -2.092440e+00 -1.308494e+00 3.973455e+00 5.782247e+00 7.377074e-01 3.350542e+00 3.358166e+00 -1.700678e-01 2.272401e+00 4.883769e-01
3.405485e+00 1.983983e+00 3.564157e+00 1.935811e+00 2.927101e-01 -2.815116e-01 -1.133648e+00 3.921433e-01 -1.454162e+00 -2.053793e+00 -1.073154e+00 -6.223931e-01
-1.041150e+00 2.710702e-01 -2.276047e+00 8.097536e-01 -7.139503e-01 -5.580176e-02 4.274941e-03 -1.189024e+00 1.029868e+00 2.910155e+00 4.727544e-01 -3.993257e-01
-1.690192e+00 1.862401e+00 -3.908337e+00 -1.712743e+00 4.128399e+00 4.432856e+00 -1.627490e+00 1.019850e+00 5.210307e+00 2.112657e+00 -8.105213e-01 7.467849e-01
9.809432e-01 -1.492762e+00 -2.780800e+00 1.702547e+00 -1.510782e+00 3.947394e-01 1.280699e+00 1.215769e+00 2.477264e-01 6.002866e-01 3.641014e-02 -1.626227e-02
3.603558e+00 1.160600e-01 1.339404e+00 1.705587e+00 -4.647964e-01 4.883593e-01 -6.339162e-01 5.394500e-01 -2.991311e+00 -2.520210e+00 3.716354e-02 3.914258e-01
2.882385e+00 -1.398694e+00 -1.291834e+00 2.332454e+00 -1.436782e+00 6.348459e-02 2.708999e-01 8.601723e-01 -2.714182e+00 -2.558815e+00 -3.824903e-01 7.713472e-01
-1.420169e+00 2.919282e+00 9.796944e-01 1.901155e+00 -1.423702e-01 -5.954716e-01 1.403280e+00 -7.083502e-01 7.574326e-01 1.445414e+00 2.749224e+00 -6.648328e-01
-2.068620e+00 1.646624e+00 6.050413e-01 3.919754e+00 2.115251e+00 3.114823e+00 -1.244879e+00 -5.009098e-01 -3.589799e+00 -1.546954e+00 1.404442e+00 -5.975710e-01
-1.901439e+00 2.231531e+00 -8.633392e-01 4.905704e+00 1.485058e+00 5.578186e-01 -1.220429e+00 -1.669962e+00 -2.431130e+00 9.537562e-01 -6.068869e-02 -4.693991e-01
-2.288641e+00 3.018785e+00 -7.560611e-01 3.586210e+00 7.416533e-01 -2.823286e-01 -9.907936e-01 -1.884222e+00 -1.339897e-01 1.255534e+00 8.327051e-01 -1.176714e+00
