1.186413e+01 -8.733251e+00 -6.928948e-01 -1.214857e+01 -1.184397e+01 2.183899e+01 -2.373631e+00 -9.600725e-01 2.380928e+00 -1.244821e+01 3.970832e+00 -1.870462e+00
1.181812e+01 -9.040331e+00 -8.748834e-01 -1.215847e+01 -1.127826e+01 2.253550e+01 -1.895344e+00 -5.886905e-01 2.066182e+00 -1.244598e+01 2.478715e+00 -1.891836e+00
1.204043e+01 -8.484028e+00 -4.175698e-01 -1.213081e+01 -1.210115e+01 1.982012e+01 -2.356086e+00 -7.708080e-01 2.679780e+00 -1.276366e+01 4.942596e+00 -2.403812e+00
1.414940e+01 -1.472114e+01 2.298399e+00 -1.175038e+01 -1.132318e+00 1.715101e+01 -5.778398e+00 1.806391e+00 -4.916955e+00 -4.155006e+00 -5.004458e+00 -1.656437e+00
1.407588e+01 -1.379696e+01 1.587116e+00 -1.077038e+01 -5.057340e+00 1.923819e+01 -4.697869e+00 -1.454468e+00 4.232448e-02 -9.085264e+00 -7.125180e-01 -4.362160e+00
1.404137e+01 -1.256695e+01 -2.373435e-01 -1.133387e+01 -7.771309e+00 2.270781e+01 -2.852724e+00 -1.492026e+00 3.133470e+00 -1.330536e+01 2.127801e+00 -5.356645e+00
1.268877e+01 -8.226515e+00 4.819096e-01 -1.341375e+01 -1.208957e+01 1.737547e+01 -1.320699e+00 -1.744552e-01 2.158036e+00 -1.186422e+01 4.044873e+00 -1.850205e+00
1.385440e+01 -1.213530e+01 4.256402e-01 -1.196564e+01 -8.263033e+00 2.215335e+01 -1.143851e+00 -2.403131e+00 4.963046e+00 -1.396714e+01 2.681257e+00 -6.716591e+00
1.391651e+01 -1.247246e+01 4.368419e-01 -1.239075e+01 -6.205657e+00 2.110289e+01 -3.960925e+00 -2.112539e-01 4.633247e-01 -1.084380e+01 5.976689e-01 -4.797973e+00
1.175991e+01 -8.949437e+00 -6.538543e-01 -1.168378e+01 -1.166031e+01 2.205492e+01 -1.064496e+00 4.375219e-02 2.866092e+00 -1.296559e+01 1.087124e+00 -2.426636e+00
1.425316e+01 -8.710756e+00 7.738008e-01 -1.393827e+01 -1.237071e+01 1.640193e+01 -1.055125e+00 3.924868e-01 1.527280e-02 -1.257312e+01 4.535671e+00 2.656435e-01
1.373013e+01 -1.233842e+01 4.046961e-01 -1.219180e+01 -4.168376e+00 1.895583e+01 -3.290694e+00 -1.749080e+00 9.097463e-02 -9.100565e+00 -1.258540e+00 -3.442476e+00
1.323920e+01 -1.082636e+01 -1.340542e-01 -1.139469e+01 -1.000344e+01 2.222293e+01 -1.138025e+00 -9.111514e-01 4.050993e+00 -1.296737e+01 9.982860e-01 -4.493767e+00
1.271713e+01 -1.000216e+01 -2.398093e-01 -1.131782e+01 -1.125329e+01 2.242198e+01 -1.070067e+00 -5.241301e-01 4.110648e+00 -1.432536e+01 2.322368e+00 -4.933220e+00
1.338178e+01 -1.323559e+01 -1.982890e-01 -6.665032e+00 -3.349534e+00 1.808072e+01 -7.012335e+00 3.528168e+00 -4.254975e+00 -1.948267e+00 -5.634133e+00 -3.389023e+00
1.673086e+01 -8.852880e+00 1.976021e+00 -1.472347e+01 -1.059677e+01 1.378189e+01 -7.261586e-01 -2.112638e+00 8.861814e-01 -1.321765e+01 7.181493e+00 7.572197e-01
1.259345e+01 -1.159436e+01 -1.797687e+00 -4.822546e+00 -4.025543e+00 1.575764e+01 -7.070241e+00 2.613337e+00 -1.376363e-01 -2.226930e+00 -5.475408e+00 -4.607666e+00
1.287213e+01 -1.289071e+01 -2.036221e+00 -2.835150e+00 -4.426203e+00 1.642644e+01 -8.123878e+00 5.254572e+00 3.010789e-01 -1.753967e-01 -8.152534e+00 -6.400018e+00
1.360514e+01 -1.313673e+01 -2.998023e+00 6.919665e-01 -3.012550e+00 1.026556e+01 -4.263929e+00 2.804392e+00 4.837194e+00 -1.527305e-01 -5.739617e+00 -9.480145e+00
1.324869e+01 -1.218270e+01 -2.265380e+00 3.001228e+00 -5.729056e+00 1.073870e+01 -6.648173e+00 4.709684e+00 7.731702e+00 -1.702536e+00 -3.916044e+00 -7.262313e+00
1.830042e+01 -6.909432e+00 4.069188e-01 -1.231383e+01 -1.204437e+01 1.090755e+01 -6.496944e-01 5.759828e-01 7.466704e-01 -1.002153e+01 6.003328e+00 2.018048e+00
1.239671e+01 -1.287079e+01 2.436478e+00 1.253271e+00 -5.605026e+00 6.155230e+00 -8.702793e+00 8.809396e+00 7.719856e+00 4.377598e-01 -6.747634e+00 -1.306241e+01
1.061572e+01 -1.026873e+01 2.866107e+00 -1.929474e+00 -1.136468e+00 6.107793e+00 -9.517321e+00 1.045576e+01 1.217839e+00 2.688770e+00 -6.111022e+00 -1.172266e+01
1.241314e+01 -1.154611e+01 3.255616e+00 2.248724e-01 -4.037210e+00 2.059493e+00 -9.468031e+00 1.222362e+01 5.858247e+00 3.464408e+00 -5.211247e+00 -1.296756e+01
1.165749e+01 -9.741874e+00 4.907516e+00 2.454795e-01 -1.641164e+00 -2.042351e+00 -9.825129e+00 1.658699e+01 -2.922637e-01 5.080763e+00 -1.971450e+00 -1.147871e+01
1.349089e+01 -9.495865e+00 3.937342e+00 4.115129e-01 -1.669070e+00 -9.684389e+00 -7.126962e+00 1.276827e+01 5.577274e+00 3.603225e+00 -9.501634e-01 -1.000703e+01
1.015800e+01 -6.783828e+00 4.843921e+00 -1.614953e+00 -9.397562e-01 -8.787816e+00 -4.581481e+00 1.354570e+01 2.622866e+00 3.681996e+00 -1.536652e+00 -1.475321e+01
1.350986e+01 -7.537693e+00 5.164551e+00 -1.195256e+00 2.449508e-01 -7.344736e+00 -1.268402e+01 1.653814e+01 3.226279e-01 3.174663e+00 4.917013e+00 -1.030430e+01
-1.901104e+01 -1.467777e+00 -5.499592e+00 1.480418e+00 -1.842358e+00 4.059065e+00 2.130712e+00 -2.011135e-01 -1.009071e+00 1.758265e+00 3.765532e+00 2.004501e-01
1.754928e+01 1.364586e-01 -3.392908e+00 -1.056479e+01 -1.069180e+01 9.533646e+00 6.872220e-01 -1.289484e+00 4.034018e+00 -7.588117e+00 5.106015e+00 2.772739e+00
1.390483e+01 -6.008800e+00 5.556549e+00 -1.219590e+00 -3.365342e+00 -3.714189e+00 -1.825634e+01 6.801895e+00 1.193562e+01 1.822055e+00 3.934015e+00 -2.541050e+00
-1.907357e+01 -6.930935e-01 -6.234254e+00 4.217513e+00 -3.222957e+00 -2.033609e+00 -1.024498e+00 3.282208e+00 6.861733e-01 4.523263e+00 3.037161e+00 -1.493911e+00
1.403759e+01 -5.241235e+00 4.973333e+00 -1.856188e+00 -7.324338e-02 -4.404565e+00 -1.592492e+01 8.730227e+00 8.380550e+00 2.048779e-01 3.682459e+00 -2.364863e+00
-1.602897e+01 -6.476127e+00 -7.696059e+00 -1.994975e+00 -6.251706e+00 -8.295035e+00 -2.352045e+00 -5.662043e+00 -4.352870e-01 5.301187e+00 2.590733e+00 8.030963e-01
1.490725e+01 -3.411888e+00 4.529690e+00 -1.553081e+00 -3.397020e+00 -3.204996e+00 -1.708216e+01 2.143182e+00 7.965523e+00 5.736705e+00 1.482378e+00 1.748666e+00
-1.057412e+01 -9.832507e+00 -8.780970e+00 -3.597247e+00 -7.472716e+00 -9.152232e+00 -3.094338e+00 -4.449086e+00 -2.779961e+00 8.335880e-01 1.532853e+00 3.773090e+00
-1.166940e+01 -8.346315e+00 -6.531133e+00 2.417014e+00 -2.345869e+00 -6.725625e+00 -2.588855e+00 -4.090055e+00 -5.504848e+00 -1.434199e+00 -2.417323e+00 -9.855012e-01
-3.734454e+00 -1.838703e+00 -5.837402e+00 -2.095347e+00 -8.270985e+00 -8.906118e+00 -4.130305e+00 -2.261345e+00 -6.655313e-01 -1.599765e+00 9.997909e-01 -1.050942e-01
-6.465066e+00 -4.082510e+00 -3.877389e+00 -7.638493e-01 -1.728998e+00 -3.400837e+00 1.756992e+00 -2.953604e+00 -7.598978e+00 3.501368e-02 2.463378e+00 2.745963e+00
1.112413e+01 -2.812136e+00 1.159877e+01 4.850089e+00 -4.322767e-01 -9.868116e+00 -2.057988e+01 3.139628e+00 5.960732e+00 7.936604e+00 7.263858e+00 -2.009057e+00
-1.529681e+01 2.605944e+00 -7.611041e+00 4.728986e+00 -1.119597e+00 -1.328821e-01 -2.690080e+00 -6.320381e-01 4.720131e+00 3.356147e+00 2.573305e+00 1.697568e+00
-4.015832e+00 -5.203371e+00 -1.057452e-01 -6.348181e-01 -2.474454e+00 -2.786074e+00 4.995688e+00 3.134827e+00 1.073650e+00 -3.420720e-01 3.362417e+00 1.390824e+00
-1.155974e+01 -6.691003e+00 -6.989328e+00 3.429424e+00 1.881620e+00 3.903198e-02 -1.849070e+00 1.196141e+00 9.961768e-01 -1.267666e+00 -8.943843e-01 3.596016e+00
-9.941398e+00 -5.040968e+00 -5.613010e+00 3.383852e+00 -4.422584e+00 -4.014105e+00 -4.886950e+00 -4.302949e+00 -5.929949e+00 1.118764e+00 -6.305904e-01 2.935261e+00
-1.008005e+01 -6.276832e+00 -7.452907e+00 4.003448e+00 1.652423e+00 2.246507e+00 -3.219710e+00 2.250057e+00 -6.028614e-01 5.165111e+00 -9.211171e-01 2.864200e+00
9.144546e+00 -3.637276e-01 1.260409e+01 4.863223e+00 4.013174e+00 -1.414470e+01 -2.013723e+01 4.539635e+00 2.292880e+00 6.262473e+00 2.965243e+00 -4.953196e+00
-5.590580e+00 -4.728768e-01 -8.377339e-01 6.377753e+00 7.626672e-01 2.010917e+00 6.626940e-01 -2.818358e+00 -6.436215e+00 -6.004960e+00 -4.797687e+00 2.974658e+00
-6.209201e+00 7.486474e+00 -3.327515e+00 -3.213861e+00 -1.626104e+00 -1.289671e+01 3.242933e+00 -8.235299e+00 -1.172199e+01 -4.066067e+00 1.473109e+00 4.947643e+00
7.670641e-01 -1.467853e+00 3.863057e+00 1.578784e+00 2.075922e+00 -2.781285e+00 6.321677e+00 -1.829373e+00 -1.056019e+00 -2.052744e+00 3.054042e+00 -3.500883e+00
-1.426597e+01 -4.971957e-01 -9.460134e+00 4.935717e+00 -1.483572e+00 5.857291e-01 3.524046e-01 -1.902556e-01 -4.409754e-02 6.567803e+00 8.683516e+00 6.011235e+00
-1.122507e+01 6.280593e+00 -3.295062e+00 -3.640511e+00 2.869667e+00 -8.068005e+00 4.720231e+00 -3.498241e+00 -3.393400e+00 5.602214e+00 1.963053e+00 7.040813e-01
7.481766e-01 -2.289427e+00 -3.644660e+00 1.534515e+00 -1.642568e-01 -2.740932e-01 3.560709e+00 -3.861287e+00 -5.907475e+00 4.534222e+00 6.613212e+00 2.300147e+00
-7.812650e+00 -2.183078e+00 4.002844e+00 2.228085e-01 -6.059629e+00 -1.342850e+01 6.834928e+00 -1.515316e+01 -2.113349e+00 -1.549846e+01 -4.481918e-01 5.378312e-01
-1.218714e+01 -7.725031e-01 -8.407009e+00 6.759990e+00 -3.461702e+00 -1.764514e+00 -2.735976e+00 -7.140780e+00 -1.241533e+00 1.798871e+00 2.236633e+00 2.162679e+00
-8.509808e-01 4.801224e+00 3.193700e+00 1.100000e+01 8.019169e+00 -2.020390e+00 -2.399588e+00 -1.477644e+00 -5.143334e+00 -5.407958e+00 -4.250363e+00 -2.203085e+00
7.560852e+00 6.873254e+00 7.265774e+00 7.262483e+00 4.313903e+00 -1.106851e+01 -9.531109e+00 -2.682745e+00 2.729359e-01 2.171370e+00 -1.404857e+00 -4.475791e+00
-9.645213e+00 1.708113e+00 -5.066071e+00 1.058643e+01 1.842422e-01 2.495930e+00 -1.314384e+00 -2.936303e+00 -1.586897e+00 2.138036e+00 4.533972e+00 1.465712e+00
-1.283362e+00 6.013525e+00 -5.215623e+00 8.815137e+00 6.076072e+00 6.568761e+00 4.235763e+00 3.081995e+00 -4.426311e+00 -1.392104e+00 -1.422899e+00 -4.800353e+00
5.285405e+00 3.592181e-01 2.689351e+00 2.193368e+00 1.221622e+00 -3.590703e+00 8.413638e+00 3.038905e+00 -1.379952e+00 -7.282581e+00 -4.768624e+00 -5.055931e+00
-7.724824e+00 -6.755630e+00 1.247220e+00 1.426907e+00 9.191797e+00 -4.309748e+00 1.190263e+00 -4.467555e+00 -1.268674e+01 -1.769104e-01 4.392424e+00 2.371838e+00
-5.763832e+00 4.363606e+00 -7.781673e+00 8.792253e+00 -4.400980e+00 -3.584968e+00 -4.403502e+00 -6.068737e+00 -3.270134e+00 -1.728169e+00 -2.070347e+00 1.031171e+00
-1.243467e+01 7.536028e+00 3.856116e+00 -3.189058e+00 7.624084e+00 -1.304939e+01 6.991705e+00 -2.224397e+00 -5.420834e+00 6.403836e+00 6.026492e+00 5.498746e+00
-1.187503e+01 8.266989e+00 -2.101981e+00 -4.782074e+00 8.220129e+00 -1.007594e+01 9.016249e+00 -3.840129e+00 8.095051e+00 5.091890e+00 9.300878e-01 2.794600e+00
7.098812e+00 4.152773e+00 3.174030e+00 1.060287e+01 7.560467e+00 1.297302e-01 3.385075e+00 1.225483e-01 2.064190e+00 1.976142e+00 -5.509719e-01 -5.720593e-01
6.072019e+00 3.306558e+00 4.705670e+00 9.619803e+00 4.594204e+00 -9.873747e+00 -2.432831e+00 -4.149918e+00 -3.031401e+00 -1.812933e+00 -2.671700e+00 -6.018915e+00
4.827425e+00 2.011989e+00 6.153466e-01 7.246956e+00 1.291161e+01 3.602266e+00 4.688283e+00 7.539724e+00 4.631910e+00 3.066837e-01 -6.137986e+00 2.952880e+00
-7.644506e+00 -2.021790e-01 2.986691e+00 2.360713e+00 -4.864889e+00 -7.893924e+00 8.499201e+00 -8.099662e+00 9.374408e-01 -5.890440e+00 2.580452e+00 4.915655e+00
-6.250945e+00 -8.594645e+00 -7.182938e-01 6.191546e+00 3.477523e+00 -4.246361e+00 7.085707e+00 -8.060061e+00 -4.631995e+00 1.266617e+00 2.363888e+00 7.517959e+00
3.784282e+00 1.706847e+00 -9.104455e-01 6.895434e+00 1.535454e+01 8.314322e+00 7.449827e+00 7.063719e+00 3.895329e+00 -1.834199e+00 -8.278108e+00 -2.505193e+00
4.451223e+00 1.040242e+01 -1.234442e+00 5.836745e+00 6.205637e+00 6.585994e-01 -3.893678e-01 -1.038039e-01 -3.848245e+00 -3.389841e+00 -6.857240e+00 -3.053206e+00
4.472736e+00 5.907596e+00 -2.499502e+00 7.191299e+00 1.271832e+01 7.063612e+00 8.234531e+00 6.699860e-01 -2.939593e+00 3.973341e-02 -4.213945e+00 -4.523512e-01
-4.433247e+00 2.120891e+00 -4.289949e+00 4.183159e+00 -3.978394e+00 -4.392452e+00 4.132133e-01 -5.085216e+00 -4.704872e+00 -1.247803e+00 -1.092342e+00 -4.021021e+00
4.977657e+00 4.715119e+00 -1.850925e+00 1.034470e+01 1.271610e+01 3.071512e+00 1.267963e+01 2.846884e+00 -6.264075e+00 -1.140459e+00 -6.769261e+00 -2.366684e+00
-3.656252e+00 8.511659e+00 8.359592e-01 8.028587e-01 -2.180590e+00 -9.457909e+00 -1.463885e+00 -7.662651e+00 -9.044383e+00 -5.835954e+00 -2.660023e+00 2.671839e+00
3.614965e+00 8.504350e+00 1.418576e+00 6.238284e+00 1.169740e+01 5.268884e+00 8.894170e+00 7.192735e+00 2.708107e-01 -1.446061e+00 -4.197510e+00 -1.301132e+00
-2.622615e+00 2.305026e+00 -1.714741e+00 -1.794536e+00 -6.496823e+00 -9.967797e+00 3.395443e+00 2.236247e-02 -3.439135e+00 -1.830945e-01 2.030357e+00 -4.347150e+00
2.715196e+00 7.236856e+00 2.190783e+00 8.379352e+00 1.298154e+01 -2.695952e+00 1.553040e+00 1.397682e+00 -2.246763e-01 6.598150e+00 -1.175490e+00 2.803023e+00
8.386478e-01 7.564595e+00 -1.935745e+00 4.910730e+00 1.149385e+01 2.533836e+00 3.758123e+00 1.970128e+00 5.956354e-01 6.523934e+00 -4.726666e+00 9.662542e-01
-7.649413e+00 4.920574e+00 7.601368e-01 4.984630e-01 9.077908e+00 -2.936724e+00 -6.017659e-01 -1.532741e+00 -1.836198e+00 6.841668e+00 1.251195e+00 1.195550e+00
1.745894e+00 7.455411e+00 -1.183739e-01 5.878729e+00 9.333639e+00 4.873519e+00 8.342808e+00 4.103685e+00 3.018230e+00 3.028265e+00 -3.476469e+00 -9.050065e-01
-2.516868e+00 7.445391e+00 1.784880e+00 2.252277e+00 -2.967781e+00 -3.291732e+00 5.794063e+00 1.690806e+00 -8.480976e+00 2.855862e-01 -1.681772e+00 4.388794e+00
-6.384580e+00 4.478038e+00 4.331770e+00 3.779768e+00 -1.724817e+00 -8.697677e+00 2.326158e+00 -6.243191e+00 -5.414748e+00 -7.610116e+00 -4.255802e+00 6.913984e-01
-1.866395e+00 1.100215e+01 9.234054e-01 1.440346e+00 2.539734e+00 -3.831056e+00 2.573918e+00 1.971169e-01 -7.202466e+00 1.874706e+00 4.357452e+00 -1.845302e+00
-6.327250e+00 5.695512e+00 -4.267944e-01 -4.990704e-01 1.609084e+00 -8.553998e-01 3.955055e+00 -2.558336e+00 3.773952e-01 6.836341e+00 -4.378912e+00 5.981730e+00
3.274918e-01 8.810405e+00 -4.587593e-01 7.125434e+00 9.937287e+00 -1.479944e+00 5.186932e+00 4.254546e-01 1.286638e-02 -6.275218e-01 -5.796301e+00 -2.082044e-01
-3.307516e+00 7.404995e+00 6.666138e-01 4.087209e+00 -2.773566e-01 -9.848839e+00 -1.177923e+00 3.596791e+00 -3.589424e+00 -2.421059e+00 -3.153306e+00 7.703154e-01
-9.720516e-02 8.914817e+00 4.473896e+00 7.135470e+00 6.895866e+00 -3.228380e+00 4.612644e+00 7.383451e-01 -9.249532e-01 -5.053836e+00 -5.727511e+00 1.114398e-01
-2.330618e-01 8.311271e+00 1.229068e+00 5.745086e+00 6.901490e+00 1.336179e-01 4.343333e+00 7.061847e+00 2.672328e+00 6.188004e-01 -7.166523e+00 2.220845e+00
-7.596129e+00 5.714874e+00 9.714053e-01 5.034292e-02 2.106502e+00 -4.352988e+00 -1.713316e+00 -4.125956e+00 3.182953e+00 9.430689e+00 2.850827e+00 4.986914e+00
-1.748585e+00 7.915266e+00 1.896913e+00 5.852339e+00 8.310781e+00 -5.281160e+00 6.287971e+00 3.160829e+00 -1.316205e+00 1.030574e-01 -3.379399e+00 -1.515329e-02
-4.558738e+00 7.295478e+00 3.403223e+00 4.249789e+00 3.782710e+00 -5.293760e+00 -3.817139e-01 -8.444102e-01 -3.149221e+00 1.315710e+00 4.496309e+00 2.715370e+00
-5.612830e+00 5.068531e+00 1.975178e+00 5.804129e+00 3.985954e+00 -5.546359e+00 3.037634e+00 -5.822730e-02 -2.746243e+00 1.871175e+00 1.512584e+00 1.556161e+00
-3.472161e+00 3.061803e+00 -5.309352e+00 -1.702511e+00 1.802196e+00 -8.659566e+00 1.160554e+00 -4.797863e+00 -1.875355e+00 5.507441e+00 2.868796e+00 2.181890e+00
-3.457655e+00 8.677140e+00 2.449584e+00 4.466585e-01 2.773260e+00 -7.450075e+00 4.236622e-01 2.066166e+00 1.708407e+00 -2.054120e+00 -2.415380e+00 -2.915795e+00
6.012411e-01 8.275383e+00 9.724876e-01 2.044124e+00 6.050462e+00 -9.682653e-01 2.776762e+00 4.670482e+00 2.311242e+00 6.947626e-01 -3.810881e+00 3.076011e-01
-6.718198e+00 7.359908e+00 4.716084e+00 7.193010e-01 1.218581e+00 -4.358592e+00 6.218055e+00 3.162747e+00 3.468246e+00 4.923731e+00 3.485804e+00 7.595005e+00
-7.146600e+00 4.962767e+00 3.707755e-01 2.196198e+00 7.775657e-01 -4.551121e+00 5.820824e+00 4.634279e+00 4.940713e+00 3.133042e+00 3.201440e+00 5.384535e+00
-1.744931e+00 7.057660e+00 1.888196e+00 6.368505e+00 1.113863e+01 4.644299e-01 7.657830e+00 1.677835e+00 -2.226345e+00 -2.870254e+00 -2.695110e+00 1.061054e+00
-7.283256e+00 6.309227e+00 2.079296e+00 2.018230e+00 5.620053e-01 -7.285092e+00 3.221378e+00 -4.132318e+00 -4.315216e+00 -2.048969e-01 -1.619437e+00 4.734994e+00
-7.701289e+00 6.593404e+00 3.001113e+00 1.579287e+00 1.446936e+00 -7.587207e+00 1.685668e+00 -3.988922e+00 2.161008e-01 5.265060e+00 -1.873559e+00 2.349043e-01
-6.744084e+00 6.074080e+00 1.032376e+00 1.648604e+00 -4.195528e-01 -7.551572e+00 6.394684e+00 -7.897458e-01 1.121765e+00 1.280491e+00 -2.553574e+00 5.852031e+00
-6.860734e+00 7.091798e+00 -3.452907e-01 -1.758596e-01 2.270904e+00 -6.921688e+00 2.292445e+00 -1.321307e+00 1.021760e+00 5.361926e+00 -6.885862e-01 4.640275e+00
-8.046472e+00 5.406608e+00 1.429898e+00 -1.042390e+00 -3.002664e+00 -9.031614e+00 2.992375e-01 -5.145319e+00 4.120307e-01 2.377634e+00 -6.425935e+00 -2.120242e+00
-7.402408e+00 4.943399e+00 -8.458536e-01 -8.799596e-01 1.102527e+00 -5.434341e+00 1.778036e+00 -2.087245e+00 5.690083e+00 1.123539e+01 4.903845e+00 6.228107e+00
-6.365163e+00 4.555694e+00 1.143762e+00 1.773479e+00 6.003649e-01 -7.961391e+00 2.040507e+00 -2.236935e+00 -2.541725e+00 6.116247e-02 -2.876415e-01 2.045165e+00
-7.301568e+00 6.472157e+00 6.026103e-01 -1.463567e+00 1.351117e+00 -1.958941e+00 3.704051e+00 -4.845562e+00 -1.691946e+00 8.995533e+00 1.172544e+00 4.334538e+00
-7.103595e+00 5.087729e+00 8.732526e-01 -1.506639e-01 1.434973e+00 -4.898580e+00 3.537906e+00 -2.732089e+00 6.147740e+00 5.251790e+00 1.565804e+00 5.425766e+00
-6.033550e+00 6.146381e+00 6.424409e-01 -1.999287e+00 1.290347e+00 -3.308727e+00 2.780032e-01 -5.886183e-01 3.875373e+00 9.726754e+00 -3.390889e-01 4.544477e+00
-7.632167e+00 2.608342e+00 -4.914556e-01 3.020006e-01 2.747533e-01 -4.555540e+00 3.559924e+00 -3.450156e+00 1.131671e+00 2.179411e+00 1.208255e+00 8.130863e+00
-6.773385e+00 6.566002e+00 2.377386e+00 -2.019158e+00 -2.636158e-01 -6.974768e+00 4.882018e+00 1.336504e+00 5.126536e-03 6.042926e+00 6.964443e-01 4.675882e+00
-7.327109e+00 4.488300e+00 -1.331567e-01 -6.928331e-01 2.009251e+00 -5.887193e+00 4.332705e+00 -2.331697e+00 2.538527e+00 4.192519e+00 4.284879e+00 6.610007e+00
-7.675422e+00 4.395605e+00 1.003207e+00 -2.045539e-01 5.484388e-01 -2.545362e+00 1.895613e+00 -4.512414e+00 2.697071e+00 3.923117e+00 -1.406029e+00 4.712881e+00
-6.287940e+00 6.832517e+00 -1.412782e+00 -2.765999e+00 3.881056e-01 -5.414882e+00 6.919060e+00 -1.128188e+00 2.387604e+00 3.424576e+00 1.470630e+00 5.884214e+00
-7.456737e+00 6.211928e+00 3.685813e-01 -1.641226e+00 -1.784811e-01 -4.649946e+00 4.174478e+00 6.477571e-01 1.758429e+00 7.561382e+00 1.669526e+00 7.218535e+00
-6.841798e+00 4.736475e+00 -9.902859e-02 7.144505e-01 5.543191e-01 -5.859129e+00 2.938442e+00 -2.066891e+00 2.456956e+00 7.099087e+00 -2.074697e-01 3.101329e+00
-7.374925e+00 6.055779e+00 7.745200e-01 -1.245639e+00 -1.181710e+00 -5.005849e+00 5.841624e+00 -1.154657e+00 -4.705047e-01 7.782866e+00 6.439349e+00 8.981852e+00
-7.144206e+00 5.793660e+00 -8.803577e-01 -1.691539e-01 1.572878e+00 -5.236670e+00 2.825510e+00 -2.276753e+00 -6.317120e-01 6.128285e+00 5.321121e+00 3.574800e+00
-8.125937e+00 4.879143e+00 1.515069e+00 -1.647930e-01 2.300932e+00 -5.962280e+00 -1.192606e+00 -1.210751e+00 2.968908e+00 1.292734e+01 3.603567e+00 1.588789e+00
-6.044951e+00 5.631384e+00 -1.396821e+00 2.780720e-01 1.886526e+00 -3.878970e+00 3.330401e+00 -5.521626e+00 -9.316908e-01 6.126061e+00 -2.070920e+00 8.708186e-01
-6.849599e+00 3.898265e+00 -2.115426e-01 -1.988818e+00 3.761361e+00 -7.668232e+00 1.092599e+00 -3.440489e+00 3.553898e-01 4.353749e+00 2.808472e+00 5.959654e+00
-7.723382e+00 3.882180e+00 -1.825930e+00 -1.764409e+00 -1.843221e+00 -5.662218e+00 -1.373906e-01 -5.498371e+00 -4.365241e+00 1.189752e+00 -1.397665e-01 3.385834e+00
-6.215255e+00 5.708204e+00 -7.528094e-01 6.773145e-01 5.439466e+00 -3.960738e+00 5.397276e+00 -2.591762e+00 -3.331379e-01 5.563131e+00 -1.369813e+00 2.692354e+00
