9.650382e+00 -1.296230e+01 2.416472e+00 -9.508656e+00 -1.105857e+01 8.102191e+00 -5.952481e+00 -7.665080e+00 1.380815e+01 -2.402854e-02 1.315553e+01 -1.129134e+01
-2.427943e+01 7.566884e+00 -1.952778e+00 -1.320868e+01 8.557297e+00 1.647717e+00 -2.133037e+00 7.329365e+00 -4.526500e+00 2.789910e+00 -3.006730e-01 1.915667e+00
1.012114e+01 -1.248565e+01 1.183708e+00 -8.850307e+00 -1.234715e+01 8.162701e+00 -5.900332e+00 -6.740712e+00 1.300440e+01 4.347298e-01 1.388716e+01 -1.007143e+01
1.071745e+01 -1.255368e+01 1.421837e+00 -9.275729e+00 -1.147320e+01 8.610245e+00 -5.257923e+00 -7.923271e+00 1.152364e+01 -4.682953e-01 1.583044e+01 -9.559319e+00
1.025826e+01 -1.090954e+01 2.646008e+00 -1.026080e+01 -1.332442e+01 6.382205e+00 -6.361014e+00 -5.788305e+00 1.373923e+01 -1.901692e+00 1.280328e+01 -1.356086e+01
1.017123e+01 -9.493752e+00 3.354541e+00 -1.008024e+01 -1.350389e+01 5.960000e+00 -7.880705e+00 -5.384181e+00 1.267885e+01 -1.425551e+00 1.047345e+01 -1.123575e+01
1.186874e+01 -1.218462e+01 9.583127e-01 -8.674249e+00 -1.174108e+01 9.155972e+00 -5.682238e+00 -6.928352e+00 9.089592e+00 -1.025804e+00 1.591707e+01 -5.428081e+00
-2.494616e+01 1.581699e+00 -5.232166e+00 -1.464939e+01 7.306283e+00 -8.152395e-01 -4.564789e+00 4.877247e+00 -5.744846e+00 2.008676e+00 1.475878e+00 2.177186e+00
1.056961e+01 -9.532232e+00 5.122451e+00 -9.919039e+00 -1.264752e+01 5.219454e+00 -7.668509e+00 -8.908336e+00 1.272042e+01 -3.072965e+00 1.247492e+01 -1.077922e+01
-2.684096e+01 5.246253e+00 -4.177257e+00 -1.173525e+01 6.021999e+00 3.877715e+00 -1.834628e+00 3.571624e+00 -1.387187e+00 4.912639e-01 -8.651705e-01 1.497835e+00
1.051461e+01 -8.254736e+00 6.036558e+00 -8.702899e+00 -1.189716e+01 5.791780e+00 -1.019120e+01 -1.020586e+01 1.192699e+01 -3.143410e+00 1.418685e+01 -1.070857e+01
1.428401e+01 -1.280318e+01 1.532113e+00 -8.805610e+00 -1.092227e+01 8.678790e+00 -6.418167e+00 -6.829108e+00 6.680363e+00 -1.907684e+00 1.714885e+01 -1.691214e+00
1.016329e+01 -7.108310e+00 7.625319e+00 -8.884208e+00 -1.080130e+01 4.306035e+00 -1.199479e+01 -1.126323e+01 1.047431e+01 -2.347966e+00 1.528606e+01 -1.081309e+01
1.094144e+01 -6.822735e+00 8.435046e+00 -8.993389e+00 -9.201064e+00 4.401133e+00 -1.330736e+01 -1.310894e+01 1.063610e+01 -3.693108e+00 1.813211e+01 -1.079373e+01
-2.596945e+01 6.976516e+00 -1.430249e+00 -1.400820e+01 3.394468e+00 4.036201e+00 -5.342921e+00 4.301129e+00 -4.318347e+00 1.677146e+00 -3.479984e+00 4.434016e+00
-2.333295e+01 6.965532e+00 -1.517320e+00 -1.360994e+01 1.282664e+00 2.518592e+00 -2.673993e+00 4.104565e+00 -7.676505e-01 -1.457226e-01 -2.251686e+00 1.005851e+00
-2.176894e+01 7.032211e+00 3.121781e+00 -1.262938e+01 7.951949e+00 8.540916e+00 -1.033148e+01 8.317122e+00 -4.640311e+00 -3.051247e+00 3.719117e+00 -3.421055e+00
-2.263787e+01 1.036258e+01 5.329172e+00 -5.929443e+00 9.981104e+00 5.310468e+00 -9.636576e+00 4.885088e+00 -4.678054e+00 3.404738e+00 1.975596e+00 9.851332e-01
1.575203e+01 -1.236908e+01 2.255925e+00 -7.712383e+00 -1.061288e+01 8.677701e+00 -7.722171e+00 -7.239641e+00 3.779834e+00 -4.282189e+00 1.797441e+01 3.369227e+00
-2.013861e+01 -5.512507e-01 -4.082921e+00 -1.048253e+01 2.380716e+00 -3.631675e+00 -5.068643e+00 2.291315e+00 -2.524657e+00 1.696208e+00 2.505282e+00 2.063942e-01
9.807478e+00 -2.500469e+00 7.064103e+00 -7.885211e+00 -6.205866e+00 5.600378e+00 -1.009711e+01 -1.098062e+01 5.388994e+00 9.807777e-01 1.155443e+01 -5.220295e+00
1.754506e+01 -1.219036e+01 9.816492e-01 -9.848051e-01 -7.704164e+00 9.570623e+00 -6.662641e+00 -9.127797e-01 7.595337e+00 2.511514e+00 1.858008e+00 -4.038396e+00
1.767667e+01 -1.269009e+01 2.549608e+00 -4.142344e+00 -8.891966e+00 9.227276e+00 -1.032463e+01 -5.539240e-01 5.977005e+00 3.039597e+00 7.696105e+00 2.178556e+00
1.590303e+01 -1.022281e+01 2.099200e+00 -5.790597e+00 -9.641836e+00 8.470455e+00 -7.040728e+00 -9.780712e+00 1.257764e+00 -8.263496e+00 1.609378e+01 8.205512e+00
-1.752180e+01 1.787772e+00 1.974108e+00 -1.263744e+01 9.263811e+00 -3.003282e+00 -6.912887e+00 9.949801e+00 -6.228380e+00 -3.457747e-01 5.615549e-01 -3.338637e+00
-4.822588e+00 6.945024e+00 4.283857e+00 -7.608783e+00 1.990602e+00 -8.967448e-01 -5.648008e+00 -1.208205e+00 -2.364198e+00 6.378611e+00 5.246104e+00 -6.210499e-01
1.590056e+01 -9.056467e+00 1.223983e+00 -1.602292e+00 -7.284616e+00 7.086274e+00 -7.283838e+00 -3.441679e+00 5.344458e+00 1.582558e+00 7.554699e+00 5.658633e+00
1.807156e+01 -9.949623e+00 -2.755020e-01 4.662064e+00 -8.974299e+00 1.044819e+01 -2.237282e+00 -8.681388e-01 4.979290e+00 7.158693e+00 7.105780e-02 -7.111577e+00
-1.305743e+01 1.411768e+00 1.710486e+00 -1.474639e+01 7.608558e+00 1.623805e+00 -5.407495e+00 7.440966e+00 -2.902973e+00 -3.824265e+00 -1.481835e+00 -1.042781e+00
1.340887e+01 -3.243335e+00 -8.548194e-01 3.611450e-01 -7.206814e+00 1.113209e+01 -7.019228e+00 -7.468044e+00 -3.483428e+00 -4.450684e+00 8.481636e+00 1.219305e+01
1.287443e+01 -4.565505e+00 -1.196223e+00 -7.132341e-01 -6.410802e+00 4.726728e+00 -5.070265e+00 -7.726472e+00 2.890482e+00 2.777171e-02 4.574116e+00 1.012271e+01
1.728141e+01 -6.938420e+00 1.439595e+00 5.727925e+00 -5.704837e+00 2.183343e+00 1.957511e+00 -4.209087e+00 1.706256e+00 1.082742e+01 -7.884619e-01 -6.834202e+00
1.671093e+01 -3.228702e+00 5.907729e+00 1.318907e+01 -4.303935e+00 -4.870317e+00 9.860291e+00 -2.391030e+00 -1.620677e+01 6.347739e-01 5.264095e+00 -5.652857e+00
1.624505e+01 -5.028405e+00 4.621420e+00 1.080934e+01 -1.195672e+00 -8.185580e-01 5.527933e+00 -4.218844e-01 -8.255054e+00 2.473325e-01 3.052614e+00 -5.016481e+00
7.558966e+00 3.430780e+00 -3.357420e+00 1.957924e+00 -2.856148e+00 5.263690e+00 1.454816e+00 -9.461802e+00 -1.244243e+00 -3.567795e+00 1.895791e+00 1.306933e+01
8.965521e+00 1.827571e+00 -3.543919e+00 4.145378e+00 -1.090207e+00 1.179388e+01 -1.136918e+00 -5.855697e+00 -2.020674e+00 -7.846237e+00 5.874109e+00 1.078906e+01
1.475927e+01 1.689698e+00 4.856998e+00 3.962106e+00 4.157071e+00 5.260750e+00 -2.051282e+00 4.277826e+00 -4.576400e+00 -1.128756e+00 -5.650882e+00 -9.392715e+00
1.302188e+01 -1.070392e+00 5.074059e+00 1.216110e+01 8.398979e-01 -3.074913e+00 6.519650e+00 1.094349e+00 -1.102996e+01 7.304131e-01 -4.825523e-01 -8.142601e+00
1.163870e+01 -5.214278e+00 5.510787e+00 1.338883e+01 5.307747e+00 -4.177359e+00 7.360288e+00 6.377382e+00 -9.140796e+00 -1.095898e+00 -2.151868e+00 -7.877072e+00
8.931288e+00 1.485053e+00 6.295949e+00 1.310659e+01 8.569375e+00 -3.502920e+00 5.182256e+00 4.070333e+00 -2.912571e+00 7.678437e-02 -1.222051e+01 -9.252558e+00
8.017167e+00 3.068842e+00 7.168802e+00 2.298407e+01 1.220024e+01 -5.831120e+00 6.369252e+00 3.693130e-01 1.961337e+00 1.513534e+00 -1.666845e+01 -7.956589e+00
-6.357379e+00 -5.555754e-01 -2.125226e+00 -4.588508e+00 8.518580e+00 3.301815e+00 -2.288221e+00 6.130109e+00 -3.140568e+00 -1.612673e-01 -2.283716e-01 -6.733114e+00
6.191310e+00 5.510921e-01 4.981213e+00 2.049235e+01 6.985948e+00 -9.609922e+00 1.043293e+00 1.597442e+00 6.184391e+00 -1.694436e-01 -1.218202e+01 -3.982882e+00
5.480967e+00 3.834510e-01 5.154833e+00 1.711715e+01 8.320465e+00 -2.616644e+00 1.814021e+00 2.902717e+00 9.271761e-01 -3.074307e-01 -1.341311e+01 -5.638434e+00
1.275778e+00 9.255261e-01 2.038969e+00 1.291083e+01 7.482877e+00 -6.758091e+00 -6.518407e-01 9.077434e-01 -7.465144e+00 -7.042156e+00 -1.592508e+01 -6.753559e+00
-5.090790e-01 -2.200937e-02 -7.556506e-01 1.008379e+01 -2.003238e+00 -7.223494e+00 -1.313996e-01 2.211570e-01 -4.811151e+00 -4.254153e+00 -8.756674e+00 -2.668946e+00
3.612947e+00 7.834281e-01 -3.958273e-02 8.493861e+00 2.680641e+00 -6.426253e+00 3.891869e+00 5.085607e-01 -2.878018e+00 -6.318845e+00 -1.165736e+01 -2.859984e+00
4.108274e+00 2.893248e+00 4.404841e+00 1.451790e+01 7.716249e+00 -3.031351e+00 4.697693e+00 -1.849025e-01 -1.872719e+00 -3.467786e+00 -9.459895e+00 4.863501e-02
-1.938293e+00 -1.195727e+00 -3.443843e+00 8.374342e+00 2.546876e+00 -1.024691e+01 -3.390255e-01 -7.811525e-01 -4.214099e+00 -4.502893e+00 -1.106316e+01 -4.931795e+00
-1.267822e+00 -3.616544e+00 -5.253657e+00 6.458231e+00 -3.214053e+00 -1.044956e+01 -1.212485e+00 -3.045314e+00 -6.270199e+00 -4.413610e-01 -6.507291e+00 3.039863e+00
-1.142620e+00 3.894476e+00 2.375589e+00 1.034543e+01 1.486850e+00 -1.267431e+01 -1.423493e+00 5.309514e+00 -7.807590e+00 -7.752831e+00 -1.218297e+01 -2.222681e+00
-8.880835e-01 2.128248e+00 -4.654539e-01 5.197208e+00 -2.148824e+00 -1.223193e+01 3.290362e+00 1.786587e+00 -1.031313e+01 -8.430801e+00 -1.350827e+01 -3.512302e+00
8.873472e-01 -3.147060e+00 -1.122479e+01 6.158237e+00 4.530370e+00 -7.404426e+00 5.569358e-01 -2.194218e+00 -1.783786e-01 -5.079591e-01 -7.547455e+00 2.146342e+00
-2.233829e+00 4.810934e+00 2.896455e+00 9.659429e+00 -3.382969e-02 -9.684825e+00 1.337264e+00 -1.887825e-01 -7.856860e+00 -8.351226e+00 -1.120463e+01 -4.965795e+00
-1.292335e+00 1.846845e+00 -9.310936e+00 -2.948470e+00 5.954089e+00 4.332502e-01 4.263531e+00 3.125997e+00 -7.051569e+00 -2.335515e-01 -2.366546e+00 1.372150e+00
-7.132883e-01 4.736023e+00 -5.533404e-01 1.821668e+00 -1.496657e+00 -8.700027e+00 -1.650321e+00 2.686433e+00 -5.370061e+00 -2.283537e+00 -5.380986e+00 -1.451824e+00
-3.870729e+00 5.004143e+00 -4.974209e-01 5.256248e+00 -2.329883e+00 -1.755765e+00 5.632566e+00 5.105380e+00 1.800317e+00 -4.767506e-01 -6.367185e+00 -1.448001e+00
-5.264602e+00 4.739651e+00 -1.482268e+00 6.116730e+00 3.888881e+00 -1.853127e+00 3.985366e+00 2.640514e+00 -8.540701e+00 -5.765221e+00 -2.073144e+00 1.493294e+00
-5.041763e+00 4.869619e+00 -3.067727e+00 1.527212e-01 1.387449e+00 -2.681514e+00 3.095951e+00 2.353844e+00 -4.143986e+00 -1.320529e+00 -1.750216e+00 6.091775e+00
-3.848254e+00 4.810398e+00 1.370274e+00 1.268034e+00 2.296189e+00 -4.970547e+00 3.860235e-01 2.105431e+00 -4.639796e+00 8.276049e-01 -3.188991e+00 1.408576e+00
-4.887404e+00 4.589061e+00 -3.304002e-01 1.686746e+00 -2.729975e+00 -6.916057e+00 2.623562e+00 2.503044e+00 -1.509472e-01 1.195324e+00 -3.240146e+00 1.227665e-01
-4.402625e+00 5.438634e+00 -2.274460e+00 1.268086e+00 6.595213e-01 -5.988198e+00 3.380917e+00 4.481089e+00 3.684360e+00 1.938158e+00 -6.966324e-01 5.587691e+00
-5.501582e+00 5.877556e+00 -1.546220e+00 3.065422e+00 4.409854e+00 3.116105e-01 3.957075e+00 3.086053e+00 4.345662e+00 4.419446e+00 -7.792902e+00 6.991963e+00
-6.897346e+00 2.933875e+00 -7.664317e+00 -5.563874e+00 -1.372683e-01 -5.194668e+00 -2.110177e+00 -3.190485e-01 3.649670e+00 6.247769e+00 -2.943366e+00 3.057875e+00
-4.912523e+00 3.478234e+00 -1.165285e+00 2.259660e+00 -9.315872e-02 -4.505083e+00 4.810826e+00 4.564207e+00 -1.345085e+00 -5.406182e-01 -4.033325e+00 6.021288e+00
-4.917848e+00 4.765438e+00 -1.377024e+00 5.762983e+00 4.364961e+00 -1.082645e+00 6.075281e+00 -6.814498e-01 -5.655378e+00 -5.623560e+00 -7.074333e+00 2.611811e+00
-1.260028e+00 4.783359e+00 -1.140804e+00 1.861526e+00 5.516734e-01 -7.220583e+00 6.627441e+00 5.954690e+00 -1.762405e-01 4.926794e-01 -6.597114e+00 1.180519e+00
-6.128438e+00 4.581125e+00 -3.405543e+00 1.035618e+00 1.488157e+00 -5.049326e-01 6.799177e+00 -2.774626e+00 -2.706763e+00 8.728570e-01 -5.164439e+00 4.911222e+00
-7.209165e+00 4.815824e+00 -4.562132e-01 -1.073344e+00 -1.407023e+00 -3.841453e+00 4.842420e+00 -1.206287e+00 -2.461540e+00 4.196200e+00 2.317784e+00 4.512271e+00
-6.166631e+00 7.005456e+00 -1.247279e+00 1.640304e+00 2.434461e+00 -1.425492e+00 8.543910e+00 1.345955e+00 -2.055736e-01 1.924443e+00 -1.980537e+00 9.560616e+00
-6.147920e+00 3.737938e+00 -3.333434e+00 5.418516e-01 2.447252e+00 -5.263926e-01 1.069907e+01 5.480901e+00 4.987723e+00 4.587247e+00 -1.019673e-01 6.221539e+00
-5.899619e+00 4.270363e+00 -3.131800e+00 1.272683e-01 2.819089e+00 3.429258e-02 4.924232e+00 2.760818e+00 4.098004e+00 2.840883e+00 -1.858307e+00 8.618119e+00
-6.498654e+00 3.467818e+00 -1.403087e+00 2.865307e+00 3.642657e+00 -6.518149e+00 -2.002612e+00 -3.808444e+00 -2.114957e+00 2.194638e+00 -1.298601e+00 4.662440e+00
-5.127256e+00 5.119915e+00 -2.825502e+00 1.671370e+00 5.326246e+00 -2.825502e+00 4.203198e+00 1.168280e+00 2.723452e+00 -1.527925e-01 -4.341742e+00 7.916957e+00
-6.080255e+00 2.977172e+00 -2.619502e+00 1.646452e+00 1.787724e+00 -4.212832e-02 6.583013e+00 3.206490e+00 -2.041229e+00 3.625665e-01 -6.485621e+00 1.005801e+01
-7.218827e+00 2.845438e+00 -4.351059e+00 -3.762217e-01 3.255326e+00 -2.922395e+00 7.013541e+00 1.850974e+00 5.044320e-02 4.752242e+00 -3.077555e+00 8.841769e+00
-6.535523e+00 4.507135e+00 -4.164093e+00 -2.772185e-01 3.798539e+00 2.159704e+00 1.029774e+01 3.339781e+00 5.020521e+00 8.700832e+00 3.070413e+00 8.310447e+00
-5.485042e+00 4.065783e+00 -1.457056e+00 1.664013e+00 3.060862e+00 -1.048163e+00 8.816401e+00 6.304968e+00 -1.714923e+00 5.663938e+00 2.125120e-01 8.743202e+00
-5.062295e+00 3.959211e+00 -5.993525e+00 -4.558596e+00 2.079428e+00 -1.174600e+00 6.336610e+00 4.544621e+00 2.551085e+00 5.869655e+00 -4.263824e+00 5.590326e+00
-5.826978e+00 4.567842e+00 -4.719734e+00 5.599166e-01 7.378777e+00 2.484326e-01 6.044487e+00 1.928734e+00 2.279590e+00 4.309523e+00 -8.399157e+00 7.881703e-01
-4.930114e+00 4.684788e+00 -5.008097e+00 -3.837562e+00 3.134429e+00 1.618577e-01 4.045008e+00 1.999429e+00 2.347026e+00 5.092028e+00 -5.130015e+00 -5.781283e-01
-3.944762e+00 3.305817e+00 -5.777650e+00 -4.163090e+00 5.163210e+00 -2.045168e+00 2.947107e+00 4.625900e+00 7.968870e-01 2.595129e+00 -3.789132e-01 2.668662e+00
-6.306882e+00 4.317628e+00 -3.411612e+00 1.120560e+00 1.664876e+00 -3.174658e-01 1.193213e+01 3.621402e+00 -8.154843e-01 3.203537e+00 -2.659458e+00 6.283484e+00
-5.317299e+00 2.915135e+00 -1.662256e+00 3.188026e+00 1.676603e+00 -8.311940e-01 5.103397e+00 2.785306e+00 -2.562286e+00 2.477403e+00 5.332556e-01 6.068962e+00
-4.492059e+00 3.778029e+00 -1.846125e+00 2.512793e+00 4.698444e+00 -1.158984e+00 5.691474e+00 1.489794e+00 -2.491054e+00 2.239206e-01 1.787912e+00 6.438279e+00
-4.045332e+00 5.923021e+00 7.288003e-01 4.060698e+00 6.144267e+00 -3.388185e+00 4.099957e+00 7.680280e-01 -2.660690e+00 1.916807e+00 3.977421e+00 9.421730e+00
