8.015694e+00 -1.388769e+01 4.248304e-01 -7.104831e+00 -8.554202e+00 -8.274093e+00 -8.648071e-01 1.089646e+01 -1.039118e+01 1.992119e+00 -1.016339e+01 -2.660081e+00
7.493002e+00 -1.452219e+01 -1.344531e+00 -7.107582e+00 -1.114047e+01 -8.177979e+00 -1.301317e-01 8.765348e+00 -1.189455e+01 1.120088e+00 -1.255500e+01 -3.997681e+00
9.096485e+00 -1.333275e+01 7.235968e-01 -5.671244e+00 -7.095822e+00 -6.950779e+00 -2.332827e+00 1.202086e+01 -8.119913e+00 6.684343e-01 -7.311617e+00 -2.000963e+00
7.159797e+00 -1.338191e+01 -5.030556e-01 -8.919522e+00 -1.060135e+01 -7.436699e+00 6.760941e-01 8.934976e+00 -1.064086e+01 1.243796e+00 -1.267038e+01 -3.625124e+00
7.080063e+00 -1.181879e+01 -1.188711e+00 -7.940054e+00 -1.359892e+01 -4.438797e+00 -1.542363e-01 1.126504e+01 -1.217272e+01 2.097984e+00 -1.426887e+01 -3.004569e+00
8.059806e+00 -1.086437e+01 6.939304e-01 -4.248013e+00 -1.464665e+01 3.196788e-01 2.041734e+00 1.426638e+01 -8.156025e+00 2.668149e+00 -1.047463e+01 -2.038717e+00
8.225296e+00 -1.421922e+01 -3.579840e+00 -7.853243e+00 -1.034739e+01 -1.079004e+01 -7.959521e+00 6.822253e+00 -1.391977e+01 -9.034915e-01 -1.172730e+01 -5.303403e+00
-1.865401e+01 6.461815e+00 -8.730376e+00 4.322380e+00 6.937017e+00 7.349017e+00 4.610967e+00 -7.822804e-01 3.869640e+00 -2.617345e+00 7.299474e+00 8.019444e+00
5.619785e+00 -9.784577e+00 -4.480968e+00 -6.963053e+00 -1.704024e+01 -6.571984e+00 1.374933e+00 6.412220e+00 -1.076431e+01 -4.118805e+00 -1.472899e+01 -7.350271e+00
-1.851211e+01 8.014858e+00 -1.234756e+01 -2.510736e-01 4.079340e+00 6.759420e+00 5.363895e+00 1.585177e+00 8.651450e+00 3.916001e+00 9.765908e+00 4.536433e+00
8.228946e+00 -9.815665e+00 -1.726046e+00 -6.300970e+00 -1.463094e+01 -8.343105e+00 -1.160460e-01 1.149231e+01 -4.799396e+00 -5.915141e-01 -4.066063e+00 -8.303147e+00
9.543598e+00 -5.101198e+00 -3.266350e+00 -7.090159e+00 -1.273600e+01 -1.353588e+01 -2.986637e+00 9.574224e+00 -1.569528e+00 6.577591e+00 -7.840123e+00 -3.310480e+00
9.799454e+00 -1.302877e+01 -2.011866e+00 -6.476187e+00 -5.241322e+00 -9.640841e+00 -7.284495e+00 6.857797e+00 -9.334690e+00 2.590096e+00 -9.054508e+00 -3.886355e+00
5.396782e+00 -7.885607e+00 -1.767930e+00 -7.156356e+00 -1.702553e+01 -7.295920e+00 2.677508e+00 8.310291e+00 -1.361558e+01 -3.719208e+00 -1.379727e+01 -6.883911e+00
6.558885e+00 -6.140457e+00 -2.663409e+00 -4.696379e+00 -1.271007e+01 -2.194674e+00 4.890305e+00 1.100042e+01 -9.719124e+00 4.451614e+00 -1.488212e+01 -2.949679e+00
6.333074e+00 -7.374542e+00 -3.457983e+00 -4.248012e+00 -1.771875e+01 -5.452714e+00 5.071879e+00 9.296873e+00 -1.402237e+01 -1.428649e+00 -1.370885e+01 -5.437080e+00
6.694118e+00 -8.176199e+00 -1.270096e+00 -5.636993e+00 -1.558001e+01 -6.821744e+00 4.658453e+00 7.904352e+00 -1.062035e+01 -2.628840e+00 -6.410445e+00 -6.058264e+00
-2.039989e+01 6.749187e+00 -1.009328e+01 3.745605e-01 6.722918e-01 3.224336e+00 3.824903e+00 -1.172040e+00 9.414787e+00 3.678009e+00 1.341731e+01 9.843861e+00
5.195570e+00 -8.416268e+00 -1.065564e+00 -9.619691e+00 -1.578767e+01 -8.591709e+00 1.655691e+00 9.324575e+00 -1.595308e+01 -3.162503e+00 -1.386127e+01 -6.332989e+00
6.863760e+00 -6.007205e+00 -4.007754e+00 -3.800711e+00 -1.545651e+01 -2.410576e+00 3.126126e+00 1.224785e+01 -1.329827e+01 2.575860e+00 -1.534931e+01 -4.567080e+00
9.095442e+00 -7.963962e+00 -5.069444e+00 -1.092024e+00 -2.085949e+00 -7.841223e+00 -9.107533e+00 8.973675e+00 -5.600452e+00 -2.221603e+00 -8.979628e+00 -1.219566e+01
1.030528e+01 -9.462765e+00 -3.516204e+00 -2.484635e+00 -2.187481e-01 -6.536777e+00 -8.663765e+00 1.000068e+01 -5.514517e+00 -2.306058e-01 -9.196272e+00 -9.016925e+00
1.009908e+01 -1.151665e+01 -4.913274e+00 -4.509080e+00 -3.178369e+00 -7.743041e+00 -1.390945e+01 8.054482e+00 -8.706802e+00 -4.657981e+00 -7.574998e+00 -1.265169e+01
-1.396655e+01 6.566942e+00 -6.957743e+00 -1.281746e+00 -1.944822e+00 4.833966e+00 5.354692e+00 2.589258e+00 6.049725e+00 1.621570e+00 7.579601e+00 2.635059e+00
8.934656e+00 -6.507372e+00 -4.337974e+00 -1.485792e+00 -1.263492e+00 -7.846889e+00 -8.732713e+00 8.757688e+00 -5.593105e+00 -1.244618e+00 -9.682316e+00 -1.060963e+01
1.115919e+01 -1.256535e+01 -2.594543e+00 -7.680500e+00 -1.965276e+00 -1.018126e+01 -1.239206e+01 4.504508e+00 -6.521791e+00 -1.871233e+00 -8.676516e+00 -6.106422e+00
9.709090e+00 -2.379755e+00 -7.010578e+00 -5.285403e+00 -1.002890e+01 -1.418585e+01 -1.071675e+01 8.482465e+00 -5.125895e+00 1.149453e+00 -2.689167e+00 -6.354863e+00
1.185152e+01 -1.091647e+01 -5.268686e+00 -2.714944e+00 -5.296164e-01 -6.004214e+00 -1.260509e+01 9.753068e+00 -7.847084e+00 -2.219290e+00 -4.593295e+00 -1.215641e+01
-1.729757e+01 4.961450e+00 -5.474025e+00 2.237056e+00 1.914483e+00 9.633120e+00 4.184787e+00 4.317103e+00 1.425778e+01 3.168554e+00 6.697340e+00 2.313216e+00
-1.878895e+01 5.704383e+00 -8.278902e+00 2.990201e+00 3.966233e+00 4.274127e+00 1.931229e+00 -2.473582e+00 1.389282e+01 5.293954e+00 1.449998e+01 6.742465e+00
7.722214e+00 -4.854835e+00 -6.267991e+00 -1.192841e+00 -4.789914e+00 -7.009736e+00 -1.136773e+01 6.146142e+00 -5.229648e+00 -5.283233e+00 -1.047432e+01 -1.147177e+01
-1.802605e+01 6.163873e+00 -7.564449e+00 4.685545e+00 4.991958e+00 8.123158e+00 4.376129e+00 -4.245349e+00 7.660400e+00 -1.054108e+00 4.918756e+00 2.182626e+00
1.268996e+01 -1.088770e+01 -3.169845e+00 -3.174813e+00 8.296232e-01 -4.736441e+00 -1.278794e+01 1.053968e+01 -8.274801e+00 -1.856795e+00 -3.748236e+00 -1.002771e+01
-1.831150e+01 5.123494e+00 -5.807629e+00 1.782540e+00 2.459355e+00 9.257168e+00 5.818503e+00 3.151914e+00 1.098763e+01 -3.917532e+00 8.518587e+00 6.481655e+00
9.038103e+00 -2.848437e+00 -5.488564e+00 3.741754e-01 -4.648234e+00 -2.017450e+00 -1.541271e+01 1.093909e+01 -6.638060e+00 -4.335736e+00 -7.081231e+00 -1.068901e+01
1.197449e+01 -9.885064e+00 2.411623e-01 -5.285050e+00 3.342088e+00 -5.814875e+00 -1.315696e+01 6.381033e+00 -2.491566e+00 -6.671298e-01 -6.472308e+00 -5.454321e+00
8.212571e+00 -1.372869e+00 -9.351042e+00 -3.048101e-01 -1.252111e+01 -1.739210e+01 -1.340359e+01 -4.708064e+00 -4.736265e+00 -2.580683e+00 -3.923354e+00 -5.233246e+00
1.152085e+01 -8.449760e+00 -4.948592e+00 -4.139348e+00 9.572515e-01 -3.939594e+00 -1.575956e+01 8.330264e+00 -5.862771e+00 -5.870111e+00 -3.983922e+00 -1.094583e+01
-1.763133e+01 5.058393e+00 -1.006414e+01 6.185668e-01 2.269363e+00 5.125973e+00 4.814517e+00 -4.753857e-01 1.268383e+01 4.793622e+00 1.099938e+01 5.582223e+00
-1.460240e+01 9.075871e+00 3.877421e+00 4.042771e+00 2.094968e+00 1.388400e+01 -3.427751e+00 -1.166556e+01 7.102161e+00 4.419504e+00 7.006060e+00 3.146068e+00
1.006589e+01 1.899037e+00 -5.980953e+00 1.229377e+00 -3.484923e+00 -3.212055e+00 -1.188191e+01 6.183449e+00 -4.679438e+00 -4.307446e+00 -6.543581e+00 -8.847759e+00
-1.557538e+01 8.284189e+00 -8.043568e+00 -1.324110e+00 4.932104e+00 8.840151e+00 6.288355e+00 1.789170e+00 1.374790e+01 6.062074e+00 8.552534e+00 3.074043e+00
1.194509e+01 -8.339260e+00 -4.226932e+00 -3.295449e+00 -2.539968e-01 -9.918718e-01 -1.501948e+01 2.358178e+00 -4.994927e+00 -6.286148e+00 -5.533047e+00 -9.386875e+00
9.817797e+00 -6.099799e+00 -1.041831e+00 -2.514242e+00 1.050132e+00 -2.855228e+00 -8.653090e+00 -1.610119e+00 -5.162634e+00 -4.064905e+00 -3.097889e+00 -9.078935e+00
1.045373e+01 -8.954062e+00 -3.561912e+00 -3.076174e+00 -2.672624e+00 -5.337401e+00 -1.468404e+01 -5.321947e+00 -4.275939e+00 -8.488255e+00 -6.035679e+00 -8.940850e+00
7.305384e+00 -3.656313e+00 -2.323941e+00 3.025297e-01 4.675522e-01 -2.797824e+00 8.827782e-01 -6.263710e+00 2.899555e+00 -8.211782e+00 3.588397e+00 -6.376537e+00
1.236162e+01 2.802605e+00 -1.043233e+00 2.836879e+00 -7.163779e+00 -6.354325e+00 -5.430659e+00 -5.151852e+00 -6.675892e+00 -4.268690e+00 -5.152585e+00 -1.147464e+01
-2.153432e+00 6.370661e+00 -3.223379e+00 2.875579e+00 -4.531235e+00 -8.816023e-01 8.516068e-01 -1.002708e+01 4.204105e+00 -3.827972e+00 1.200371e+00 8.038487e-01
1.202707e+01 4.229180e+00 1.004192e+01 1.659486e+00 -8.044785e+00 -3.376027e+00 -1.830507e+00 -9.563620e+00 -8.274118e+00 -3.913893e+00 -2.964423e+00 -7.222866e+00
9.733731e+00 3.311714e+00 7.076130e+00 1.008542e+00 -1.114930e+01 -7.492608e+00 -7.997532e+00 -1.139214e+01 -1.538773e+01 -8.444538e+00 -7.937371e+00 -1.034045e+01
9.970762e+00 4.426399e+00 7.954194e+00 -1.060875e+00 -9.011950e+00 -8.709187e+00 -1.231424e+01 -1.129415e+01 -9.610073e+00 -1.266251e+01 -4.759467e+00 -8.236600e+00
-1.316277e+01 6.093516e+00 3.682474e+00 5.603652e+00 2.572972e+00 4.662550e+00 -4.490570e+00 -7.714920e+00 8.934358e+00 3.535046e+00 9.367922e+00 4.862836e+00
6.274607e+00 9.466975e+00 1.129906e+01 -3.560953e+00 -7.061545e+00 -8.728096e+00 -1.006346e+01 -1.286386e+01 -1.079221e+01 -1.155765e+01 -8.707870e+00 -6.500391e+00
5.400612e+00 6.857909e+00 8.692175e+00 2.238657e+00 -4.619710e+00 -6.729287e+00 -4.819670e+00 -1.907226e+01 -1.882064e+01 -6.092586e+00 -9.200687e+00 -5.822241e+00
3.254711e+00 4.222129e+00 1.431455e+01 2.270453e+00 -2.380086e+00 -5.262383e+00 -2.303235e+00 -1.503014e+01 -1.707868e+01 -4.080976e+00 -7.860217e+00 -5.411248e+00
-7.683599e+00 2.695354e+00 1.488101e-01 2.851751e+00 4.705200e-01 6.191519e+00 1.712365e+00 -4.313937e+00 9.599428e+00 2.598400e+00 7.353587e+00 2.307268e+00
2.992949e+00 1.355151e+00 1.714866e+01 5.295737e+00 5.838947e-01 -5.775444e+00 -2.931723e+00 -5.053781e+00 -6.008458e+00 -4.403243e+00 -4.638273e+00 5.186274e+00
-2.654446e+00 -3.792324e+00 5.158774e+00 1.003785e+01 3.008938e+00 9.358211e-01 1.059978e+01 -2.515266e+00 -1.296704e+00 -9.380553e-01 -3.652416e+00 -9.343162e-01
-6.228981e-01 -2.263224e+00 4.120242e+00 1.024993e+01 6.477811e+00 1.078391e+00 7.980072e+00 -2.788532e+00 2.176242e-01 4.389472e-01 -2.413582e+00 1.027151e+00
-3.450861e-01 -1.448475e+00 4.992201e+00 7.571707e+00 5.403605e+00 2.039608e+00 8.071735e+00 -6.409584e+00 4.401207e-04 3.484888e+00 -2.015257e+00 -1.633326e+00
2.003939e+00 6.378763e-01 9.179289e+00 8.269485e+00 6.389791e+00 7.781916e-01 1.124968e+00 -1.082820e+01 -2.114205e+00 -9.247608e-01 1.871609e+00 3.388278e+00
-2.610397e-02 -9.540462e-02 3.100231e+00 8.577787e+00 9.757250e+00 3.067736e+00 6.745188e+00 -7.495698e+00 -2.359202e+00 2.928180e+00 -1.804920e+00 8.720272e-01
-2.134422e+00 4.708240e-01 -4.194741e+00 1.090878e+00 4.257334e+00 7.170117e+00 4.364613e+00 -5.716668e+00 3.253033e+00 2.431782e+00 1.054146e+01 5.367469e+00
-7.546534e+00 7.250272e+00 -1.066431e+00 3.850289e+00 2.610666e+00 8.492078e+00 4.157725e+00 -2.808268e+00 1.225288e+01 1.122625e+01 7.832933e+00 2.248238e+00
-1.428357e+00 -1.491571e+00 4.735757e+00 8.403652e+00 6.487993e+00 2.898542e+00 3.583382e+00 -9.882881e+00 6.667256e-01 4.541396e+00 4.769846e+00 3.256333e+00
-1.033058e+00 -3.823977e-01 5.520303e+00 6.503620e+00 -1.698732e-01 -3.852698e+00 4.121902e+00 -7.542812e+00 -2.320678e+00 3.323577e+00 1.235748e+00 5.272550e+00
-3.194571e-01 8.308916e-01 4.058908e+00 8.451477e+00 6.455012e+00 -2.771688e-01 3.125511e+00 -7.349257e-01 -2.175006e+00 -5.065089e+00 7.265534e-01 6.078660e+00
-1.602162e+00 -1.990047e-01 2.308769e+00 5.712096e+00 5.069611e+00 4.858753e+00 6.613577e+00 1.592070e+00 -9.411812e-01 -4.849637e+00 4.978204e+00 4.489934e+00
7.297773e-01 4.307485e-02 1.583620e+00 2.863936e+00 2.917122e+00 1.288748e+00 -6.874499e-01 -3.078150e+00 -9.843540e-02 9.914257e-01 7.656312e+00 1.740381e+00
-5.831451e-01 1.639760e+00 6.328271e+00 9.851233e+00 7.685268e+00 1.122513e+00 3.645079e+00 -4.300852e+00 -1.535558e+00 -2.278162e+00 7.899718e-01 4.365553e+00
-7.832613e-01 1.321728e+00 4.358319e+00 8.320446e+00 9.689934e+00 4.153428e+00 8.792606e+00 5.418913e-01 8.026690e-01 -2.480252e+00 7.616158e-01 6.310122e+00
-2.496572e+00 -4.706917e-01 2.681482e+00 5.099239e+00 2.293910e+00 -1.357354e+00 1.768713e+00 -5.311749e+00 2.926564e+00 -2.102866e+00 -1.345925e+00 9.478373e+00
-4.954023e-01 1.790606e+00 6.378839e-01 5.530946e+00 6.618196e+00 1.474486e+00 2.385462e+00 -1.002138e-01 2.983768e+00 -6.089884e+00 1.980631e+00 3.402960e+00
-2.321815e+00 7.082248e-02 1.143399e+00 2.805469e+00 2.839228e+00 5.162921e+00 5.982633e+00 -4.409065e+00 4.049821e-01 9.941717e-01 5.279270e+00 5.513191e+00
-2.195629e+00 2.442498e+00 -4.031041e+00 2.078683e+00 7.326218e+00 6.643775e+00 6.428355e+00 -7.233031e+00 1.394655e+00 6.312018e+00 7.738190e+00 6.534057e+00
-4.037292e+00 5.242838e+00 2.669287e+00 4.141959e+00 6.404125e+00 8.196673e+00 5.840446e+00 -3.326225e+00 4.662632e+00 1.771072e+00 4.736682e+00 8.232925e+00
-1.058464e+00 1.576453e+00 4.824464e-01 3.711738e+00 5.852854e+00 1.061104e+00 6.826065e+00 -2.411284e-01 2.974147e+00 1.574533e+00 6.616794e+00 3.542133e+00
-1.233360e+00 1.681098e+00 2.829030e+00 4.763593e+00 9.484282e+00 4.613858e+00 4.016094e+00 -4.937215e+00 3.420948e+00 -1.599203e+00 3.230200e+00 1.469875e+00
-6.880154e+00 6.488220e+00 1.323593e+00 -1.093750e+00 6.249281e+00 9.492043e+00 4.005722e+00 -3.711031e+00 1.567117e+01 8.759629e+00 6.905859e+00 6.370481e+00
-2.134145e+00 2.068811e+00 1.381933e+00 -2.172057e+00 3.786880e+00 7.058274e+00 1.170597e+01 -9.722323e-01 2.116558e+00 -3.069237e+00 1.108563e+01 7.206634e+00
-2.374778e+00 5.343897e+00 5.046160e-01 2.614141e+00 6.560824e+00 7.555885e+00 6.771763e+00 -5.783202e+00 -8.333130e-01 -5.710593e+00 4.988153e+00 2.449646e+00
-3.455417e+00 5.266387e+00 2.381556e+00 1.090546e+00 6.981659e+00 3.180758e+00 7.885953e+00 -6.439480e+00 2.822868e+00 6.207823e-01 2.578581e+00 7.175743e+00
-7.205542e+00 5.052798e+00 3.330882e+00 -9.085362e-01 6.256859e+00 3.838120e+00 3.894374e+00 -2.011233e+00 4.293641e+00 5.648915e+00 1.150707e+01 1.073631e+01
-6.094414e+00 7.307440e+00 2.920167e+00 1.100233e+00 5.478739e+00 3.969477e+00 3.348868e+00 1.545532e+00 8.956779e+00 2.949620e+00 7.051236e+00 5.733569e+00
-5.215595e+00 6.733132e+00 2.343413e+00 -1.784975e+00 5.752628e+00 3.720598e+00 5.934653e-01 -4.809911e+00 9.603634e+00 3.820882e+00 5.229496e+00 6.909375e-01
-5.947738e+00 5.809274e+00 3.687124e+00 -1.035078e+00 4.447904e+00 5.023887e+00 1.200846e+00 -5.298723e+00 9.246037e+00 2.996078e+00 6.811635e+00 1.029987e+01
-5.394333e+00 7.861537e+00 1.980847e+00 6.133702e-01 9.641989e+00 5.675647e+00 2.031332e+00 -3.054337e+00 1.199677e+01 1.522266e+00 6.878322e+00 4.050993e+00
-5.197299e+00 8.145674e+00 3.305282e+00 -9.976399e-02 5.237283e+00 6.330400e+00 6.218204e+00 7.737894e-01 1.196080e+01 2.162849e+00 5.567924e+00 2.017149e+00
-5.559157e+00 4.016160e+00 -1.342869e+00 -1.000349e+00 8.324123e+00 3.467076e+00 7.381390e+00 2.650111e+00 8.786812e+00 3.202072e+00 6.527080e+00 9.091578e+00
-5.899024e+00 7.452090e+00 3.909184e+00 -1.032128e+00 4.328583e+00 4.913394e+00 1.714305e+00 5.868697e-02 6.087947e+00 4.297349e+00 9.495140e+00 3.383279e+00
-4.666645e+00 6.185422e+00 1.003475e+00 -8.392069e-01 8.751907e+00 7.127650e+00 9.511452e-01 -1.672031e+00 1.055585e+01 3.101246e+00 1.036870e+01 9.246605e+00
-4.598571e+00 6.789597e+00 2.865478e+00 9.867598e-01 8.764489e+00 5.945267e+00 4.577782e+00 -1.778481e+00 4.524513e+00 -1.299620e+00 4.540266e+00 4.899139e+00
-5.110102e+00 4.268628e+00 1.414539e+00 -7.687696e-01 5.915808e+00 5.488660e+00 5.130755e+00 1.147887e+00 1.232984e+01 -2.302446e+00 4.742400e+00 4.785417e+00
-6.063328e+00 7.550691e+00 3.747190e+00 1.438219e+00 4.754130e+00 4.535234e+00 6.935709e+00 5.959870e+00 1.499112e+01 3.386537e+00 3.079387e+00 3.590133e+00
-5.762684e+00 7.194493e+00 4.580089e+00 3.216323e-01 5.138660e+00 -1.293102e+00 5.036530e-01 -3.282427e+00 7.191613e+00 1.611964e+00 6.898746e+00 8.655880e+00
-5.521197e+00 6.545688e+00 3.733183e+00 6.452477e-01 7.462840e+00 2.681301e+00 5.915880e-01 1.294631e+00 1.366695e+01 7.163853e+00 9.377028e+00 4.860765e+00
-6.016376e+00 7.915348e+00 4.605037e+00 -1.652405e+00 6.429328e+00 7.185474e+00 5.584564e+00 1.260398e+00 1.103230e+01 8.280654e+00 1.084325e+01 9.469147e+00
-5.015320e+00 6.769208e+00 2.564942e+00 -1.290877e+00 5.688371e+00 6.971657e+00 4.555143e+00 -6.382731e+00 3.298212e+00 -4.306808e-01 9.142639e+00 8.113653e+00
-4.527049e+00 6.933732e+00 3.491976e+00 1.458140e+00 8.163774e+00 6.744150e+00 2.425564e+00 -5.703614e+00 7.922742e+00 4.667843e+00 7.157767e+00 7.563756e+00
-1.670372e+00 6.735208e+00 -2.257444e+00 -1.898068e+00 5.305406e+00 4.717789e+00 4.528143e+00 -4.765800e+00 9.775972e+00 7.101337e+00 8.386472e+00 2.981588e+00
-4.468134e+00 6.511494e+00 1.088715e+00 -8.278897e-01 9.504776e+00 8.707696e+00 3.865106e+00 2.427423e-01 1.004964e+01 1.620495e+00 1.744886e+00 5.357709e+00
-4.868600e+00 5.709528e+00 -4.993439e-02 -1.423438e+00 6.272183e+00 1.493350e+00 2.469683e+00 -7.628320e+00 4.938063e+00 4.694448e+00 5.846553e+00 6.718391e+00
-4.685257e+00 9.012632e+00 3.606809e+00 -3.380587e+00 6.811382e+00 1.012191e+01 5.147454e+00 -2.147086e+00 1.083299e+01 3.083118e+00 5.343441e+00 5.074412e+00
