9.636045e+00 -2.230267e+01 -2.961020e+00 -3.127952e+00 6.832040e+00 -8.696136e+00 -5.101653e+00 9.986804e+00 -4.305029e-01 -6.320343e+00 -1.345321e+01 -4.915027e+00
5.812833e+00 -2.319185e+01 -2.318894e+00 -7.271381e+00 1.143855e+01 -1.429329e+00 -4.313854e+00 9.445251e+00 1.689549e+00 -3.036784e+00 -1.171255e+01 -2.184139e+00
7.177243e+00 -2.348179e+01 1.692897e+00 -8.879504e+00 4.602458e+00 -3.975430e+00 -7.558483e+00 9.183462e+00 -6.168542e-01 -6.755662e+00 -1.031446e+01 -6.461767e+00
9.885942e+00 -1.645296e+01 -3.816995e+00 -7.881775e+00 6.666467e+00 -3.057786e+00 -2.262651e+00 7.836705e+00 -2.116428e+00 -4.502261e+00 -9.427274e+00 -1.797129e+00
9.840818e+00 -1.331755e+01 -4.538199e+00 -5.983254e+00 3.591386e+00 -1.170580e+01 4.154062e-02 4.664323e+00 3.399277e-02 -6.584376e+00 -1.748775e+01 -4.534103e+00
1.001920e+01 -1.085084e+01 -6.753438e+00 -9.427941e+00 -6.242838e-01 -7.598510e+00 1.044903e+00 2.859077e+00 -9.699966e+00 -3.852627e-01 -1.403346e+01 -6.881205e+00
9.961349e+00 -1.023415e+01 -3.332434e+00 -1.384291e+01 -2.590676e+00 -9.821587e-01 -5.777903e+00 1.660172e+00 -3.784077e+00 -1.555185e+00 -8.726553e+00 -7.989486e+00
9.793714e+00 -1.065003e+01 -6.709945e+00 -9.800146e+00 2.545762e+00 -9.851407e+00 3.867054e-01 4.510147e+00 -5.377642e+00 -7.904180e+00 -1.350732e+01 -4.332335e+00
9.817115e+00 -1.164109e+01 -7.694287e+00 -1.093395e+01 -4.755632e+00 -6.739266e+00 -2.568017e+00 -6.488664e-01 -8.525938e+00 -2.861433e+00 -1.641296e+01 -7.847232e+00
9.712729e+00 -1.208437e+01 -6.110602e+00 -1.309069e+01 -4.480367e+00 -4.834613e+00 -5.034329e+00 -1.180117e+00 -8.425419e+00 -1.408827e+00 -1.463960e+01 -8.854813e+00
9.585561e+00 -1.077812e+01 -2.569140e+00 -1.673200e+01 -4.241774e+00 -2.409367e+00 -6.847485e+00 -1.650255e+00 -4.576259e+00 -8.165429e-01 -1.183892e+01 -9.593711e+00
1.054927e+01 -1.159405e+01 -4.359538e+00 -1.597625e+01 -5.110194e+00 -3.768700e+00 -7.488305e+00 -4.029184e+00 -5.736067e+00 -6.088996e-02 -1.390134e+01 -9.179547e+00
1.032616e+01 -9.000973e+00 -5.141961e+00 -7.182852e+00 1.701558e+00 -6.357478e+00 3.360744e+00 7.889087e+00 -6.255657e+00 -9.231305e-01 -1.251977e+01 -3.759250e+00
1.067789e+01 -7.004437e+00 -5.709576e+00 -1.486423e+01 -3.625583e+00 -3.982806e+00 -8.496841e+00 -2.544818e+00 -5.000025e+00 3.393370e+00 -1.327504e+01 -9.618134e+00
6.442448e+00 -1.627689e+01 -1.776228e+00 -6.701267e+00 8.607546e+00 2.778006e-02 -8.504162e-01 1.050887e+01 -4.152789e-01 -5.099614e+00 -4.503940e+00 -1.337171e+00
1.089879e+01 -5.824550e+00 -5.862382e+00 -1.385072e+01 -2.958448e+00 -3.777637e+00 -6.634762e+00 -5.177436e+00 -4.962195e+00 5.766867e+00 -1.214847e+01 -8.803219e+00
1.001049e+01 -6.901072e+00 -4.650469e+00 -1.578886e+01 -4.293628e+00 -4.839929e+00 -1.245292e+01 -5.652329e+00 -5.595156e+00 1.476089e+00 -1.142794e+01 -1.179571e+01
1.060636e+01 -6.380957e+00 -3.391160e+00 -1.465433e+01 -8.674263e+00 -2.115242e+00 -1.424516e+01 -1.194300e+01 -8.753275e+00 4.275312e+00 -1.243556e+01 -1.182824e+01
1.101778e+01 -5.131453e+00 -3.320168e+00 -1.417287e+01 -3.676619e+00 -2.551942e+00 -9.238960e+00 -6.618426e+00 -7.043408e+00 6.723926e+00 -9.135920e+00 -1.156279e+01
3.236688e+00 -2.174510e+01 -3.705134e+00 -1.047140e+01 -1.963640e+00 -1.714498e+00 -3.085676e+00 2.255072e+01 5.107219e+00 -5.056041e+00 -1.026105e+01 -6.408697e+00
1.031697e+01 -5.104264e+00 -9.715254e-01 -1.409614e+01 -8.131722e+00 4.879527e-01 -1.435320e+01 -1.078494e+01 -8.407269e+00 4.883230e+00 -9.419942e+00 -9.336924e+00
1.118895e+01 -3.773437e+00 7.606028e-01 -1.281277e+01 -1.046124e+01 4.299699e+00 -1.383968e+01 -1.008053e+01 -7.812494e+00 5.235451e+00 -8.541545e+00 -5.136553e+00
1.176666e+01 -3.895913e+00 1.581745e-01 -1.333210e+01 -1.283104e+01 5.264174e+00 -1.582257e+01 -1.234399e+01 -9.022243e+00 1.370193e+00 -5.244300e+00 -6.232894e+00
1.165149e+01 -8.518677e-01 3.371557e+00 -1.611632e+01 -1.089995e+01 5.942025e+00 -1.420936e+01 -1.130493e+01 -9.956795e+00 1.278819e+00 -2.742990e+00 -4.243283e+00
1.133204e+01 -2.234321e-01 7.865989e-02 -1.560455e+01 -1.208241e+01 4.477958e+00 -1.541200e+01 -1.646773e+01 -1.321310e+01 -3.781569e-01 -3.825081e+00 -3.228307e+00
1.115796e+01 3.188168e+00 2.129137e+00 -1.442391e+01 -1.013379e+01 6.121156e+00 -1.170234e+01 -1.540673e+01 -1.319450e+01 5.734618e-01 -2.396880e+00 1.268796e+00
1.172272e+01 3.930279e+00 2.675503e+00 -1.009658e+01 -1.340037e+01 5.203242e+00 -9.228109e+00 -8.992515e+00 -1.155290e+01 -4.303287e+00 -3.690079e+00 1.940993e+00
1.259939e+01 4.951847e+00 2.542917e-01 -8.732568e+00 -1.178831e+01 4.206093e+00 -1.284820e+01 -1.317885e+01 -9.308487e+00 -1.077079e+01 -8.055004e+00 2.518402e-01
1.220836e+01 3.122139e+00 3.915313e+00 -7.334754e-01 -1.009855e+01 7.443974e-01 -6.858549e+00 -1.015869e+01 -1.102899e+01 -1.683820e+01 -4.457523e+00 7.765240e-01
1.227143e+01 7.187416e+00 -6.538337e-01 -7.637296e+00 -6.479768e+00 3.060778e+00 -1.242015e+01 -1.169915e+01 -9.926954e+00 -1.620099e+01 -4.033941e+00 8.651773e-01
-2.032883e+01 -9.349281e+00 8.903642e+00 8.254402e+00 3.972265e+00 -1.275591e+01 -3.841514e+00 -2.171554e+00 -2.311339e+00 -3.832898e-01 6.038960e+00 1.943331e+00
1.072570e+01 3.518599e+00 6.795876e+00 -4.907391e-01 -7.253539e+00 2.422161e-01 -4.169426e+00 -9.430738e+00 -1.327620e+01 -1.220493e+01 -3.473346e+00 -2.761057e+00
1.008910e+01 7.014030e+00 8.444925e+00 -3.079348e-01 -7.473790e+00 7.689009e-01 -2.083280e+00 -1.369862e+01 -1.702988e+01 -1.065911e+01 -3.891139e+00 -1.481763e+00
3.485473e+00 -1.541876e+01 -8.372703e+00 -5.869319e+00 3.818684e+00 3.768934e+00 1.016080e+00 1.887105e+01 7.869803e+00 -8.366354e+00 -9.227159e+00 -7.404405e+00
8.652868e+00 6.099479e+00 7.847981e+00 -1.982109e+00 -8.909895e+00 1.937074e+00 -2.987873e+00 -1.602303e+01 -1.644371e+01 -1.682967e+01 -6.410918e+00 -4.469318e+00
7.488497e+00 5.602008e+00 9.668512e+00 4.925361e+00 -9.771042e-01 3.001332e+00 6.049418e-01 -1.528067e+01 -1.521832e+01 -1.200576e+01 -7.843432e+00 -3.942873e+00
-1.890443e+01 1.154904e+01 -2.835744e+00 -6.123044e-01 5.203558e+00 -2.837942e+00 3.666889e+00 5.368508e+00 3.066605e+00 6.343989e+00 5.540764e+00 4.937917e+00
-1.623018e+01 -6.373717e+00 1.084066e+01 3.144557e+00 4.430341e+00 -2.367408e+00 3.741979e+00 8.639555e+00 9.196086e+00 4.213529e+00 9.889765e-01 1.430871e+00
6.271460e+00 5.091152e+00 5.825694e+00 1.041977e+01 3.302595e+00 3.238703e+00 -1.660944e+00 -1.225327e+01 -9.802967e+00 -1.163638e+01 -8.839429e+00 -6.650583e+00
3.854074e-01 -1.347637e+01 -5.519056e+00 -1.656236e+00 -3.635330e-01 1.932138e+00 1.745368e+00 1.637161e+01 8.711707e+00 -5.795912e+00 -2.357236e+00 -5.804719e+00
-1.345179e+01 7.011704e+00 -3.369472e+00 5.237714e+00 8.320159e+00 -1.151113e+00 9.418951e+00 -4.260025e-01 9.450267e+00 8.969753e+00 1.829901e+00 7.253483e+00
-1.171203e+01 -3.117850e+00 8.295769e+00 1.139337e+01 1.740372e+00 -1.000571e+01 6.384399e+00 8.294488e+00 -2.622510e+00 1.219564e+00 7.899622e+00 2.107335e+00
4.213237e+00 4.672575e+00 6.959049e+00 7.569056e+00 -3.348755e+00 1.979489e-01 -4.726839e-01 -1.297528e+01 -1.048713e+01 -8.810654e+00 -3.012254e-01 -5.503499e+00
-8.529249e+00 1.177814e+00 8.839628e+00 -3.936798e+00 -5.681128e+00 1.558353e+01 5.327095e+00 2.457967e+00 6.949135e+00 -3.984473e+00 1.071506e+01 -2.439743e+00
-9.658587e+00 -1.714047e+00 5.495558e+00 -2.344226e+00 -2.579050e+00 9.324938e+00 6.951186e+00 -4.438005e+00 3.606031e+00 -2.900000e+00 5.729439e+00 6.497069e+00
2.300248e+00 2.537470e+00 1.604021e+00 8.938723e+00 3.263793e-01 3.345511e+00 1.122060e-01 -1.081806e+01 -5.497331e+00 -9.222155e+00 3.835332e-01 -2.709597e+00
-4.117937e-01 -4.606481e-01 1.340494e+00 8.685572e+00 3.127480e+00 3.264182e+00 1.117847e+00 -4.598647e+00 -6.544914e+00 -2.614486e+00 3.058197e+00 1.719096e+00
9.889793e-02 3.068361e-01 1.543870e+00 1.005320e+01 4.079112e+00 8.408325e-01 1.442891e+00 -4.922161e+00 -7.321186e+00 -7.038224e+00 2.935945e+00 -1.191232e+00
6.438732e-01 2.572479e-01 -3.000166e-01 6.708772e+00 1.677549e+00 2.576708e+00 1.574639e+00 -4.688357e+00 -6.693488e+00 -3.078733e+00 6.393179e+00 1.713069e+00
1.234735e+00 6.929345e-01 -1.567107e+00 8.257695e+00 -1.564651e+00 -5.677433e-01 1.068707e+00 5.894766e-01 -4.085925e+00 -2.539746e+00 1.094291e+00 1.598775e+00
-7.366314e-01 -3.020597e-01 2.151459e-01 6.427901e+00 1.906753e+00 2.727943e+00 3.185384e+00 -3.463142e-01 -1.419882e+00 9.975866e-01 1.069302e+01 4.912817e+00
7.338285e-01 3.125933e+00 3.112954e+00 9.715967e+00 -7.110114e-01 -6.787433e+00 -3.449433e+00 -3.679756e+00 -1.263055e+00 -2.673773e+00 3.691317e+00 8.196957e-01
-9.431995e+00 7.473850e+00 -3.055119e+00 1.538581e+00 2.564099e+00 1.027031e+00 5.124801e+00 -1.301562e+00 2.997458e+00 8.808908e+00 7.118194e+00 6.908370e+00
1.914034e-01 2.724350e+00 2.083215e+00 7.943345e+00 2.759638e+00 -2.905848e+00 -1.451591e+00 -5.024889e-01 1.901397e+00 -5.683116e+00 -8.630803e-01 -3.333149e+00
-7.005310e-02 3.377780e+00 1.826238e+00 1.064054e+01 1.721422e+00 -8.793821e-01 4.464920e+00 -1.572781e+00 -9.147638e+00 -1.439505e+00 7.155397e+00 6.330216e+00
-7.303085e-01 4.613531e+00 7.607508e-01 8.599442e+00 2.496672e-02 -3.466497e+00 4.264578e+00 7.205005e-01 -2.774781e+00 1.842557e+00 5.396307e+00 1.310320e+00
-2.581913e+00 1.746127e+00 2.490258e+00 1.088428e+01 -2.899969e+00 -5.199652e+00 5.485916e-02 1.520671e+00 4.156868e+00 1.827402e+00 4.711286e+00 -1.258047e+00
-4.784775e-01 2.521692e+00 -2.569177e-01 1.070871e+01 -5.865989e-01 -1.610775e+00 6.915932e-01 6.897216e-01 1.508870e+00 2.844695e+00 5.909232e+00 2.408248e+00
-1.504380e+00 4.717505e+00 2.263856e+00 9.428567e+00 -2.232461e+00 -2.964507e+00 9.516125e-01 2.887852e+00 -1.989698e-01 -1.900791e+00 2.950348e+00 -2.117337e+00
-9.346199e-02 4.008313e+00 1.250165e+00 6.517654e+00 1.610327e+00 -3.853783e+00 -5.806799e-01 -1.270041e+00 -2.525071e+00 -2.318049e+00 5.232614e+00 2.195618e+00
-5.302791e+00 1.574495e+00 -2.993237e+00 7.233245e+00 6.494989e+00 -3.541189e+00 6.101923e+00 6.120312e+00 6.240488e+00 -3.285736e+00 5.998693e+00 7.402386e+00
-2.419407e+00 2.972196e+00 1.602298e+00 9.302965e+00 -1.485316e+00 -4.090364e+00 5.916220e+00 5.651281e+00 3.961771e+00 2.636043e+00 1.108819e+01 4.339876e+00
-1.812269e+00 1.982775e+00 -1.050746e+00 8.576027e+00 3.440896e+00 -7.983871e-01 7.821157e+00 5.236979e+00 1.128234e+00 -6.993480e-01 4.148171e+00 -6.833702e-01
-4.763733e+00 -3.184357e+00 -3.475964e+00 7.728767e+00 8.624779e+00 7.430588e+00 2.920953e+00 -4.199145e-01 1.053348e+01 7.369477e+00 1.038892e+01 6.248207e+00
-5.098796e+00 4.328491e+00 1.031027e+00 5.046680e+00 2.668834e+00 -2.929440e+00 4.072582e+00 1.239159e+01 9.791542e+00 -1.847868e+00 6.990261e+00 6.357973e+00
-1.736031e+00 3.222512e+00 -2.981099e-01 9.700548e+00 -2.102747e-01 -5.146035e+00 4.679936e+00 1.762844e+00 -2.111503e+00 -3.102058e+00 2.159626e-01 1.761496e+00
-1.830289e+00 4.018132e+00 -1.449131e+00 8.650902e+00 3.231168e-01 7.488360e-01 4.198470e+00 4.624260e+00 5.952259e+00 -2.244246e+00 9.271073e-02 4.149742e+00
-6.743849e+00 -2.668405e+00 -3.778293e-01 5.322098e+00 -1.506536e+00 1.339113e+00 5.433150e+00 6.772166e+00 5.297146e+00 -9.193163e-01 8.918368e+00 7.726148e+00
-1.151175e+00 3.877871e+00 8.764865e-01 1.020391e+01 9.275336e-01 -3.886930e+00 2.837375e+00 5.400312e+00 6.818635e+00 -2.147633e+00 6.791940e-01 2.113464e+00
-7.405060e+00 2.283723e+00 3.233267e+00 -3.043008e-01 -3.974030e+00 6.445414e+00 5.189633e+00 4.308762e+00 6.487137e+00 6.128162e+00 6.672149e+00 5.218861e+00
-8.460020e+00 3.734853e+00 3.611247e+00 -6.285262e-01 -4.261308e-01 2.122913e+00 2.480053e+00 3.905945e+00 6.159640e+00 -3.606530e+00 1.783546e+00 1.587170e+00
-2.928870e+00 2.046390e+00 -1.756814e+00 5.180190e+00 3.853254e-01 -2.851330e+00 5.148689e+00 3.196482e+00 -1.342135e+00 -5.863829e+00 -2.453095e+00 -5.926014e-01
-7.017075e+00 6.353883e+00 -1.801359e+00 1.635557e+00 9.553666e-01 2.960961e+00 2.333821e+00 3.326472e+00 3.313965e+00 4.198222e+00 6.670130e+00 7.412245e+00
-5.886195e+00 4.648619e-01 -5.512464e+00 9.033451e+00 8.076534e+00 2.355055e+00 -9.661369e-01 3.567586e-01 5.764745e+00 5.369059e+00 7.933384e+00 4.171336e+00
-6.665617e+00 3.948718e+00 8.852184e-01 2.407500e+00 3.484723e+00 3.725197e+00 1.575074e+00 8.675485e-01 1.172424e+01 1.318114e+00 3.618790e+00 2.737708e+00
-6.040780e+00 7.117352e+00 -7.782024e-02 4.702366e+00 6.109089e+00 4.694310e+00 3.225822e+00 2.232617e+00 7.067003e+00 7.796362e+00 9.349384e+00 3.190104e+00
-5.454603e+00 8.460933e+00 -4.361668e-01 2.013370e+00 1.385226e+00 4.197020e+00 8.177836e+00 3.887596e+00 7.184162e+00 5.514890e+00 4.388132e+00 4.302538e+00
-6.588402e+00 7.193110e+00 4.331357e-01 3.990359e+00 -5.630617e-01 -2.042919e+00 5.459268e+00 3.835633e-01 5.675353e+00 6.239472e+00 5.474643e+00 -6.864333e-02
-6.489902e+00 7.778463e+00 -5.552360e-01 3.091054e+00 4.488102e+00 3.674794e+00 7.826088e+00 6.155361e+00 4.944230e+00 4.772255e+00 5.670607e+00 4.221760e+00
-6.088094e+00 6.202705e+00 7.133377e-02 1.269404e+00 5.317915e+00 3.523074e+00 4.913186e+00 3.020271e+00 6.403578e+00 5.882802e+00 6.439632e+00 1.284394e+00
-7.199495e+00 6.288878e+00 -1.374833e+00 5.436752e+00 2.974094e+00 -2.828894e-01 3.002597e+00 -9.177268e-01 7.854745e+00 3.997122e+00 4.294715e+00 4.926133e+00
-6.215862e+00 6.939126e+00 -3.031045e-01 2.975552e+00 1.714614e+00 2.902873e+00 5.084600e+00 4.721092e+00 8.405264e+00 9.289650e+00 4.609325e+00 2.579313e+00
-7.591532e+00 7.525093e+00 2.469124e+00 3.850228e+00 1.269016e+00 -6.168618e-01 6.301193e+00 1.285225e+00 7.054534e+00 3.557254e+00 4.796591e+00 5.242068e+00
-7.869204e+00 5.971948e+00 1.248210e+00 1.612117e+00 3.399484e+00 4.517949e+00 8.834293e+00 3.762746e-02 9.112453e+00 6.933996e+00 6.238755e+00 6.070113e-01
-5.864422e+00 4.591495e+00 3.433801e-01 7.892511e+00 4.159667e+00 6.959105e-01 1.356709e+00 2.820406e+00 6.355129e+00 6.398316e+00 8.798635e+00 8.365560e+00
-6.417692e+00 8.054214e+00 2.515179e+00 4.272062e+00 2.268560e+00 3.994459e+00 1.338670e+01 3.649062e+00 6.205864e+00 2.800437e+00 4.639367e+00 5.388742e+00
-6.968924e+00 5.666606e+00 -1.907735e+00 3.934407e+00 2.136175e+00 1.284825e+00 2.855050e+00 -3.833497e-01 1.959717e+00 3.429482e+00 2.956862e+00 7.542877e-01
-7.543104e+00 4.174512e+00 -3.216586e-01 -1.200831e-01 4.164557e-01 -3.317266e-01 -8.780546e-01 5.281442e+00 5.308082e+00 6.680123e+00 7.205147e+00 6.725660e+00
-6.316958e+00 6.271919e+00 9.710775e-01 6.331020e+00 2.258540e+00 1.288881e-01 4.569449e+00 5.149806e+00 8.782037e+00 7.137668e+00 5.300806e+00 3.770768e+00
-6.291636e+00 7.508262e+00 5.801644e-01 2.804841e+00 4.281868e+00 2.649930e+00 7.362384e+00 4.994149e+00 9.045422e+00 1.075154e+01 5.747006e+00 3.870937e+00
-6.810423e+00 6.346945e+00 2.307948e-01 2.283497e+00 1.957374e+00 7.795520e-01 1.818128e+00 -3.301983e-01 8.278679e+00 7.593086e+00 3.557612e+00 1.467525e+00
-6.805489e+00 7.452213e+00 2.168678e+00 3.716170e+00 1.998912e+00 4.205111e+00 5.061152e+00 9.929093e-01 8.601480e+00 5.399466e+00 7.715965e+00 5.820558e+00
-7.060076e+00 3.962033e+00 2.251083e-01 2.810209e+00 3.337836e+00 2.343293e+00 4.951878e-01 -1.141202e+00 3.863783e+00 2.497495e+00 5.423256e+00 6.677427e+00
-5.580882e+00 5.297510e+00 -6.065833e-01 3.599951e+00 -3.156128e-01 -7.010188e-01 3.788205e+00 5.743026e+00 5.941300e+00 3.026280e-01 3.625973e+00 2.885673e+00
-5.853662e+00 6.300453e+00 -2.144972e+00 4.343173e+00 6.689535e+00 1.652174e+00 4.566935e+00 6.262670e-01 6.909976e+00 6.022225e+00 4.598622e+00 6.578850e+00
-6.783731e+00 3.522473e+00 -3.471522e+00 2.823853e+00 2.780701e+00 -4.784109e+00 1.654630e-01 2.635942e+00 4.961609e+00 1.684556e+00 4.564378e+00 2.881672e+00
-5.340838e+00 5.838952e+00 -7.269457e-01 3.776237e+00 4.110856e+00 8.555618e+00 4.105472e+00 -5.323262e-01 7.579611e+00 8.679676e+00 7.113715e+00 5.296265e+00
-5.842042e+00 6.919297e+00 -1.061423e+00 6.703951e-01 -7.274861e-01 1.157017e-01 4.305318e+00 4.069805e+00 8.956087e+00 5.994211e+00 4.050881e+00 2.827153e-01
-6.346024e+00 5.949369e+00 5.964147e-01 4.131685e+00 7.414271e+00 3.460546e+00 6.244168e+00 2.027719e+00 6.565064e+00 6.676151e+00 8.762218e+00 9.878869e-01
-6.100518e+00 6.779043e+00 -1.191856e+00 1.136881e+00 1.458714e+00 3.228817e+00 2.890678e+00 -1.171787e+00 5.440336e+00 1.074456e+01 7.328260e+00 2.485932e+00
-5.781522e+00 8.198949e+00 7.026080e-01 4.697485e-01 1.949999e+00 3.311033e+00 3.957720e+00 -3.721039e-01 6.044717e+00 7.515868e+00 8.334642e+00 4.120488e+00
-6.417976e+00 5.418722e+00 -7.205788e-01 2.519708e+00 1.261629e+00 -9.121823e-01 2.985715e+00 4.386809e+00 4.937336e+00 4.208577e+00 7.581252e+00 5.143157e+00
