-3.219019e+00 1.492609e+00 -7.736561e-01 1.535539e+00 -6.995903e-01 6.537911e-01 5.628371e-01 -2.479891e+00 1.111401e-01 9.123619e-01 -2.038162e-01 2.610282e-01
-2.217399e+00 1.928157e+00 8.454884e-01 2.726236e+00 -1.555507e+00 3.292056e+00 -2.139142e+00 -1.084887e+00 1.541091e+00 -2.293658e-01 1.442048e+00 -8.330752e-01
-3.401577e+00 3.086172e-01 -1.467606e+00 7.353979e-01 -7.545023e-02 -3.143527e+00 1.355210e+00 -3.102016e+00 -1.288133e+00 1.905666e+00 -5.302268e-01 2.129788e+00
-3.145266e+00 9.358225e-01 -2.917796e+00 2.941254e-01 2.207029e-01 -3.591079e+00 7.781171e-01 -2.405227e+00 -1.139832e+00 -4.628617e-01 4.680197e-01 1.324506e+00
4.674463e-01 1.475300e+00 -1.016039e+00 7.334115e-01 -1.635284e+00 4.358559e+00 -8.470780e-01 1.478971e+00 2.769793e+00 -1.542913e-01 1.175317e+00 -7.880343e-01
-1.454246e+00 6.159127e-01 -3.191516e+00 7.031345e-02 5.704690e-01 -3.341813e-01 1.016766e+00 -6.652071e-01 9.077554e-01 -5.672095e-01 1.989137e+00 1.425404e+00
2.726634e+00 -1.288060e+00 -8.926760e-01 -1.119288e+00 -2.716328e-01 -8.885838e-01 1.363995e+00 2.209600e+00 1.388701e+00 6.667881e-02 -4.113189e+00 9.737772e-01
3.354532e-01 1.282425e+00 -1.720028e+00 -4.492005e-01 -2.457056e+00 2.687029e+00 -7.086354e-01 9.312075e-01 1.130721e-01 3.567338e-02 3.801246e-01 -7.622185e-01
3.527337e+00 -9.050587e-01 -1.876467e+00 -8.135247e-01 -1.156446e+00 -1.726267e+00 1.346239e+00 1.682401e+00 4.502493e-01 -1.197692e+00 -4.031751e+00 -1.046829e-02
-8.061470e-01 1.350956e+00 -1.592815e+00 6.021730e-01 -1.441721e+00 1.068538e+00 -7.121799e-01 2.768178e-01 1.384704e+00 -2.047921e+00 1.279500e+00 1.027579e-01
8.399826e-01 -1.560499e+00 -3.200032e-01 -1.332732e+00 7.192060e-01 5.682457e-01 3.631582e-01 1.887403e+00 -2.957023e-01 2.806548e-01 -2.240680e+00 9.013410e-01
4.870654e-01 -4.302909e+00 9.985660e-01 -1.463036e+00 2.715926e+00 1.624924e+00 2.344031e+00 2.243236e+00 3.074526e-01 9.455063e-01 -1.454100e+00 8.359548e-01
-5.041747e-01 1.158861e+00 -1.202161e+00 1.703854e-01 -1.292023e+00 9.818271e-01 -3.117743e-01 6.131402e-01 1.081137e-01 -2.978841e+00 -1.580255e-01 -1.466279e+00
4.405478e+00 -5.020508e+00 1.107875e+00 -3.568957e+00 3.726157e-01 -9.760100e-01 -8.638331e-01 2.310599e+00 -6.339786e-02 6.196836e-01 -2.274718e+00 6.239627e-01
-4.937797e-01 -1.124146e-01 -2.094602e+00 -8.702871e-01 -1.802505e+00 1.019769e-01 1.034628e-01 3.996025e-01 -5.629506e-01 6.660246e-01 -3.565900e-01 -5.507611e-01
1.878280e+00 -1.520561e-01 -1.183363e+00 -4.448836e-01 -1.617000e+00 -1.903151e+00 3.514439e-01 3.426881e-01 -1.502478e+00 -1.549603e+00 -1.859629e+00 1.705296e-01
-5.482853e-01 -4.494284e-01 -1.164672e+00 9.331498e-02 -2.229039e-01 2.144417e-01 4.704131e-01 8.316592e-01 -1.263045e+00 4.685336e-01 -9.414072e-01 -7.113886e-01
-7.621847e-01 -1.862005e-01 -3.096552e-01 1.434298e-01 9.680797e-01 -1.007400e+00 -8.265289e-01 1.096940e+00 -5.511903e-01 -6.459535e-01 -7.636788e-02 -7.021677e-01
-2.526438e-03 -1.331259e+00 5.888032e-02 -3.043593e-01 9.809030e-01 2.135593e+00 2.880388e+00 1.636795e+00 9.886209e-01 -5.253794e-01 -1.260292e+00 5.644380e-01
-5.957690e-01 -5.883986e-01 7.177728e-01 5.886317e-01 1.481619e+00 2.379711e+00 3.858631e-01 1.453662e+00 -6.565275e-01 -8.401740e-01 -5.727295e-01 1.190202e+00
1.831150e+00 1.006209e+00 -8.608822e-01 2.051509e+00 -2.543829e+00 -2.170079e+00 -1.847023e+00 -1.318045e+00 -8.798798e-01 -2.692894e-01 5.380761e-01 1.003451e+00
-3.756102e-01 -5.099388e-01 2.854866e-01 6.202726e-02 1.175905e-02 -2.000089e+00 1.980996e-01 -4.818477e-01 -2.650981e-01 9.033655e-01 8.529762e-01 5.794090e-01
-1.804986e-01 -3.714564e-01 6.679257e-01 -1.482961e-02 -2.002977e-01 -2.099401e+00 -5.064330e-01 8.598752e-01 8.976143e-01 1.418740e-01 4.541829e-01 3.654741e-02
6.638460e-02 -1.825917e-01 -2.134250e-01 -6.869472e-01 -2.088201e-01 -2.032631e+00 -1.041302e+00 8.042009e-01 1.068606e+00 -9.971453e-01 -3.210669e-01 1.103724e-01
-6.669512e-02 -1.544854e-01 -2.057666e-01 -3.998097e-01 1.577654e-02 -4.929759e-01 -1.869339e+00 -3.369884e-01 5.099104e-01 -1.742916e+00 -2.545815e-01 3.269880e-01
-8.614741e-02 -7.319763e-01 -1.089550e+00 -9.994004e-01 3.452918e-01 7.336772e-01 -7.199867e-01 -8.700939e-01 -2.672973e-01 -1.262634e+00 -9.532863e-01 5.963293e-01
-1.204734e-01 -4.391451e-01 -6.873255e-01 -1.979483e-01 4.553778e-01 1.124236e-01 1.029544e+00 -4.423501e-01 -2.933980e-01 3.069843e-01 9.502302e-02 2.695276e-01
-3.769550e-02 1.841901e-01 4.796639e-01 5.791891e-01 -2.328892e-01 9.198467e-01 1.777713e+00 1.024877e+00 6.758537e-01 1.238244e-01 1.608176e-01 1.014629e+00
-2.419745e-01 5.856149e-01 6.671759e-01 1.354851e-01 -6.868912e-01 -3.689142e-01 1.084344e+00 7.283224e-01 2.959576e-01 -1.337135e-01 5.008639e-01 1.392470e+00
-6.803764e-01 2.614361e-02 1.058653e+00 2.998345e-01 -3.018834e-01 -7.750293e-01 2.495296e-01 -1.371095e+00 -1.196333e+00 -5.325413e-03 9.672890e-01 1.212764e+00
-4.520674e-01 -1.307762e-01 8.483103e-01 -5.997074e-02 -4.051355e-01 -7.301092e-01 -4.628081e-01 -1.191673e+00 -8.998598e-01 3.097326e-01 6.000455e-01 6.893468e-02
-7.681980e-02 -2.309345e-01 4.948700e-01 5.667618e-01 5.964316e-01 -5.317336e-01 -6.809505e-01 -1.093948e+00 -4.328447e-01 1.143368e+00 1.211780e+00 -8.778011e-01
3.703198e-01 -2.150134e-01 -5.519994e-01 3.585349e-01 6.363503e-01 5.578982e-01 3.026342e-01 9.620309e-01 8.545532e-01 -4.928290e-02 1.581620e-01 9.427218e-02
3.284052e-01 9.563905e-02 -6.480210e-01 4.615422e-01 -2.559948e-02 6.459339e-01 4.683499e-01 1.214551e+00 3.977701e-01 -1.592381e-01 -2.116865e-01 6.437587e-01
4.046093e-01 -1.974370e-01 -7.284437e-01 -5.336770e-01 -8.098833e-02 1.039072e+00 7.628303e-01 1.027154e+00 3.937781e-01 -3.923172e-01 -5.173491e-01 -1.376195e-02
1.103650e-01 5.341315e-03 -5.784370e-01 -7.275366e-01 -2.801790e-01 1.026464e+00 1.107208e+00 6.965256e-03 -6.885648e-02 5.505890e-01 -4.044513e-01 -5.152690e-01
3.840351e-02 3.604957e-01 6.940004e-01 2.107240e-01 4.084371e-01 9.229971e-01 3.785756e-01 -1.659668e+00 -5.802984e-01 9.344726e-01 -2.943159e-01 -5.884269e-01
1.437512e-01 1.644710e-01 7.895595e-01 4.382648e-01 1.165872e+00 -6.402395e-01 -3.008212e-01 -9.756281e-01 -1.223994e+00 -7.069281e-01 -8.114294e-01 -1.608984e+00
2.106009e-01 3.908072e-01 6.037682e-01 9.927325e-01 5.581067e-02 -1.877710e+00 -2.145858e-01 1.420867e-02 -1.556730e+00 -1.632480e+00 -2.661013e+00 -2.561631e+00
8.951467e-01 4.194416e-01 4.577579e-01 -8.587976e-02 -1.053589e+00 -1.222425e+00 -7.209910e-01 9.890043e-01 -8.387024e-01 -1.672596e+00 -2.207559e+00 -1.987232e+00
-1.417621e+00 1.859516e-01 1.137491e-01 -5.412704e-01 1.982429e+00 3.130220e+00 1.608540e+00 3.588732e+00 4.457668e+00 5.506443e+00 4.259106e+00 -3.780161e-01
-1.076900e+00 8.697361e-01 1.289685e-01 1.307857e-01 1.665203e+00 1.258529e+00 -1.581687e-01 1.401956e+00 3.822340e+00 4.887680e+00 2.597730e+00 -3.650623e-01
-4.213260e-01 1.209381e+00 8.682228e-01 4.132624e-01 1.031232e+00 1.056621e+00 -5.545773e-01 1.035704e+00 3.039653e+00 2.084624e+00 1.216094e+00 -1.539763e-01
2.715139e-02 7.548192e-01 8.960012e-01 5.477837e-01 4.258738e-01 8.986652e-01 4.922964e-02 -1.782155e-01 3.165836e+00 8.701587e-01 -3.158506e-01 5.230683e-01
1.287475e-01 -3.163623e-01 -4.932652e-01 5.052035e-01 5.638660e-01 2.336576e-01 3.857429e-01 -5.137635e-01 4.570290e-01 4.302875e-01 -5.629320e-02 1.081757e+00
1.137808e-01 -2.787020e-01 -8.274887e-01 -3.474214e-02 1.364800e-01 4.382434e-01 1.178669e+00 8.236252e-02 -1.519381e+00 -4.310174e-02 1.153054e+00 1.105822e+00
-2.841184e-01 -4.135517e-01 -1.094539e+00 -7.273926e-01 -8.500971e-01 -8.076148e-01 5.527624e-01 6.831554e-01 -2.139357e+00 -1.114985e+00 1.806315e-01 8.895410e-01
-6.268753e-01 -4.037106e-01 -2.142631e-01 -8.888148e-01 -1.044949e+00 -1.360901e+00 -3.040180e-01 1.020241e+00 -1.798493e+00 -5.775163e-01 -5.633762e-01 4.095959e-03
-5.248731e-01 -4.553862e-01 2.470788e-01 -1.371887e-01 -7.317914e-01 -2.814942e+00 -1.910604e+00 6.595702e-01 5.369473e-01 2.108702e-01 -9.786817e-01 -1.405706e+00
-3.628195e-01 -2.525717e-01 2.558826e-02 3.216786e-02 -4.751247e-02 -2.502412e+00 -1.937692e+00 -2.812979e-01 3.462384e-01 -7.563667e-02 -8.994834e-01 -1.824650e-01
-1.934866e-01 -2.187267e-01 -1.533102e-01 8.000344e-02 1.421337e-01 -7.648697e-01 -1.449719e+00 -1.026888e+00 6.761154e-01 3.130365e-01 2.854156e-01 5.640457e-01
1.253714e-01 -1.929948e-01 -4.652023e-01 -1.836488e-01 -2.216378e-01 1.284339e+00 2.038794e-01 -5.658764e-01 3.546416e-01 -7.735427e-01 -3.758724e-01 3.552956e-01
-7.779102e-02 -2.313289e-01 -4.210462e-02 -8.412067e-01 -2.262635e-01 1.755658e+00 5.853041e-01 -8.368783e-01 -9.724293e-01 -2.813668e-01 1.270255e-01 5.437739e-01
-1.214937e-01 -4.283261e-01 -1.810589e-01 -4.455641e-01 -2.029667e-01 3.063349e-01 1.197689e-01 6.752618e-01 -3.910829e-01 -3.878146e-01 -8.662422e-01 -8.811349e-01
-2.498249e-01 1.823639e-01 6.064717e-01 -7.612125e-02 3.379730e-01 -4.633180e-01 -4.523897e-01 8.015485e-01 -8.312904e-01 -7.236199e-01 -1.221758e+00 2.099948e-01
-8.783169e-02 9.899007e-02 1.810056e-01 -6.222835e-01 9.188339e-01 -3.855919e-01 -3.400690e-01 5.221328e-01 3.710295e-01 -5.201578e-03 -2.823752e-01 6.253649e-01
1.841078e-01 1.051842e-01 -3.876114e-01 -6.698796e-01 6.874000e-01 6.376444e-01 7.913111e-01 5.131810e-01 1.059116e+00 4.696972e-01 2.413881e-01 -1.047055e-01
2.169434e-01 2.101204e-01 -4.268095e-01 -6.956925e-01 8.991038e-01 8.429862e-01 7.801099e-01 -2.049625e-01 9.514019e-01 1.159373e+00 1.349023e+00 3.403665e-01
8.588824e-01 2.059863e+00 1.435375e+00 1.507004e+00 -2.040500e+00 -2.446155e+00 -3.723853e-01 -3.120744e+00 -4.188811e+00 -1.651520e+00 2.250968e+00 -1.498855e-01
2.771801e-01 3.702475e-01 -2.735149e-01 5.000509e-01 1.534216e+00 -1.485067e+00 -1.482747e-01 1.391780e+00 4.507157e-01 -1.030585e+00 -2.231268e-01 -3.498860e-01
2.230808e+00 1.276959e+00 2.153062e-01 2.193207e+00 -3.403226e+00 -1.442995e+00 -1.715688e+00 -2.770487e+00 -3.588460e+00 -1.672085e+00 2.462477e+00 9.505731e-01
-1.015854e+00 -7.225757e-01 -1.268790e-01 -4.312201e-01 1.993393e-01 2.204252e-01 7.359807e-01 1.101628e+00 -2.077504e+00 -1.568123e+00 -7.711959e-01 -8.780603e-02
1.317481e-02 9.655480e-01 -7.179816e-01 -3.393530e-01 -5.805894e-01 -1.098370e+00 -1.085798e+00 -8.998005e-01 1.262040e+00 2.891622e-01 -6.376719e-01 6.896008e-01
-7.295376e-01 2.660985e+00 2.367443e+00 6.744432e-01 -8.918446e-01 -2.886244e+00 -1.722378e-01 -1.640668e+00 -2.103387e+00 -2.422751e+00 1.957340e+00 -7.881640e-01
-2.966926e+00 -3.314420e-01 7.639937e-02 -1.041108e+00 1.000810e+00 1.144603e+00 -1.392068e+00 7.724612e-01 -2.154633e+00 -1.876976e+00 -7.124003e-01 -2.279120e+00
8.641323e-01 9.508497e-01 5.014528e-01 1.254085e+00 1.890521e+00 -3.526434e-01 7.727578e-01 -1.046002e+00 6.129364e-01 -4.544603e-01 -1.635683e-01 2.968699e-01
3.357732e-01 -3.147710e-01 -3.582195e-01 8.072116e-01 -3.425975e-01 1.454629e+00 1.685226e+00 1.242689e+00 4.149254e-01 -9.832236e-01 -1.024494e+00 1.374526e+00
-1.852392e+00 -8.519928e-01 -9.988173e-01 -7.774395e-01 2.134193e+00 3.514668e+00 2.255207e+00 4.382491e+00 5.214238e+00 5.508577e+00 3.972075e+00 7.318831e-01
-2.281477e+00 2.664557e+00 2.311273e+00 1.417044e-01 1.387202e+00 -1.935223e+00 -6.057797e-01 -4.561187e-01 8.832712e-02 -8.166111e-01 1.051376e+00 -1.910078e+00
-1.757537e+00 1.457569e+00 1.562746e+00 7.494071e-01 1.172532e+00 2.626602e-01 -3.546159e-01 5.042927e-02 -4.312855e-01 -1.078665e+00 3.946194e-01 -6.000883e-01
3.022362e-01 5.962096e-01 -8.185654e-01 1.885544e+00 -2.115949e-01 1.247137e+00 7.995054e-01 8.824951e-01 -3.031045e-01 -1.263602e+00 -5.859432e-02 1.092516e+00
2.045069e-01 8.780340e-01 -6.102147e-01 1.369199e+00 6.274258e-01 1.003765e+00 3.489268e-01 7.052137e-01 -6.783620e-01 -4.041552e-01 -2.089533e-01 1.180048e+00
2.989851e-01 4.990231e-01 -3.842284e-01 7.569941e-01 9.594731e-01 1.365323e+00 -2.716196e-01 -1.395487e-01 -6.928892e-02 3.061112e-01 3.485369e-01 5.368017e-01
8.841114e-02 1.243079e-01 1.799067e-01 -5.377477e-01 1.056395e+00 -6.637394e-02 1.583811e+00 -2.486588e+00 1.965500e+00 -3.405282e-01 2.904287e-01 7.627995e-01
-8.507484e-01 2.655171e-01 -7.766669e-01 -1.211434e+00 -2.272688e-01 -3.822714e-01 -2.406252e-01 -1.684061e+00 -6.986437e-01 -1.294027e+00 -1.237762e+00 7.142494e-01
7.653717e+00 -4.529620e+00 1.603218e+00 -2.908948e+00 -4.708853e-02 -2.672034e+00 -3.769298e+00 9.167787e-01 -2.002331e+00 -8.195690e-01 -2.808471e+00 -1.423007e+00
1.809269e-01 6.810328e-01 -1.744528e-01 3.760220e-01 1.090439e+00 1.223354e+00 -4.240454e-01 -3.701377e-01 3.076986e-01 4.479879e-01 4.468865e-01 4.672363e-01
-8.237732e-01 -9.315747e-01 1.127588e+00 -6.582227e-01 1.028387e+00 1.036378e-01 2.351559e+00 -2.448820e+00 1.013502e+00 -7.010536e-01 7.812891e-02 1.963998e+00
1.845468e-01 3.902615e-01 2.446273e-01 5.510581e-01 -3.914180e-01 1.060231e+00 -4.898753e-01 -4.772082e-01 1.342005e+00 3.154491e-01 2.514440e-01 -1.253100e-01
-6.842562e-01 -1.727106e+00 1.468339e+00 -2.747730e+00 9.002805e-02 -1.219506e+00 1.265786e+00 -3.684915e-01 1.018641e+00 -7.529356e-01 3.984911e-01 1.220983e+00
-1.943616e+00 -6.184446e-01 -1.638955e+00 -1.782127e+00 1.521787e+00 3.199498e+00 2.159697e+00 4.471761e+00 6.276067e+00 4.316458e+00 2.984686e+00 1.879062e+00
-1.622253e+00 -1.272822e-01 -2.639941e-01 -8.077583e-01 -3.228522e-01 6.496868e-01 4.595886e-01 -3.601288e+00 -3.600179e+00 -1.007756e+00 -8.063088e-02 8.901364e-01
4.183799e-01 7.239984e-01 -3.122166e-02 1.814578e+00 -8.664711e-01 1.088269e+00 -7.709246e-01 -8.659447e-01 1.351971e+00 5.452258e-01 1.886662e+00 -7.887895e-01
-3.030640e+00 1.507164e+00 9.572046e-01 1.035618e+00 1.584590e+00 2.185148e+00 -1.541525e+00 -7.271672e-01 -4.614752e-01 -8.493500e-01 -1.071508e+00 -2.374129e+00
-3.943581e-01 -2.758074e+00 1.241052e+00 -3.769742e+00 -5.253432e-01 -2.071937e+00 1.127035e+00 1.976032e+00 -5.860662e-02 -2.468756e-01 -3.736786e-01 6.028593e-01
-1.978962e+00 -3.496433e-01 -1.185196e+00 -1.164028e+00 3.329943e-01 1.619061e+00 4.765133e-01 2.111988e+00 3.960725e+00 3.190988e+00 3.452749e+00 1.784472e+00
-2.197713e+00 -2.397484e-01 1.822694e-01 -7.885736e-01 -4.724492e-01 1.286360e-01 -5.661487e-01 -3.282115e+00 -2.843016e+00 2.886635e-01 1.062895e+00 1.034266e+00
7.975542e-01 -2.482185e+00 2.217842e+00 -2.295187e+00 -9.466883e-01 -3.323407e+00 8.534222e-01 1.236060e+00 -9.633991e-01 7.869868e-01 -1.219350e+00 -6.428095e-01
-2.282177e+00 -2.436121e-01 -6.897125e-01 -2.919556e-01 2.511548e-01 -6.466150e-01 -6.686441e-01 -1.035089e+00 6.211635e-01 2.798494e+00 1.584342e+00 1.589949e+00
2.074135e-01 1.895273e+00 2.741742e-01 2.776406e+00 -6.793432e-01 9.425572e-01 -2.874883e-01 -2.097670e+00 2.675272e-01 1.144332e+00 2.817495e+00 1.338560e-01
-1.696382e+00 2.617321e+00 5.041949e-01 2.800375e+00 1.370694e+00 2.653549e+00 -9.287256e-01 -1.576713e+00 -9.062712e-01 -5.828737e-01 -3.970737e-02 -1.907592e+00
8.375727e+00 -2.959748e+00 2.341937e+00 -1.704761e+00 -1.537486e+00 -4.761838e+00 -4.677151e+00 -8.105127e-01 -2.216874e+00 -8.574327e-01 -3.323593e+00 -2.818731e+00
-4.782766e-01 2.904113e+00 2.968881e-01 3.555117e+00 5.733643e-02 1.463310e+00 -1.175202e+00 -2.882727e+00 -7.400978e-01 4.731384e-01 1.960285e+00 -9.152422e-01
1.966200e+00 -2.426354e+00 2.848141e+00 -8.421282e-01 3.323660e-02 -2.547935e+00 -2.945838e-02 -5.670757e-02 -2.420649e+00 3.389892e-01 -1.989218e+00 -2.648821e+00
6.184691e+00 -1.633256e+00 2.232400e+00 -1.096095e+00 -1.993230e+00 -4.200241e+00 -2.685788e+00 -1.016463e+00 -2.581515e+00 -1.214734e+00 -3.481070e+00 -3.529578e+00
