3.679943e+00 -4.238302e+00 1.543324e+00 -1.520017e+00 -5.322948e+00 -2.212678e+00 1.603801e+00 5.440407e-01 -4.260201e+00 -3.494008e+00 -4.825057e+00 -1.217074e+00
-2.136689e+00 -3.428287e-01 -2.527602e-01 -3.329675e+00 -7.381482e-02 -2.821840e+00 2.569725e+00 -2.722534e+00 -4.689001e-01 -7.014132e-03 1.411727e+00 9.000274e-01
3.306436e+00 -5.934554e+00 1.866973e+00 -1.730634e+00 -4.723949e+00 -1.059663e+00 2.587931e+00 -1.443775e-01 -3.347696e+00 -1.805946e+00 -3.673148e+00 -5.255933e-01
-1.240155e+00 -1.900101e+00 -3.838272e-01 -2.975951e+00 3.079047e-02 -2.075719e+00 5.306990e-01 -4.000293e-01 -1.856962e+00 -1.288145e+00 7.157516e-01 -8.882190e-01
2.908188e+00 -2.021264e+00 7.538474e-01 -2.458826e+00 -4.345864e+00 -2.447037e+00 3.105054e-01 -5.768215e-02 -4.227420e+00 -2.696169e+00 -4.357419e+00 -1.185875e+00
-2.271862e+00 2.249507e-01 1.207865e-01 -3.349292e+00 4.981592e-01 -1.750984e+00 2.849077e+00 6.838847e-01 5.619010e-01 2.814405e-01 2.622837e+00 1.429080e+00
2.355965e+00 -4.496938e+00 7.738273e-01 -1.162483e+00 -3.011911e+00 3.959846e-01 1.484647e+00 1.455854e-01 -1.269707e+00 -1.265311e+00 -1.453394e+00 -1.345572e+00
-6.539661e-01 -2.158042e+00 1.872739e-01 -1.669342e+00 -4.422066e-01 -4.952389e-01 -6.034723e-01 1.594297e+00 -1.904721e+00 -1.232814e+00 6.141063e-01 -6.543959e-01
7.708997e-01 2.391558e+00 2.146157e-01 -1.947544e+00 -1.897016e+00 -1.395584e+00 -1.218125e+00 -1.293437e+00 -2.620182e+00 -8.638136e-01 -2.181193e+00 -1.981892e+00
-1.119351e+00 -5.369173e-01 1.446973e-01 -7.063667e-01 9.637200e-01 7.313062e-01 -2.149045e+00 2.858264e+00 -2.021257e+00 -1.007585e+00 -1.227773e+00 -9.327796e-01
-1.873088e+00 -7.979585e-01 -7.862816e-01 -2.360703e+00 -1.109531e+00 -1.452119e+00 1.461181e+00 3.122068e+00 2.511958e-01 1.153037e-01 8.325937e-01 6.104430e-01
5.983679e-02 9.292175e-01 -4.010579e-01 -1.427292e+00 -2.819170e+00 -6.886000e-01 -1.220751e+00 -1.560558e+00 -1.071421e+00 9.401636e-01 -9.511160e-01 -2.201880e+00
-5.639497e-01 -3.394566e+00 7.638676e-01 1.593237e+00 -3.057639e+00 -1.404869e+00 6.556396e-01 -2.143412e+00 -3.983138e+00 -6.580331e-01 2.116078e+00 1.274123e+00
-7.380106e-01 -9.092602e-01 -7.379913e-02 -6.768371e-01 1.915184e+00 6.568136e-02 -1.369253e+00 1.156627e+00 4.078616e-01 1.052338e-01 -9.586444e-01 -1.033444e-01
3.592066e-01 -6.158981e-01 1.611636e+00 -2.798888e+00 -1.711639e+00 -9.958521e-01 -3.740930e+00 -3.707267e+00 -5.295516e-01 -1.217311e+00 9.516365e-01 1.415195e+00
-5.823089e-01 9.171636e-01 7.383522e-01 -2.511180e-01 -8.838251e-01 -6.748971e-01 -3.611787e-01 -1.837286e+00 6.094190e-01 2.626418e+00 3.080379e-01 -1.046491e+00
-1.147716e-01 -1.120255e+00 1.162638e+00 -1.698197e+00 -1.233059e+00 -1.594592e-01 6.605938e-01 -1.036974e+00 -6.841183e-02 1.474708e+00 1.567369e+00 1.028522e+00
3.470201e-02 -1.485166e+00 -4.106184e-01 2.040722e+00 -5.160795e-01 -2.764536e+00 2.316240e+00 1.790304e+00 -3.705788e+00 1.150398e-01 5.742225e-01 1.155369e+00
-8.157959e-02 -2.375673e+00 9.360386e-01 2.685331e+00 -1.130006e+00 1.335930e+00 9.869299e-01 -3.257703e+00 -1.766396e+00 6.685772e-02 -4.649801e-02 -1.408318e+00
9.383355e-01 1.229561e+00 6.463784e-01 -9.883925e-01 -4.184268e-01 1.232209e-01 -2.707597e+00 -3.056737e+00 -8.904764e-01 -2.701707e+00 -1.625163e+00 -9.846153e-01
-5.708235e-01 -7.767342e-01 9.173209e-01 5.848627e-01 -5.891286e-01 -1.689011e-01 2.531561e+00 8.551061e-01 -6.573870e-01 1.702973e+00 5.050064e-01 -1.623373e+00
2.921597e-01 -7.603948e-01 8.480258e-01 3.894975e+00 7.015331e-01 1.422205e+00 7.721754e-01 -1.234102e+00 6.406537e-01 5.569689e-01 -2.683991e-01 -3.257210e+00
-6.175067e-01 -6.821480e-01 2.040289e+00 -2.585951e-01 1.294188e+00 2.408784e-01 -2.525860e+00 -1.796229e+00 -2.884925e+00 5.351185e-01 4.402780e-01 2.971704e+00
1.085425e+00 -1.050234e+00 -8.582134e-01 5.040549e-01 -9.839562e-01 -1.969633e+00 -9.537878e-02 -1.110644e+00 -3.923193e+00 -2.929484e+00 -2.280290e+00 3.499923e-01
-3.700895e-02 -2.344763e+00 8.981937e-01 6.566068e-01 -2.727339e+00 -3.164758e-01 -6.730083e-01 -3.799812e+00 -2.620576e+00 -1.120591e+00 8.774420e-01 1.547288e+00
-5.397826e-01 3.930087e-02 1.825850e+00 -7.598176e-01 8.828766e-01 8.704185e-02 -2.597345e+00 -2.193423e+00 -2.763698e+00 -4.549336e-01 6.098617e-01 2.296785e+00
-2.025402e-01 6.010444e-01 -1.420264e-01 2.073038e-01 2.195145e+00 -6.167444e-01 -1.787692e+00 1.209910e-02 8.322950e-02 -6.702834e-01 -1.629714e+00 -1.139086e+00
4.282676e-01 -3.572018e-01 -1.927250e-01 9.285598e-01 -3.938542e-01 -1.648634e+00 -1.273691e+00 -1.457615e+00 -1.773446e+00 -1.987570e+00 -2.031022e+00 1.088934e-01
-8.153904e-01 -1.100940e+00 2.055824e+00 -5.696269e-01 1.170612e+00 3.867599e-01 -2.290654e+00 -1.861922e+00 -2.410513e+00 3.180141e-01 -7.975100e-01 1.508674e+00
1.654803e-01 -2.719603e-01 -1.304641e+00 -6.659058e-01 -2.186236e-01 -1.380424e+00 -7.622891e-01 -1.054629e+00 -1.266438e+00 -1.392656e+00 9.539620e-01 3.985890e-01
5.329408e-02 1.934409e-03 -1.605138e-01 9.911160e-01 -8.765813e-02 9.025224e-01 2.805368e-01 5.003310e-01 -1.461794e-01 -5.841671e-01 -7.715280e-01 -1.270921e+00
1.541283e-01 -1.054390e-01 -2.259111e-01 -1.208901e+00 2.712898e-01 1.576596e+00 2.295415e+00 1.732443e+00 7.609568e-02 -8.146564e-01 -5.696005e-01 3.104838e-01
3.624514e-01 8.389389e-01 9.129114e-02 6.869577e-01 1.535236e+00 -2.422774e-01 -7.830358e-01 3.065650e-01 7.169909e-01 -7.933534e-01 -1.705129e+00 -1.434595e+00
-9.075621e-01 1.335520e+00 1.260196e+00 -6.945038e-01 -4.567703e-01 4.908324e-01 1.421494e-01 -2.499237e-01 1.311014e+00 1.481196e+00 2.795981e-02 -1.675931e+00
8.563080e-02 -2.360796e-02 -4.523101e-01 -8.041536e-01 -4.735969e-01 -8.800156e-01 -6.253010e-01 -7.661611e-01 -6.611000e-01 -3.542510e-01 9.552485e-01 -1.062023e+00
-1.122728e-01 3.912341e-01 8.190321e-01 1.127150e+00 -3.012404e-02 1.492860e+00 3.498136e-01 3.205425e-01 3.351220e-01 -2.392249e-01 -2.292810e+00 2.683669e-01
4.256790e-01 -2.067052e-01 -4.936966e-01 9.910489e-03 6.080712e-01 -1.620672e-01 8.509163e-01 6.279331e-01 7.012649e-02 -1.087548e+00 -1.411400e+00 9.336543e-01
-8.771470e-01 1.244837e+00 1.755647e+00 -9.738327e-01 -9.146799e-01 1.060324e+00 -1.947651e-01 -1.895077e+00 -4.022788e-01 9.092563e-01 1.287547e+00 -1.292554e+00
-2.097569e-01 -1.916616e-01 4.510182e-01 -1.250084e+00 -2.313080e-01 6.017090e-01 7.018719e-01 4.344820e-01 -5.647309e-01 -1.495702e+00 3.394279e-01 3.049614e-01
-3.504644e-01 -3.439323e-01 -3.888073e-01 -6.096081e-01 1.028161e+00 -8.095862e-01 -1.197646e+00 -7.841150e-01 8.748145e-02 -6.284993e-01 -4.810131e-01 5.865378e-01
1.018747e-01 4.726439e-02 3.480290e-01 2.830564e-01 -3.662568e-01 -2.453866e-01 1.048097e+00 1.077875e+00 3.748832e-01 -3.367267e-02 1.038883e+00 1.806278e-02
3.191175e-01 7.029350e-01 3.888311e-01 5.604779e-01 2.678902e-01 4.557501e-01 4.462633e-01 9.021149e-01 8.059782e-01 1.472938e-01 -2.265305e-01 4.468445e-01
4.950546e-01 -4.013456e-01 -6.077652e-01 1.632576e-01 7.406791e-01 -3.297978e-01 1.547578e+00 9.139208e-01 -1.266269e+00 -1.161899e+00 -2.308775e-01 -4.525920e-01
2.287118e-01 -5.502194e-01 -9.862797e-01 6.119377e-01 7.546598e-01 -3.913371e-01 -8.057669e-01 2.087868e+00 1.619120e+00 -7.044240e-01 -5.814943e-02 1.267266e+00
6.164374e-01 -1.204495e-01 -4.627686e-01 1.028541e+00 1.224101e+00 -7.320334e-01 6.592063e-01 9.815696e-01 -3.196821e-01 -3.225925e-02 5.910853e-01 4.661327e-01
-2.953009e-01 -4.799286e-01 -3.227171e-01 -1.262215e+00 -9.017175e-01 1.848109e+00 2.859550e+00 1.341671e+00 -5.236143e-01 2.323816e-01 -2.455214e-01 1.351661e+00
-2.345360e-01 -1.759748e-01 -9.505726e-02 1.310616e-01 2.135113e-01 8.656709e-01 1.507728e-01 -1.091103e+00 2.468749e-01 1.549044e+00 6.083151e-01 -1.362306e+00
2.113252e-01 -5.686535e-02 -9.578527e-01 -3.366694e-01 1.010336e+00 3.699856e-01 1.538461e+00 1.760450e+00 2.838767e-01 1.715322e-01 6.700708e-01 6.882285e-01
9.011707e-02 -2.644126e-01 -3.205238e-01 -3.091075e-01 -1.278073e+00 8.088655e-01 3.187774e+00 1.217276e+00 1.267977e-01 7.495378e-01 2.324732e-01 2.473370e-01
3.919842e-01 6.817081e-02 -7.562317e-01 -1.352788e+00 -7.356082e-01 -1.153881e+00 -1.240501e+00 -1.923812e+00 -1.798557e+00 1.585830e-01 1.170305e+00 -1.025615e+00
-1.258154e-02 3.728972e-01 5.041180e-01 9.081742e-01 4.814455e-01 9.519358e-02 -8.923628e-01 1.829200e-02 1.198053e+00 4.746581e-01 -4.265784e-01 -7.434157e-01
6.234728e-01 -1.796367e-02 -2.631589e-01 1.239573e+00 1.683225e+00 1.831187e-02 -7.538453e-01 5.488542e-01 7.583936e-01 1.044410e-01 -4.662910e-01 2.125288e-01
-8.069563e-02 1.209075e+00 1.257251e+00 -3.153079e-01 6.847025e-01 1.245878e+00 -2.719877e+00 -1.078280e+00 -5.827004e-01 -1.782632e-03 1.291871e+00 7.286676e-01
3.643815e-01 1.232697e-01 -2.991041e-01 -6.094747e-01 -1.021881e+00 -1.353391e+00 -1.307764e+00 -2.779528e+00 -2.317220e+00 -8.012527e-01 4.108554e-01 -1.115226e+00
-4.939251e-01 -3.749005e-01 4.078665e-01 -1.182096e-01 4.649816e-01 -3.490364e-01 8.101786e-01 2.388485e-01 1.050216e-01 1.987266e-01 6.192378e-01 1.038236e+00
3.744766e-01 1.750162e-01 -2.058000e-01 -1.284255e-01 4.413727e-01 1.506328e-01 8.105262e-01 -8.604444e-01 4.114547e-02 -6.784627e-01 -4.248782e-01 -3.291321e-01
-2.990723e-03 1.714573e-01 6.915936e-01 5.220933e-01 6.345584e-01 -2.997402e-01 -1.509218e+00 -6.669310e-01 8.965071e-01 -3.071010e-01 3.320996e-01 -9.606794e-01
-1.232951e-01 -1.662978e-01 -6.062632e-01 -1.716209e-01 8.864835e-01 2.062573e+00 1.835656e+00 1.920803e+00 1.397892e+00 1.196064e+00 5.684107e-01 2.612153e+00
2.725817e-01 -2.167366e-01 -3.345781e-01 -1.578862e-01 -1.070923e-01 -4.573570e-01 4.889864e-01 -6.072756e-01 1.029313e+00 -4.221935e-02 7.503493e-01 8.337148e-01
1.548407e-01 1.859533e-01 1.009537e+00 5.332013e-01 -1.241611e+00 8.230142e-02 1.051031e+00 9.618486e-01 -9.100654e-01 6.633059e-01 9.312855e-01 6.716170e-02
4.645319e-01 -1.216161e-01 -7.077104e-01 -1.575139e-01 4.383147e-01 -9.535339e-01 -1.279761e+00 -1.261799e+00 -1.309207e+00 -2.629761e-01 5.436261e-01 -5.652698e-01
-2.049276e-01 -6.518632e-01 -8.081786e-01 -9.836838e-02 -3.268921e-01 -1.123907e+00 -2.599889e+00 -1.698423e+00 1.053470e+00 1.516906e+00 6.727653e-01 -6.683916e-01
-2.863509e-01 -2.190290e-02 4.591583e-01 2.358130e-01 4.100159e-01 8.256985e-01 -3.421905e-01 6.510884e-01 7.378784e-01 4.506350e-02 -1.623389e+00 1.911241e+00
-2.685669e-01 1.507598e-01 1.195379e+00 5.620439e-02 -2.991097e-01 9.024711e-02 4.921300e-01 9.927727e-01 3.673726e-01 1.455086e+00 1.909498e+00 2.732017e-01
-2.861187e-01 1.231400e-01 -6.371665e-02 -2.514869e-01 -4.009612e-01 -4.809485e-01 1.982858e-01 6.987355e-01 9.270120e-01 1.298645e+00 -3.347544e-01 7.867497e-01
4.452916e-01 -1.321649e+00 -1.086311e+00 4.306619e-01 5.076417e-01 8.911610e-02 2.807459e+00 1.224856e+00 -7.104058e-01 -6.040763e-01 9.152775e-02 6.465300e-01
-1.095319e+00 1.175417e+00 1.472414e+00 -3.763795e-01 -1.353954e-01 6.948054e-01 7.557052e-01 -3.155631e-01 5.205001e-01 1.123772e+00 -6.499273e-01 2.015949e-01
-8.903094e-02 -9.885527e-01 -6.791642e-01 -4.597515e-01 6.744793e-01 1.354527e-01 1.319821e+00 -2.053133e-01 1.903502e+00 2.007932e+00 -2.900897e-01 1.950474e-01
-3.313585e-01 -7.598606e-01 -1.975016e-01 8.168107e-01 3.233524e-01 -2.254972e-01 -2.016087e+00 -9.656063e-01 1.036894e+00 -1.668873e-01 6.593107e-01 4.348402e-02
-7.878629e-01 1.039812e+00 9.205251e-01 3.853825e-01 7.981234e-01 1.656153e+00 -1.382434e+00 2.258289e-01 3.458903e+00 2.158420e+00 1.372285e+00 -1.176318e+00
-7.357435e-01 5.851451e-01 3.904660e-01 -7.698417e-01 6.523839e-01 5.386556e-01 -9.560863e-01 1.409488e-01 2.948333e+00 1.394454e+00 4.930797e-01 -1.642552e+00
-1.064844e+00 -5.943555e-01 1.569371e+00 -4.636106e-01 1.243482e+00 3.768767e-01 -1.078811e+00 -6.887720e-01 -1.203024e+00 3.183891e-01 -1.814956e+00 -8.760005e-01
-1.285374e+00 -1.233353e+00 -4.810187e-01 7.512695e-01 1.851652e+00 1.879227e+00 1.067381e-01 -1.646005e-01 1.563714e+00 4.203677e-03 1.652877e+00 2.396433e+00
-6.178679e-02 1.461158e+00 4.446520e-01 -2.403724e-01 5.621933e-01 1.871341e+00 -2.188625e+00 -1.462864e+00 6.217738e-01 -3.335181e-01 1.834659e+00 -1.039024e+00
-1.306466e+00 5.497377e-01 3.504041e-01 8.891815e-01 1.333977e+00 -7.462589e-01 -2.336588e+00 -1.230251e+00 1.704243e+00 2.783730e+00 1.105831e+00 2.208300e+00
1.578391e+00 2.223483e+00 -5.324383e-01 1.902139e+00 2.785257e+00 7.013547e-01 -2.200804e+00 -2.894434e-01 1.655460e-01 -3.193111e+00 -3.191698e+00 -3.089920e+00
-7.444547e-01 1.083684e+00 3.525089e-01 9.849458e-01 1.065235e+00 -5.870358e-01 -1.059453e+00 -5.727609e-01 9.275490e-01 2.767998e+00 1.182447e+00 1.466159e+00
-7.083564e-01 -9.739761e-01 -5.895677e-01 -5.500271e-01 1.502220e-01 5.122186e-01 3.016491e+00 2.952377e+00 3.737868e+00 2.387708e+00 6.895467e-01 -3.153289e-01
-2.751315e-01 1.858195e+00 1.388214e+00 5.699774e-01 -8.463593e-01 -7.956220e-01 -1.079605e+00 -1.124566e+00 2.273970e-02 2.138005e+00 6.168556e-03 -1.068298e+00
-3.152879e-01 3.455947e-01 -1.493351e+00 2.102775e-01 6.077553e-01 -2.458619e+00 9.328839e-01 3.583428e+00 1.873191e+00 2.492510e+00 2.037557e+00 -2.141292e-01
5.464686e-01 -1.705904e+00 -1.309955e+00 7.259025e-02 5.081633e-01 2.358213e+00 1.980612e+00 9.867717e-01 -5.960774e-02 -2.178940e+00 -1.300428e+00 -6.476254e-01
-1.844637e+00 -9.965435e-01 -9.046310e-01 2.680708e-01 1.103277e-01 1.411716e+00 3.905628e+00 5.683547e+00 3.901088e+00 3.752683e+00 3.078237e+00 1.110070e+00
-3.506805e-01 1.106452e+00 3.533978e-01 2.300610e-01 -5.256437e-01 -1.008969e-01 -4.398178e-01 -1.653316e+00 -2.232338e-01 -1.585575e+00 1.571952e+00 -1.215700e+00
-2.764155e-01 1.770783e+00 -3.027902e-01 -3.712705e-01 4.657169e-01 1.631092e+00 -1.001147e+00 -2.815240e+00 1.627665e+00 -1.671085e+00 2.514031e+00 -1.569314e+00
-4.236843e-01 1.633071e+00 -3.976630e-01 4.637520e-01 5.468525e-01 1.079621e+00 -1.507123e-01 -1.988696e+00 1.217973e+00 -1.750151e+00 2.554277e+00 -1.238642e+00
3.432434e-01 1.346586e+00 1.781390e+00 8.321341e-01 -7.202832e-01 -1.392779e-01 -1.598972e+00 2.378995e-01 -9.340729e-01 2.203805e+00 1.348763e-01 -2.449583e-01
1.858613e-01 1.173299e+00 1.609644e+00 3.944764e-01 -5.420391e-01 -2.472769e-01 -1.396316e+00 -1.413877e-01 -7.039466e-01 1.704654e-01 1.095665e+00 -4.469000e-01
1.398555e+00 -1.417026e+00 -4.133501e-02 1.132606e+00 2.786056e-01 2.427831e+00 2.266403e+00 -3.257608e-02 -2.982134e+00 -4.241285e+00 -3.009269e+00 -2.569971e+00
-6.296646e-01 8.346975e-01 1.284012e+00 2.245619e-01 7.384828e-01 8.513812e-01 5.815209e-01 7.939806e-01 1.129864e+00 -2.637783e-01 -2.942453e+00 -1.199914e+00
5.334875e-01 1.680825e+00 8.227283e-01 2.640332e+00 4.044736e-01 1.663647e+00 2.358294e-01 -1.418228e+00 -1.735578e+00 -3.101086e+00 -4.152152e+00 -2.110448e+00
-8.951210e-01 1.796244e+00 -1.210732e+00 -2.261057e+00 1.337786e+00 9.295555e-01 -7.605541e-01 2.367853e+00 2.392203e+00 6.504343e-01 -5.165991e-01 5.589926e-01
-7.502514e-01 2.284014e+00 -1.672456e+00 -1.989199e+00 2.213002e+00 -3.089046e-01 -8.945826e-01 3.215174e+00 3.701826e+00 2.153389e+00 9.795517e-01 4.885023e-01
-2.500499e+00 -2.003747e+00 -1.693027e+00 1.582705e+00 1.088864e+00 3.727800e+00 1.796583e+00 4.710847e+00 2.863202e+00 3.455423e+00 3.661718e+00 2.669300e+00
-1.217346e-01 1.514097e+00 1.085937e+00 5.700575e-01 2.145668e-01 4.370905e-01 1.760067e+00 4.658462e-01 1.826913e+00 -6.893235e-01 -4.221301e+00 4.817266e-02
7.616026e-01 1.738414e+00 -1.657743e-01 1.668777e+00 -1.949444e-01 -2.935271e-01 2.373599e+00 -8.763905e-02 2.117543e+00 7.808127e-01 -3.337451e+00 7.575254e-01
8.209555e-01 -3.078695e+00 -1.342199e+00 -1.001735e-01 -1.472960e+00 -4.806278e-01 5.146049e-01 1.067228e+00 -3.324426e-01 -1.013550e-01 9.091576e-01 -5.157515e-01
1.106253e+00 2.064323e+00 -2.178254e+00 1.892507e+00 8.893166e-01 -2.385844e+00 2.376832e+00 -5.913798e-01 1.364705e+00 2.423425e-01 -6.129462e-01 2.338407e-01
1.473739e-01 4.241614e+00 1.326788e+00 2.696669e+00 -3.224054e-01 2.464474e-01 -2.397944e+00 -2.818306e+00 -2.911834e-01 -1.426607e+00 -4.743870e+00 -1.417866e+00
7.967279e-01 2.832153e+00 -4.316190e+00 1.521635e+00 3.069024e+00 -3.340317e+00 1.435268e+00 1.598593e-01 4.504181e-01 -1.220336e+00 1.166714e+00 -2.419707e-01
2.638163e+00 -3.788937e+00 -2.198851e+00 1.449663e+00 -9.893728e-01 -5.599995e-02 -3.461374e-01 -1.133637e+00 -1.806767e+00 -3.377535e-01 1.228601e-01 -1.614157e+00
-6.157505e-01 3.989290e+00 -2.568739e+00 -4.123955e+00 2.267207e+00 -2.098893e-01 -1.223857e+00 3.201885e+00 4.665246e+00 1.515268e+00 -6.565040e-01 1.954848e-01
-2.646307e+00 -1.470618e+00 -2.792291e+00 1.537800e+00 2.745403e+00 2.934920e+00 -1.488282e+00 2.742354e+00 1.727893e+00 6.299269e-01 3.126342e+00 3.606752e+00
4.916124e-02 4.746883e+00 1.489753e+00 1.514834e+00 -6.211724e-01 -3.045514e-01 -3.484175e+00 -3.528075e-01 2.950122e+00 8.266529e-01 -1.928367e+00 1.266465e+00
2.936812e+00 -1.896665e+00 -1.025552e+00 1.393687e+00 -1.085366e+00 -1.976218e-01 -7.173557e-01 -1.818526e+00 -1.409031e+00 1.026802e-01 8.092470e-01 -5.059379e-01
-1.526819e-01 1.845385e+00 -5.100591e+00 1.573911e+00 4.070281e+00 -1.278122e+00 -1.300806e+00 4.023228e-02 1.212081e-01 -2.472790e+00 3.001264e+00 8.971632e-01
-1.606820e+00 5.069267e-01 -4.289702e+00 1.530064e+00 4.301961e+00 1.488310e+00 -2.422870e+00 7.549034e-01 -3.687191e-02 -1.822999e+00 4.002200e+00 3.218966e+00
3.475431e+00 1.121218e+00 3.194473e-01 2.748435e-01 -1.855516e+00 2.057217e-01 -2.233766e-01 5.313125e-02 2.610778e-01 1.498331e+00 1.937997e+00 2.189013e-01
2.142964e+00 3.575542e+00 7.403859e-01 -1.415796e-02 -2.295834e+00 -9.779228e-01 -1.830829e+00 1.112811e+00 3.624771e+00 2.320369e+00 -1.871623e-01 1.887824e+00
