-3.767951e+00 -2.443032e+00 8.474294e-01 -2.937285e+00 6.125384e-01 3.913051e+00 -2.178809e+00 -3.510239e+00 6.443995e-01 -1.688440e+00 -1.602652e+00 -4.711317e-01
-4.019732e+00 -5.241138e-01 4.303322e-01 -2.676158e+00 6.154642e-01 4.364789e+00 -1.551532e+00 -4.210238e+00 5.090865e-01 1.053371e+00 1.075513e+00 -1.468522e+00
-3.245216e+00 -4.945507e+00 1.410057e+00 -1.307011e+00 -4.211248e-01 4.661110e-01 -5.020765e+00 -1.780236e+00 1.819571e+00 -2.261425e+00 -3.030940e+00 6.862196e-01
-2.682410e+00 7.150148e-01 -2.719316e-01 -2.911505e+00 -9.622492e-01 1.197486e+00 -4.267603e-01 -1.285524e+00 9.273235e-01 1.763705e+00 2.232869e+00 -2.211029e+00
-1.897798e+00 -5.319332e+00 1.729843e+00 1.580478e-01 -9.964054e-01 -3.320854e-01 -3.300581e+00 8.934881e-01 2.837498e+00 -1.553203e+00 -1.826281e+00 2.107250e+00
-1.486083e+00 -7.094719e-01 2.777659e+00 -2.045948e+00 -1.104549e+00 2.701109e+00 -1.763779e-01 -6.454055e+00 -1.893586e+00 -2.584236e+00 1.545114e+00 -3.107883e+00
-2.043485e+00 1.391123e+00 7.694190e-01 -1.452138e+00 -1.745298e-01 5.003355e-01 -1.417008e-01 -8.142081e-01 -8.152504e-02 9.968556e-01 1.711775e+00 -3.310767e+00
-8.422205e-01 2.482120e-01 2.450722e+00 -8.436102e-01 -1.577931e-01 2.298700e+00 -2.456710e-01 -6.533778e+00 -2.902933e+00 -3.032984e+00 2.091977e+00 -1.901031e+00
1.642054e+00 -1.952699e+00 -2.355021e+00 8.578663e-01 -2.960909e+00 -6.815563e-01 1.994806e+00 1.894517e+00 1.967571e+00 1.963921e+00 -1.339508e+00 -5.141881e-01
-9.978068e-01 -4.053709e+00 -5.985427e-02 6.036949e-02 -4.702443e-01 -1.226312e+00 -1.356184e+00 2.250005e+00 2.419476e+00 -2.531285e+00 -1.287492e+00 2.826919e+00
-1.077883e+00 -8.571281e-01 1.505408e+00 -1.464595e+00 -1.627189e-01 2.120106e+00 3.298353e-01 -2.991690e+00 -6.793317e-01 -1.562426e-01 1.089966e+00 -2.466522e+00
-2.386572e-01 2.712320e+00 5.049965e+00 5.219012e+00 1.636471e+00 2.283989e+00 -1.802992e+00 1.767527e+00 2.124480e+00 1.690166e+00 3.660155e-01 1.101233e+00
-1.814152e+00 1.113447e+00 6.658044e-01 -1.041949e+00 4.943704e-01 -9.907783e-01 -3.117508e-01 -1.630032e+00 -1.328159e+00 1.338743e+00 9.717880e-01 -2.873945e+00
3.421767e-02 -1.063285e-01 -1.778378e+00 -8.677971e-01 -3.312016e-01 1.643776e+00 -1.263802e+00 2.096460e+00 3.175993e+00 7.454398e-01 -1.140825e+00 -3.286102e+00
4.733429e-02 -2.039473e+00 -4.352122e-01 6.668235e-01 9.784869e-01 7.696000e-01 -1.930896e-01 -1.265080e+00 -1.275911e+00 -6.933614e-01 1.268670e+00 2.568853e+00
1.805361e-01 -2.399912e-01 -1.383882e+00 -1.569052e+00 -2.345234e-01 6.839190e-01 -2.443531e-01 2.074324e+00 2.117268e+00 1.588979e+00 -7.823744e-01 -2.418466e+00
-1.879291e-01 2.383872e+00 3.640962e+00 4.301896e+00 6.362880e-01 2.408278e+00 -8.178753e-01 -1.077761e+00 1.476420e+00 2.799480e+00 8.448159e-01 4.177159e-01
-1.684016e+00 5.447907e-01 4.619605e-01 -1.356953e+00 2.857512e-01 -7.912126e-01 1.089643e+00 -5.891730e-01 -2.300168e-01 7.166275e-01 1.306913e+00 -2.145601e+00
5.433237e-01 -4.082149e-01 1.322911e-01 -7.665994e-01 3.093199e-01 -3.637982e-01 -1.529289e+00 2.252920e+00 1.561175e+00 5.390989e-01 -1.299796e+00 -3.677366e-01
8.409190e-03 1.140845e-01 -1.378360e+00 -3.694474e-01 7.890206e-01 1.165314e+00 -1.832293e+00 8.597403e-01 3.169257e+00 1.319982e-01 -1.602462e+00 -2.577409e+00
3.529953e-01 -6.116626e-01 -1.084129e+00 -7.717192e-01 -1.077489e+00 -3.162225e-01 1.610106e+00 2.938524e+00 2.123145e+00 8.755915e-01 -8.052870e-01 -1.283959e+00
-2.456093e-03 -3.401809e+00 1.009740e+00 6.526325e-01 -2.370475e+00 -5.567564e-01 -1.881307e-01 -5.472689e-01 -1.445374e-01 -2.284643e+00 -2.525977e+00 -5.766674e-01
4.443339e-01 -1.276037e+00 -6.365219e-01 6.730862e-01 1.895917e+00 1.903752e-01 -1.817891e+00 -1.645390e+00 -1.855590e-01 1.039722e+00 9.761797e-01 1.864537e+00
1.004810e+00 1.630353e+00 3.714970e+00 2.660522e+00 -3.328687e-01 2.897012e-01 -1.076591e+00 9.517292e-01 1.124264e+00 2.447908e+00 1.758427e-02 3.091445e-01
2.187686e+00 -5.132846e-01 8.206983e-01 3.737421e-02 2.829610e-01 -6.042923e-01 -2.477353e+00 1.233321e+00 2.308575e+00 1.636024e-01 -1.862709e+00 -1.398368e+00
1.960020e-01 -1.623309e+00 6.695973e-01 1.611696e-01 -1.629351e+00 -8.971532e-01 -6.950217e-01 -1.619977e-01 6.665634e-01 -1.172346e+00 -2.591945e-01 4.342903e-01
-2.549618e-01 6.682971e-01 1.117020e+00 4.155991e-01 -1.548662e+00 1.296917e+00 1.028518e+00 4.610038e-01 -1.339898e+00 2.406052e+00 2.965921e+00 1.326996e-01
-2.338598e+00 5.770598e-02 -2.690551e-01 -2.254685e+00 -1.533879e-01 -1.873016e+00 5.402305e-01 -6.217610e-01 -4.121663e-01 6.924130e-01 1.339744e+00 -1.750802e-01
4.440798e-01 7.675674e-01 3.611323e-01 3.065378e-01 1.067642e+00 -2.403322e-01 -8.459061e-01 1.657410e+00 -1.375749e+00 -1.807981e+00 2.644016e-01 7.411805e-01
-3.418923e-01 -1.871975e-01 -8.056680e-01 -6.442725e-01 -3.686586e-01 -5.175635e-01 1.154850e+00 2.572511e+00 1.287057e+00 1.150263e-01 -4.534156e-01 -1.763012e+00
-6.025646e-01 -3.237456e+00 1.335488e+00 9.179276e-01 -1.385044e+00 -1.580800e+00 -2.060242e-02 -6.614209e-01 -3.170597e-01 -1.182758e+00 -3.196111e+00 -7.392872e-01
-1.007524e+00 -1.117352e-01 -5.389784e-02 -3.412518e-01 6.022130e-01 -2.461857e-01 9.644515e-01 1.028752e+00 4.048105e-01 -5.108549e-01 4.338711e-01 -3.520905e-01
-5.826923e-01 4.674902e-01 -1.634848e+00 -1.281741e+00 6.008293e-01 -1.975587e+00 6.422166e-01 2.056317e+00 4.560588e-01 -1.000302e-01 -1.149424e+00 6.979790e-01
5.610791e+00 -2.744152e+00 -3.921299e+00 2.930435e+00 -4.189168e+00 -1.604027e+00 2.268989e+00 -1.863392e+00 -1.280176e+00 3.804602e+00 2.056475e+00 1.799009e-01
-8.183365e-02 -3.687009e-01 1.046093e+00 9.821272e-01 -2.034304e+00 4.521836e-01 4.392963e-01 -1.435143e-01 2.762979e-01 4.246865e-01 2.266417e+00 2.161161e+00
-6.741656e-01 -3.137790e-01 -3.076997e-02 -6.868132e-01 2.554318e-01 -1.844451e-01 1.089452e+00 1.980516e+00 3.821923e-01 -5.357070e-01 4.709958e-02 -9.180552e-01
1.925735e-01 3.491464e-02 -8.568897e-01 -7.929939e-01 -7.725801e-02 3.119051e-01 -1.866975e-01 1.311400e+00 8.955051e-01 1.351294e+00 -2.906357e-01 -1.388690e+00
8.665811e-01 1.241521e+00 -1.435299e-02 5.901307e-01 7.102066e-01 9.016176e-02 -9.713472e-01 5.005984e-01 -1.574133e+00 -1.539011e+00 9.060443e-01 1.548396e+00
-1.001696e+00 4.865872e-01 -2.756050e-01 -3.565508e-01 4.476203e-01 -9.514251e-02 7.731185e-01 7.332991e-01 -3.607169e-01 -7.043613e-01 8.423337e-01 3.046237e-01
2.015880e-01 6.632832e-02 1.519000e+00 1.651745e+00 1.134475e+00 4.978584e-01 -8.592335e-01 -8.485476e-01 -5.650691e-01 -6.554077e-01 9.994045e-01 -1.158676e-01
-7.882407e-01 -1.240210e+00 -1.694452e+00 -7.499459e-01 -1.459410e+00 -1.193902e+00 -2.586238e+00 -1.417754e+00 2.209643e-01 7.772627e-01 -5.746109e-01 -1.228640e+00
5.391304e-01 1.289331e+00 -9.046849e-01 2.767403e-01 1.387631e+00 -3.871426e-01 6.218792e-01 2.783689e-01 -1.129956e+00 -7.010772e-01 -1.706181e-01 1.817898e+00
-1.956145e-01 -1.494180e-01 -3.454935e-01 -5.961131e-01 1.538741e+00 1.303053e+00 -1.423305e+00 2.534524e-01 1.629559e+00 3.908341e-01 -5.909311e-01 -6.918146e-01
-6.803292e-01 4.669001e-01 -8.531487e-02 -2.313734e-01 3.452791e-01 5.104206e-02 6.751670e-01 -3.331392e-01 -8.837383e-01 -3.825968e-01 1.586581e+00 1.304150e+00
-3.281269e-02 -3.995278e-02 3.595106e-01 1.080940e-01 -1.348154e+00 -1.213670e+00 -2.763248e-01 2.345658e-01 -1.360560e+00 -1.232905e+00 -1.062133e+00 8.289148e-01
-1.269238e-01 3.593476e-01 9.369760e-01 3.667343e-01 -1.264560e+00 -1.659788e+00 -6.286429e-01 5.586377e-01 -1.227746e+00 -2.250901e+00 -1.386965e+00 3.092961e-02
-1.948948e-02 9.921232e-01 8.082477e-01 2.954546e-01 -3.224586e-01 -7.231615e-01 -1.287892e-01 -6.593624e-01 -1.576925e+00 -1.191660e+00 4.898615e-01 -3.180136e-01
1.089827e-01 6.370137e-01 2.974938e-01 1.620878e-01 5.649475e-01 5.117091e-01 -5.636891e-01 -1.578089e+00 -1.338600e-01 -8.423683e-01 4.270366e-01 -5.980643e-01
5.996207e-01 5.167363e-01 1.649368e-01 -3.398966e-01 1.013867e+00 1.026387e+00 -9.127308e-01 -1.690639e+00 -9.018136e-01 -2.723115e-01 7.224156e-01 9.837933e-02
2.023821e+00 -7.158749e-01 -1.837144e+00 -1.607298e+00 -1.092443e+00 -1.460630e-01 -1.923155e+00 -1.606083e+00 -2.749635e-01 -2.447929e-01 -7.590297e-01 -1.878587e-01
2.638326e+00 -6.751093e-01 -2.361257e+00 -1.820265e+00 -2.161884e+00 -1.921685e+00 -2.701377e+00 -7.418700e-02 -7.560406e-02 -5.751560e-01 -1.887828e+00 -4.906801e-01
1.162722e+00 3.309760e-02 -1.433951e+00 -1.082001e+00 -1.150824e+00 -2.067940e+00 -1.452712e+00 3.385807e-01 -1.978072e-01 -1.492710e-01 -6.211165e-01 -3.467056e-01
-3.334346e-01 -3.131938e-01 -9.253092e-01 -1.120505e-02 -1.049373e-01 -3.345130e-01 1.249660e+00 1.993531e+00 9.433791e-01 -1.385609e+00 -6.888874e-01 3.574045e-01
-1.344009e+00 -2.905053e-01 7.777623e-01 4.560480e-01 -3.718742e-01 2.267814e+00 3.858519e+00 6.097230e-01 2.953864e-01 -5.002409e-01 -1.251938e-01 7.383360e-01
-4.267563e-01 -7.639202e-01 6.626894e-01 7.808318e-02 -8.718189e-01 2.632120e+00 4.772199e+00 -2.212858e-01 1.163026e+00 1.569297e-01 1.566794e-01 4.037399e-01
3.804724e-01 4.444047e-01 1.685572e+00 1.379085e+00 -5.489632e-01 3.070400e+00 2.746264e+00 -7.698292e-01 1.245568e+00 1.850674e+00 8.130897e-01 1.937623e-01
3.594666e-02 3.973501e-01 5.058762e-01 5.120475e-01 1.317558e-01 5.226898e-01 -1.954794e-02 2.664871e-01 -2.469802e-01 -1.248448e+00 4.880390e-01 5.642935e-01
-6.263917e-01 -4.596704e-01 -1.891849e+00 -1.040484e+00 -1.276970e+00 -4.281518e-01 1.238573e+00 8.523293e-02 -1.979485e+00 -1.903311e+00 -9.870660e-01 -1.117815e+00
-7.612684e-01 -7.982381e-01 -2.385265e-01 -1.025736e+00 -5.012150e-01 1.031367e+00 1.344977e+00 3.231025e-02 -1.181548e+00 -9.615260e-01 1.181948e+00 -6.611184e-01
-6.370373e-01 -6.453208e-01 -9.520598e-02 -2.116985e-01 1.410009e-01 7.188148e-01 -1.492964e-01 -9.888512e-01 -7.457014e-01 -4.349871e-01 1.442542e+00 5.913403e-01
-1.672495e+00 7.300041e-01 1.151749e+00 -1.298778e+00 -7.292352e-02 2.297887e+00 3.668612e+00 1.304840e+00 1.443151e+00 1.714574e+00 1.094616e+00 1.792857e+00
-2.149995e+00 1.309740e-01 1.137654e+00 -1.393358e+00 -6.758834e-01 2.027888e+00 2.030080e+00 2.154992e+00 1.818639e+00 1.517188e+00 1.700711e+00 7.431537e-01
-1.662395e+00 -6.855054e-01 -1.318757e-01 -2.526797e+00 -2.973869e-01 1.133676e+00 -1.444131e-01 1.894396e+00 1.089230e+00 1.390395e+00 1.262147e+00 6.914244e-01
-6.290817e-01 -3.199492e-01 -7.214940e-01 -1.339864e+00 2.262586e-01 -3.868994e-01 -1.434081e+00 7.543145e-01 -3.901777e-01 3.860139e-02 -5.769819e-01 9.444286e-01
-2.788128e-01 -1.268619e-01 -5.314925e-01 -4.034631e-02 5.993842e-01 -1.174022e+00 -8.406429e-01 -1.954219e-01 -4.255300e-01 -4.608505e-01 -6.165572e-01 -1.443061e-02
-1.043110e-01 -9.243510e-02 2.299044e-01 7.498417e-01 1.210417e+00 -6.380443e-01 1.135101e+00 -1.528506e-01 4.799830e-01 6.406182e-02 1.717333e-01 -1.720463e-01
1.071711e-01 1.288114e-01 3.046968e-01 1.273192e+00 5.202656e-01 3.092632e-01 1.085377e+00 -2.665211e-01 1.385325e+00 1.500171e-01 1.029180e+00 2.116528e-02
1.872271e-01 2.948703e-01 -8.909030e-02 -7.536151e-01 -7.467398e-01 1.005861e+00 7.221155e-01 -7.298551e-02 9.095073e-01 2.539965e-01 1.004595e+00 3.821093e-01
2.337984e-01 2.610208e-01 -2.860164e-01 -8.668383e-01 -5.953034e-01 2.104772e-01 -2.765694e-02 7.887467e-01 4.460388e-01 1.731285e-01 9.258788e-01 9.990104e-01
-1.281815e-02 7.868086e-02 3.367899e-02 1.245589e-01 2.085677e-01 4.610915e-01 -8.216604e-01 5.854697e-02 1.096895e-01 1.393544e+00 4.455345e-01 1.000134e-01
8.774357e-02 3.698368e-02 8.329489e-01 3.663321e-01 4.886493e-01 1.621445e+00 1.318895e-01 -5.108314e-01 -5.093633e-01 8.204819e-01 -1.500306e-01 3.848226e-01
9.054013e-02 -9.583426e-02 -4.168862e-02 1.136024e+00 5.900934e-01 7.721651e-01 -7.954299e-01 -1.384404e-01 2.640693e-01 -3.472030e-02 -1.668783e-01 7.224569e-01
-7.671356e-04 1.392682e-01 -5.756640e-02 7.325002e-01 -4.001726e-01 1.942270e-01 -1.455015e-01 -5.785406e-02 1.076421e+00 -9.820128e-03 1.242474e-01 5.615790e-02
2.280148e-01 1.376438e-01 -4.873081e-02 6.603498e-01 -6.492950e-01 -1.489836e+00 1.022636e+00 -2.235151e-01 7.451295e-01 -4.254107e-01 4.820608e-01 -1.024640e-02
-1.752930e-02 -3.105630e-01 2.575349e-01 4.312324e-01 -1.251176e-01 -1.290733e+00 1.181054e+00 2.829365e-01 -5.596626e-01 5.649750e-01 -5.220766e-02 -1.019391e+00
8.288193e-02 -5.010539e-01 5.930896e-02 -4.237516e-01 9.441791e-02 2.419130e-01 1.265745e+00 2.401058e-01 -1.291423e+00 1.030165e-01 -4.034060e-01 -6.156029e-01
1.015982e-01 -1.709576e-01 -1.364431e-01 -7.273222e-01 3.790937e-02 5.877191e-01 1.486200e+00 1.401122e+00 -1.265862e+00 -7.310829e-01 -1.801027e-01 -6.074309e-03
-1.979391e-01 5.481554e-01 4.239844e-01 8.325601e-03 1.012921e-03 1.093726e+00 5.952402e-01 1.110420e+00 -2.703753e-01 -6.246053e-01 6.591126e-01 1.423703e+00
8.229389e-02 8.662370e-01 7.200584e-01 2.212925e-01 1.146517e-01 1.160662e+00 2.017265e-01 6.530513e-01 5.935509e-01 -2.345956e-01 1.411328e+00 1.042052e+00
-1.166332e-01 3.650672e-01 4.832326e-01 3.362482e-01 -5.580552e-02 1.301545e-01 -7.318745e-01 -8.234339e-01 -4.100603e-01 9.261848e-01 5.262921e-01 1.547161e-01
-1.622772e-01 -3.845286e-01 -3.135789e-01 5.042044e-01 1.909987e-01 2.114494e-01 -1.474388e+00 -2.399633e-01 7.869290e-01 3.623072e-01 -1.037583e+00 -1.085495e+00
-8.119907e-02 -6.200973e-01 -3.777040e-01 -5.894740e-01 -6.700025e-01 -1.024296e+00 -9.162129e-01 2.623823e-01 1.360099e+00 3.586981e-01 -2.432841e+00 -2.284357e+00
-2.080645e-01 -6.169180e-01 -8.013228e-01 -5.233692e-01 -5.691471e-01 -1.514611e+00 -5.414461e-01 8.447256e-02 -2.658134e-01 -8.751750e-01 -2.127466e+00 -5.308471e-01
1.186720e-01 6.352369e-02 -2.084312e-01 -4.043742e-01 6.232271e-02 -7.114449e-01 -5.178363e-01 -3.328092e-02 1.443892e-02 -1.370906e+00 -3.767864e-01 4.781045e-01
1.158422e-01 5.308827e-01 -5.945245e-01 -2.619494e-01 7.792386e-01 -8.062708e-01 -3.842655e-01 -1.280538e+00 -8.214743e-01 4.156971e-01 1.935586e+00 1.292979e+00
2.223669e-01 6.063410e-01 8.867423e-02 2.540796e-02 1.075123e+00 1.368523e-01 2.603358e-01 -3.188464e-01 1.443520e-01 4.424323e-01 1.420877e+00 5.974051e-01
2.222990e-01 1.407688e-01 6.058531e-01 -9.518392e-02 1.022222e+00 6.355709e-01 7.825163e-01 7.694731e-01 6.919321e-01 1.632156e+00 2.200834e-01 -1.211361e+00
-1.191999e+00 2.524474e+00 1.553403e+00 -1.030615e+00 9.403784e-01 5.646579e-02 -1.746371e-02 1.068973e+00 1.053515e-01 2.004530e+00 -1.997309e-01 -9.060060e-01
-3.936735e-01 1.502079e+00 6.770880e-01 4.816600e-01 -4.799322e-02 9.930073e-01 -8.709099e-01 1.768802e+00 1.527321e+00 1.969511e+00 4.367297e-01 -7.609105e-02
-4.569205e-01 -3.063297e-01 5.355439e-01 2.362049e+00 6.406966e-01 1.134040e+00 -4.749036e-01 2.489136e-01 1.634505e+00 2.194875e+00 1.847651e+00 1.596681e+00
-6.508274e-01 -4.206794e-01 -1.463031e-01 3.050023e+00 4.752600e-01 -1.732428e-01 -9.443658e-01 -1.107990e+00 2.684327e-01 1.138106e+00 1.108914e+00 8.216313e-01
-3.702196e-01 -7.370397e-01 -2.557178e-01 9.307348e-01 -1.261521e-01 -3.771387e-01 1.895745e-01 4.952746e-02 -1.057568e+00 -6.648801e-01 -1.797608e-01 6.074466e-01
-5.049006e-01 -2.882723e-01 -5.645648e-01 -2.470172e-01 5.160857e-01 -1.204247e-01 -3.018804e-01 -2.404438e-01 7.669376e-01 2.202745e-01 -7.952050e-01 1.096045e+00
3.137409e-01 1.455367e+00 -3.602819e-01 -5.205560e-01 2.567199e-01 -5.210220e-02 9.857120e-02 1.558080e+00 1.661296e+00 -3.637498e-01 -7.134419e-01 7.323204e-01
4.249829e-01 1.138976e+00 2.728496e-01 -3.351958e-01 1.558317e-01 5.217366e-01 -7.709781e-02 8.936561e-01 7.781236e-01 5.394863e-01 -1.118288e-01 -8.757278e-02
2.323182e-01 7.820901e-01 1.321928e-02 2.986665e-01 -3.617030e-01 5.505934e-01 -8.417694e-01 -3.183819e-01 -1.613570e-01 7.836533e-02 -5.214310e-03 -1.184904e+00
4.360495e-02 7.299437e-02 -8.623213e-01 1.384962e-02 4.534133e-01 1.165956e+00 -1.235748e-01 -2.686599e-01 -1.599274e+00 -1.575029e+00 3.227153e-01 -2.690564e-01
-1.551953e-01 -9.913721e-01 -6.287822e-01 1.888669e-01 5.206749e-01 2.501653e-01 -3.694155e-01 -1.142742e+00 -4.724353e-01 -5.816891e-01 -6.896439e-01 -1.236806e-01
6.572666e-02 -7.526709e-01 1.228577e-01 6.995846e-01 2.088022e-01 -5.856821e-01 4.328956e-01 -1.001502e+00 -2.256964e-01 -3.782323e-01 -8.290291e-01 1.910274e-01
-6.851158e-02 -5.938984e-01 4.133180e-01 -9.520034e-01 -9.530773e-01 -1.705611e+00 7.394554e-02 -1.066592e+00 -3.923033e-01 -8.969965e-02 6.765777e-01 3.378621e-01
5.098591e-02 1.353596e-01 5.677730e-01 -7.719780e-01 -1.620950e+00 -2.005053e+00 -6.466500e-02 -1.833869e-01 5.956924e-02 4.561360e-01 9.133919e-01 -1.180652e+00
-9.917698e-02 1.833759e-01 -1.299014e+00 -1.678089e+00 -8.782803e-01 -1.138804e-01 2.184982e-01 1.145584e+00 -7.686651e-01 -8.594787e-01 1.125799e+00 -5.476359e-01
-2.075361e-01 -2.909429e-01 -2.070730e+00 -1.458086e+00 -6.132896e-01 7.517699e-01 1.299270e-01 1.664003e+00 -2.014797e-01 1.516845e-01 6.394612e-01 -6.042094e-01
1.401348e-02 -4.172142e-01 -1.753301e+00 -1.295634e-01 -4.755979e-02 1.240342e+00 1.690059e-01 1.425747e+00 -5.043653e-01 2.387815e-01 -4.534287e-01 -6.822051e-01
-2.257310e-01 2.011292e+00 2.628347e-01 -5.232750e-01 6.952779e-01 6.363958e-01 1.637623e+00 -3.128045e-01 -2.211737e-01 3.991644e-01 1.098443e-01 3.001438e+00
-2.972220e-01 9.199371e-01 -4.127971e-01 -3.233278e-02 -1.031001e+00 -1.964633e+00 -7.272865e-01 -3.840784e-01 -6.436260e-01 -1.884949e+00 -7.007297e-01 -1.113837e+00
8.478718e-02 5.781862e-01 -1.397698e-01 1.201977e-01 -2.892294e-01 -3.643440e-01 1.100822e+00 1.694283e-02 -4.451161e-01 -1.831108e+00 -9.872350e-01 3.436993e-01
1.163713e+00 1.651809e+00 -5.034189e-02 1.687198e+00 9.055004e-01 6.233881e-01 -6.062794e-03 6.412131e-01 -1.376734e-01 -1.308125e+00 2.721160e-01 1.036802e+00
-9.752046e-01 5.351720e-02 7.529484e-01 -2.021661e+00 -9.530481e-02 2.162792e+00 3.886298e-01 2.553454e+00 2.729802e+00 4.093343e-01 -4.636815e-01 -2.431345e+00
1.621434e-01 2.198195e-01 -7.425794e-01 8.011187e-01 8.107891e-01 7.437804e-01 -2.447996e+00 -2.416866e-01 2.690149e+00 -3.035079e-01 -1.678517e+00 -1.613908e+00
1.509685e-01 4.524124e-01 -8.371046e-01 -2.332981e-01 -4.518175e-03 -1.394559e+00 -1.454810e-01 -1.250967e+00 -2.201972e+00 -1.987755e+00 -8.813878e-01 -2.343530e-01
8.894800e-01 5.405506e-01 -1.653750e+00 -6.778735e-01 -8.691335e-02 -6.128018e-02 -2.003734e-02 -2.417652e-01 -4.941596e-01 1.444942e+00 1.026561e+00 3.643410e-01
2.253682e-01 1.920695e-01 3.487695e-01 1.084544e+00 3.741009e-01 5.396229e-01 5.221395e-01 -1.016300e-01 4.491901e-03 5.150208e-01 -7.879069e-01 -2.083507e-01
-1.406179e+00 4.411989e-01 -1.380521e+00 -2.384509e+00 4.488754e-02 -2.323900e+00 1.478054e+00 1.408770e+00 -2.279454e-01 3.862650e-01 4.423608e-01 4.577780e-01
-8.311822e-01 -9.132707e-01 -6.926882e-01 -2.897426e-01 -1.259167e+00 -1.826729e+00 -2.816084e+00 -3.054933e-01 -6.749657e-01 1.010619e-01 8.361304e-01 -2.159505e-01
8.241267e-01 1.292551e+00 -1.195542e+00 8.246762e-01 -1.418394e-01 -2.542896e+00 -8.255470e-01 -2.555637e+00 -2.319858e+00 -5.219483e-01 1.503815e-01 1.545633e+00
7.654281e-02 -9.561597e-01 9.263531e-01 2.241796e-01 -7.509060e-01 1.956918e+00 -2.301822e+00 1.069686e+00 1.910290e-01 2.741871e-02 1.439320e-01 -1.290853e-01
2.289374e-02 5.793456e-01 -2.049851e-01 -2.436834e-01 2.432429e-01 4.632092e-03 6.915499e-01 -1.119269e+00 -1.160128e+00 -5.169312e-01 2.129408e+00 1.306166e+00
4.366575e-01 9.313551e-01 1.658180e-01 1.573410e-01 -5.113916e-02 7.208587e-01 -6.737601e-01 -9.374720e-01 -1.050964e+00 -7.697145e-01 5.332165e-02 -2.721436e-01
-1.393481e-01 -3.944021e-01 1.180505e+00 -2.206869e-01 4.684056e-01 -2.742510e-02 -4.443036e-01 6.246170e-01 -6.833170e-01 2.295506e-01 -6.924265e-01 4.568674e-01
1.340953e-01 -6.338984e-03 2.867221e-01 2.064988e-01 -2.147170e-01 1.823899e+00 -2.194253e+00 9.566104e-01 6.923925e-01 -4.727256e-02 -1.232444e-01 4.933943e-01
1.723535e+00 8.167884e-01 -2.721760e+00 -9.770004e-01 1.546277e+00 -9.092064e-01 5.400378e-01 -1.053722e+00 -8.436037e-01 -1.120448e+00 5.473737e-01 8.912368e-01
1.075935e+00 2.564609e+00 -7.286334e-01 8.409990e-01 7.025906e-01 -1.262383e+00 -6.786696e-01 -3.087561e+00 -1.975258e+00 -4.919226e-01 -1.341954e+00 2.831106e+00
1.638726e+00 6.814185e-01 8.892738e-01 -8.457017e-01 1.208765e-01 -1.349434e+00 6.900111e-01 -2.889391e-01 -4.290414e-01 1.176420e-01 -8.825133e-01 -7.192992e-01
-4.898945e-01 2.611530e-02 -6.568381e-01 -1.494557e+00 -1.515370e+00 -1.171283e+00 -8.810177e-02 2.805859e+00 1.114770e+00 -2.897637e-01 4.166228e-01 7.988278e-01
3.367114e-02 1.323787e+00 -5.021868e-01 5.916203e-01 1.812313e-01 3.715657e-01 -3.435600e-01 3.928968e-01 1.341254e+00 3.024909e-01 -5.340042e-01 1.003219e+00
3.092814e-01 6.816991e-01 3.561149e-01 1.412230e-01 4.898871e-01 3.471959e-01 2.460904e-01 -5.156790e-01 -4.469704e-01 1.313210e+00 8.243626e-01 1.443660e+00
1.464014e+00 2.407118e+00 -2.008518e+00 -1.237546e+00 3.389378e+00 -1.243522e+00 -6.382623e-02 -1.747174e-01 -9.010510e-02 -2.109223e+00 -9.043205e-01 -9.533671e-01
-1.232552e+00 -1.416089e+00 -2.638311e+00 -2.018566e+00 -7.727199e-01 -1.040354e-01 -3.176195e+00 -1.967670e+00 8.322132e-02 1.498602e+00 2.450238e+00 7.718723e-01
-8.868293e-02 9.356453e-01 -4.668887e-02 -5.710298e-01 -4.898929e-01 6.315632e-02 1.142093e+00 1.855478e+00 7.690294e-01 6.114754e-01 1.315260e-01 1.520074e+00
-2.323086e-01 -2.132563e+00 -5.927471e-01 1.000105e+00 -1.102232e+00 -7.605788e-01 5.993945e-01 3.156849e+00 8.826524e-01 1.894534e+00 -1.566283e+00 -2.843606e-01
-8.690534e-02 2.279481e+00 -2.294368e-01 6.804019e-01 4.552125e-01 -2.841092e-01 1.033142e+00 1.887212e-01 1.972113e+00 2.216465e-01 -5.115895e-01 1.404852e+00
5.306253e-01 6.829764e-01 -4.087753e-02 -5.473526e-01 9.724931e-02 1.455452e-01 1.147032e+00 -1.461587e+00 -1.645910e+00 -1.666684e+00 2.387602e+00 1.691632e+00
-1.252477e+00 1.202567e+00 1.105903e+00 -1.280785e+00 -1.579949e+00 5.512801e-01 7.036517e-01 1.464193e+00 2.338988e+00 -6.142717e-01 -1.719662e+00 -3.835490e+00
3.363522e-01 -2.140986e+00 -1.949887e+00 -9.073895e-01 9.552820e-01 -1.267716e+00 7.426006e-01 -2.919698e-01 1.729830e-01 -9.010187e-01 -3.809237e-01 5.607773e-01
5.003816e-01 3.130688e+00 -2.058455e-01 -2.760168e+00 1.889972e+00 -1.244978e+00 8.246943e-01 1.137909e+00 -4.671796e-01 -1.217786e+00 -1.577351e+00 -1.295468e+00
1.340661e-01 2.542140e-01 4.256682e-01 -5.111383e-02 1.163976e+00 -7.625723e-02 1.224011e-01 -2.666197e-01 -5.902882e-01 -6.642932e-02 9.247293e-02 -3.427115e-01
-6.010463e-01 1.850966e+00 1.514377e+00 1.615865e+00 4.497986e-01 4.338441e-02 1.738601e+00 8.514395e-01 1.474454e+00 1.478447e+00 -1.699677e+00 6.545674e-01
9.360679e-01 6.974621e-01 5.050064e-01 -4.469070e-01 2.096625e-01 3.628437e-01 1.022983e+00 -1.717469e+00 -2.575515e+00 -2.127596e+00 1.529305e+00 2.668911e+00
8.378965e+00 -2.097059e+00 -3.137439e+00 4.407009e+00 -3.685130e+00 -1.883227e+00 6.168805e-01 -4.090899e+00 -4.167285e+00 2.919339e+00 3.368102e+00 1.035374e-01
5.486441e-02 8.611105e-01 1.543628e+00 1.706051e+00 1.137371e+00 -3.832524e+00 3.412602e+00 -5.015612e-02 -3.252369e+00 -6.618106e-01 -6.894710e-01 -8.910135e-01
1.398154e+00 -2.154402e-01 -9.885000e-01 -2.387338e+00 1.317068e+00 -1.139147e+00 2.313621e+00 -4.091642e-01 -1.117808e+00 -9.540014e-01 -1.052378e+00 -1.088433e+00
7.609434e-01 6.530155e-01 5.335428e-01 3.328344e+00 2.854561e-01 -1.696936e+00 -3.466540e-01 -4.460534e-01 -8.676230e-01 -6.711766e-01 -1.581426e+00 -1.849430e+00
-1.091472e+00 1.252820e+00 1.897260e+00 1.725108e+00 1.039438e+00 2.138167e+00 1.410229e+00 1.680823e+00 3.973570e-01 2.649236e-01 -2.261532e+00 -1.042662e+00
-1.844428e+00 -1.045291e+00 -2.179116e+00 -2.388472e+00 -4.814191e-01 3.646505e-01 -1.808329e+00 2.785531e-01 -6.406222e-02 -1.674352e-01 1.830244e+00 1.644392e+00
6.337354e+00 -3.006951e-01 -6.145300e-01 1.490317e+00 -1.017630e+00 -1.339035e+00 -2.172468e+00 -1.779545e+00 4.017349e-01 1.048360e+00 9.427484e-01 -1.751100e+00
8.664924e+00 -1.021064e+00 -2.329275e+00 3.595847e+00 -2.753209e+00 -1.731161e+00 -8.730040e-01 -4.214225e+00 -2.872320e+00 2.452512e+00 2.474964e+00 -5.545003e-01
1.051223e+00 7.046041e-01 1.116663e+00 5.382910e-02 6.950254e-01 7.062141e-01 8.275646e-01 -1.792663e+00 -3.301200e+00 -2.920709e+00 7.704901e-01 2.750982e+00
4.917658e-01 1.444162e+00 1.631479e+00 3.487933e+00 6.600512e-01 -4.957189e+00 4.253609e+00 -4.469992e-01 -4.150117e+00 -1.163151e+00 -1.001614e+00 -1.619403e+00
5.330830e-01 4.260302e-01 1.321922e+00 6.098121e-01 1.923580e+00 1.358407e-01 2.173114e-01 -1.533274e+00 -2.305235e+00 -1.363743e+00 -3.056397e-01 1.416407e+00
8.156328e-01 1.315293e+00 1.565690e+00 3.690229e+00 8.192407e-01 -4.216989e+00 2.605676e+00 -4.441142e-01 -3.620132e+00 -9.877368e-01 -1.426006e+00 -1.850748e+00
-1.604730e+00 -6.997886e-02 1.937404e+00 1.675032e+00 1.035982e+00 2.172606e+00 3.765705e-01 1.377057e+00 9.628617e-01 9.924778e-01 -2.492844e+00 -1.492247e+00
7.979959e-01 6.680365e-01 1.347833e+00 8.221657e-01 1.426261e+00 8.003790e-01 3.958378e-01 -1.838279e+00 -3.059129e+00 -2.759840e+00 4.978599e-02 2.160776e+00
-2.144340e+00 -1.649063e+00 -1.014943e+00 -2.490675e+00 -8.988817e-01 -9.327697e-01 -1.449126e+00 1.774287e+00 1.407508e+00 3.128116e-01 1.873544e+00 1.516356e+00
-1.988624e+00 -9.860468e-01 1.149463e+00 6.723335e-01 9.912471e-01 1.035468e+00 -1.011070e-01 1.656420e+00 9.451653e-01 1.243694e+00 -3.104193e+00 -1.595853e+00
1.664923e+00 7.385624e-01 -2.453448e+00 1.960042e+00 9.127526e-01 -1.944644e+00 -1.337549e-01 4.934991e+00 4.684196e-02 2.393020e+00 -1.168947e+00 2.302071e+00
-2.178207e+00 -1.181859e+00 -1.554739e-01 -1.293310e+00 7.192773e-01 6.423526e-02 -1.613945e+00 1.252807e+00 5.468663e-01 2.945846e-01 3.062219e-01 7.988654e-01
7.979296e-01 -1.238563e+00 -2.031546e+00 2.590124e+00 9.573080e-02 -7.401109e-01 2.048267e-01 4.999347e+00 1.446895e+00 2.651477e+00 -8.444579e-01 2.873678e+00
