3.634389e+00 -9.122581e+00 4.354788e+00 -7.960879e+00 -1.029864e+01 -8.806069e+00 -8.373732e+00 7.291715e+00 -1.462393e+01 -1.592241e+00 -6.944903e+00 9.147428e-01
2.845566e+00 -9.534821e+00 2.580801e+00 -7.484735e+00 -1.356224e+01 -1.043576e+01 -1.019261e+01 5.913198e+00 -1.752727e+01 -1.646927e+00 -1.075019e+01 -5.429245e-01
4.248406e+00 -9.056934e+00 6.397432e+00 -4.950559e+00 -1.447504e+01 -8.959281e+00 -6.534851e+00 1.079607e+01 -1.411887e+01 -8.067917e-01 -6.600181e+00 1.838157e+00
2.932914e+00 -1.032206e+01 3.984034e-01 -9.939028e+00 -1.425607e+01 -1.151163e+01 -1.291659e+01 2.960874e+00 -1.965486e+01 -7.345510e+00 -1.016039e+01 -4.701077e+00
4.082370e+00 -9.469408e+00 7.738660e+00 -6.256074e+00 -1.319405e+01 -1.132323e+01 -5.786763e+00 8.578707e+00 -1.264119e+01 -7.532091e-01 -7.919390e+00 1.076680e+00
3.625678e+00 -9.373319e+00 2.714790e+00 -6.751574e+00 -1.447930e+01 -9.795426e+00 -8.034478e+00 5.333504e+00 -1.681869e+01 -1.777937e+00 -7.599814e+00 -3.498193e+00
4.335588e+00 -9.318514e+00 2.247336e+00 -7.251439e+00 -9.815204e+00 -9.584590e+00 -6.618666e+00 3.040763e+00 -1.451863e+01 -4.902287e+00 -6.442968e+00 -3.094050e+00
4.526898e+00 -7.997466e+00 3.315712e+00 -4.036479e+00 -1.595466e+01 -8.397004e+00 -6.200844e+00 6.774749e+00 -1.293362e+01 -3.483016e+00 -5.126638e+00 -1.560447e+00
3.556506e+00 -1.054989e+01 -1.348188e+00 -8.374288e+00 -1.285001e+01 -1.140438e+01 -1.110251e+01 1.085016e+00 -1.738131e+01 -8.629375e+00 -1.085733e+01 -7.557314e+00
3.464402e+00 -8.983991e+00 1.586075e+00 -6.029602e+00 -1.705818e+01 -9.890759e+00 -8.529456e+00 3.687857e+00 -1.601466e+01 -4.230309e+00 -7.692307e+00 -3.085959e+00
4.694275e+00 -8.221500e+00 3.324515e-01 -6.362029e+00 -7.597663e+00 -6.335011e+00 -9.108147e+00 8.328162e+00 -1.222393e+01 -4.918133e+00 -7.434808e+00 -3.461114e+00
3.969277e+00 -1.011182e+01 -1.896762e+00 -1.037273e+01 -1.158420e+01 -7.819297e+00 -1.335729e+01 4.801531e+00 -1.585354e+01 -6.124166e+00 -1.304094e+01 -7.428596e+00
4.702397e+00 -1.054359e+01 9.217278e+00 -7.873292e+00 -1.309701e+01 -1.164386e+01 -6.074108e+00 7.221211e+00 -1.270423e+01 -9.622082e-01 -7.346568e+00 -1.507453e+00
4.635934e+00 -9.085933e+00 7.353924e+00 -5.638537e+00 -1.409044e+01 -9.655395e+00 -6.690720e+00 6.195765e+00 -1.218167e+01 -6.081566e-01 -7.112748e+00 -1.749573e+00
5.562088e+00 -8.926771e+00 -2.920648e+00 -7.441040e+00 -1.254770e+01 -5.249501e+00 -1.183071e+01 5.808137e+00 -1.452686e+01 -2.670286e+00 -1.229286e+01 -1.020391e+01
5.041666e+00 -9.246753e+00 8.455046e+00 -5.592874e+00 -1.441909e+01 -1.003975e+01 -6.870007e+00 6.196334e+00 -1.274082e+01 8.877711e-01 -7.252180e+00 3.768955e-01
5.414004e+00 -9.247214e+00 1.001632e+01 -4.078782e+00 -1.450737e+01 -9.097614e+00 -6.851373e+00 5.929878e+00 -1.201301e+01 1.252320e+00 -8.102608e+00 3.047462e+00
5.780131e+00 -8.937558e+00 1.039098e+01 -2.496351e+00 -1.533330e+01 -8.726405e+00 -7.046933e+00 3.087529e+00 -9.423354e+00 -2.066198e+00 -4.181494e+00 7.900358e-01
6.017342e+00 -6.530173e+00 -4.305086e+00 -8.392172e+00 -1.115904e+01 -8.976007e+00 -1.104156e+01 5.838657e+00 -1.232029e+01 -1.637153e+00 -1.086737e+01 -6.411177e+00
-1.810492e+01 7.447442e+00 -3.316635e+00 -5.247279e+00 9.592564e+00 4.570446e+00 6.925645e+00 -2.588885e+00 1.380638e+00 -5.877224e+00 3.894942e+00 -2.630401e+00
6.910421e+00 -7.921649e+00 1.081242e+01 -1.839403e+00 -1.325675e+01 -7.653884e+00 -7.992728e+00 5.321585e+00 -1.131828e+01 -6.638154e-01 -4.370396e+00 3.208358e+00
-1.103061e+01 -2.295791e+00 -5.017471e+00 -7.102876e+00 5.791920e+00 3.870651e+00 2.555652e+00 -5.147834e-01 7.213044e+00 1.063166e+00 9.478203e+00 9.160489e+00
8.215308e+00 -6.964747e+00 1.006400e+01 2.693467e+00 -1.482885e+01 -6.494772e+00 -9.011986e+00 5.923711e+00 -1.016556e+01 -2.528338e+00 -2.334502e+00 1.882638e+00
9.714378e+00 -6.817194e+00 8.802483e+00 3.654421e+00 -1.482727e+01 -7.199940e+00 -7.723756e+00 6.986887e-01 -8.606895e+00 -3.043162e+00 -1.634079e+00 -1.537949e+00
-1.330859e+01 4.961115e+00 2.466620e+00 -4.955049e+00 8.094112e+00 -7.960998e+00 8.045009e+00 -1.007187e-01 4.866274e+00 -2.668301e+00 5.951642e+00 -4.073594e+00
1.133950e+01 -5.452293e+00 5.632440e+00 5.420233e+00 -1.293241e+01 -6.525623e+00 -8.242228e+00 -1.656387e+00 -7.006177e+00 -3.110424e+00 -2.513426e+00 -2.233951e+00
-6.744493e+00 -4.519222e+00 4.103700e+00 -6.008690e+00 1.984239e+00 -5.951650e+00 2.569578e+00 9.612336e+00 -2.130325e+00 6.976292e-01 9.844969e+00 6.729173e+00
-4.077615e+00 -8.112038e+00 2.510305e+00 -1.544252e+00 -5.595416e+00 -2.090508e+00 4.865764e+00 4.499846e+00 3.024238e+00 1.159518e+01 1.488180e+00 1.469418e+01
-3.758923e+00 -2.650099e+00 4.822569e+00 4.231049e+00 -8.090252e+00 -5.292819e+00 -2.326812e+00 -5.737768e-01 -3.300959e+00 5.762778e+00 -5.168263e+00 3.752838e+00
1.188475e+01 -4.636156e+00 3.881337e+00 6.308470e+00 -8.699552e+00 -5.543163e+00 -1.112317e+01 -4.248289e+00 -4.170265e+00 -2.029604e+00 -5.892210e+00 -4.388189e-02
3.640024e+00 1.989139e+00 5.285852e-01 -1.486501e-01 -8.928077e+00 -5.013045e+00 -8.860583e-01 1.491878e+00 -6.658087e+00 -3.965465e-01 -1.042276e+01 -1.017975e+00
1.316530e+01 -4.468214e+00 3.909492e+00 8.036831e+00 -8.203083e+00 -4.001100e+00 -1.168006e+01 -7.602087e+00 -1.112103e-02 -3.048107e+00 -6.523632e+00 -8.941208e-01
1.231767e+01 -3.605622e+00 4.516437e+00 4.625437e+00 -4.035770e+00 -2.025129e+00 -1.233513e+01 -1.107410e+01 -2.712155e+00 1.697447e+00 -5.545412e+00 -2.388052e+00
1.403407e+01 -2.818124e-01 -6.934327e-01 5.527266e+00 -2.779104e+00 5.052190e-01 -1.450125e+01 -1.691561e+01 -2.695178e+00 3.970846e+00 -2.040898e+00 -2.979896e+00
-6.914321e+00 -6.312756e+00 2.806199e+00 -5.029890e+00 5.029539e+00 4.430530e+00 -2.974429e+00 -2.298682e+00 6.138869e+00 -2.549490e+00 6.262348e+00 9.090302e+00
1.410136e+01 -2.061055e+00 -3.507142e+00 5.385768e+00 -2.777575e+00 8.909742e+00 -1.050494e+01 -1.465721e+01 6.385908e-01 -6.652560e+00 -9.998188e+00 -4.465106e+00
1.183325e+01 5.866619e+00 -2.149274e+00 7.453373e+00 5.108703e+00 7.424715e+00 -5.495406e+00 -1.475132e+01 3.696833e-01 -3.769846e+00 -9.785534e+00 -8.939067e+00
9.612638e+00 6.382491e+00 -3.985211e+00 6.539705e+00 1.019585e+01 6.643025e+00 -4.914113e+00 -1.123688e+01 4.342598e+00 -4.041595e+00 -5.507346e+00 -2.717849e+00
8.668759e+00 6.917310e+00 3.920763e+00 9.223145e+00 1.351809e+01 7.232684e+00 7.085050e+00 -2.642120e+00 7.806961e+00 -5.344860e+00 -3.326761e+00 4.018036e+00
7.240557e+00 3.090620e+00 -5.440360e+00 7.900809e+00 1.268194e+01 7.928505e+00 7.449846e-01 -6.317626e+00 3.474276e+00 -7.817142e+00 -2.279603e+00 -2.240062e+00
5.023198e+00 1.046235e+00 -6.867536e+00 6.379718e+00 1.043488e+01 9.927683e+00 4.821831e+00 -8.979024e-01 4.240570e+00 -3.516373e+00 9.574610e-01 -7.196286e-01
5.208324e+00 2.600495e+00 -4.225246e+00 4.688089e+00 1.082368e+01 1.103505e+01 7.302525e+00 5.261983e+00 8.374698e+00 -1.687379e+00 4.280336e+00 7.403696e+00
6.298934e+00 4.377014e+00 6.370809e-01 8.514414e+00 1.319942e+01 9.602254e+00 3.074259e+00 -4.141722e+00 6.949470e+00 -3.558388e+00 -3.050783e+00 1.086584e+00
5.586993e+00 5.038962e+00 -1.552439e+00 5.143262e+00 1.336333e+01 5.924576e+00 4.694641e+00 -1.254893e+00 6.547870e+00 -3.329836e+00 2.702073e+00 7.549537e+00
5.385050e+00 5.152606e+00 -1.938263e+00 8.552291e+00 1.295421e+01 8.066977e+00 3.788059e+00 -1.918367e+00 1.260242e+01 -5.991552e-01 -7.025021e+00 -4.504722e+00
3.537647e+00 5.387346e+00 -1.061133e+00 6.253739e+00 1.478572e+01 8.487050e+00 8.598600e+00 9.808998e-01 7.288342e+00 -1.862854e+00 -3.933239e+00 -4.936221e+00
8.226576e-01 4.454630e+00 -3.130493e+00 5.712358e+00 1.079063e+01 9.323463e+00 8.700534e+00 -8.180788e-01 1.130701e+01 -3.291938e-01 8.480636e-01 -1.605592e+00
-2.977680e+00 7.219494e+00 -3.503556e+00 3.808724e+00 8.760660e+00 4.421702e+00 1.996736e+00 -1.289468e-01 6.700259e+00 5.164334e+00 5.105714e+00 1.063220e+00
-6.861839e-01 5.444668e+00 -1.270976e+00 6.229212e+00 1.346215e+01 5.703934e+00 7.133694e+00 4.203352e+00 8.821857e+00 5.751038e-01 -4.552832e-01 -3.782286e+00
-6.054860e+00 4.319024e+00 -3.755895e+00 -3.245234e-01 4.992809e+00 5.430087e+00 5.941722e+00 -2.597347e+00 8.448853e+00 4.645991e+00 7.806877e+00 6.266209e-01
-4.299756e+00 5.411188e+00 -2.586482e+00 2.344597e+00 6.099854e+00 5.009025e+00 6.682107e+00 3.111596e-01 9.848991e+00 9.184406e+00 1.305663e+01 4.790133e+00
-7.013583e+00 5.044266e+00 -9.783956e-01 -1.361048e-02 9.213862e-01 -1.534090e+00 2.211827e+00 -3.359706e+00 6.894869e+00 9.510241e-01 3.428077e+00 -2.503020e-01
-5.054974e+00 4.336565e+00 -3.500944e+00 2.112702e+00 5.875882e+00 5.380391e+00 4.910007e+00 -2.266529e+00 5.991396e+00 7.681818e-01 5.814097e-01 2.481145e+00
-5.559661e+00 5.241993e+00 -1.298480e+00 1.011684e+00 2.623052e+00 4.450256e+00 8.305475e+00 2.022022e+00 9.762074e+00 2.002793e+00 4.725044e+00 1.817976e+00
-5.770459e+00 3.566445e+00 -4.067214e+00 2.016229e+00 4.879055e+00 3.839409e+00 6.450182e+00 -2.311529e+00 6.486948e+00 7.595730e-02 -1.017617e+00 2.167742e+00
-1.291533e-01 7.044935e+00 -1.254849e+00 8.540437e+00 1.246230e+01 6.327500e+00 8.827566e+00 5.697019e-01 2.795175e+00 4.822130e-01 8.383286e+00 3.027754e+00
-5.792886e+00 4.370009e+00 -4.862801e+00 -3.098731e+00 6.036868e+00 2.148107e+00 2.967206e+00 -3.195067e+00 7.383157e+00 1.747456e+00 3.372623e+00 9.427774e-02
-5.610379e+00 4.012210e+00 -2.576889e+00 -1.834706e+00 2.954427e+00 -1.273195e+00 4.717921e+00 6.022215e-03 1.229597e+00 3.834031e+00 9.779473e+00 -2.387700e+00
-6.061152e+00 3.558184e+00 -4.084606e+00 5.631937e-01 3.047225e+00 -6.844602e-01 3.478105e+00 1.151486e+00 9.426855e+00 1.621974e+00 8.077229e-01 8.722924e-01
-6.782767e+00 2.515290e+00 -3.411260e+00 -2.771341e+00 2.573551e+00 3.653774e+00 2.986360e+00 -1.882798e+00 -3.931332e-02 8.489404e-01 6.372677e+00 -9.428755e-01
-6.053372e+00 5.177704e+00 -2.390393e+00 1.100978e+00 5.313869e+00 1.414590e+00 4.034983e+00 1.214989e+00 9.307524e+00 3.315634e+00 6.330044e+00 2.066490e+00
-5.646266e+00 4.201208e+00 -3.374568e+00 -2.367504e+00 3.348181e+00 2.862089e+00 4.839697e+00 2.396991e+00 4.195889e+00 7.705958e-01 5.531881e+00 3.535566e+00
-5.204641e+00 4.637568e+00 -4.472537e+00 -1.718959e-01 3.963585e+00 5.916837e+00 8.588063e+00 -1.504138e+00 7.652792e+00 5.956915e+00 8.694098e+00 3.050214e+00
-5.088150e+00 5.235141e+00 -1.584910e+00 -2.541147e+00 6.284157e+00 6.491570e+00 4.564975e+00 -1.581799e+00 3.341179e+00 3.046855e+00 8.140856e+00 1.641202e+00
-5.254665e+00 3.981697e+00 -3.395028e+00 1.243691e+00 4.801418e+00 2.126813e+00 4.692557e+00 -2.066212e-01 7.016884e+00 -8.226215e-01 2.741540e+00 1.125759e+00
-6.048495e+00 4.557060e+00 -2.436178e+00 1.503974e+00 7.263881e+00 5.942840e+00 6.816901e+00 -4.001558e-01 8.148073e+00 4.224967e+00 8.137892e+00 3.624473e+00
-6.009669e+00 2.819982e+00 -3.128874e+00 5.790311e-01 5.943670e+00 3.627153e+00 6.244444e+00 -2.513280e+00 2.663084e+00 4.880435e-01 7.627696e+00 4.914958e+00
-5.868276e+00 4.983953e+00 -4.842643e+00 -1.058471e+00 -1.111010e+00 1.729622e+00 4.625717e+00 -2.501273e+00 5.102890e+00 -1.246766e+00 3.334207e+00 -6.127226e+00
-5.836602e+00 4.394855e+00 -3.806461e+00 6.249420e-01 8.531537e-01 -2.352346e+00 2.269562e+00 -2.216181e+00 5.869273e+00 4.654617e-01 4.952043e+00 -1.686540e+00
-5.889152e+00 4.586577e+00 -5.587432e-01 1.407820e+00 3.364649e+00 3.831873e+00 4.446807e+00 1.881032e-01 7.440606e+00 3.352932e+00 1.056361e+01 -1.326642e+00
-4.171707e+00 4.696491e+00 -2.401814e+00 1.668695e+00 9.203778e+00 6.992575e+00 6.745946e+00 9.978056e-02 6.543639e+00 5.045835e+00 6.526618e+00 -1.965785e+00
-5.833152e+00 2.878922e+00 -1.991248e+00 1.375862e+00 2.075336e+00 1.624646e+00 -4.583702e-01 -4.756445e+00 8.868556e+00 3.622752e+00 2.228585e+00 2.035676e+00
-5.171172e+00 5.742383e+00 -1.415641e+00 4.328905e+00 7.095661e+00 5.114862e+00 8.667708e+00 1.690746e+00 6.675734e+00 -1.941399e+00 1.852831e+00 1.419937e+00
-8.507557e-01 6.657264e+00 -4.414197e+00 5.071275e+00 7.484422e+00 4.859684e+00 9.859622e+00 2.949064e+00 7.020104e+00 2.296272e+00 7.539526e+00 1.679008e+00
-5.655070e+00 3.424018e+00 -1.820820e+00 1.624432e+00 3.059420e+00 4.018395e+00 5.280533e-01 -1.423342e+00 5.644274e+00 3.798056e+00 1.176757e+00 -8.911110e-01
-5.940114e+00 3.667424e+00 -1.385298e+00 -1.969766e+00 2.916940e+00 1.631759e+00 7.318242e+00 -6.773305e-01 1.974215e+00 1.149883e-01 2.650831e+00 -6.513392e-01
-6.219661e+00 4.213745e+00 -2.481159e+00 -9.706755e-01 5.165080e+00 3.622340e+00 4.469798e+00 -1.339181e+00 4.074390e+00 1.325140e+00 3.063721e+00 1.778018e+00
-5.148599e+00 4.241224e+00 -1.489498e+00 4.922860e-01 4.070027e+00 4.240679e+00 4.961403e+00 -5.720484e+00 4.343080e+00 3.828833e+00 7.172851e+00 1.232205e+00
-5.593673e+00 5.438897e+00 -1.452709e+00 -1.292804e+00 7.630929e+00 4.778172e+00 3.387437e+00 -3.328665e+00 6.557222e+00 1.876572e+00 6.179654e+00 4.823853e-01
-5.065193e+00 5.462323e+00 -6.129858e-01 1.511042e+00 5.244884e+00 8.946400e-01 6.205081e+00 8.426261e-02 7.214610e+00 4.872144e+00 8.260345e+00 2.192599e+00
-4.650327e+00 5.666953e+00 -5.914283e-02 2.492006e+00 6.247023e+00 6.369405e+00 6.688609e+00 -2.277684e+00 3.962292e+00 6.121893e+00 1.066840e+01 3.747575e+00
-5.642127e+00 5.930922e+00 2.053046e-02 9.538250e-01 4.734075e+00 2.521507e+00 6.776598e+00 4.618435e-01 7.766165e+00 2.262316e+00 7.355622e+00 1.364695e+00
-4.910236e+00 3.334424e+00 -2.429600e+00 2.437013e+00 5.765131e+00 5.513183e+00 9.713116e+00 -9.876521e-01 4.806470e+00 3.371467e+00 6.674947e+00 -4.115697e+00
-5.148235e+00 3.369985e+00 -2.695063e+00 -5.770763e-01 5.286709e+00 1.612269e+00 2.798942e+00 -3.921576e+00 7.326729e+00 5.203862e+00 2.785490e+00 -3.285559e-01
-4.978331e+00 4.581944e+00 -1.387769e+00 8.644019e-01 6.190323e+00 1.263438e+00 3.706470e+00 -2.702938e+00 5.163801e+00 2.397810e+00 1.232847e+00 -2.265806e+00
