-1.468372e+01 8.688171e+00 -8.739527e+00 2.023372e+00 1.846785e+00 3.055250e+00 -5.477557e-01 -1.351518e+00 -3.185091e+00 -5.911513e+00 -6.727803e+00 -4.751712e+00
-1.016919e+01 1.295231e+01 -4.988234e+00 2.660375e+00 4.170132e-01 -2.946763e+00 -3.261640e-01 -6.284889e+00 -7.614270e+00 -6.448268e+00 -4.360297e+00 -6.907629e+00
1.146543e+01 -1.003527e+01 1.251363e+01 -6.055227e+00 -2.188675e+01 -4.948793e+00 -6.783587e+00 7.745036e+00 -8.439979e+00 -7.453834e-01 -5.842570e+00 -4.425206e+00
1.153030e+01 -8.495983e+00 1.341431e+01 -6.077099e+00 -1.857082e+01 -4.753784e+00 -3.881690e+00 8.986665e+00 -5.984250e+00 1.047620e+00 -4.696512e+00 -2.339816e+00
1.217060e+01 -1.098200e+01 1.513245e+01 -7.631889e+00 -1.861347e+01 -5.881374e+00 -4.111023e+00 7.668798e+00 -6.595384e+00 1.049046e+00 -3.706376e+00 -2.915387e+00
1.210939e+01 -9.530191e+00 1.289926e+01 -4.987082e+00 -2.046352e+01 -6.041847e+00 -3.717503e+00 4.902946e+00 -7.461726e+00 -1.119946e+00 -5.254864e+00 -2.987813e+00
1.171463e+01 -7.821583e+00 1.156199e+01 -8.520761e+00 -1.583992e+01 -7.683921e+00 -5.296206e+00 5.951560e+00 -6.792951e+00 -5.915123e-02 -6.620419e+00 -4.492494e+00
1.172054e+01 -7.818346e+00 9.571226e+00 -6.706035e+00 -1.744262e+01 -9.312634e+00 -2.414030e+00 4.264204e+00 -7.016124e+00 1.261078e+00 -1.053766e+01 1.169605e-01
1.224802e+01 -1.067546e+01 1.281856e+01 -3.993181e+00 -2.237589e+01 -6.287179e+00 -5.384616e+00 2.650126e+00 -6.998173e+00 -3.539103e+00 -4.171645e+00 -4.700824e+00
1.165470e+01 -1.070073e+01 1.446951e+01 -4.860771e+00 -2.160423e+01 -3.620404e+00 -5.784284e+00 4.545076e+00 -1.020267e+01 -1.767063e+00 -1.300466e+00 -4.452638e+00
1.179140e+01 -7.702793e+00 1.079833e+01 -5.765762e+00 -1.789424e+01 -8.069550e+00 -2.967896e+00 4.838251e+00 -5.807184e+00 -8.799217e-01 -7.921433e+00 -2.685261e+00
-1.480114e+01 3.072011e+00 -1.054951e+01 3.720924e+00 1.917330e+00 4.519094e+00 -1.247494e+00 -3.689561e+00 5.443680e+00 2.266176e+00 7.044057e+00 8.162159e-01
1.079437e+01 -7.429042e+00 9.050344e+00 -7.646093e+00 -1.827883e+01 -7.697567e+00 -6.161049e+00 1.275740e+00 -7.442752e+00 -2.584991e+00 -8.463486e+00 -5.317826e+00
9.403931e+00 -9.736191e+00 1.527430e+01 -6.765013e+00 -1.515715e+01 -7.530634e+00 -3.821696e+00 2.244032e+00 -1.163703e+01 -6.849041e-01 -2.727094e+00 -5.074188e+00
1.144131e+01 -6.750413e+00 7.767768e+00 -8.599587e+00 -1.490599e+01 -1.041558e+01 -9.475411e+00 3.655209e-01 -1.325876e+01 -3.833875e+00 -7.957176e+00 -7.582641e+00
1.160171e+01 -6.075404e+00 8.259347e+00 -7.166672e+00 -1.607154e+01 -9.347513e+00 -5.733456e+00 -1.531794e+00 -9.181239e+00 -2.384023e+00 -9.821780e+00 -4.926524e+00
1.183985e+01 -6.541428e+00 7.579677e+00 -7.218704e+00 -1.684821e+01 -9.421524e+00 -5.206754e+00 -1.130168e+00 -8.359377e+00 -2.549619e+00 -1.116069e+01 -3.124305e+00
-1.318991e+01 4.082233e+00 -9.122189e+00 -2.427876e+00 -3.522072e-01 5.035050e+00 -1.978438e+00 -2.899235e+00 5.076777e+00 -5.109833e-01 -4.594779e-02 3.788090e+00
1.202057e+01 -6.034284e+00 7.709183e+00 -7.595052e+00 -1.415191e+01 -1.114733e+01 -9.460504e+00 -2.676763e-01 -1.219809e+01 -3.597086e+00 -6.432199e+00 -6.705117e+00
-1.393425e+01 2.992723e+00 -7.461586e+00 6.781229e+00 4.139764e+00 -2.310214e+00 -2.605091e+00 2.754596e-01 6.195371e+00 5.521408e+00 2.527549e+00 -2.290922e-01
1.299907e+01 -5.017208e+00 9.361240e+00 -8.419147e+00 -1.246884e+01 -1.067873e+01 -1.101960e+01 1.093013e+00 -1.338009e+01 -1.638191e+00 -4.245305e+00 -7.417560e+00
-1.406758e+01 2.789703e+00 -1.016935e+01 1.904712e+00 3.136914e+00 2.886335e+00 9.705368e-01 -2.210894e-01 2.019245e+00 6.018440e-01 5.254578e+00 3.952621e+00
1.232983e+01 -4.542249e+00 8.143886e+00 -4.412429e+00 -1.644427e+01 -9.879465e+00 -1.551736e+01 -7.106578e-02 -1.437027e+01 -2.186043e+00 -3.135000e+00 -7.418289e+00
-1.290127e+01 5.496046e+00 -1.294210e+01 -9.247295e-01 5.289719e+00 4.809588e+00 3.201182e+00 6.938837e-01 4.685184e+00 5.873694e+00 8.745522e+00 3.590782e+00
-1.350027e+01 7.135664e-01 -1.193777e+01 5.499437e+00 7.744515e+00 8.774924e-01 -7.601323e-01 -4.199370e+00 2.436566e+00 8.899990e-01 2.018895e+00 -1.515769e+00
-1.450628e+01 1.662450e+00 -8.664152e+00 6.399863e+00 4.665691e+00 -9.698067e-01 2.057512e-01 1.952703e+00 5.541630e+00 2.158921e+00 -3.631606e-01 -1.319450e+00
9.187093e+00 -5.267885e+00 1.472305e+01 -7.531816e-01 -1.446336e+01 -1.186873e+01 -2.180194e+00 -1.657017e+00 -1.476255e+01 7.648003e+00 2.168093e+00 4.654313e+00
1.037938e+01 -8.202635e+00 1.600252e+01 -2.416159e+00 -1.327422e+01 -9.434925e+00 -9.486055e-02 7.622689e-01 -1.172259e+01 3.393011e+00 -3.296301e-01 -2.215785e+00
1.429766e+01 -5.822778e+00 8.423020e+00 -8.368044e-01 -1.220914e+01 -7.695560e+00 -1.352358e+01 5.191448e-01 -1.075017e+01 -4.865260e+00 -1.381453e+00 -6.750308e+00
-1.224137e+01 3.658182e+00 -8.796389e+00 5.627074e+00 8.995785e+00 3.009305e+00 2.848125e+00 1.576514e+00 3.227989e+00 2.103745e+00 8.380379e+00 8.660935e-01
-1.416002e+01 3.432692e+00 -1.102479e+01 3.482530e+00 6.100697e+00 4.161129e+00 5.208963e+00 3.323085e-01 2.283102e+00 -2.974026e+00 -4.257969e+00 8.597401e-01
1.399644e+00 1.169563e+01 1.400307e+00 4.756427e+00 -4.331448e+00 -1.149204e+01 -6.194830e+00 -8.922737e+00 -6.366497e+00 -8.254689e+00 -4.009843e+00 -2.351856e+00
-1.211007e+01 5.930350e+00 -9.345671e+00 8.718158e+00 2.854444e+00 -2.379435e+00 3.657005e+00 4.660201e+00 6.777818e+00 -6.605089e+00 -2.393514e+00 2.406443e+00
-1.400033e+01 4.645357e+00 -8.712223e+00 4.086311e+00 -2.877242e+00 -1.142650e+00 5.007092e+00 8.179133e-01 8.374690e+00 2.444096e-01 -2.200393e+00 -2.212422e-01
-1.404238e+01 1.913348e+00 -1.083592e+01 6.483896e+00 5.337358e-01 -3.389579e+00 6.236305e+00 -2.072991e+00 4.135399e+00 -4.472342e+00 -2.976422e+00 6.006694e+00
-1.178783e+01 7.102439e+00 -9.095181e+00 6.234524e+00 2.869987e-02 1.317092e+00 1.132653e+01 -1.552319e+00 4.213943e+00 -9.534088e-01 3.213548e+00 2.440684e+00
-1.537028e+01 -1.613162e-01 -1.395881e+01 -9.463174e-02 7.644382e+00 5.367517e+00 5.317569e+00 -2.474379e+00 1.819573e+00 -4.208383e+00 -2.460364e-01 2.755708e+00
-1.347303e+01 -1.945870e-01 -8.928589e+00 6.355990e+00 -5.957050e-01 -7.413989e+00 2.260327e+00 -5.417707e+00 -1.893866e+00 -7.982899e+00 -3.336821e+00 1.079880e+01
-1.112986e+01 7.682606e+00 -9.722675e+00 3.724693e+00 3.089212e+00 4.095704e+00 6.772421e+00 -3.849678e+00 4.548263e+00 -1.490272e+00 8.284745e-01 4.191663e+00
1.039954e+01 5.908908e-01 7.506904e+00 1.040807e+00 -6.926805e+00 -1.183887e+01 -1.061737e+01 -8.950600e-01 -8.901329e+00 -4.406352e+00 -1.156832e+00 -4.306674e+00
-1.234304e+01 5.187309e+00 -1.169507e+01 4.162186e+00 2.062009e+00 -2.593117e+00 6.948834e+00 -2.175879e-02 5.792368e+00 -8.743757e-01 -1.044805e+00 -2.335238e+00
-1.201609e+01 8.585675e+00 -6.710536e+00 2.674797e+00 8.376651e-01 -1.074235e+00 5.529426e+00 -3.007673e+00 1.226522e+01 1.827895e+00 -7.266669e-01 6.372780e+00
-1.295235e+01 3.004401e+00 -9.572996e+00 9.804309e-01 6.920828e+00 4.134270e+00 3.482169e+00 3.887849e-01 2.333969e+00 -9.718526e-01 4.983744e+00 1.651126e+00
-1.250355e+01 5.830932e+00 -8.100143e+00 5.361893e+00 7.042398e-01 8.567014e-01 2.658787e+00 -3.829149e+00 9.767672e+00 -1.354793e+00 -3.443966e+00 -1.006104e+00
-1.105893e+01 -3.648016e+00 -5.521028e+00 8.871402e+00 1.818962e+00 -6.482728e+00 -3.844815e+00 -1.113261e+00 5.714064e+00 -3.537721e+00 3.438379e+00 6.752651e+00
-6.118759e+00 5.625913e+00 -7.288729e+00 3.060156e+00 3.885870e+00 5.238468e+00 5.619859e+00 -1.614337e+00 -2.075404e+00 -5.173171e+00 -2.804520e-01 -4.568300e+00
-1.129661e+01 1.629126e+00 -1.250340e+01 -6.129429e-01 9.495478e-01 3.919704e+00 3.080617e+00 6.109585e-01 3.936504e+00 -2.072006e+00 9.316490e-01 5.662294e+00
-9.233900e+00 1.284159e+00 -1.592729e+01 -2.171077e+00 1.629548e+00 4.407979e+00 4.793499e+00 8.214979e+00 6.962405e+00 2.344281e+00 -1.014559e+00 5.813885e+00
1.046962e+01 -1.122141e+00 1.514422e+01 5.091166e+00 -1.239136e+01 -1.071751e+01 -2.884421e+00 -3.816271e+00 -1.232975e+01 5.102053e+00 4.867704e+00 7.121864e+00
-6.488796e+00 5.152972e+00 -4.096137e+00 3.303276e+00 3.496841e+00 2.973552e+00 4.506072e+00 -9.212903e+00 -3.263987e+00 -2.992367e+00 2.196787e+00 -6.295054e-01
-9.369143e+00 6.674687e+00 -1.109962e+01 -1.174000e+00 6.073422e+00 5.511667e+00 6.734048e+00 1.772290e+00 4.023569e+00 4.174484e+00 1.058337e+00 3.329858e+00
-3.728113e+00 -5.570070e+00 -1.144057e+01 4.974861e+00 4.415133e+00 -4.818524e+00 -6.054889e+00 -6.923897e+00 7.603808e+00 4.284256e+00 6.362782e+00 3.432294e+00
3.848989e+00 -5.298273e+00 -1.440018e+01 1.151463e+01 8.286150e+00 6.199365e-01 -9.961539e+00 -8.908500e+00 8.242604e+00 1.508250e+00 9.154394e-01 -1.832553e+00
-6.192944e+00 -3.098475e+00 -3.521241e+00 2.137960e+00 2.009309e+00 1.784587e+00 8.898637e+00 -9.077140e+00 -6.217990e+00 -2.951674e+00 8.254090e+00 1.674133e+00
1.304028e+01 -1.181722e+00 1.365345e+01 1.062801e+01 -1.181806e+01 -1.170867e+01 -8.777371e+00 -5.793406e+00 -1.709078e+01 -2.112600e+00 6.758949e+00 2.920188e+00
-9.832012e+00 7.020763e+00 -5.023407e+00 -1.361525e+00 8.340860e+00 5.638323e+00 5.470662e+00 8.349252e-01 -1.872680e-01 2.337113e+00 -6.615098e-01 1.074412e+00
-3.645140e+00 -4.325332e+00 -2.779947e+00 1.022042e-01 -1.144238e+00 -4.154735e-01 6.365916e+00 -4.380011e+00 2.564786e+00 -3.727348e-01 4.121441e+00 -1.644402e-01
-9.105259e+00 5.325282e+00 -3.675396e+00 -2.984633e+00 4.052407e+00 9.288435e-01 3.459300e+00 5.103940e-01 -1.625060e+00 -4.073649e+00 3.656988e-01 -3.012470e+00
3.648404e+00 -4.416129e+00 1.035476e+01 -8.268014e-01 2.522380e+00 2.970420e+00 -4.584325e+00 -9.978146e+00 -1.375838e+01 -1.259740e+00 4.854848e+00 -5.415548e+00
3.218739e+00 -5.262062e+00 5.121915e+00 -4.419613e+00 -5.171843e+00 -2.217873e+00 2.811617e+00 -2.299001e+00 -1.442166e+01 1.239687e+00 8.836583e+00 3.188050e-01
4.221220e+00 -4.817997e+00 7.021598e+00 -2.667474e+00 5.391059e-01 4.150529e-01 -1.889272e+00 -4.704916e+00 -1.853305e+01 -5.724216e+00 7.883088e+00 -1.902025e-01
7.521439e-02 -5.025763e+00 -2.639215e+00 -8.630372e-01 -2.574339e+00 -3.013847e+00 6.920445e+00 7.161492e-01 7.077026e+00 1.627915e+00 1.454488e+00 -4.415052e+00
9.314898e+00 4.360286e+00 1.210161e+01 1.007501e+01 -1.075149e+01 -1.165730e+01 -4.158072e+00 -3.958262e+00 -1.435977e+01 -2.285259e+00 9.445450e+00 -1.484215e+00
5.631396e+00 -5.889975e+00 3.279110e+00 -3.990266e+00 -2.877731e-01 -4.774606e+00 -4.187109e-01 -1.952065e+00 -1.254174e+01 -1.159475e+00 8.068933e+00 -7.060829e-01
-6.235968e+00 -1.401335e+00 4.072313e+00 4.884599e-01 2.222858e+00 3.087147e+00 1.139992e+01 -1.948092e+00 -3.699545e+00 1.853211e+00 6.480659e+00 2.114409e+00
7.309299e+00 -4.746417e+00 -1.828236e+00 6.232402e+00 6.462760e+00 2.452948e+00 -2.325426e+00 -4.330587e+00 -1.183139e+01 -6.189207e+00 3.236427e+00 -1.210579e+00
3.381818e+00 -2.649221e+00 -2.876562e+00 -2.722452e+00 -3.239876e+00 -1.739686e+00 2.680999e+00 5.643130e+00 7.367599e+00 -1.278747e+00 5.635715e+00 1.466219e-01
9.215556e+00 -4.140659e+00 7.598352e-02 1.554716e+00 4.023216e+00 5.008049e-01 -1.830489e+00 -1.076549e+01 -1.589316e+01 -4.781087e+00 -5.309606e-01 -6.525092e-01
-1.761963e+00 -4.769093e+00 5.621640e+00 3.418242e-01 1.055584e-01 8.594402e+00 8.433646e+00 -3.211083e+00 -6.284697e+00 6.071045e+00 7.755634e+00 1.963936e+00
4.303200e+00 -1.207241e+00 -3.245314e+00 -4.899931e+00 7.528543e-01 3.659864e+00 4.939823e+00 6.021416e-01 6.404998e+00 -2.461494e+00 3.876424e+00 3.618517e+00
3.828517e+00 7.838013e+00 3.478313e+00 -8.585951e-01 -8.627958e-01 -3.843049e+00 -7.300504e+00 -4.413713e+00 -8.430285e+00 1.029964e+00 5.871427e-01 4.732242e+00
2.786509e+00 1.141464e+00 -2.217615e+00 -1.858856e+00 6.490908e+00 3.827974e+00 4.709234e+00 1.113586e+01 9.371577e+00 -6.896470e+00 -3.323735e+00 1.729273e+00
2.833796e+00 -8.440292e-01 -3.093081e+00 -1.908047e+00 7.172367e+00 2.718273e+00 2.181388e+00 9.498810e+00 1.113915e+01 -3.345169e+00 5.894238e+00 5.175799e+00
4.089813e+00 1.684623e-01 -3.921381e+00 -2.858803e+00 4.152250e+00 3.000513e+00 1.516786e-01 1.901867e+00 6.032209e+00 -1.825198e+00 5.318302e+00 3.935525e+00
3.682112e+00 2.249429e+00 2.909159e+00 1.116010e+00 1.176853e+01 8.680201e+00 -5.330057e-01 4.820255e+00 8.273148e+00 -5.179865e+00 -4.691804e+00 1.510576e+00
3.188525e+00 -5.345626e-01 4.393196e-01 8.838059e-01 5.978517e+00 2.662053e+00 -4.083412e-01 1.132556e+01 1.431209e+01 -2.089846e+00 -1.480223e+00 1.971346e-01
2.861463e+00 3.209952e-01 -2.369269e+00 -2.318650e+00 5.982988e+00 3.288935e+00 -8.795192e-01 8.875800e+00 8.806746e+00 -1.211922e+00 8.200860e-02 9.312042e-01
3.361720e+00 8.031822e-01 -6.075649e-01 -1.790246e+00 6.539445e+00 3.703622e+00 1.052301e-01 6.071715e+00 8.870877e+00 -1.397073e-01 -3.746168e+00 2.240933e+00
8.969879e-02 -3.465342e+00 1.293703e+00 1.789629e+00 6.228545e+00 1.050310e+01 4.801999e+00 -2.912943e+00 -2.220110e+00 6.407439e+00 3.383446e+00 2.409955e+00
2.132089e+00 -1.007086e+00 -3.637929e+00 -2.075487e+00 9.012877e+00 4.973638e+00 4.786987e+00 2.504361e+00 4.538451e+00 2.280626e+00 -3.655354e+00 -1.435425e+00
-4.348373e-02 2.561896e+00 1.460054e+00 -6.096696e-01 6.378354e+00 1.987705e+00 6.263525e-01 6.481705e-01 3.569172e+00 1.425990e+00 -2.516240e+00 -1.748267e+00
3.305302e-01 3.318100e+00 4.564061e-01 9.585661e-01 7.609172e+00 9.109917e+00 4.175483e+00 -5.902725e-01 5.426909e+00 2.337490e+00 1.177480e+00 4.010107e+00
2.148846e+00 6.545490e-01 -3.825521e-02 -3.636052e-01 8.940564e+00 1.014210e+00 7.441313e-01 4.337479e+00 5.720092e+00 -5.435507e+00 -5.774418e+00 -3.831251e-01
-5.580101e-01 1.452256e+00 1.272561e+00 -1.065124e+00 4.769757e+00 1.518244e+00 -8.000660e-02 -1.211237e+00 5.365516e+00 7.853233e+00 3.436063e+00 2.276815e+00
8.327217e-01 1.710423e+00 2.681978e+00 -1.325218e-01 5.631380e+00 4.346107e+00 7.212210e-01 1.504249e+00 3.437996e+00 3.529576e+00 1.494102e+00 1.477839e+00
9.544497e-01 1.360416e+00 9.848757e-01 2.057323e+00 1.173354e+01 2.662716e+00 -1.170588e+00 2.009081e+00 7.742736e+00 3.384717e-01 -7.760216e-01 -1.136092e-01
-1.384926e-01 2.417074e+00 -6.398487e-02 -1.343872e+00 2.527462e+00 3.422120e+00 3.715532e+00 -4.383858e-01 1.016057e+00 2.202858e+00 1.216858e+00 2.680662e-01
2.505517e+00 3.661021e-01 -1.056495e-01 7.327982e-01 7.408718e+00 2.834017e+00 8.480664e-01 5.813004e+00 4.818257e+00 7.468170e-01 -2.430606e+00 1.549040e+00
2.263031e-01 1.907756e+00 1.286899e+00 1.417581e+00 6.933456e+00 5.777308e+00 2.620374e+00 1.927945e+00 6.193935e+00 5.063105e+00 -1.472081e+00 -2.778013e-01
6.503410e-01 7.266893e-01 -6.754351e-01 -1.109065e+00 8.485644e+00 7.902707e+00 4.627359e+00 4.823072e+00 5.462061e+00 2.843660e+00 -9.919243e-01 1.276997e+00
6.760473e-01 2.109931e-01 5.211782e-01 8.582501e-01 7.772895e+00 7.642208e+00 3.018061e+00 2.961774e+00 9.630743e+00 2.647844e+00 -1.880768e+00 -1.001916e+00
6.694164e-01 5.938330e-01 2.052234e+00 2.974985e+00 7.257739e+00 2.603426e+00 -3.471619e+00 5.869087e-01 8.478282e+00 2.039272e+00 9.690144e-01 9.482272e-01
-1.892967e-01 4.364714e+00 2.946095e+00 8.721018e-01 3.493986e+00 3.792067e+00 3.155679e+00 1.146949e+00 4.164503e+00 1.835085e-01 -9.691260e-01 2.728287e+00
-2.051506e-01 3.451338e+00 2.123310e+00 2.453092e+00 1.071942e+01 6.662469e+00 -5.464935e-01 -1.155488e+00 4.494551e+00 4.414844e+00 2.783677e+00 1.786255e+00
2.376518e+00 3.736930e+00 -1.460485e+00 -3.135536e+00 9.979806e-01 -2.236204e-01 -1.879340e+00 -3.397980e+00 2.697512e+00 2.380292e+00 -1.184833e+00 -2.946115e+00
1.480243e+00 9.923962e-01 -2.112926e+00 -5.706707e-01 4.037043e+00 1.786038e+00 2.459179e+00 7.145923e+00 1.853935e+00 -8.454562e-01 -4.375113e+00 3.273417e+00
1.176259e+00 3.066831e+00 -4.021468e-01 -4.044992e+00 4.992351e+00 1.250517e+00 -2.643166e+00 -1.003778e+00 1.403348e+00 4.170793e+00 -1.188411e+00 1.072253e+00
-1.422920e-01 -2.946289e-01 2.163113e+00 3.690534e+00 9.387429e+00 5.282583e+00 -1.805015e+00 8.398520e-01 5.223499e+00 2.697277e+00 -1.208800e+00 8.275468e-01
1.230368e+00 2.237939e+00 1.106565e+00 1.146004e+00 7.367102e+00 4.313711e+00 2.532851e+00 2.440601e+00 7.304160e+00 -9.208053e-01 7.184443e-01 3.718915e+00
-2.361088e-01 3.593357e+00 1.902917e+00 5.214663e-01 4.200654e+00 3.422220e+00 -2.451801e+00 -1.650270e+00 5.400288e+00 5.466084e+00 1.307311e+00 -3.127297e+00
2.823945e+00 3.707554e+00 -1.388550e+00 -2.171940e+00 4.776545e+00 3.801827e+00 -4.570484e+00 -3.759990e+00 7.192168e-01 5.212387e-01 -1.728329e+00 -4.867638e+00
1.542768e+00 9.497524e-01 -1.520700e+00 -2.020744e+00 7.144664e+00 5.416892e+00 4.482028e+00 2.748660e+00 7.841057e+00 3.196131e+00 3.045866e+00 1.418611e+00
-5.041695e-02 3.987571e+00 1.118127e+00 9.949819e-01 4.746967e+00 4.861262e+00 -1.423219e+00 -3.579608e+00 6.334330e+00 3.857699e+00 5.202794e+00 7.306913e-01
2.730935e+00 2.522483e+00 -1.889461e+00 4.170230e-02 8.650080e+00 6.212999e+00 2.762732e+00 -9.013208e-01 5.940656e+00 7.934163e+00 2.157342e+00 -5.719661e-01
-5.918808e-01 1.683106e+00 2.767417e+00 2.392503e+00 6.963537e+00 4.456196e+00 -1.319380e+00 -2.483388e+00 5.158780e+00 6.795057e+00 6.049920e+00 4.813281e-01
2.302017e+00 2.864391e+00 7.902055e-01 -5.813785e-01 4.988863e+00 6.836488e+00 -1.887784e-01 6.401350e-01 2.396589e+00 -8.446710e-01 1.925597e-01 -2.889967e+00
2.070939e+00 2.523130e+00 -1.398506e+00 -2.300202e+00 8.666290e+00 7.702404e+00 4.968766e+00 -1.981185e+00 3.293495e+00 3.035589e+00 -2.930715e-01 1.937296e+00
1.713974e+00 3.305192e+00 2.228723e-01 -1.201521e+00 2.733196e+00 3.536668e+00 5.866602e+00 -1.554391e+00 2.177251e+00 3.434823e+00 -4.012738e+00 -2.923806e-01
9.789028e-01 1.408585e+00 7.909155e-01 1.323279e+00 6.454353e+00 3.276516e+00 3.459180e+00 -2.447134e+00 -6.727364e-01 -5.961242e-01 2.453017e+00 1.189174e+00
1.230947e+00 3.336834e+00 3.659947e+00 -3.091970e-01 6.304658e+00 1.772679e+00 -3.564019e-01 2.404448e+00 5.041040e+00 8.955795e-02 -3.076945e+00 -8.284705e-01
1.535022e+00 2.384606e+00 -1.196186e+00 -1.963873e+00 1.807073e+00 -1.373394e+00 1.747300e+00 -3.501585e-01 8.037499e+00 7.894063e+00 -1.164181e+00 1.707909e-01
1.307635e+00 9.747604e-01 -1.667448e+00 1.181992e+00 8.334964e+00 2.114231e+00 -4.635195e+00 -3.006560e+00 4.768112e+00 2.325531e+00 -1.686907e+00 -6.137090e-01
1.579970e+00 5.780303e-01 -5.492892e-01 -3.302085e+00 6.231604e+00 4.749017e+00 2.191271e+00 6.444054e-01 6.467507e+00 2.037559e+00 -3.224158e-01 6.390090e-01
