-1.372565e+01 4.411812e+00 -9.806034e+00 8.701459e+00 5.510733e+00 7.935272e+00 -9.691827e-01 6.903110e-01 -4.341873e-01 1.586174e+00 -2.985049e+00 3.734550e+00
-1.087055e+01 7.587861e+00 -8.235836e+00 1.124604e+01 5.431582e+00 4.476484e+00 -7.192690e-01 2.210247e+00 2.214451e+00 -3.183410e+00 -3.718119e+00 6.291399e-01
-1.293317e+01 4.373853e+00 -1.050538e+01 4.823615e+00 1.850958e-01 4.909684e+00 2.322875e+00 -9.749233e-01 -1.921944e+00 -1.252296e+00 -1.672953e+00 4.693465e+00
-1.256566e+01 4.511116e+00 -1.001319e+01 1.134173e+01 5.821083e+00 7.784558e+00 2.161722e-01 -2.354730e+00 -2.144516e+00 2.661608e+00 1.304858e+00 6.526025e+00
-1.255865e+01 7.058649e+00 -7.030748e+00 7.275670e+00 3.001464e+00 5.230353e+00 1.923546e+00 -1.451879e+00 1.129254e+00 5.662382e-01 -4.296267e+00 1.238929e+00
-1.220509e+01 7.463623e+00 -8.237030e+00 3.289157e+00 9.386306e-01 2.802780e+00 -1.245072e-01 -1.300980e+00 -4.264666e-01 4.593212e+00 -2.569750e+00 -7.223605e-01
1.061474e+01 -1.360184e+01 1.002827e+01 -1.250406e+01 -1.578167e+01 -1.177413e+01 -6.615582e+00 1.615477e+00 -1.607841e+01 -4.181668e+00 -9.097546e+00 -4.671717e+00
1.189804e+01 -1.248266e+01 1.297114e+01 -9.891889e+00 -1.302923e+01 -8.303762e+00 -3.178263e+00 5.630425e+00 -1.249837e+01 4.737973e-01 -4.643320e+00 -1.197585e+00
1.136325e+01 -1.357199e+01 9.289495e+00 -1.131198e+01 -1.685618e+01 -9.056719e+00 -1.048706e+01 4.173238e+00 -1.889173e+01 -1.879193e+00 -9.011567e+00 -4.721359e+00
-9.734722e+00 6.210398e+00 -7.006864e+00 1.435803e+01 8.881196e+00 4.042086e+00 3.231039e-01 -5.012483e+00 -2.031082e+00 -3.516543e-01 2.222908e-01 3.331266e+00
-1.237160e+01 1.242723e+00 -1.206043e+01 6.439087e+00 -2.963170e+00 1.471446e+00 8.261677e-01 2.214689e+00 -2.295979e+00 -1.259285e+00 1.155406e-01 -5.173889e-01
1.064480e+01 -1.327784e+01 1.110791e+01 -1.252289e+01 -1.740113e+01 -1.028943e+01 -7.079218e+00 2.342154e+00 -1.657345e+01 -2.592715e+00 -7.276900e+00 -7.682502e+00
-1.082425e+01 3.737916e+00 -1.156091e+01 1.007816e+01 4.497629e+00 2.147069e+00 2.282794e+00 1.608344e+00 1.446598e-01 1.203168e+00 -1.773022e+00 6.420631e-01
9.674513e+00 -1.033291e+01 1.445401e+01 -1.171110e+01 -1.454290e+01 -1.078349e+01 -1.524523e+00 6.365764e+00 -1.103374e+01 1.371277e+00 -4.116015e+00 -3.862223e+00
1.256865e+01 -1.192435e+01 1.016471e+01 -9.561137e+00 -1.267738e+01 -8.729199e+00 -6.092411e+00 4.429791e+00 -1.490939e+01 1.877028e-01 -6.607333e+00 -2.083067e+00
1.173921e+01 -1.140071e+01 1.316689e+01 -9.176879e+00 -1.662159e+01 -4.891950e+00 -5.213274e+00 7.725150e+00 -1.375013e+01 8.175254e-01 -3.881872e+00 -5.728238e+00
1.037089e+01 -1.175952e+01 1.476723e+01 -1.323906e+01 -1.409994e+01 -9.038730e+00 -4.164185e+00 6.454225e+00 -1.329184e+01 1.490200e+00 -5.733690e+00 -4.183769e+00
1.197217e+01 -9.957051e+00 8.015280e+00 -7.458672e+00 -1.262078e+01 -8.316160e+00 -9.197725e+00 4.944777e+00 -1.543491e+01 -1.800802e-01 -5.039003e+00 -4.146863e+00
1.160416e+01 -1.006788e+01 8.389402e+00 -8.832148e+00 -1.243573e+01 -8.412380e+00 -8.289592e+00 5.770773e+00 -1.579316e+01 5.164013e-01 -5.838549e+00 -3.223204e+00
1.134971e+01 -1.093121e+01 1.301765e+01 -1.237508e+01 -1.436327e+01 -1.047767e+01 -3.009192e+00 4.966151e+00 -1.308585e+01 -3.778068e-01 -5.601976e+00 -4.939454e+00
1.351011e+01 -9.452293e+00 7.642529e+00 -6.062076e+00 -1.303584e+01 -8.125897e+00 -1.065813e+01 5.571819e+00 -1.454772e+01 -7.404625e-02 -4.396281e+00 -3.247325e+00
-1.124036e+01 5.549014e+00 -8.292389e+00 8.244459e+00 7.523485e+00 7.213531e+00 4.018252e+00 1.134392e+00 -1.957340e+00 -8.091635e-01 -5.627494e-01 -1.239154e+00
-1.285531e+01 4.230353e+00 -9.471947e+00 6.693540e+00 5.187623e+00 7.585617e+00 3.182132e+00 1.358314e+00 -3.200239e+00 -4.273401e+00 -6.435027e-01 -2.239134e-01
9.756107e+00 -8.615024e+00 1.368033e+01 -9.751008e+00 -1.503307e+01 -9.493353e+00 5.836248e-01 5.643916e+00 -9.592787e+00 3.319093e+00 -3.599902e+00 -3.666916e+00
-1.307071e+01 1.928824e+00 -1.384292e+01 3.106756e+00 -2.134556e+00 2.944479e+00 8.619983e-01 5.478209e-02 4.073335e+00 2.317407e+00 2.347250e+00 2.194542e-01
1.362000e+01 -8.569524e+00 6.582420e+00 -7.190291e+00 -1.433173e+01 -1.015599e+01 -1.614279e+01 3.587437e+00 -1.578347e+01 -2.302764e+00 -4.625166e+00 -4.166003e+00
-5.069242e+00 8.003442e+00 -6.898065e+00 -2.965301e+00 -2.141706e+00 3.244705e-01 -3.979675e+00 -8.838449e+00 -7.329790e+00 -5.846058e-01 -8.994185e-01 -1.705949e+00
1.428618e+01 -7.619032e+00 8.128675e+00 -6.413286e+00 -1.242837e+01 -7.811520e+00 -1.567030e+01 2.413107e+00 -1.433400e+01 6.805978e-01 -5.784571e+00 -3.253630e+00
-1.170191e+01 3.751169e+00 -1.061432e+01 1.008205e+01 2.900385e+00 8.907172e+00 3.260744e+00 -3.424207e+00 5.672110e-01 -1.242049e+00 -3.147050e+00 1.479280e-01
9.417479e+00 -8.224843e+00 1.160548e+01 -1.138215e+01 -1.545993e+01 -1.090363e+01 -9.108748e-01 3.517807e+00 -1.202871e+01 2.160841e+00 -5.734927e+00 -4.398151e+00
9.690876e+00 -7.375916e+00 1.259019e+01 -1.052851e+01 -1.492551e+01 -1.101953e+01 1.918817e+00 1.772778e+00 -1.056022e+01 4.995709e+00 -4.376595e+00 -2.993103e+00
-1.257169e+01 3.818688e-01 -8.549803e+00 5.319517e+00 -2.157579e+00 3.753227e+00 8.248816e+00 -1.053799e-01 3.082094e+00 -2.186820e+00 -2.891107e+00 -1.383060e+00
1.290094e+01 -4.227771e+00 9.223265e+00 -2.828871e+00 -8.568640e+00 -1.002505e+01 -1.406823e+01 2.583868e+00 -1.188202e+01 -4.927027e-01 -3.685798e+00 -2.035713e+00
1.099011e+01 -7.244308e+00 1.354076e+01 -8.951334e+00 -1.572136e+01 -1.098776e+01 3.738120e+00 1.433750e+00 -9.250956e+00 2.785888e+00 -7.747297e-01 -2.916006e+00
-1.243326e+01 -1.259332e+00 -1.473646e+01 6.710255e+00 4.704135e+00 3.238305e+00 4.480494e+00 -3.419648e+00 6.016569e+00 -4.517154e+00 -8.326626e-02 -3.154585e+00
-1.128773e+01 1.479647e+00 -1.321618e+01 3.476388e+00 3.663378e+00 8.517481e+00 3.543412e+00 2.848643e+00 1.424441e+00 -3.823797e+00 1.330753e+00 3.525872e+00
-1.202773e+01 4.669526e+00 -1.211566e+01 4.789564e-01 8.243632e-01 1.439781e+00 3.203495e+00 -3.668757e+00 3.209712e+00 -5.358238e+00 -5.076834e-01 2.244137e+00
-1.156467e+01 5.616142e+00 -1.225574e+01 1.766584e+00 -2.413979e-01 2.415704e+00 4.013528e+00 -2.578830e+00 5.437889e+00 -3.616510e+00 -6.096754e-01 4.451767e+00
1.029622e+01 -5.665491e+00 1.349345e+01 -6.688204e+00 -1.779251e+01 -1.604954e+01 6.406466e+00 -1.132108e+00 -1.147009e+01 9.787623e+00 2.688210e+00 3.167514e+00
-1.137685e+01 4.468963e+00 -6.043658e+00 4.601005e-01 -5.473229e+00 -2.494235e-01 7.578796e-01 -2.770046e+00 5.611506e+00 -4.137964e+00 -5.580087e+00 1.220176e+00
1.076453e+01 -3.703838e+00 1.236308e+01 -5.288911e+00 -1.761364e+01 -1.032970e+01 2.686352e+00 -1.550810e-01 -1.042692e+01 4.212438e+00 -1.367636e+00 -1.194558e+00
-1.209358e+01 5.179806e+00 -1.077152e+01 2.485778e+00 3.140808e+00 1.011184e+01 8.053232e+00 1.912644e-01 9.227920e+00 7.080841e-02 -6.238548e+00 -2.920065e-01
-1.087619e+01 -3.680997e+00 -8.827974e+00 5.682438e+00 -2.019907e+00 -4.932269e+00 5.142743e+00 2.618674e+00 8.026640e+00 -2.390513e+00 -5.844376e+00 -7.564366e-02
-1.265428e+01 4.261499e+00 -1.158250e+01 1.112890e+00 6.483668e+00 8.102659e+00 6.065913e+00 3.996532e-01 2.398593e+00 -1.064156e+01 -5.476883e+00 -1.080992e+00
-1.215971e+01 3.700258e+00 -1.262612e+01 -4.172537e-02 -2.081523e-01 3.406113e+00 8.024477e+00 1.842077e+00 1.062300e+01 6.088908e-01 1.539365e+00 8.596985e-01
-1.227996e+01 3.574009e+00 -1.280436e+01 -1.288146e+00 1.553726e+00 9.404416e-01 5.857796e+00 3.623349e+00 1.055049e+01 -3.730533e+00 4.223487e+00 2.452314e+00
-1.111573e+01 8.839819e-01 -1.275554e+01 3.954081e+00 6.246748e+00 8.056190e+00 7.789140e+00 6.115678e+00 -2.410691e+00 -3.608131e+00 -9.934209e-01 2.491086e+00
7.689322e+00 3.382215e+00 4.049497e+00 2.852643e+00 -1.136767e+01 -1.097205e+01 -8.917702e+00 -5.779658e+00 -5.825951e+00 -8.317620e+00 -6.913598e+00 -2.904826e+00
-1.058155e+01 4.768748e+00 -1.084765e+01 -2.084861e+00 1.417532e+00 1.686103e+00 6.694216e+00 -4.413936e+00 5.553226e+00 -4.365602e+00 2.144976e+00 3.147508e+00
-3.847843e+00 4.057266e+00 -1.079955e+01 -8.759075e-01 4.378519e+00 1.451448e+00 1.352863e+01 -4.696320e+00 -1.625650e+00 -7.272698e+00 7.852935e-01 -3.565537e+00
-9.519676e+00 -6.826223e+00 -9.474962e+00 6.915027e+00 2.541877e+00 -8.186150e+00 1.359133e+00 1.273353e+00 8.163527e+00 -6.579473e+00 -8.830778e+00 -5.176067e-04
1.160763e+01 -2.136622e+00 1.457993e+01 -3.432414e+00 -1.597899e+01 -1.037419e+01 7.936795e+00 -4.018514e+00 -1.275743e+01 5.355889e+00 4.378485e+00 5.192714e+00
-7.435614e+00 9.432290e-01 -1.404779e+01 -3.285894e+00 -7.765365e-01 8.284876e+00 6.848168e+00 2.097463e+00 1.580129e-01 2.022582e-01 2.916390e+00 5.529355e+00
-5.057594e+00 3.530477e+00 -6.025094e+00 7.890829e-02 3.684392e+00 -1.904306e+00 1.148674e+01 -7.130932e+00 -3.189356e+00 -6.226376e+00 3.947608e+00 3.411299e+00
1.284949e+01 -3.998831e+00 1.546570e+01 -7.299345e-01 -1.802693e+01 -1.040795e+01 8.243389e+00 -7.486198e+00 -1.037096e+01 6.674880e+00 7.126537e+00 6.947871e+00
-6.425695e+00 -1.429125e+00 -4.808712e+00 3.438446e-01 6.061711e+00 -3.904212e+00 9.348356e+00 -1.767458e+00 2.129707e+00 -3.499530e+00 2.519437e+00 3.461177e-01
4.569116e+00 -5.871005e+00 -1.204484e+01 4.867982e+00 4.634966e+00 -4.019224e+00 -4.850446e+00 -9.165211e+00 7.752450e+00 8.792791e-01 -8.197075e-01 -5.644412e-01
-5.053650e+00 1.228178e+00 -8.548531e+00 -1.418790e+00 1.203255e+00 2.089815e+00 6.420120e+00 5.122079e+00 7.284697e+00 2.804840e-02 3.060787e+00 7.326527e-01
5.873324e+00 -6.680861e+00 -1.710102e+01 8.235988e+00 4.957740e+00 1.799869e+00 -9.044930e+00 -1.298112e+01 4.761113e+00 -1.689254e+00 9.422636e-02 -8.332843e+00
-2.910280e+00 1.318279e+00 -9.941114e+00 -4.317466e+00 -5.523021e+00 -6.167986e+00 -2.396982e+00 -3.444339e+00 6.855903e+00 4.549911e+00 4.448438e+00 2.289186e+00
-4.681807e+00 -8.292203e+00 6.524920e+00 1.629757e+01 1.086655e+01 -6.711181e+00 -7.699993e+00 -1.882730e+00 -5.592233e-01 -2.297231e+00 -6.187913e+00 5.431989e+00
-4.146267e+00 4.006801e+00 -5.032006e+00 1.076923e+01 6.560301e+00 5.051699e+00 5.218503e-01 -1.794769e+00 3.011273e+00 -4.319048e+00 -4.524824e+00 7.923321e+00
-1.068592e-01 -1.736725e+01 -7.354992e+00 1.111338e+00 1.301768e+01 7.388620e-01 1.850215e+00 -6.053289e+00 9.379292e+00 3.237289e+00 3.027969e+00 -2.163112e+00
-2.050673e+00 -3.155464e+00 -3.266523e+00 -3.113941e+00 4.579720e+00 -2.586660e-01 8.558199e+00 -2.545872e-01 2.847783e+00 -1.393840e+00 1.872870e+00 -2.156594e+00
2.993874e+00 9.005286e+00 2.585561e+00 1.432902e+01 -3.076992e-01 -8.755698e+00 -4.330811e+00 1.085790e+00 -4.891319e+00 -6.812253e+00 -5.780183e+00 2.696475e+00
-1.117678e+00 8.013022e-02 -8.385021e+00 -3.424081e+00 -2.991389e+00 -5.044527e+00 -9.609049e+00 -3.833063e+00 6.608418e+00 9.566750e+00 8.352030e+00 5.618215e-01
-2.495979e+00 -2.141673e+00 3.625965e+00 1.347354e+01 -1.302844e+00 -1.128670e+01 -2.961780e+00 -2.920034e+00 -4.476375e+00 2.788489e+00 4.721010e+00 7.911033e+00
9.746418e-01 -1.493077e+01 -6.103975e+00 4.385757e+00 1.494211e+01 2.285333e+00 -2.223921e-01 -5.237766e+00 9.780859e+00 6.706648e+00 3.656151e+00 -1.830155e+00
-9.403934e-01 3.623876e+00 -4.012358e+00 7.289022e+00 1.338642e+00 3.912258e+00 2.446464e+00 7.816571e-01 -3.378778e+00 -5.671338e+00 2.021667e+00 -5.640891e+00
-8.401642e-01 5.023458e+00 -6.984637e+00 3.801651e+00 -1.613434e+00 5.296339e+00 6.864321e+00 -1.946488e+00 -4.932079e+00 -5.413234e+00 2.366537e-01 -1.934815e+00
1.590756e+00 9.731899e-01 -8.882410e+00 -3.149729e+00 3.179927e-01 -1.393826e+00 1.752404e+00 -2.344344e+00 1.351413e+00 3.593432e+00 5.097059e+00 -2.585500e+00
1.980583e+00 -3.610058e+00 -1.453987e+00 -2.548710e+00 4.192764e+00 1.493514e+00 6.522840e+00 -1.355665e+00 9.446175e+00 1.566944e+00 4.328755e+00 -5.559963e+00
8.043122e+00 -3.085446e-02 7.663528e+00 4.717185e+00 -1.300813e+01 -1.446005e+01 -3.342392e+00 -2.141496e+00 -2.562323e+00 5.820696e+00 1.045502e+01 8.422370e+00
1.634581e+00 5.325951e+00 1.360379e+00 1.125248e+01 3.569327e+00 -1.116991e+00 1.793187e+00 4.376173e+00 -3.697442e+00 -5.798849e+00 -2.002782e-02 2.575927e+00
-7.451401e-01 -6.773678e+00 5.259928e+00 4.605335e+00 1.349415e+01 -2.284618e+00 -3.497617e+00 2.039645e+00 2.400807e+00 5.612000e+00 2.951834e+00 -3.500536e+00
9.276066e-01 3.681605e+00 1.301217e+00 5.653028e+00 3.609485e+00 2.131507e+00 -1.004789e+00 1.952299e+00 2.576948e+00 -2.648923e+00 2.260639e+00 9.532542e+00
1.599091e+00 2.775223e+00 4.847892e+00 9.395339e-01 5.677639e+00 2.972388e+00 -2.106078e+00 -6.748452e-01 5.112201e+00 3.325534e+00 1.887120e+00 -1.467764e+00
2.187718e+00 3.152732e+00 1.280728e+00 -4.161176e+00 3.977561e-01 5.589932e+00 -6.010854e-01 -1.221970e+00 3.301378e+00 1.695567e+00 -2.364442e+00 -5.079734e+00
2.511641e+00 3.214493e+00 -1.237106e-01 -6.072638e+00 -2.298669e+00 1.137269e+00 -1.894774e+00 -3.149930e+00 1.095130e+00 -7.411055e-01 -5.876822e+00 -3.612033e+00
1.793615e+00 2.675122e+00 1.740041e+00 -1.528860e+00 2.487356e+00 8.871298e-01 -2.434997e+00 -9.252438e-01 5.861304e-01 1.883675e+00 -3.397450e-01 -3.532366e+00
1.167965e+00 2.713413e+00 8.008323e-01 -3.428102e+00 2.063146e+00 6.999900e+00 6.789706e-01 1.898010e+00 4.300631e-01 1.020025e+00 6.814515e-01 -6.119872e+00
6.171761e-01 1.606130e+00 -2.109098e-01 -2.870686e+00 3.889642e-01 1.195265e+00 -7.166689e+00 -3.151999e+00 -5.277019e+00 -4.401890e+00 -1.691609e+00 -3.364257e+00
9.895992e-01 2.139145e+00 9.549820e-01 -1.080413e+00 1.929374e-01 2.346078e+00 -2.342941e+00 -3.769409e+00 2.266603e+00 -1.401187e+00 -1.647204e+00 -4.717059e+00
9.756432e-01 2.053674e+00 1.362049e+00 5.415262e-01 4.184137e+00 1.012635e+00 -1.099378e+00 -4.511681e-01 1.160363e-01 -3.199837e+00 2.575287e+00 1.701363e+00
1.061636e+00 3.063793e+00 1.928897e+00 -2.899006e+00 5.771736e+00 1.822953e+00 -3.081143e+00 1.181014e-01 2.193252e-01 -7.502229e-01 -1.568053e+00 2.879559e+00
9.946728e-01 3.599851e+00 3.013272e+00 -2.431705e+00 5.802657e+00 3.527808e+00 -2.065670e+00 5.508375e-01 5.853101e+00 4.710623e+00 1.067411e+00 1.369243e+00
8.270264e-01 2.913150e+00 5.229930e+00 2.891609e-01 6.110765e+00 2.470740e+00 -2.784683e+00 -1.447192e+00 4.171325e+00 1.053919e+00 1.013275e-01 -2.807199e-01
3.825359e-01 2.902488e+00 4.902707e+00 7.044091e-01 6.413335e+00 5.276566e+00 -9.276056e-01 1.445891e+00 6.326814e+00 2.481600e+00 3.811625e+00 2.414755e+00
1.313352e+00 3.444256e+00 3.345302e+00 1.005543e+00 7.282776e+00 5.144357e+00 -1.750771e+00 2.772218e+00 2.954624e+00 -8.902240e-02 9.300095e+00 1.519647e+00
1.254927e+00 3.921549e+00 2.001688e+00 -5.902164e-01 4.272298e+00 4.012480e-01 -2.188951e+00 -1.363038e-01 2.430807e+00 2.143256e+00 4.929683e+00 -3.298632e-01
1.478585e+00 6.179438e+00 4.493094e+00 1.623178e+00 4.500934e+00 5.187565e+00 1.463513e+00 2.405770e+00 6.973919e+00 3.516955e+00 2.716402e+00 8.043361e-02
1.215513e+00 2.329064e+00 1.989640e+00 1.700429e+00 5.973403e+00 4.932688e+00 5.372951e-01 -1.505290e+00 8.247932e+00 5.201969e+00 3.469258e+00 7.162132e+00
1.576591e+00 4.596820e+00 3.302933e+00 2.555182e+00 2.576035e+00 6.392498e-01 -2.326419e+00 1.853438e+00 9.029134e+00 2.465863e+00 1.896074e+00 -1.257782e+00
1.638838e+00 4.261251e+00 5.850982e+00 -8.887081e-01 3.086305e+00 4.569523e+00 5.759738e+00 4.728602e+00 2.614393e+00 -4.718949e-01 6.039957e+00 5.556418e+00
7.010975e-01 -4.976809e+00 3.198510e+00 4.407903e+00 6.542265e+00 4.540389e+00 -1.347430e-01 -5.360114e-01 5.098197e+00 6.360360e+00 3.763008e+00 -7.961922e-01
5.016289e-01 -1.295913e+00 5.277005e+00 4.449284e+00 6.472717e+00 1.987785e+00 -6.665778e-02 2.603801e+00 8.488096e+00 1.083095e+01 6.417410e+00 -3.065637e+00
2.120323e-01 2.939787e+00 6.058340e+00 -3.801751e+00 1.183367e+00 2.393782e+00 3.166207e+00 5.105015e+00 4.013026e+00 4.228318e-02 4.166229e+00 3.992129e+00
1.788492e+00 1.153860e+00 -6.363082e-01 -3.237410e+00 3.540379e+00 3.817887e+00 2.433920e+00 4.040406e+00 7.892003e+00 4.240233e+00 5.730293e-01 1.710382e+00
1.643662e+00 3.304218e+00 -7.396135e-01 -7.511831e+00 -3.279785e+00 -1.729963e+00 2.271326e+00 4.539088e+00 8.179015e+00 6.400378e+00 2.471829e+00 -2.768691e+00
1.281330e+00 -3.758186e+00 4.273773e+00 9.026565e+00 7.320891e+00 -4.266905e+00 -3.706468e+00 1.138755e+00 5.444561e+00 -1.907895e+00 1.192411e+00 4.038904e+00
1.161127e+00 2.942395e+00 3.621481e+00 4.184431e-01 5.065473e+00 4.209534e+00 -3.196402e+00 1.637041e+00 6.673016e+00 2.061294e-01 2.229055e+00 -1.054465e+00
4.598171e+00 -1.231348e+00 -3.800173e-01 9.812258e-01 4.659389e+00 2.199151e+00 -8.309197e-01 -3.142604e+00 5.813098e+00 -1.641374e-01 -2.353836e+00 -8.484159e+00
4.628401e+00 2.374642e+00 5.710397e-01 -2.274271e+00 6.939321e+00 7.003207e+00 1.937339e+00 2.190365e+00 7.575274e+00 -5.681580e+00 2.016661e-01 -4.762345e+00
3.802343e+00 3.071968e+00 -8.754430e-01 -4.556774e+00 2.407551e+00 4.152829e+00 1.186540e+00 2.153044e+00 4.301164e+00 -4.266827e-01 5.804124e+00 2.124597e-01
3.161406e+00 2.803284e+00 2.037383e+00 1.932135e+00 6.481967e+00 2.362836e+00 -1.655899e+00 -7.093455e-01 1.867460e+00 -1.457321e+00 1.446685e+00 5.676301e-01
4.264344e+00 3.911162e+00 2.551233e+00 4.011218e-01 8.283381e+00 7.794201e+00 3.580666e+00 1.718424e-01 3.067484e+00 -6.142018e+00 -3.218230e+00 -1.878600e+00
2.861898e+00 3.979692e+00 3.488407e+00 4.634160e-01 5.658056e+00 2.410968e+00 2.172396e+00 3.512548e+00 5.359452e+00 -2.365436e+00 1.365465e+00 2.091272e+00
2.351734e+00 4.512112e+00 5.639062e-01 -1.978469e+00 6.563106e+00 6.187095e+00 5.018725e-01 8.861909e-01 5.415239e+00 3.977125e+00 1.255897e+00 2.833462e+00
1.464768e+00 3.390769e+00 9.530141e-01 -5.601822e-01 6.253869e+00 5.029094e+00 -8.008540e-01 -8.439168e-01 9.007821e-01 -1.963711e-02 3.169163e+00 1.490591e+00
2.581530e+00 4.537333e+00 4.562010e+00 1.510667e+00 6.723184e+00 7.233114e+00 -7.211356e-01 1.015306e+00 4.931645e+00 1.953144e+00 2.423779e+00 -3.728030e-01
7.626133e-01 2.214133e+00 2.900536e+00 -5.266098e-01 5.739317e+00 6.474557e+00 -9.753633e-02 -1.670533e-01 4.620536e+00 -1.550572e+00 1.855938e+00 5.111360e+00
-6.516457e-01 1.530507e+00 3.352952e+00 -2.177035e+00 3.067320e+00 1.893246e+00 -1.984877e+00 -9.820485e-02 2.845847e+00 9.399712e-01 3.839889e+00 3.344687e+00
-1.689472e-01 2.026069e+00 2.684638e+00 -1.031984e+00 3.921374e+00 -1.610325e+00 -2.929228e+00 -1.095616e+00 1.423279e+00 -8.433101e-01 -4.635902e-01 2.449729e+00
6.939564e-01 3.485194e+00 9.279888e-01 -5.263474e+00 6.125944e+00 5.284667e+00 -3.249285e+00 -3.918645e+00 3.559807e+00 1.971909e+00 -1.385690e+00 -1.119972e+00
1.133003e+00 2.872746e+00 3.328801e+00 -2.105259e+00 2.035169e+00 5.715971e-01 3.145564e+00 -7.955449e-01 4.357661e+00 7.198958e-01 5.561885e+00 3.921745e-01
1.004951e+00 2.168371e+00 3.284351e+00 -2.269289e+00 4.324493e+00 8.050036e-01 -6.994841e-01 -3.733409e+00 2.782768e+00 3.768857e-01 3.459943e+00 -4.884933e-01
7.254086e-01 3.469282e+00 2.533671e+00 -1.505922e+00 5.252632e+00 3.090549e+00 -2.510557e+00 -2.548405e+00 6.065543e+00 3.296339e+00 2.249628e+00 2.038839e+00
1.161133e+00 4.725435e+00 2.117781e+00 -9.390513e-01 9.890437e-01 3.782635e+00 1.910960e+00 -5.307182e+00 3.803873e+00 2.271307e+00 -1.771120e+00 1.630739e+00
1.807032e+00 4.527036e+00 2.119907e+00 -3.324172e-01 2.253864e+00 3.503075e+00 1.354716e+00 -3.640140e+00 1.349233e+00 7.470510e-01 2.236851e+00 3.275415e+00
1.158258e+00 3.410499e+00 2.093702e+00 -1.161652e+00 5.118122e+00 7.235893e+00 2.503169e+00 -1.558099e+00 3.656252e+00 9.839869e-01 1.790296e+00 5.268721e+00
-8.311844e-02 2.404871e+00 2.375480e+00 5.082439e-01 5.264836e+00 9.144645e-01 -9.348843e-01 6.417068e-01 -5.824202e-01 1.253057e+00 7.303678e+00 4.689393e+00
-4.529037e-01 3.954525e+00 5.202516e+00 2.328084e+00 6.110042e+00 4.733495e+00 1.620371e+00 1.103678e+00 5.053231e+00 2.057254e+00 3.719316e+00 1.074128e+00
9.228039e-01 3.144751e+00 4.926760e+00 4.801748e+00 4.992517e+00 4.138766e+00 1.616537e+00 -4.961526e-01 2.902088e+00 -9.255475e-01 -6.910325e-01 -1.248001e+00
1.892660e+00 1.492043e+00 3.484409e+00 1.152314e+00 4.661493e+00 5.124056e+00 1.723590e+00 3.191288e-01 3.040185e+00 7.551775e-01 4.207208e+00 -2.585733e+00
6.030960e-01 1.899167e+00 1.217373e+00 -1.353576e+00 2.442596e+00 3.062705e+00 1.464851e+00 1.692332e+00 8.948332e+00 -3.917155e+00 1.342351e+00 3.605935e+00
9.907055e-01 3.000496e+00 1.948168e+00 -4.687482e+00 1.497837e+00 3.495622e+00 1.830466e+00 -6.045820e-01 3.663028e+00 -4.436893e+00 7.178462e-01 -2.484714e+00
2.692394e-01 1.440149e+00 2.603775e+00 -2.740207e-01 2.217043e+00 -5.110407e-01 -2.504125e+00 -1.640713e+00 8.769753e-01 3.751493e-01 7.188458e-01 -4.116364e-01
