4.301559e+00 2.197889e+00 3.230348e+00 -2.363966e-01 -2.461142e+00 -3.957359e+00 -2.309008e+00 -4.330307e+00 -1.182673e+00 -2.510684e+00 1.064031e+00 -6.458211e-01
3.314168e+00 1.801506e+00 1.136157e+00 -1.806784e+00 -2.034719e+00 -3.269948e+00 -1.344638e-02 -4.433211e+00 -1.147379e+00 -1.600724e+00 -7.657132e-01 -1.592497e+00
4.212187e+00 1.963881e+00 2.952897e+00 1.283376e+00 -8.047365e-01 -1.888716e+00 -2.121112e+00 -2.295338e+00 1.291431e+00 -1.820519e+00 7.213982e-01 -6.094011e-01
1.718942e+00 6.745060e-01 -1.252979e+00 -2.537076e+00 -2.674405e+00 -2.353118e+00 2.203796e+00 -1.981888e+00 4.629429e-01 1.572504e+00 -1.036173e+00 -5.582674e-01
2.608992e+00 2.007058e+00 7.370669e-01 9.022733e-01 -6.993428e-01 -1.784269e+00 -9.213833e-01 -1.306184e+00 1.617570e+00 -1.297276e+00 4.715495e-01 -5.823703e-01
1.181942e+00 6.860749e-01 -1.709686e+00 -1.259620e+00 -3.385257e+00 -2.383429e+00 1.827189e+00 3.190409e-01 1.724256e+00 2.428737e+00 -2.175901e+00 -1.444874e-02
9.430822e-01 -3.932532e-01 -6.586457e-01 -1.317584e+00 -3.812788e+00 -2.017933e-01 4.649345e-01 1.440875e+00 2.741589e+00 2.999424e+00 -2.452793e+00 1.864363e-01
-2.010364e-02 -1.776464e+00 -1.164465e+00 -2.445683e+00 -2.858779e+00 2.821219e+00 2.702639e+00 2.279294e+00 3.228115e-01 1.638814e+00 -2.576573e+00 8.892504e-01
4.960996e-01 -1.209183e+00 -1.249238e-01 -1.893612e+00 -4.337902e+00 1.726397e+00 1.377610e+00 2.065655e+00 1.711799e+00 2.215400e+00 -1.508862e+00 2.570135e-01
-4.438175e-01 -1.939472e+00 -1.588047e+00 -1.771300e+00 -1.823803e+00 2.934243e+00 4.143916e+00 2.572643e+00 -2.158366e+00 1.071533e+00 -2.917592e+00 5.529931e-01
-9.767414e-01 5.465557e-01 6.271145e-01 -1.009605e+00 -3.698375e+00 -1.063901e+00 4.087537e+00 3.941655e-01 2.072125e+00 6.064399e-01 2.647905e+00 4.470817e-01
-4.508989e-01 -2.651872e+00 -1.676635e+00 -1.041153e+00 -4.553881e-01 3.203802e+00 3.281752e+00 2.826450e+00 -3.611882e+00 -2.014658e-01 -2.788691e+00 2.587798e-01
-5.240288e-01 -2.510981e+00 -1.700184e+00 -1.187908e+00 1.514611e+00 3.650352e+00 1.709045e+00 1.700708e+00 -3.223693e+00 -9.851991e-01 -1.920410e+00 8.170857e-02
-1.300667e+00 -1.249659e+00 4.056090e-01 7.076867e-01 -2.034986e+00 -1.135745e+00 3.386561e+00 1.328585e+00 2.413201e+00 8.880078e-01 1.201442e+00 1.069850e+00
-1.242053e+00 -1.939433e+00 9.686332e-01 1.186192e+00 -9.179161e-01 -1.163512e+00 1.942937e+00 5.476674e-01 1.139182e+00 -5.405576e-02 9.248658e-02 1.780141e+00
3.348774e-01 -8.119750e-02 -1.770414e+00 -6.794301e-01 -7.223384e-02 -5.632719e-01 2.812276e-01 -1.769220e-01 1.742460e+00 1.248110e+00 1.867718e+00 2.267519e-01
-3.723859e-01 -2.273236e+00 -1.329808e+00 -3.993839e-01 2.398704e+00 2.742011e+00 8.647313e-01 1.012877e+00 -3.684740e+00 -1.097814e+00 -6.442757e-01 -3.119456e-02
-9.958286e-01 -2.052246e+00 -6.862410e-01 -6.642197e-01 3.708022e+00 1.073689e+00 2.545858e-01 -8.670380e-02 -2.542499e+00 -5.374586e-01 -4.714066e-01 5.011388e-01
8.872976e-01 6.397805e-02 -6.305312e-01 -1.424590e+00 -1.401556e-02 2.569550e-01 -6.507168e-02 1.357781e-01 -4.441406e-01 -2.079979e+00 -7.006027e-01 1.870883e-01
-5.686568e-01 -2.298703e-01 -1.046771e+00 -7.216436e-01 -1.053878e+00 -6.123228e-02 9.366442e-01 -4.109585e-01 2.911213e-01 4.572247e-01 1.039546e+00 -1.231069e+00
-1.591740e+00 3.272246e-01 1.712675e+00 1.938888e+00 -1.459641e-01 -8.700830e-01 3.240579e-01 -3.916987e-01 -4.763339e-01 1.562867e+00 4.822647e-01 1.472655e+00
-1.504549e+00 3.362652e-01 1.430183e+00 9.447798e-01 -9.384667e-01 -1.959067e+00 -5.595219e-01 1.625172e-01 1.611719e-01 1.143042e+00 7.854429e-01 1.878230e+00
-8.150132e-01 4.995329e-01 1.369704e+00 1.095093e+00 4.929771e-01 -7.476794e-01 -5.341654e-01 8.304299e-01 -1.418282e-01 -4.658123e-01 3.086026e-01 3.429559e-01
-7.683641e-01 -5.538929e-01 -3.934903e-01 -2.185627e-01 -2.406134e-01 3.038045e-01 6.918901e-01 6.452798e-01 4.575790e-01 -9.918027e-01 -2.202660e-01 2.948244e-02
-6.733740e-01 -7.828302e-01 -1.443518e+00 -8.482548e-01 -9.625856e-01 -1.640207e-01 -3.254113e-02 -4.219286e-01 7.622002e-01 -9.593828e-01 2.142204e-01 -4.891626e-01
-7.639285e-01 -6.321664e-01 -1.036488e+00 -4.238001e-01 3.107990e-01 8.208440e-01 -1.240087e+00 -1.436484e+00 2.048021e-01 -7.035788e-01 -3.337297e-01 -1.239622e+00
-9.001828e-01 -7.617237e-01 -3.926005e-02 -8.053827e-01 2.981654e-01 -2.223505e-01 -1.451325e+00 -1.094809e+00 2.862318e-01 -1.311612e-01 2.097635e-01 5.936729e-01
-5.024287e-01 -5.296586e-01 9.052655e-01 7.816672e-03 -3.036931e-01 -1.622221e+00 -1.466103e+00 -5.668255e-01 -8.670108e-01 5.879714e-01 1.162888e+00 7.220350e-01
3.008709e-02 -3.051258e-01 7.724315e-01 9.805058e-01 -6.719506e-01 -2.632011e+00 -1.209336e-01 -2.133595e-01 -9.607285e-01 6.716776e-01 9.077095e-01 1.286814e+00
1.148885e-01 -8.199012e-03 -3.744944e-01 2.779634e-01 -7.222657e-01 -2.104549e+00 3.614137e-02 -1.359823e+00 2.190963e-01 1.203227e+00 1.996222e+00 1.229746e+00
-2.470037e-01 -4.583350e-01 -1.174923e+00 -2.461241e-01 -5.863432e-01 -8.084993e-01 -1.134613e+00 -2.039167e+00 -8.866306e-02 -3.486208e-01 1.123109e+00 -4.256018e-01
-3.452163e-01 -8.093788e-02 -2.706793e-01 -6.826853e-01 -2.555299e-03 1.970048e-02 -9.624928e-01 -6.007785e-01 -2.207329e-01 -8.653461e-01 4.380361e-01 1.731047e-01
-5.545828e-01 -1.583605e-01 1.526710e-01 -1.353414e+00 -1.007992e+00 6.763726e-02 -3.542252e-01 9.861067e-01 -7.064058e-01 -3.452265e-01 6.955099e-02 -4.741757e-01
-9.470234e-02 3.039633e-01 4.666363e-01 -3.611703e-01 -9.539894e-01 1.490977e-01 9.324608e-01 2.078259e+00 -8.462765e-01 -2.620920e-01 -6.103752e-01 -1.100972e-01
-3.292456e-01 -1.179075e+00 -5.522884e-01 3.034933e-01 7.705653e-02 6.662303e-01 3.738915e-01 1.363203e+00 1.220181e+00 -2.715911e-01 1.410387e-01 8.318963e-01
-7.385273e-01 -6.912438e-01 -3.720000e-01 3.947165e-01 -1.140184e+00 -7.410839e-01 1.177111e+00 7.216688e-01 -1.397900e-01 -3.753688e-01 8.041494e-01 -8.530650e-02
-1.374563e+00 3.094682e-01 1.894779e+00 1.232132e+00 -1.141579e+00 -9.591283e-01 1.228477e-01 -4.370784e-01 -1.732643e+00 2.688911e-01 1.056401e+00 2.661073e+00
-1.163589e+00 -2.906899e+00 -3.111984e+00 -1.572247e+00 1.806593e+00 2.212659e+00 6.913872e-02 2.718485e+00 1.909071e+00 2.545487e+00 -2.011776e+00 1.027465e-03
-1.359035e+00 -7.589920e-01 1.543082e+00 -2.570766e+00 -8.451691e-01 2.063715e-02 -1.218690e+00 -2.402084e+00 -1.370689e+00 5.481367e-01 -1.136781e+00 -1.297713e-01
-1.195693e-01 1.805824e+00 -3.417235e-01 -6.148416e-01 1.139338e+00 -7.474180e-01 2.111018e-01 -1.100262e+00 1.864798e+00 9.236714e-01 -4.378036e-01 9.972405e-02
-1.022944e+00 -2.203010e+00 -1.851304e-01 2.980068e-01 4.421651e+00 -4.985330e-01 -8.746584e-01 -7.400250e-01 -1.754243e+00 7.086619e-01 2.135727e-01 4.702744e-01
-5.806009e-01 1.923083e+00 -2.069794e-01 -1.415956e+00 5.372303e-01 3.223978e-01 -1.768661e-01 -5.794831e-01 2.287956e+00 5.096288e-01 8.005152e-02 -8.952403e-03
1.270652e+00 3.328699e+00 1.509934e+00 9.905840e-01 3.145727e+00 1.026717e+00 -3.706577e+00 -1.497822e+00 -1.716774e+00 4.665351e-01 5.016737e-01 -1.835776e-01
-1.285162e+00 -7.085084e-01 -1.115256e-01 -1.365266e+00 1.009511e+00 2.921595e+00 -2.426885e+00 -1.009042e+00 3.891183e-01 -7.326874e-01 -1.253606e+00 -1.832801e-01
-1.256962e+00 4.593993e-01 1.355893e+00 3.960326e-01 -1.008515e+00 2.822103e-01 1.944680e+00 1.112809e+00 -4.436174e-01 -1.167420e-01 1.792509e+00 3.364342e+00
1.500004e+00 2.729304e+00 3.734651e-01 -2.503225e-01 2.489320e+00 9.579521e-01 -2.911356e+00 -8.438633e-01 -1.186473e+00 -3.087007e-01 -1.951941e-01 2.202882e-01
-1.408676e+00 -3.612302e+00 -4.240454e+00 -1.865325e+00 3.680176e+00 1.627426e+00 3.232296e+00 6.138174e+00 7.301737e-01 6.044257e+00 -2.001867e+00 1.532651e-01
-4.346985e-01 -5.695721e-01 1.492918e-01 -2.866514e+00 -1.762639e+00 -1.174582e+00 -1.644354e-02 -2.691834e+00 -1.987576e+00 3.526989e+00 -5.028952e-01 -8.834707e-01
-9.410928e-01 1.453165e-01 2.747985e+00 3.868269e+00 2.989279e+00 3.046454e-01 -1.518235e+00 1.325651e+00 5.162102e-01 1.593798e+00 -3.726762e-01 1.330414e+00
-1.085059e+00 5.645639e-01 7.571880e-01 -1.571670e-01 -6.458825e-01 -7.201068e-01 9.025937e-01 2.802304e+00 5.966219e-01 -2.030994e+00 -3.921989e-01 1.346918e+00
-1.023588e+00 -2.088422e+00 6.684439e-01 9.690199e-01 3.650073e+00 -8.838615e-01 -2.088339e+00 -2.070353e+00 -3.297132e-01 1.532174e+00 1.205923e+00 -8.655128e-02
-1.687507e+00 -3.790696e+00 -3.269994e+00 -2.341494e+00 4.168402e+00 1.016541e+00 3.900976e+00 5.289783e+00 3.185389e-01 7.345968e+00 -1.408202e+00 -1.436442e+00
-1.960865e+00 -2.047220e+00 -1.207205e+00 -4.267932e+00 4.091690e+00 1.125442e+00 2.701945e+00 3.169120e+00 2.858678e-01 3.586380e+00 -5.528958e-01 -1.150078e+00
-1.494790e-01 2.005159e+00 1.316979e+00 5.050954e-01 -2.053601e+00 -1.034338e+00 3.245467e+00 1.193005e+00 -4.257280e-01 -4.086544e-01 3.493967e-01 -7.346900e-01
-2.131646e-01 1.196897e+00 -6.108080e-01 9.772613e-02 -5.659075e-02 1.870190e+00 1.071920e+00 1.913352e-01 6.667941e-01 -9.366151e-01 -1.223303e+00 -2.250311e+00
-4.263149e-01 1.230574e+00 -8.143361e-01 -9.553150e-01 1.888364e-01 4.073164e-01 6.015499e-01 1.091749e+00 5.653678e-01 -5.894987e-01 -6.879892e-01 -7.658550e-01
-1.095597e+00 4.749871e-01 2.285886e-02 -1.117951e-01 -3.955009e-01 -2.632791e-01 1.886066e-02 2.292945e+00 2.694463e+00 -1.450412e+00 -7.555166e-01 3.454574e-01
-3.747615e-01 1.255991e+00 1.831673e+00 6.947805e-01 -1.912954e-01 1.226760e+00 -2.645257e+00 -8.954486e-01 2.901912e+00 -1.695581e+00 1.560583e+00 -7.564265e-01
-6.767296e-01 8.392537e-01 5.451288e-02 1.061540e+00 9.007187e-01 1.371605e+00 7.301105e-01 9.496787e-01 1.950568e+00 -1.472253e+00 -1.239505e+00 -1.222979e+00
-1.312680e+00 -1.414773e+00 1.270743e+00 1.128487e+00 2.688438e+00 -4.297768e-01 -3.309727e+00 -2.735323e+00 8.865511e-01 1.718838e+00 1.710935e+00 -3.960467e-01
8.419574e-01 7.558864e-01 -7.404051e-01 4.607521e-01 1.983604e+00 1.089495e+00 -3.619472e-01 -1.647587e-02 1.381217e+00 -1.529839e+00 -1.909876e+00 -1.230102e+00
5.551457e-01 -2.304182e-01 -1.595213e+00 -1.453051e+00 -1.563096e-01 2.160306e-01 5.930836e-01 -2.284230e+00 1.029831e-01 -1.563024e+00 -1.110710e-01 9.987488e-02
4.601965e-02 1.744316e+00 1.407260e-01 -7.529410e-01 -1.379093e+00 6.788638e-01 8.714885e-01 1.573942e+00 -1.570229e+00 -1.900837e+00 -6.906613e-01 -1.563685e+00
-4.104924e-02 1.671500e+00 5.287554e-01 -2.472369e-01 -1.722782e+00 4.391279e-01 2.632133e+00 2.359269e+00 -1.618054e+00 -9.499367e-01 6.868528e-01 -1.379713e+00
-1.006000e+00 -7.429103e-01 1.011485e+00 2.482267e+00 1.004214e+00 -3.607542e-01 -4.032156e+00 -1.792684e+00 1.247479e+00 1.877846e+00 7.285423e-01 -6.089892e-01
-1.401477e-01 -3.552459e-01 -7.718704e-01 -2.909210e+00 -2.147927e+00 -1.422157e+00 3.393523e-01 -4.466971e+00 -3.081354e+00 1.688919e+00 -5.095994e-01 7.531350e-01
-1.095855e+00 -7.450972e-02 9.662614e-01 3.208293e+00 2.836003e-02 -6.564719e-01 -4.163149e+00 -1.061942e+00 2.841114e+00 5.036095e-01 3.067710e-01 -1.056660e+00
3.833503e-01 2.103106e+00 -3.670251e-01 -9.890895e-02 -5.523125e-01 1.222035e+00 7.952542e-01 -2.097095e-01 1.312319e+00 1.129361e+00 1.461519e+00 -4.463181e-01
5.347437e-01 -6.440027e-01 -2.103416e+00 -2.952047e+00 -2.776332e+00 -1.835568e+00 7.470705e-01 -4.008351e+00 -1.969659e+00 -3.421146e-01 -6.459042e-01 7.121035e-01
-1.245833e+00 4.411123e-01 1.050829e-01 -2.303670e+00 3.103037e+00 2.133907e+00 -1.117100e+00 5.300304e-01 1.377753e+00 2.230494e-01 -2.374894e-01 -1.551985e+00
-4.152115e-01 2.529728e-01 9.945952e-01 3.806658e+00 -1.072650e+00 -8.520214e-01 -3.832049e+00 -5.275562e-01 3.377717e+00 -1.487903e+00 7.336954e-01 -2.277947e-01
5.196753e-01 1.482398e+00 -9.626158e-01 1.461037e+00 2.667013e+00 1.520846e+00 1.157814e+00 2.129051e+00 1.497103e+00 -2.703126e-01 -7.515122e-01 -1.488022e+00
7.846991e-01 2.109612e+00 2.846641e+00 3.935842e+00 -3.027807e-01 -8.946363e-01 -1.310046e+00 1.195258e+00 -1.049890e+00 -4.129687e+00 2.769332e+00 1.686051e-01
3.743991e-01 2.868382e+00 3.711064e+00 4.209744e+00 4.792838e+00 1.159108e+00 -2.865704e+00 4.801801e-01 -1.101080e+00 4.695375e-01 -1.330263e+00 5.235868e-02
1.789503e-01 1.852363e+00 -5.914262e-01 -1.981850e-01 -1.713913e+00 -6.405377e-01 1.092329e+00 2.500807e-01 7.544721e-01 9.382133e-01 2.425091e+00 9.874981e-01
4.025211e-02 2.122543e+00 -3.830032e-02 1.869253e+00 2.152935e+00 1.119560e+00 4.260313e-01 3.501714e-01 7.485259e-01 -4.758412e-01 2.935855e-01 4.722556e-01
-5.460365e-02 1.857511e+00 -6.710275e-01 5.005813e-02 -8.104466e-01 -7.773674e-02 6.227083e-01 -6.259193e-02 8.538892e-01 5.413870e-01 1.715219e+00 1.268124e+00
1.362167e+00 2.398193e+00 3.329543e+00 6.260847e+00 -6.135901e-01 -2.494916e+00 -9.500219e-01 1.019439e+00 -2.860114e+00 -5.696513e+00 4.295092e+00 8.098718e-01
7.535257e-01 1.387606e+00 1.310035e+00 4.450686e+00 7.082491e-02 -1.923233e+00 -2.572284e+00 4.793339e-02 -1.466283e-01 -4.403184e+00 2.555283e+00 4.781553e-01
1.430856e+00 2.516477e+00 3.135275e+00 5.465599e+00 -2.905049e-01 -2.456794e+00 -1.544406e+00 6.790932e-01 -2.004497e+00 -6.670483e+00 4.437596e+00 8.852890e-01
