-9.241344e-01 6.899042e-01 -3.685249e+00 -8.457572e-01 -3.713432e-01 -1.194149e+00 -4.141426e-02 2.282755e+00 -7.967284e-01 3.201911e-01 8.300249e-01 -1.440565e+00
-4.522126e+00 -4.022330e-01 3.008409e+00 -1.940259e+00 2.102775e-02 2.682075e-01 -9.387463e-01 -4.818163e+00 2.012193e+00 -2.505612e+00 -2.882784e-01 1.015218e+00
-1.372782e+00 -3.772715e+00 -4.327470e+00 -1.559097e+00 1.125205e+00 1.577510e+00 3.768148e-01 2.945564e+00 4.704275e-01 -1.466795e+00 -2.124104e+00 -2.618150e+00
-2.698102e+00 2.047093e+00 1.638116e+00 1.081933e+00 1.302958e+00 -2.349789e-01 1.849190e+00 -2.036123e+00 7.503522e-01 -1.634192e+00 -2.902229e-01 1.146509e-01
-2.467867e+00 1.575648e+00 -5.374055e-01 9.059339e-01 1.026456e-02 -7.285367e-01 -2.140483e+00 3.755188e-01 -7.766198e-01 1.274223e+00 2.646639e+00 1.410338e-01
-2.713327e+00 -1.902467e+00 3.184652e+00 -1.492386e+00 -7.640451e-01 8.094097e-01 -1.610389e+00 -5.297088e+00 1.428280e+00 -1.785384e+00 -2.127264e+00 8.148077e-01
-3.624730e+00 -4.904635e+00 -1.131948e+00 -2.885879e+00 1.410338e+00 2.717910e+00 1.765551e-01 1.979916e+00 1.833080e+00 -4.991228e-01 -4.477106e-01 -2.066743e+00
-4.334477e+00 1.112975e+00 3.367270e+00 2.100782e+00 2.054681e+00 2.864382e+00 -1.392149e+00 -1.457333e+00 6.353312e-01 6.275638e-01 2.055221e+00 -2.372203e-01
-1.071738e+00 2.049046e+00 1.121008e+00 7.948395e-01 1.767192e-01 -9.258204e-01 2.570433e+00 3.708582e-02 -2.327868e+00 -1.067873e+00 -3.822518e-01 -4.159640e-01
-1.673247e+00 -2.278428e+00 2.712594e+00 -2.227213e+00 -1.795852e+00 1.254213e+00 -1.507089e-01 -2.118040e+00 1.999716e+00 -2.421659e+00 -3.075283e+00 -6.683755e-01
-3.764423e+00 1.149017e+00 3.891666e+00 1.657934e+00 1.228942e+00 3.345130e+00 2.663527e+00 -6.034680e-02 8.303143e-01 -2.590703e-01 2.147856e-01 2.921722e-01
-5.852400e-01 4.007439e-01 -2.354724e+00 7.698345e-03 1.470414e-01 -2.254917e-01 -1.084851e+00 4.128306e-01 7.024293e-02 -1.163989e+00 2.196259e+00 -6.809415e-01
-1.331160e-01 6.450074e-01 -1.428986e+00 8.950961e-01 1.976635e-01 3.640442e-02 -7.553158e-01 -1.961513e+00 -6.915711e-01 -1.519955e+00 1.617188e+00 -7.679206e-01
-3.788971e-01 1.522943e+00 2.866833e-01 -6.303658e-02 -1.014473e+00 -4.444048e-01 1.765272e+00 1.521995e+00 -2.574832e+00 1.346543e+00 -1.629483e+00 -4.776451e-01
-5.857355e-01 7.971081e-01 -5.688034e-01 -9.078053e-01 -4.850250e-01 -1.056293e-01 4.384843e-01 7.817001e-01 -1.812537e+00 1.605243e+00 -1.156152e+00 -1.760474e-02
2.571639e+00 -3.014354e+00 -3.347181e+00 3.077138e-01 -1.175624e+00 -1.202031e+00 4.375392e-01 -4.736595e-01 1.212468e+00 5.588348e+00 -4.629124e+00 3.096524e+00
-2.898672e-01 1.376780e+00 1.168208e-01 9.072052e-01 7.987614e-02 1.795336e-01 -6.863353e-01 -1.853450e+00 -1.281005e+00 -1.263647e+00 -1.245737e+00 -1.236397e+00
-6.055743e-01 3.044275e-01 -1.780535e+00 -1.533223e+00 -3.124801e-01 5.848107e-02 -6.320051e-01 1.468151e+00 -5.198935e-01 7.593018e-01 9.038380e-01 -3.060397e-01
-3.154469e-01 1.159560e+00 6.453715e-02 2.246895e-02 -6.037715e-01 1.023125e-01 -4.962513e-01 -9.897464e-01 -5.489067e-01 -1.247051e+00 -1.753644e+00 -4.060043e-01
-2.485066e+00 1.432724e+00 2.613995e+00 -3.727870e-01 -1.193261e+00 3.229885e+00 4.729453e+00 5.215545e-01 1.016028e+00 -7.971774e-01 -1.778152e+00 9.907937e-01
1.128524e+00 -2.367753e+00 -2.290870e+00 9.330692e-01 -3.899671e-01 -1.047986e-01 -2.035356e-01 5.034516e-01 2.060272e+00 2.344144e+00 -4.441616e+00 3.067056e+00
-4.603443e-02 6.623805e-01 2.272771e-01 6.637617e-01 3.857675e-01 -4.727283e-01 -3.484183e-01 8.736855e-01 8.263799e-01 3.710995e-02 -6.125480e-01 5.395982e-01
3.863885e-01 -1.614967e+00 -1.548900e+00 5.909746e-01 6.748358e-01 7.038699e-01 -2.232348e+00 1.353822e+00 2.414060e+00 -7.137459e-01 -3.280002e+00 2.418231e+00
5.570708e+00 -1.887502e+00 -4.178710e+00 -4.095318e-01 -2.715591e+00 -1.996616e+00 -8.685967e-01 -2.694335e+00 -1.026931e+00 5.363065e+00 -2.512020e+00 1.862547e+00
-9.088879e-01 -4.174437e-01 2.458770e+00 -1.160921e+00 -3.672597e-01 1.207013e+00 8.732828e-01 6.989124e-01 1.471823e+00 -2.292716e+00 -3.935798e-01 -9.226443e-01
-1.197850e+00 1.231329e+00 1.564215e+00 -2.158197e+00 -1.716456e+00 5.504978e-01 1.824107e+00 -1.707661e+00 -1.050993e+00 -9.646524e-01 -9.490694e-01 1.940050e+00
-8.433437e-01 7.009596e-01 1.165103e+00 -1.470865e+00 -6.277048e-01 2.006746e+00 1.585440e+00 -2.012683e+00 -1.677924e+00 -1.453615e+00 5.879868e-01 2.320177e+00
-1.096923e+00 2.441749e+00 1.870440e+00 -2.695600e+00 -2.573213e+00 1.370124e+00 3.708972e+00 -8.043685e-01 5.391442e-01 -1.364311e+00 -2.235086e+00 1.544161e+00
-1.429369e-01 5.418246e-01 9.894601e-01 -9.854914e-01 -5.141173e-01 1.259067e+00 3.001863e-01 -7.628011e-01 -2.330478e+00 -1.374112e+00 1.400973e+00 8.237921e-01
3.463561e-01 -1.052322e+00 6.828637e-02 -5.424183e-01 6.658007e-01 -1.648904e-01 -1.669662e+00 -1.488297e+00 -1.163943e+00 9.744390e-01 -8.061582e-01 -1.660020e+00
6.768351e-01 -1.321405e+00 -3.153983e-01 -1.058267e+00 3.804990e-01 6.273618e-02 -2.033402e+00 -2.330124e+00 -8.033593e-01 1.578854e+00 4.885178e-01 -1.241499e+00
1.158866e+00 -1.422110e+00 -1.650731e+00 -1.501567e+00 3.435173e-02 -4.635827e-01 -3.278683e+00 -1.909153e+00 -7.192251e-01 1.983267e+00 1.684448e+00 -7.188897e-01
7.755575e-01 -1.121316e+00 -1.501961e+00 -8.240113e-01 -5.150817e-01 -9.253981e-01 -3.036647e+00 -4.044432e-01 9.238251e-01 1.324207e+00 1.217637e+00 8.708190e-01
2.511640e-01 -1.916499e+00 -1.218195e+00 6.370755e-01 7.875882e-01 -5.346793e-01 -1.062133e+00 1.752576e+00 2.112102e+00 1.666371e+00 1.032631e+00 6.004188e-01
5.663424e-02 -2.525753e+00 -8.516868e-01 5.779449e-01 1.151275e+00 -3.109498e-02 -6.501492e-01 1.914930e+00 2.925729e+00 1.095773e+00 2.340694e-01 4.845390e-01
2.848250e-01 -1.759276e+00 9.438866e-01 1.030365e+00 1.067828e-01 1.448586e-02 2.391853e-02 4.003964e-01 8.220446e-01 -3.663831e-01 9.644985e-03 5.758303e-01
8.489666e-01 -9.500235e-01 9.994755e-01 5.758563e-01 -5.817196e-01 5.130836e-01 4.216542e-01 -7.627590e-01 -4.765199e-01 -1.375267e-01 -1.591852e-01 -9.217251e-01
6.386188e-01 2.772651e-01 1.894350e+00 -5.350082e-02 -1.433204e+00 -2.977906e-01 -8.278416e-01 -1.284372e+00 -6.941245e-01 -1.531665e+00 -2.800232e+00 -1.633783e+00
1.918930e-01 2.528704e-01 7.789875e-01 -8.168516e-01 -7.078729e-01 -6.404986e-01 -5.159140e-02 2.130618e-01 -6.430795e-01 -1.364005e+00 -2.002088e+00 -1.724444e+00
2.648092e-01 2.517451e-01 -4.890131e-01 -1.006706e+00 9.477936e-02 -1.935840e-01 6.403183e-01 2.745523e-01 5.626211e-01 -4.244982e-01 -1.972704e-01 -7.212264e-01
5.540061e-02 6.926098e-02 -5.644952e-01 -8.936211e-01 2.018747e-02 -8.273994e-01 -7.801722e-01 3.862770e-01 -2.209663e-01 -2.556652e-01 9.823071e-01 1.205151e+00
-2.136879e-02 5.069663e-01 1.959329e-02 -7.442053e-02 -6.602894e-02 5.311390e-01 1.647116e-01 1.616635e-02 7.293943e-01 2.659733e+00 2.336023e+00 1.146805e+00
2.654099e-02 8.570170e-01 8.265613e-01 5.244584e-01 -8.068921e-01 4.361521e-01 3.510154e-01 2.074396e-01 5.698935e-01 1.162941e+00 -6.340702e-02 -5.797719e-02
-3.304300e-01 1.158020e+00 7.426469e-01 5.965633e-01 -5.017835e-01 2.548274e-01 1.906597e+00 1.444057e+00 -9.230980e-01 -5.191187e-01 9.598692e-02 2.506781e-03
-5.324279e-01 1.699055e+00 -1.117503e-01 1.511156e-01 -5.053846e-01 3.408557e-01 2.844221e+00 1.198974e+00 -1.832034e+00 -2.468736e+00 -7.366416e-01 1.192072e-01
-5.870749e-01 1.369460e+00 -8.467562e-01 -5.440546e-01 -4.321779e-01 -1.228964e-01 2.687488e+00 1.833128e+00 -4.561350e-01 -2.800388e+00 -1.676696e+00 5.943283e-01
-8.207978e-01 1.547362e+00 -2.010165e-01 -7.647018e-01 2.482905e-02 4.888982e-01 1.530226e+00 6.857983e-01 1.079895e+00 3.017718e-01 -2.292786e-01 1.053443e+00
-8.980660e-01 2.132209e+00 7.540799e-01 -3.516839e-02 3.322937e-01 3.780178e-01 -1.656081e-01 1.025391e-02 2.178931e+00 2.117063e+00 1.876771e+00 1.003313e+00
-2.145463e+00 2.632811e+00 2.468786e+00 1.107359e-01 1.720475e+00 5.489329e-01 -1.366181e-01 -5.778831e-01 2.425588e+00 1.378395e+00 3.808117e+00 6.223146e-01
-1.180342e+00 2.141309e+00 2.281003e+00 6.244711e-01 1.800629e+00 1.589090e+00 4.902081e-01 3.008377e-01 1.062460e+00 -7.917806e-02 2.193573e+00 -4.031356e-01
2.675194e-01 3.611349e-01 -1.879038e-01 1.187634e+00 -3.415226e-01 -1.104255e-02 1.556194e+00 1.448514e+00 -4.022793e-01 6.787337e-02 3.747161e-01 1.010018e+00
1.152437e-02 2.784154e-01 -5.923532e-01 8.452760e-01 2.478272e-01 -9.799564e-01 1.368640e-01 -2.533252e-01 -4.204624e-01 -1.005655e+00 -3.562551e-01 2.689908e-01
-3.008670e-01 2.071819e-01 -9.666414e-01 -4.783573e-02 3.424268e-02 8.780833e-02 -3.260505e-01 1.835223e-01 -6.442479e-01 -1.417461e+00 -1.792649e-01 6.659512e-01
-3.136238e-01 3.002737e-01 -1.311419e+00 -6.101630e-01 -6.346575e-01 -2.112149e-01 -1.962567e+00 5.144541e-01 1.109980e+00 -2.779477e-01 2.621490e-01 1.079469e+00
-3.158465e-01 1.735210e-01 -6.544921e-01 -1.082158e-01 3.287542e-01 1.052688e+00 -2.935509e-01 2.685374e-01 6.418009e-01 1.165416e+00 1.818520e+00 1.608212e+00
-3.337356e-01 4.435791e-01 -1.443439e-01 -3.645893e-02 -7.083625e-01 3.200263e-01 4.035268e-01 -1.744270e-02 3.221933e-01 2.057620e+00 1.946636e+00 1.565597e+00
-2.364016e-01 4.443538e-01 -3.933280e-01 -5.000604e-01 -4.377792e-02 -1.682081e-01 2.493682e-01 -7.919680e-01 1.631312e-01 7.776986e-01 -1.785717e-01 -3.749420e-01
-3.470969e-01 3.699698e-01 5.701103e-02 3.105199e-01 1.403572e+00 9.974591e-01 7.535316e-01 -6.507068e-01 -6.146719e-01 -5.400227e-01 -3.399201e-01 -1.583114e+00
-1.464503e-01 1.319882e-01 -4.864318e-01 -2.293170e-01 1.529639e+00 1.574882e+00 2.190577e-01 5.229735e-02 1.731919e-01 -5.097655e-01 8.489911e-02 -6.837379e-01
9.899626e-02 -2.619635e-01 -8.084810e-01 -1.864316e-01 2.350127e+00 1.472247e+00 4.489470e-01 1.920438e-01 -4.104123e-01 -7.722354e-02 8.842875e-01 -3.844723e-01
7.761617e-02 -2.682652e-01 -6.126174e-01 -4.183629e-01 1.490798e+00 1.093666e+00 -1.921507e-01 4.138580e-01 -1.246769e-02 1.193740e+00 1.111599e+00 -6.424844e-02
6.423485e-01 9.448671e-01 -9.092884e-01 -1.073299e+00 -1.199818e-01 9.508931e-01 -3.445649e-03 1.248912e-01 6.012936e-02 -7.659481e-01 -1.721558e+00 -1.450089e+00
4.468051e-01 4.422069e-03 -7.267305e-01 -3.385588e-01 1.176919e+00 2.653105e-01 3.606050e-01 3.424716e-01 8.831106e-01 1.701013e+00 -7.761864e-01 -1.826884e+00
-1.403747e-01 -7.578762e-01 8.521537e-02 -1.115671e+00 -3.282445e-01 1.279645e-02 3.331913e-01 5.290917e-01 -2.848278e-01 -2.312856e-02 1.479756e+00 -1.306581e+00
3.192086e-01 3.494161e-01 -1.103026e+00 -1.438323e+00 1.745267e-01 2.005669e-01 -1.028015e-01 -2.833642e-01 -1.197521e+00 1.034176e-01 -1.749767e+00 -9.036587e-01
3.977809e-01 -7.086341e-02 3.224750e-01 2.339817e-01 8.158824e-01 1.368665e+00 1.663848e+00 1.019944e+00 8.067888e-01 1.016373e+00 -1.217670e-02 -4.776668e-01
-4.003853e-01 -1.547050e+00 -4.227069e-01 -1.084524e+00 -8.937511e-01 -7.854987e-01 1.267850e-01 9.557907e-01 5.494002e-01 1.135017e-01 5.512987e-01 -1.493999e+00
4.617202e-02 -5.655625e-01 -4.880352e-01 4.651374e-03 1.802740e+00 8.912036e-01 -4.197762e+00 1.581184e+00 3.243645e+00 -2.280523e+00 -2.532299e+00 1.298567e+00
4.811197e-01 8.770491e-01 -2.401164e-01 -2.562361e-01 -5.432171e-01 7.148751e-01 -6.609274e-01 1.773812e+00 -6.561480e-01 -6.939657e-01 -7.547437e-01 -4.535208e-02
-3.324923e-01 -1.692577e+00 -1.436225e-01 -3.375044e-01 -1.338786e+00 -9.593455e-01 7.606214e-01 1.826030e+00 1.573961e+00 5.980620e-01 -6.495541e-01 -2.525072e+00
6.201998e-01 -4.834939e-01 7.741377e-01 1.179768e+00 -2.655289e-01 1.655428e-01 2.688291e+00 1.791767e+00 -4.922944e-01 -1.016939e+00 1.232976e+00 8.111479e-01
9.113325e-01 3.027294e-02 5.658105e-01 9.752002e-01 -1.758744e-01 -3.527647e-01 1.540266e+00 3.085629e-01 -8.040531e-01 3.927973e-01 2.464769e+00 1.333147e-01
6.004961e-01 -1.577429e-01 2.217922e-02 8.584070e-01 -6.121013e-02 -2.640093e-01 9.855586e-01 8.874233e-02 -1.726314e+00 1.272493e+00 2.288523e+00 -7.356307e-01
5.906277e-01 -7.507001e-01 1.007449e+00 1.561558e+00 8.674765e-01 9.731881e-02 -1.049911e+00 1.059844e+00 8.273315e-01 -1.197648e-01 6.337832e-01 6.417464e-01
-3.857798e-01 -5.422401e-01 3.966224e-01 4.315098e-01 9.666651e-01 -2.043009e-02 -5.978262e-01 -7.733004e-01 -5.076898e-01 3.933021e-01 1.510078e+00 9.183742e-01
8.076682e-02 -3.116279e-01 -1.254801e+00 -5.137455e-01 -1.403527e-01 1.363219e+00 -5.305899e-01 -5.937592e-01 2.767940e-01 -4.996077e-01 -7.640795e-01 7.389842e-01
4.637135e-01 -3.650799e-01 -1.604152e+00 -5.540954e-01 7.619860e-01 -3.314024e-01 -9.999731e-01 -2.434555e+00 1.024906e+00 1.228126e-01 -7.977711e-01 -2.011071e+00
-6.457786e-02 -1.551242e+00 3.256396e-01 1.128210e+00 -7.917898e-01 -2.988116e-01 2.095899e+00 1.000590e+00 3.853781e-01 -5.853654e-01 4.913615e-01 -1.526995e-01
5.370186e-01 -4.802743e-01 1.326942e-01 1.101634e+00 -9.199576e-01 -1.175967e+00 -8.311462e-01 4.957826e-01 -4.830807e-02 1.733378e+00 -3.505855e-01 -1.481978e+00
5.375234e-01 5.073023e-02 -1.283881e+00 -2.591703e-02 2.115713e-01 8.957696e-02 -3.212186e-01 -1.479808e+00 1.153746e+00 7.691401e-01 1.770417e-01 3.119106e-01
-5.635656e-01 -4.331927e-01 3.354288e-01 4.437765e-01 2.364741e-01 -1.847423e+00 -2.390949e+00 -2.556677e+00 -1.935276e+00 -2.830028e-01 4.605374e-01 2.075222e+00
8.009644e-02 7.135201e-02 2.892062e-01 -3.820889e-01 -5.678898e-01 9.954464e-02 -5.566610e-01 6.651449e-01 -6.896127e-01 3.041538e-01 5.099634e-01 7.410334e-01
2.372864e-01 -2.680712e-01 -3.438474e-01 6.838463e-02 7.521819e-01 1.643845e+00 2.557740e+00 6.126454e-01 -1.060974e+00 -1.458113e+00 -1.054521e+00 1.567638e+00
1.367183e-01 3.043691e-01 -1.781138e-01 2.317086e-01 4.045458e-01 4.117597e-01 -1.220843e+00 -1.371593e+00 -4.725173e-01 -1.171095e+00 -6.958832e-01 1.090209e+00
-8.375211e-02 -8.807032e-01 -1.155207e+00 -5.116940e-01 -7.695686e-01 -1.800712e-01 -4.930804e-01 -8.591642e-01 5.363691e-01 6.864190e-01 -1.230728e+00 -2.187435e+00
4.154864e-01 2.290463e-01 -3.426200e-01 3.444197e-01 5.544761e-01 5.809422e-01 -1.542324e+00 -1.459208e+00 -8.442462e-01 -1.789964e+00 -1.194183e+00 5.733094e-01
-1.668074e-01 -2.236388e-01 8.252893e-02 -6.409235e-01 -1.413659e+00 -7.816436e-01 -8.073727e-01 -4.767399e-02 4.419184e-03 1.162123e+00 -1.651181e+00 -1.379027e+00
5.718299e-01 7.717863e-01 -3.687101e-01 3.941063e-01 3.982424e-01 -2.245884e-02 -1.518557e-01 -9.071741e-01 -5.313763e-01 3.310300e-01 -8.122730e-01 -6.480026e-02
3.379935e-01 4.641257e-01 -1.017513e-01 5.261979e-02 -1.676378e-01 9.919332e-01 1.370219e+00 8.631132e-01 4.090047e-02 1.389034e+00 -5.453380e-01 -6.064209e-01
-3.071303e-02 -4.049917e-01 -2.829073e-01 -5.741820e-01 -6.915867e-01 -5.678044e-02 1.370756e+00 1.328992e+00 6.863652e-01 1.474309e+00 -1.231862e+00 -1.390250e+00
-3.397933e-01 6.703912e-01 -3.514335e-01 7.568018e-01 4.189667e+00 -8.176225e-01 -5.451054e+00 1.901882e+00 3.050517e+00 -2.423213e+00 -2.215414e+00 -5.342455e-01
8.414141e-01 4.672259e-01 -9.602238e-02 1.483866e+00 1.392919e+00 1.325542e+00 2.358757e+00 9.049959e-01 -6.349444e-01 -1.760332e-01 -2.355875e-01 -4.155857e-01
1.290433e+00 -8.876636e-02 -6.147445e-01 5.019957e-01 -1.181870e+00 -2.054101e+00 -2.933953e+00 -3.635793e-01 6.026542e-01 2.605281e+00 -4.832930e-01 3.053127e-01
1.738141e+00 -2.214274e-01 -6.044602e-01 1.762682e+00 1.650614e+00 -3.216122e-01 1.432618e+00 -3.330821e-01 -4.803178e-01 2.539997e-01 3.303260e-01 -9.767238e-01
-4.678865e+00 -3.735025e+00 3.340015e+00 -2.861305e+00 9.048052e-02 2.604426e+00 1.256677e-01 -8.197830e-01 -1.450504e-01 -2.091468e-01 1.711716e+00 -1.140125e+00
7.898854e+00 -1.151519e+00 -3.641041e+00 -1.371631e+00 -3.049754e+00 -3.217523e+00 -1.877618e+00 -1.872794e+00 -1.729221e+00 4.582742e+00 6.308910e-01 1.349796e+00
3.237600e+00 6.606415e-01 -8.763682e-01 -6.298092e-01 -3.378126e-01 -1.471770e+00 -2.649458e+00 5.279566e-01 1.200900e+00 1.152391e+00 -1.576720e+00 1.122812e+00
2.886163e+00 -2.096864e+00 1.084254e+00 2.245109e+00 6.187224e-01 7.885728e-02 -4.116352e-01 2.194544e+00 1.508048e+00 1.870029e+00 2.164687e+00 1.678714e+00
2.223947e+00 -7.941958e-01 -1.456830e+00 1.662384e+00 1.637007e+00 -1.311713e+00 6.534543e-01 -3.799441e-01 -9.626603e-02 2.919344e-01 1.515964e+00 -3.476625e-01
-1.019439e+00 1.550801e+00 -3.933292e-02 2.639410e+00 5.501560e+00 -1.567991e+00 -3.305845e+00 1.936997e+00 1.352051e+00 -3.074137e+00 -3.706288e-01 -2.861833e+00
4.401267e+00 1.021337e+00 -1.661133e+00 -1.402185e+00 5.702282e-01 -4.941570e-01 -1.902547e+00 8.445898e-01 1.391589e+00 -3.322972e-01 -7.773014e-01 1.213322e+00
3.432053e+00 -1.018628e+00 -2.572828e+00 9.531542e-01 1.546773e+00 -7.712609e-01 -1.033736e-01 1.894433e-01 1.841335e-01 -5.777923e-01 9.374250e-01 -1.336398e+00
4.290842e+00 -1.470220e-01 -2.486611e+00 -1.149057e+00 9.607286e-01 -2.659886e-01 -5.160229e-02 5.220078e-01 2.271014e-01 -1.189680e+00 1.773082e-01 4.769398e-01
8.208682e+00 -1.324740e+00 -1.850363e+00 -6.164773e-01 -2.423792e+00 -2.509605e+00 -2.139345e+00 -9.435350e-01 -1.752913e+00 2.511876e+00 2.297937e+00 7.706558e-01
5.987117e+00 -1.275630e+00 4.364662e-01 1.327123e+00 -8.411730e-01 -1.410802e+00 -1.264290e+00 8.652586e-01 -4.731027e-01 1.651464e+00 2.144724e+00 7.812195e-01
-8.183922e-01 1.855773e+00 5.971785e-01 3.633768e+00 3.733789e+00 -2.306801e+00 1.221720e+00 1.079484e+00 -1.841188e+00 -3.075165e+00 1.567694e+00 -4.117267e+00
-3.258843e+00 2.881810e-01 3.460779e+00 -8.284073e-01 -2.993197e+00 1.000254e+00 2.437429e+00 -1.099379e+00 -3.560254e+00 -4.089279e-01 4.841355e+00 -1.243605e+00
-2.146323e+00 2.978636e+00 2.023122e+00 2.000721e+00 -7.484453e-01 -1.670105e+00 3.676431e+00 2.076926e-01 -4.476818e+00 -8.367147e-01 5.175128e+00 -2.540798e+00
