8.278053e+00 -7.303038e-01 -1.566648e+00 6.566764e-01 -5.548853e+00 1.412321e+00 2.395968e+00 -3.583237e+00 -1.357260e+00 -2.758675e-01 -1.211431e+00 -1.367812e+00
6.502150e+00 -1.733357e+00 -7.822759e-01 -8.064192e-01 -6.295619e+00 2.457506e-01 1.758532e+00 -1.371075e+00 -1.630844e+00 -9.619193e-02 -7.113534e-01 1.413574e-01
6.697090e+00 -1.943061e+00 -1.064215e+00 1.352602e+00 -4.971367e+00 3.043330e+00 1.612343e+00 -4.832729e+00 -1.341733e+00 -1.050360e-01 -4.778509e-01 -1.173644e+00
2.056746e+00 -1.587448e+00 -2.602519e-01 -2.064050e+00 -3.453363e+00 -7.172241e-01 6.797476e-01 1.253977e+00 1.110098e-01 -1.848199e+00 7.914726e-01 2.638632e+00
3.788777e+00 -2.042491e+00 -6.089481e-01 1.564560e+00 -2.060572e+00 1.933313e+00 1.652797e+00 -2.205315e+00 -1.032995e-01 -1.088717e+00 -6.444142e-01 6.304163e-01
7.468912e-01 -2.462201e+00 -6.380827e-01 -5.313635e-01 -2.104532e+00 5.472876e-01 -3.272619e-02 1.062469e+00 2.176585e-01 -1.569769e+00 6.430199e-01 1.616101e+00
-4.418691e-01 -8.040608e-01 1.672013e+00 5.307886e-01 2.738974e+00 1.353059e+00 -1.195713e+00 1.557912e+00 1.102394e+00 7.207736e-01 8.644654e-01 -2.679542e+00
-1.574688e-01 -1.834492e+00 7.049047e-01 3.382047e-01 -1.173242e-01 4.406891e-01 -6.531334e-01 2.431692e+00 1.303575e+00 2.017083e-02 -3.675157e-01 -1.958327e+00
2.467760e-01 -2.277944e+00 6.085712e-01 -3.163159e-01 -8.278540e-01 1.014147e+00 -8.250183e-01 -5.703914e-01 3.690893e-01 -1.215591e+00 6.474450e-01 5.448173e-01
3.740849e-01 -4.068131e-01 5.358102e-01 -1.014519e+00 8.087761e-01 -6.016862e-01 -1.573015e-01 -2.238075e-01 -4.336438e-02 -1.376627e+00 7.569427e-01 6.186553e-01
6.221280e-01 -1.156722e+00 -8.238991e-01 -8.985041e-01 -1.598710e+00 -2.934248e-01 6.008688e-01 1.506728e+00 5.804292e-01 5.184319e-01 -5.376006e-01 -1.168435e+00
7.968799e-01 -9.911277e-01 -3.735679e-01 5.957956e-02 -1.970666e+00 -7.004086e-01 5.843806e-02 8.372520e-01 3.434870e-02 4.737292e-01 -8.054315e-01 -1.808480e+00
4.933750e-01 1.244905e+00 6.173773e-01 2.441752e+00 3.202732e+00 2.491997e-01 -1.447333e+00 -1.528632e+00 -1.504636e+00 -5.123476e-01 -6.212059e-01 1.148904e+00
1.091157e+00 1.813319e+00 7.044081e-01 3.283723e+00 4.074428e+00 -5.386082e-01 -2.029046e+00 -2.164851e+00 -2.527588e-01 1.306981e+00 1.970188e+00 1.802973e+00
-9.640991e-01 9.947419e-01 1.284563e+00 3.062801e-02 2.775540e+00 9.084337e-01 -6.654170e-01 -2.165884e+00 -1.323197e+00 -6.929616e-01 8.206589e-01 2.694778e-01
-8.533503e-01 -5.066798e-01 -6.850463e-01 -1.823270e+00 -1.545975e+00 1.509694e-01 -3.643521e-01 8.858408e-01 -5.905192e-01 1.791817e-01 -3.185965e-01 3.403226e-01
2.384911e-01 3.798621e-01 -1.866437e-01 2.556089e-01 -1.118971e+00 -2.589001e-01 6.504180e-01 -1.057696e+00 -1.802603e+00 -7.348249e-01 -5.614693e-01 1.370055e+00
-5.500412e-02 2.990367e-01 1.519557e-01 6.235532e-01 -6.862133e-01 -8.150591e-01 -2.837653e-01 2.953005e-03 5.328413e-01 5.635248e-01 2.186437e-01 -1.104299e+00
2.351017e-01 2.836299e-01 1.773213e-01 1.776382e-01 1.195521e+00 1.299327e-01 -1.129978e+00 -1.600541e-01 -2.799068e-01 1.129530e+00 -1.938164e+00 -1.650126e+00
3.428125e-01 6.752778e-01 -2.702828e-02 -2.514448e-01 -1.548963e+00 -9.331328e-01 -9.713818e-02 -1.256936e+00 -2.488855e+00 -1.660151e+00 -9.204164e-01 1.021004e+00
2.329083e-01 -6.710408e-01 1.460164e+00 -5.097091e-01 -1.865818e-01 -5.212897e-01 -1.493515e-01 3.471293e-01 -7.557440e-01 -6.735329e-02 -5.817060e-01 7.675915e-01
-2.230935e-01 4.749146e-01 -1.331709e-01 1.292808e+00 -5.586554e-01 -1.036911e+00 2.114933e-01 -4.131421e-01 1.225378e+00 9.977525e-01 7.357260e-01 -7.240813e-01
-8.887617e-01 -4.594697e-01 -9.362642e-01 -1.310933e+00 2.333879e-03 -3.094051e-01 -1.447692e+00 -1.694749e+00 -7.917186e-01 6.830705e-01 -4.375553e-02 3.942564e-01
-2.202682e-01 3.174460e-01 1.152274e-01 1.229457e+00 -4.376128e-01 -4.621790e-01 6.695997e-01 7.191528e-02 2.382138e+00 7.523519e-01 1.561871e-01 -1.272650e-01
3.508320e-02 1.661602e-02 -1.071589e-01 -1.064291e-01 5.604427e-01 1.036073e+00 9.961920e-01 -1.251229e-01 -6.924970e-01 1.264188e+00 -5.546950e-01 -1.526178e+00
-4.140586e-01 4.666517e-01 1.093367e+00 1.743441e+00 2.364562e+00 1.275403e+00 2.951283e-01 -2.300184e-01 -5.360419e-01 1.028968e-01 4.780534e-01 9.338648e-01
8.257637e-02 7.922790e-02 2.526992e-01 -3.492321e-01 7.547258e-01 -8.960564e-01 -2.357205e+00 1.542311e-01 2.082613e-01 4.195713e-01 1.006778e-01 5.190917e-01
2.111961e-01 5.801247e-01 5.463108e-01 -3.248842e-01 -1.281508e+00 -1.483562e-01 -7.052847e-01 -1.319665e+00 -1.699553e+00 -1.587430e+00 -1.137300e+00 -9.167811e-01
-1.285368e-01 -4.174449e-01 -5.715379e-01 -4.673942e-01 -1.772697e-01 3.048607e-01 -7.529694e-01 1.224337e+00 2.677708e-01 -2.969187e-01 -3.504484e-01 1.187232e-01
2.016567e-01 1.864566e-01 1.695134e-01 4.840931e-01 1.514553e-01 1.374674e+00 2.699666e+00 8.912941e-01 7.299021e-01 7.050761e-01 4.356458e-01 -8.287384e-01
-1.768948e-01 -3.806685e-01 -3.701472e-01 2.506012e-01 -2.888951e-01 9.445098e-01 9.126463e-01 5.546016e-01 8.016882e-01 -7.282901e-02 1.672381e-01 5.404698e-01
-9.862111e-01 -7.523791e-01 -2.362117e-01 -1.520509e+00 -2.140663e+00 -7.427567e-01 3.715977e-01 2.023493e+00 1.476096e+00 1.866060e+00 7.399222e-01 -3.460143e-02
-4.696808e-02 -2.290041e-01 1.207912e-01 -1.788028e-01 6.314389e-01 -3.978657e-01 -7.371848e-01 5.561213e-01 5.093168e-01 -1.446159e+00 5.661637e-01 3.266437e+00
1.495090e-01 -8.455975e-02 -3.368520e-01 -9.855411e-02 -2.429744e-01 4.263414e-01 -1.715037e-01 -3.699171e-02 2.928877e-02 2.461701e-01 3.085197e-01 1.887601e-01
-3.265262e-01 -9.850886e-01 -1.252941e+00 4.059037e-01 2.757137e-01 -6.735876e-01 2.378081e-01 1.064240e+00 1.085026e+00 1.077285e-01 6.358581e-01 1.235041e+00
-8.848973e-02 1.637180e-01 4.979179e-01 -1.898282e-01 -1.453853e-01 7.439855e-01 -7.024007e-02 -2.103693e-01 2.468266e-01 -1.767824e-01 -2.499885e-01 -1.599316e+00
1.833351e-01 2.138353e-01 -8.271649e-02 -1.361640e-01 -2.986284e-01 2.072320e-01 1.171714e+00 7.183931e-01 2.356567e-02 -1.035322e-01 3.713442e-01 8.187702e-01
-3.729130e-01 -6.348966e-01 -9.884725e-01 -6.573855e-01 4.709703e-01 -4.369500e-02 -1.382391e-01 -2.410654e+00 -3.989859e-01 2.285023e-01 4.302744e-01 1.138260e-01
-6.790657e-01 -1.307429e+00 -9.842790e-01 8.543801e-01 9.887339e-01 -5.153148e-01 -5.271100e-01 -1.596026e-02 6.165363e-01 -3.239127e-01 -1.009225e-01 -5.466397e-02
1.126511e-01 6.322507e-01 1.033286e+00 -4.024734e-01 -8.125871e-01 1.829149e-01 -3.009139e-01 -1.590829e+00 1.203058e-01 -3.522652e-01 4.141766e-01 -1.136127e+00
-1.054867e+00 -1.213285e-01 1.275623e+00 9.375002e-01 -3.320384e-02 1.424290e-01 8.543317e-01 8.107174e-01 -4.137870e-01 -4.265642e-02 5.327255e-01 -3.084125e-01
2.106294e-01 1.411058e-01 1.146031e+00 -7.085982e-01 -1.610783e-01 -4.745706e-01 -6.301995e-01 1.066589e+00 -8.955291e-01 -1.226158e-01 -6.352031e-01 3.186750e-03
-1.646906e+00 -1.226527e+00 6.139836e-01 4.220102e-01 -1.044092e+00 -6.704774e-01 7.386549e-01 2.730916e+00 1.904065e+00 7.835968e-01 1.682613e+00 5.748153e-02
-1.533381e-01 1.122110e+00 -4.541159e-01 2.123682e+00 2.964815e+00 -2.408389e+00 -3.053910e+00 -2.963192e-01 -2.060405e-01 -1.543024e-01 3.381681e+00 1.604144e+00
1.876297e-02 1.408828e+00 -1.422837e-01 8.802195e-02 -5.690125e-01 -1.118361e-01 -1.625412e+00 2.047352e+00 -1.017525e+00 -3.328515e-01 -2.993360e-01 -6.374976e-01
-1.352170e+00 -1.760624e-01 1.523036e+00 2.266046e-01 -7.903529e-01 1.545699e+00 4.666562e-01 -1.194711e+00 2.926813e+00 1.472200e+00 -2.473532e+00 3.264091e-01
-3.203474e-01 1.677358e+00 -5.104383e-01 -7.425180e-01 7.470407e-01 8.849214e-01 -1.119042e-01 -7.327143e-01 -9.723517e-01 9.852819e-01 1.930250e-01 -8.423347e-01
-1.531740e-01 1.099361e+00 -9.049116e-01 -6.868700e-01 1.538624e+00 1.331304e+00 -3.033512e-01 -1.724865e+00 3.941387e-01 3.663381e-01 3.922082e-01 -1.083103e+00
2.700643e-01 1.676121e+00 1.264795e-01 -4.848683e-01 -6.264065e-01 4.765880e-01 -2.244397e+00 2.429121e+00 -7.504947e-01 -8.991629e-01 -5.221065e-01 3.309166e-01
-4.688826e-01 2.047145e+00 3.293532e-01 -3.017239e-01 4.231449e-01 -7.831270e-01 -5.130161e-01 1.163366e+00 -9.218295e-01 3.339893e-01 2.251582e-02 -6.574286e-01
-1.733817e+00 3.440619e-01 6.521782e-01 3.713365e-01 -3.759151e-01 -2.551404e+00 -3.162766e+00 -5.576081e-01 -4.815062e-01 9.775846e-02 2.011195e+00 5.183717e-01
3.192974e-01 1.863115e+00 8.058580e-01 -1.570492e+00 -5.075035e-02 1.211338e-01 -1.303787e+00 1.764524e+00 -5.016857e-01 -1.334592e+00 -4.665522e-01 1.106698e+00
2.301480e-01 2.218137e+00 8.592598e-01 -1.696169e+00 -1.929613e-01 -1.843182e-01 3.762268e-01 1.661706e-02 -3.136742e-01 -8.059880e-01 -5.926133e-01 1.241754e+00
-5.200766e-01 2.108837e-01 6.553268e-02 -6.962099e-02 3.015823e-01 9.131085e-01 8.957227e-01 -9.854324e-01 3.498863e-01 -2.608669e-01 1.802658e-01 -1.198830e+00
-2.247048e+00 -1.521096e-01 1.679624e+00 -1.252062e+00 -2.534937e+00 -1.711128e-01 -5.656363e-01 -1.208680e+00 2.166185e+00 1.516994e+00 -2.811824e+00 -1.077635e+00
-3.517709e-01 2.431398e+00 1.123002e+00 9.813266e-02 -1.732998e-01 -1.646201e+00 -7.847440e-01 1.883325e+00 1.088851e-01 -3.632161e-01 -6.292191e-01 -1.027858e+00
-2.192370e+00 2.586811e-02 1.733844e+00 -6.275796e-01 -9.684774e-01 -3.464271e-01 -7.632173e-01 5.923833e-01 1.402848e+00 9.573014e-01 3.001949e-01 -6.957268e-01
8.760624e-02 2.739374e+00 1.294321e+00 -1.645651e+00 -6.532646e-01 -1.150524e-01 1.124244e+00 -4.600439e-01 -6.370700e-01 -2.505458e-01 -2.011225e-01 -1.386416e-01
-6.820031e-01 -2.236560e-01 -3.283041e-01 1.024665e+00 6.382433e-01 -2.575426e-02 1.448768e+00 3.585879e-01 -3.852050e-01 -1.044442e-01 -4.379246e-01 -1.035913e+00
-5.917932e-01 1.063617e+00 3.667533e-01 -2.621184e-01 3.072763e-01 -5.073259e-01 4.539598e-01 -2.206374e+00 -9.581917e-01 -1.052547e+00 5.197910e-01 2.424074e+00
-3.090027e-01 3.082871e+00 1.134186e+00 -3.838982e-02 2.334368e-01 -2.305821e+00 -3.708832e-01 1.067760e+00 7.210903e-01 -8.198829e-02 -1.241430e+00 -1.524170e+00
-2.248794e-01 3.073670e+00 1.356434e+00 -7.745704e-01 1.191673e-01 -1.937144e+00 9.421153e-01 -1.857947e-01 3.118672e-01 1.969171e-02 -7.260700e-01 -1.407969e+00
-1.016997e+00 -4.144201e-01 -3.101985e-01 -4.398547e-01 -4.711331e-01 5.874802e-01 -5.339058e-01 -1.317569e+00 1.430215e+00 5.289439e-01 -7.744775e-01 1.010294e+00
-6.288570e-01 -5.256838e-03 -1.710220e+00 -5.709794e-01 -1.717375e+00 -7.471094e-01 5.780199e-01 -1.053819e+00 -1.401867e+00 -2.013813e+00 -4.287531e-01 2.965329e+00
-1.073477e+00 -2.868938e-03 -5.920156e-01 1.169592e+00 1.898062e+00 -6.769183e-01 1.049757e+00 1.363305e+00 -1.108501e+00 2.311196e-01 -2.531338e-01 -7.904252e-01
-1.263433e+00 -1.848923e+00 -1.584964e+00 -9.997312e-01 -1.541187e-01 3.325188e-01 1.800068e-01 -1.320884e+00 -8.620234e-01 -7.736847e-01 -1.172504e-01 5.346128e-01
-1.581550e+00 -2.511843e+00 -1.649473e+00 3.039854e-01 2.626511e+00 1.524755e+00 2.304685e+00 7.556503e-01 -4.600103e-01 -4.205500e-01 4.978730e-01 6.539774e-03
-1.406297e+00 4.942240e-01 -8.861942e-01 1.603999e+00 3.329879e+00 -1.010251e+00 1.335714e-01 1.507119e+00 1.290560e-02 1.093348e+00 -5.211459e-01 -9.389249e-01
-3.165247e-01 1.195757e+00 -1.432097e+00 -8.870508e-01 -8.192118e-01 -2.563003e-01 2.284326e+00 -2.813670e+00 -8.826187e-01 -1.374939e+00 2.170946e-01 4.214805e+00
-1.690022e+00 7.628689e-01 -1.067049e+00 2.466808e+00 5.435538e+00 4.048707e-01 -1.223975e-01 1.760296e+00 2.160730e+00 1.077416e+00 2.387541e-01 -6.421115e-01
-2.148213e+00 -2.100664e+00 -9.450749e-01 1.596731e+00 3.724773e+00 1.693566e+00 2.688453e+00 1.941969e+00 9.173735e-01 5.780097e-01 9.667488e-01 -7.343032e-01
-2.212256e+00 -7.978365e-01 -3.973619e-01 2.657970e+00 4.988486e+00 1.904819e+00 2.477353e+00 2.976589e+00 2.071743e+00 -3.074338e-02 6.581322e-01 -9.914932e-01
