-4.263858e+00 -8.170737e-01 5.178792e-01 -1.732048e+00 2.454609e+00 3.603175e-01 -1.694693e+00 6.977844e-01 8.314184e-01 -9.510719e-01 2.101329e+00 5.428954e-01
-4.489002e+00 9.576901e-01 1.350346e+00 -4.488176e-01 1.993706e+00 1.121921e-01 -3.325721e+00 -8.693242e-01 8.330811e-01 -8.895101e-02 1.900192e+00 2.292841e+00
-1.989079e+00 -2.534326e+00 -1.115076e+00 -2.641920e+00 2.554733e+00 5.574616e-01 -9.849461e-01 1.522510e+00 -9.231951e-01 -1.273474e+00 1.074732e+00 -2.857479e-01
-3.340627e+00 2.415179e+00 1.718882e+00 -1.087562e+00 -2.341881e-01 1.217959e-01 -1.867504e+00 3.280153e-02 1.513215e+00 2.583892e+00 1.331523e+00 1.581838e+00
6.935296e-02 -2.093357e+00 -1.284738e-01 -6.658361e-01 -2.864358e+00 1.209694e+00 -9.367124e-01 1.715762e+00 2.866703e+00 -1.076347e+00 1.702135e+00 -2.512167e+00
4.130778e+00 -3.938444e+00 1.153474e+00 -9.734146e-01 -3.535307e+00 1.986903e+00 -3.358605e+00 -7.539173e-01 1.772715e+00 -9.829807e-01 3.657067e+00 -2.087757e+00
6.361210e-01 -2.299939e+00 -1.756683e+00 -9.927999e-01 1.660999e+00 -1.559099e-01 -1.161228e+00 5.054740e-01 -1.792328e+00 -9.281933e-01 -1.765553e+00 -1.773594e+00
1.634317e-01 -3.302628e+00 -1.318535e+00 -8.883351e-01 -2.338771e+00 -1.944860e+00 4.354433e-01 2.783024e+00 4.733180e-01 -1.556391e+00 1.448290e+00 3.606753e-01
-8.155056e-01 1.433281e-01 -5.174360e-03 5.740753e-01 -2.646650e-01 1.694070e+00 -4.539089e-02 2.174664e-01 1.181527e+00 -2.670532e+00 -1.568869e+00 -9.161062e-01
7.949582e-01 -3.838294e+00 -2.706557e+00 6.056474e-01 1.435383e+00 1.258741e+00 -3.046368e+00 -3.696796e+00 -1.009161e+00 -3.622047e+00 -9.503721e-01 1.833939e+00
-2.611340e-01 -1.828736e-01 -8.895594e-01 -1.323802e-01 -1.039825e-01 5.161819e-01 -2.188228e-01 1.639177e+00 4.709096e-01 -2.209862e+00 -8.017027e-01 -1.605851e-01
-1.487502e+00 1.011887e+00 1.153847e+00 3.634129e-02 -1.512783e+00 9.946151e-01 1.364819e+00 -3.920428e-01 1.146833e+00 -1.422017e+00 -1.382111e+00 -2.104350e+00
-2.017097e+00 2.316579e+00 1.531018e+00 -1.134516e-01 1.064649e-01 3.049607e-01 -1.062086e+00 -1.445055e+00 2.363587e-01 2.889513e+00 6.806545e-02 -4.894555e-01
7.452969e-01 -2.060879e+00 3.367975e-01 -1.663781e+00 6.416453e-01 9.401375e-01 1.241836e-01 3.376564e+00 2.453430e+00 2.701543e+00 -2.613084e+00 -2.054469e+00
-1.576922e+00 1.709103e+00 1.790873e+00 -4.911667e-01 -1.452593e+00 5.246145e-01 2.271752e-01 -4.446193e-01 6.854401e-01 -4.191087e-01 -7.776858e-01 -8.298485e-01
-4.190483e-01 -2.096413e+00 -3.305107e-01 2.857061e-01 -1.303088e+00 -6.463909e-01 -4.349840e-01 8.378803e-01 -4.085707e-01 -9.667442e-01 7.956041e-01 5.571190e-01
8.124113e+00 -3.469672e+00 2.468695e+00 2.370428e-01 -3.107723e+00 2.522825e+00 -5.691601e+00 -3.988276e+00 8.568090e-01 -6.223227e-02 4.025486e+00 -2.778669e+00
-8.827279e-01 -1.897962e-01 -1.977161e+00 -8.463459e-02 -1.449692e+00 3.012390e-01 1.496257e+00 1.407334e+00 1.904414e+00 -1.798899e-01 -5.040439e-01 -8.193184e-01
-9.673734e-02 -8.913714e-01 -2.460703e-01 -7.056566e-01 5.608793e-01 1.746542e+00 1.121464e-02 2.797078e+00 2.891673e+00 2.292547e+00 -3.264278e+00 -2.507131e+00
6.947184e-01 -1.409977e+00 -1.000252e+00 -5.955459e-01 -1.177494e+00 -1.439245e+00 7.154185e-01 2.044035e+00 -7.004992e-02 -1.243402e+00 -2.358340e-01 -5.976864e-01
1.886986e-01 -9.290764e-01 -2.077285e+00 -9.652156e-01 9.540854e-01 -5.655348e-01 5.689271e-01 1.969750e+00 -1.083005e+00 4.816266e-01 1.010286e+00 -3.741932e-01
3.909094e-01 -3.219524e+00 -2.225250e+00 -6.458828e-01 6.454447e-01 2.400340e-01 -1.978607e+00 -3.797663e+00 -1.050601e+00 -2.088942e+00 -8.751291e-01 7.531627e-01
7.378430e-01 -1.698151e+00 4.383697e-01 -7.583934e-01 1.028774e-01 3.634239e-01 -6.828481e-01 2.571275e+00 1.240576e+00 1.580205e+00 -1.418683e+00 -1.187740e+00
-2.361433e-01 -5.668669e-01 -1.292975e+00 -1.173283e-01 -2.729948e-01 4.103410e-01 1.265941e+00 9.034346e-01 8.890855e-01 1.378055e-01 -3.012919e-01 -5.964893e-01
1.287993e+00 -1.426101e+00 -1.281990e+00 -5.862343e-01 -5.408629e-01 -5.014029e-01 -7.409078e-02 1.710966e+00 -3.337789e-01 -6.910964e-01 -1.596505e+00 -2.080156e+00
-4.415821e-01 -1.242959e-01 -7.839696e-01 1.498084e+00 -3.795202e-02 1.834242e+00 1.885825e-01 1.303033e+00 2.226921e+00 3.320292e-01 -2.712198e+00 -1.924505e+00
1.178507e-01 3.244879e-01 8.500317e-01 6.762042e-01 -6.370196e-01 6.778656e-02 2.850025e-01 -2.885118e-02 -1.339124e-01 1.559523e+00 1.973543e+00 -8.061834e-02
-1.797679e-01 -2.895204e-01 -8.448030e-01 4.904357e-01 2.337293e-01 9.398372e-01 1.024939e+00 -2.833163e-01 -7.147139e-01 2.553141e-01 5.075904e-01 -4.977635e-01
1.396144e+00 9.654972e-01 1.934576e+00 3.958295e-01 -1.377414e+00 6.518066e-01 -7.719558e-01 -3.590497e+00 -1.097259e+00 -8.886213e-01 -1.810447e-01 1.642404e+00
-9.583769e-02 -5.532759e-01 -8.798717e-01 -7.569695e-02 5.686129e-01 1.813591e-01 1.260355e+00 4.669889e-01 -1.170907e-01 3.983440e-01 -4.177969e-01 -2.784470e-01
-1.673918e-02 2.132083e+00 2.340864e+00 1.498466e+00 -5.216694e-01 -4.887866e-01 6.478981e-01 1.813082e+00 -2.417332e-01 1.773878e+00 2.152719e+00 -8.479331e-02
1.013969e+00 -1.099692e+00 -4.665244e-01 -1.068957e+00 6.178365e-02 -1.810889e+00 1.313619e+00 1.597695e+00 -1.454005e+00 4.931930e-01 1.652126e+00 1.386893e-01
-1.933742e-01 -1.134576e-01 -3.168526e-01 1.266291e-01 -7.860068e-01 5.177562e-01 -1.047419e-01 -1.127248e+00 -3.678226e-01 1.276230e+00 -1.705337e-01 -2.046415e-01
5.516723e-01 -1.161639e+00 -1.003067e+00 -2.001381e-01 6.516030e-01 7.065225e-02 -1.820839e+00 -2.664509e+00 -3.070649e-01 -1.946209e+00 -1.422544e+00 3.749893e-01
7.239578e-01 5.641183e-01 9.604086e-01 1.037893e-01 -8.964393e-01 3.981653e-01 -1.045539e+00 -1.933682e+00 -5.453627e-01 -8.250548e-01 -7.923722e-01 1.780037e-01
5.576439e-01 3.747084e-01 2.900518e-01 -3.499768e-01 -6.301299e-01 6.197944e-01 -5.143458e-01 -1.305770e+00 -2.333767e-01 2.859135e-01 -1.864035e-01 6.903021e-01
-3.557314e-01 -6.853221e-01 -3.620349e-01 4.054648e-01 -8.569805e-01 -2.065309e-01 6.172220e-02 3.303415e-01 4.650419e-01 5.994925e-01 -1.480885e-01 -1.284117e-01
-1.629666e-01 -4.431028e-01 -5.754514e-01 6.093404e-01 6.599717e-01 1.034648e+00 5.936544e-02 1.853470e+00 3.213412e+00 2.063034e+00 2.022678e+00 9.819794e-02
-4.407354e-01 2.917394e-01 -1.142088e-01 -3.775606e-02 7.886606e-01 -8.542281e-01 1.647255e-01 2.416559e+00 3.901132e-01 -5.710308e-01 -1.768256e+00 1.893891e-01
-2.419031e-01 -1.701358e-01 6.017691e-02 -2.538404e-02 -1.291948e+00 -7.915493e-01 -3.233062e-02 -1.073924e+00 -6.715060e-01 1.586031e+00 5.202132e-01 -6.541730e-01
1.056370e+00 5.871828e-01 1.553929e+00 -2.094913e-01 -1.573691e+00 1.808051e-01 1.681089e-01 -2.128435e+00 4.328468e-02 4.837506e-01 8.821513e-01 1.846053e+00
-6.850257e-01 3.710561e-01 -2.129491e-01 -5.156994e-02 2.458199e-01 -6.759506e-01 -2.456407e-01 2.825727e-01 5.526068e-01 4.034660e-01 -2.106090e-01 1.139616e+00
-2.616813e-02 -2.884058e-01 -6.584123e-01 -4.332437e-02 4.958939e-01 1.362124e-01 1.054343e+00 3.929026e-01 -5.392674e-01 2.251117e-01 -3.526108e-01 2.660860e-01
6.671716e-01 1.167758e+00 -4.482318e-01 -2.320442e-01 2.742624e-01 1.092584e-01 1.575593e+00 7.160001e-01 -1.931486e+00 -1.617614e+00 -2.378179e+00 -5.467603e-01
-1.236992e-02 -9.311442e-02 1.053398e-01 2.836605e-01 4.295229e-01 -4.026527e-01 3.039522e-01 1.733828e-01 -7.025479e-01 -2.974145e-01 3.230548e-01 9.400412e-01
6.176224e-02 -3.787252e-01 -8.554254e-01 -8.310667e-01 1.280151e+00 1.703595e+00 7.806085e-01 5.954770e-01 1.784149e+00 4.230239e-01 -2.689965e-01 6.118175e-01
-2.780965e-01 -5.074874e-01 -9.731629e-01 -7.583708e-01 4.119008e-01 6.661399e-01 5.796092e-01 -6.059716e-01 1.277653e+00 -5.172030e-01 -4.707882e-01 -5.451392e-01
-5.551607e-01 5.827715e-02 -1.200286e-01 -1.408647e+00 -1.133765e+00 2.354403e-01 5.470517e-02 -1.563738e+00 -9.525791e-01 1.072072e+00 -5.081050e-01 3.699312e-01
3.759385e-01 -5.644659e-01 7.591259e-02 9.026821e-02 -1.013987e+00 -1.932756e+00 -1.238862e+00 -6.477908e-01 -3.275515e-01 -1.217168e+00 -9.509479e-01 -8.907877e-01
-8.796559e-02 -1.726801e-01 5.863730e-01 -6.773059e-01 -1.581774e+00 -4.283819e-01 -6.215560e-01 -1.257167e+00 -1.810377e-02 9.928023e-01 1.322872e+00 3.270988e-01
-1.612326e-01 2.253569e-01 -3.758177e-01 -1.177838e+00 1.030856e+00 3.165801e-01 -1.565589e-01 1.227456e+00 1.281816e+00 -1.071328e+00 -1.319382e+00 1.025862e-01
-6.172137e-01 1.156699e-01 -4.833412e-01 -8.387072e-02 1.551196e+00 7.729405e-01 7.367202e-01 3.044833e+00 3.602602e+00 2.805608e+00 3.557663e+00 1.695829e+00
-8.081052e-01 -1.205228e-01 1.182496e-01 -2.611209e+00 -1.035941e+00 -7.742271e-01 -1.064439e+00 -8.445441e-01 -5.107303e-02 6.858010e-01 1.500188e+00 6.961122e-01
-6.489803e-01 6.013008e-01 7.357817e-01 -1.320812e+00 -9.672543e-01 7.097613e-01 1.934901e+00 1.581452e+00 -1.145390e+00 6.571823e-01 2.103482e+00 1.726209e-01
-4.802566e-01 3.319322e-01 -4.227976e-02 -8.924485e-01 -1.131607e+00 -9.365621e-01 -1.039880e+00 -1.581308e+00 4.931671e-01 1.444507e+00 1.443557e+00 1.492543e+00
-3.701822e-01 -1.280461e-01 4.008083e-01 -1.047513e+00 -1.097637e+00 -1.112072e+00 -1.252990e+00 -5.616220e-01 9.734257e-01 -7.288425e-01 3.004920e-01 -3.115086e-01
-4.105352e-01 9.176369e-01 2.303944e-01 -1.952653e+00 -1.767585e+00 1.272137e-01 3.800814e-01 7.057423e-01 3.082151e-02 1.645835e+00 3.147093e+00 6.202627e-01
-5.215212e-01 1.014532e-01 2.238774e-01 -1.471639e+00 -2.127326e+00 -8.500255e-01 -1.385815e+00 -4.292212e-01 1.481249e+00 3.010164e+00 3.659704e+00 1.787274e+00
-7.000615e-01 -7.074469e-01 -1.707976e+00 -1.384721e+00 1.678054e-01 1.404579e-01 -1.477611e+00 -1.527750e+00 -6.665733e-01 -1.087805e+00 -8.048650e-01 8.278303e-02
-1.101525e+00 4.782072e-01 3.758237e-01 8.396931e-02 1.281166e-01 9.796980e-01 2.059125e+00 2.044185e-01 -7.392942e-01 -1.664067e-01 1.712433e+00 1.373685e+00
2.997252e-01 -3.475466e-02 -7.644123e-01 4.263115e-02 -1.856493e-01 -1.090425e-01 8.852144e-01 6.323003e-01 -8.333303e-01 -1.570442e-01 4.509260e-01 5.532818e-01
9.579972e+00 -2.196880e+00 4.110667e+00 2.069879e+00 -2.066568e+00 1.868361e+00 -4.989554e+00 -5.217736e+00 2.946677e-01 3.554625e-01 3.482638e+00 -2.919947e+00
-6.982382e-01 3.106586e-01 -2.140379e-01 -2.875306e-01 7.397121e-01 7.623156e-01 5.070744e-01 -1.682586e+00 -1.339831e+00 -1.972869e-01 4.568570e-01 1.677284e+00
-4.159189e-02 2.127440e-01 1.417057e+00 -1.334352e-01 1.908931e+00 -1.795238e+00 2.099276e-01 9.020783e-01 1.503472e-02 -9.236700e-01 -1.619965e+00 7.225116e-01
-9.017254e-01 -7.728654e-01 -2.693290e+00 -2.457871e+00 -2.220415e-01 8.829071e-01 -1.027683e+00 -6.953667e-01 -1.435846e+00 -2.761660e+00 -2.813310e+00 -2.033437e+00
8.950741e-01 -1.199133e-01 -4.913565e-01 -5.790863e-02 -8.252373e-02 -6.533176e-01 1.031771e+00 -1.389214e-01 -1.172593e+00 -9.498681e-01 1.375858e+00 2.093204e+00
-7.117406e-01 7.683522e-01 -3.610010e-01 4.941722e+00 -1.154248e+00 -6.418225e-01 2.201545e+00 -1.140214e+00 -2.571068e-01 3.477983e-01 -1.713888e+00 -2.860020e+00
-3.678190e-01 1.486566e+00 -1.335178e-01 5.903139e-02 6.562474e-01 -9.762853e-01 -4.415186e-01 1.430263e+00 1.767239e+00 -1.654195e+00 -2.600663e+00 -2.383992e-01
-4.460883e-01 3.531042e+00 2.701181e+00 8.687267e-01 3.282478e-02 -7.497195e-01 2.146266e+00 2.832485e+00 -7.212237e-01 5.560177e-01 3.165323e-01 -2.969620e-01
3.262075e+00 -2.625095e-01 1.431716e+00 7.990214e-01 -1.806965e-01 -1.694012e+00 1.698393e-01 -1.410048e+00 -1.101503e+00 1.446459e+00 1.511740e+00 -1.688326e+00
-4.918854e-01 4.565206e-01 -3.895677e-01 1.116535e+00 -8.809185e-02 -7.248954e-01 7.478534e-01 3.946774e-01 5.985820e-01 2.330961e-01 -5.842991e-01 -2.722180e-02
1.601338e+00 -2.532596e-01 3.510393e-01 -1.302934e-01 6.408399e-01 -5.570791e-01 4.486856e-01 -9.926742e-01 -2.279166e+00 -1.458542e+00 1.743957e+00 3.721365e+00
-4.110330e-01 4.799664e+00 3.511300e+00 1.536515e+00 7.521982e-02 -1.030462e+00 2.663900e+00 3.862546e+00 -6.925119e-01 2.199771e+00 1.250899e+00 -8.840103e-01
-1.245334e+00 2.066455e+00 -5.104465e-01 2.018176e-02 2.527333e+00 2.371876e+00 2.969633e+00 2.720472e+00 1.534271e+00 2.949601e+00 1.062202e+00 1.072337e+00
-1.559510e+00 -8.289280e-01 -2.175267e+00 -2.892913e+00 -1.072299e+00 4.567365e-01 -1.238554e+00 3.208208e-01 -1.675153e+00 -1.890880e+00 -1.698593e+00 -2.187994e+00
2.318510e-01 6.588222e-01 2.108348e+00 1.688643e+00 1.084310e+00 -2.955349e+00 2.633826e+00 -1.320287e+00 -2.664208e+00 2.641924e-01 -2.000018e+00 4.279785e-01
-1.493237e-01 9.131088e-01 1.922889e+00 5.480562e+00 -5.097339e-01 -2.492290e+00 3.857262e+00 -1.925508e+00 -3.856389e+00 5.308412e-01 -1.630501e+00 -2.089643e+00
5.562401e-02 3.553413e+00 -3.503740e-01 1.733994e-01 3.153764e+00 2.143887e+00 1.660013e+00 2.919721e-01 -3.817369e-01 1.299202e+00 -2.059818e+00 -9.639300e-01
2.350244e-01 6.649181e-01 3.433307e+00 3.823797e+00 -3.891786e-01 -3.116551e+00 4.464365e+00 -2.023428e+00 -4.475474e+00 9.074743e-01 -2.439426e+00 -7.202436e-01
-1.142521e+00 2.620810e+00 -6.229013e-01 1.918979e+00 3.255294e+00 -3.164169e-01 8.410232e-02 1.516087e+00 1.853876e+00 -1.699780e+00 -2.700166e+00 3.696270e-01
7.464670e+00 -2.881011e-01 2.478382e+00 1.939670e+00 -7.060879e-01 -4.675430e-01 -1.733962e+00 -4.767375e+00 -5.313138e-01 1.867233e+00 1.902731e+00 -1.707550e+00
1.845951e+00 1.788930e-01 7.206504e-01 5.685584e-01 1.332461e+00 -1.785326e-01 1.565727e-01 -1.287667e+00 -3.093657e+00 -1.475230e+00 6.057771e-01 4.881444e+00
-2.512403e+00 -1.385286e-01 -1.788821e+00 -1.871130e-01 1.677347e+00 -2.856559e-01 -9.394744e-01 8.796695e-01 -5.526670e-01 -6.557697e-01 7.641009e-01 -5.379780e-01
-1.011870e+00 2.357758e+00 -9.123124e-01 2.349830e+00 8.252439e-01 -7.461523e-01 1.419974e+00 -5.453885e-01 -5.663592e-01 -4.234568e-01 -1.354976e+00 1.913632e+00
-1.919122e+00 2.714891e+00 -1.898000e-01 2.014046e+00 2.531843e+00 3.565807e-02 -4.991840e-01 1.253662e+00 2.043753e+00 -6.351954e-01 -4.185750e-01 1.433154e+00
8.227455e-01 1.637991e+00 1.526436e-01 1.699865e+00 1.846795e+00 -9.306784e-02 1.316258e+00 -1.789735e+00 -2.424670e+00 -1.224133e+00 -6.813987e-01 4.920167e+00
-5.410005e-01 2.869317e+00 -6.610452e-01 2.628023e+00 1.232218e+00 -9.792294e-02 1.580531e+00 -7.995265e-01 -2.091492e+00 -1.780451e-01 -2.002648e+00 3.397933e+00
-2.201236e+00 1.938148e+00 -1.520657e+00 1.167773e+00 2.229953e+00 -1.656527e-02 -7.899519e-01 5.388830e-01 1.177041e+00 -1.424061e-01 7.999439e-01 1.887650e+00
