1.063109e+01 1.234775e-01 -1.672198e+00 -1.403909e+00 -2.316360e+01 -5.157801e-01 1.738330e+01 -4.738703e+00 1.899369e+00 -5.376429e+00 -5.115915e+00 1.091815e+01 7.336053e-01 -1.086711e+00 2.168423e-01 -1.212821e-02 -3.456115e+00 1.736075e-01 1.079630e+00 -2.402404e+00 1.759443e+00 -6.178496e-01 -1.417280e+00 1.126095e+00
1.094863e+01 -5.556873e-01 -1.178949e+00 -3.167848e+00 -1.914499e+01 -3.377958e+00 1.759942e+01 -6.858541e+00 -6.514406e-01 -3.856143e+00 -7.121558e+00 1.134047e+01 3.339838e+00 1.213856e+00 -9.456601e-01 -6.357947e-01 -6.896046e+00 -1.479772e-01 4.532862e+00 -2.286768e+00 1.630154e+00 -1.747452e+00 -2.104343e+00 2.725181e+00
1.062603e+01 2.417115e+00 -2.843236e+00 -1.604304e+00 -2.348749e+01 -3.704081e+00 1.824688e+01 -7.213445e+00 3.076870e+00 -4.833922e+00 -5.440925e+00 8.711740e+00 4.828158e-01 -2.551171e-01 1.438293e+00 -4.286936e-01 -1.234153e+00 8.314824e-02 -1.244698e+00 5.706205e-01 5.059226e-01 8.804746e-01 3.781109e-01 -1.347667e+00
1.131842e+01 -2.321647e+00 3.270222e+00 -4.753377e+00 -2.269611e+01 -2.343451e+00 1.572371e+01 -6.779186e+00 2.512066e+00 -2.411908e+00 -6.120874e+00 8.613981e+00 7.367040e-01 -5.305591e-01 2.324325e+00 -8.058740e-01 -5.595242e-01 -2.640114e-01 -2.068532e+00 9.833256e-01 -3.663828e-01 2.103530e+00 2.990276e-01 -1.647938e+00
1.301904e+01 -6.087105e-01 3.541306e+00 -3.636581e+00 -2.554950e+01 -2.048382e+00 1.220573e+01 -2.985197e+00 1.571824e+00 -9.360304e-01 -4.728524e+00 5.754217e+00 8.487786e-01 -1.521497e-01 2.403468e+00 -3.665312e-01 -2.683758e-01 -8.897890e-01 -1.935000e+00 1.171193e+00 1.966128e-02 1.501425e+00 1.192427e+00 -2.146279e+00
1.356114e+01 4.728617e+00 -1.039232e+01 -2.900359e+00 -9.675753e+00 -5.025200e-01 -2.751565e+00 6.302405e+00 8.890166e+00 -1.681570e+01 -1.024823e+01 1.151315e+01 1.373054e-01 -8.918584e-01 -3.070922e+00 2.080932e-01 3.813959e+00 3.525201e+00 -2.491282e+00 -3.005837e+00 1.076852e+00 1.076530e+00 -2.777813e+00 8.827423e-01
1.234186e+01 6.592215e+00 -4.927459e+00 -4.740811e+00 -1.116249e+01 -7.177005e+00 3.279409e-01 6.337888e+00 9.671779e+00 -1.762519e+01 -5.883019e+00 8.395685e+00 -2.913973e-01 -7.718899e-01 -3.676400e+00 8.580521e-01 3.298257e+00 2.518518e+00 -1.198395e+00 -1.565563e+00 1.610619e+00 -1.082088e+00 -2.056151e+00 1.741135e-01
1.311811e+01 -1.016405e+00 6.757154e+00 -4.417140e+00 -2.493022e+01 -2.663687e+00 1.006122e+01 -1.936199e+00 8.199782e-01 3.192276e+00 -3.976977e+00 4.157220e+00 6.322246e-01 9.107215e-01 1.866603e+00 6.141052e-02 -8.774346e-01 -5.133416e-01 -2.197581e+00 7.110530e-01 1.442211e+00 -5.277570e-01 1.393308e+00 -9.222627e-01
1.331329e+01 2.257667e+00 -9.953606e+00 -2.643712e+00 -6.829629e+00 4.753365e+00 -7.976040e+00 1.763660e+00 1.069131e+01 -1.610342e+01 -9.240399e+00 9.467350e+00 2.486978e-01 -1.058322e+00 -1.772718e+00 -5.834059e-01 2.994711e+00 4.532130e+00 -2.663641e+00 -3.882694e+00 1.207746e+00 1.965591e+00 -1.517572e+00 -8.716292e-01
1.366654e+01 1.976938e+00 -1.265784e+01 -6.753808e+00 -1.406393e-01 1.158981e+01 -9.182332e+00 -8.502314e+00 1.498200e+01 -1.077102e+01 -1.177550e+01 4.556037e+00 3.274599e-01 -1.441874e-01 -2.136082e+00 -2.816160e-01 2.338818e+00 1.328136e+00 7.672020e-01 -3.785251e+00 1.665398e+00 2.035065e+00 5.489769e-01 -1.869908e+00
1.319794e+01 5.667973e+00 1.827853e-01 -4.700339e+00 -1.867571e+01 -4.375673e+00 -2.063019e+00 9.897936e+00 5.472680e+00 -1.548989e+01 -1.428618e+00 6.598278e+00 -5.172142e-01 1.229795e-01 -4.316027e+00 6.347348e-01 3.314366e+00 3.434163e-01 4.848320e-01 -1.593331e-01 1.858273e+00 -2.253716e+00 -2.323272e+00 2.332407e-01
1.339875e+01 3.375955e+00 -1.265875e+01 -4.708423e+00 -1.772344e+00 7.285148e+00 -1.036743e+01 -2.844132e+00 1.034717e+01 -1.086812e+01 -1.363899e+01 1.047616e+01 2.225011e-01 -5.945297e-01 -1.744656e+00 -7.451061e-01 3.014384e+00 2.841689e+00 -9.120848e-01 -4.893587e+00 2.268693e+00 2.212229e+00 -2.398199e-01 -1.793453e+00
1.449702e+01 1.896333e+00 -1.776348e+01 -4.570841e+00 2.051674e+00 1.028770e+01 -6.708842e+00 -1.303254e+01 1.808829e+01 -8.420759e+00 -1.017978e+01 5.001543e+00 1.663546e-01 2.687474e-01 -1.807116e+00 3.790403e-01 1.365779e+00 6.758329e-01 1.283993e+00 -2.789257e+00 1.298936e+00 8.423718e-01 1.891460e+00 -1.674769e+00
1.495188e+01 5.647439e+00 3.140840e+00 -6.033982e+00 -1.882093e+01 -5.902649e+00 -2.328338e+00 7.793711e+00 4.346961e+00 -1.135589e+01 -3.369449e+00 1.105422e+01 -5.469173e-01 1.267528e-01 -3.097722e+00 2.190837e-01 1.836407e+00 -4.595768e-01 1.244841e+00 1.118691e+00 1.696865e+00 -3.175598e+00 -1.546990e+00 2.150546e-01
1.397009e+01 1.003746e+00 7.430638e+00 -3.605079e+00 -2.371231e+01 -7.992908e+00 1.140312e+01 -3.778972e+00 4.021220e+00 -1.288912e-01 -5.507376e-01 2.087264e-01 3.492936e-01 1.078407e+00 1.795223e+00 -3.475575e-01 -5.975876e-02 -2.973898e-01 -2.697257e+00 3.421342e-01 1.774575e+00 -1.527229e+00 1.214551e+00 4.678853e-01
1.484220e+01 4.586108e+00 7.153663e+00 -5.427448e+00 -2.241836e+01 -2.856780e+00 -3.847585e+00 6.371159e+00 2.261213e+00 -8.681774e+00 1.113466e-01 9.017682e+00 -1.429105e-01 -8.075090e-02 -2.644059e+00 1.680415e-01 5.891458e-01 9.175257e-02 6.489303e-01 2.250998e+00 9.689060e-01 -3.221392e+00 -5.652052e-01 1.233753e-01
1.400402e+01 1.425732e+00 1.065857e+01 -4.462076e+00 -2.800188e+01 -1.937896e+00 5.137104e+00 -2.827034e+00 8.498422e+00 -5.454263e+00 -1.243225e+00 6.775414e+00 1.193297e-01 1.151899e+00 1.330753e+00 -4.469384e-01 6.608562e-01 5.533218e-01 -4.144118e+00 1.031536e+00 6.107540e-01 -1.405128e+00 1.151962e+00 1.036173e+00
1.425432e+01 6.499383e+00 7.075713e+00 -5.472675e+00 -1.847320e+01 -5.638567e+00 -5.003979e+00 2.507822e+00 2.793189e+00 -5.151255e+00 1.081948e+00 6.110710e+00 3.211378e-01 -7.001872e-02 -1.970977e+00 -1.034742e-01 5.031254e-01 -8.097954e-02 1.646328e-01 2.269535e+00 5.901323e-02 -2.026195e+00 -6.161838e-01 3.887998e-01
1.432255e+01 3.562257e+00 1.056672e+01 -5.351901e+00 -2.431247e+01 -3.898226e+00 1.181499e+00 -8.291082e-01 6.605476e+00 -4.248904e+00 -2.264285e-02 6.784547e+00 -1.132365e-01 1.096603e+00 8.032507e-01 -4.745657e-01 1.080447e+00 7.093488e-01 -3.967265e+00 1.010886e+00 -4.999275e-01 -4.707678e-01 4.226064e-01 1.764228e+00
1.440146e+01 2.276541e+00 -1.808165e+01 -4.120583e+00 2.952450e+00 9.892765e+00 -5.969326e+00 -1.206839e+01 1.514774e+01 -7.151782e+00 -8.225121e+00 2.855118e+00 -1.621186e-01 1.464481e+00 -1.293499e+00 6.127905e-01 9.445675e-01 5.847887e-01 1.218780e+00 -9.989529e-01 -1.097249e+00 6.635634e-01 2.061275e+00 -1.238402e+00
1.426127e+01 5.645755e+00 1.143564e+01 -5.821200e+00 -2.179531e+01 -4.966476e+00 -3.969850e+00 1.285892e+00 1.405036e+00 -2.485247e+00 -8.282907e-01 8.453156e+00 3.225021e-01 3.276225e-01 -1.315746e+00 5.490060e-02 9.898873e-02 -3.020387e-01 1.488350e-01 1.276838e+00 -2.327609e-01 -1.464490e+00 -1.914221e-01 2.653243e-01
1.353852e+01 3.463832e+00 1.184288e+01 -5.778421e+00 -2.132586e+01 -1.944419e+00 -5.548565e+00 1.746548e+00 2.581620e+00 -1.773358e+00 1.518787e+00 6.050174e+00 -1.713943e-02 1.034550e+00 1.842167e-01 -2.686082e-01 1.507752e+00 -6.601838e-01 -2.248578e+00 8.043630e-01 -1.631226e+00 5.863752e-01 1.033800e-01 5.963423e-01
1.363665e+01 5.467709e+00 1.085474e+01 -5.319735e+00 -2.164809e+01 -4.442903e+00 -3.090370e+00 -1.011332e+00 4.479983e+00 -4.323182e+00 1.812880e-01 9.392484e+00 5.862923e-02 8.056175e-01 -7.389243e-01 -2.843280e-02 1.120908e+00 -6.502740e-01 -1.079224e+00 6.213205e-01 -8.801159e-01 -2.516591e-01 -1.378963e-02 1.055309e-01
-9.414310e+00 -1.399359e+01 -1.715416e+00 -7.526733e+00 2.673890e+00 -1.190896e+01 -1.327205e+00 -5.058735e+00 -3.226405e+00 -4.131906e+00 3.537160e+00 -3.621183e+00 4.644734e+00 2.473807e-01 9.029071e-02 -6.265459e-01 -1.899964e+00 6.689270e-01 1.949369e+00 1.383353e+00 3.690577e-01 1.133282e+00 -6.807443e-01 6.488129e-01
1.386307e+01 4.569890e+00 -1.898242e+01 -4.129835e+00 3.510005e+00 1.151283e+01 -5.553975e+00 -1.500738e+01 1.675898e+01 -8.465885e+00 -5.956881e+00 2.952774e+00 -2.738233e-01 1.787663e+00 -2.028093e-01 6.165633e-01 1.837291e+00 8.206691e-01 1.251334e+00 3.518103e-01 -3.226465e+00 1.065523e+00 1.765783e+00 -1.357051e+00
1.317292e+01 7.962562e+00 -1.851586e+01 -3.910360e+00 3.853033e+00 1.390119e+01 -3.665866e+00 -1.250966e+01 1.016041e+01 -7.430642e+00 -3.580575e+00 -6.115870e-01 -7.485344e-01 2.127330e+00 1.044861e+00 1.093152e+00 2.235043e+00 7.348673e-01 2.014815e+00 1.182633e+00 -2.775659e+00 2.952187e+00 1.819870e+00 -1.155140e+00
7.489101e+00 4.598309e+00 1.353867e+00 -3.910964e+00 -7.586788e+00 -3.374550e+00 1.064929e+01 5.055382e+00 -4.420995e+00 1.884506e-01 1.805841e+00 1.669143e+00 5.554158e+00 3.356803e+00 -1.464546e-01 6.249604e-01 -7.402431e+00 2.094321e+00 5.607086e+00 -5.541831e-01 1.151383e+00 -7.466087e-01 -2.604762e+00 4.070880e+00
-4.502162e+00 -5.889581e+00 3.720319e-01 2.828197e+00 3.204333e+00 -1.534811e+00 -1.050425e+00 -6.766458e-01 -1.913719e+00 1.120899e+00 1.619913e+00 -2.896628e-01 6.035864e+00 3.666890e+00 4.925569e-01 -9.370451e-02 -5.513575e+00 1.315396e+00 5.022876e+00 -6.516552e-03 9.220729e-01 5.265868e-01 -1.723783e+00 3.740266e+00
1.374217e+01 7.991639e+00 -1.856043e+01 -1.593136e+00 1.078784e+01 1.238684e+01 -1.603901e+00 -1.105286e+01 4.449628e+00 -2.953712e+00 -3.673137e+00 -5.036187e-02 -1.775262e+00 8.607727e-01 3.556226e+00 1.614973e+00 2.591114e+00 6.625261e-02 1.929742e+00 3.238726e+00 -2.311447e+00 3.482047e+00 7.682883e-01 -2.349381e+00
-1.077899e+01 -9.594188e+00 -2.107092e+00 -8.914406e-01 3.292544e+00 -5.687733e+00 -1.526713e+00 -1.768900e+00 -5.859100e+00 -4.328898e+00 6.316972e-01 -4.715695e+00 1.724934e+00 -3.420413e+00 -1.096085e+00 -1.589739e+00 -6.042192e-01 -3.858420e-01 -4.845673e-01 -1.522651e+00 -1.217265e-02 -1.926669e+00 -1.280545e+00 -2.562921e-01
1.071924e+01 1.120232e+01 -1.306834e+01 7.682819e-02 1.048875e+01 1.313010e+01 2.129714e+00 -8.132486e+00 7.424124e+00 4.853069e+00 -2.676437e-01 -1.419014e+00 -2.921295e+00 -1.687775e+00 5.150191e+00 1.120042e+00 2.730274e+00 -3.459284e-01 6.280771e-01 1.698563e+00 -7.962455e-01 3.416632e+00 1.426020e+00 -2.039743e+00
-1.259616e+01 5.213708e+00 2.141976e+00 1.081584e+00 1.868927e+00 -4.642723e+00 1.140585e+00 -1.315254e+00 -4.293593e+00 -2.753061e+00 5.703671e+00 6.380951e-01 1.755147e-01 -5.609696e+00 -9.959361e-01 -3.251474e+00 -9.769991e-01 -2.742372e+00 3.317436e-01 -1.614915e+00 1.154397e-01 -2.976211e+00 -5.812351e-01 3.739470e-01
6.213599e+00 7.253875e+00 -3.925047e+00 1.951438e+00 1.314772e+01 1.222964e+01 1.196943e+00 -1.002334e+00 6.569889e+00 2.802494e+00 -3.771904e+00 -8.390420e+00 -3.550291e+00 -4.248256e+00 4.385172e+00 -9.105350e-02 -2.102643e-01 -9.898226e-01 -3.645497e-01 5.521253e-01 -7.957624e-01 2.132180e+00 1.494750e+00 -1.953400e+00
1.849689e-01 -7.594767e+00 -3.127439e+00 -1.968772e+00 6.818658e+00 7.877703e+00 -1.398842e+00 -7.837420e+00 1.623352e+00 6.746512e+00 1.867338e+00 -7.206730e+00 -1.902838e+00 -4.697468e+00 -4.304793e-02 -1.808931e+00 -3.110744e+00 -2.203485e+00 -7.478726e-02 1.757748e+00 -1.685388e+00 4.713308e-01 1.738996e+00 -5.592755e-01
9.809754e-01 -9.168987e+00 -3.320812e+00 -1.999452e+00 1.460799e+00 2.212640e+00 -1.944657e+00 1.265890e+00 2.245555e+00 5.557068e+00 1.018290e+00 -8.359598e+00 -1.048907e+00 -2.577409e+00 -2.683088e-01 -7.131156e-01 -2.198533e+00 -1.380206e+00 4.474437e-01 2.824836e+00 -1.872541e+00 -1.450823e+00 -2.952246e-01 -6.900029e-01
2.330732e+00 -1.074293e-01 -8.259511e-02 -8.243488e-02 1.632446e+01 1.225014e+01 -1.925902e+00 -9.042105e+00 5.119052e+00 6.774417e+00 3.598909e+00 -6.640274e+00 -2.550516e+00 -5.559125e+00 2.029267e+00 -8.072769e-01 -2.438496e+00 -2.618686e+00 -1.074453e+00 1.196167e+00 -1.530367e+00 5.352015e-01 8.211109e-01 -1.269748e+00
-2.625711e+00 -1.170269e+01 -2.521179e+00 -6.134707e+00 5.025829e+00 6.230968e+00 8.323840e-01 2.632410e+00 -4.203033e-01 5.767823e+00 6.213384e+00 -1.032714e+01 -4.258814e-01 -5.702006e-01 9.592204e-02 -2.517838e-01 7.804721e-01 5.570813e-01 8.178600e-01 1.396792e+00 -1.335913e+00 -1.365739e+00 4.459713e-01 7.452835e-01
-1.508465e+00 -1.094051e+01 -1.727269e+00 -1.565046e+00 6.228214e+00 6.172479e+00 -8.042967e-01 -1.528373e-01 -3.221828e+00 9.648919e-03 -5.023682e-02 -8.530086e+00 -5.108299e-02 8.037836e-01 6.420827e-02 -2.133330e-01 2.423392e-01 4.061564e-01 8.400912e-01 -1.244931e+00 -3.872153e-01 3.503948e-01 8.123690e-01 1.285779e+00
-6.997180e-01 -9.560007e+00 -3.444600e+00 -3.444894e+00 8.337311e+00 8.683189e+00 2.120278e+00 -1.440949e-01 -2.322520e+00 2.691526e+00 4.631458e+00 -3.395068e+00 4.146990e-01 1.741847e+00 5.402510e-01 9.680555e-01 -9.210907e-01 -1.032835e+00 9.734564e-01 -7.021610e-01 1.503783e-01 1.652848e+00 1.524760e-01 1.431477e+00
-1.212817e+01 2.845635e+00 6.502632e+00 4.023364e+00 4.166969e+00 -1.000550e+01 3.529384e-01 -1.505957e+00 -8.080617e+00 2.738491e+00 5.346783e+00 -4.240094e+00 4.606925e-01 1.848719e+00 -1.557331e+00 -2.517610e-01 -9.222792e-01 7.854403e-01 -1.472883e+00 -5.843586e-01 -3.464039e-01 -4.898049e-01 -6.066624e-01 -2.351980e+00
-1.083572e+01 7.155959e+00 -1.548809e+00 6.025359e+00 7.649119e+00 2.307319e+00 -4.018593e+00 2.845116e+00 -9.109838e+00 -7.252212e-01 6.709414e+00 -3.690742e+00 2.917426e-01 4.308918e-01 -1.328431e+00 4.815590e-01 1.832044e-01 1.800640e+00 -5.837860e-01 1.038177e+00 1.437983e+00 1.524983e+00 1.457758e-02 -6.584885e-01
-9.913427e+00 8.453384e+00 2.488389e-01 5.048553e+00 5.891202e+00 5.783917e-01 -3.818538e+00 -4.010444e-01 -6.073523e+00 3.552287e+00 3.289491e+00 -7.279844e+00 -1.636163e-01 -8.109780e-02 -3.248743e-01 -5.436187e-01 -5.617293e-01 5.179509e-01 5.732403e-01 2.601157e-01 1.536462e+00 -1.930590e-02 9.437475e-02 1.230928e+00
-2.374363e-01 -6.221409e+00 -2.538060e+00 -4.411023e+00 1.016754e+00 3.017311e+00 1.611852e+00 -3.570511e+00 1.260587e+00 8.847190e+00 5.871099e+00 -5.396736e+00 -1.176312e-01 1.949108e+00 4.407554e-01 3.506706e-01 -1.495261e+00 -2.080707e+00 4.134649e-01 7.171538e-01 1.073530e+00 2.997866e+00 5.066669e-02 -2.356507e-01
-1.188725e+01 2.258249e+00 7.439020e+00 4.577531e+00 6.574005e+00 -6.949973e+00 9.717084e-01 4.264398e-01 -7.505631e+00 2.846808e+00 5.837852e+00 6.347260e-01 1.732218e-01 1.288231e+00 -7.468019e-01 9.255226e-01 -1.150876e+00 -1.570298e+00 -1.574914e+00 -3.931530e-01 -1.356995e+00 -1.071872e+00 9.743714e-02 -1.805387e+00
-1.153591e+01 1.608834e+00 3.923759e+00 6.472732e+00 6.627911e+00 -3.238719e+00 1.385164e-01 5.064868e+00 -1.319262e+00 1.006482e+01 6.939385e+00 -1.137841e+00 -2.569278e-01 -3.673997e+00 7.765701e-02 -1.780057e+00 -1.273543e+00 -2.121122e+00 9.942883e-01 -1.014224e+00 8.281409e-01 -1.351270e+00 -9.741253e-01 5.868031e-01
-1.187731e+00 -5.353004e+00 5.854714e-01 1.285597e-01 3.026105e+00 2.644378e+00 4.491591e+00 8.304420e-01 -1.909619e+00 9.613293e+00 4.015097e+00 -4.736427e+00 -7.410051e-01 1.562274e+00 6.484121e-01 8.254094e-01 -6.325973e-01 -1.762971e+00 3.711045e-03 7.186586e-01 4.234522e-01 1.298198e+00 -1.519515e+00 -1.890736e+00
-5.888340e+00 -5.417335e-02 3.026798e+00 4.898205e+00 5.483835e+00 -6.979579e-01 -7.770024e+00 -4.543839e+00 -7.149675e+00 7.534011e+00 1.655550e+00 -5.581347e+00 -4.062220e-01 -4.246667e-01 2.884008e-01 1.136906e-01 2.528629e-02 4.210043e-03 -1.129559e+00 -6.934845e-01 -2.039169e-01 -4.896061e-01 -7.059944e-01 8.323128e-01
-1.169112e+01 1.658644e+00 3.541579e+00 7.031272e+00 1.104015e+01 1.279836e+00 1.050728e+00 3.730087e+00 -5.143607e+00 4.215297e+00 6.758584e+00 2.317322e+00 1.849804e-02 8.432469e-01 6.884101e-01 5.522008e-01 -1.150799e+00 -2.822942e+00 -1.077951e+00 -1.493522e+00 -2.224890e+00 -1.146205e+00 -9.892428e-02 -1.732125e+00
-1.852614e+00 -3.298475e+00 -1.538528e+00 -1.598419e+00 1.407512e+00 -1.211650e+00 7.737088e-02 2.945663e+00 1.939370e+00 1.153809e+01 5.112774e-01 -9.037660e+00 -1.068337e+00 1.156962e+00 1.308091e+00 2.168170e+00 2.307810e+00 -1.209989e-01 -7.901666e-01 2.725642e-01 -9.055768e-01 -5.939978e-01 -2.047136e+00 -1.164675e+00
-8.324732e+00 -3.481391e+00 -1.550941e+00 -2.904538e+00 3.937128e+00 -7.257608e+00 2.386758e+00 6.693006e+00 -8.105383e+00 -2.615635e-01 5.130325e+00 -2.806375e-01 -2.420658e-01 -1.864896e-01 3.620942e-01 6.865467e-01 -9.865239e-01 -1.625525e+00 4.783195e-01 3.217386e-01 2.636358e-01 -1.269263e+00 4.653963e-01 1.294457e+00
-6.974207e+00 -2.430863e+00 1.511951e+00 5.597191e+00 6.671740e+00 -1.549637e+00 -6.254893e+00 -1.809867e+00 -2.206435e+00 9.223645e+00 9.498040e-01 -3.981328e+00 -2.718040e-01 -3.058006e-01 -1.930339e-01 4.608001e-01 1.591813e-01 -9.063549e-01 -7.042499e-01 -6.885782e-01 5.317985e-01 5.888622e-01 -7.709792e-01 7.539180e-01
-5.841999e+00 -1.857176e+00 -8.698492e-01 5.723452e+00 8.780678e+00 -2.267452e+00 -5.896153e+00 -1.663204e+00 -7.256741e+00 3.676832e+00 -3.995170e+00 -3.155936e+00 2.298677e-01 3.161764e-03 -2.768039e-01 4.780938e-01 2.402518e-01 1.094681e+00 1.402333e+00 2.563915e+00 9.523818e-01 -9.489710e-01 6.627590e-01 6.542469e-01
-5.191279e+00 -1.146347e+00 -8.752351e-01 3.776717e+00 9.256982e+00 -5.888366e-01 -6.706592e+00 1.760615e+00 -7.059291e+00 3.862562e+00 -8.892677e-01 -6.029107e+00 -2.825050e-02 -1.516947e-01 -5.083182e-01 2.521059e-01 3.700032e-01 -1.400752e+00 -9.918545e-01 3.657384e-01 1.824086e+00 1.360185e+00 -8.484430e-01 -6.236261e-01
-5.297773e+00 -8.301580e-01 3.807852e+00 4.540481e+00 3.176651e+00 -3.845265e+00 -7.816458e+00 1.577176e+00 -5.132936e+00 6.487495e-01 -1.974419e+00 -2.211456e+00 6.400681e-02 -1.649013e-01 5.991369e-01 -3.973417e-01 8.170509e-01 7.832890e-01 -3.736376e-01 -8.460144e-01 -9.849714e-01 -6.809114e-01 -1.089793e-01 -1.020227e+00
-4.374411e+00 -1.508048e+00 4.646283e+00 6.856183e+00 1.157938e+01 2.743097e+00 -1.546222e+00 -1.888025e+00 -3.949781e+00 6.765316e+00 -2.213929e+00 -8.074183e+00 -8.552049e-01 8.561504e-01 1.585964e+00 1.481189e+00 1.283873e+00 3.077469e-01 -5.602424e-01 -1.155702e+00 -1.942970e+00 -1.741454e+00 7.320886e-01 1.412853e+00
-5.184952e+00 -2.302303e-01 4.775506e+00 2.648718e+00 4.855920e+00 2.539580e-01 -9.652507e-01 -2.959850e+00 -3.489426e+00 4.780461e+00 1.409491e+00 -5.193328e+00 -3.014113e-01 2.790866e-01 -4.956376e-02 -4.149093e-01 -9.650909e-01 -6.955220e-01 -1.059640e+00 5.448442e-02 -2.962006e-01 -2.244371e-01 6.641077e-01 8.931643e-01
-3.597154e+00 -3.210104e+00 -7.023053e-01 -7.241487e-01 4.978945e+00 1.982816e+00 2.906074e+00 1.911106e-01 -5.446501e-01 7.837063e+00 -2.862079e-01 -1.102829e+01 -1.111539e+00 1.092626e+00 1.007241e+00 1.938442e+00 2.596138e+00 2.924130e-01 -1.182899e+00 -5.604339e-01 -2.030342e+00 -1.612379e+00 -2.788947e-02 1.259495e-01
-7.004559e+00 -1.148156e+00 1.894491e+00 5.636923e+00 4.516409e+00 -6.403275e+00 -6.778184e+00 1.831642e+00 -1.886301e-01 3.508066e+00 -4.784822e-02 1.011781e+00 2.145813e-01 6.376408e-01 1.004191e+00 -1.591015e-01 -9.872907e-01 -1.588010e+00 -1.376875e+00 -4.258815e-01 -6.330373e-01 -2.644545e-01 -5.690002e-01 6.082681e-01
-5.901655e+00 -8.223121e-01 2.907604e+00 5.893467e+00 4.593925e+00 -6.683348e+00 -6.520080e+00 4.576094e+00 -8.995047e-01 5.114570e+00 1.291970e+00 -1.796547e+00 8.641424e-02 3.327362e-02 1.015119e+00 2.884320e-01 5.548201e-01 1.911964e-01 -9.355472e-01 -6.698070e-02 -9.307861e-02 1.495575e-01 -1.812342e-01 -1.012094e-01
-9.013872e+00 -3.179708e+00 1.366682e+00 -8.490886e-02 3.881168e-02 -8.637789e+00 1.533793e+00 7.720661e+00 -3.794274e+00 -4.757168e+00 1.980864e+00 -3.562686e-01 -9.617863e-01 4.017721e-01 8.856826e-01 1.072460e+00 9.802228e-01 -6.179500e-01 -7.781073e-01 7.425353e-01 1.995499e+00 1.179291e-01 5.477306e-01 1.983285e-01
-5.484527e+00 -7.850894e-01 2.529270e+00 5.593467e+00 1.092086e+01 2.129070e+00 -6.111069e-01 4.451165e-01 -9.116755e+00 3.937787e+00 5.238252e+00 -4.588418e+00 -5.392914e-01 7.589680e-01 7.587429e-01 7.037243e-01 -5.713684e-01 -7.850687e-01 -2.077122e+00 -1.054172e+00 -1.274969e+00 -2.590960e-01 7.506936e-01 1.377473e+00
-6.320384e+00 -3.631227e+00 1.854956e-01 7.078930e+00 8.499182e+00 2.534435e+00 -2.302618e+00 5.927589e+00 4.402919e-01 4.730099e+00 1.527377e+00 -3.935741e+00 -2.830195e-01 3.291693e-02 4.083438e-01 -5.115101e-01 -1.536282e+00 -1.059700e+00 -3.059619e-01 -6.959943e-02 6.381318e-01 -4.968096e-01 7.201768e-01 3.520845e-01
-5.497172e+00 -5.077114e-01 1.555645e+00 7.349627e+00 1.065606e+01 -1.237298e+00 -2.483451e+00 7.819768e+00 2.039317e+00 4.226980e+00 6.712536e-01 3.839324e-01 4.935255e-02 9.129008e-02 -2.065395e-01 -4.893687e-01 -1.645480e+00 5.708517e-01 1.323998e+00 1.254790e+00 6.479564e-02 -9.213095e-01 1.508168e+00 2.493608e-01
-7.268333e+00 -2.784502e+00 4.284177e+00 4.921645e+00 8.739032e+00 1.937598e+00 -5.109045e+00 -4.941669e+00 -8.673890e+00 1.957477e+00 9.640453e-01 -1.467570e+00 1.942244e-01 -2.931303e-01 -1.058544e+00 -3.075067e-01 7.384344e-01 9.000188e-03 2.069105e-01 1.145718e+00 -8.865178e-02 -1.002188e+00 -1.008383e+00 -4.728278e-01
-7.899824e+00 -3.137052e+00 -1.044153e+00 1.243657e-01 7.652380e+00 -5.080904e-01 3.584635e+00 1.948089e+00 -1.084404e+01 -3.218514e+00 -2.308842e+00 -7.338838e+00 6.430607e-01 -7.029465e-01 -5.535720e-01 -6.070775e-01 -2.538769e+00 -2.640294e+00 -7.784061e-01 -1.153703e-01 -7.126015e-01 -2.832526e+00 -7.792470e-01 3.019128e-01
-5.131440e+00 -1.225028e+00 1.368324e+00 4.297176e+00 9.310493e+00 5.507604e-01 -3.322725e+00 -2.728567e-01 -7.481612e+00 1.166039e+00 -2.096235e+00 -6.944654e+00 -5.122385e-02 -2.267427e-01 -1.043491e+00 -2.090790e-02 -5.083454e-01 -6.983711e-01 -7.577404e-01 1.324801e-01 1.003038e+00 1.266234e+00 -5.749626e-01 -6.300399e-01
-5.679561e+00 -4.780728e-01 4.149701e+00 5.129267e+00 9.472442e+00 6.790011e-01 -3.264965e+00 8.788748e-01 -6.414325e+00 3.845019e+00 2.897961e+00 -3.111896e+00 -1.272967e-01 -4.719923e-01 -5.556985e-01 3.320357e-01 1.216434e+00 3.229161e-01 -2.053969e-01 4.976156e-01 -9.508587e-01 -1.280538e+00 -7.702956e-01 6.111240e-02
-6.002246e+00 -1.596581e+00 1.104026e-01 2.407584e+00 3.821772e+00 -3.562646e+00 -3.779009e+00 1.340818e-01 -5.715586e+00 -4.035835e-01 -2.162123e-02 -4.430657e+00 -1.493141e-01 1.853870e-01 4.412913e-01 -4.354327e-01 -1.610704e+00 -1.982981e+00 -1.254882e+00 -1.058330e+00 -6.506565e-01 5.531468e-02 -3.337933e-02 5.865645e-02
-6.423568e+00 -1.589212e+00 4.229318e+00 4.397965e+00 7.265751e+00 -3.885670e+00 -7.937608e+00 -7.358885e-02 -3.708827e+00 1.773862e+00 3.549337e-02 -3.325085e+00 -2.169622e-01 -2.292855e-01 3.064896e-01 -3.133520e-01 9.432752e-01 5.554951e-01 -2.956206e-01 -1.095013e+00 -4.194535e-01 -5.556303e-01 -5.030408e-02 -4.170707e-01
-6.488202e+00 -2.940058e+00 1.670772e+00 5.532167e+00 1.190842e+01 -4.015962e+00 -8.602233e+00 -2.344471e+00 -2.191048e+00 4.729598e+00 -4.801189e+00 -6.067364e+00 5.204229e-02 1.850959e-01 2.479959e-01 7.272081e-01 4.907090e-01 -2.014739e-01 8.805022e-01 1.226497e+00 1.314691e+00 -4.817977e-01 -1.823931e-01 1.365147e+00
-1.070680e+01 -2.324988e+00 2.020415e+00 4.125792e+00 9.778737e+00 -3.501528e+00 6.671175e+00 6.360379e+00 -4.322549e+00 -2.466342e+00 2.233582e+00 4.789546e-01 -7.976012e-01 7.575883e-01 9.149616e-01 8.344067e-01 1.018808e+00 9.010844e-01 -6.879700e-01 -4.128587e-01 8.693762e-01 7.239253e-01 -1.111886e+00 -1.276523e+00
-1.151772e+01 -1.706393e+00 1.598582e+00 1.971502e+00 9.632689e+00 -5.475880e+00 -2.448110e+00 5.827079e+00 -2.757962e+00 -1.526480e+00 1.878182e+00 -6.726991e+00 -6.752383e-01 7.705651e-01 -1.470166e-01 -5.982003e-01 3.860034e-01 1.080002e+00 -2.590712e-01 -1.230217e+00 -3.418925e-01 1.720328e+00 4.281337e-01 4.465730e-02
-1.339220e+01 5.537245e-01 5.264535e+00 8.038210e-01 4.151604e+00 -2.773755e+00 4.396048e+00 1.054500e+01 -2.567695e+00 -1.770358e+00 -3.200173e-01 1.982519e+00 -1.710125e-01 2.855508e-01 6.274999e-01 4.045892e-01 1.494878e+00 1.889669e+00 6.508357e-01 -3.648861e-01 7.680961e-01 1.051114e+00 1.236314e+00 1.293447e+00
-1.005350e+01 -1.413868e+00 1.415362e+00 5.884210e-01 1.090457e+01 5.612445e-01 3.254157e+00 7.637972e+00 -2.115846e+00 3.110645e+00 2.051454e+00 -2.502048e+00 9.786431e-01 -7.989966e-01 -1.186251e+00 -1.428314e+00 -1.057863e+00 -2.185191e+00 -5.471380e-01 -8.380638e-01 -2.453413e+00 -2.836677e+00 -1.659787e+00 -1.588318e+00
-1.192035e+01 1.308297e+00 3.665727e+00 -1.062082e-01 9.966905e+00 4.516141e+00 3.507083e+00 2.192859e+00 -3.793371e+00 3.895734e+00 5.516328e+00 2.057486e+00 3.522900e-01 5.963317e-01 2.943321e-01 1.097446e+00 7.660443e-01 -5.448753e-01 -1.027296e+00 -2.158548e+00 -1.620718e+00 5.504578e-01 1.307215e+00 -4.087417e-01
-1.136479e+01 -6.987368e-01 2.651391e+00 1.203999e+00 9.248936e+00 6.542541e-01 4.992125e+00 7.825029e+00 -3.226035e+00 7.719360e+00 7.416534e+00 -7.551277e-01 6.459699e-01 -1.038255e+00 -8.533517e-01 -6.122082e-01 -3.157365e-01 -1.286536e+00 -4.712405e-01 -4.059512e-01 -1.664921e+00 -1.660225e+00 -1.938729e+00 -3.190928e+00
-1.041369e+01 1.700071e+00 2.664015e+00 1.631008e+00 1.046927e+01 4.661621e+00 5.358564e+00 3.824404e+00 -3.753695e+00 2.411489e+00 4.127243e+00 5.180228e+00 -2.973977e-01 -7.203252e-01 -1.567236e-02 1.212191e-01 -4.481762e-01 -9.589177e-01 -1.672739e-01 1.212170e+00 5.161692e-01 1.665714e+00 1.101792e+00 -1.268184e+00
-1.106081e+01 -4.301071e-01 2.907917e+00 2.392902e-01 4.234231e+00 -4.333140e+00 9.378593e-01 5.575504e+00 -4.276659e+00 1.742719e+00 -3.777621e-01 -3.477892e+00 -6.066143e-01 7.189495e-01 5.077506e-01 -9.748104e-01 -1.614587e+00 4.109455e-01 1.002951e-01 4.504184e-01 7.409871e-02 4.658386e-01 -1.558177e-01 1.157956e+00
-1.220411e+01 -8.956239e-01 4.947228e+00 3.604229e+00 8.224514e+00 -1.623846e+00 4.475004e+00 5.078442e+00 1.187703e+00 7.945051e+00 6.002166e+00 3.709152e+00 2.515720e-01 4.620505e-01 5.108654e-01 1.541783e+00 1.841345e+00 1.549351e+00 -4.997698e-01 -4.815997e-01 -4.595261e-02 1.061681e+00 8.499104e-01 1.018728e-01
-1.221306e+01 -2.743225e-01 1.878479e-01 -1.132659e+00 4.741082e+00 -2.821971e+00 3.105095e+00 1.962013e+00 -5.526682e+00 1.739939e+00 5.427205e+00 1.845441e+00 -3.704171e-01 2.605368e-01 9.053910e-01 3.829985e-01 -2.898977e-01 9.263455e-01 1.730442e+00 3.472226e-01 9.600293e-01 1.542999e+00 8.305713e-01 2.633270e+00
-1.148546e+01 -7.055650e-01 2.532541e+00 3.697217e+00 8.428165e+00 3.087177e+00 4.418703e+00 7.944855e+00 3.526783e-01 8.452883e+00 8.566574e+00 4.369099e+00 -2.307158e-02 -8.626686e-01 -2.509932e-01 -2.512184e-01 -3.497181e-02 -1.220812e+00 -4.575254e-01 1.162776e+00 3.803357e-01 6.706182e-01 -8.622856e-02 -2.129991e+00
