7.920607e+00 -1.227881e+01 5.559688e-01 -3.663508e+00 -1.107342e+01 1.267013e+00 -1.838298e+00 -5.345839e+00 1.639339e+01 3.384403e+00 -4.073279e+00 9.627330e-01 -2.208375e-01 -5.734313e-01 3.756822e-01 2.466637e+00 -2.483688e+00 -3.731721e-01 -3.537292e-01 4.258800e-02 2.194161e-01 -2.111184e+00 1.108753e+00 1.394774e+00
7.320183e+00 -1.157976e+01 -1.586651e+00 1.094313e-01 -1.414499e+01 1.705618e+00 -3.583938e+00 -3.823122e+00 1.394677e+01 4.005245e+00 -9.596298e-01 -1.342313e-01 1.555235e-01 1.970889e-01 3.626404e-01 1.252430e+00 -1.489242e+00 -1.744835e+00 1.167183e-01 1.266686e+00 -5.082615e-01 -7.794756e-01 1.344738e+00 1.692390e-01
8.741131e+00 -1.194648e+01 2.272419e+00 1.256723e-01 -1.407609e+01 -3.582503e+00 -2.351324e+00 -2.217380e+00 1.196096e+01 1.317019e+00 1.082119e+00 1.767820e+00 5.748583e-01 2.054687e-01 9.915844e-01 7.881709e-01 -6.880156e-01 -1.962979e+00 -3.943993e-01 1.562061e+00 -1.415203e+00 -1.660723e+00 1.891628e+00 3.467528e-01
9.558021e+00 -1.078707e+01 1.796499e+00 2.623569e+00 -1.846245e+01 -3.306334e+00 -4.194008e+00 2.438765e-01 1.029004e+01 -9.590321e-01 3.786913e+00 1.786044e+00 3.427418e-01 4.423025e-01 1.289490e+00 2.577682e-01 -1.336962e-01 -2.601322e+00 -3.144809e-01 1.683360e+00 -3.133634e+00 -5.464307e-01 1.429529e+00 4.451778e-01
7.285395e+00 -1.088245e+01 -7.240021e-01 -3.075695e+00 -8.031219e+00 3.550875e+00 -2.657940e+00 -7.332070e+00 1.310630e+01 4.446200e+00 -3.579117e+00 9.323545e-01 -5.370739e-01 -1.821939e+00 1.049362e+00 1.621505e+00 -2.596666e+00 7.592647e-01 -1.345610e+00 4.219568e-01 9.710996e-01 -1.556579e+00 1.007245e+00 7.674493e-01
6.564369e+00 -8.179853e+00 -1.810469e+00 2.458057e+00 -1.387609e+01 -1.914579e+00 -1.284348e+00 -2.908357e+00 1.360146e+01 1.848008e+00 5.163145e-02 9.841924e-01 4.695775e-01 2.616758e-01 6.340131e-01 1.259040e+00 -1.470916e+00 -1.443481e+00 -3.478805e-01 1.278517e+00 -1.419251e+00 -1.137510e+00 1.776213e+00 3.548674e-01
8.697649e+00 -9.248809e+00 1.567787e+00 3.967530e+00 -1.529189e+01 -7.413401e+00 -4.101105e+00 2.411067e+00 8.526466e+00 -2.894850e+00 6.630869e+00 1.198607e+00 -8.915613e-02 1.432050e+00 9.900544e-01 1.192525e+00 -3.432291e-01 -3.025065e+00 7.819701e-01 5.708919e-01 -3.818368e+00 -1.794374e-01 1.563562e+00 -1.332368e-02
8.299819e+00 -7.317178e+00 4.989297e+00 1.825969e+00 -1.393667e+01 -1.300574e+01 -1.981862e+00 3.194222e+00 -3.494606e-01 1.221789e+00 4.424904e+00 3.494688e+00 -1.526111e-01 2.052868e+00 1.310624e+00 1.167392e+00 3.111748e-01 -3.117376e+00 1.824097e+00 -1.748772e+00 -3.824851e+00 1.640785e-01 9.353662e-01 6.160457e-02
1.012288e+01 -5.778792e+00 -4.495377e+00 -5.688564e+00 -4.441100e+00 -9.715257e-01 2.214316e+00 -7.922414e+00 1.082566e+01 7.388618e+00 -5.941298e+00 -2.286258e-01 2.094790e+00 -4.386133e+00 2.194793e+00 -1.115394e+00 -3.736697e+00 -1.412612e-01 -3.137437e+00 -2.599349e+00 4.540847e+00 -2.419330e+00 8.410242e-01 1.214439e+00
-3.242998e+00 -1.583535e+01 5.714739e+00 -1.115274e+01 6.584640e-01 3.793751e+00 5.888050e-01 -2.675655e+00 -1.157120e+00 -8.025411e+00 -3.442341e+00 -1.023110e+00 1.196038e-01 -1.698055e+00 2.995069e+00 -1.918194e+00 4.516278e-01 -4.499671e-01 -1.935596e+00 5.014594e-01 1.279462e+00 -1.788324e+00 1.096989e+00 8.713819e-01
8.924451e+00 -6.521176e+00 5.626292e+00 6.487097e+00 -1.805512e+01 -1.385812e+01 4.524541e-01 -8.380934e-01 -1.811133e+00 -6.705782e-01 8.580935e+00 8.468796e-01 -6.780255e-03 2.357778e+00 1.461424e+00 1.461069e+00 5.708694e-02 -1.664789e+00 2.016248e+00 -2.822410e+00 -3.397908e+00 -2.249034e-01 -1.412001e-01 -2.341592e-03
-3.756152e+00 -7.141590e+00 7.109731e+00 -9.481297e+00 1.951087e+00 -1.632736e+00 -2.841509e+00 -2.995893e+00 1.429740e+00 -5.902121e+00 2.184081e+00 5.290146e+00 -1.791126e-01 -1.410657e+00 2.086053e+00 8.769370e-01 1.209056e+00 -1.931000e-01 -7.781631e-01 2.939125e+00 1.718433e+00 1.509953e-03 1.970095e+00 8.433162e-01
7.685951e+00 -5.661353e+00 -4.120205e+00 -8.282564e+00 -4.514539e+00 -9.713473e-01 2.129841e-02 -1.366823e+00 1.292461e+01 1.218345e+01 -4.182392e+00 -6.522971e+00 -2.135577e-01 -4.444081e+00 2.661943e+00 2.395339e-01 -3.039120e+00 1.427267e+00 -1.412101e+00 -1.305335e+00 3.211458e+00 -2.222480e+00 8.118674e-01 7.100783e-01
8.681564e+00 -1.886545e+00 6.320367e+00 7.200747e+00 -1.552496e+01 -1.567085e+01 2.649699e+00 -6.875403e+00 -3.665416e+00 -1.250776e+00 7.488710e+00 2.269931e+00 -3.438531e-01 2.773915e+00 1.797592e+00 1.182605e+00 1.173267e-02 3.947113e-01 1.385205e+00 -2.979277e+00 -2.048240e+00 -1.466866e+00 -8.842155e-01 -4.405928e-01
8.472876e+00 -1.752346e-01 8.209370e+00 8.585487e+00 -1.421231e+01 -1.440479e+01 3.664356e+00 -6.666170e+00 -6.805094e+00 -2.783085e+00 4.392965e+00 1.799277e+00 -4.546090e-01 2.656384e+00 2.721404e+00 -2.453403e-01 -1.062037e-01 2.480764e+00 6.883668e-01 -3.131941e+00 -1.861210e+00 -1.127997e+00 -2.053923e+00 -2.913716e-01
6.806341e+00 3.379426e+00 1.268572e+01 6.689796e+00 -1.579941e+01 -1.075885e+01 3.338209e+00 -8.788125e+00 -8.093683e+00 -5.056285e+00 2.097811e+00 8.155251e-01 -6.470196e-01 2.400734e+00 2.796413e+00 -5.886927e-01 -1.168586e+00 3.988655e+00 6.854190e-02 -2.847073e+00 -1.315224e+00 -1.150203e+00 -2.199476e+00 -8.194867e-01
7.589017e+00 4.127759e+00 1.605064e+01 5.515871e+00 -1.844891e+01 -3.910305e+00 3.550033e+00 -1.554144e+01 -8.903049e+00 -4.407808e+00 1.006768e+00 1.172244e-01 -1.016160e+00 2.184758e+00 2.427014e+00 -8.375419e-01 -5.917376e-01 2.812257e+00 -5.640267e-01 -1.049147e+00 -2.522234e+00 -1.213718e+00 1.462716e-01 -2.210668e+00
5.888395e+00 7.965630e+00 1.638180e+01 5.792092e+00 -1.924959e+01 -9.748206e-01 3.049571e+00 -1.667313e+01 -9.192558e+00 -6.189430e+00 -1.815572e+00 -9.864765e-01 -1.629371e+00 1.622754e+00 5.051172e-01 1.105828e+00 4.000561e-01 1.162468e+00 -5.423453e-01 3.254237e-01 -1.666257e+00 -1.400270e+00 1.871943e+00 -2.459651e+00
7.569652e+00 7.389768e+00 -1.086806e+01 -3.554743e+00 2.327124e+00 -3.608120e+00 2.786078e+00 1.476010e+00 1.476420e+00 1.302559e+01 -6.951525e+00 -2.007168e+00 3.768699e+00 -2.238540e+00 2.385508e+00 -1.692263e+00 -3.530673e+00 -1.751831e+00 -2.624499e+00 -2.776017e+00 4.595807e+00 -4.518349e-01 -3.858933e-01 3.024775e-01
3.851047e+00 8.455451e+00 1.849640e+01 4.846630e+00 -1.544591e+01 -5.235522e+00 9.885421e-01 -7.969403e+00 -1.886683e+01 -8.285101e+00 7.081015e+00 -8.353062e+00 -1.757701e+00 6.698550e-01 -6.404705e-02 1.724017e+00 1.599819e+00 -8.010074e-01 -8.696129e-01 1.071996e+00 -2.790400e+00 -1.760511e+00 1.911546e+00 -2.105434e+00
-2.620403e+00 -1.946518e-01 9.145757e+00 -2.441716e+00 8.567064e+00 2.688874e+00 -3.602870e+00 4.306844e+00 1.153482e+00 -3.267009e+00 4.747128e+00 3.353268e+00 1.274420e+00 1.497275e+00 6.802244e-01 4.085097e+00 1.809815e+00 -9.356363e-01 -7.725568e-01 3.166799e+00 -7.184670e-02 1.899625e+00 1.063316e+00 -1.423304e-01
-3.130407e+00 4.522655e+00 -8.324037e+00 1.373649e-01 7.231437e+00 5.575567e+00 1.164685e+01 4.243256e+00 -3.873837e+00 1.612178e+01 -6.399672e+00 -7.397743e+00 3.914501e+00 -1.401439e-02 1.543372e+00 -9.330015e-01 -2.591182e+00 -9.901322e-01 -6.766688e-01 -3.424329e+00 1.743817e+00 6.042824e-02 -1.347164e+00 1.936546e+00
-1.126752e+00 -7.974101e+00 1.139080e+01 4.460441e+00 1.039544e+01 3.125206e+00 -1.665956e+00 7.379767e+00 1.212539e+00 -3.328863e+00 -7.562309e-01 -3.094561e+00 1.415563e+00 -1.213110e+00 2.505311e-01 2.905851e+00 9.319099e-01 -1.418600e-01 4.907983e-01 1.809052e+00 -1.023078e+00 1.445745e+00 -5.837853e-01 -5.866152e-01
5.284729e-01 9.329350e+00 1.398842e+01 1.255355e+01 -1.530063e+01 -4.283903e+00 1.907228e+00 -1.094703e+01 -1.144308e+01 -1.011899e+01 8.420402e+00 -7.247584e+00 -1.482310e+00 -6.417207e-01 -2.364790e+00 8.587924e-01 4.309352e+00 -1.532321e-01 -1.427529e-01 2.085907e+00 -9.967040e-01 8.312691e-01 1.757674e+00 6.897171e-01
1.814401e+00 -7.932717e+00 6.975327e+00 2.301876e+00 5.485362e+00 -3.263402e+00 -3.861756e+00 7.970510e+00 -1.407752e+00 1.860882e-01 3.344393e+00 2.457591e+00 1.578095e+00 -6.437970e-01 -8.185492e-02 7.584346e-01 -5.864006e-01 -1.206322e+00 3.903176e-01 1.047270e+00 -2.596261e-01 1.954042e-01 -1.039881e+00 1.063394e+00
1.104262e+00 -9.338106e+00 9.447601e+00 2.676163e+00 8.151487e+00 6.341021e-01 -2.580750e-01 4.217532e+00 -2.405033e+00 -3.999426e-01 -3.347862e-02 2.804908e+00 5.529666e-01 2.217363e+00 -7.732531e-01 1.586691e-01 -8.239196e-01 -1.215140e+00 9.717801e-01 3.806258e-01 5.841512e-01 -1.834982e+00 -4.219063e-01 2.124950e+00
4.154566e+00 -2.731634e+00 9.708081e+00 2.242596e+00 6.757036e+00 -2.097183e+00 -2.355222e+00 1.112431e+01 1.664137e+00 -3.754449e+00 -8.136531e-01 5.720504e+00 2.117217e-01 2.156743e+00 -9.320491e-01 6.725137e-01 -1.107185e-01 -3.611088e-02 1.599292e+00 1.390286e+00 1.390880e+00 -2.178118e+00 -6.364332e-01 2.859236e-01
-4.530902e+00 3.806229e-01 -1.413341e+01 -2.734214e+00 7.302556e+00 4.514263e+00 8.427524e+00 6.430425e+00 -2.704672e+00 1.007605e+01 -2.023738e+00 -4.450800e+00 2.319420e+00 3.171859e+00 -5.054383e-02 5.446888e-01 1.580647e-01 -1.070446e+00 1.156405e-01 -1.031677e+00 -9.683754e-01 2.458843e+00 -1.019421e+00 1.600333e+00
4.679985e-01 5.121747e-01 6.158156e+00 5.283426e+00 5.640003e+00 -3.533600e+00 2.439678e+00 7.705997e+00 2.597350e+00 -1.053351e+01 -7.867392e-01 5.898733e+00 5.968353e-01 1.556374e+00 -2.189736e+00 3.303873e-01 -4.399833e-01 5.303690e-01 7.695352e-01 1.382985e+00 1.303551e+00 -1.497487e+00 -2.147089e-01 6.951182e-02
3.191141e+00 -2.074144e+00 3.959804e+00 4.360812e+00 6.187511e+00 -1.360105e+00 2.785828e+00 1.317771e+01 3.045457e+00 -5.637720e+00 5.388572e-01 2.340297e+00 3.911571e-01 2.798387e-01 -2.391757e+00 -6.971650e-02 4.906409e-01 1.104020e+00 2.223789e-01 8.730842e-01 6.593018e-01 8.506886e-01 2.666810e-01 -8.444530e-01
8.010864e-02 6.899532e+00 2.676043e+00 4.431267e+00 8.304457e+00 3.538268e+00 1.290221e-01 -3.824607e+00 -6.224326e+00 -9.572127e-01 -6.511970e+00 -5.122952e+00 6.650648e-01 -3.545039e+00 2.396498e+00 -3.299392e+00 -1.005883e+00 -1.479950e+00 -1.252029e+00 -1.039218e+00 7.263629e-01 -2.595606e+00 -6.906915e-01 -8.697071e-01
1.480473e+00 6.795175e+00 1.692709e+01 1.075523e+01 -1.242430e+01 -6.260801e+00 -2.268600e-01 -1.304451e+01 -2.172979e+01 -1.124558e+01 5.446510e+00 -7.279391e+00 -1.066171e+00 -2.842860e-01 -3.937851e+00 -9.645277e-01 6.058522e+00 2.653816e+00 -3.767800e-01 1.049221e+00 2.568998e+00 2.239528e+00 -1.501404e+00 1.096648e+00
-3.399349e+00 -2.204148e+00 -1.057956e+01 -1.433821e+00 6.027097e+00 -8.205652e-02 2.776938e+00 6.722024e+00 4.197118e+00 8.561251e+00 -1.669370e+00 -8.689542e+00 2.277088e-03 1.490820e+00 -1.033752e+00 1.122861e+00 1.340253e+00 5.564424e-01 2.427434e+00 7.621815e-01 -1.056405e+00 3.112875e+00 -3.562803e-01 -7.152559e-01
-5.136553e+00 1.275061e+00 -3.612742e+00 1.929741e-01 3.132240e+00 2.353207e+00 4.589846e+00 2.213905e+00 -1.416796e+00 3.202156e+00 3.610208e+00 4.202908e+00 1.033043e+00 -3.482035e+00 1.163033e+00 -2.303820e+00 -8.810890e-01 -9.399098e-01 -6.788354e-01 -6.445489e-01 -2.731732e-01 -2.395123e+00 -2.938376e+00 -2.566266e+00
4.059275e+00 -1.338617e-01 1.418467e-01 2.901231e+00 8.912075e+00 1.974139e-01 -5.330269e-01 1.428985e+01 4.548290e+00 -1.294887e+00 1.018021e+00 2.026320e+00 -4.316321e-01 1.647714e-01 -1.725011e+00 -1.585013e+00 -3.819665e-01 2.339291e-01 -8.598558e-01 -4.324606e-01 2.918698e-01 2.017187e+00 9.417915e-02 -1.292672e-01
4.570151e+00 -1.884983e+00 1.373059e+00 3.268991e+00 6.236333e+00 2.917408e+00 1.019076e+00 1.010576e+01 3.422063e+00 -6.945744e+00 -1.783278e+00 4.842570e+00 4.913384e-01 -2.562967e-01 -2.154902e+00 -1.156799e+00 6.376734e-01 7.997940e-01 -1.732399e+00 7.801589e-01 2.788664e-01 3.244324e+00 7.063119e-01 -9.635898e-01
-3.892975e+00 -5.106127e+00 -9.487580e+00 -5.492594e+00 2.138971e+00 4.572922e+00 6.642834e+00 5.395012e+00 2.282820e+00 4.511644e+00 -4.219571e+00 -9.362936e+00 2.737694e-02 -6.639298e-01 -2.302625e+00 1.050375e+00 1.402834e+00 -1.559971e-01 2.215515e+00 1.988170e+00 4.372133e-01 2.605821e+00 -5.021280e-01 -2.017373e+00
2.490623e+00 -1.739450e+00 -2.707376e+00 2.292233e-01 7.466088e+00 -3.133898e-01 -4.562892e+00 1.105072e+01 3.240266e+00 3.516695e+00 2.505239e+00 1.237772e+00 -1.199467e+00 -3.418311e-01 -1.663095e+00 -1.611906e+00 1.819438e-01 3.819804e-01 6.262820e-01 -5.416790e-01 -5.190506e-01 1.175055e+00 2.406106e-01 -1.088996e+00
-5.185343e+00 5.431042e+00 -1.206060e+00 2.144780e+00 3.605146e+00 6.053971e+00 4.554491e+00 -9.609485e-01 -6.272554e+00 -3.025726e+00 2.212111e+00 8.741924e+00 -5.100810e-01 -1.208673e+00 -5.544145e-01 5.980870e-01 -8.264230e-01 -1.312938e+00 -1.038942e-02 1.956668e+00 4.128703e-01 1.543568e-02 1.516481e+00 -4.249283e-01
2.072744e+00 -1.323053e+00 -2.625034e+00 -2.044369e+00 3.662802e+00 1.424940e+00 1.277534e+00 1.054292e+01 4.595705e+00 -7.830051e-01 -1.134505e+00 3.496360e+00 -1.002519e+00 3.147867e-02 -1.297671e+00 -1.303234e-01 4.512727e-02 8.748757e-01 1.233274e+00 -1.227347e+00 -1.963054e-01 -1.114224e+00 -1.561141e+00 -1.395783e+00
-1.028700e+00 1.482068e+00 -7.981078e+00 -1.865930e+00 5.051630e+00 4.285837e+00 1.412168e+00 1.921235e+00 -3.169868e-01 -5.730065e+00 -4.352572e+00 5.145333e+00 -2.890278e-01 -4.828745e-01 -9.297260e-01 1.923952e-02 5.829312e-01 -1.843719e+00 -1.839399e+00 -2.021317e+00 -1.469722e+00 -8.064417e-01 -1.718136e+00 -1.262291e+00
-9.038267e-01 3.755314e+00 -6.024640e+00 -3.145944e+00 3.732023e-01 -1.190332e+00 -4.929781e+00 -1.693663e+00 2.618867e+00 3.256645e+00 -4.804555e+00 -6.039607e+00 -3.413432e-01 -5.452951e-01 5.763612e-01 9.085970e-01 2.674708e-01 4.900879e-01 -9.330858e-01 -5.351260e-01 -6.108499e-01 1.115987e-01 2.040935e-01 6.830919e-01
-1.273184e+00 3.299639e+00 -4.071661e+00 -9.226167e-01 1.138340e+00 -2.960107e+00 -9.611546e+00 -1.821589e+00 4.234200e-01 8.609939e-02 -4.175082e+00 -9.271975e-01 -3.528270e-01 -7.972627e-01 2.968917e-01 7.508456e-01 6.022692e-01 2.015974e-01 -8.054725e-01 -3.137088e-01 5.125844e-01 -1.182552e-01 -3.862662e-01 -4.571128e-02
-4.339199e-01 -2.999542e+00 -5.558979e+00 -2.317742e+00 9.770689e+00 4.213547e+00 3.245206e+00 9.270826e+00 8.031030e-01 -1.326409e+00 4.960381e-01 -1.337428e+00 -8.291169e-01 8.206601e-01 -3.000153e-01 5.322973e-01 8.864196e-02 1.127354e+00 2.238936e+00 -6.181198e-01 3.796469e-01 -1.003881e+00 -1.375371e+00 -1.513301e+00
5.089540e-01 6.535780e-01 -4.920709e+00 3.523097e+00 7.985411e+00 2.308324e+00 1.729293e+00 9.043064e+00 4.785344e+00 -4.444456e+00 -5.783084e+00 -3.664994e+00 -4.737787e-01 1.089264e+00 4.765947e-02 8.612953e-01 -7.516366e-01 -4.146512e-01 1.854292e-01 -1.083191e+00 4.068406e-01 5.193208e-01 -6.410637e-01 -7.097527e-01
2.173014e-01 4.626004e+00 -4.474214e+00 -5.996184e+00 -8.983612e-03 -1.365748e+00 -2.599993e+00 2.257508e+00 -3.296321e+00 -2.735345e-01 -4.766641e+00 -3.890672e+00 6.006144e-01 8.377162e-01 2.223988e-01 -1.178574e+00 -6.941820e-01 -9.042311e-03 1.275501e+00 5.313350e-01 -2.206591e+00 1.589781e-03 7.479981e-01 3.986559e-01
-3.771524e-01 3.004456e+00 -7.223468e+00 -1.664250e+00 7.051697e-01 -5.112209e-01 -3.781378e+00 -1.448679e+00 2.021698e+00 -3.914114e+00 -6.521989e+00 -6.011729e+00 5.023920e-01 9.026990e-01 4.274779e-01 -5.502616e-01 -1.116056e+00 -4.860613e-01 -8.140504e-01 -4.954098e-01 -1.428304e+00 -5.303695e-01 -8.544067e-01 8.585240e-01
-2.902566e+00 4.081366e-01 -8.929862e+00 -2.031400e+00 7.135900e+00 1.644071e+00 1.014061e+00 2.815577e+00 2.316506e+00 6.544423e-02 -1.996675e+00 -4.938358e+00 9.667397e-03 6.829360e-01 -2.350670e-01 -8.699961e-01 -1.371291e+00 7.559348e-01 -7.690931e-01 -9.426205e-01 7.107514e-01 -4.039883e-01 2.418449e-01 -6.294669e-01
-7.657623e-02 1.935726e+00 -3.636418e+00 1.049748e+00 1.915967e+00 -9.823871e-01 6.243281e-01 5.407355e+00 4.509619e+00 9.863878e-01 -3.068141e+00 6.529107e-01 -1.550457e-01 1.669009e-01 -4.775754e-01 -6.235499e-01 -6.614450e-01 -1.092899e+00 -1.216107e+00 -1.995222e+00 -1.685046e+00 -4.660793e-01 -4.550122e-01 1.084516e+00
-3.460756e+00 -1.880688e-01 -5.478192e+00 -4.097750e+00 3.111965e+00 2.764026e+00 4.020274e-01 9.500544e-01 -1.085557e+00 3.339607e+00 -3.520354e+00 -1.365396e+00 8.131205e-01 -1.436037e+00 -1.816674e+00 9.793144e-01 5.875052e-01 -9.819722e-01 1.723419e+00 2.651962e+00 1.227000e+00 1.638847e+00 -1.984978e+00 -3.442770e+00
-1.788200e+00 2.901696e+00 -4.701969e+00 -2.555711e+00 2.036931e+00 -5.336752e-01 -5.388656e+00 -1.529657e+00 1.574672e+00 -5.041375e+00 -7.067935e+00 -6.287928e+00 5.820873e-01 1.382229e+00 2.639519e-01 -6.343569e-01 -1.355088e+00 8.613589e-02 -1.289253e+00 -1.109366e+00 -4.617872e-01 -7.356175e-01 9.936857e-02 8.115746e-01
-8.730659e-01 1.375535e+00 -3.059615e+00 1.069765e-01 5.747993e+00 4.881688e+00 6.405909e+00 8.710052e+00 5.043681e+00 3.280138e-01 -2.047328e+00 -2.748057e+00 -1.775090e-01 1.024537e+00 -3.559908e-01 -1.569724e-01 -1.550756e+00 -3.146130e-01 -4.771041e-01 -1.833489e+00 -2.515905e-01 -3.376469e-01 -6.982278e-01 1.728343e+00
-2.173378e+00 2.428397e+00 -4.631065e+00 -5.183959e-01 4.715757e+00 1.985969e+00 -6.935128e+00 -4.481663e+00 -6.583705e+00 -4.308403e+00 -6.263192e+00 -2.987483e-01 -1.307249e-01 -1.720539e-01 -5.891276e-03 6.844008e-02 7.023589e-01 -6.091361e-02 -3.713668e-01 4.922442e-01 6.715335e-01 -7.064471e-01 -5.701271e-01 -2.210584e-01
-1.140644e+00 4.226202e+00 -5.571025e+00 -2.285800e+00 3.633933e+00 -2.630998e+00 -8.604855e+00 -6.773732e-01 4.192011e+00 -3.121996e-02 -5.730341e+00 -4.925138e+00 7.105458e-01 8.383894e-01 8.772912e-02 -1.499326e+00 -1.109893e+00 -7.381272e-01 1.204534e+00 1.466758e+00 -7.140212e-02 8.198844e-01 6.251243e-01 -5.707802e-01
-6.580257e+00 2.729576e+00 -2.832972e+00 -3.662266e+00 3.587437e-02 2.558586e+00 1.203162e+00 -1.143454e+00 -4.383605e+00 2.746048e+00 2.228724e+00 1.319125e+00 5.871126e-01 2.292045e-01 -9.344438e-01 -1.048413e+00 -1.358720e-01 3.970097e-01 -4.641246e-01 -4.990602e-01 8.475567e-01 -1.090534e+00 -9.359379e-01 -1.216977e+00
-2.262264e+00 -7.883824e-01 -7.102528e+00 3.214836e-02 7.107449e+00 -3.398975e+00 -1.551736e+00 7.646441e-02 4.296560e-01 -1.338094e+00 -8.719316e+00 -7.638499e+00 -4.233109e-01 1.812577e-01 2.476210e-01 -4.802762e-01 -3.919866e-01 -5.136707e-01 -1.073321e+00 -6.547569e-01 7.059374e-01 5.188638e-01 -5.218763e-02 -2.561577e+00
-1.884575e-01 1.434816e+00 -4.847854e+00 1.391800e+00 5.026368e+00 -2.858245e+00 -1.854373e+00 2.461363e+00 -9.595505e-01 -3.745813e+00 -6.905523e+00 -2.189109e+00 -6.885544e-01 -5.325629e-01 -9.708337e-01 -4.264218e-01 1.249568e+00 -2.431895e-01 -2.184438e-01 -7.028327e-01 -3.639583e-01 2.550084e-01 -2.223812e-01 -2.396637e+00
-7.678337e+00 8.064680e-01 -3.170645e+00 -3.463195e+00 2.675251e+00 2.123323e+00 9.982367e-01 -1.210711e+00 -4.356287e+00 2.272491e+00 4.062810e+00 5.015862e+00 -1.720047e-03 -9.636261e-02 -4.977602e-01 -1.033933e+00 -5.759788e-01 -2.583080e-01 -1.049467e+00 -6.110038e-01 -3.547240e-02 -4.754561e-01 -4.701092e-01 -1.457126e+00
-6.145344e-01 4.824603e+00 -6.635964e+00 -3.323210e+00 3.547373e+00 -1.890650e+00 -5.600283e+00 -3.338236e+00 -1.731876e+00 -3.026402e+00 -5.959816e+00 -3.043941e+00 1.168461e-01 2.662956e-01 -1.247348e-01 -3.915174e-01 -3.232227e-01 -9.098415e-02 1.748750e-01 2.363485e-01 -3.105049e-01 1.691626e+00 4.225979e-01 4.240639e-01
-9.774389e-01 3.960178e+00 -5.825474e+00 -4.398958e+00 8.003998e-01 -1.077480e-01 -2.950377e+00 1.242818e+00 -3.171741e+00 -3.593889e+00 -6.822768e+00 -2.267732e+00 -2.081355e-01 -4.789233e-02 6.914940e-01 1.660534e-01 -2.307830e-01 -4.197455e-01 -1.098984e+00 8.987530e-02 1.154186e-01 1.428347e+00 5.849075e-01 7.173397e-01
-5.390645e+00 4.545629e+00 8.446219e-01 -1.796460e+00 5.286286e+00 5.009215e+00 -4.997878e-01 -3.832438e+00 -1.953622e+00 2.992694e+00 1.914472e+00 1.274993e+00 -1.927553e-01 -4.187387e-01 -1.634568e-01 9.979995e-01 2.666714e-02 2.031032e-01 1.385348e+00 1.154639e+00 -6.767738e-01 -7.257410e-01 9.199070e-01 8.098236e-01
-6.145765e+00 3.035899e+00 -1.564592e+00 -2.396920e+00 4.928252e+00 1.466623e+00 -1.442461e+00 -3.163567e+00 -3.014260e+00 1.612226e+00 1.440764e+00 3.021852e+00 -6.029902e-02 1.225710e-01 5.020893e-01 4.113293e-01 1.513080e+00 1.565309e+00 4.783805e-01 1.639231e-01 8.620434e-01 1.107698e+00 4.770278e-01 -1.350826e+00
-6.134699e+00 2.028400e+00 -2.090211e-01 1.342806e+00 5.743615e+00 6.487284e+00 1.418115e+00 -2.445817e-01 -2.072236e+00 1.462128e+00 2.111264e+00 7.025673e+00 8.004681e-01 1.629091e-01 -4.731949e-01 5.962459e-01 3.752885e-01 -1.376131e+00 -5.885323e-01 -4.560781e-01 -3.309832e-01 -2.312253e-01 -1.868248e+00 -5.716819e-01
-7.092897e+00 1.076860e+00 -3.654495e+00 -5.749629e+00 3.286080e+00 5.178662e+00 -1.787440e+00 -3.528059e+00 3.282311e-01 2.793959e+00 5.439537e+00 2.855843e+00 1.037834e+00 -2.026418e-01 -6.953096e-01 -4.260967e-01 2.583503e-01 2.594029e-01 -3.858176e-01 4.840545e-01 8.675663e-01 -9.540536e-02 -1.598266e+00 -1.210765e+00
-6.954262e+00 4.045663e+00 -2.315891e-01 -1.187532e+00 3.634949e+00 2.216091e+00 5.172777e-01 -3.699630e+00 1.423634e+00 5.720348e+00 6.727440e+00 9.880619e+00 -2.819288e-01 8.843996e-02 2.902032e-01 -3.226466e-01 6.212562e-01 1.048615e+00 4.925253e-01 -9.276823e-01 -1.817647e+00 2.277232e-01 4.853144e-02 2.332680e+00
-2.106798e+00 6.373233e-01 -5.037803e+00 -1.958504e+00 1.640468e+00 -6.879120e-01 -5.975067e+00 1.068274e+00 3.992468e+00 -4.026406e-01 -8.024781e+00 -5.366718e+00 4.013704e-01 4.450534e-01 -1.745066e-01 -1.191454e+00 -3.376471e-01 -1.428249e-01 1.235338e+00 1.196248e+00 3.336234e-01 3.557916e-01 -6.502672e-02 -1.055334e+00
-4.168011e+00 4.593980e+00 -1.529958e+00 -2.806510e+00 4.465217e+00 6.332232e+00 1.956009e+00 -5.033777e+00 1.045515e+00 3.090669e+00 9.177796e-01 1.425861e+00 1.020358e-01 7.874928e-01 2.481226e-01 1.153484e-01 -5.812093e-01 7.408499e-01 5.864346e-01 3.805320e-01 -8.858712e-01 -9.825333e-01 1.229471e-01 5.604469e-01
-4.637083e+00 2.692232e+00 -5.170974e+00 -6.654123e+00 1.745951e+00 3.871207e+00 -1.462595e+00 -6.244390e-01 -2.249401e+00 -3.422382e-01 1.412394e+00 1.973990e+00 9.006706e-01 -1.693633e+00 -1.513291e+00 -2.008778e-01 4.032078e-01 1.614036e-01 1.306881e+00 1.755505e+00 1.191906e+00 4.076841e-01 -2.185648e+00 -2.558536e+00
-6.248426e+00 3.437990e+00 -1.379618e+00 -1.471501e+00 3.606572e+00 4.610643e-01 -7.892931e-01 4.206868e+00 3.267670e+00 4.037112e+00 5.068091e+00 1.478045e+00 -1.108135e-01 6.602241e-01 3.040188e-01 -2.916287e-01 2.058367e-01 8.097199e-01 1.243317e-01 -1.019451e+00 4.171727e-01 7.210937e-01 2.087622e-02 1.944570e+00
-4.514174e+00 5.105542e+00 -1.809771e+00 -6.190495e+00 -3.391608e+00 -1.711724e+00 -2.960513e+00 -5.569920e+00 -5.084641e+00 -2.289050e+00 -9.288918e-01 6.208920e+00 -4.066969e-01 -6.996385e-01 1.058061e-01 1.564591e+00 2.672154e+00 1.218944e+00 8.090270e-01 7.184581e-01 7.912527e-01 1.266878e+00 7.502433e-01 -7.516798e-01
-7.279926e+00 1.681405e+00 -7.406796e-01 -2.555277e+00 2.730725e+00 3.413828e+00 -5.348108e-01 7.121873e-01 -4.144926e+00 5.371167e+00 6.780447e+00 6.978868e+00 -1.958656e-02 -3.908464e-01 -6.161571e-01 -7.279207e-01 -9.341447e-01 -3.234268e-01 -1.958875e-01 5.302502e-01 -1.635702e+00 -7.534790e-01 -1.044884e+00 -1.941873e+00
-6.113300e+00 5.615895e-01 -2.607807e+00 -7.730219e-01 2.304325e-01 9.615128e-01 -4.383502e-01 2.546734e+00 3.502603e+00 4.143335e+00 6.760854e+00 -1.767752e+00 -3.185388e-01 1.435580e-02 3.113150e-01 -8.253557e-01 -1.825445e-01 -9.835966e-01 -1.304876e+00 -1.843709e-01 2.139914e+00 2.048754e+00 8.705617e-01 3.424967e-02
-6.600876e+00 5.236747e-01 -2.543825e+00 1.174331e-01 5.491623e+00 2.621270e+00 4.185037e+00 5.732150e-01 -2.739094e+00 1.041718e+00 5.393133e+00 3.412938e+00 -2.643520e-01 -7.084728e-01 -5.850226e-01 -2.267883e-01 -6.734142e-01 -1.418876e+00 -5.571851e-01 1.958629e+00 2.021774e+00 9.257898e-01 1.085598e+00 -1.010357e+00
-6.734463e+00 2.082758e+00 -2.211840e+00 -1.133456e+00 4.818549e+00 6.042581e+00 4.328881e+00 -1.400861e+00 3.862538e-01 3.858680e+00 5.514221e+00 7.311604e+00 -3.185486e-01 -7.627302e-01 -4.091145e-01 -5.351135e-01 -2.766864e-01 4.522254e-01 2.522971e-01 -6.423341e-01 -2.081647e+00 -3.878424e-01 -1.957557e-01 4.173884e-01
-5.300811e+00 4.010395e+00 1.342106e+00 1.910593e+00 6.344330e+00 7.018793e+00 3.338435e+00 -1.242923e+00 -1.867299e+00 2.740534e+00 6.937923e+00 5.733909e+00 -1.047442e+00 -1.794902e+00 -1.625931e+00 -4.332255e-01 -6.420279e-01 -9.903983e-01 9.727413e-01 1.668660e+00 1.018049e+00 1.117778e+00 8.387923e-01 3.337404e+00
-5.317962e+00 2.248443e+00 -1.242066e+00 1.868267e+00 6.690209e+00 4.121017e+00 2.093654e+00 -3.198044e+00 -1.312879e+00 2.577174e+00 1.834230e+00 5.066261e+00 -9.392633e-02 -3.092767e-01 8.048032e-02 1.056155e+00 2.403351e+00 1.926626e+00 1.135110e+00 3.478637e-01 1.433070e+00 1.466071e+00 6.062998e-01 -1.275319e+00
-3.840103e+00 4.717320e+00 2.564594e+00 5.912280e-01 4.821969e+00 8.086127e+00 3.697389e+00 1.841972e-01 -4.344159e+00 4.297248e-01 1.165411e+00 -3.030044e+00 -1.584783e+00 -1.201225e+00 -1.289104e+00 -1.240220e+00 9.455636e-01 1.594427e+00 1.701149e-01 1.202379e+00 2.484851e+00 8.641008e-01 -4.308824e-01 2.339096e+00
-1.046638e+00 8.905113e+00 3.130104e+00 2.734890e+00 6.803202e+00 6.505777e+00 -1.413497e+00 -6.343787e+00 -5.371081e+00 -1.870534e+00 -1.108277e-01 -7.456253e+00 -1.706480e+00 -6.439404e-01 -3.394788e+00 -2.422979e+00 4.157286e+00 3.587366e+00 7.884473e-01 2.749342e+00 4.812541e+00 2.895480e+00 -3.641814e-01 2.107128e+00
-3.378687e-01 5.587165e+00 5.342502e+00 7.131757e+00 7.863610e-01 -1.228342e+00 2.943507e+00 -3.706043e+00 -1.274460e+01 -5.528426e-01 7.790051e+00 1.925274e+00 -1.126426e+00 -7.114120e-01 -3.664464e+00 -3.194499e+00 5.947270e+00 3.750664e+00 2.393683e-01 2.896317e+00 3.055654e+00 3.047248e+00 -2.006732e+00 8.258220e-01
