6.738291e-02 -3.067929e+00 -1.339086e+00 4.911168e-01 -1.656168e+00 8.200624e-02 -1.639568e+00 -1.075742e+00 -8.254487e-01 -9.061826e-01 -4.153650e-01 9.159447e-01
6.412712e-01 -3.851550e+00 -1.173695e+00 -4.400669e-01 -2.364040e+00 -1.379539e+00 -4.303430e+00 -2.402751e+00 1.588524e+00 5.767221e-01 -3.998378e-01 6.557245e-01
8.135790e-01 -1.550703e+00 3.699413e-01 -4.907205e+00 -5.893286e+00 1.559507e+00 -1.268577e+00 7.900604e-01 2.063527e+00 -4.567443e-01 -1.712256e-01 -1.997673e+00
-1.063339e+00 -8.589410e-01 3.360558e-03 1.222839e+00 -9.042751e-01 1.995485e-02 1.500311e+00 1.607462e-01 -9.798128e-01 -1.267063e-01 7.188958e-01 9.089533e-01
1.731112e+00 -9.047917e-01 3.001611e-01 -3.553775e+00 -1.467404e+00 -3.463544e+00 -4.606511e+00 -3.764100e+00 -2.965260e+00 -2.905456e+00 7.591771e-01 1.934494e+00
2.082304e+00 3.418275e-01 3.235922e-01 -3.222370e+00 -2.164209e+00 -3.727606e+00 -5.310177e+00 -4.220434e+00 -3.021449e+00 -1.135431e+00 2.033765e+00 2.661986e+00
1.285557e+00 -2.688148e+00 -1.144846e+00 -2.577000e-01 -1.213299e+00 -1.065456e+00 -5.983381e+00 -1.813074e+00 2.110946e+00 -2.702839e-01 -3.011877e+00 -1.477389e+00
4.085936e+00 4.819688e-01 6.052130e-01 -6.542821e+00 -6.024127e+00 2.911970e+00 -1.326195e+00 -6.397628e-01 1.224109e+00 -3.454612e+00 4.187205e-01 -2.165266e+00
5.312262e-02 1.362338e+00 1.587951e-01 8.995982e-01 7.067927e-01 7.871579e-01 -3.257064e-01 1.159951e+00 -3.392506e-01 5.785499e-01 -5.982233e-01 -9.569075e-01
-1.396341e+00 2.153921e-02 3.098788e-01 9.131104e-01 -1.613872e-01 4.241942e-01 5.989122e-01 4.007879e-01 -9.563804e-01 -3.564681e-01 -2.258423e-01 -6.327761e-01
6.140203e+00 3.083434e+00 2.599053e-01 -5.529187e+00 -4.873362e+00 3.216014e+00 -2.431717e-01 -1.259414e+00 5.209970e-02 -4.169608e+00 1.060937e+00 -1.754535e+00
-3.854783e-01 -1.048075e+00 -2.409551e+00 1.993370e-03 1.374264e+00 9.389440e-01 2.474028e-01 8.058470e-01 -1.746838e+00 -2.901594e+00 2.232931e+00 1.490132e+00
-6.428049e-01 -1.028684e+00 -3.502608e+00 1.040976e+00 1.547608e+00 8.303167e-01 4.481884e-01 1.152879e+00 -1.675924e+00 -2.949164e+00 2.348641e+00 1.927175e+00
-1.017947e+00 -9.051430e-01 1.214416e+00 -1.143455e+00 -2.771299e+00 5.933455e-01 -1.207444e+00 1.495606e+00 1.656093e+00 -1.603186e-01 -1.596129e+00 -1.330607e+00
1.053118e+00 -5.472256e-01 -2.718010e-01 -2.073177e+00 -1.047788e+00 -1.081710e+00 -1.386986e+00 -1.089712e+00 -1.191839e+00 -1.433120e+00 -5.885703e-02 2.095706e-01
-2.539062e-01 -8.163463e-01 -1.191599e+00 -4.407246e-01 1.454373e+00 6.780764e-01 7.415776e-01 3.567058e-01 -1.566266e+00 -2.167295e+00 1.722474e+00 1.365829e+00
-4.847805e-01 -1.335593e+00 -3.236928e+00 1.658928e+00 2.737761e+00 9.728346e-02 3.345536e-01 1.297533e+00 -1.611670e+00 -2.294888e+00 2.869829e+00 2.386038e+00
1.151357e+00 1.237533e+00 -3.020564e-01 -8.481364e-01 -1.790897e+00 -2.668513e+00 -2.553269e+00 -1.491356e+00 -1.630264e+00 9.361459e-01 1.296072e+00 5.391207e-01
-5.207405e-02 1.031321e+00 4.604836e-01 1.842888e-01 5.779760e-01 -5.870970e-01 -6.505137e-01 1.430683e+00 -7.548970e-01 1.915341e+00 7.639530e-01 2.466122e-01
-2.631170e-01 -1.780127e-01 1.377026e+00 -8.272082e-01 -2.072782e+00 8.895208e-01 -1.384728e+00 1.411747e+00 1.185147e+00 5.424325e-01 -1.530086e+00 -1.351573e+00
4.966771e-01 8.590101e-01 1.281466e+00 -3.208822e-01 -1.797119e+00 3.137447e-01 -8.765532e-01 7.157823e-01 1.543244e+00 1.118874e+00 -2.605582e-01 -5.373825e-01
1.430205e-01 5.545926e-01 4.226838e-01 -5.796871e-01 -1.625534e-01 -2.800695e-01 -1.827783e-01 -1.845374e-01 -4.967193e-01 -4.470165e-01 -1.137752e-02 1.204366e+00
5.292956e+00 4.183045e+00 8.491770e-01 -3.242470e+00 -1.233883e+00 4.209987e+00 -8.712686e-01 -6.191017e-01 -6.429100e-01 -4.029067e+00 6.499358e-01 -1.658937e+00
4.775228e-02 3.313971e-01 3.341061e-01 7.169591e-01 -4.210948e-01 -4.027001e-01 -1.246386e-01 4.240630e-01 -9.433304e-01 8.381218e-01 5.466220e-01 6.211963e-01
2.211103e-01 -9.099415e-01 -1.935783e+00 -9.245043e-01 7.902174e-02 7.284083e-01 3.209449e+00 2.695438e-01 -1.419602e+00 -2.364934e+00 -2.385887e-01 2.278561e-01
7.038714e-01 7.266335e-01 2.510314e-01 1.478953e-01 4.453884e-01 -7.257704e-02 -7.841163e-01 -1.822671e-01 2.249393e-02 1.275135e+00 -5.447601e-01 3.337128e-02
-1.394512e-01 3.754578e-02 -4.116065e-01 -3.611046e-01 -2.522055e-01 7.613518e-01 -5.981871e-01 5.283454e-01 -6.789640e-01 -1.709830e+00 2.529971e-01 -7.100677e-01
-1.444609e-01 -1.597959e+00 -1.091638e+00 -1.173507e+00 -1.109894e+00 -1.057818e+00 -2.279261e+00 9.558110e-02 1.910499e-01 -1.483999e+00 -2.160435e+00 -2.012057e+00
5.309283e-01 6.594185e-01 -7.213396e-02 -8.238668e-01 2.523128e-02 -4.517021e-01 -5.348744e-01 -6.247846e-01 -9.502441e-01 2.300116e-01 3.037310e-01 7.828752e-01
-1.938089e-01 3.578986e-01 1.318581e+00 3.488040e-02 -3.950008e-02 -9.896202e-02 2.995386e-01 1.780585e-01 -3.810436e-01 -5.056230e-02 5.235071e-02 6.110523e-01
5.924292e-01 -2.680917e-01 -6.804376e-01 -8.389746e-01 -1.045160e-01 -8.399299e-01 1.878965e+00 -5.849314e-03 -1.612489e+00 -1.712985e-01 1.205500e+00 1.012259e+00
6.010427e-02 -5.575465e-01 -2.183705e-01 -1.542690e-01 1.062420e+00 8.160839e-02 1.218498e+00 -3.670281e-01 -6.445948e-01 -8.795687e-01 1.458045e+00 7.366946e-01
3.922844e-02 -3.533676e-01 1.746447e-01 6.372674e-01 2.191782e-01 6.083852e-01 6.851249e-01 -4.208517e-01 -1.657905e-01 6.939578e-01 8.172943e-01 -6.243576e-01
-5.181718e-01 -2.842331e-03 7.845046e-01 4.562801e-01 1.457654e-01 -2.995428e-01 -1.586086e-01 -3.012902e-01 3.592491e-01 6.768000e-01 5.583470e-01 -2.336843e-01
5.892527e-01 1.267870e+00 1.062191e+00 4.656410e-01 -9.086273e-01 4.866571e-02 -6.628363e-01 4.946303e-01 1.665277e+00 1.014456e+00 9.738618e-01 -1.824472e-01
-5.702173e-01 1.379553e+00 9.731159e-01 7.678900e-01 -7.325333e-01 1.442270e+00 7.385571e-02 6.738204e-01 -7.482445e-02 1.443710e-01 -3.172878e-01 3.642460e-01
-4.430073e-01 1.085881e+00 6.743374e-01 -2.419961e-01 -6.229798e-01 1.234153e+00 2.894161e-01 9.004095e-01 -8.686172e-01 6.829558e-02 3.303968e-02 -2.481080e-01
-1.593409e-01 -6.217013e-01 -1.042803e+00 -4.023771e-01 -1.032342e+00 8.937336e-01 3.088088e-01 1.929186e-01 -1.186334e+00 -1.803596e+00 4.347228e-02 -6.532087e-01
3.002357e-03 -9.473266e-02 -4.791136e-01 -7.002872e-01 -1.490905e-02 2.634707e-01 4.274614e-01 3.773065e-02 -9.447899e-01 3.484582e-01 -3.969248e-01 -5.554481e-01
-2.386904e-02 8.301683e-02 -1.515006e-01 -5.824165e-02 2.716036e-01 -8.177951e-01 1.666613e-02 -5.497842e-01 8.253136e-01 1.474569e+00 1.547148e+00 6.640846e-01
2.244060e-01 4.879115e-01 2.862280e-01 3.966100e-01 -3.855962e-01 3.643366e-01 9.519226e-01 9.853876e-01 1.302030e-02 1.533867e+00 -2.249415e-01 -1.271432e+00
-4.570080e-01 -2.824299e-01 7.543914e-02 2.923382e-01 -4.566314e-01 -1.311441e+00 -1.733784e+00 -1.092109e-02 -1.455655e+00 -4.892236e-01 -8.002902e-01 1.895996e-01
-9.294415e-02 -6.790157e-02 -3.739911e-01 -1.861103e-01 1.313522e+00 1.614737e-01 -2.558946e-01 -7.351243e-02 1.462714e-01 -7.230023e-01 -5.722909e-01 9.261689e-01
-9.230623e-01 -7.727982e-01 3.417142e-02 6.106073e-01 6.219542e-03 -1.313223e+00 -8.152835e-01 -1.804700e+00 -4.732688e-01 7.688870e-02 1.351349e+00 -3.125255e-02
1.106376e-01 3.303675e-01 4.222693e-01 3.213195e-01 -2.067261e-01 4.378515e-01 9.326887e-01 1.273559e+00 5.242330e-01 3.363447e-01 -1.742289e+00 -1.455268e+00
-4.763165e-01 -9.962749e-02 4.107548e-01 5.593317e-01 6.687831e-01 2.641582e-01 -2.425560e-01 2.572098e-01 1.930092e+00 1.537922e+00 1.950904e+00 1.482371e-01
-3.631130e-01 -4.776848e-01 -6.243668e-02 -8.786276e-01 -5.068006e-01 5.014032e-01 2.278078e+00 9.374043e-01 -8.177586e-01 -1.627830e+00 -4.036971e-01 -8.062107e-01
4.092288e-01 -2.018743e-02 3.309597e-01 6.067892e-01 1.214905e-01 6.207665e-01 6.520400e-01 6.668420e-01 6.137574e-02 9.861215e-01 -4.863474e-01 -1.866319e+00
-4.446309e-01 -9.636122e-01 -2.981184e+00 2.526846e+00 3.651788e+00 -7.167613e-01 -1.222027e+00 1.451339e+00 -1.339118e+00 -1.156663e+00 3.002260e+00 1.839062e+00
2.130249e-01 2.071525e-01 1.496757e-02 -4.161496e-02 -1.362062e+00 5.846875e-01 1.067346e-01 -1.409426e-01 -2.930315e-01 -5.882604e-01 -2.200889e-01 3.189543e-01
1.064890e-01 3.794369e-01 -1.453368e-01 -7.306627e-01 -3.997074e-01 3.711403e-01 -4.214991e-01 -4.835986e-01 -7.815802e-01 -1.174281e-01 1.687186e+00 1.925097e+00
-4.541357e-01 -3.506625e-01 2.616745e-01 7.120560e-01 1.000848e+00 -3.062020e-01 -2.749803e-02 -4.744665e-01 -1.358808e-01 -6.297989e-01 -1.273040e+00 -3.293312e-01
-3.300770e-01 -9.992307e-01 -1.320505e+00 -1.356346e+00 -1.574759e+00 -3.465390e-01 1.043984e+00 -4.435144e-01 -1.286462e+00 -9.293209e-01 -4.627945e-01 1.430735e-01
2.084364e-01 -3.591062e-01 -1.022310e+00 -1.486823e-01 -1.116636e-01 -2.826005e-01 -1.019570e+00 -1.527193e+00 2.863529e-01 1.899285e+00 7.021661e-01 -8.616645e-01
4.266543e-01 -1.509563e-01 -8.071600e-01 -5.780124e-02 -5.462587e-01 5.699253e-03 2.802203e-01 -3.229775e-01 4.293515e-01 1.486505e+00 2.974575e-01 -8.812268e-01
-4.673751e-01 -5.430484e-01 -1.964003e-01 -1.800993e-01 3.329036e-01 -1.026269e-01 -2.994524e-01 -1.102139e+00 -1.166431e+00 3.630688e-01 -7.353301e-02 8.670591e-01
3.265200e-02 -2.427867e-01 5.455574e-01 8.102587e-01 -5.895277e-01 1.442507e-01 -3.814506e-01 -1.201136e+00 4.911702e-02 -2.390282e-01 1.465817e-01 4.079067e-01
2.283403e+00 3.604752e+00 1.142043e+00 5.282666e-01 1.890139e+00 2.375484e+00 -5.775903e-01 -3.467987e-01 -5.560516e-01 -1.627710e+00 -8.697454e-01 -3.234709e-01
2.667006e-01 -6.945642e-01 -1.733858e+00 2.127808e+00 4.407554e+00 -1.266752e+00 -3.251914e+00 7.972893e-01 1.934732e+00 6.318102e-01 2.316460e-01 3.211633e-01
4.796614e-01 -5.320204e-01 4.172814e-01 1.839088e-01 4.670303e-01 -8.389498e-01 1.646318e+00 -8.165711e-01 7.658438e-02 2.892543e-01 4.628958e-01 2.145403e-01
3.017778e-01 4.002789e-01 1.869624e-01 -2.222525e-01 5.677896e-01 2.811903e-01 2.369758e-01 5.493186e-01 2.729492e-01 -6.461489e-01 -3.507811e-01 1.548214e+00
-2.173690e-01 -5.720578e-01 -2.447023e+00 2.705511e+00 4.388757e+00 -1.313586e+00 -2.298858e+00 1.071540e+00 2.578472e-01 -2.497377e-01 1.942405e+00 1.158550e+00
-2.613126e-01 -8.743327e-01 -9.745286e-01 4.109150e-01 -3.014682e-02 -3.060670e-01 -3.763175e-01 -6.570521e-01 5.993151e-01 6.492867e-02 2.392467e+00 2.048964e+00
-6.103385e-01 2.118337e-01 1.115768e+00 4.420047e-02 4.640369e-01 -6.946623e-01 -8.577772e-01 3.884895e-01 9.740229e-01 1.353884e+00 9.950548e-01 -1.123331e-01
4.981125e-01 -4.044153e-01 -1.388842e+00 1.483775e+00 3.590789e+00 -1.400632e+00 -3.089075e+00 1.086382e-01 3.473848e+00 1.155235e+00 -1.537445e+00 -7.679111e-01
5.189436e-01 1.118967e+00 8.031522e-01 1.035326e+00 -5.826565e-01 -7.673379e-01 -2.381683e-01 -1.292516e-01 1.251113e+00 7.988890e-01 1.289531e+00 -2.539667e-01
-6.098029e-01 5.703164e-01 9.452167e-01 9.255328e-01 1.689224e-02 -1.935537e+00 -1.998103e+00 2.222946e-01 -9.432665e-01 -4.144520e-01 -6.577794e-01 -6.333386e-01
-9.939709e-02 1.478610e+00 1.898090e+00 -3.573608e-01 -1.207590e-03 1.529355e+00 9.971479e-01 3.825191e-01 1.038338e-01 -1.808403e-01 -4.554273e-01 -7.323042e-01
-1.557350e-04 -5.067253e-01 -5.626619e-02 -2.823043e-03 -8.388004e-02 1.802643e-01 3.558584e-01 9.465922e-02 -5.911429e-02 -1.160835e-01 2.053134e-01 -5.922781e-01
-4.630914e-01 -1.349077e+00 -1.395390e+00 -1.660162e+00 -1.265041e+00 3.211057e-02 1.902474e+00 -3.555369e-01 -1.095257e+00 4.708706e-01 -9.228573e-01 3.036150e-01
-7.007874e-01 9.625502e-01 1.983700e+00 1.609164e+00 8.481353e-01 -9.905014e-02 2.996183e-01 4.067972e-01 1.872386e+00 4.153596e-01 1.472903e-01 3.118069e-01
4.894369e-01 -1.058288e-01 4.861746e-01 1.160164e+00 -5.460388e-01 -1.535050e+00 1.538077e+00 -8.562368e-01 4.616509e-01 9.536000e-01 3.966781e-01 -3.737049e-01
3.772988e-01 6.343358e-01 6.164928e-01 1.561409e+00 -8.890423e-01 -1.728121e+00 7.464724e-01 -9.491907e-01 1.336900e+00 4.531575e-01 1.339173e+00 -7.204493e-01
4.884627e-01 -4.336702e-01 -9.735035e-01 9.299561e-01 2.609861e+00 -1.273825e+00 -2.093228e+00 -4.682920e-01 3.932502e+00 1.357831e+00 -2.324661e+00 -8.437037e-01
-7.954149e-02 1.445798e+00 2.436802e+00 5.322772e-01 2.355135e+00 2.472788e+00 2.180354e+00 -5.115164e-01 1.436805e+00 1.660310e+00 -2.122329e-01 -8.179823e-01
-1.267028e+00 -2.750079e+00 -9.586671e-01 6.360254e-02 -8.290043e-01 -1.424742e+00 -4.011122e-01 -2.029838e+00 2.997024e+00 1.246473e+00 2.335615e-01 1.550253e+00
-6.193386e-01 -1.426414e+00 -1.932552e-01 7.040557e-01 1.233422e+00 1.760258e+00 8.453331e-01 -3.446210e-01 3.825751e-01 -4.609342e-01 9.505873e-01 1.188556e+00
8.977585e-02 1.851779e+00 2.858329e+00 1.208545e+00 1.667760e+00 7.807568e-01 1.662364e+00 -1.554687e-01 2.334440e+00 6.895830e-01 -1.952814e-01 2.860506e-01
-2.651395e-01 1.745816e+00 1.637375e+00 4.480256e-01 -9.104565e-01 2.505515e-01 7.307891e-01 1.045748e+00 3.106430e-01 -1.077882e-01 -1.839079e+00 -6.475750e-01
-1.379124e+00 -2.345394e+00 -5.523109e-01 -2.677932e+00 -3.920490e+00 -1.199244e+00 -7.221423e-01 -2.678688e-01 6.201658e-02 1.138492e+00 -4.834150e-01 2.890474e-01
6.656979e-01 -2.022549e-01 -1.005478e+00 7.763313e-01 1.766390e+00 -1.300885e+00 -1.981148e+00 -1.574906e-01 2.621990e+00 1.329945e+00 -2.700727e+00 -1.034005e+00
-6.109600e-01 1.246192e+00 4.695542e-01 -7.658168e-01 4.134122e-01 2.039014e-01 1.013247e+00 -6.116521e-02 1.275765e-02 7.173108e-01 -6.906055e-01 2.892601e-01
-1.374354e+00 -2.288982e+00 5.660037e-01 1.025841e+00 1.409844e+00 -1.233276e+00 3.129010e+00 -1.109376e+00 1.415641e+00 7.536472e-01 -3.101291e-01 1.050536e+00
-7.069044e-02 1.936411e+00 2.337649e-01 -8.186340e-02 -1.959345e-02 2.510679e-01 -5.292540e-01 -1.181954e+00 -1.966574e+00 8.552071e-01 2.131088e+00 1.702065e+00
-2.904790e-01 1.158284e+00 3.657290e-01 -7.583169e-01 -1.424676e+00 -2.464461e-01 -3.340865e-01 -1.280164e-01 -2.784914e+00 7.712933e-01 -4.898717e-01 -6.898526e-01
-1.338052e+00 -1.596402e+00 -6.276394e-01 -2.942276e+00 -3.493937e+00 -5.900631e-01 -2.646838e-01 9.595342e-02 -1.368319e+00 2.260478e+00 -5.796991e-01 4.182540e-01
-1.722497e+00 -1.232208e+00 -1.505942e-01 1.767420e+00 2.218414e+00 3.661541e+00 3.808720e+00 2.563042e+00 2.213877e+00 1.765215e-01 -1.679438e+00 -1.542313e+00
-4.455319e-01 1.551548e+00 5.889416e-03 -1.196875e+00 1.393736e-01 -3.079148e-01 1.243849e-02 -5.525316e-02 2.376676e-03 5.635778e-01 1.038954e+00 1.102338e+00
5.298324e-01 3.978577e-01 -7.148722e-01 1.307778e+00 1.478959e+00 -1.312286e+00 -1.081625e+00 -5.988687e-01 7.722344e-01 1.598617e+00 -3.162746e+00 -7.688228e-01
-2.532796e-01 1.736065e+00 -5.174494e-02 -1.468963e+00 -6.907784e-01 1.278071e-02 2.573697e-01 5.850825e-01 -6.634778e-01 6.336359e-01 2.512864e+00 1.949198e+00
-8.829149e-01 -3.680839e-02 -4.640960e-01 -2.815968e+00 -2.795560e+00 -2.120862e-01 -3.703566e-01 5.767615e-01 -3.010255e+00 6.396037e-01 -7.034541e-01 -8.416750e-01
-1.094449e+00 1.631431e+00 -1.065024e-01 3.028625e+00 6.862808e-01 1.226465e+00 3.258116e+00 3.025926e+00 1.572060e+00 1.830341e+00 -1.515939e+00 -1.819422e+00
1.273303e-01 1.185413e+00 -1.716089e-01 2.298083e+00 9.713858e-01 -2.090993e+00 4.370981e-01 5.035875e-01 -3.893565e-01 1.398716e+00 -3.474594e+00 3.435285e-02
-1.950519e+00 -1.369372e+00 2.117041e+00 1.870776e+00 4.281447e+00 8.273957e-01 5.016254e+00 -5.179725e-01 -4.508034e-01 5.387657e-01 8.094088e-01 2.461770e-01
-7.782471e-01 1.504396e+00 1.079320e+00 3.686427e+00 2.682302e+00 -1.016121e+00 1.667924e+00 -8.477132e-02 -1.068637e+00 8.248272e-01 -3.016114e+00 -2.062505e-01
-1.864240e+00 1.318343e+00 3.024235e+00 3.543999e+00 3.469243e+00 1.530707e-01 5.391221e+00 1.863671e-01 -3.904167e+00 6.693689e-01 -1.560208e+00 -8.081929e-01
-2.164432e+00 -5.193353e-03 2.897399e+00 2.945596e+00 4.450929e+00 1.031725e+00 6.389863e+00 3.124333e-01 -2.063545e+00 6.354507e-01 3.081262e-01 2.508475e-01
-2.059593e+00 6.584317e-01 -2.226400e-01 3.345304e+00 2.260503e+00 3.905524e+00 5.155450e+00 4.582141e+00 3.193318e+00 1.985118e+00 -1.529590e+00 -2.345204e+00
