2.092262e+00 -4.378000e+00 -1.249871e+00 -1.896044e+00 -1.669902e+00 -9.450949e-01 -3.556979e+00 1.090039e+00 1.486544e+00 -2.172632e+00 -2.065930e+00 -1.582250e+00
4.392796e+00 -8.597931e-01 1.838109e+00 -1.899463e+00 -3.325935e+00 -3.589789e+00 -2.434978e+00 -1.419304e+00 -1.025395e+00 -2.053145e+00 -1.503986e+00 -1.620411e-01
4.580469e+00 1.497304e+00 3.243031e+00 -7.225019e-01 -3.192971e+00 -3.432330e+00 -1.850810e+00 -1.951529e+00 -1.868034e+00 -2.125117e+00 -1.987911e+00 -6.666557e-01
-1.612554e-01 -5.242422e+00 -3.608549e+00 -2.942304e-01 1.822506e-01 3.076266e+00 -3.653090e+00 3.105223e+00 4.982118e+00 -1.710167e+00 -1.845213e+00 -2.357533e+00
-4.322555e-01 -4.547037e+00 -4.640788e+00 3.071011e-01 6.472467e-01 4.814584e+00 -2.658070e+00 1.979884e+00 5.322802e+00 -2.374382e+00 -1.303243e+00 -2.580917e+00
-6.824456e-01 -3.124702e+00 -3.080477e+00 4.339584e-01 1.060891e-01 5.303164e+00 -1.359048e+00 -6.470968e-01 3.990126e+00 -2.621711e+00 -5.194539e-01 -1.161798e-01
3.214175e+00 1.640721e+00 1.917082e+00 8.934542e-01 -6.371623e-01 -2.204690e+00 -1.633817e+00 -7.504523e-01 -8.783285e-01 -1.827898e-01 -9.451160e-01 -2.787871e+00
-1.863243e-01 -2.342352e+00 -9.020564e-01 1.210618e-01 8.896128e-01 3.283691e+00 -5.703964e-01 -3.034876e+00 3.120183e+00 -2.073241e+00 1.089705e+00 8.688839e-01
-4.010007e-01 -2.036189e+00 3.718131e-01 -3.715499e-01 1.381269e+00 1.572935e+00 3.841867e-02 -3.243409e+00 2.608374e+00 -1.421189e+00 1.058946e+00 6.621542e-01
-2.276250e-01 -3.739104e+00 -5.579118e-01 1.542572e+00 4.348303e-01 1.277790e+00 2.559597e+00 -2.122185e-01 -1.519457e+00 -1.232006e+00 -5.222835e-02 -3.204136e-02
-1.615085e-01 -1.292180e+00 6.594898e-01 -3.361777e-01 6.808337e-01 4.130232e-01 -2.282153e-01 -2.041641e+00 1.944840e+00 -1.372748e+00 2.131848e+00 -8.768916e-02
1.489005e+00 -8.836879e-01 -1.750979e+00 -2.023615e+00 -8.466347e-01 -1.138139e-01 3.512716e-01 -6.237788e-01 -2.917496e+00 1.189053e+00 6.352159e-01 -4.061995e-01
2.875689e-01 -1.881850e+00 6.247485e-03 6.231281e-01 -8.615941e-01 -1.532807e-01 1.701582e+00 -1.291539e+00 -2.031153e+00 -2.088611e-01 1.693073e+00 9.904753e-01
-7.758135e-02 -6.521692e-01 4.453189e-01 -2.202822e-01 3.924075e-01 1.960622e-01 -6.023479e-01 -5.738587e-01 1.304199e+00 -1.121443e+00 1.361689e+00 -1.539621e-02
-4.926919e-01 -2.090531e+00 -1.060786e+00 2.030975e+00 1.105162e+00 9.763100e-01 1.836095e+00 1.580982e+00 4.349502e-01 -1.125187e+00 -1.065105e+00 -2.964058e-01
-1.783718e-01 -2.415009e-01 -6.859232e-01 -4.049437e-02 -1.518142e+00 1.105420e+00 5.830861e-01 7.065839e-01 -1.374693e+00 1.443291e+00 2.484154e-01 -7.839212e-01
1.609944e+00 -7.197465e-01 -1.739131e+00 -2.543015e+00 -4.092112e-01 6.491485e-01 2.510581e-01 -1.860634e+00 -3.650358e+00 3.044205e-01 -4.041747e-01 -1.267933e+00
-1.180634e-01 -1.340327e-01 -7.648975e-02 -3.098392e-01 -6.793489e-01 2.299634e+00 3.796202e-01 -5.914379e-01 5.424313e-02 2.633990e+00 1.659790e+00 -5.533132e-01
-4.767565e-01 -2.219588e-01 -3.785458e-01 4.775567e-01 -1.151530e+00 -7.361627e-01 4.171032e-01 -8.628869e-03 -4.102378e-01 -7.837007e-01 -1.816493e+00 -1.131733e-01
-1.891229e-01 -2.505016e-01 -3.669314e-02 4.003745e-01 -2.830706e-01 5.072203e-02 -7.287681e-01 4.118109e-01 4.166384e-01 -7.622671e-01 6.762735e-01 9.297981e-02
5.993746e-01 8.758981e-01 3.146574e-01 -5.680279e-01 7.912160e-01 1.319845e+00 7.085506e-01 -7.569683e-01 -9.874496e-01 -4.641349e-02 4.133961e-01 3.725033e-02
5.039980e-01 1.269396e-01 -7.694550e-01 2.651234e-01 -4.424585e-01 -2.413313e-01 -4.533949e-01 1.319777e+00 3.084996e-01 1.572251e+00 1.212588e+00 7.784139e-01
8.587857e-02 3.230177e-01 2.382881e-02 -4.747338e-01 -8.038546e-01 5.647869e-01 1.353445e+00 -1.391050e+00 -7.208425e-01 3.359117e-01 9.978678e-01 -2.288801e-01
5.708836e-01 1.384227e+00 9.606105e-01 1.230025e+00 2.073954e+00 4.246296e-01 -1.187834e+00 1.151764e+00 5.063708e-01 -1.198758e+00 -1.800611e+00 -1.947912e+00
2.152384e-01 -8.323467e-01 1.341334e+00 -4.741497e-02 1.617868e-01 -1.686208e+00 4.424121e-01 1.313642e+00 -9.153674e-01 2.429808e-01 -9.324680e-02 4.265406e-02
2.714993e-01 -8.064035e-01 9.253138e-01 -4.106547e-02 3.286199e-01 -1.552738e+00 8.186164e-01 4.994138e-01 -4.332069e-01 -2.989101e-01 -2.196315e-01 -1.547333e-01
-1.422749e-02 -2.068447e-01 -1.379798e-01 -3.890065e-01 -1.442326e+00 -1.431819e-01 5.313261e-01 -1.180713e+00 1.013369e-01 9.083633e-01 1.275167e+00 -4.554642e-01
-1.981201e-01 -5.411034e-01 -3.164983e-01 -1.260368e-01 -1.362372e+00 -6.306784e-02 7.222823e-01 -1.278049e+00 -8.559179e-01 -1.560221e-01 1.182503e+00 -3.834894e-01
1.139716e-01 -2.610218e-01 1.002351e-01 2.640553e-01 -1.064632e-01 -3.498471e-01 -1.003395e-01 6.018260e-01 -2.877691e-01 -1.312712e-01 -5.171505e-01 8.283581e-01
1.567128e-01 -5.027601e-01 5.194858e-01 -1.559491e-02 1.790098e-01 -1.021189e+00 7.623972e-01 2.897691e-01 -6.323553e-01 3.199833e-01 -1.230480e+00 9.897995e-01
1.728528e-01 -6.109339e-01 1.279873e+00 2.016174e-01 -3.998149e-01 -1.835189e+00 -3.283024e-03 1.660206e+00 -1.126714e+00 4.573669e-01 4.379434e-01 7.904360e-02
-5.260547e-01 -3.745166e-01 -3.907863e-01 -2.242293e-01 7.969155e-01 -3.196627e-01 6.319864e-01 -1.169418e+00 -1.673233e+00 -6.336745e-01 -1.280281e+00 3.759004e-01
9.921894e-02 8.289682e-01 7.235972e-01 -6.301939e-02 9.289261e-01 7.237255e-01 -8.229603e-01 1.138135e+00 9.489927e-02 1.047357e-01 1.216727e+00 3.709903e-01
9.639812e-02 -1.761248e-01 9.456757e-01 6.032733e-01 -9.979010e-01 -1.251574e+00 -6.097517e-02 1.969360e+00 -1.639156e+00 8.221041e-01 -3.059592e-02 7.135842e-01
-5.534782e-02 5.269775e-01 4.555807e-01 1.731882e-01 5.692865e-01 -1.814833e-01 -6.926419e-01 1.574343e+00 6.257905e-01 2.496502e-01 1.551074e+00 1.313207e+00
-4.322672e-01 9.018305e-01 -2.860515e-01 -6.807560e-01 -1.449889e+00 -6.305903e-01 -1.272154e+00 -1.585661e-01 1.983674e+00 -3.264700e-01 -6.401865e-01 -4.418678e-02
4.131841e-01 -1.290962e-01 -3.989432e-01 -1.568902e+00 1.904579e-01 5.645589e-01 -2.243381e-01 -9.508039e-01 -1.207845e+00 9.752031e-02 1.229286e-04 -6.005305e-01
-5.407240e-01 -1.264627e-01 2.266738e-01 -8.241566e-01 -4.985499e-02 -2.031520e-01 -1.110998e+00 -3.775319e-01 9.314704e-01 -1.184139e-02 -2.759249e-01 1.857263e-01
-9.451803e-01 -1.191604e+00 -1.239166e+00 -2.137703e+00 -2.038881e+00 -6.044616e-01 9.364330e-01 2.331781e+00 8.038025e-02 -4.536313e-01 1.367649e+00 8.293266e-01
-1.067072e-01 7.873063e-01 1.117877e-01 -1.208651e+00 -1.128932e+00 -9.341695e-01 -1.617855e+00 -3.469851e-02 8.130155e-01 5.542256e-01 1.615839e-01 -7.590199e-01
-6.314437e-01 9.211591e-01 -1.662383e-01 -5.081631e-01 1.246811e-01 8.652040e-01 7.203622e-02 -4.582301e-01 2.324636e+00 7.195455e-01 -4.551479e-01 -1.017933e-01
-7.442471e-01 -5.994631e-01 2.131025e-01 5.915222e-02 9.247408e-01 2.050422e-01 2.112927e-01 -6.648078e-02 3.293138e-01 -6.680678e-01 -1.657024e+00 -6.217951e-01
-3.664036e-01 5.843165e-02 4.267460e-01 -5.794474e-01 -1.082336e+00 4.285962e-01 9.317975e-02 1.126418e+00 4.483490e-02 4.788389e-02 -3.638482e-01 1.203446e-01
-1.017411e+00 2.201521e-01 1.823601e-01 1.895124e-01 -1.126782e-01 7.551395e-01 8.202116e-01 8.449947e-01 3.298353e+00 2.061159e+00 8.197951e-02 -2.489416e-01
-7.430764e-02 9.072149e-01 1.340599e+00 7.461074e-01 1.707522e-01 -4.101072e-02 -8.214535e-01 1.040844e+00 1.344658e+00 1.463857e+00 5.159684e-01 -7.317066e-02
-7.714138e-02 9.010615e-02 7.620894e-01 -3.765398e-01 3.332069e-01 1.429406e+00 2.707016e-01 -8.398160e-01 -2.380613e-01 1.607036e+00 1.031021e+00 -6.414589e-01
-4.579648e-01 2.522890e-01 4.814523e-01 6.696886e-01 3.391531e-01 1.479796e+00 -1.192122e+00 4.217179e-02 1.817810e+00 -1.195178e-01 -1.795210e+00 -4.695517e-01
-6.244747e-02 2.286280e-01 8.746624e-01 4.648166e-01 -1.261434e+00 -6.991092e-01 3.127538e-01 1.749197e+00 -2.003230e+00 5.953766e-01 1.965663e-02 1.111756e+00
3.708276e-01 9.222911e-01 9.286773e-01 -5.753130e-01 -1.815429e+00 -1.456076e+00 8.697034e-01 -2.327723e+00 -2.563627e+00 -1.579475e+00 -1.602051e-01 1.629159e+00
-1.524168e+00 -1.623078e+00 -2.704737e+00 -2.383871e+00 -2.403112e+00 -5.692039e-01 1.555798e+00 1.525732e+00 1.271843e+00 1.632171e+00 1.222740e+00 6.788331e-01
6.155453e-01 9.612035e-01 8.287503e-01 -1.683197e-01 5.560747e-01 -1.970875e-01 -7.161541e-01 -4.993500e-01 -1.147313e+00 6.420988e-01 5.917129e-01 7.778773e-01
-6.793229e-01 2.484028e-01 1.051982e+00 7.263597e-01 1.434456e-01 -3.556453e-01 -6.873017e-01 9.038547e-01 2.089270e+00 2.129334e+00 7.165166e-01 3.209534e-01
6.985371e-01 1.061815e+00 2.112559e-01 -1.091825e+00 1.075053e+00 1.727194e-01 -6.058760e-01 -6.959523e-01 -4.173157e-01 -5.664854e-02 8.616338e-01 1.613959e+00
-8.152504e-02 2.971113e-01 8.493851e-01 4.134071e-01 -1.805037e+00 -2.156315e-01 5.809523e-01 1.484235e+00 -2.169264e+00 -5.440162e-01 8.280455e-01 5.672661e-01
5.844717e-02 6.198010e-01 3.744197e-01 2.691927e-02 9.453458e-01 2.909531e-01 -1.552803e+00 -7.040679e-01 1.489308e+00 7.775403e-01 -1.755864e+00 1.472480e-01
3.257534e-01 1.118296e+00 -3.950358e-01 -9.721947e-01 6.413468e-01 7.009325e-01 -8.741291e-02 -1.436708e+00 1.344150e+00 1.353990e+00 -8.281265e-01 1.061182e+00
-1.687329e+00 4.024901e-01 1.174173e+00 3.139461e+00 6.887091e-01 9.641954e-01 7.108327e-01 1.544574e+00 3.578632e+00 5.717157e-01 -9.132872e-01 -4.805397e-01
-1.204790e+00 2.017626e-01 1.112419e+00 6.345787e-01 6.728661e-01 -1.532456e-01 -2.171429e-01 -1.859556e-01 2.115429e+00 1.241436e-01 -6.426584e-01 -4.209933e-01
1.587424e-01 1.893122e-01 5.631350e-01 -7.996651e-01 6.256245e-01 -7.365941e-01 1.110983e-01 -6.076899e-01 -1.008847e+00 8.973070e-01 1.750985e+00 6.646348e-01
4.169369e-02 -5.974491e-02 4.926518e-01 -5.627366e-01 1.301768e-02 -2.229952e+00 -1.554956e-01 -2.973939e-01 -4.970959e-01 -6.425201e-01 4.904840e-01 6.484307e-01
3.684514e-02 4.348501e-01 1.338631e+00 7.856596e-02 -2.139859e+00 1.659903e-01 7.821201e-01 1.361276e+00 -2.829395e+00 -7.503708e-01 1.248026e+00 1.128045e+00
-1.826372e+00 -1.749550e+00 -2.197699e+00 -1.240149e+00 -2.921092e-01 -6.925005e-01 7.631245e-02 4.351046e-01 1.646425e+00 5.365354e-01 -9.602447e-01 1.265478e-01
1.191945e-01 1.008147e+00 1.301240e+00 1.598357e-01 -2.953000e+00 9.180346e-01 4.350864e-01 1.711221e+00 -3.836267e+00 -1.690735e-01 1.277371e+00 1.227893e+00
2.737470e-01 3.076027e+00 1.440029e+00 -1.208861e+00 -1.314512e+00 -1.357280e+00 -4.492808e-01 -1.214874e+00 -1.072708e+00 -5.870544e-01 -3.330000e-01 1.171524e+00
3.670369e-01 2.579211e+00 -2.888843e-01 -6.081266e-01 7.929004e-01 -1.053908e+00 -1.680775e+00 8.024073e-01 -2.603025e-01 -1.851064e+00 -1.430509e+00 -4.959784e-01
-2.811251e-02 1.953221e+00 5.951201e-01 6.682123e-01 -3.638116e+00 1.727940e+00 1.520734e-01 1.426575e+00 -4.462069e+00 1.653534e-01 1.528296e+00 6.158290e-01
-9.084008e-02 2.648525e+00 2.264805e-02 2.180080e-01 -2.664428e+00 1.929191e+00 9.887288e-01 -5.842522e-01 -2.873319e+00 1.810131e-02 1.825155e+00 -7.790719e-01
-1.027646e-01 2.598390e+00 2.661546e-01 5.673167e-01 -3.308502e+00 2.073722e+00 4.281489e-01 6.520624e-01 -4.159244e+00 6.583921e-01 1.437265e+00 3.682668e-01
2.975527e-01 2.220008e+00 3.058243e-01 -4.936370e-01 -1.196280e+00 1.300064e+00 1.436104e+00 -1.673091e+00 -1.736427e+00 2.615051e-02 1.230481e+00 -2.557980e-01
-1.967551e+00 -1.199953e+00 -1.924145e+00 -8.811051e-01 3.359796e-01 7.406625e-01 8.106833e-01 -3.383057e-01 8.541510e-01 -5.043841e-01 -2.003367e+00 -5.079318e-01
8.151557e-01 1.661636e+00 1.516826e-01 -2.568272e-01 1.779921e-01 3.554950e-01 9.911381e-01 -1.393101e+00 -1.068237e+00 -2.450701e-01 1.209489e+00 -3.364114e-01
1.124933e+00 1.956199e+00 -1.290458e+00 8.444020e-01 6.955846e+00 -5.524195e+00 1.088908e+00 -1.123234e+00 -3.628042e+00 1.755499e+00 3.210295e+00 -3.919732e+00
1.688353e+00 1.811224e+00 -1.531908e+00 1.094223e-01 6.280370e+00 -5.309134e+00 7.292771e-01 -1.080273e+00 -2.633761e+00 1.064384e+00 3.201934e+00 -3.698131e+00
1.526051e+00 1.707834e+00 -1.101232e+00 1.277562e-01 3.678216e+00 -3.363897e+00 9.493048e-01 -1.488439e+00 -1.525752e+00 3.318819e-01 2.321230e+00 -2.032133e+00
-2.473260e-01 2.451704e+00 -1.455818e-01 9.516352e-01 6.238013e+00 -3.149366e+00 1.649043e+00 -1.252991e+00 -1.892917e+00 1.948372e+00 1.148219e+00 -1.225069e+00
-1.845026e+00 -6.841227e-01 -1.676564e+00 3.907472e-01 9.063851e-01 9.075364e-01 1.923269e+00 -2.741251e-02 -1.325811e-01 -6.817603e-01 -2.194098e+00 7.447423e-01
-1.341613e+00 2.506856e+00 1.775377e+00 1.488221e+00 2.481363e+00 1.145040e+00 1.020906e+00 -9.485285e-01 1.052531e+00 2.009321e+00 -9.761189e-01 1.723382e+00
-1.486449e+00 -3.445658e-01 -9.499485e-01 1.382200e+00 4.395338e-01 1.802910e+00 2.428999e+00 9.852373e-01 5.391175e-01 5.341612e-01 -2.301848e+00 1.579753e+00
-1.635881e+00 1.620999e+00 1.334312e+00 2.900945e+00 1.840410e+00 1.996254e+00 1.162064e+00 -8.811105e-01 2.619270e+00 2.917557e+00 -2.479530e+00 3.676145e+00
-1.665699e+00 6.773527e-01 2.192443e-01 1.760836e+00 5.795504e-01 2.877636e+00 2.671845e+00 9.169801e-01 2.553887e+00 2.458327e+00 -2.288535e+00 3.246347e+00
