1.419362e+01 -1.363322e+01 3.788073e+00 -1.463977e+00 -1.343614e+01 -1.267242e+01 -5.935866e+00 -1.177570e+00 6.646091e+00 5.490077e+00 -7.202852e+00 4.024501e-01
1.376141e+01 -1.228516e+01 3.128935e+00 -2.035303e+00 -1.289900e+01 -1.325544e+01 -7.065376e+00 -2.014544e+00 4.852752e+00 7.235884e+00 -8.481566e+00 -1.284829e-01
1.379125e+01 -1.115197e+01 3.191747e+00 -1.338213e+00 -1.182001e+01 -1.329859e+01 -7.773592e+00 -3.056760e+00 4.260309e+00 9.400817e+00 -8.405441e+00 1.657392e-01
1.456449e+01 -1.401325e+01 4.398549e+00 -1.484323e+00 -1.348209e+01 -1.301531e+01 -4.700159e+00 -8.047469e-01 7.401632e+00 3.260175e+00 -8.536997e+00 3.217348e+00
1.288453e+01 -9.086456e+00 2.251121e+00 1.642087e-01 -1.088979e+01 -1.396769e+01 -8.239662e+00 -5.584268e+00 1.559563e+00 1.052153e+01 -7.506138e+00 -1.551054e+00
1.406142e+01 -1.299225e+01 4.476949e+00 -2.304061e+00 -1.101613e+01 -1.583886e+01 -3.308172e+00 -7.547853e-01 8.022451e+00 1.214295e+00 -8.382902e+00 3.780501e+00
1.308407e+01 -1.287624e+01 2.348375e+00 1.584759e+00 -1.172069e+01 -1.693096e+01 -5.983531e+00 1.342931e+00 5.872176e+00 2.035517e+00 -7.513126e+00 5.677356e+00
1.454374e+01 -1.642124e+01 6.415750e+00 -3.968030e-01 -1.145658e+01 -1.536171e+01 -9.029966e+00 1.782760e+00 6.543212e+00 1.108843e+00 -5.200505e+00 8.995179e+00
1.327266e+01 -1.238402e+01 3.299373e+00 -1.519843e-01 -1.117616e+01 -1.499969e+01 -4.858348e+00 9.519011e-01 6.698681e+00 2.615523e+00 -8.667761e+00 4.607876e+00
1.276412e+01 -6.873715e+00 2.031169e+00 1.452155e+00 -8.661303e+00 -1.432808e+01 -6.922711e+00 -7.049750e+00 -2.519381e+00 1.207051e+01 -6.618439e+00 -1.544812e+00
-1.513918e+01 3.243621e+00 -1.318052e+01 -4.118142e+00 6.864496e-01 -7.629257e+00 4.812541e-01 7.506395e+00 6.391550e+00 1.784755e+00 -5.520233e+00 -3.548037e-01
-1.217457e+01 5.655728e+00 -1.104187e+01 1.435101e+00 3.892708e+00 -3.166327e+00 1.747349e+00 2.268706e+00 1.668861e+00 8.530976e-01 -5.215970e+00 1.593012e+00
-1.427222e+01 -2.424068e+00 -3.300555e-01 -5.047782e+00 6.220042e+00 -1.076958e+00 -2.563448e+00 5.038616e+00 4.272883e+00 -1.242858e+00 1.330557e+00 -4.824840e+00
-1.531377e+01 -2.012424e+00 -1.683484e+00 -6.643444e+00 5.654024e+00 -4.290341e+00 -5.144277e+00 -5.339233e-01 4.343768e+00 4.582160e-01 -6.308375e+00 -2.013273e+00
-1.445118e+01 -2.930159e+00 -2.906814e-01 -2.942379e+00 6.559171e+00 -6.030030e-01 -4.822784e+00 1.930205e-01 2.279081e+00 -4.319587e-01 9.132043e-02 -2.235259e+00
-1.451826e+01 -7.688161e-01 1.135935e+00 -2.997759e+00 1.120823e+01 4.909317e-01 -5.180222e+00 1.745747e+00 5.906837e+00 -6.191502e+00 -3.090762e+00 2.210882e+00
-1.084901e+01 2.388337e+00 -1.275491e+01 -4.380203e+00 -1.289735e+00 -2.593825e+00 3.586615e+00 2.968952e+00 2.027847e+00 -3.497170e-01 -1.351915e+00 -7.023001e-01
1.544593e+01 -1.742756e+01 6.828147e+00 4.428824e-01 -9.283263e+00 -1.845685e+01 -7.818933e+00 1.894577e+00 8.799526e+00 -3.076430e+00 -5.322680e+00 1.095037e+01
-1.431753e+01 -1.698960e+00 -8.323400e-01 -6.316730e+00 2.828146e+00 -3.083277e+00 -9.867554e-01 4.040110e+00 1.700900e+00 -4.895330e+00 1.153648e+00 9.875488e-01
-1.416946e+01 -1.947099e+00 5.517120e-01 -2.703529e+00 1.196621e+01 1.678548e+00 -7.433005e+00 -5.371548e+00 5.546075e+00 -2.638488e-01 -8.535724e+00 -1.330359e+00
-1.111848e+01 2.534007e+00 -1.330682e+01 -1.652931e+00 2.132452e+00 -5.410298e+00 1.066000e+00 7.824854e+00 5.062342e+00 4.928368e-01 -2.973459e+00 -3.847423e+00
1.326758e+01 -6.407665e+00 2.975407e+00 1.759922e+00 -5.946148e+00 -1.396537e+01 -5.282455e+00 -9.826239e+00 -4.028921e+00 1.087998e+01 -6.020360e+00 -2.343556e+00
-9.942900e+00 5.812847e+00 -9.276298e+00 -5.671804e-01 4.945226e+00 -2.214572e+00 3.645153e-01 3.597513e+00 -1.495903e+00 -4.692578e-02 5.129035e-01 -2.714322e+00
-1.272474e+01 1.188146e+00 -1.293076e+01 -8.444839e+00 -2.006560e+00 -2.924661e+00 -6.316926e+00 -4.704338e+00 3.116937e+00 4.290976e+00 1.193709e+00 3.551360e-01
-1.474357e+01 -5.291353e+00 6.489780e-01 -2.101166e+00 8.503234e+00 -2.109926e+00 -1.578598e+01 -2.914664e+00 1.565364e+00 6.844888e-01 9.298599e-01 -4.685682e+00
-8.871508e+00 4.363370e+00 -9.729677e+00 -3.527753e+00 2.144686e+00 1.575149e+00 4.398475e+00 4.042511e+00 -4.346176e-01 -2.589472e-01 -3.950013e+00 -3.029369e+00
-1.307955e+01 -4.497941e+00 -1.084951e+00 -2.389777e+00 8.709778e+00 -3.442549e+00 -1.231258e+01 -2.971970e+00 4.115735e+00 3.498360e+00 4.760911e+00 -1.044132e+00
-1.317480e+01 3.633819e+00 -9.432883e+00 -5.211619e+00 1.089645e+00 3.144634e-01 -2.907999e+00 -2.181139e+00 -3.193551e-01 3.781666e+00 1.143561e+00 -1.195725e+00
-1.116623e+01 1.682297e+00 -1.054119e+01 -6.806101e+00 5.286680e-01 -1.567599e+00 -1.792917e+00 -1.896511e+00 1.377138e+00 -9.534774e-01 8.891691e-01 -1.336097e+00
-1.477670e+01 -1.594542e+00 1.270095e+00 -5.237249e+00 8.595887e+00 3.529902e-01 -1.467160e+00 -1.410225e+00 -3.372220e-01 -1.053241e+00 -9.399741e-01 -5.328014e-01
-1.334105e+01 -1.380929e-01 2.491637e+00 -4.636859e+00 9.050585e+00 4.833127e+00 -4.813309e-01 -3.223299e+00 2.351593e+00 7.084265e-01 -4.656563e+00 -2.407533e+00
-1.453031e+01 -2.973257e+00 -4.983971e-01 -5.892830e+00 1.011657e+01 3.298572e+00 -1.032002e+00 2.261648e+00 3.868212e+00 -3.066575e+00 -3.134503e+00 1.089616e+00
-1.193401e+01 5.414058e+00 -6.527184e+00 -6.327792e+00 2.404952e+00 -2.201385e+00 1.623602e+00 1.628050e+00 -3.478634e+00 -2.117736e-01 2.544295e+00 -2.180060e+00
-1.497059e+01 -9.666146e-01 3.503151e-01 -9.908113e+00 6.980954e+00 -3.492977e+00 -4.626555e+00 -1.826980e+00 4.475143e+00 1.814395e+00 3.679774e-01 -1.976211e-01
-1.387734e+01 -6.803283e+00 -7.522886e-01 -4.690543e+00 2.953810e+00 -6.698163e+00 -1.018846e+01 -3.347341e+00 5.629438e-01 -5.390272e+00 -3.870267e+00 -3.714658e+00
-1.083133e+01 3.130984e+00 -1.223717e+01 -4.982837e+00 -1.387693e+00 -3.107753e+00 -1.640131e+00 1.313034e+00 1.818272e+00 -1.321673e+00 -2.434974e+00 1.051176e+00
-1.287552e+01 3.516470e-01 4.910647e+00 -7.779909e+00 7.670962e+00 -2.381747e+00 -3.858080e+00 -1.223848e+00 7.420918e+00 -6.716190e-01 -3.372049e+00 7.625092e-01
-1.382499e+01 -1.635122e+00 9.193993e-01 -9.638744e+00 5.344373e+00 -2.453769e+00 2.467118e+00 3.675601e-01 -1.227551e+00 -3.160809e+00 -4.577673e+00 7.380142e-01
-1.344252e+01 -7.576341e+00 1.849378e+00 -1.817182e+00 4.066455e+00 -4.090026e+00 -1.113626e+01 -3.349811e+00 3.009474e+00 -6.285017e-01 5.451221e+00 1.722259e+00
-1.390465e+01 1.291374e+00 3.223954e-01 -1.198267e+01 3.013276e+00 -2.115848e+00 -2.488122e-01 -1.443704e+00 1.618528e+00 -1.952095e+00 3.271057e-01 4.123636e-01
1.376056e+01 -5.203035e+00 5.013249e+00 6.266519e-01 -2.488371e+00 -1.468877e+01 -5.682959e+00 -1.358714e+01 -7.037850e+00 8.256115e+00 -8.218973e+00 -2.181477e+00
-1.300102e+01 6.563415e+00 -7.394028e+00 -4.987338e+00 5.159011e+00 1.231991e+00 1.445255e-01 5.197312e+00 -4.117783e+00 -2.851664e+00 2.156916e+00 -1.158721e-01
-1.325745e+01 4.155586e+00 4.337429e+00 -1.000184e+01 1.034155e+01 4.355702e+00 -3.841576e+00 -1.348627e-02 2.962761e+00 -3.884992e+00 -6.100584e+00 -7.985636e-01
-1.373183e+01 9.032667e-02 -1.084221e+00 -1.562276e+01 1.073964e+00 4.846504e-01 -2.919698e+00 5.410532e+00 -1.284069e+00 -6.580120e+00 -4.268299e+00 1.184040e+00
-1.017529e+01 3.397343e+00 -7.112611e+00 -4.596250e+00 9.406260e-01 -1.618910e+00 3.552303e-01 1.115923e+00 1.440823e+00 1.566154e-01 -1.736416e+00 2.137366e+00
-1.358075e+01 1.610019e+00 1.886559e+00 -1.154268e+01 2.384291e+00 1.458352e+00 -2.605416e+00 -9.897560e-01 -3.444900e+00 -2.318286e+00 -6.326500e+00 -1.418908e-01
-1.104277e+01 2.896357e+00 -3.016798e+00 -6.760349e+00 -9.064640e-01 -3.973958e+00 -1.025744e+00 4.672216e+00 3.591748e+00 4.739379e+00 1.902404e+00 -5.557388e-01
-1.047387e+01 2.054131e+00 3.641413e+00 -6.646002e+00 6.814686e+00 1.936340e+00 -4.384372e+00 1.136368e+00 -3.540923e+00 7.297934e-01 -4.035255e+00 8.643943e-01
-9.397526e-01 -6.652732e+00 -7.651071e+00 -6.980422e+00 9.094898e+00 7.335251e+00 -4.453405e+00 -8.481564e+00 -5.401402e+00 3.443056e+00 6.549769e+00 -4.902412e+00
-1.138171e+01 4.916642e+00 -5.209084e+00 -5.544385e+00 4.603801e-01 -1.632232e+00 -1.921856e+00 3.996191e+00 5.019468e+00 -2.099253e-01 4.702038e+00 4.422731e+00
-7.107098e+00 3.143785e+00 -2.396438e+00 -1.082396e+01 -4.616557e+00 -2.266867e+00 -3.953172e+00 1.666201e+00 -2.364435e-01 4.642763e+00 3.623407e+00 3.011004e-01
-5.583532e+00 1.700991e+00 3.261482e+00 -4.648057e+00 5.505577e+00 -2.505810e-01 5.614486e-01 5.494939e-01 -4.856781e+00 -4.440598e+00 9.129707e-01 9.292471e-01
-1.104407e+01 2.234952e+00 -4.010066e+00 -6.565026e+00 3.222416e+00 -4.658585e+00 -2.867145e+00 4.601049e+00 2.405170e+00 -3.428241e-01 4.862428e+00 3.043705e+00
1.632804e+01 -8.791523e+00 7.751762e+00 -2.056453e+00 -3.786973e+00 -1.888839e+01 -1.158499e+01 4.866096e+00 1.004541e+01 -8.980427e+00 -2.287616e+00 9.673113e+00
8.583879e+00 -7.695584e+00 -1.185784e+01 -1.114204e+01 5.787124e+00 1.215160e+00 -7.906356e+00 -1.209732e+01 -1.770200e-01 -4.338617e-01 8.446534e+00 -2.238614e+00
3.464829e+00 9.256414e+00 5.316063e+00 -1.937465e+00 -2.925670e+00 -4.886780e+00 -5.355471e+00 1.837123e+00 -3.849469e+00 -8.988079e-01 -4.525212e+00 -5.799272e+00
-1.695187e+00 8.268797e-02 4.565657e+00 -6.926197e+00 1.812033e+00 -5.849866e+00 -2.379389e+00 -1.080212e+00 -3.645776e+00 -3.430295e+00 5.286133e+00 3.524677e+00
-9.257818e+00 -5.232881e-01 -3.407321e+00 -4.549562e+00 -1.832138e+00 -5.825794e+00 -3.039242e+00 3.100623e+00 -8.878106e-01 -6.263627e-01 7.578342e+00 3.023561e+00
1.439689e+01 -4.387346e+00 7.453593e+00 1.025875e+01 -6.110841e+00 -1.588841e+01 -9.726728e+00 9.632350e+00 4.154704e+00 -1.275393e+01 -2.309922e-01 6.759635e-01
-5.582554e+00 -2.384725e+00 -1.829603e+00 -3.846497e+00 2.242379e+00 -6.091575e+00 -2.316957e+00 5.695642e+00 2.208740e+00 -9.966870e-01 2.164895e+00 1.497919e+00
1.307537e+01 -8.011516e+00 -1.082373e+01 -7.626065e+00 3.030789e+00 -4.288960e-02 -4.890877e+00 -9.485194e+00 -1.993421e+00 -4.063982e+00 6.997420e+00 -2.849231e+00
1.983639e+00 -3.803994e+00 1.876184e+00 -7.759183e+00 -2.520265e+00 -5.865197e+00 -1.030217e+01 -2.617155e+00 -3.216622e+00 -3.056304e+00 8.947513e+00 1.477115e+00
1.009656e+01 9.384990e-03 6.852138e+00 5.749867e+00 -1.342671e+01 -1.013163e+01 -9.916550e+00 1.892167e+00 -1.705286e+00 -9.183620e+00 8.071268e+00 2.411616e+00
-4.911791e+00 -6.330682e-01 3.111358e+00 1.995837e+00 2.842133e+00 2.417919e+01 -4.617257e+00 4.880338e+00 -4.564023e+00 1.018726e+01 -1.460656e+00 -3.623674e+00
-5.316488e+00 -2.182367e+00 2.051302e+00 2.154269e+00 3.291404e+00 2.533690e+01 -3.639137e+00 8.756378e+00 -2.198625e+00 1.391739e+01 5.163783e+00 -1.080567e+00
9.420856e+00 -2.206375e+00 3.286931e+00 -5.845151e+00 -3.401755e+00 -4.236909e+00 -6.597019e+00 -5.752595e+00 -7.068727e+00 -3.123831e+00 -1.708641e+00 -2.804281e+00
6.168734e+00 1.911499e+00 7.115144e+00 1.156854e+01 -6.963421e+00 -4.468423e+00 -9.862141e+00 4.255530e+00 1.283331e+00 -1.332564e+01 9.724289e-01 8.205029e+00
9.199509e+00 -2.116159e+00 6.920321e-01 -2.708508e+00 -1.991658e+00 3.387670e+00 -8.618185e+00 -4.851565e+00 -1.117269e+01 -7.122086e+00 -9.714580e-01 -4.440548e+00
3.743148e+00 -4.085219e-01 -2.883637e-01 1.308415e+00 2.598959e+00 -1.008535e+00 4.145578e+00 3.118862e+00 -5.382655e-01 3.229352e+00 7.766470e-01 -5.044649e+00
6.089706e-01 4.356772e+00 5.973467e-01 2.302124e+00 3.342088e+00 8.155160e+00 8.088715e+00 3.007326e+00 6.762807e+00 -2.677032e-01 7.108731e+00 4.669310e+00
1.993031e+00 3.881075e+00 -2.107537e+00 2.996367e+00 2.808236e+00 7.525483e+00 8.223804e+00 4.603578e+00 2.285147e+00 3.287448e+00 1.320653e+00 -1.449907e+00
1.422153e+00 1.917297e+00 9.963903e-01 4.881371e+00 4.371315e+00 8.265928e+00 9.678123e+00 3.689271e+00 1.230515e+00 -1.355437e+00 -5.365514e+00 -5.197474e-01
-1.778278e-01 2.160824e+00 1.913179e+00 3.802084e+00 -1.188723e-01 8.264034e+00 7.957986e+00 -1.227177e-01 -6.468177e+00 -7.253173e+00 -6.210992e+00 -3.404361e+00
4.103851e-02 2.643521e+00 5.217190e-01 4.018141e+00 -7.788405e-01 5.873034e+00 6.680679e+00 2.312826e+00 2.160813e+00 2.156361e+00 2.967846e+00 2.998439e+00
8.617134e-01 3.132054e+00 1.458344e+00 4.143446e+00 -2.615167e+00 9.610913e+00 6.217811e+00 2.782108e+00 3.303588e+00 -2.500573e-01 -9.341344e-01 -2.220273e+00
8.692245e-01 1.780382e+00 -1.458284e+00 3.871832e+00 2.059568e+00 8.944914e+00 7.308984e+00 2.621117e+00 -2.050841e+00 1.989393e-01 2.422484e+00 1.776952e-01
7.572098e-01 2.996157e+00 1.577783e-01 5.270170e+00 2.735354e+00 8.539522e+00 8.793612e+00 3.119377e+00 6.173009e-01 7.897209e-01 6.239861e+00 1.281585e+00
4.824715e-01 3.000164e+00 2.210233e-01 3.263339e+00 2.674192e-01 4.976009e+00 8.060747e+00 3.845521e+00 -3.614027e+00 1.823387e+00 4.330486e+00 -8.652751e-01
1.354534e+00 4.411059e+00 3.348909e+00 5.955278e+00 1.021432e+00 2.937381e+00 5.166540e+00 2.463216e+00 1.654116e-01 3.021256e+00 2.169338e-01 -2.361715e+00
2.032885e+00 2.290302e+00 1.245256e+00 4.398775e+00 2.310409e+00 6.227719e+00 3.474948e+00 -7.841362e+00 -3.919626e+00 3.266665e+00 3.073550e+00 -3.455014e+00
1.911392e+00 1.951927e+00 -3.568144e-01 3.727297e+00 2.551168e+00 5.576796e+00 5.889416e+00 -3.464449e+00 -4.326077e+00 9.765290e-01 -5.541944e-01 -1.311206e+00
1.168846e+00 4.737796e+00 1.097729e+00 3.784260e+00 4.096102e-01 8.872881e+00 1.250365e+01 2.963538e+00 -8.817304e-01 -4.611243e+00 -1.678358e+00 4.506502e+00
-8.436832e-01 2.841654e+00 2.900023e+00 8.603144e+00 2.314376e+00 6.934248e+00 7.040908e+00 6.316737e-01 -2.098368e+00 -6.924259e+00 -1.689564e+00 2.141162e+00
-8.008842e-01 2.514645e+00 2.488871e+00 3.880190e+00 1.929478e+00 6.417615e+00 1.178623e+01 8.561785e+00 4.979570e+00 3.844271e+00 3.546147e+00 -1.136055e+00
8.614216e-01 1.269525e+00 2.645302e-02 2.440672e+00 2.805830e+00 9.112879e+00 7.249532e+00 5.545012e+00 2.605544e+00 -2.078114e+00 3.740317e+00 -9.647596e-02
-9.613037e-04 2.059266e+00 2.083986e+00 2.712405e+00 2.184858e+00 7.481402e+00 5.877480e+00 -1.295333e+00 2.342629e-02 1.040062e+00 1.046493e+00 -2.194610e+00
1.863327e-01 1.651981e+00 5.163774e-01 2.385107e+00 -6.898403e-01 5.923104e+00 4.889082e+00 -4.261197e-01 3.534688e+00 6.456323e+00 6.335051e+00 -2.666338e+00
2.303595e+00 2.224843e+00 8.322474e+00 1.112071e+01 -3.695117e+00 -2.536358e+00 -1.052638e+01 -5.711902e-01 3.230637e-02 -1.591741e+01 1.704435e+00 9.620933e+00
3.154758e+00 4.439256e+00 4.769488e+00 4.684520e+00 -1.658924e-01 3.324156e-01 2.144649e+00 -7.244981e+00 -5.371504e+00 -4.652146e+00 -2.522653e+00 4.027513e+00
5.125302e+00 6.095793e+00 3.152673e+00 5.098176e+00 -2.626563e+00 -1.544003e+00 2.988260e+00 -4.790528e+00 -8.575774e+00 -8.604681e+00 -4.317650e+00 7.167318e-01
3.501002e+00 4.633830e+00 1.454622e+00 5.888058e+00 1.765347e+00 9.597770e+00 5.654414e+00 -3.539343e-01 6.543476e+00 -3.894407e-01 6.063265e-02 8.484808e-01
1.408354e+00 1.758852e+00 2.335320e+00 5.260375e+00 2.156726e+00 1.035824e+01 8.044111e+00 2.157882e+00 5.598742e+00 -8.329090e-01 1.935747e-01 2.293081e+00
-4.758377e-01 1.742166e+00 2.964536e+00 4.434313e+00 4.867389e+00 1.054031e+01 1.188566e+01 1.095401e+00 1.998545e+00 -5.680796e+00 1.472464e+00 1.094043e+00
-1.371698e+00 -1.549055e+00 1.458068e-01 4.210264e+00 1.777815e+00 2.997728e+00 5.729430e+00 1.239915e+00 1.148206e+00 2.253400e+00 2.580061e+00 9.216658e-01
-8.242702e-01 1.279730e+00 8.146048e-01 2.829885e+00 -2.911319e+00 3.304670e+00 6.766117e+00 6.611864e+00 8.871508e+00 6.537504e+00 4.139649e+00 5.400658e+00
-2.871990e-01 6.959595e-01 5.117809e+00 7.647503e+00 2.387154e+00 9.198596e+00 9.850068e+00 4.618288e+00 1.473416e+00 5.330605e+00 1.930923e+00 3.214636e+00
9.869804e-01 2.166265e+00 2.840053e+00 6.162813e+00 1.202983e+00 9.924192e+00 1.258494e+01 6.984927e+00 1.868832e+00 1.847517e+00 -1.002884e+00 7.606827e-01
7.773190e-01 4.649853e-01 5.252385e-02 1.622460e+00 1.508552e+00 7.613935e+00 6.446515e+00 1.598212e+00 3.438615e-01 1.385139e-01 -5.664052e-01 1.749223e+00
1.078267e+01 -1.157886e+00 -3.901358e+00 -3.555834e+00 -4.726390e+00 -3.036009e+00 -7.167336e+00 -3.134754e+00 -5.391132e+00 -8.772187e+00 -1.645544e+00 -6.245636e+00
9.091537e+00 -3.929138e+00 -1.007455e+01 -1.005688e+00 -3.209322e+00 1.629414e+00 3.730006e+00 3.825949e+00 -2.993871e+00 -5.189450e+00 2.841105e+00 8.178477e-01
1.029108e+01 -1.847737e+00 -7.277646e+00 3.214258e+00 2.209599e+00 2.837123e+00 -1.511229e+00 -1.013789e+01 -5.994611e+00 -4.866069e+00 -1.864842e+00 -3.396159e+00
9.579999e+00 -6.175888e-02 -4.318966e+00 2.800802e+00 -9.364562e-01 3.321496e+00 6.389651e-01 -7.784132e+00 -7.452419e+00 -5.071420e+00 -6.240376e-01 -4.387909e+00
7.617316e+00 -4.124333e-01 -4.232621e+00 3.294770e+00 -1.603383e+00 6.727918e+00 1.930607e+00 -2.731310e+00 -6.133339e+00 -5.088367e+00 -2.881066e+00 -2.453734e+00
7.111609e+00 -1.582306e+00 -3.303511e+00 2.051969e+00 -2.517013e+00 4.275518e+00 2.343655e+00 -5.345373e+00 -7.291583e+00 3.538378e+00 -9.235084e-01 -2.898526e+00
7.688126e+00 -6.837535e-02 -4.633647e+00 3.316099e+00 -1.689480e+00 2.881176e+00 -7.047892e-01 -6.138315e+00 -7.759893e+00 -5.854816e-01 3.944422e+00 1.150552e+00
7.075522e+00 -2.031388e+00 -6.078267e+00 5.725558e+00 1.357048e+00 5.418530e+00 5.374128e+00 -6.598299e+00 -9.433919e+00 -6.070098e+00 2.798585e-01 -3.336607e+00
7.356440e+00 1.876712e+00 -8.633851e+00 1.085214e+00 -1.634403e+00 2.313049e+00 3.915355e+00 -4.427001e-01 -7.183050e+00 -9.117862e-01 -1.320492e+00 -8.248771e+00
7.147347e+00 3.054746e+00 -4.015097e+00 3.853392e+00 1.823632e+00 7.042989e+00 2.213731e+00 -7.545912e-01 -4.129130e+00 2.841153e+00 1.197213e+00 1.899732e+00
8.855823e+00 3.238153e+00 -2.299859e+00 3.103881e+00 -1.492285e+00 1.269950e+00 5.322647e-01 -2.228643e+00 1.291758e+00 3.391851e+00 -1.219748e+00 -2.701117e+00
7.767283e+00 4.553667e+00 1.118414e+00 2.913501e+00 -4.480609e+00 1.214027e+00 2.405009e+00 6.407887e-01 1.772037e+00 4.233073e-01 -4.196834e+00 -4.437551e+00
6.324584e+00 2.986813e+00 9.836602e-01 3.615321e+00 -5.606082e+00 -1.582097e+00 6.056909e+00 5.369088e+00 1.732438e+00 1.343637e+00 8.770956e-01 2.664399e+00
9.037367e+00 6.024970e+00 3.773952e-02 3.502715e+00 -4.867876e+00 1.196272e+00 5.472614e+00 -1.610815e+00 -3.310464e+00 -2.324397e+00 -1.679612e+00 5.612410e-01
8.611508e+00 4.956985e+00 3.126465e-01 3.261770e+00 -2.121871e+00 5.424569e+00 5.754953e+00 3.348951e-01 -5.328168e+00 -3.606216e-01 3.668685e+00 5.665178e-01
6.248273e+00 3.588252e+00 4.735394e-01 6.543150e+00 -2.020987e+00 8.536774e+00 6.413692e+00 -3.446426e-01 -4.300733e+00 1.571904e+00 4.363012e+00 -4.136975e+00
6.581770e+00 4.194969e+00 4.857176e+00 5.966405e+00 -6.761680e+00 1.188557e+00 -9.577994e-01 -1.426550e+00 -4.433892e+00 1.456955e+00 6.640269e+00 -1.599223e+00
8.463001e+00 5.966571e+00 7.850129e+00 7.873281e+00 -1.350305e+00 8.577385e-01 4.164633e+00 -1.911142e+00 -4.797018e+00 2.329761e+00 4.257513e+00 -5.726440e-01
8.190229e+00 7.573483e+00 9.853889e+00 9.333443e+00 2.634346e+00 1.043001e+01 1.061144e+01 3.499250e+00 2.127540e+00 6.810738e+00 6.199638e+00 -9.600142e-01
7.773307e+00 5.299195e+00 7.900056e+00 9.720352e+00 -6.898049e-01 4.992480e+00 4.743935e+00 -2.861194e+00 -2.524317e+00 2.132939e+00 7.178165e+00 5.092686e-01
8.417915e+00 6.230587e+00 5.772404e+00 9.334328e+00 1.456884e+00 7.581792e+00 5.646486e+00 -4.767723e+00 -5.063165e+00 3.472626e-01 8.922856e+00 2.555911e+00
7.828403e+00 6.638580e+00 6.315374e+00 1.048876e+01 1.596310e-01 3.299617e+00 6.491451e+00 -5.304807e-01 -3.447319e+00 3.534591e+00 3.911176e+00 -1.691425e+00
8.113873e+00 7.528453e+00 3.872238e+00 5.203438e+00 -3.382886e+00 -1.603152e+00 2.084169e+00 -8.485365e-02 -4.732737e+00 1.593969e+00 5.581760e-01 -3.750999e+00
7.891720e+00 4.813684e+00 4.877121e+00 6.625801e+00 -4.225940e+00 4.208364e-01 4.134832e+00 -1.014945e+00 -1.003855e+01 -2.135213e+00 9.896690e+00 3.948054e+00
6.427687e+00 5.758218e+00 7.488784e+00 8.925135e+00 -9.114938e-01 -8.599031e-01 4.605773e+00 1.612168e+00 -2.057105e+00 1.956210e+00 3.749415e+00 2.300112e-01
6.228063e+00 6.163237e+00 9.012357e+00 5.750348e+00 -3.391106e+00 2.642065e+00 1.057465e+01 -2.414340e-01 9.976705e-01 4.005888e+00 2.163420e+00 -1.317387e+00
7.033608e+00 6.192030e+00 5.139434e+00 2.198310e+00 -1.623848e+00 3.707298e+00 4.356391e+00 -1.059896e+00 4.143913e+00 1.023511e+01 5.969723e+00 8.898294e-01
