2.137289e+00 -1.110063e+01 -7.159854e+00 -8.600086e+00 5.075971e+00 -7.970285e+00 -3.952300e+00 5.867803e+00 -6.092346e-01 -4.614152e-01 -6.841169e+00 -2.957642e+00
2.754170e+00 -1.150791e+01 -7.227201e+00 -9.229100e+00 7.033309e+00 -9.149958e+00 -3.575786e+00 6.867631e+00 -1.730337e+00 -8.386376e-01 -5.010334e+00 -5.593101e+00
1.807155e+00 -1.130656e+01 -6.633692e+00 -8.578383e+00 4.153093e+00 -7.751755e+00 -3.978884e+00 4.389118e+00 2.980591e+00 -2.537714e+00 -7.007938e+00 -8.594846e-01
1.664303e+00 -1.019967e+01 -6.336812e+00 -8.491751e+00 3.402531e+00 -6.906571e+00 -5.019358e+00 3.552574e+00 6.563612e+00 -4.655471e+00 -7.029572e+00 1.774685e+00
3.217841e+00 -1.124278e+01 -7.471176e+00 -9.614597e+00 7.277977e+00 -9.404982e+00 -4.098454e+00 6.977079e+00 -2.205112e+00 -6.844267e-01 -6.064608e+00 -5.565948e+00
1.398602e+00 -8.560664e+00 -6.624929e+00 -6.364747e+00 2.575581e-01 -4.955651e+00 -6.057597e+00 8.972724e-01 1.067563e+01 -6.432826e+00 -6.356832e+00 4.390674e+00
4.116284e+00 -1.170660e+01 -7.041976e+00 -9.510436e+00 7.578236e+00 -9.535307e+00 -2.843370e+00 5.478978e+00 -1.965077e+00 2.222323e-01 -7.619928e+00 -5.144332e+00
4.640438e+00 -1.168420e+01 -7.199751e+00 -9.107027e+00 6.830009e+00 -9.913046e+00 -1.650818e+00 4.221424e+00 -1.809022e+00 1.368240e+00 -9.741332e+00 -4.034211e+00
4.743159e+00 -1.176443e+01 -7.108971e+00 -8.930757e+00 6.564616e+00 -9.246994e+00 -2.417526e+00 4.130143e+00 -1.848172e+00 2.140954e+00 -1.105440e+01 -3.008358e+00
4.955749e+00 -1.141899e+01 -7.786507e+00 -8.665729e+00 6.535445e+00 -8.416788e+00 -3.847427e+00 5.002032e+00 -1.449115e+00 2.222154e+00 -1.169986e+01 -1.565179e+00
5.383170e+00 -1.123025e+01 -8.285043e+00 -8.675881e+00 6.946595e+00 -8.222137e+00 -6.052777e+00 6.801427e+00 -2.007425e+00 1.823990e+00 -1.173066e+01 7.813139e-01
4.869783e+00 -1.097239e+01 -8.176478e+00 -8.922477e+00 6.962452e+00 -7.827692e+00 -5.019923e+00 6.155950e+00 -1.753434e+00 2.252726e+00 -1.245969e+01 4.505354e-01
3.555007e+00 -1.010759e+01 -3.636237e+00 -2.228709e+00 -2.938560e+00 -1.076560e+01 -3.163752e+00 9.467466e+00 -1.551737e+00 -1.098356e+00 -8.065613e+00 2.789290e+00
5.713820e+00 -1.090820e+01 -8.761186e+00 -7.593608e+00 5.428393e+00 -7.687970e+00 -6.406215e+00 6.824018e+00 -1.993935e+00 2.163939e+00 -1.228712e+01 1.584740e+00
2.643747e+00 -9.005939e+00 -3.432159e+00 -7.963490e-01 -4.198873e+00 -1.181946e+01 -1.800255e+00 1.116247e+01 -2.672823e+00 -2.935101e+00 -5.444460e+00 3.124721e+00
5.433290e+00 -1.073440e+01 -8.464925e+00 -7.175478e+00 4.998916e+00 -7.330158e+00 -7.716891e+00 8.570918e+00 -3.150775e+00 2.829752e+00 -1.231158e+01 1.767382e+00
4.862687e+00 -1.120244e+01 -4.586880e+00 -4.469705e+00 -4.041934e-01 -8.104462e+00 -7.620473e+00 1.085233e+01 -3.619202e+00 2.825351e+00 -1.122652e+01 1.677617e+00
6.306509e+00 -1.124342e+01 -7.481161e+00 -6.625452e+00 3.907569e+00 -7.483981e+00 -6.700652e+00 8.334581e+00 -3.051565e+00 3.452772e+00 -1.223399e+01 1.845831e+00
2.340322e+00 -8.048338e+00 -1.813090e+00 -2.939286e-01 -6.483706e+00 -9.967642e+00 -1.856025e+00 1.185701e+01 -2.307969e+00 -5.412734e+00 -3.888363e+00 6.159615e+00
4.450070e+00 -1.083574e+01 -3.882294e+00 -4.041662e+00 -1.124724e+00 -9.192295e+00 -5.789877e+00 9.639823e+00 -1.783928e+00 4.886107e-01 -9.404935e+00 2.045116e+00
5.348603e+00 -1.053317e+01 -7.323985e+00 -6.458751e+00 3.787357e+00 -8.523693e+00 -7.107570e+00 9.940432e+00 -5.344325e+00 4.965982e+00 -1.321295e+01 1.777628e+00
2.072088e+00 -7.237426e+00 -5.870124e+00 -4.735751e+00 -2.600121e+00 -4.477462e+00 -7.727236e+00 -8.585334e-01 1.001824e+01 -5.185937e+00 -4.606511e+00 4.706299e+00
6.365944e+00 -1.107719e+01 -7.018865e+00 -5.567129e+00 3.245506e+00 -9.948736e+00 -6.218472e+00 1.043070e+01 -6.213878e+00 5.180944e+00 -1.181168e+01 1.539812e-01
1.794665e+00 -7.259895e+00 -1.101772e-01 4.538794e-01 -9.816504e+00 -6.439702e+00 -4.011245e+00 1.355235e+01 -4.095864e+00 -6.892417e+00 -2.724147e+00 9.009667e+00
5.599970e+00 -1.044740e+01 -6.743362e+00 -4.722983e+00 1.796004e+00 -9.424862e+00 -6.696215e+00 1.095183e+01 -5.916777e+00 4.657936e+00 -1.138862e+01 4.600060e-02
9.956284e-01 -6.482598e+00 2.106837e+00 9.192047e-01 -1.360851e+01 -3.282456e+00 -4.593375e+00 1.249425e+01 -4.538202e+00 -9.458933e+00 1.238378e+00 8.206430e+00
9.776258e-02 -5.105703e+00 3.553645e+00 1.321589e+00 -1.639691e+01 -1.347747e+00 -3.887236e+00 1.099189e+01 -4.863436e+00 -1.035742e+01 3.597312e+00 6.883171e+00
-1.300275e+00 -2.972931e+00 5.452302e+00 -8.988094e-02 -1.702319e+01 7.512550e-01 -2.099912e+00 8.743792e+00 -6.575356e+00 -9.002803e+00 4.450083e+00 6.781131e+00
-1.978907e+00 -1.110860e+00 7.715308e+00 -2.340792e+00 -1.738090e+01 4.171669e+00 -1.704855e+00 3.890008e+00 -7.803595e+00 -6.428325e+00 5.168158e+00 6.040484e+00
-1.804474e+00 -3.561854e-01 9.400811e+00 -4.024914e+00 -1.892197e+01 7.599898e+00 -2.325066e+00 -1.187831e-01 -7.058391e+00 -5.223825e+00 5.151690e+00 4.300921e+00
3.799232e+00 -5.189371e+00 -8.409911e-01 -5.330930e-01 -3.836533e+00 -5.150682e+00 -5.118648e+00 -5.400173e+00 7.780600e-02 -2.206654e+00 -6.601968e-01 -1.965943e+00
-1.113525e+00 1.858859e-01 1.085404e+01 -5.577679e+00 -2.001758e+01 1.149309e+01 -3.198898e+00 -4.365448e+00 -5.443583e+00 -3.909928e+00 4.916033e+00 1.745037e+00
-8.443341e-01 1.183051e+00 1.207286e+01 -6.795903e+00 -1.952878e+01 1.358341e+01 -2.491395e+00 -9.640323e+00 -3.122768e+00 -3.110309e+00 5.387396e+00 4.966307e-02
-4.732833e-01 1.018468e+00 1.407396e+01 -7.610915e+00 -1.767311e+01 1.211547e+01 -5.040033e-01 -1.307712e+01 -2.452888e+00 -1.938403e+00 5.456443e+00 -1.070617e-01
-2.358990e-01 1.310087e+00 1.461247e+01 -6.390059e+00 -1.752366e+01 1.135311e+01 1.026082e+00 -1.508288e+01 -1.971059e+00 -1.760390e+00 5.121098e+00 5.621626e-01
9.536648e-02 7.529731e-01 1.570125e+01 -8.072385e+00 -1.505793e+01 9.975093e+00 2.667233e+00 -1.694680e+01 -2.609666e+00 -1.704779e+00 4.445169e+00 7.077036e-01
3.324868e+00 -2.569216e+00 6.771748e+00 7.041051e+00 -1.497095e-01 -1.369095e+01 2.848637e+00 -1.041820e+01 -9.147817e+00 -3.569786e+00 6.079721e+00 -8.560200e+00
3.641038e+00 -2.214675e+00 7.090345e+00 6.969429e+00 1.371980e-02 -1.457332e+01 4.000911e+00 -1.008066e+01 -8.322037e+00 -4.127264e+00 5.736495e+00 -8.713588e+00
2.344940e+00 -1.305223e+00 1.750744e+01 -8.942554e+00 -1.283434e+01 7.181280e+00 6.142999e+00 -2.034137e+01 3.789598e-01 -4.470329e+00 5.173665e+00 2.373091e+00
5.052336e+00 -2.967636e+00 7.487077e+00 6.198753e+00 1.306157e-01 -1.524530e+01 6.418984e+00 -1.096172e+01 -7.758320e+00 -4.167688e+00 6.105864e+00 -8.656253e+00
3.843215e+00 -1.099843e+00 1.654111e+01 -7.384560e+00 -1.294948e+01 8.871466e+00 2.065955e+00 -1.708269e+01 -1.043641e+00 -3.071901e+00 2.378493e+00 4.669797e+00
4.825950e+00 -1.110081e+00 5.067858e+00 8.524195e+00 -2.980550e+00 -1.454139e+01 5.410415e+00 -7.772120e+00 -1.008450e+01 -3.469432e+00 4.090247e+00 -7.670121e+00
7.069691e+00 -3.404937e+00 1.109514e+01 4.816639e+00 -9.310912e+00 -5.066815e+00 8.654951e+00 -1.230726e+01 3.337895e-01 -1.288372e+01 9.699090e+00 3.754881e+00
6.116800e+00 8.368969e-02 8.056002e+00 9.607234e+00 -8.296232e+00 -6.361659e+00 1.141015e+01 -1.733449e+01 -3.483731e+00 -1.061432e+01 1.212970e+01 -2.439394e+00
6.790377e+00 -1.167792e+00 9.066278e+00 9.889960e+00 -9.472795e+00 -5.311553e+00 1.025063e+01 -1.650463e+01 -3.057002e+00 -9.640183e+00 1.103574e+01 -2.002098e+00
4.933706e+00 -4.275975e-01 1.405636e+01 -4.596536e+00 -9.713600e+00 4.317872e+00 2.086638e+00 -1.401280e+01 -7.344615e-01 -8.101686e+00 3.712024e+00 9.325458e+00
8.001558e+00 -2.045699e+00 8.154455e+00 1.247554e+01 -1.348536e+01 -3.601980e-01 4.264167e+00 -1.109440e+01 -6.155099e+00 -8.442969e+00 9.923693e+00 -2.852969e+00
7.399265e+00 -1.157325e+00 7.101043e+00 1.358107e+01 -1.307607e+01 -1.211481e+00 5.512816e+00 -1.242243e+01 -4.786649e+00 -8.736923e+00 8.868850e+00 -2.756720e+00
7.758286e+00 -4.108095e-01 5.429257e+00 1.534564e+01 -1.297328e+01 -2.915106e+00 8.198330e+00 -1.548546e+01 -1.742306e+00 -1.067587e+01 9.222081e+00 -2.717322e+00
7.422955e+00 1.846337e-01 4.710867e+00 1.601301e+01 -1.306190e+01 -2.891340e+00 8.452839e+00 -1.493576e+01 -2.716868e+00 -1.015239e+01 8.351110e+00 -3.257535e+00
7.160882e+00 3.653769e-01 5.133421e+00 1.530802e+01 -1.167696e+01 -1.671900e+00 5.900191e+00 -1.286685e+01 -5.964497e+00 -6.775227e+00 5.681741e+00 -2.698656e+00
5.325272e+00 -1.687344e+00 5.720163e+00 7.591814e+00 -2.581391e+00 -1.465447e+01 6.461205e+00 -6.827967e+00 -8.419341e+00 -1.858660e+00 6.313103e+00 -6.402281e+00
7.517544e+00 9.923685e-01 3.848619e+00 1.627387e+01 -1.091850e+01 -1.067772e+00 2.732752e+00 -9.738922e+00 -7.220291e+00 -6.283422e+00 6.436604e+00 -4.351526e+00
7.636386e+00 1.447628e+00 4.828449e+00 1.460195e+01 -8.752277e+00 -7.192769e-01 -3.452210e-01 -6.624608e+00 -8.474786e+00 -6.344245e+00 8.067946e+00 -7.369712e+00
1.080758e+01 -1.802654e-01 -6.511245e-01 1.294695e+01 -1.596524e+00 -1.590369e+01 8.473252e+00 -7.789544e+00 -1.347008e+01 3.731019e+00 5.619570e-01 -3.834402e+00
8.111728e+00 2.075283e+00 6.564327e+00 1.171690e+01 -5.445722e+00 -2.376007e+00 -3.132856e-01 -4.976502e+00 -1.078542e+01 -3.836478e+00 8.273687e+00 -8.265553e+00
8.400389e+00 2.955143e+00 6.923457e-01 4.933923e+00 -4.701888e+00 2.287994e+00 -1.156150e+01 3.245538e+00 6.042409e+00 -5.441383e+00 -9.321401e-01 5.351499e-01
6.341863e+00 5.163922e+00 1.275747e+00 6.542909e+00 -2.936934e+00 -6.304017e+00 -5.557812e+00 3.201198e+00 9.412323e+00 -3.577549e+00 -9.167667e+00 5.760586e+00
7.998069e+00 1.455345e+00 7.428438e+00 1.091136e+01 -3.907063e+00 4.323217e+00 -7.341062e+00 -4.937233e+00 -4.770327e+00 -6.171371e+00 4.474333e+00 -4.850607e+00
6.009576e+00 6.000306e+00 -4.245972e-01 9.054431e+00 -2.317057e+00 5.164135e-01 -5.400340e+00 5.842395e-01 4.308753e+00 1.830212e-01 -5.723174e+00 3.675705e+00
6.769951e+00 1.512755e+00 4.019398e+00 1.217641e+01 5.965126e-01 -9.176571e+00 1.922681e+00 -1.167311e+01 -1.165089e+01 -1.803097e+00 1.092054e+00 -6.640589e+00
4.742195e+00 6.941454e+00 1.181438e+00 1.233015e+01 -1.791217e+00 -8.172035e-02 2.460624e+00 -4.210286e+00 4.317880e+00 1.224541e+00 -6.692651e+00 2.976401e+00
3.692988e+00 3.942086e+00 6.004051e+00 1.240172e+01 2.905592e+00 -8.453393e-01 -1.204712e+00 5.088997e+00 6.384406e-01 2.698199e+00 -4.220178e+00 3.002739e+00
4.005985e+00 2.431308e+00 1.989299e+00 1.301952e+01 8.691034e+00 4.534746e+00 -5.472483e+00 1.485206e+00 4.344503e+00 6.756446e+00 -3.430951e+00 2.485848e+00
8.092846e+00 6.987609e+00 3.506317e+00 8.890727e+00 -4.212888e+00 -5.878577e+00 3.500449e+00 -5.155552e+00 -8.119998e+00 -1.864896e+00 3.133495e+00 -1.993456e+00
4.869989e+00 3.475791e+00 1.433008e+00 8.958463e+00 5.661106e+00 4.720286e+00 2.321335e+00 8.564126e+00 8.088705e+00 7.769034e+00 -1.147186e+00 3.113968e+00
2.872068e+00 3.643143e+00 7.606218e-01 9.842530e+00 9.271298e+00 6.296392e+00 8.337975e+00 9.965040e+00 3.850508e-01 3.435516e+00 -9.445708e-01 2.688069e+00
1.254500e+00 3.000400e+00 4.455861e-01 8.070081e+00 8.648228e+00 7.845627e+00 2.309564e+00 8.444219e+00 7.283494e+00 8.175903e+00 -8.817132e-01 -3.093143e+00
-4.055777e-01 1.070927e+00 -3.708884e+00 6.516199e+00 1.008238e+01 4.089276e+00 2.596850e+00 5.991674e+00 3.847767e+00 3.113344e+00 -4.057794e+00 4.860867e-01
-1.261198e+01 5.834544e+00 -2.326237e+00 -3.532250e+00 5.066519e+00 3.701712e+00 6.388596e+00 6.980190e+00 9.734468e+00 2.735484e+00 -2.179645e+00 -1.337630e+00
-1.243933e+01 6.268862e+00 1.562388e+00 -6.796632e-01 3.671888e+00 3.503981e+00 4.659053e+00 6.365294e+00 9.614130e+00 6.252572e+00 3.706812e+00 1.358063e+00
-1.243771e+01 7.490599e+00 1.053678e+00 -5.631906e+00 1.498713e+00 9.522236e+00 2.133986e+00 1.363797e+00 3.036679e+00 1.129025e-01 -6.034329e-01 4.055154e-02
-1.227555e+01 6.388305e+00 1.053523e+00 -4.265661e+00 8.984121e+00 6.175254e+00 3.136929e+00 1.045964e+01 7.572233e+00 5.449689e+00 1.144666e+00 9.923727e-01
-1.170750e+01 4.463945e+00 -7.999882e-02 -1.246818e+00 8.235804e+00 7.471848e+00 4.289414e+00 5.631307e+00 4.725413e+00 4.917567e+00 3.981951e+00 1.000291e+00
-1.324003e+01 5.424918e+00 1.542347e+00 -2.487200e+00 5.828069e+00 8.273193e+00 3.703664e+00 3.043627e+00 6.766048e+00 1.713489e+00 1.133959e+00 5.660611e-01
-1.188228e+01 6.681594e+00 1.731542e+00 -2.425838e+00 7.776892e+00 7.352161e+00 4.642494e+00 6.800771e+00 3.799974e+00 6.815028e+00 6.707603e+00 5.727423e+00
-1.278375e+01 6.215268e+00 -7.012702e-01 -1.295305e+00 8.131777e+00 8.179760e+00 4.681390e+00 -2.276407e-01 5.929781e+00 4.057006e+00 3.135622e+00 5.383384e+00
-1.149566e+01 7.252271e+00 2.167307e+00 -2.244883e+00 7.012123e+00 7.671356e+00 6.826325e+00 1.814232e+00 2.345307e+00 5.463038e+00 2.522209e+00 1.224887e+00
-1.096743e+01 6.826242e+00 -4.706930e-01 -1.282480e+00 7.292644e+00 6.126221e+00 6.600839e+00 7.422566e+00 1.013201e+01 5.295754e+00 -8.775368e-01 7.334535e-01
-1.225348e+01 5.855709e+00 5.896790e-01 -1.356887e+00 6.500247e+00 1.044242e+01 5.251393e+00 3.052853e+00 8.334170e+00 3.163316e+00 3.559878e-01 4.146884e+00
-1.009901e+01 7.427200e+00 1.116325e+00 -2.521095e+00 4.590608e+00 6.280234e+00 2.725602e-01 3.492061e+00 7.956872e+00 5.049323e+00 8.823600e-01 4.903089e+00
-1.151948e+01 4.183167e+00 -8.221043e-01 -1.220009e+00 7.852589e+00 8.671682e+00 6.027305e+00 5.458897e+00 8.756973e+00 4.236038e+00 -1.648709e+00 -1.804270e+00
-5.981978e+00 1.276526e+01 3.633669e+00 -3.183216e+00 8.991955e+00 4.467004e+00 2.297711e-01 1.758164e-01 -5.270088e-01 -1.451572e+00 9.734724e-01 3.225758e-01
-5.010434e+00 9.858253e+00 -8.728921e-03 -1.712152e+00 3.248346e+00 5.785885e+00 3.946594e+00 1.566239e+00 -3.177733e+00 -3.913927e-02 3.031009e+00 3.354049e+00
-7.316469e+00 7.797578e+00 6.828136e-01 1.374372e+00 3.532049e+00 -4.319248e-01 -1.340591e-01 -1.784025e-01 -3.788193e+00 6.446139e-01 -3.543122e-01 -1.162077e+00
-6.954489e+00 4.739593e+00 2.831894e+00 8.025761e+00 9.912622e-01 -8.253622e+00 1.741318e+00 3.435562e-01 -2.983122e+00 4.263491e+00 7.135096e+00 -2.119001e+00
-4.110455e+00 7.931326e+00 7.049643e+00 1.452612e+01 4.483088e+00 2.073629e+00 4.670697e+00 2.106810e+00 -2.592404e+00 -1.831647e+00 4.538762e+00 -9.629399e-01
-2.663157e+00 -3.942857e-01 -3.120084e+00 4.449622e+00 2.226425e+00 -1.233624e+00 4.032978e-01 5.872129e+00 5.383829e+00 1.119889e+00 -3.533004e+00 -2.816382e+00
-2.434431e+00 3.006635e+00 -4.223185e+00 -1.679149e+00 1.280164e+00 -2.066226e+00 -2.560256e+00 2.220556e-01 5.162691e+00 7.319468e+00 -1.667170e+00 -2.481614e+00
-3.358160e+00 3.230166e+00 -7.904962e+00 -1.438490e+00 8.250212e+00 6.316402e+00 1.428412e+00 3.916382e+00 6.662310e+00 6.646123e+00 7.484164e-01 -4.730197e+00
-4.568804e+00 3.971407e+00 -2.268517e+00 -5.981770e-01 6.459068e+00 4.960179e+00 -4.409691e+00 -7.210225e-01 3.020227e+00 5.691912e-01 -1.797533e+00 -8.266701e-01
-4.280939e+00 8.041800e+00 -2.983986e+00 -9.751225e-02 9.068232e+00 6.562676e-01 -9.447377e+00 -3.672390e+00 6.124263e+00 2.963676e+00 1.650500e-02 -2.459546e+00
-4.552532e+00 4.665215e+00 -5.602942e+00 -5.260720e+00 6.768110e+00 4.183195e+00 -1.128597e+00 -4.424002e+00 -2.706987e+00 -2.631382e+00 -1.102530e+00 -5.222074e+00
-5.090818e+00 2.722044e+00 -1.010799e+01 -1.329525e+00 9.718423e+00 8.021505e+00 4.770476e-01 6.154690e-01 4.388618e+00 6.809130e+00 1.916219e+00 -3.520815e+00
-6.046997e+00 3.966387e+00 -7.666682e+00 -4.045690e+00 1.162040e+01 8.646864e+00 -1.934471e+00 -6.367830e+00 -2.218999e+00 1.008605e+00 -3.029393e+00 -2.445388e+00
-5.435413e+00 8.254004e-01 -1.030939e+01 -9.308360e+00 5.305481e+00 5.518074e+00 -5.706816e+00 -6.388001e+00 1.143028e+00 -2.322921e-01 -4.986269e+00 -1.716293e+00
-2.352817e+00 4.571209e+00 -7.122413e+00 -3.852328e+00 4.568468e+00 1.349157e+00 1.591933e+00 1.021995e+00 6.231338e-01 4.999364e+00 2.336752e+00 3.347596e+00
-2.921680e+00 5.551795e+00 -7.516973e+00 -3.824955e+00 5.598169e+00 4.567691e+00 -3.770119e+00 -8.238912e-01 1.874692e+00 2.653927e+00 1.788500e+00 -6.366009e-01
-5.519199e+00 4.949085e+00 -7.431959e+00 -9.049639e+00 8.390676e+00 1.011057e+01 3.939695e-01 -2.411093e+00 8.355514e-01 1.944495e+00 3.482556e-02 -5.029062e+00
-5.475777e+00 6.767419e+00 -6.839418e+00 -6.163160e+00 5.056150e+00 9.819569e+00 8.633986e+00 5.453582e+00 2.982808e+00 3.940929e+00 7.716069e+00 5.783944e+00
-3.940981e+00 8.002758e+00 -4.646104e+00 -2.682307e+00 3.463585e+00 8.702931e+00 -1.168259e-01 -3.648208e+00 5.131498e+00 9.737661e+00 4.804930e+00 -1.828671e-03
-4.342039e+00 4.732203e+00 -8.031856e+00 -6.624228e+00 5.259889e+00 8.099529e+00 -4.749557e+00 -7.076392e+00 2.665413e+00 8.112795e+00 5.470501e-01 -1.912451e+00
-4.727846e+00 5.601603e+00 -6.955956e+00 -4.742525e+00 5.691483e+00 7.532942e+00 -4.387958e+00 -3.721333e+00 1.708028e+00 7.282924e+00 -5.242336e-01 -2.731198e-01
-3.648429e+00 5.619386e+00 -5.833899e+00 -4.402752e+00 3.355041e+00 5.763742e+00 -2.724912e+00 -7.849730e-01 1.523983e+00 4.032942e+00 2.416674e+00 3.204121e+00
-4.398527e+00 5.583481e+00 -5.296562e+00 -4.372969e+00 6.225541e+00 4.813312e+00 -1.158994e+00 5.359526e+00 3.735797e+00 2.147117e+00 1.658767e+00 -2.501678e+00
-3.206785e+00 4.999488e+00 -6.327750e+00 -5.717232e+00 6.334655e+00 3.254684e+00 1.090749e+00 3.684963e+00 3.680727e+00 6.529431e+00 3.953448e+00 -3.488475e+00
-2.720887e+00 5.057850e+00 -6.146420e+00 -3.057403e+00 8.110483e+00 1.001166e+01 -1.824512e-01 1.204744e+00 4.931969e+00 9.788429e+00 7.476220e+00 3.854724e+00
-3.660540e+00 8.280998e+00 -2.812654e+00 -3.112165e+00 6.563745e+00 6.406883e+00 -5.217166e-01 3.673218e+00 6.580387e+00 8.054351e+00 4.120636e+00 2.372674e+00
-4.871832e+00 7.093929e+00 -2.997085e+00 -1.663805e+00 5.296964e+00 5.718237e+00 1.231409e-01 8.270770e-01 2.767418e+00 5.039215e+00 1.572089e+00 1.217391e+00
-5.063291e+00 8.177956e+00 -2.373598e+00 -1.144543e+00 6.520066e+00 9.524403e+00 2.141819e+00 2.955282e+00 1.008209e+01 6.354436e+00 6.262147e+00 1.857919e+00
-4.772295e+00 7.694098e+00 -2.792653e+00 -2.608271e+00 1.076248e+00 7.377992e+00 5.467397e+00 5.990182e+00 1.001066e+01 3.597609e+00 3.292600e+00 1.774451e+00
