6.251451e+00 2.941062e+00 1.902643e-01 -1.763656e+00 -3.742162e+00 -2.974321e+00 -8.282150e-01 -5.164648e-01 -3.605232e+00 -3.559870e+00 -2.512915e-01 1.632755e-01
2.622985e+00 -9.107710e-01 -2.599048e-01 -9.154876e-01 -2.680138e+00 -1.462980e+00 -2.946437e-01 -4.976549e-01 -1.978235e+00 -2.642922e+00 1.270956e+00 -5.844275e-01
-1.238892e+00 8.239074e-01 -2.033152e+00 -5.292779e-01 -3.223865e+00 1.127763e+00 5.603768e-01 1.723266e+00 -2.360564e+00 -1.417290e+00 1.028057e+00 -1.889666e+00
5.503628e+00 3.119598e+00 1.085830e+00 -6.454838e-03 -1.352355e+00 -1.985300e+00 -2.402931e-01 -2.831606e-01 -2.067623e+00 -1.182756e+00 -1.275310e+00 -3.388601e-01
-7.937749e-01 4.508280e-01 -1.476914e+00 1.680968e-01 -2.211559e+00 1.065998e+00 9.006169e-02 -7.306591e-01 -2.412973e+00 -8.859863e-01 -2.800488e-02 -2.741435e+00
1.419981e+00 -5.247608e-01 -9.994779e-02 2.103267e-01 -4.433878e-01 -1.455276e+00 -4.410208e-01 2.868300e-02 -1.228953e+00 -1.384874e+00 6.213671e-01 -3.778767e-01
9.278343e-01 -1.338117e+00 5.710506e-02 -8.494763e-01 -3.082567e+00 8.260717e-02 3.572583e-01 4.265990e-02 -1.312206e-01 -6.437564e-01 8.139929e-01 -5.098006e-01
2.839059e+00 1.126149e+00 1.704801e-01 -6.277253e-01 -2.953033e+00 -3.380273e+00 -9.106262e-01 -7.341866e-02 -1.758463e+00 -1.781044e+00 4.117584e-01 5.520905e-01
7.916220e-01 -6.237866e-01 -1.927788e-01 -1.766413e+00 -2.935928e+00 1.762592e-01 4.022607e-01 6.705226e-01 2.720988e+00 9.725910e-01 2.048251e-01 8.055363e-02
8.627374e-01 -9.532790e-01 4.791901e-02 -1.256285e+00 -2.830711e+00 5.572791e-01 4.530131e-01 1.879930e-01 1.531311e+00 1.067126e+00 4.332475e-01 -6.055630e-01
4.059901e-01 -5.553570e-01 -6.158406e-01 -2.572314e+00 -2.204229e+00 1.653975e+00 3.282522e-01 8.703898e-01 3.072345e+00 6.649697e-01 -6.621529e-01 -3.055340e-01
1.009013e+00 -4.443779e-02 -4.388994e-01 3.026008e-01 -7.906291e-01 -1.775473e+00 -8.693445e-01 5.714895e-01 -3.611348e-01 -1.481839e+00 -4.445947e-01 7.900219e-02
1.250321e-01 -1.133407e+00 -8.933210e-01 -2.927013e+00 -7.932211e-01 2.911436e+00 9.005235e-01 4.720201e-01 2.722832e+00 -4.987999e-01 -1.496973e+00 -4.963187e-01
-4.012182e-01 4.350180e-01 -1.132713e+00 -2.918839e-01 -7.118832e-01 4.295080e-01 8.418475e-01 1.413835e+00 -5.481681e-01 -3.799615e-01 -4.621512e-01 -9.385600e-01
2.519619e+00 2.538040e+00 2.028422e+00 1.450380e+00 1.737999e-01 2.116469e-01 2.292732e-01 9.316997e-02 -6.619177e-01 4.405482e-01 -3.647993e-01 3.949527e-01
2.249171e-01 -2.876807e-01 -3.735363e-02 9.906200e-01 8.426408e-02 -1.996649e+00 -8.189754e-01 3.929999e-02 4.755697e-02 -1.134355e+00 2.280492e-01 3.425445e-01
-1.953456e-01 -1.622749e+00 -1.520970e+00 -1.850529e+00 2.571327e-01 3.734401e+00 1.557553e+00 -1.055085e-01 7.719499e-01 -6.683461e-01 -2.489476e+00 3.162238e-01
-9.468291e-01 -2.085747e+00 5.056375e-01 1.211476e+00 5.036333e-01 1.760637e+00 -6.389982e-01 -4.980051e-01 1.863537e+00 -1.031200e+00 1.331770e+00 1.147365e+00
1.657834e-01 6.241145e-01 6.911294e-02 5.461124e-01 -7.616561e-01 1.169545e+00 4.164079e-01 -8.109761e-01 -6.823096e-01 -1.112340e+00 -4.981488e-01 -1.914193e+00
-3.317233e-01 -2.149760e+00 -1.509168e+00 -1.043341e+00 1.601768e+00 3.695267e+00 1.296822e+00 -1.404571e+00 -8.008593e-01 -6.023604e-01 -1.731064e+00 1.241750e+00
-6.119444e-01 -2.001071e+00 -1.167071e+00 -7.307386e-02 1.799475e+00 2.723622e+00 1.381010e+00 -2.812222e+00 -1.472849e+00 -3.380388e-01 -3.997068e-01 2.341633e+00
1.651113e-01 -1.430725e+00 -4.777982e-01 4.136505e-01 1.644656e+00 9.310476e-01 -2.694772e+00 1.858795e-01 5.779892e-01 1.092976e+00 -2.291826e-01 -4.445367e-01
-4.446055e-01 -1.273552e+00 -6.356651e-01 -6.637884e-01 2.661080e+00 1.451506e+00 -5.613499e-01 -3.001766e+00 5.382665e-01 -6.489964e-01 1.758134e+00 1.435318e+00
-5.668248e-01 -9.473208e-01 1.406653e+00 1.257967e+00 2.899912e-01 8.114154e-01 -2.448992e-01 -1.500966e-01 1.346503e+00 -4.918556e-01 1.238011e+00 8.301739e-01
3.529944e-01 7.687207e-01 -2.490899e-01 -4.013688e-01 -5.211583e-01 7.178823e-01 -2.609922e+00 -4.351090e-01 -1.430106e-01 -5.608560e-01 -3.247122e-01 -1.085594e-01
-2.837210e-01 -1.064318e+00 -7.216021e-01 8.058184e-01 1.665891e+00 1.317635e-01 -1.884947e+00 -2.947161e-01 1.191156e+00 9.458652e-01 -9.188188e-01 -7.045786e-01
-9.460373e-02 4.510915e-01 -1.636625e-01 8.435707e-02 -2.158369e-01 8.173056e-01 -1.520458e+00 -6.279103e-02 7.683836e-01 3.615530e-01 -4.652683e-01 8.561427e-01
-6.763234e-01 -1.587022e+00 -8.951555e-01 1.598999e-01 1.972577e+00 1.740260e+00 7.368117e-01 -3.144722e+00 -8.834819e-01 -3.423983e-01 8.031195e-01 2.520651e+00
1.184545e-01 -1.029369e+00 -4.990400e-01 -1.052409e+00 2.680454e+00 1.158334e+00 -1.112822e+00 -1.965525e+00 6.277154e-01 -6.767941e-03 1.349636e+00 6.802545e-01
4.063071e-01 -1.371770e+00 -1.578348e-01 -6.172655e-01 2.162514e+00 1.357103e+00 -2.794678e+00 -1.037904e-01 4.770370e-01 5.937942e-01 6.402490e-01 -2.665818e-01
-8.242515e-01 -5.547771e-01 -8.712752e-01 1.070613e+00 1.787181e+00 -5.906966e-01 -1.222682e+00 -6.108115e-01 1.540825e+00 6.541690e-01 -1.120535e+00 -8.865940e-01
1.207711e-01 3.782166e-01 -3.266228e-02 5.493728e-01 1.219651e+00 1.812038e+00 1.865399e+00 6.542533e-01 -9.080031e-02 4.022292e-01 -6.870183e-01 1.065354e+00
-1.517337e-01 -3.299847e-01 -7.279836e-01 3.236526e-01 8.465034e-02 5.355759e-01 -1.213905e+00 -9.046650e-01 -1.093738e+00 -3.842067e-01 -4.802508e-01 -7.492613e-01
5.388268e-01 6.836039e-01 -4.868570e-02 1.437267e-01 -6.646513e-01 1.148142e+00 1.305816e+00 2.103565e+00 1.334186e+00 1.134704e-01 -6.630507e-01 7.662291e-01
-1.069359e-01 -4.238895e-01 -1.344522e+00 7.162618e-03 -1.917657e-01 1.563242e-01 -7.786910e-01 -1.347762e+00 -1.158311e+00 -5.396145e-01 3.456842e-01 3.843385e-01
-4.245846e-01 -2.044093e-01 3.639445e-01 4.158201e-01 -7.304184e-01 -7.970664e-01 3.981747e-01 -2.477324e-02 -1.761947e+00 -3.141359e-01 1.256983e+00 -2.070717e-01
3.087174e-01 7.048492e-01 8.910478e-01 1.320349e+00 -3.684484e-01 -5.570140e-02 -2.212498e-01 9.515424e-02 1.045008e-02 -4.859938e-01 -8.172541e-01 4.253747e-01
-1.120569e-01 -1.222371e-01 6.805420e-02 1.405146e-01 3.829398e-01 4.771530e-01 6.841862e-01 4.538027e-01 -5.898971e-01 -1.862244e+00 3.989818e-01 -5.844486e-01
7.080269e-02 4.635161e-01 5.037937e-01 1.183700e+00 -3.700239e-01 -1.552761e-01 4.015430e-01 6.343312e-01 -2.778820e-01 -8.652858e-02 2.081654e+00 1.943165e+00
8.559523e-02 1.424003e-03 7.289939e-01 1.448565e+00 1.131809e+00 9.879665e-01 6.298922e-01 4.986152e-01 -1.082549e+00 -6.041414e-01 9.876848e-01 -1.564513e-01
-3.597126e-02 2.694480e-01 8.804723e-01 5.576593e-01 -7.142556e-01 -4.078519e-01 1.155663e+00 1.520063e+00 2.067109e-02 -1.104403e-02 1.873903e+00 2.719068e+00
4.163170e-03 -2.983496e-02 -4.484585e-01 -3.517196e-01 6.076753e-01 9.512450e-01 3.276545e-01 -5.341405e-01 8.726794e-01 2.342660e-01 -8.197374e-01 -1.020658e-01
5.390358e-01 8.362443e-01 1.267409e+00 1.248283e+00 8.952469e-01 1.038527e+00 -6.427866e-01 3.447379e-01 -1.347442e-01 4.024374e-02 7.154869e-01 5.151960e-01
-6.098926e-01 -1.132802e-01 -6.752945e-01 8.755519e-01 1.658900e+00 -1.272011e+00 -4.103389e-01 -1.074442e+00 1.944033e+00 5.134634e-01 -1.005074e+00 -7.905859e-01
1.613361e-01 6.286045e-02 -3.561161e-01 -1.781653e-01 3.878062e-01 9.079654e-01 1.209344e-01 -3.352914e-01 1.021681e+00 2.609138e-01 -1.613749e+00 -1.127480e+00
-6.551858e-01 -1.258715e+00 -2.369112e-01 -4.661621e-01 1.027735e-01 7.431987e-01 -1.753900e-01 4.472598e-01 5.989664e-01 -1.749601e+00 -1.266163e+00 3.212290e-01
9.826574e-02 5.084214e-01 1.037120e+00 1.406429e+00 2.820351e-01 -7.331672e-01 -1.434000e+00 -1.936254e+00 4.614205e-02 -5.704646e-01 8.850189e-01 1.818039e-01
-1.280806e-01 -1.706360e-01 5.976788e-01 4.477963e-01 1.549484e+00 1.912708e+00 2.185883e+00 9.918685e-01 1.423245e+00 1.393027e+00 -3.305783e-01 -4.167852e-01
-2.483962e-01 -4.465597e-01 -1.454245e+00 -1.100168e+00 -1.116591e+00 -6.815288e-01 3.318636e-01 5.074486e-01 -2.568628e-01 -9.812393e-02 6.158086e-01 8.785337e-01
2.713909e-02 -8.448930e-02 -8.271198e-02 1.354189e-01 -7.375527e-01 -8.075544e-01 6.438063e-01 -2.047967e-01 -6.581090e-01 1.214787e+00 4.911955e-01 1.643811e+00
-2.603472e-01 2.598761e-01 1.532233e+00 5.696510e-01 -3.085874e-01 -5.535119e-01 -6.752040e-01 2.488777e-01 -3.019292e-01 3.797555e-01 2.680772e+00 7.595899e-01
5.328348e-01 2.742387e-01 -8.110283e-01 -9.789125e-01 -3.682389e-01 -1.839238e-02 1.695477e-01 -6.730242e-01 1.285251e+00 7.061214e-01 -1.275487e+00 2.597920e-01
-6.416540e-02 -3.711147e-02 8.233326e-01 -6.226472e-01 -3.391036e-01 -6.308163e-01 -7.993621e-01 -1.956105e-01 9.063363e-03 -4.659788e-01 2.225928e+00 2.804182e-01
-3.352527e-01 5.739135e-01 6.028246e-01 -5.800270e-01 -1.317711e+00 -5.036391e-01 -2.050921e+00 -2.409959e-01 -4.943846e-01 -7.137358e-01 7.344607e-01 6.668873e-01
-5.354367e-01 5.177646e-01 6.390026e-01 1.670720e-01 -6.089693e-01 -1.646771e-01 -3.750131e-01 3.019613e-01 8.709622e-03 8.284357e-01 7.866527e-01 6.774203e-01
-6.029959e-02 -5.205501e-01 -1.049420e+00 -1.130750e+00 -1.071832e+00 -3.477214e-01 1.439192e+00 1.647558e+00 8.572578e-01 1.096746e-01 1.648600e-01 1.278268e+00
-1.865393e-01 6.760601e-01 1.805093e+00 1.392878e+00 4.041820e-01 1.172781e-01 3.657092e-01 5.679323e-01 5.479240e-03 8.348080e-01 1.508733e+00 6.825571e-01
-2.011278e-01 -1.097734e-01 -3.414312e-01 1.271413e+00 8.322304e-01 -1.618582e+00 -4.275143e-01 -6.139309e-01 1.906156e+00 4.035777e-01 -2.966426e-01 -1.593952e+00
5.302143e-02 2.903217e-01 5.494718e-01 3.149868e-01 2.335386e-01 -7.595370e-01 1.157578e-01 -1.094603e+00 3.561127e-01 1.446939e-02 1.198029e+00 -9.255519e-01
-6.648426e-01 1.786709e-01 6.117607e-01 1.313813e+00 4.092563e-01 2.657684e-01 8.182329e-01 1.658075e+00 3.999774e-01 -6.753588e-02 2.593762e-02 4.276647e-01
-6.741047e-01 1.641706e-01 4.530417e-01 1.020979e+00 1.112915e+00 6.702407e-01 1.910485e+00 1.705178e+00 -4.430346e-01 2.652867e-01 9.718930e-01 6.142446e-01
-4.502422e-01 -1.685652e+00 1.045835e+00 3.136239e+00 5.557073e-01 -2.643893e+00 1.479722e+00 -5.503856e-01 -1.288565e+00 1.135206e-03 1.023697e-01 4.565569e-01
-1.224226e-01 1.184679e+00 -3.649872e-01 -8.387467e-01 -9.405920e-01 -2.133340e+00 9.828424e-01 2.988563e-01 -2.576932e+00 -1.245686e-01 6.764530e-01 -3.437427e-01
-4.937155e-01 -1.475336e+00 -3.875927e+00 1.266025e+00 3.402763e+00 1.058672e+00 1.778030e+00 3.010467e+00 3.026645e+00 3.460747e-01 -2.248992e+00 6.928957e-01
2.444211e-01 5.218095e-01 1.185440e+00 2.954831e-01 1.732746e-01 -6.926816e-01 -9.746684e-01 5.097056e-01 5.135339e-01 1.174560e+00 2.571597e-02 1.789442e-01
-1.629037e-01 1.007937e+00 2.128012e+00 1.140822e+00 7.619751e-01 -4.386451e-01 -1.241835e+00 -4.250835e-01 -4.201174e-01 -1.035421e+00 6.824455e-02 1.241009e+00
4.149229e-01 -3.996270e-01 -9.477564e-01 2.337382e+00 7.991173e-01 -2.870104e+00 2.048007e+00 -5.211154e-01 -7.995815e-01 3.748493e-02 -7.429767e-02 7.703202e-01
1.024040e-01 2.420305e-01 -7.365129e-01 2.336899e+00 6.361191e-02 -3.186357e+00 7.020949e-01 -4.301674e-01 2.031264e+00 7.289172e-01 -5.253232e-01 -1.741774e+00
4.616601e-01 1.428807e+00 -1.200079e+00 5.670298e-01 1.121795e-01 -1.525523e+00 1.720371e+00 -9.245198e-01 -1.212006e+00 2.060361e+00 -1.579144e+00 -5.501517e-01
4.721470e-01 2.677391e+00 -5.212526e-02 -2.180065e+00 -1.012023e+00 1.190233e+00 1.213502e+00 -1.010686e+00 -1.482684e+00 2.769639e+00 -9.255086e-01 -1.598717e+00
-3.715013e-01 1.097331e+00 1.596089e+00 -4.838222e-01 -6.561560e-01 -7.542461e-01 2.141586e-01 1.243839e+00 9.313981e-01 -1.305279e+00 -9.662664e-03 1.389032e+00
-7.316943e-01 -1.914960e+00 -2.223094e+00 1.014471e+00 3.011009e+00 -3.390764e-01 -8.419439e-01 2.517138e+00 4.481293e+00 9.285146e-01 -1.568066e+00 2.626181e-02
-2.546953e-01 2.506556e-01 -8.119540e-01 -1.166229e+00 1.665669e-01 -6.818131e-01 -3.558412e-01 5.681996e-02 6.734981e-02 5.924202e-01 -7.100221e-01 7.826121e-01
-3.121755e-01 -4.241256e-01 1.022975e+00 3.384373e-01 8.533736e-01 -4.797041e-01 1.153636e+00 -8.995115e-01 2.128026e-01 3.028373e-01 9.503652e-01 -5.821356e-01
-5.972229e-01 -8.056709e-01 -3.246921e+00 1.519577e+00 3.600491e+00 2.829101e+00 3.072968e+00 2.454379e+00 1.991187e+00 -1.325289e-01 -4.025992e+00 1.046686e+00
-4.247935e-02 1.923394e+00 8.550597e-01 -1.459228e+00 -1.163144e+00 1.671894e+00 1.167041e+00 8.173090e-01 -2.681008e+00 1.352643e+00 7.672064e-01 -1.298441e+00
-7.123517e-01 -2.743502e-02 2.215306e+00 3.099250e+00 -1.245755e-01 -1.282599e+00 4.466948e-01 -1.416307e+00 -2.490573e+00 8.066206e-01 -9.755062e-01 2.631359e-01
-6.745348e-01 1.492164e+00 1.635330e+00 -8.968164e-01 -4.716286e-01 5.009024e-01 1.073521e+00 7.401160e-01 1.592458e+00 4.198160e-01 -5.027320e-02 1.494571e+00
-1.832052e-01 1.986579e+00 -4.357156e-01 -7.824064e-01 -6.906666e-01 -1.533126e+00 9.294357e-01 9.741499e-01 -2.440401e+00 2.118709e-01 6.153759e-01 -2.490616e-03
-6.818064e-01 -1.213767e+00 -1.145449e+00 1.401902e+00 2.446842e+00 -8.593062e-01 -1.293875e+00 2.622308e+00 3.115410e+00 3.923687e-01 -8.467591e-01 -1.515751e-01
-8.059009e-01 -5.393149e-01 2.071208e+00 4.382265e-01 -2.393747e-01 1.110565e+00 1.723945e-01 2.468668e+00 -1.089479e+00 -5.004014e-01 1.757751e+00 -1.627371e+00
-1.452655e+00 5.825272e-01 6.294304e-01 -1.579649e+00 -9.685130e-01 1.267067e+00 2.347904e+00 9.985396e-01 1.236272e+00 6.702801e-01 -1.610645e-01 8.208553e-01
-2.068402e+00 -2.031814e-01 -5.941404e-01 -1.844169e+00 -1.698315e+00 1.358843e-01 2.187490e-01 -1.277628e+00 -1.425079e+00 3.237084e-01 -2.926671e-01 -5.780886e-01
2.707686e-01 1.704768e+00 -3.916679e-01 1.434548e+00 -8.835438e-01 -2.758012e+00 1.281728e+00 -4.367919e-01 1.401202e+00 1.217944e-01 9.834143e-01 -1.878342e+00
-9.814404e-01 -9.367361e-01 9.827743e-01 1.383401e+00 1.359971e+00 3.224388e-01 -5.373451e-01 2.358205e+00 -1.169179e-01 -7.163690e-01 1.125394e+00 -1.033729e-01
-8.212346e-01 -4.856625e-01 -2.495202e+00 7.548045e-01 2.798076e+00 3.603106e+00 4.556902e+00 1.391185e+00 1.632291e+00 1.150686e+00 -1.994911e+00 1.452808e+00
-2.484427e+00 -9.983925e-01 -9.120772e-01 -2.070294e+00 -1.183591e+00 -1.173878e+00 -3.004648e+00 -4.532914e+00 -2.077896e+00 9.657024e-01 2.224048e-01 2.983367e-01
-7.369304e-01 1.612409e+00 3.804120e+00 1.329346e+00 7.793073e-02 -9.218240e-02 -2.199636e+00 5.451822e-03 -2.776375e+00 6.167832e-01 -1.169592e+00 -8.872759e-01
6.255081e-01 -7.807754e-01 -1.885391e-01 -4.755891e-01 2.770024e+00 -4.262500e-02 2.043325e-01 1.111142e+00 1.401638e+00 1.683091e-02 -1.845466e+00 1.936719e-01
-2.148117e+00 -1.057321e+00 -1.381275e+00 -2.368239e+00 -2.312381e+00 -2.333652e+00 -3.516934e+00 -4.633819e+00 -2.646404e+00 5.607285e-02 7.259162e-02 -4.635001e-01
-6.347597e-01 1.931790e-01 -1.433731e+00 -4.503330e-01 -1.297136e-01 2.508250e+00 3.407699e+00 6.182615e-01 3.997459e-01 1.085513e+00 -1.892573e-01 6.780887e-02
7.006578e-02 2.186459e+00 1.383706e+00 3.960296e-01 -9.390463e-01 -2.010721e+00 -8.993888e-01 2.137713e+00 -1.614631e-01 -9.877294e-01 2.420220e+00 -2.011486e+00
-1.498977e+00 -8.607031e-01 -1.272981e+00 -1.904770e+00 -1.824296e+00 -1.132816e+00 -1.704796e+00 -2.392099e+00 -7.863585e-01 9.533527e-01 1.347040e+00 -6.639664e-01
-8.338780e-01 2.272851e+00 4.523535e+00 9.249096e-01 -6.957459e-01 6.594827e-01 -3.921308e+00 1.857163e+00 -3.615672e+00 -3.428949e-01 1.566830e+00 -1.704492e+00
-1.172879e+00 -3.135886e-01 -8.725394e-01 -1.869280e+00 -1.458104e+00 8.687385e-01 1.315237e+00 -1.285112e-01 1.138501e+00 1.395625e+00 8.328145e-01 2.532972e-01
-2.303136e-01 2.380678e+00 3.171754e+00 7.043430e-01 -6.546602e-01 -6.461027e-01 -2.882386e+00 2.255405e+00 -1.633848e+00 -1.398186e+00 2.929138e+00 -1.674095e+00
6.259089e-01 -1.075191e+00 1.419223e+00 -6.199567e-01 1.882396e+00 -1.340566e+00 -5.664992e-01 -1.277451e+00 2.237661e+00 9.124625e-01 -1.747728e+00 -3.326640e-01
1.117937e+00 -9.520839e-01 1.522250e+00 -5.265224e-01 3.094610e+00 -8.392123e-01 5.735423e-01 1.301323e-01 2.701274e+00 9.275039e-01 -3.050680e+00 1.478547e-01
