3.808764e-01 -1.552566e+00 -4.939139e-02 -2.102403e+00 -2.383244e+00 -3.780774e+00 -2.833305e+00 -6.249841e-02 -1.383049e+00 -2.553061e+00 -1.741665e+00 -1.176463e+00
-1.091506e+00 -9.246973e-01 9.443418e-01 -8.455173e-01 -1.431691e+00 -4.433774e+00 -2.148583e+00 1.440994e+00 -4.368531e-01 -1.263271e+00 -1.181348e+00 -7.240302e-01
5.845316e+00 -2.608344e+00 3.746695e-01 2.291744e+00 -4.571956e+00 -3.227523e+00 -4.238197e+00 -1.464483e+00 2.338671e+00 -2.848615e+00 -1.683289e+00 6.174592e-01
-3.348873e+00 1.740567e+00 -1.847641e+00 8.247113e-01 4.408614e-01 -7.892598e-01 -2.489086e-01 -1.338734e+00 -7.833362e-01 9.393339e-01 1.433976e+00 2.063109e-01
4.757294e+00 -1.103897e+00 3.279769e-01 2.851192e+00 -4.302175e+00 -1.811609e+00 -2.095838e+00 -1.158839e+00 1.616379e+00 -3.003350e+00 -1.757889e+00 -1.915890e-01
4.704093e+00 -2.268479e+00 3.555384e-02 2.432521e-01 -3.084275e+00 -4.084903e+00 -5.490573e+00 -7.518786e-01 1.412622e+00 -1.452143e+00 -1.145542e+00 1.472814e+00
-4.552366e-01 -1.183739e+00 -3.462861e+00 -1.219823e+00 -3.254678e+00 -1.932001e+00 2.007259e+00 -6.584422e-01 -2.427668e+00 -2.275195e-01 1.045891e+00 7.980665e-01
5.750642e-01 -1.385324e+00 3.170498e-01 -1.266134e+00 -1.789395e+00 -1.884037e+00 -1.664762e+00 -2.696471e-01 3.260619e-01 -1.406846e+00 -1.325164e+00 -1.457955e+00
-2.275025e+00 -1.882030e+00 1.369714e+00 3.098211e-01 -9.628658e-01 -3.428087e+00 5.130843e-01 2.891188e+00 -1.617690e+00 -9.759254e-01 9.949423e-01 -3.531031e-01
2.287160e+00 -2.048514e+00 5.846978e-01 -8.054240e-01 -2.456854e+00 -1.670365e+00 -3.093321e+00 1.162547e+00 8.914593e-01 -1.181125e+00 -1.833802e-01 2.172487e+00
2.119221e+00 1.445256e+00 9.673249e-01 2.197798e+00 -2.075743e+00 4.442887e-01 -4.968480e-01 9.477051e-01 1.611926e+00 -1.905499e+00 5.617952e-03 -1.065557e+00
1.204707e+00 -2.750603e+00 -2.297999e+00 -1.152819e+00 -3.244016e+00 -1.462869e+00 2.074523e+00 7.394711e-01 -1.969909e+00 -8.667077e-01 -5.455512e-01 -7.863726e-01
7.923508e-02 1.171029e-01 4.415911e-01 1.036123e+00 -1.613640e+00 1.318897e+00 -2.856209e-01 1.700839e+00 2.464682e+00 -1.668929e+00 -2.901092e-01 1.534474e-01
-7.941166e-01 -6.531430e-01 1.817588e+00 2.791095e-03 -1.408183e+00 2.174634e-01 5.784285e-01 -2.499585e-01 2.977264e-01 -8.804693e-01 -1.515992e+00 5.686041e-01
-5.659933e-01 -1.803994e+00 2.118124e+00 -1.236051e-01 -2.717975e-01 1.372354e+00 1.531600e+00 -1.263803e+00 5.480528e-02 -2.512425e-01 -2.363837e+00 1.970746e-01
-3.436379e-01 2.608910e-01 -7.163481e-02 1.707983e-01 -9.188096e-01 8.367832e-01 -2.006675e+00 2.587784e-01 1.098085e+00 -1.036133e+00 1.687276e-01 4.625309e-01
-9.473818e-01 -1.149550e+00 1.180640e+00 -4.226066e-01 9.857167e-01 3.510833e-01 8.401295e-01 5.746744e-02 5.818614e-01 -3.328250e-01 -2.446379e+00 -1.960130e+00
-2.375909e+00 2.451980e+00 7.562495e-01 1.252258e+00 2.728046e+00 1.066515e+00 -2.100145e+00 -1.661969e+00 8.941280e-01 1.661003e+00 1.018958e+00 2.933098e-01
-1.115680e+00 2.105001e-01 -2.890406e-02 -4.826851e-01 1.976600e+00 -2.901158e-01 -1.227870e+00 8.655496e-01 1.338098e+00 -6.839398e-01 -5.192662e-01 -2.786559e+00
-1.211879e-01 -7.396598e-02 1.521849e+00 -1.000114e+00 -1.293218e+00 1.463156e+00 -1.075981e-01 5.858508e-01 -2.469902e+00 -7.789132e-01 9.659951e-01 8.686806e-01
-2.401413e-01 -4.212619e-01 1.703771e+00 -7.654243e-01 -9.960674e-01 1.269313e+00 6.122150e-02 -7.795262e-02 -2.593393e+00 -1.023499e+00 2.133986e+00 5.297238e-01
1.743027e-01 7.494295e-01 1.212378e+00 -6.530409e-01 -1.449711e+00 8.738081e-01 -1.027365e+00 1.939539e+00 -2.145019e+00 -5.878707e-01 8.994764e-01 8.985268e-01
-1.390047e-01 -9.236490e-03 3.672368e-01 -2.513730e-01 -1.470192e+00 1.205541e+00 -1.845871e+00 1.430720e-01 3.961847e-01 -1.047883e+00 -5.476465e-02 6.372094e-02
-3.267718e-01 -1.312829e+00 2.717221e-01 6.905177e-01 -1.467967e+00 -6.114058e-01 -4.230152e-01 -1.680515e+00 -5.089781e-01 1.016820e+00 5.199109e-01 -1.950769e-01
-4.795010e-01 3.413192e-01 1.717841e+00 -8.799332e-01 5.431627e-01 -1.473560e-02 -3.971075e-01 -4.170081e-01 -2.640507e+00 -1.012734e+00 2.462603e+00 -5.600808e-01
-2.385712e-03 1.603599e-01 2.402276e-01 -2.103506e-01 -1.683353e+00 4.948596e-01 -3.677984e-01 6.840006e-01 -1.457107e-01 -1.842408e-01 6.035806e-01 3.647657e-01
4.071464e-02 5.764581e-01 -1.425402e-01 8.512090e-01 1.991106e-01 4.237384e-01 2.535640e-01 -3.965428e-01 1.222603e-01 1.783697e+00 7.391619e-03 -7.275936e-01
4.422564e-01 -6.398929e-01 -6.609846e-01 -4.020058e-01 -1.047673e+00 -4.308001e-01 9.726181e-01 2.410323e+00 5.214925e-02 -7.822200e-01 -1.444021e+00 -1.162535e+00
1.765718e-01 3.162675e-02 -5.357666e-01 -8.998764e-01 -4.431150e-02 8.578717e-01 -3.061307e-01 -6.807473e-01 -1.979959e-01 -1.128964e-01 3.694098e-01 3.346217e-02
-1.694462e-01 -6.740997e-01 7.576411e-01 1.023220e+00 9.655025e-02 1.008412e+00 -5.358299e-01 -2.085594e+00 -1.694014e+00 -8.670198e-01 -7.068604e-01 -7.651431e-01
-5.343277e-01 -1.138547e+00 -9.242290e-01 3.090793e-01 -1.084406e+00 -1.108329e+00 1.211098e+00 -1.810863e-01 9.951761e-01 3.900571e-01 5.149278e-01 4.118719e-01
-2.384409e-01 -8.718843e-01 -1.453194e+00 -1.353960e+00 -2.968773e-01 1.625493e+00 2.127061e-02 -1.432435e+00 -8.501250e-01 1.530568e-01 8.314967e-02 1.445374e-01
-6.431814e-01 5.263621e-01 2.301834e+00 -4.404557e-01 6.423977e-01 -4.378901e-01 -6.794719e-02 -1.301001e+00 -1.976069e+00 -1.670001e+00 1.939171e+00 -9.922579e-01
3.517265e-02 6.688498e-01 3.818405e-01 5.085099e-01 8.643103e-01 1.401550e+00 1.612576e+00 9.769076e-01 3.887674e-01 7.355751e-01 9.383216e-02 -9.331619e-01
1.363916e-02 1.465727e-01 -2.624574e-01 -4.220166e-01 3.336059e-01 6.328587e-02 -6.968082e-01 -4.331188e-01 -1.243391e-01 1.110359e+00 1.125944e+00 5.787573e-01
3.862991e-02 4.442523e-02 3.986827e-01 6.454082e-01 2.180190e-01 5.834939e-01 -2.932609e-01 7.387208e-01 -1.252513e-02 8.569850e-01 1.272236e+00 3.931924e-01
-9.070282e-02 -2.945324e-01 -8.593209e-01 1.359709e-01 -7.939854e-01 -9.951412e-01 -6.046650e-01 -1.997909e+00 -8.231980e-01 8.850487e-01 -5.235606e-01 2.200601e-01
-2.701750e-01 1.241208e-01 2.355553e-01 4.060741e-01 6.313199e-01 2.135468e-01 4.209033e-02 -1.015112e+00 -1.400188e+00 3.206751e-01 -3.087626e-01 -1.351881e+00
5.115568e-01 5.018020e-01 4.561629e-01 1.799411e-01 7.411207e-01 1.842809e+00 1.687015e+00 -2.357574e-01 -5.398577e-01 4.526799e-01 6.802722e-01 3.009966e-01
-3.623734e-01 -2.934318e-01 -6.568334e-01 -6.622380e-01 -6.833180e-01 -2.202582e+00 -6.136009e-01 -8.965185e-01 3.014916e-01 -1.599745e+00 -9.060314e-01 1.377504e+00
3.657684e-02 5.850981e-01 2.646016e-01 -1.395136e-01 6.879783e-01 8.876162e-01 7.522581e-01 -4.126674e-01 8.847816e-02 1.595138e+00 -3.845650e-01 -3.886012e-01
-2.914546e-01 3.072813e-01 3.985479e-01 2.646124e-01 -2.994747e-01 3.065069e-01 -3.411855e-01 2.485597e-01 1.828195e+00 2.816964e-01 2.854910e-01 -4.653274e-01
-1.167026e-01 4.444831e-01 8.923355e-01 3.312953e-01 7.836183e-01 1.210260e+00 1.618342e+00 1.403652e+00 4.845316e-01 -3.697232e-01 -1.602292e-01 -3.615635e-01
-4.498893e-01 -7.490250e-01 -9.292183e-01 2.907541e-01 1.730316e-01 5.138090e-01 2.036162e+00 8.757004e-01 4.665472e-01 1.542962e+00 -1.338976e-01 1.677494e-02
-3.698524e-01 3.237264e-02 -3.082433e-01 -6.357809e-01 -2.282779e-01 -1.813494e+00 -1.357558e+00 -6.914896e-01 2.703854e-01 1.923604e-01 1.939172e-01 6.562728e-01
-3.128689e-01 5.673895e-02 -1.135937e-01 -1.015313e+00 -1.306716e+00 -9.580158e-01 -1.375744e+00 1.367792e+00 4.009500e-01 -1.251056e+00 -1.261203e+00 -2.531851e-01
4.642978e-01 5.468033e-01 -1.206300e-01 7.091637e-01 1.253948e+00 1.408820e+00 1.165932e+00 1.547098e+00 -1.249433e-01 -2.446761e+00 -1.396834e+00 -6.593367e-01
-6.806902e-01 -8.112452e-02 1.281559e+00 1.886575e-01 2.451840e-01 1.310621e+00 -4.707340e-01 -3.859419e-01 -1.526438e+00 -1.187571e+00 -6.015636e-01 7.933640e-02
3.136827e-01 2.840627e-01 2.376693e-01 -3.797996e-01 4.690927e-01 1.836373e+00 3.444402e-01 1.429206e-01 -5.398170e-01 -1.790487e+00 -1.656963e-01 -1.059923e+00
-1.734962e-01 -6.176018e-01 -3.216445e-01 -5.721143e-01 -8.887619e-01 -3.278863e-01 -1.088824e+00 -1.677384e-01 1.065150e-01 1.536192e+00 8.515496e-01 1.368366e-01
-1.584070e-01 3.603333e-01 3.945357e-01 4.851894e-02 4.610608e-01 -3.250490e-01 -1.717170e+00 -2.562418e-01 -5.638536e-01 6.714054e-02 1.010265e+00 1.798535e+00
4.610119e-02 1.024845e-01 -4.080749e-01 -1.012312e+00 -5.346998e-01 -5.893101e-01 -1.033453e+00 2.887377e-01 -7.487860e-02 -1.463702e+00 -1.686110e-01 1.104300e+00
7.794323e-02 2.454814e-01 -3.307176e-01 -5.844832e-01 2.893282e-01 7.496560e-01 3.611312e-01 -1.433100e+00 6.832059e-02 1.204645e+00 1.176960e+00 1.604774e+00
-1.241185e-01 1.439107e-01 1.998380e-01 -5.463197e-01 -2.152131e-01 -6.522413e-02 -3.183730e-01 2.606667e-01 -7.507255e-01 -3.643941e-01 1.130758e+00 2.157013e+00
6.940786e-01 8.843696e-01 6.171382e-01 5.589336e-01 8.641253e-01 1.413109e+00 1.847949e-01 6.052946e-01 -2.023174e-01 -2.319713e+00 -1.189180e+00 -6.952322e-01
-3.581827e-01 5.637594e-02 3.747154e-01 4.521236e-01 -1.984797e-01 -1.579593e+00 -1.628297e+00 -8.262166e-01 4.333794e-01 1.956593e+00 1.932517e+00 -6.058846e-01
-3.645709e-01 -8.570882e-02 -8.545803e-01 -1.650885e+00 4.408030e-01 1.555229e+00 5.161122e-01 -1.403075e+00 -8.680943e-01 3.197427e-01 5.789124e-01 2.447796e-03
-1.267613e-01 -2.834476e-01 -2.296079e-01 -1.411319e-02 -3.242878e-01 -1.079244e+00 6.353313e-01 -2.248616e-01 8.089256e-02 -2.806161e-01 2.275234e-01 1.160814e+00
-1.172344e-01 8.585240e-01 9.815321e-01 5.642121e-01 -1.232771e-01 -4.783149e-01 -9.474664e-01 -1.884693e-01 -6.811663e-01 5.228654e-01 -2.810719e-01 6.981174e-01
3.748291e-01 3.268389e-01 3.841101e-01 -2.161334e-01 -4.675851e-01 -3.309623e-01 -6.974578e-01 -9.702100e-01 6.831716e-01 6.141180e-01 1.218306e+00 -1.239573e+00
5.165761e-01 1.270194e+00 1.399012e+00 7.665470e-01 8.049999e-01 3.848171e-01 1.083301e+00 1.352860e-01 1.078911e+00 8.897964e-01 -5.307140e-01 -1.158945e+00
-2.784781e-01 -6.011950e-01 6.677437e-02 -6.184564e-02 6.592466e-01 4.730988e-02 5.449224e-01 -1.936064e-02 6.838274e-01 -2.001694e+00 -6.029496e-01 5.588797e-01
1.361610e-01 7.460397e-01 2.451792e-01 -9.865360e-02 8.771361e-01 8.066286e-01 2.151601e-01 -1.194628e-01 2.235131e-01 3.558156e-01 4.281351e-01 2.292629e-01
1.947625e-01 9.946019e-01 1.602381e+00 9.740852e-01 6.762923e-01 3.958069e-01 9.503814e-01 1.173000e+00 1.412020e+00 3.152387e-01 -1.199592e+00 -8.051623e-01
-5.738474e-01 -3.286988e-01 -1.722479e-01 -2.621399e-01 -4.762498e-01 -1.554494e+00 -8.849174e-01 -3.787752e-01 -8.439026e-01 -1.079199e+00 -8.672442e-01 -1.970002e+00
-2.059103e-01 -6.805738e-01 -7.311851e-01 -3.279350e-01 -8.960242e-01 -1.353641e+00 -9.498167e-01 -2.143341e-01 -2.269344e-01 -1.301545e+00 -6.664294e-01 -1.313850e+00
2.557966e-01 -4.125858e-01 -6.778188e-01 -1.627063e+00 -2.480196e-01 5.222973e-01 1.977735e-01 -1.040590e+00 -3.926045e-01 -4.678621e-01 1.067041e+00 2.169778e+00
-9.687880e-01 1.101433e+00 2.097115e+00 1.068144e+00 -6.369459e-01 4.645995e-01 4.605671e-01 -1.873001e+00 -2.104464e+00 -1.453979e+00 6.489450e-01 -6.111873e-01
-1.061558e-01 -7.589747e-01 -2.572155e-01 5.601060e-01 -3.302671e-01 -9.837133e-01 -1.298362e+00 -8.489763e-01 -7.896738e-02 2.573663e-01 8.069208e-01 -3.830320e-01
1.672140e-01 1.186436e+00 -6.899251e-01 -7.055475e-01 1.680995e+00 1.047278e+00 6.830416e-01 -9.088802e-01 -8.587214e-01 6.047641e-01 4.635676e-01 4.404985e-01
-7.352468e-01 7.607585e-01 -1.582151e-01 7.094982e-01 2.345216e-01 -1.908468e+00 -1.695022e-01 7.395183e-01 8.786739e-01 5.603076e-01 1.269962e+00 4.111514e-01
-1.802351e+00 -6.607333e-01 -8.409201e-01 -1.895177e+00 -7.256215e-01 7.829073e-01 3.910446e-01 1.205734e+00 2.145407e+00 1.667335e+00 2.404130e+00 1.466273e+00
-4.038448e-02 5.491987e-01 1.411372e-01 6.873304e-01 7.654458e-01 2.012439e+00 1.625769e+00 1.829419e+00 -2.269517e-01 5.036317e-01 9.725993e-01 4.443310e-01
-4.052632e-01 1.100796e+00 1.667552e+00 1.098854e+00 3.369283e-01 -9.845933e-01 -4.845043e-01 6.002030e-01 -2.195988e-02 -2.420344e-01 -3.812680e-01 2.924979e-01
-1.058896e+00 1.184782e+00 2.465963e+00 1.104267e+00 -1.163996e+00 1.360908e+00 1.233290e+00 -2.422267e+00 -1.404975e+00 -1.533754e+00 -4.628070e-01 -4.538452e-01
-5.257362e-01 6.409907e-01 1.617222e-01 2.039664e-01 8.686408e-01 1.536579e+00 2.586086e-01 1.871088e-01 -1.613178e-01 6.559180e-01 1.003991e+00 1.486123e-02
1.619192e-01 8.104011e-01 -1.468304e+00 7.279561e-01 4.966784e-01 -2.563039e+00 -2.255189e+00 1.360514e+00 7.968251e-02 -9.044959e-01 1.477259e+00 -1.755054e+00
-1.409557e+00 1.223483e+00 1.901015e+00 -6.366682e-02 4.512596e-03 1.193230e+00 2.306227e-01 -1.728427e-01 -5.149375e-01 -5.507463e-01 5.925862e-01 -2.845844e+00
-1.941463e+00 -1.247635e+00 -1.425999e+00 -1.170087e+00 1.048058e+00 2.217651e+00 2.599011e+00 9.392718e-01 1.048128e+00 2.519432e+00 8.421721e-01 1.295302e+00
-9.571177e-01 1.287342e+00 2.435404e+00 7.032177e-01 -9.039505e-01 1.342476e+00 1.525506e+00 -1.020330e+00 -1.860192e+00 -1.187795e+00 -2.178216e-01 -9.742349e-01
4.834098e-01 5.413289e-02 -1.781054e+00 1.062171e+00 1.167877e+00 -1.344225e+00 1.948673e+00 6.126351e-02 4.357411e-01 3.530001e+00 -2.468121e+00 -9.631850e-01
6.107168e-01 -6.170656e-01 -5.889037e-01 1.641576e+00 -3.268589e-01 -2.048640e+00 -1.479116e+00 2.106315e+00 -2.534452e-02 1.575848e+00 1.614627e+00 -4.542240e-01
-8.321897e-01 1.738165e+00 2.197889e+00 -1.954946e-02 -8.377420e-01 2.034674e+00 4.782383e-01 -1.628509e-01 -9.423481e-01 -1.218955e+00 2.881464e-01 -1.500055e+00
-7.971559e-01 1.289031e+00 1.398858e+00 3.384495e-03 5.273901e-01 3.785571e-01 -3.588421e-01 1.633250e-01 -7.046337e-02 -5.434397e-01 2.461527e-01 -2.742582e+00
1.631776e-01 1.092674e+00 6.105661e-02 8.393224e-02 3.640478e-02 2.800530e+00 1.797487e+00 2.186544e+00 -1.314171e+00 -2.703147e+00 -3.876108e-01 3.142560e-01
8.810987e-01 -3.924622e-02 -5.478815e-01 -4.666575e-01 -6.570524e-01 4.974501e-01 6.607527e-01 -8.614477e-01 -9.282866e-01 6.455008e-01 -4.726146e-01 9.126756e-01
-3.023257e+00 -1.147152e+00 -1.259458e+00 -2.262058e+00 8.716906e-01 3.516512e+00 1.863994e+00 1.250863e+00 3.093310e+00 3.330684e+00 2.151375e+00 1.816286e+00
-2.797007e-01 1.300174e+00 1.053169e+00 -1.590481e-01 1.458076e+00 7.363844e-03 -1.139188e+00 1.989912e-01 7.055050e-01 -5.056953e-01 -5.569816e-01 -1.446832e+00
1.392143e+00 -8.618906e-01 -2.951369e-02 6.423835e-01 -1.566756e+00 -1.493731e-01 9.749597e-01 9.268286e-01 -3.374090e-01 2.588462e+00 1.165660e+00 1.142929e+00
8.869500e-02 9.025009e-01 -1.568327e-01 1.531998e-01 2.643611e+00 -1.035973e+00 -2.836842e-01 2.009577e-01 5.701488e-01 -2.411489e-01 -1.576508e-01 -5.336820e-01
8.817874e-01 2.049701e+00 -2.002364e+00 -1.844758e+00 -6.161608e-01 2.614769e+00 2.193520e+00 7.133886e-01 -1.185307e+00 -3.365891e+00 -2.247470e+00 1.505750e-01
-1.227987e+00 -2.465217e+00 4.153780e-01 3.495798e+00 1.408890e+00 -8.020352e-01 8.398244e-01 2.441804e+00 1.989833e+00 2.526003e+00 2.144060e+00 6.751528e-01
-2.718859e-01 -7.646956e-02 -4.850056e+00 -5.687832e-01 3.575424e+00 -3.264835e+00 2.028095e+00 -4.030128e-01 -8.751554e-01 4.882457e+00 -2.858313e+00 6.336352e-01
2.319488e+00 -3.750855e-01 4.670672e-01 -4.773675e-01 -1.807597e+00 -6.539415e-01 2.610543e-01 -4.049314e-01 -8.676605e-01 -2.586570e+00 1.671574e-01 1.326219e+00
2.429893e+00 2.061064e+00 -3.695893e+00 -2.535250e+00 -2.161585e-01 1.590318e+00 9.407320e-01 -1.920297e+00 1.096828e+00 -9.229635e-01 -2.858479e+00 -3.577981e-01
-5.207516e-01 1.770918e+00 2.846261e+00 2.600625e+00 4.158348e+00 3.107673e+00 -6.082388e-01 3.358489e-01 2.245058e+00 1.605923e+00 1.410367e+00 1.836101e-01
1.539445e-01 9.178070e-01 -2.191205e+00 -4.644017e-01 4.613795e+00 -1.142479e+00 1.161546e+00 -2.458021e-01 -1.111786e+00 -1.119041e+00 -8.762110e-01 7.917045e-01
1.432604e+00 -2.162845e+00 -1.653715e+00 2.093729e+00 1.753702e+00 -2.817385e-01 4.221144e-01 -2.423690e-02 3.504773e+00 3.617967e+00 1.656184e-01 -6.559077e-01
2.912413e+00 -2.279156e-01 -3.542306e+00 -3.476937e-01 9.414792e-01 1.202609e+00 1.865556e-01 -2.406661e+00 1.930321e+00 9.436699e-01 -1.771881e+00 -4.130541e-01
2.025074e+00 -7.981197e-01 2.719659e+00 9.998080e-01 1.291116e+00 1.607714e+00 -4.824468e-01 -8.694067e-02 1.214844e+00 -7.916635e-01 3.928917e-01 1.167043e-01
-1.689099e+00 -1.768012e-01 -5.490604e+00 -1.199672e+00 6.636822e+00 -1.340473e+00 3.629391e+00 -2.091773e+00 -1.552219e+00 3.060459e+00 -2.711605e+00 1.081438e+00
-2.144777e+00 -4.892200e-01 -6.375224e+00 -1.691215e+00 5.677668e+00 -1.479901e+00 3.449599e+00 -1.532332e+00 -1.153142e+00 4.981194e+00 -2.690897e+00 8.564562e-01
