6.885068e+00 -1.807526e+00 -5.126061e-01 -2.614855e+00 -4.790922e+00 2.419424e+00 -2.825115e+00 1.055543e+00 1.748254e+00 -3.416073e+00 1.888963e+00 2.068413e+00
4.727439e+00 -2.810496e+00 -1.143436e+00 -1.596373e+00 -3.605478e+00 1.421860e+00 -2.918540e+00 5.149802e-01 -2.880326e-01 -3.110646e+00 3.341141e+00 2.983618e+00
6.740145e+00 4.209783e-01 4.119553e-01 -1.745330e+00 -3.907312e+00 6.696267e-01 -9.628426e-01 1.607515e+00 1.359328e+00 -3.438189e+00 -1.203411e+00 6.157299e-01
1.802328e+00 -1.754396e+00 -1.053171e+00 -7.039115e-01 -1.712947e+00 1.044261e-01 -2.899378e+00 5.470195e-02 8.525804e-01 -7.414776e-01 3.268878e+00 1.737368e+00
3.476352e+00 1.695746e+00 6.947442e-01 -6.986867e-01 -2.064861e+00 -3.154498e-01 8.130088e-02 1.013770e+00 -6.133606e-01 -2.922528e+00 -1.873239e+00 4.713682e-01
-8.886061e-01 -2.705872e-01 1.549004e-01 1.370097e-02 -7.194403e-01 -2.880251e-01 -8.286436e-01 1.833860e+00 1.251734e+00 7.209908e-01 5.540402e-01 -9.786147e-01
3.401007e-01 1.919588e+00 4.984276e-01 -7.720608e-01 -1.678580e+00 -1.213903e+00 -5.269991e-01 -3.526846e-01 4.148211e-01 1.202494e+00 9.076315e-01 -2.111383e-01
-6.266283e-01 -9.841262e-02 -3.583534e-01 1.383744e+00 -7.803745e-01 3.243446e-01 -3.696648e-01 1.917037e+00 3.438993e-01 8.007504e-01 1.345354e+00 -2.005272e-01
5.270001e-01 6.749640e-02 8.877054e-01 1.121039e+00 2.147043e+00 3.509976e+00 3.587218e+00 6.098165e-01 -1.284987e+00 1.447376e+00 2.176427e+00 -5.866904e-01
2.666868e-01 2.872455e-01 7.680671e-01 -1.190774e+00 -1.059468e+00 8.215267e-01 1.056524e+00 6.180716e-02 -1.365191e+00 5.497360e-03 -1.597472e+00 8.269890e-01
1.825314e-02 1.140069e-01 -5.752934e-01 -3.148530e-01 -1.902370e-01 6.300153e-01 8.541179e-01 1.099105e-01 -1.558094e+00 -1.530499e-01 -3.653161e-01 6.181258e-01
-1.403560e-01 -2.722521e-01 -2.628840e-01 -2.634106e-01 -8.726215e-01 1.893148e+00 4.272760e-01 -1.087519e-01 -9.721437e-01 5.776373e-01 9.281181e-01 3.239647e-01
-2.577108e-01 4.416378e-01 -5.680717e-01 3.720766e-01 7.907280e-01 1.625196e-01 7.145762e-03 5.001416e-02 2.930424e-01 2.491546e+00 -7.139308e-01 -1.022593e+00
1.204027e-01 1.194515e-01 3.093064e-03 2.036140e-01 -1.001662e-01 -4.363449e-01 1.142098e+00 9.970907e-01 6.249455e-01 3.804726e-01 1.751328e+00 5.225225e-01
-6.496890e-01 -3.576011e-01 -3.422083e-01 1.675788e+00 -1.116651e-01 -1.962053e-01 -1.750126e+00 -3.621253e-01 3.291928e-01 6.489447e-01 -1.040697e+00 -1.063414e+00
6.838872e-01 -1.458521e-01 2.913630e-01 5.305806e-01 -3.673358e-01 5.733415e-01 -7.040350e-01 -6.112847e-01 -1.038126e+00 -2.959824e+00 -1.018329e+00 -4.686388e-01
-8.421154e-02 -2.684612e-02 3.079754e-01 1.126019e+00 -1.987554e-01 8.755755e-02 -1.163794e+00 -8.610468e-01 3.191293e-01 2.271134e+00 6.705905e-01 -5.144085e-01
4.616176e-01 1.529561e+00 1.714618e+00 -2.037899e+00 -1.585562e+00 2.832439e-01 3.595368e-01 -8.476224e-02 2.940379e-01 5.120195e-01 -1.889238e+00 -3.392100e-01
-2.330076e-01 5.750229e-02 -6.433201e-01 -3.234863e-02 3.473778e-02 7.042848e-01 1.954456e-01 -1.218796e-01 -1.501564e+00 2.634404e-01 1.243526e-01 2.729952e-01
-1.302757e-01 2.132198e-01 4.636673e-01 1.382971e-02 -4.044042e-02 2.122449e+00 9.509567e-01 9.302922e-01 -4.225127e-01 -1.261809e+00 -1.003989e+00 -4.559015e-01
-6.005421e-02 4.115150e-01 -2.098040e-01 7.229119e-01 8.510121e-01 1.111470e+00 6.174766e-01 6.800249e-01 2.302867e+00 2.256596e+00 -4.653378e-01 -7.025072e-01
-2.660847e-03 -6.016767e-01 -9.707292e-01 -7.325622e-01 3.907699e-01 3.108872e-01 6.445850e-01 5.021639e-01 3.744814e-01 9.800328e-01 9.049374e-01 7.325392e-01
4.889677e-01 2.603738e+00 1.641557e+00 -1.117416e+00 -1.743121e+00 -1.048625e+00 5.455484e-02 -1.870473e-01 2.021160e-01 1.001507e+00 -1.036851e+00 -1.029319e+00
5.670832e-01 6.433891e-01 4.274695e-01 1.027344e+00 6.216293e-01 -1.250334e-01 -9.631949e-02 5.431065e-01 1.315581e+00 -1.758979e-01 6.825042e-01 1.934065e-01
-1.555901e-01 5.308744e-01 -3.205071e-01 -5.644222e-01 1.946732e-01 5.214343e-01 -2.847076e-01 3.267416e-01 -1.155752e+00 4.705334e-02 1.965409e-01 -4.212369e-01
1.647122e-01 3.417899e-01 -2.821405e-01 5.305733e-01 2.900174e-01 -1.502020e+00 -4.500243e-01 -3.171705e-01 1.054172e+00 1.740881e+00 1.378839e+00 3.506706e-02
2.184110e-01 2.422895e-01 2.618041e-01 5.349959e-01 2.717436e-01 -5.020530e-01 1.753392e-01 1.488279e+00 9.200347e-01 -1.311398e+00 9.492510e-01 9.852768e-01
-4.197991e-01 9.504051e-01 7.296381e-02 3.361715e-01 1.249130e+00 -1.505216e+00 -1.128789e+00 -6.641072e-01 -1.005947e+00 1.895358e+00 -1.273205e+00 6.774950e-03
-7.644640e-01 2.046652e-01 9.640946e-01 1.136067e+00 6.700324e-01 1.589979e-01 -3.158619e-01 -3.778000e-01 -1.835728e-01 -5.061027e-02 4.211175e-01 5.748854e-01
-2.946962e-01 -4.014060e-01 -3.276208e-01 6.864399e-01 -3.250280e-01 -8.442856e-01 -1.286294e+00 -3.391032e-01 4.810194e-01 9.358913e-01 1.825197e-01 -2.290972e-01
-1.918356e-01 -1.327678e+00 2.074420e-01 4.825990e-01 1.071704e+00 -2.761156e+00 -2.182903e-02 1.104058e+00 -3.165228e-01 -1.207909e-01 8.859499e-01 -2.655770e+00
-3.742258e-01 3.803003e-01 3.758419e-01 4.151866e-01 2.128520e-01 -1.580905e+00 -1.515030e+00 -7.300211e-01 -2.109451e+00 -3.148702e-01 -1.223585e+00 9.873527e-01
2.143002e-03 7.857263e-01 3.652341e-01 -1.293387e+00 3.734117e-01 6.966944e-02 -2.746724e-01 3.353588e-01 -7.836455e-01 1.921510e-01 -3.853586e-01 -1.060903e+00
2.926262e-01 6.979793e-01 -1.517033e-01 4.074464e-01 1.809458e-01 -2.528426e+00 1.118738e-01 4.937288e-01 -1.807313e-01 -2.245426e-03 9.928110e-01 -2.075521e+00
4.015727e-01 8.981668e-01 4.519339e-01 -2.194847e-01 2.686064e-02 -1.494344e+00 -1.273400e+00 1.625080e-01 4.358158e-01 -1.382063e+00 -1.739285e-01 7.567708e-01
4.763975e-02 5.753879e-01 5.842956e-01 -7.148062e-01 -1.321408e-01 2.616323e-01 9.603167e-01 1.274891e+00 6.327000e-01 -2.010351e+00 -2.631281e-01 6.848399e-01
-2.472822e-01 -8.187678e-01 -5.604831e-01 -9.192583e-01 5.564578e-01 9.217907e-01 -1.274659e+00 -1.549569e+00 -1.938179e+00 -4.489188e+00 -9.862019e-01 4.568643e-01
-3.637028e-03 -8.532943e-01 -1.250244e+00 -1.239452e+00 -1.314935e-01 2.067713e+00 -1.000679e+00 -2.263108e+00 -1.348281e+00 -2.643086e+00 -8.593126e-02 2.844265e-01
1.267012e-01 1.504579e-01 -5.827469e-01 -1.496410e-01 6.996950e-01 -1.208390e+00 1.300440e+00 1.304103e+00 1.947706e+00 3.153920e-01 6.919296e-01 4.043937e-03
-8.702302e-01 6.529167e-01 1.605162e-01 -2.765633e-01 -9.165547e-02 8.410587e-02 -1.457644e+00 -3.233026e-01 -9.655125e-01 -7.152793e-01 5.805755e-01 1.059744e+00
-1.829338e-03 -6.447083e-01 -1.568933e+00 -1.773061e+00 -5.550355e-01 1.679280e+00 6.456944e-01 -3.599125e-01 3.820251e-01 -8.579621e-02 -2.625957e-01 -1.485296e-01
2.104402e-01 9.397431e-02 2.505922e-01 6.931524e-01 -3.995942e-01 -2.012711e+00 -1.767919e+00 2.206730e-01 1.308336e+00 6.074153e-01 -5.527300e-01 -2.046905e-01
-5.683016e-01 8.333153e-01 1.278308e+00 9.213154e-02 1.887801e+00 6.082526e-01 6.347207e-01 9.390373e-01 8.002388e-01 -1.009642e+00 -3.712152e-01 9.503391e-01
-7.224871e-01 -1.476645e+00 5.076023e-01 4.365357e-01 1.913894e+00 -2.503508e+00 -6.705551e-01 1.080581e+00 -4.923771e-01 7.423960e-01 -1.766003e-01 -2.606810e+00
5.100653e-01 1.138800e+00 4.507716e-01 -1.098608e+00 -1.505337e-02 -2.457513e-01 -1.997553e-01 7.033828e-01 -8.544606e-02 -5.069371e-01 -1.111879e+00 -3.931167e-01
-5.779576e-01 5.869900e-01 6.304613e-01 2.302356e-01 8.119680e-01 4.671465e-01 -7.282885e-01 -1.289458e-02 1.297029e+00 8.998756e-01 4.354278e-01 9.508196e-01
4.920895e-01 2.511534e+00 -3.822307e-01 -1.122593e-01 2.124730e-01 -1.627293e+00 -9.200314e-01 4.163345e-01 8.591413e-01 2.453393e-01 -7.224076e-01 -1.462540e+00
5.041912e-01 2.907253e-01 7.355418e-02 7.027442e-01 -3.778745e-01 1.076358e+00 1.048969e+00 4.662563e-01 3.489423e-02 3.789876e-01 1.052547e+00 9.148657e-01
5.127573e-02 -7.745576e-02 -5.026599e-01 -6.080552e-01 1.495822e+00 5.646421e-01 2.960275e+00 1.473263e+00 1.529008e+00 -3.105451e-01 2.082551e-01 5.178778e-02
-1.830704e-01 9.624211e-01 1.565518e+00 8.926719e-01 1.650281e+00 -3.724540e-01 -1.817531e-01 1.192193e+00 2.377570e+00 1.321856e+00 4.662567e-01 8.584085e-01
-3.577856e-01 6.765192e-01 1.674321e+00 9.567038e-01 2.186291e+00 -6.431516e-01 -7.093295e-01 1.607737e+00 1.886151e+00 1.391615e+00 2.176666e-01 9.359125e-01
-1.318618e+00 1.598237e-01 -1.551935e+00 -1.978907e+00 -6.726047e-01 -2.137504e-01 -1.316549e+00 5.759103e-01 -1.631160e-02 -1.515126e+00 -1.289207e+00 -7.991129e-02
2.950111e-01 1.325573e+00 9.261166e-01 1.661679e-01 7.767599e-01 1.966678e+00 1.117117e+00 1.701122e+00 3.336869e-01 2.853212e-02 1.011670e+00 -4.878055e-01
5.123054e-01 1.329720e+00 5.425887e-01 1.105225e-01 -6.699421e-01 -1.332909e+00 9.285591e-01 7.091864e-01 -1.264860e-01 -7.827096e-01 -6.824284e-01 -5.115293e-01
-8.353440e-01 2.550606e-01 1.193720e+00 5.637032e-01 1.183048e+00 -2.783210e+00 1.298133e-01 7.400593e-01 -8.560642e-01 6.580521e-01 -3.716451e-01 -2.138711e+00
1.646893e-01 1.679897e+00 7.407497e-01 7.074741e-01 -8.413160e-01 -1.908096e+00 1.134452e+00 1.188381e+00 -1.073377e+00 -4.742932e-01 -1.851135e-01 -3.717791e-01
-2.496689e-01 1.772944e+00 7.574829e-01 3.875102e-01 1.324310e-01 -2.052799e+00 5.114464e-01 8.998820e-01 -8.690737e-01 2.781147e-01 -6.176305e-01 -1.070227e+00
-1.850800e+00 -4.976222e-01 -2.242460e+00 -1.465934e+00 -5.778335e-01 -1.331552e+00 -2.502946e+00 -2.738185e-01 5.755044e-01 6.193733e-02 -2.185220e+00 -5.363253e-01
2.136078e-02 1.974162e+00 -4.883491e-02 6.254524e-01 5.058689e-01 -6.385225e-01 -8.393012e-01 3.584160e-01 2.991120e-01 -1.020897e-01 -7.575752e-01 -4.824005e-02
-4.002983e-01 -2.571461e+00 -1.113794e+00 4.127867e+00 2.486787e+00 5.148361e+00 4.335083e+00 -4.137305e-01 -8.572391e-01 2.291698e+00 2.350523e+00 3.260630e-01
9.233509e-01 -1.659103e-01 9.332834e-01 -2.692134e-01 1.570010e-01 7.138780e-01 1.337883e+00 -1.018578e+00 5.567701e-02 -5.022911e-01 2.534699e-01 8.125446e-01
-5.993664e-01 -9.590149e-02 -2.760018e-01 4.346187e-01 1.002425e+00 7.140725e-01 1.212462e+00 -4.513204e-01 -6.701986e-01 8.763351e-01 5.292359e-01 2.540658e-01
-1.634406e+00 6.253799e-01 1.719133e+00 -4.544795e-01 1.466819e+00 -1.193016e+00 3.057492e+00 -1.916653e+00 -1.370430e-03 1.981185e+00 -1.329161e+00 -1.600123e+00
5.743209e-01 3.780247e-01 1.467375e+00 -1.293019e+00 -7.093076e-02 -1.015182e+00 -3.366780e-01 -1.457638e+00 -1.217796e+00 -8.304491e-01 -6.475329e-01 1.016043e+00
-9.713821e-01 7.670333e-01 -2.255942e-01 2.321609e-01 -8.135561e-01 -4.171537e-01 2.443533e+00 -1.498616e+00 -1.084356e+00 2.095668e+00 5.357710e-01 -8.033900e-01
-1.154241e+00 -4.933397e+00 -2.227767e+00 4.193289e+00 1.435879e+00 3.990096e+00 3.473376e+00 -9.809768e-01 -6.759262e-02 2.141216e+00 8.850454e-01 -4.486514e-01
-1.706063e+00 -9.527766e-01 -2.289903e+00 -4.016055e-01 4.750974e-01 -4.567430e-01 -2.145224e+00 -1.956751e+00 1.472435e+00 -4.688581e-01 -2.665580e+00 8.564965e-02
-8.715678e-01 3.013008e-01 5.877116e-02 1.143590e-01 -1.646997e-01 -1.435669e-01 -1.300393e+00 -4.440847e-01 -4.707043e-01 -1.221831e+00 1.597468e-01 1.661823e+00
-1.678949e+00 -1.489441e+00 -9.325269e-01 -8.594356e-02 5.182207e-02 -1.420362e-01 -2.035753e+00 -2.076344e+00 1.314951e+00 -8.235940e-01 -2.019379e+00 8.867418e-01
-7.886969e-01 -8.029938e-04 -1.569606e-01 9.242091e-01 1.623787e+00 2.873982e-01 -2.569392e-01 6.368575e-01 1.802050e-01 5.771171e-01 6.033440e-02 8.790894e-01
1.554446e+00 1.429799e-01 4.881583e-01 -5.520126e-01 -7.887260e-01 1.889526e+00 2.903150e+00 -1.221499e+00 -4.903258e-01 -9.438261e-01 6.949117e-01 2.038507e+00
-1.669211e+00 1.318909e+00 1.298855e+00 2.964790e-01 4.105099e-01 -1.035684e+00 3.100791e+00 -1.657033e+00 -2.887249e-02 2.674681e+00 -4.904452e-01 -9.203193e-01
-2.087842e+00 -4.210421e+00 -1.424043e+00 3.433083e+00 1.631426e+00 1.539641e+00 2.129264e+00 -1.117888e+00 2.577170e-01 1.752754e+00 3.317708e-01 5.291322e-01
-2.508924e+00 -1.735304e+00 5.939742e-01 1.742903e+00 1.109074e+00 -6.597227e-01 2.527216e+00 2.055378e-02 1.447469e+00 1.888687e+00 -8.280659e-01 -1.024876e+00
