3.611926e+00 1.336800e+00 1.061217e+00 -2.598085e+00 -9.279761e-01 -3.293823e-01 -2.219960e+00 -1.224950e-01 -6.612204e-01 -4.222583e-01 -6.270850e-01 -9.339823e-01
4.592421e+00 2.683875e+00 1.732566e+00 -5.956874e-01 5.073234e-01 4.617021e-01 -1.572378e-01 2.194116e-01 -6.318688e-01 -5.217692e-01 -1.971703e+00 -2.971861e-01
-1.223442e+00 -1.959154e+00 9.767130e-01 -1.600646e+00 1.671879e+00 -1.694895e+00 8.075317e-01 5.819192e-02 7.899549e-01 1.878601e+00 6.858988e-02 -3.753126e-01
-1.185688e+00 -6.220056e-01 1.695596e+00 -1.351203e-01 1.653350e+00 -1.514632e+00 1.852603e+00 -7.313733e-02 4.950088e-01 1.000238e+00 8.442385e-01 5.562213e-01
1.953759e+00 -1.121067e+00 3.675817e-01 -1.781880e+00 -9.620599e-01 -9.086338e-01 -2.642096e+00 2.466575e-01 -2.778557e+00 -1.856756e-03 8.119850e-01 -6.728702e-01
3.377676e+00 3.531981e+00 2.532079e+00 4.818377e-01 1.266255e+00 8.504092e-01 6.514482e-01 6.414810e-01 2.310790e-01 -8.594275e-02 -1.289703e+00 -7.859092e-01
1.539275e-01 -1.987588e+00 -5.011770e-01 -1.188603e+00 9.367878e-01 -8.454339e-01 7.158348e-01 -2.359360e-01 8.669069e-01 9.693046e-01 -6.668571e-01 5.959247e-01
-1.700966e+00 -3.566768e+00 3.423482e-01 2.128114e-01 -1.131238e+00 -1.119396e+00 -1.335815e+00 9.371441e-01 2.406889e+00 -1.439015e+00 -8.530179e-01 8.472613e-01
6.279393e-01 4.337640e-02 1.391494e+00 1.322806e+00 7.460105e-01 1.610766e+00 1.595765e+00 2.217051e+00 1.809512e+00 -2.162304e-02 6.320284e-02 -1.415013e+00
-1.306927e+00 -1.607352e+00 2.915711e-01 -1.940068e+00 1.296151e-01 8.310506e-01 -6.984988e-01 3.658540e-02 -1.072155e-01 3.386635e-01 8.394030e-01 9.805359e-01
1.141342e+00 -3.601421e+00 1.671748e+00 2.137163e+00 2.621846e-01 1.321160e+00 -2.617635e+00 4.124621e+00 2.801916e+00 1.884165e-01 -3.374243e-01 -9.751027e-01
-1.336142e+00 -1.701522e+00 8.770862e-01 -1.891183e+00 -1.463541e-01 1.653751e+00 -1.034649e+00 4.230914e-01 5.820025e-01 -3.776532e-01 -1.027127e+00 2.171403e-01
2.348761e+00 6.941602e-01 -1.394795e+00 -3.594301e+00 -1.728516e+00 -1.432387e+00 -5.394913e-01 4.003827e+00 -1.197012e+00 -5.393822e-01 5.317464e-01 7.757201e-01
2.031684e+00 4.637136e-01 -1.187285e+00 -3.926309e+00 -1.982969e+00 -8.574728e-01 1.544212e-01 3.165563e+00 -1.619539e+00 2.395040e-01 1.899838e-01 2.052832e+00
-6.025419e-01 -1.368882e+00 4.310456e-01 -3.043221e-01 6.165408e-01 -4.829524e-02 -8.984269e-01 1.313754e+00 -1.245761e+00 -4.894647e-01 2.996573e-01 -3.996903e-01
-1.162441e+00 -1.570788e+00 -1.819699e-01 -1.869454e+00 3.516947e-01 5.118936e-01 9.520092e-01 7.253848e-01 4.593396e-01 1.299121e+00 1.071957e-01 1.142779e+00
-2.738890e+00 -1.620753e+00 -7.639928e-01 4.974530e-01 -8.921534e-01 -1.735322e+00 -5.403132e-01 -2.812761e+00 4.263667e-01 -2.692153e+00 -6.309729e-01 2.837977e+00
-3.090579e+00 1.189207e+00 -1.112791e+00 -3.193378e-01 3.027927e-01 -1.080320e+00 2.758936e-01 -2.311354e+00 6.149243e-01 -2.989853e+00 -2.047932e+00 2.538410e+00
1.072210e+00 1.333114e+00 1.816067e+00 5.092334e-01 1.201864e+00 1.542489e+00 2.327457e+00 3.267053e-01 -1.896372e+00 -9.013049e-01 -8.080676e-01 -2.335407e+00
1.763481e+00 7.559630e-01 -1.419406e+00 -2.507448e+00 -1.701033e+00 -1.151369e+00 1.270455e-01 2.064564e+00 -1.946799e-01 3.509246e-01 4.771970e-01 -4.920837e-01
1.039057e+00 2.041531e-03 -1.413371e+00 -3.280708e+00 -7.328159e-01 -1.737280e-02 5.546179e-01 2.016229e+00 -1.290015e-01 5.972033e-02 4.301184e-01 1.319922e+00
4.822752e-01 3.486334e-01 -6.465881e-01 -1.297116e+00 -1.256555e+00 -1.283805e+00 -4.840707e-01 1.966105e+00 4.007537e-01 8.883071e-02 1.021579e+00 -4.749146e-01
-7.048444e-01 3.586608e-01 1.984357e-01 -2.386193e-01 -5.569135e-01 -9.627644e-01 -8.567911e-01 8.281129e-01 5.812675e-01 -3.613152e-01 1.742378e+00 4.320174e-01
-1.468343e+00 4.719527e-01 9.858181e-01 1.744706e+00 4.521031e-02 -3.027062e-01 -1.440875e+00 -1.665038e+00 1.780991e+00 9.996984e-02 -4.798017e-01 2.097288e+00
-1.378317e+00 -1.851645e-02 6.510612e-01 1.320309e+00 1.153000e+00 -1.954080e-01 -2.012731e+00 -6.674716e-01 5.782825e-01 -1.516145e-01 1.563441e-01 8.886244e-01
-1.487905e+00 1.000382e+00 7.960451e-01 6.487972e-01 -3.884800e-01 -3.286325e-01 -8.657260e-01 -1.261887e+00 1.683358e+00 8.051298e-02 1.059246e-01 1.741529e+00
9.188997e-01 -4.264229e-01 1.244323e-01 -2.816233e-01 -5.558889e-01 -1.801353e-02 2.053521e-01 -1.975658e+00 -2.777443e+00 -1.187618e+00 -1.081788e+00 -2.253420e+00
3.696778e-01 -5.958406e-01 -1.982699e+00 -1.834675e+00 -1.608201e-01 6.518813e-01 1.570528e+00 1.378022e+00 8.633146e-01 1.358517e+00 -7.760989e-01 -2.692080e-01
-2.899923e-01 -1.498728e+00 -1.477329e+00 -1.934331e+00 1.092368e+00 1.953363e+00 2.415724e+00 2.846615e+00 8.845970e-01 -1.710093e+00 -1.190754e+00 -1.046458e+00
-2.531066e+00 1.494754e+00 -1.373955e+00 -1.732130e-01 2.326010e+00 1.048167e+00 -1.073385e+00 -1.079287e+00 2.360754e-02 -2.075081e+00 -2.091609e+00 1.675762e+00
-4.808525e-01 -9.668717e-01 -1.219021e+00 -2.761671e+00 1.741720e+00 3.771777e+00 5.769864e-01 1.594826e+00 3.296042e-01 -2.864299e+00 -8.332257e-02 -7.903646e-01
-1.314303e+00 3.226337e+00 1.699453e+00 -7.688308e-01 -3.638627e+00 1.998470e+00 -2.471924e+00 -5.208791e-01 1.225841e+00 -3.725281e+00 3.233720e+00 1.441503e-01
-2.225242e+00 5.158593e+00 3.064328e+00 -8.434151e-01 -4.287747e+00 2.087219e+00 -3.489899e+00 -1.328924e+00 8.167200e-01 -2.890664e+00 3.456454e+00 -1.510873e+00
-8.682798e-01 -3.190729e-01 1.325850e+00 -3.682551e-01 -3.857342e-01 5.548469e-01 -2.027312e+00 -1.597094e+00 3.038677e-01 -2.529370e-01 -1.893207e+00 -8.245195e-01
1.383491e+00 -1.379199e+00 -1.731265e+00 -3.447241e-01 -9.200953e-01 -4.759525e-01 5.087430e-01 -1.003047e-01 1.997317e-01 -6.254936e-01 -1.116019e+00 -3.835594e-01
9.525013e-03 -1.012909e+00 -2.016740e+00 -1.070428e+00 -7.064546e-01 1.951742e+00 3.014652e+00 1.399826e+00 1.845648e+00 -2.122716e-01 -1.484340e+00 -3.335858e-01
6.389366e-01 6.154358e-01 -1.484105e-01 -4.575295e-02 -3.635415e-01 -1.243168e+00 -2.394365e+00 -1.161787e+00 -1.088987e+00 -1.798353e+00 -1.959764e+00 -2.045514e+00
-6.481727e-01 -9.085110e-01 -1.288596e+00 -2.043558e+00 2.980333e+00 3.548150e+00 5.585609e-01 -3.372392e-01 -4.276182e-01 -3.180955e+00 9.475514e-01 -1.476499e+00
9.664437e-01 1.325636e+00 1.187929e-01 -1.041858e-01 -1.319091e+00 -3.960788e-01 -1.902153e+00 -1.114404e+00 -1.798087e+00 -1.389684e+00 2.390592e-01 -1.343501e-01
1.015123e+00 -8.887630e-01 -5.037869e-01 -2.005489e-01 -7.023545e-01 3.217275e-02 1.156518e+00 -2.043119e+00 -1.897888e+00 7.259644e-01 -7.006041e-01 -6.385655e-01
2.106236e+00 -1.317848e+00 1.393914e+00 3.676940e+00 -5.097175e-01 1.898415e+00 -1.949642e+00 3.563693e+00 1.781906e+00 -3.158101e-01 3.316721e-01 -1.268424e+00
-9.957764e-01 6.907656e-01 1.384341e+00 -1.193381e+00 -9.981729e-01 6.075102e-01 -1.724945e+00 -3.621495e-01 6.944484e-01 -5.690071e-01 2.247758e+00 6.130232e-01
1.277140e+00 1.022308e+00 8.967988e-02 -3.556759e-01 -1.326297e+00 -1.170723e+00 -1.548602e+00 -7.033167e-01 -2.176279e+00 -2.803223e-01 1.253523e+00 -8.577473e-01
-2.451985e-01 -1.613533e-01 3.787235e-02 -6.859251e-01 7.550482e-01 2.542217e+00 5.283214e-01 2.002842e+00 2.151091e+00 -3.178088e+00 1.514252e+00 1.053710e+00
-4.826244e-01 -7.597226e-01 -1.933068e+00 -3.929787e-01 3.459253e+00 2.431568e+00 9.471810e-01 -2.252460e+00 -1.116508e+00 -1.676877e+00 1.495443e+00 -1.453858e+00
-1.088408e-01 1.800941e-01 4.140103e-01 3.248245e-01 5.865299e-01 1.201333e+00 1.021053e-01 1.694620e+00 1.222866e+00 -1.557958e+00 1.009657e+00 8.159302e-01
3.906185e-01 5.231752e-02 -3.284734e-01 -4.607076e-01 -4.816545e-01 -1.193704e+00 -1.079451e+00 -6.645533e-01 1.508894e-01 -2.054576e+00 -2.733926e+00 -1.505341e+00
8.877993e-03 -8.651018e-04 -6.527122e-01 -4.022119e-01 -2.944854e-01 -5.992394e-01 2.418013e-02 9.038832e-01 -2.875885e-01 -9.499632e-01 -1.633821e-01 -1.326020e+00
1.516685e-02 1.656304e-01 4.791390e-01 -5.128390e-01 2.162940e-01 5.216061e-01 -3.994590e-01 9.904711e-01 6.600949e-01 -4.547506e-01 -7.686355e-01 -9.347574e-01
-2.091484e-02 1.963175e-02 3.063496e-01 -5.109760e-01 -4.436156e-01 5.523890e-01 -1.052263e+00 2.674580e-01 2.835320e-01 -1.104366e+00 -1.406451e+00 -8.736151e-01
-2.627333e-01 5.260991e-02 -4.949300e-01 -7.772413e-01 -1.044198e+00 -1.776047e-01 2.844377e-01 6.757900e-01 -6.126014e-01 -1.227737e+00 -2.936575e-01 1.809450e-01
1.419058e-01 5.274887e-02 2.575768e-01 1.663721e-01 6.671555e-01 6.376381e-01 8.246783e-01 1.273303e+00 1.013148e-01 7.550014e-01 5.844265e-01 3.285714e-01
6.972911e-02 1.868249e-01 -2.667547e-01 -4.530742e-01 9.164357e-02 -6.909084e-01 -7.873821e-02 1.064692e+00 -1.617223e+00 -9.344470e-01 -7.919166e-01 1.485547e-01
-3.577103e-01 -1.419777e+00 -9.938930e-01 1.381680e+00 2.168022e+00 1.702107e+00 9.297062e-01 -3.552719e+00 -6.797395e-01 -2.152559e-01 2.187860e+00 1.065170e+00
1.805435e-01 2.656226e-01 -2.873767e-01 -3.616897e-01 -6.538073e-01 7.284419e-01 -1.491960e+00 -2.588180e-01 -5.553055e-03 -2.222656e+00 -1.918730e+00 -2.415276e+00
2.461727e-01 2.786916e-01 5.414813e-01 -2.382154e-02 9.689353e-01 8.019619e-01 5.102926e-01 6.840504e-01 8.052763e-01 8.620435e-01 2.081165e-01 1.258295e-01
-2.099142e-02 7.844375e-01 7.721070e-01 3.310119e-01 9.940897e-01 1.588635e-01 3.288168e-01 4.028932e-01 2.294370e-01 1.437866e+00 5.295402e-01 6.806190e-01
-2.570065e-01 -8.607771e-02 1.309101e-01 -7.872823e-01 -1.375336e+00 -1.590914e-01 -1.452976e+00 1.438653e-02 4.956684e-01 -1.480237e+00 -1.431276e+00 -8.744947e-01
2.649662e-01 6.509259e-01 7.782781e-01 3.994212e-02 2.118769e-01 4.307508e-01 3.968908e-01 1.386588e-01 1.945966e-01 2.091421e-01 1.302758e-01 -8.661798e-01
1.264356e-01 9.650112e-01 7.785628e-01 -2.087303e-01 5.857764e-01 -5.548968e-02 -1.581638e+00 4.266629e-01 -1.009552e-01 6.845474e-03 -1.162910e-03 -4.047272e-01
1.010158e+00 8.165988e-01 -4.875813e-01 -7.765155e-01 -1.278502e+00 -2.597063e-01 1.813749e+00 -1.006035e-01 -9.738646e-01 -2.805303e-01 3.412527e-01 8.843818e-01
-5.716779e-01 -3.407851e-01 -5.833051e-01 -4.365519e-01 1.175558e+00 -8.099104e-01 -1.063200e+00 -2.852580e-01 -4.063120e-01 1.803470e+00 7.823917e-01 9.943079e-01
-2.637545e-01 -1.194577e+00 -1.611931e+00 1.149926e+00 2.476743e+00 2.076315e+00 1.247278e+00 -3.568226e+00 -1.125851e+00 -8.077278e-01 2.125598e+00 2.600075e-01
-3.556015e-01 -3.590491e-01 -3.729932e-01 -8.202076e-01 -1.506126e+00 -4.626032e-01 -3.272471e-01 -6.045997e-01 -5.574622e-01 -1.020867e+00 -6.605377e-02 3.742954e-01
1.097581e+00 -8.649505e-01 -2.009906e+00 -1.918150e+00 -9.373425e-01 9.860834e-01 1.732865e+00 -7.983196e-01 1.009961e-01 -5.520266e-01 -3.878724e-01 -5.434095e-01
1.145483e+00 1.892871e-01 -9.368129e-01 -1.189009e+00 -8.424417e-01 -4.465197e-01 1.376916e+00 -6.654166e-01 -1.128618e+00 4.428111e-01 1.249166e+00 3.713748e-01
3.930604e-01 -1.207046e+00 -6.076744e-01 -8.828304e-01 3.809657e+00 2.085192e+00 -3.541911e-01 7.858995e-01 7.791206e-01 3.879968e-01 -1.495470e+00 1.052317e+00
-3.789997e-01 1.692306e-01 1.998828e-02 3.388382e-01 -6.076705e-01 7.687769e-02 2.243409e-01 -3.756337e-01 -7.158723e-01 -3.915893e-01 8.772696e-01 3.890288e-01
1.103149e-01 -4.848896e-01 -3.808336e-01 -1.086990e-01 2.815019e-01 -1.295876e+00 -7.433326e-01 1.566014e-01 1.234616e+00 -1.013915e-01 -1.816030e+00 -1.265206e-01
-9.207363e-02 1.015617e-01 5.555392e-01 2.130690e-01 2.818112e-01 4.356894e-01 2.434595e-01 -1.064383e+00 -8.340766e-01 5.680210e-01 1.616580e+00 2.684892e-01
1.152835e+00 -7.255442e-01 -1.848372e+00 1.363235e-01 2.809863e+00 -2.314307e+00 2.069623e+00 4.331555e-02 -2.821994e+00 3.007888e+00 -1.395327e+00 1.027976e-01
8.527069e-02 -4.662495e-01 -1.661469e-01 8.059470e-01 -5.094709e-02 -8.792461e-01 -7.708433e-01 -2.097914e-01 -9.074475e-01 4.273282e-01 -3.405750e-03 1.452700e-01
3.811123e-02 4.109595e-02 -1.578232e-01 9.677485e-01 9.854389e-01 1.075499e+00 -4.258917e-01 2.146033e-01 -5.738991e-01 -2.240220e+00 4.816652e-01 -1.127430e+00
6.104441e-02 -1.501303e+00 1.181593e-01 8.176419e-01 1.254556e+00 1.620795e+00 -5.367656e-01 -1.738318e+00 -6.268986e-01 1.450395e+00 1.241867e+00 1.070049e+00
-1.161547e-01 -6.085717e-01 -2.745728e-01 3.701121e-01 9.769205e-01 1.736325e-01 4.306497e-02 -6.594790e-01 8.705875e-01 2.747934e-01 -8.810663e-01 3.974475e-01
-1.798867e-01 -3.847848e-01 -2.730787e-02 -2.510287e-01 9.189119e-01 1.330682e+00 8.940490e-01 -5.294143e-01 1.823622e+00 1.068661e+00 5.601485e-01 1.854953e+00
3.878579e-01 1.404648e-02 -4.185542e-01 -7.075912e-01 -3.153891e+00 -7.959213e-02 -7.996869e-01 -2.702907e-01 -4.460083e-01 -2.685918e+00 -2.495274e+00 -2.325528e+00
-1.889167e-01 -1.424302e+00 -4.870449e-01 1.325171e+00 1.607999e+00 1.821268e+00 -2.410413e-01 -2.241539e+00 -1.383895e-01 -5.374282e-01 2.966926e+00 1.489449e+00
1.188078e-02 1.183775e+00 1.053973e+00 2.030065e+00 1.738083e+00 7.253615e-01 2.053905e-01 2.164030e-02 3.422216e-01 3.344898e-01 -7.069429e-01 -1.545637e-01
1.458623e-01 -1.064489e-01 6.762706e-02 -3.096870e-01 -1.235986e+00 5.309478e-01 -3.794163e-01 -4.810339e-01 1.527571e+00 -7.374828e-01 -1.290702e+00 -7.981668e-01
-3.343745e-01 9.660000e-01 3.444124e-01 -9.043199e-01 3.416415e-01 1.553319e-01 6.285856e-01 1.768096e+00 1.454907e+00 -1.418465e+00 2.098916e+00 1.268876e+00
-3.491855e-01 -2.900879e-01 -4.555842e-01 -4.767299e-03 1.884103e+00 8.429796e-01 -5.192055e-01 -1.880001e+00 1.262392e+00 2.695297e+00 2.052448e+00 3.127057e+00
-3.166110e-01 -9.794620e-01 1.539262e+00 7.859272e-01 -3.723806e-01 5.099481e-01 -8.574513e-01 -4.017645e-01 2.610670e+00 -2.337565e-02 -1.708828e+00 -4.848712e-01
1.391169e-01 -1.737459e+00 8.308309e-01 1.136547e+00 -2.500764e-01 7.740909e-01 5.695915e-01 -6.342932e-01 -9.655688e-01 2.197061e+00 7.909546e-02 8.128319e-01
-3.550997e-01 3.009614e+00 2.346845e+00 -3.530801e-01 6.599212e-03 1.921701e+00 -1.480663e+00 9.983250e-01 -4.059539e+00 -9.606970e-01 1.630320e-01 -1.678646e+00
3.385964e+00 -2.241091e-01 -2.505548e+00 -5.919262e-01 2.478690e+00 -3.508594e+00 3.145363e+00 3.109683e-01 -4.322333e+00 4.244085e+00 -1.465918e+00 -5.631738e-01
-7.929779e-01 1.469707e+00 1.108916e+00 8.904444e-01 -4.956364e-01 -5.595050e-02 -1.899320e+00 -2.002957e+00 4.149993e-01 6.695233e-01 -9.203793e-01 -2.014961e+00
-2.405133e-02 -1.113922e-01 -7.499856e-01 6.452634e-01 7.784763e-01 1.977088e+00 3.204992e-01 -9.633691e-01 -6.476387e-01 -1.184821e+00 1.275917e+00 2.097136e-01
-2.666306e-01 -2.880496e-01 -5.555149e-01 -3.559431e-01 -1.063313e+00 -3.769037e-01 1.223182e-01 -4.229607e-01 -1.260047e+00 2.748430e-02 6.092626e-01 3.950098e-01
-4.511926e-01 2.240462e+00 2.749904e+00 -2.044943e+00 1.599287e+00 6.110638e-01 -1.651740e+00 5.749296e-01 -2.929554e+00 -1.829477e+00 -1.173824e+00 -2.963887e+00
-3.513573e-01 5.197194e+00 3.419777e+00 -1.144427e+00 -2.634036e+00 -1.506818e+00 -2.148672e+00 -5.196313e-01 -5.493662e-01 -3.861623e-01 3.845257e-01 -1.581125e+00
3.719364e-01 -3.097588e-01 1.382621e+00 1.497549e+00 2.655415e-01 5.267499e-01 1.335054e+00 -4.440611e-01 -1.067649e+00 9.742596e-01 1.756387e-01 9.347881e-01
-1.763127e-01 -6.827629e-01 2.803979e+00 1.577018e+00 -1.683326e+00 -3.716722e+00 7.995294e-01 2.528087e+00 6.307641e-01 -3.000923e-01 -2.247370e+00 3.818919e-01
-8.631483e-01 -6.447340e-01 2.359362e+00 1.761038e+00 -7.795971e-01 9.121911e-01 -1.061445e+00 -1.104186e+00 2.696936e+00 5.348437e-01 -1.199169e+00 -1.153188e+00
3.712220e+00 -7.039545e-01 -3.256279e+00 -6.586663e-01 5.124989e+00 -5.311753e+00 3.180235e+00 1.783757e+00 -5.857503e+00 5.225235e+00 -1.711608e+00 -4.571075e-01
7.157466e-01 2.905873e+00 3.994648e+00 -5.946220e-01 -2.866778e+00 -4.081771e+00 1.546285e+00 -3.774655e-01 -9.297498e-01 3.148592e-01 -6.637122e-01 -1.799834e+00
-5.091196e-02 1.033507e+00 3.435004e+00 6.210777e-01 -3.890828e+00 -3.115760e+00 3.642612e+00 4.952928e-01 -1.670083e-01 -4.896433e-01 -1.941898e+00 2.953602e-01
-3.536553e-01 -1.637760e+00 1.115918e+00 1.502391e+00 -2.707140e-01 -3.333564e-01 1.081821e+00 -1.275313e+00 3.534282e-01 2.352990e+00 -1.651888e-01 2.826397e-01
-3.536497e-01 5.939651e-01 9.959698e-02 -1.505170e+00 -2.956225e+00 -1.805101e+00 2.790011e-01 -2.764226e-01 -8.563296e-01 1.398696e-01 1.376228e+00 1.843742e+00
-1.416653e+00 -1.052400e+00 2.368620e+00 2.393661e+00 1.276318e+00 1.198486e+00 -2.125484e+00 2.463875e-01 1.924810e+00 1.131427e+00 -1.109707e+00 -2.627781e+00
-3.948757e-01 -1.509409e+00 1.466547e+00 3.723069e+00 -2.668568e-01 -3.339511e+00 -1.602964e+00 2.540665e+00 1.140142e+00 1.978453e+00 -3.379143e+00 -3.157506e-01
-3.230486e-02 2.447391e+00 -3.090710e+00 -3.534741e-01 -4.768894e-02 1.148457e+00 3.650471e+00 -7.507223e-01 -1.568295e+00 1.669384e+00 4.078789e+00 -1.665318e-01
-7.106324e-01 1.835399e+00 1.354772e+00 -1.122920e+00 -5.607090e-02 -1.352498e+00 -6.655945e-01 -4.804610e-01 -7.867576e-01 -4.893439e-01 -1.163388e+00 -1.881063e+00
7.119012e-01 2.608718e+00 4.953213e-01 -1.247051e-01 -1.479652e+00 3.311096e+00 1.968247e+00 2.317060e+00 -4.547446e+00 -5.488390e-01 7.068199e-01 -1.547763e+00
-1.034968e+00 -1.348812e+00 7.445815e-01 3.278861e+00 -5.226904e-01 -1.680845e+00 1.324763e+00 -1.445116e+00 1.286267e+00 2.503210e+00 -1.624428e+00 1.680138e-01
-1.063729e+00 -1.162288e+00 6.312625e-01 4.031351e+00 1.503805e+00 -2.872902e+00 -3.264758e+00 1.340255e+00 2.484245e+00 3.018486e+00 -3.848013e+00 -6.165228e-01
-1.726857e+00 -2.036169e+00 9.142912e-01 3.509106e+00 3.295338e+00 3.011927e+00 -2.003451e+00 -4.183614e-01 2.376410e+00 6.672267e-01 -1.251881e+00 -2.233866e+00
-1.608746e-01 1.196505e+00 2.506828e+00 3.349333e+00 -1.679456e+00 -1.109157e+00 1.461030e+00 8.798649e-01 1.207394e+00 2.946549e+00 5.928873e-01 2.983312e+00
-3.499718e-01 8.266214e-01 -1.213842e+00 -2.416597e+00 -4.713704e+00 -2.573733e+00 6.929300e-01 -1.409181e-01 1.098426e-01 3.851775e-01 1.283740e+00 1.019732e+00
-9.630491e-01 -1.859647e+00 8.411125e-01 4.083252e+00 6.856226e-01 -3.134765e+00 -7.027948e-01 3.164838e-01 2.663537e+00 1.485849e+00 -1.564011e+00 -5.887131e-01
7.769693e-01 2.079455e+00 -5.175697e-01 -8.798340e-01 -8.254490e-01 2.473372e+00 2.061748e+00 2.262050e-01 -2.547672e+00 -2.794522e-01 1.723431e+00 4.065446e-01
2.702371e-01 2.390504e+00 -3.514679e+00 -7.739689e-01 -2.398268e-02 -4.329196e-01 9.369000e-01 -7.562044e-01 -3.937019e-01 1.415438e+00 2.921052e+00 -9.409539e-01
1.908449e+00 -1.431347e+00 -4.728519e-01 -1.075709e+00 1.695832e+00 7.454925e-01 -4.611160e-01 4.288596e-01 1.873278e+00 1.742938e-01 -8.099399e-01 7.506644e-01
-1.101386e+00 -2.563477e+00 -2.262678e+00 2.010128e+00 4.049715e+00 3.926267e+00 -1.086431e+00 -8.388209e-03 2.397592e+00 -4.485057e-01 1.399636e+00 3.509985e-01
-1.010453e+00 5.954595e-01 -6.152232e-01 -3.464512e-01 -2.823088e+00 -1.990692e+00 -1.155671e+00 -1.779629e+00 -7.200910e-01 -5.389333e-01 5.841732e-01 -2.686798e-01
-7.106892e-01 5.020202e-01 2.558136e+00 4.238226e-01 -1.835782e+00 -3.086812e+00 -1.434780e+00 -5.404933e-01 1.449137e+00 -1.110915e+00 -2.107097e+00 1.338077e-01
-1.161910e+00 -2.756523e+00 -2.712008e+00 1.393420e+00 3.702649e+00 4.747241e+00 -9.816167e-01 -2.057656e-01 1.506523e+00 -1.125096e+00 3.151154e+00 1.542436e+00
-1.024168e+00 -2.062784e+00 -3.224241e+00 9.601151e-01 2.188799e+00 2.690711e+00 1.416696e-01 -5.893043e-01 4.758690e-02 -9.502179e-01 3.800992e+00 2.289109e+00
-1.002447e+00 -4.894542e-01 -2.257370e+00 -1.199564e-01 -1.127993e+00 3.920666e-01 -3.231108e-01 -1.546695e+00 -4.218499e-01 -1.064848e+00 2.805089e+00 1.189929e+00
-4.027553e-01 7.175962e-01 2.379237e+00 3.019311e+00 -2.538228e+00 -1.825364e+00 2.110083e+00 1.231150e+00 8.299187e-01 1.971907e+00 -5.567434e-01 2.011211e+00
2.059197e+00 1.291505e-01 -2.681500e+00 -2.274732e-01 -4.904130e-01 -6.905673e-01 -1.554651e-01 -1.958865e+00 1.240267e+00 2.059007e+00 1.770217e+00 -3.200097e-01
3.340551e+00 -1.516209e+00 -1.836649e+00 3.502546e-01 -1.344338e-02 9.175890e-01 -2.853723e-01 -1.359881e+00 1.198940e+00 1.416120e+00 1.239722e+00 -2.978844e-01
