3.557534e+00 -2.226284e+00 3.466465e+00 -3.797129e+00 -6.254474e+00 -1.565365e+00 1.328249e+00 5.850555e-01 -2.915767e+00 1.502765e+00 -2.727598e+00 -2.513470e+00
-9.113131e-01 -7.920400e-01 -6.357571e-01 -4.009733e+00 1.954359e+00 1.193469e+00 9.099134e-01 1.192462e+00 -5.350547e-01 -1.717023e+00 1.010532e-02 1.217428e-01
-2.448158e+00 2.037387e+00 1.476807e+00 -1.208040e+00 6.476372e-01 1.507291e-02 1.854848e+00 6.378446e-01 5.029637e-01 -2.604317e-01 -1.203884e+00 3.562532e-02
4.342279e+00 1.551273e-01 1.437377e+00 -1.335348e+00 -5.256585e+00 -1.726255e+00 9.820650e-01 -1.051452e+00 -1.870026e+00 1.466682e+00 -1.082240e+00 -2.109469e+00
1.187521e+00 -3.937044e+00 3.903609e+00 -3.618460e+00 -5.489405e+00 -9.175833e-01 2.000098e+00 1.247958e+00 -2.143113e+00 1.061759e+00 -1.339836e+00 -2.276510e+00
7.868786e-02 -3.018383e+00 -1.219222e+00 -3.033010e+00 2.831542e+00 1.949243e+00 1.300447e+00 1.828692e+00 -3.575687e-01 -2.472245e+00 3.879732e-01 1.010663e+00
-3.523317e+00 4.170930e+00 2.940876e+00 2.084254e+00 4.708215e-01 -3.642969e-01 1.180162e+00 -3.321918e-01 1.601669e+00 5.126860e-01 -2.344007e-02 1.256382e-01
-7.273156e-01 -2.887562e+00 2.296833e+00 -4.645670e+00 6.698998e-01 1.247828e+00 3.725831e+00 1.228932e+00 1.039467e+00 4.619857e-01 1.560551e+00 1.029634e+00
-1.563536e+00 -1.766608e-01 3.475000e+00 -2.881427e+00 5.119132e-01 2.042282e-01 1.953529e+00 6.695665e-01 2.469877e+00 1.322433e+00 6.491582e-01 -1.013571e+00
-7.453289e-02 -3.340585e+00 1.746737e+00 -2.722217e+00 -3.417905e+00 -1.223378e-01 1.482760e+00 1.049328e+00 -2.559072e-01 1.180924e+00 -6.214274e-01 -7.051179e-01
-8.356085e-01 -2.259869e+00 1.350414e+00 -3.637507e+00 3.667467e-01 -1.790081e-01 2.255666e+00 3.861880e-01 6.263254e-01 1.146583e+00 1.487489e+00 7.496712e-01
3.604231e+00 2.935066e+00 -1.571150e+00 1.555998e+00 -1.891582e+00 -1.548662e+00 1.674124e-01 -1.478167e+00 -3.381792e-01 1.256134e+00 -6.911733e-01 -7.101969e-01
-2.040921e+00 2.206139e+00 2.027459e+00 2.857580e-02 -4.150723e-01 -4.140578e-01 8.725711e-01 1.349234e+00 2.573664e+00 -4.167542e-01 6.807475e-02 -8.412609e-02
1.467135e-01 -2.839231e+00 1.518720e+00 -2.126455e-03 2.848387e+00 2.389226e+00 -9.026734e-01 8.772633e-02 -1.966598e+00 -2.874927e+00 -9.698465e-02 1.643749e+00
1.634275e+00 -1.644929e+00 -2.680550e+00 1.758971e-02 -2.474100e-01 -1.011609e-01 -1.893912e+00 -2.318635e+00 -2.819427e+00 -2.349071e+00 -2.376968e+00 -4.863089e-01
-4.625902e-02 -1.035498e+00 -1.410128e+00 -2.953639e+00 -2.600049e+00 -2.395025e+00 6.105098e-01 -2.029240e-02 -2.171347e+00 -4.923531e-01 -2.853566e+00 -3.218365e+00
2.447547e+00 -1.792936e+00 -2.943115e+00 -2.637028e-01 3.616343e-01 -1.052616e+00 -1.417499e+00 -3.379445e+00 -4.310171e+00 -3.188972e+00 -9.631863e-01 9.302592e-01
1.605522e+00 -2.563961e-01 5.190861e-01 4.682102e-01 -2.343796e+00 -2.108675e+00 6.217178e-01 -2.702940e+00 -3.700820e+00 -1.914656e+00 -2.943988e-01 -1.210742e+00
-7.100355e-01 7.679680e-01 1.203658e+00 3.309894e-01 -5.155859e-02 -1.200899e+00 -1.701041e+00 -4.946931e-01 -7.569847e-02 2.218546e-01 -9.260212e-01 -2.645410e+00
5.291586e-02 -2.536178e-01 -4.755799e-01 -1.519485e+00 -1.449591e+00 -1.487968e+00 5.823476e-01 -4.910270e-01 -1.355835e+00 2.584124e-02 -1.538543e+00 -2.179581e+00
-1.645421e+00 2.391331e+00 2.521540e+00 1.766442e+00 4.801076e-01 -4.031476e-01 -1.157995e+00 -4.819008e-01 9.008114e-01 -7.399723e-01 -1.865100e+00 -5.390466e-01
6.113228e-01 -4.449218e-01 -2.470213e-01 1.194715e+00 6.415781e-01 -5.507420e-01 -2.005695e+00 -1.535908e+00 -1.969220e+00 -9.869763e-01 -1.834346e+00 -3.224593e+00
1.948333e+00 -4.306018e-01 -1.846657e+00 -8.732682e-01 -1.217088e+00 -1.656114e+00 -1.481626e+00 -2.380291e+00 -2.157457e+00 -2.803496e+00 -9.754875e-01 9.016186e-01
1.973720e-01 8.094823e-01 1.877327e-01 1.300382e+00 8.277825e-01 -9.706984e-02 -7.709170e-01 1.392044e+00 1.253720e+00 1.288076e+00 3.864276e-01 3.195218e-01
1.974106e-02 7.509491e-01 -4.235104e-01 -6.928964e-02 1.702835e+00 1.152851e+00 -1.295634e+00 9.004693e-01 9.867445e-01 7.952957e-02 5.889526e-01 6.876637e-01
8.120173e-01 2.273428e-01 4.064555e-01 4.540400e-01 -8.415357e-01 -4.379789e-01 -8.710993e-03 -5.685105e-01 -1.193115e+00 -4.111936e-01 1.085204e+00 -6.799479e-01
-2.376265e-01 -1.282832e-01 -5.284845e-01 -1.056910e+00 -1.199232e+00 4.949092e-01 -1.012242e+00 8.319374e-01 -6.536278e-01 -2.390794e+00 1.489494e+00 1.643836e+00
1.713225e-01 -3.407893e-01 -6.912099e-01 6.455815e-01 9.117400e-01 1.324185e+00 -2.873492e-02 3.071616e+00 1.906876e+00 1.280723e+00 1.055125e+00 3.702769e-01
-5.943273e-01 -3.387532e-01 -7.441213e-01 -1.230835e-01 -1.374658e+00 -1.222198e+00 -3.679971e-01 1.897565e-01 6.211761e-01 4.125957e-01 1.341653e-01 1.200606e+00
-4.540864e-01 -2.932904e-01 -7.236564e-01 -1.580071e+00 -1.584120e+00 -1.752979e-01 -1.773450e+00 2.104388e-01 -1.386669e+00 -2.538066e+00 1.279788e+00 1.222996e+00
-5.289249e-01 9.465445e-01 7.676763e-01 -3.965048e-01 -6.095139e-01 -1.548434e-01 -7.713802e-01 -2.227624e-01 7.258036e-01 1.167378e+00 -7.076937e-01 -1.809031e+00
-2.131748e-03 -1.114955e+00 -3.942355e+00 -2.290257e+00 -1.854362e+00 -3.613478e+00 1.334689e+00 1.621021e+00 -5.102280e-01 3.068645e+00 -1.605880e+00 -4.139247e+00
8.050251e-01 -8.229526e-01 -7.931873e-02 -6.448045e-02 -1.476654e+00 -1.612263e+00 6.218373e-01 -1.489550e+00 -2.489529e+00 -1.666789e+00 -1.060072e+00 -3.165278e-01
-2.702904e-01 -6.706969e-01 -4.673880e-01 -1.641641e-01 2.394450e-01 1.228861e+00 -1.061895e+00 2.440245e+00 2.278203e+00 1.055520e+00 1.196072e+00 -7.978038e-01
-5.051891e-01 1.739447e-02 -4.569971e-01 -4.609835e-01 -1.288815e+00 -8.918647e-02 9.257786e-01 -1.204092e-01 1.967899e-01 1.533993e+00 7.734663e-01 -3.226584e-01
3.546700e-01 6.112263e-01 6.960837e-01 1.525531e+00 6.174310e-01 -6.447262e-01 -1.542626e+00 -2.736238e-01 -5.243753e-01 1.682581e-01 4.175211e-01 -6.006223e-01
-6.352991e-01 -9.473224e-01 -1.060406e+00 -1.134202e-01 -1.258041e+00 -1.951059e+00 -3.823196e-01 -1.781059e-01 -4.943633e-01 6.112007e-01 1.104515e+00 1.964602e+00
-3.779984e-01 -4.509526e-01 -5.053133e-01 -3.123906e-01 -5.435494e-01 -1.087233e+00 -2.936696e+00 -3.823385e-02 -2.600891e-01 -8.903950e-01 1.254488e+00 5.458844e-01
-1.069581e+00 -2.116116e-01 6.421204e-01 -5.714707e-02 6.921522e-02 -5.502703e-01 -1.080701e+00 -1.718667e-01 -2.478750e-01 -8.194638e-01 -9.981041e-01 3.200082e-01
-3.348013e-01 -4.274889e-01 -3.483426e-01 2.106640e-01 -2.809605e-01 -8.374947e-01 8.288633e-01 -1.118574e-01 1.624762e+00 5.589414e-01 2.472868e-02 9.728111e-01
8.288099e-01 7.790610e-01 -2.005291e-02 -3.339214e-02 -4.171609e-01 -1.452698e+00 -1.649079e+00 -8.153998e-01 -5.053780e-01 -1.434010e+00 2.006068e-02 -1.326672e-01
-3.640134e+00 -5.187557e+00 -2.456666e+00 9.251248e-01 7.243508e-01 8.068182e-01 3.933360e+00 2.381181e+00 8.523909e-01 -3.462050e+00 1.185467e+00 -3.782692e-01
-9.453166e-01 -5.031245e-01 5.820166e-01 -3.921684e-02 6.486977e-01 4.750637e-01 -3.170632e-01 3.317866e-02 1.854629e-01 -3.130717e-01 -1.396311e+00 -6.118280e-01
1.575720e+00 1.987337e+00 -2.044100e+00 1.282617e+00 -1.418694e+00 -6.744621e-01 -4.202698e-01 -1.368392e+00 5.920017e-01 9.015208e-01 4.117668e-01 -7.527896e-01
-1.039259e+00 -7.864065e-02 7.267702e-01 1.772260e-01 2.546704e-03 4.072235e-01 1.991628e-01 1.098348e+00 4.040539e-01 -4.424004e-01 7.181174e-01 5.166483e-01
7.958288e-02 -6.697098e-01 -7.665690e-01 7.175584e-01 4.205389e-02 -1.172678e+00 4.692536e-01 -4.490476e-01 7.913035e-01 1.325585e+00 6.299757e-01 7.225370e-01
-4.064096e-01 2.363006e-01 -2.352903e-01 3.583029e-01 -2.447392e-01 1.181539e-01 -4.052442e-01 9.733078e-01 1.778511e+00 1.502026e+00 2.218122e+00 1.829234e+00
8.801303e-02 1.232301e+00 4.495986e-01 4.607032e-01 -6.697043e-01 1.522017e+00 -1.964642e+00 -2.113048e+00 9.167840e-01 -1.593281e+00 4.493352e-01 1.336269e+00
-4.838078e-02 1.208778e+00 1.300551e+00 -6.434012e-01 2.622795e-03 1.299040e+00 -1.633298e+00 -1.836237e+00 7.356113e-01 -6.759909e-01 -6.235921e-01 1.598892e+00
-4.308725e-01 1.665600e-01 -1.848415e-01 4.077985e-01 3.709793e-01 -1.395738e-01 2.815788e-02 9.617460e-02 1.395897e+00 1.167501e+00 -6.868100e-01 -3.087828e-01
-7.275006e-01 1.604071e+00 2.186364e+00 -2.064948e+00 1.509409e+00 4.297268e-01 -9.562365e-01 -1.590393e+00 1.224861e-02 8.578917e-01 -1.760607e+00 1.737117e+00
-5.553093e-02 -4.672203e-01 -8.513006e-01 3.263200e-01 3.049418e-01 -1.858173e+00 -7.466474e-01 -5.906472e-01 4.646160e-01 9.840708e-01 2.816355e-01 -9.715798e-02
-4.389955e-01 1.586123e+00 5.322324e-01 -1.626352e-01 5.709698e-01 -2.446126e-01 -5.931090e-01 -1.311395e+00 5.091432e-01 4.058936e-01 -5.495817e-01 3.558377e-01
-4.867911e-01 -5.411644e-01 2.758139e-01 -1.252764e+00 -1.289258e+00 3.268659e-01 1.440293e+00 -8.332402e-01 -3.745751e-02 -3.696544e-01 -1.021186e+00 4.520602e-01
3.757477e-04 -1.446697e-01 6.212964e-01 -2.483071e-01 3.991082e-01 1.217413e+00 1.461701e+00 1.180356e+00 6.705706e-01 5.730656e-01 2.589056e-01 6.177571e-01
-4.706039e-01 -5.333899e-01 -1.143310e-01 -6.827084e-01 1.930483e-01 -1.267962e-02 -1.816785e+00 8.436064e-01 1.635952e+00 1.617080e+00 1.219426e+00 -1.293863e+00
-1.356313e+00 6.101499e-01 -2.992810e-01 -3.514456e-01 2.665929e+00 2.063056e+00 -6.139969e-01 1.250002e+00 2.507156e+00 1.063105e+00 1.248446e+00 2.514851e+00
-4.100068e-02 6.372867e-01 2.332341e+00 8.009751e-01 2.010214e-01 -1.592077e-01 -1.334150e+00 -9.783858e-01 -1.554991e+00 -7.252761e-01 -6.899713e-01 8.774559e-01
5.012041e-01 -6.349637e-02 4.091206e-01 4.560633e-01 1.436145e+00 1.019542e+00 1.200520e+00 1.246988e+00 3.045619e-01 1.411104e+00 6.256642e-01 3.198739e-01
2.568183e-01 9.029946e-01 1.042053e+00 1.774738e+00 -9.868461e-01 8.630081e-02 -1.587483e+00 -1.145152e+00 -1.003557e+00 -1.773328e+00 9.800693e-01 4.497541e-01
-5.633882e-01 -5.554410e-01 -4.784912e-01 3.940679e-01 -5.863535e-01 -1.092319e+00 -2.820776e-01 -7.859092e-01 -5.778252e-01 -2.056384e-01 -1.360835e+00 3.827760e-01
-4.731431e-01 -1.594238e-01 -2.718103e-01 9.014547e-01 1.929298e+00 1.593904e+00 1.435016e+00 6.025177e-01 1.297771e+00 8.937987e-01 -1.799949e+00 -1.321184e+00
-6.444253e-01 -4.912512e-01 3.098759e-01 6.582345e-01 1.432738e+00 1.771272e+00 7.953292e-01 2.451701e-01 6.157422e-01 3.447073e-01 -2.083159e-01 -5.657579e-01
-4.165941e-01 -3.360923e-01 9.646374e-01 -7.189690e-01 -3.291068e-01 1.255157e+00 4.054292e-01 6.625541e-01 1.053116e+00 3.410727e-01 -1.763040e-01 2.992981e-01
-9.773825e-01 2.282798e-01 -2.444067e-01 -6.006456e-03 1.825453e+00 1.943919e+00 2.998264e-01 1.905722e+00 2.588466e+00 1.216183e+00 1.909506e-02 2.222619e+00
-4.869939e+00 -3.477522e+00 -6.322739e-01 1.374198e+00 1.705894e+00 1.345649e-02 4.359124e+00 3.118691e+00 1.143943e+00 -2.564484e+00 2.360737e+00 -2.009697e+00
7.900735e-01 8.196187e-01 2.841825e-01 1.979273e+00 -1.785753e+00 1.651613e+00 -2.388737e+00 -1.428560e+00 1.753360e-01 -2.410018e+00 1.621022e+00 3.794803e-01
-9.099087e-01 2.753224e-02 6.304740e-01 -1.274147e-02 -5.473464e-01 -9.237270e-02 1.399454e+00 2.796206e+00 6.733102e-01 -4.226597e-01 7.294918e-01 7.671501e-01
-1.029057e+00 -1.543692e+00 -7.449166e-01 -1.746252e+00 -2.407125e+00 -2.462251e+00 -1.551579e+00 -2.575718e+00 -2.346345e+00 3.728841e-02 1.506931e+00 6.717091e-01
-6.055323e-01 -7.744724e-01 -1.999455e-01 -9.749101e-01 -4.023405e-01 -2.187760e-01 -6.670666e-02 -4.512382e-01 -5.279328e-01 6.399854e-01 1.837345e+00 -7.780716e-01
5.914118e-01 -1.320735e+00 -1.184395e+00 -1.912111e+00 -1.219694e-01 4.781868e-01 -1.326041e+00 -1.503306e+00 -2.025803e+00 -2.293534e+00 5.346819e-01 -6.114352e-01
-2.438538e-01 7.393015e-03 5.179896e-01 7.308913e-01 9.064546e-01 1.224353e+00 1.309264e-02 -1.879880e-01 -3.864514e-01 -1.301574e+00 2.875346e-01 -7.328741e-02
-2.641604e-01 9.037382e-01 -3.239949e-01 4.074036e-01 1.019490e-01 2.789627e-01 -7.017692e-01 -9.468218e-01 9.456995e-01 7.161399e-01 -9.242842e-01 3.170816e-01
-5.557171e-01 1.265061e+00 2.947936e-02 -4.408156e-01 6.598123e-01 1.673410e+00 -1.140769e+00 -1.865661e+00 1.281803e+00 1.191670e+00 -8.658044e-01 4.975384e-01
-8.406595e-01 3.124340e-01 2.905560e-01 -2.759084e-01 -2.598670e-01 6.121613e-01 1.433362e+00 2.035891e+00 1.053012e+00 -3.260530e-01 8.894846e-01 9.891624e-01
-4.765008e-01 2.797697e-02 3.487763e-01 7.741926e-01 6.770121e-01 -1.094441e-01 -1.955411e+00 3.591072e-01 9.720213e-01 7.349437e-01 1.242965e+00 2.105381e+00
-6.794692e-01 8.504812e-01 2.824725e-01 -1.880174e+00 -4.541911e-01 8.252671e-01 5.996452e-01 -6.407852e-01 4.228078e-01 7.998478e-01 -6.009984e-03 7.457476e-01
1.588608e-01 5.518589e-01 2.282726e+00 2.763330e-01 1.312554e+00 5.937406e-01 -1.663322e+00 -2.584326e-01 -2.421054e+00 1.268099e+00 -2.347348e+00 1.042581e-01
-4.432515e-01 1.608224e+00 7.703544e-01 -1.268902e+00 2.821753e-01 1.240720e+00 4.444073e-01 -6.151745e-01 3.887727e-01 7.802063e-01 -6.693974e-01 1.742674e-01
-2.722815e-01 6.967484e-01 -9.271611e-01 1.016995e+00 1.504455e+00 6.454888e-01 -7.110695e-01 -1.850529e+00 -2.404466e-01 -6.753508e-01 -6.025742e-01 -4.861231e-01
-6.351841e-01 9.329609e-01 -6.069039e-01 4.995109e-01 1.830510e+00 -2.864895e-01 -2.415802e+00 -3.502037e-02 2.758489e+00 2.283249e+00 -1.196358e+00 5.144275e-01
4.856003e-01 -1.695592e+00 -1.219393e+00 -2.103800e+00 -1.941972e+00 -1.116324e+00 -6.065056e-01 -9.138497e-01 -1.103554e+00 -1.852950e+00 -4.837199e-01 -3.673220e-01
-1.288321e+00 -4.403463e-01 3.659045e+00 3.670552e+00 2.634652e+00 3.464115e+00 4.669154e-02 -2.364485e+00 -2.682827e+00 -1.417040e+00 1.553748e+00 1.183762e+00
4.499701e-01 -1.384795e+00 -1.273361e+00 -1.451238e+00 -2.075728e+00 -2.216067e+00 1.331286e-01 6.008762e-01 6.885982e-02 -8.990889e-01 4.730354e-01 1.917214e+00
-4.999591e-01 -2.041987e-02 2.319329e+00 1.502198e+00 7.266506e-01 1.497757e+00 -2.749755e+00 -1.778165e+00 -1.837020e+00 -1.104719e+00 6.100572e-01 2.272514e+00
7.995818e-02 9.693855e-01 1.432681e+00 -1.408311e-01 2.300597e+00 1.776623e+00 -1.819567e+00 -4.883050e-01 -1.045201e+00 1.539211e+00 -2.199315e+00 -1.021204e+00
2.710700e-02 1.544398e+00 -9.662911e-01 3.459643e-01 2.124933e+00 1.491373e+00 -7.586379e-01 -3.216277e+00 -1.323191e+00 5.130267e-03 -2.498911e-01 3.134823e-03
9.591337e-01 -3.189299e-01 -9.256295e-01 7.912865e-02 -4.395374e-01 -2.091741e+00 8.789176e-01 1.951936e+00 1.725692e+00 4.875532e-01 3.704593e-02 2.249387e+00
-7.591490e-01 -2.102684e-01 3.543918e+00 2.841155e+00 1.815136e+00 2.589269e+00 -1.106915e+00 -3.107894e+00 -1.966316e+00 -9.051145e-01 8.138212e-01 2.273975e+00
-3.976659e+00 -8.686545e-01 8.497210e-01 1.473040e+00 3.360293e+00 -1.671556e+00 2.788376e+00 2.181580e+00 1.344761e+00 -1.514933e+00 2.458680e+00 -1.278534e+00
4.125692e-01 1.768231e+00 -2.386912e-01 1.345844e+00 -2.730582e-01 -1.044590e+00 1.764685e-01 4.753603e-01 2.737311e-01 1.289056e+00 9.515892e-01 -1.997972e+00
2.729864e-01 2.829345e+00 6.502589e-01 1.454738e+00 1.573281e+00 7.847123e-01 4.360752e-01 -9.249937e-01 -1.695863e+00 2.770454e-01 2.084461e-01 1.525666e-01
5.951742e-01 9.369223e-01 1.267449e+00 -4.615307e-01 2.126567e+00 2.828630e+00 -2.163547e+00 5.691451e-01 -9.045367e-02 1.450851e-01 -1.076213e+00 -5.915488e-01
3.690754e-01 1.739151e+00 -4.704345e-01 9.400414e-01 1.567028e+00 -6.356317e-01 -1.457855e+00 7.479487e-02 -9.043819e-01 1.690185e+00 5.003911e-01 -1.198380e+00
3.820209e-01 2.384511e+00 2.316791e-01 1.853925e-01 -2.328404e+00 -4.040070e-01 3.825033e-01 7.631470e-01 -7.152929e-02 1.243322e+00 1.144793e+00 -1.865053e-01
3.177589e-01 3.025960e+00 5.674503e-01 9.988871e-01 -3.643153e-02 4.513752e-01 1.989808e-01 -3.527215e-01 -7.008372e-01 5.264499e-01 3.588982e-01 5.197472e-01
1.693478e+00 -2.584393e-01 -4.484163e-01 1.837853e+00 8.273589e-01 -6.107013e-01 1.871205e+00 1.502180e+00 8.589648e-01 1.346125e+00 7.867573e-01 2.079920e+00
-9.500976e-01 2.500390e+00 5.076543e-01 -3.477206e-02 2.843746e+00 -7.312374e-01 -3.102336e+00 -1.058095e+00 3.105199e+00 3.534163e+00 -1.067193e+00 5.551493e-01
8.265711e-01 -1.576553e-01 -1.616323e-01 2.444350e+00 2.054006e+00 -5.224238e-01 -2.066597e+00 1.521601e+00 -3.093988e-01 1.069646e+00 -1.144274e-01 -3.493644e-01
-1.214071e+00 2.799025e+00 1.881263e+00 -1.933486e-01 1.949348e+00 -1.175114e+00 -2.389938e+00 -1.202054e+00 1.685212e+00 2.696912e+00 1.046354e-01 8.387575e-01
-2.756722e-02 1.686113e+00 1.224745e+00 -4.655168e-02 1.372589e+00 2.028372e+00 -9.537256e-01 1.344822e+00 7.014872e-01 -9.893015e-01 1.048491e+00 -9.993516e-01
-1.745858e+00 1.264517e+00 1.679609e+00 1.302252e+00 2.037307e+00 -7.960974e-01 4.554699e-01 1.473916e+00 1.984238e+00 -2.311400e+00 2.971434e+00 -7.203969e-01
2.446134e+00 6.475878e-03 3.166145e-01 2.298255e+00 5.189909e-01 2.799154e-01 -6.588824e-01 -1.313714e+00 -1.643447e+00 -2.400978e-01 6.905692e-01 9.171774e-01
1.564203e+00 -1.624383e+00 -5.497144e-01 1.199630e+00 1.082796e+00 -6.642178e-01 -2.055377e+00 1.560034e+00 5.893824e-02 -6.091127e-01 -1.725752e+00 -9.069536e-01
1.978181e+00 -2.541524e+00 -9.309795e-01 -7.219346e-01 -7.888793e-01 3.692965e-01 1.861389e-01 3.248808e+00 1.778209e+00 -1.247753e+00 -1.414627e+00 -1.221923e+00
2.422163e+00 -1.793040e+00 -7.464708e-01 -6.322743e-01 -1.367911e+00 7.528462e-01 8.712923e-01 1.997200e+00 1.830713e+00 -1.769887e+00 -1.304625e+00 -1.642357e+00
2.311544e+00 -7.341670e-01 -3.952196e-01 -2.898150e-01 -1.678143e+00 3.273416e-01 1.006460e-01 -1.128762e+00 -1.228665e+00 -1.812672e+00 -6.265928e-01 -9.298052e-01
2.539431e+00 -3.082867e-01 3.078908e-01 1.771684e+00 -4.772541e-01 1.134138e+00 -2.747374e-01 -1.493176e+00 -1.712840e-01 -1.711644e-01 2.131803e-01 -3.187117e-01
-1.754127e-01 2.414180e+00 -1.410089e+00 4.620584e+00 -8.088409e-01 2.344511e+00 8.156061e-01 2.001961e+00 9.058058e-01 -1.700559e+00 -6.064577e-01 -4.013495e-01
7.792769e-02 -2.534484e-01 1.068605e+00 1.385567e-01 -1.163919e-02 7.774471e-01 4.218933e-01 1.801742e-01 -8.690052e-01 1.307312e+00 1.252182e+00 1.455463e-01
-3.990982e-01 -2.832093e+00 -4.215427e+00 2.209255e-01 -1.153882e-01 1.044653e+00 2.123748e+00 1.393305e+00 1.558692e+00 -2.978370e+00 3.856315e-01 9.558932e-01
1.306657e+00 9.206141e-01 -6.465385e+00 -1.627519e+00 -1.611331e-01 -3.520038e+00 1.703004e+00 1.723302e+00 2.248752e+00 6.022674e+00 4.362479e-01 -2.223539e+00
6.570703e-01 -6.629474e-01 -2.086210e+00 4.079841e+00 -2.524538e+00 2.613948e+00 3.288492e+00 3.319716e+00 -3.928795e-01 -1.800930e+00 1.128142e+00 2.384522e-01
1.248110e+00 -1.816146e+00 -9.157421e-01 2.066994e+00 -1.896750e+00 1.971361e+00 4.169943e+00 2.272272e+00 -3.009231e+00 -2.371994e+00 1.506857e+00 3.771857e-01
1.891874e+00 1.276274e+00 -7.757831e+00 -1.069186e+00 1.611689e+00 -4.305747e+00 1.312420e+00 -1.786809e-01 3.049636e+00 5.662027e+00 7.072434e-01 5.026526e-01
1.700251e+00 1.492107e-01 -6.326874e+00 2.246017e-01 2.354450e-01 -2.116087e+00 7.260676e-01 4.821336e-01 2.115440e+00 1.267928e+00 6.640838e-01 1.338322e+00
