4.948588e+00 -1.113022e+01 2.265335e+00 5.857839e+00 -5.295087e+00 -1.199500e+01 -6.732959e+00 -1.430182e+01 9.653090e+00 -1.036373e+00 -1.347765e+01 8.429774e+00 1.770871e+00 -2.288865e+00 5.706634e-02 -1.508925e+00 -3.526966e-01 -1.212649e+00 -1.491078e+00 -3.925446e+00 2.996458e+00 -9.295933e-01 -2.060038e+00 3.302057e+00
6.012281e+00 -1.425360e+01 5.369559e+00 2.811902e+00 -2.636079e+00 -1.375169e+01 -6.839272e+00 -1.644843e+01 1.305190e+01 -1.160874e+00 -1.436719e+01 9.310881e+00 7.876987e-01 -1.631823e+00 6.724010e-01 -1.004005e+00 1.389130e-01 3.455470e-01 -2.045079e+00 2.651545e-01 1.160427e+00 -7.989376e-01 -3.389521e-01 1.416741e+00
-8.608578e+00 -5.792351e+00 3.102828e+00 -1.128889e+01 -5.545977e+00 -1.821236e+00 1.475467e+01 -1.358393e+01 -1.434219e-01 7.342887e+00 2.355337e+00 1.201881e+00 -2.114377e+00 -1.925446e-01 2.489156e+00 1.354895e+00 2.235484e+00 -2.010553e+00 -1.266790e+00 1.557156e+00 1.399397e+00 -1.236237e+00 -1.680169e+00 -2.969496e-02
7.392498e+00 -1.603921e+01 7.284589e+00 1.542397e-01 -1.624261e+00 -1.374770e+01 -8.399973e+00 -1.646547e+01 1.467921e+01 -4.218147e+00 -1.413643e+01 1.090807e+01 8.353508e-01 -7.057139e-01 1.781977e-01 -1.849737e-01 -4.399020e-01 1.605838e+00 -2.699593e+00 9.891947e-01 3.050129e-01 -1.504815e+00 5.450732e-01 1.197831e+00
8.904599e+00 -1.622713e+01 5.881256e+00 2.539004e+00 -5.467924e+00 -7.948268e+00 -1.512107e+01 -1.188697e+01 1.196713e+01 -5.277778e+00 -1.304555e+01 1.268897e+01 1.176070e-01 9.726580e-01 -1.142686e+00 6.933552e-01 -2.415651e-01 1.445988e+00 -2.171381e+00 1.301839e+00 -9.349023e-01 -1.230586e+00 1.095403e+00 6.832956e-01
6.188061e+00 -1.052251e+01 5.028878e+00 4.707228e+00 -4.327076e+00 -1.055235e+01 -5.729186e+00 -1.429456e+01 8.678058e+00 -2.873977e+00 -1.168018e+01 6.844411e+00 3.612015e+00 -1.561062e+00 -7.162810e-01 5.016213e-02 -1.625502e+00 -2.013913e+00 -3.172647e+00 -6.962738e+00 2.226466e+00 -8.417507e-01 -2.796949e+00 2.978030e+00
-1.584648e+01 -5.311316e+00 7.754013e+00 -8.592458e+00 -2.887785e+00 -4.005673e+00 6.938138e+00 -2.818199e+00 4.605113e+00 5.093211e+00 1.647817e+00 3.398497e+00 -1.150574e+00 3.567239e-01 3.481184e-01 4.049778e+00 3.490244e+00 -1.218150e+00 -3.400349e+00 6.214898e+00 2.282096e+00 -6.525564e-03 -2.336832e+00 -3.717586e-01
7.679183e+00 -1.367202e+01 2.900475e+00 5.069419e+00 -6.078674e+00 -6.867528e+00 -1.609002e+01 -1.163657e+01 1.172054e+01 -6.501996e+00 -1.141311e+01 1.272989e+01 -3.411743e-01 1.875218e+00 -1.558849e+00 5.062424e-01 9.345257e-01 6.021690e-01 -9.417354e-01 7.837418e-01 -1.627295e+00 -5.507401e-01 1.579822e+00 -2.656079e-01
6.456974e+00 -1.057390e+01 1.848188e+00 3.821088e+00 -1.616698e+00 -9.961835e+00 -1.385115e+01 -1.235368e+01 9.856723e+00 -6.171882e+00 -1.025183e+01 1.181645e+01 -1.070546e-01 1.848714e+00 -8.900231e-01 -6.833670e-01 2.436367e+00 -4.574803e-01 2.726145e-01 5.113154e-02 -1.786444e+00 -3.131749e-01 1.734473e+00 -7.467780e-01
-5.197934e+00 -1.103203e+01 7.396345e+00 -1.321365e+01 -1.287824e+01 -1.179659e+00 1.763351e+01 -1.146184e+01 -1.445033e+00 -1.035770e+00 2.270785e+00 5.118325e-01 -1.940230e+00 -1.044636e+00 3.930353e+00 -1.027693e+00 -1.544023e-01 -8.446916e-01 2.274945e+00 -3.949096e+00 -4.406806e-01 -5.677922e-01 5.969685e-01 1.471659e+00
6.910439e+00 -9.489734e+00 1.506877e+00 2.044410e+00 1.122755e+00 -9.730067e+00 -1.374361e+01 -1.231340e+01 7.597941e+00 -6.524796e+00 -7.634175e+00 1.001629e+01 1.059243e+00 1.599220e+00 -5.629007e-01 -1.240980e+00 2.146516e+00 9.768432e-01 -1.049520e+00 7.777111e-01 -2.270429e+00 -5.684991e-01 2.385560e+00 -1.119451e+00
-1.291294e+01 -6.722803e+00 8.379037e+00 -1.447224e+00 -1.103077e+00 -6.286917e+00 3.203616e+00 5.297474e+00 8.179094e+00 1.433076e+00 -7.408611e+00 -3.132252e+00 2.116552e+00 -4.808023e-01 6.878359e-01 4.678704e+00 1.830070e+00 -1.595767e+00 -3.303945e+00 4.432767e+00 5.253609e-01 -1.531974e+00 -2.124938e+00 -1.372011e+00
8.753697e+00 -9.074703e+00 2.127940e+00 6.346738e-01 3.113195e+00 -8.804399e+00 -1.493121e+01 -1.129289e+01 5.096206e+00 -6.832253e+00 -6.262654e+00 1.031188e+01 1.786255e+00 1.735803e+00 -7.372803e-01 -1.192394e+00 7.515987e-01 2.874605e+00 -1.718122e+00 8.510801e-01 -2.647657e+00 -1.255878e+00 3.283735e+00 -1.360532e+00
-8.798626e+00 -8.783181e+00 6.498833e+00 2.114410e+00 2.351526e+00 -5.037567e+00 6.407298e+00 1.017194e+01 5.804192e+00 1.886508e+00 -4.531401e+00 8.201061e-01 5.543227e+00 -1.016002e+00 -6.659709e-01 3.479780e+00 -7.907848e-02 -1.609056e+00 -3.003789e+00 -2.616537e+00 1.850639e-01 -1.608108e+00 -2.442712e+00 5.655102e-01
1.182703e+01 -6.425522e+00 -5.390501e-02 4.577277e-01 2.288960e+00 -2.562030e+00 -2.079760e+01 -8.278408e+00 2.748652e+00 -9.014306e+00 -1.479895e+00 7.884921e+00 1.455278e+00 2.209616e+00 -8.968903e-01 -9.106606e-01 2.107392e-01 2.528981e+00 -2.004942e-01 1.997707e-01 -3.054293e+00 -1.872463e+00 4.043794e+00 -1.503350e+00
1.292995e+01 -3.426995e+00 -1.057823e+00 -1.347541e+00 1.558193e+00 8.271723e-01 -1.891477e+01 -1.011577e+01 -9.569179e-01 -1.120652e+01 3.089701e+00 6.079474e+00 7.478555e-01 2.593577e+00 -1.297925e+00 -4.697274e-01 -2.511871e-03 1.726777e+00 1.869917e+00 -8.123008e-01 -3.402401e+00 -1.356281e+00 3.707692e+00 -1.334242e+00
-1.549747e+00 -6.460430e+00 7.169598e+00 6.751202e+00 9.847204e-01 -9.284124e+00 -1.499628e+00 2.084831e+00 1.883843e+00 1.286370e+00 -5.179741e+00 -4.368978e+00 5.070973e+00 -1.055416e+00 -1.369736e+00 1.720294e+00 -1.506262e+00 -1.693096e+00 -3.200963e+00 -6.366508e+00 5.821859e-01 -9.699383e-01 -1.928686e+00 2.914836e+00
1.209870e+01 -1.265505e+00 -1.384693e+00 -1.517786e+00 2.953952e+00 -1.900950e+00 -1.275430e+01 -1.190311e+01 -4.646963e+00 -1.369998e+01 7.908616e+00 4.615740e+00 1.452155e-01 2.465407e+00 -8.124294e-01 -7.322550e-01 2.597122e-01 1.023619e+00 3.182116e+00 -1.102033e+00 -3.272496e+00 -8.324787e-01 2.426479e+00 -1.043622e-01
1.235714e+01 1.313174e+00 -3.696291e+00 -7.262063e-01 2.768140e+00 -5.010556e-01 -9.603270e+00 -1.354205e+01 -8.217991e+00 -1.127082e+01 7.581552e+00 5.275255e+00 -1.153419e-02 2.593987e+00 -7.679095e-01 -3.746470e-01 -3.548594e-01 1.526779e+00 2.877723e+00 7.185807e-01 -3.110303e+00 -1.104668e+00 1.740517e+00 -9.644794e-02
1.283952e+01 3.531428e+00 -2.796818e+00 -3.514215e+00 2.982547e+00 3.220177e+00 -9.542768e+00 -1.207544e+01 -9.983291e+00 -1.314455e+01 8.406576e+00 7.765220e+00 1.418833e-01 2.885339e+00 -8.022990e-01 -2.827884e-01 -2.918593e-01 1.535183e+00 2.633458e+00 2.303729e+00 -2.212355e+00 -1.635263e+00 4.059342e-01 -4.589337e-01
1.250187e+01 7.144470e+00 -4.191308e+00 -2.222562e+00 -2.304016e-01 5.900504e+00 -6.131920e+00 -6.436706e+00 -1.384027e+01 -1.700757e+01 1.154330e+01 4.022494e+00 -7.121386e-02 2.748746e+00 2.136621e-01 -1.115349e+00 3.369607e-02 1.896444e+00 2.174393e+00 3.317376e+00 -1.742205e+00 -1.183325e+00 -9.807425e-01 -7.013699e-01
1.273575e+01 1.024554e+01 -5.148680e+00 -2.183550e+00 2.993927e+00 2.574183e+00 -1.322684e+00 -3.937139e+00 -1.289760e+01 -1.900792e+01 7.957411e+00 2.947452e+00 -7.856755e-01 1.204306e+00 1.093742e+00 -1.881697e-01 -2.653276e-01 1.390071e+00 2.997587e+00 2.909812e+00 -8.605903e-01 -8.544357e-01 -1.375782e+00 -1.290120e+00
1.205296e+01 1.169985e+01 -1.452050e+00 -6.968282e+00 2.930931e+00 9.304160e+00 -2.841348e+00 -1.024315e+00 -1.547186e+01 -1.425576e+01 2.902422e+00 4.177289e+00 -1.617710e+00 -1.017015e+00 1.634056e+00 7.412952e-01 4.607432e-01 2.541539e+00 3.624633e+00 2.048553e+00 1.470464e+00 7.885704e-01 -1.667328e+00 -8.404009e-01
-7.665325e+00 -2.899725e+00 -3.887908e+00 -5.911103e+00 -7.285266e+00 2.352842e+00 4.189876e+00 1.833517e+00 4.207180e+00 1.067875e+01 6.807508e-01 -1.540445e+00 -4.448928e-01 -1.797827e+00 3.527423e+00 -2.503722e+00 -1.460234e+00 3.683725e-01 4.283249e+00 -7.535263e+00 -1.415230e+00 -9.166660e-01 -3.948088e-02 6.205667e-01
9.135598e+00 7.275267e+00 1.302263e+00 -2.082203e+00 7.524300e-02 8.468701e+00 3.799882e+00 -2.325730e-01 -1.347045e+01 -1.879263e+01 5.848105e+00 1.237223e+00 -1.666314e+00 -2.017349e+00 1.344184e+00 2.039889e+00 -1.228311e-01 1.899990e+00 2.450154e+00 1.642163e+00 3.156146e+00 1.546733e+00 -8.936971e-01 -8.926378e-01
-6.616957e+00 -1.534449e+00 -8.402381e+00 -6.142886e+00 -1.246128e+00 -1.869254e+00 8.458121e-01 9.218559e+00 4.633214e+00 6.264239e+00 -4.997330e-01 -2.588634e+00 -1.412939e-01 -2.039800e+00 2.986640e+00 -2.448220e+00 -1.942515e+00 1.102163e+00 2.987539e+00 -5.965325e+00 -1.387772e+00 -2.277882e+00 -1.686988e+00 -9.837562e-02
3.112411e-02 6.943941e+00 4.745560e+00 2.636355e+00 1.166013e+00 3.415814e+00 7.002747e+00 1.545598e+00 -1.351617e+00 -4.908326e-01 1.732546e+00 -2.296419e+00 -3.497294e-01 8.212852e-01 2.167581e+00 6.116290e-01 1.207613e+00 5.068903e-01 -4.198989e+00 -3.038134e+00 -1.292832e+00 -4.458588e-01 2.410583e-01 -5.661547e-01
6.213400e+00 3.544530e+00 7.535000e-01 1.433241e+00 3.532656e+00 1.566094e+01 9.429963e+00 1.953776e+00 -6.201529e+00 -1.317236e+01 4.261319e+00 6.756040e-01 -1.321386e+00 -2.387308e+00 -2.277431e-01 1.821797e+00 -6.634805e-01 -1.344487e+00 2.773177e+00 2.481029e+00 4.825830e+00 2.973838e+00 -1.418406e+00 -1.277549e+00
7.323961e+00 4.236458e+00 4.694633e-01 3.815134e+00 2.078908e+00 8.895743e+00 4.792429e+00 2.784631e+00 -1.752036e+00 -1.181595e+01 2.809477e+00 2.351049e-01 -1.083882e+00 -1.983968e+00 -1.490933e+00 -3.503628e-01 -2.324256e-01 -2.475810e+00 9.512981e-01 3.037330e+00 3.452208e+00 4.251139e+00 -1.496996e+00 -5.850514e-01
-8.117504e-01 4.009981e+00 1.117578e+00 1.437999e+00 -1.995155e+00 1.302730e+00 1.453376e+01 1.213306e+01 -5.389094e-02 -3.528030e-01 4.413523e+00 -7.130883e+00 -9.369197e-01 2.027353e+00 2.702647e+00 1.328880e+00 7.157100e-01 9.200993e-01 -1.608319e+00 -2.656301e+00 1.679541e-01 7.535282e-01 -3.095652e-01 -1.543621e+00
-1.269741e+00 5.452634e+00 3.862031e+00 2.463357e+00 4.561923e+00 7.511734e+00 2.275193e+00 8.832843e-01 -1.159435e+00 8.114800e-01 6.313908e-02 -8.106220e+00 -3.456117e-01 -3.540869e-02 -2.673412e-01 -2.002270e-01 1.392335e-01 5.728348e-02 -3.371806e+00 -1.468399e+00 -9.420323e-01 1.114627e+00 6.547145e-01 -8.060644e-01
-1.300141e+00 7.528908e+00 5.134421e+00 4.803120e+00 3.329739e+00 3.503394e+00 2.649269e+00 5.902350e+00 2.942587e+00 8.788944e+00 3.867342e+00 -3.020644e+00 1.819999e-01 4.784366e-01 1.136357e+00 1.709932e+00 5.249046e-01 -3.475896e-01 9.719399e-01 -1.420316e+00 -1.226091e+00 -1.773037e+00 -1.770645e+00 6.180345e-01
-2.273997e+00 7.081853e+00 4.345418e+00 9.497750e-01 -6.878314e-01 1.201026e+00 2.871208e+00 4.940899e+00 -2.735515e+00 6.154856e+00 5.432160e+00 -9.426502e+00 3.885749e-01 9.750208e-01 6.586834e-01 1.094215e+00 -1.169971e-01 -6.003106e-01 1.554911e+00 1.076064e+00 1.516429e+00 1.166476e+00 -1.214673e+00 5.698057e-01
-1.952748e+00 3.988113e+00 4.285769e+00 2.246559e+00 3.145096e+00 3.196199e+00 -3.243783e+00 -1.680318e+00 -9.842985e+00 -3.843266e+00 4.677099e+00 -4.424689e+00 -4.888374e-01 1.340418e-02 -4.651548e-01 -5.204754e-01 -1.055814e+00 -1.024235e+00 -7.740272e-01 1.231134e+00 -2.126729e-01 1.937644e+00 1.355091e+00 -1.625102e+00
-1.547873e+00 5.310852e+00 1.076651e-02 6.317618e-01 -2.288529e+00 1.698956e+00 2.797999e+00 6.404020e+00 -5.183685e-01 6.896547e+00 6.214818e+00 -1.009707e+01 -3.820496e-02 7.246287e-01 2.604429e-01 3.382742e-01 -6.297294e-01 -1.001185e+00 6.863142e-01 1.665935e+00 1.531151e+00 2.595305e+00 8.363468e-01 5.169340e-01
-1.337395e-01 7.754189e+00 5.017359e+00 5.631957e+00 -2.490232e-01 -7.075738e-01 4.605138e+00 3.950837e+00 -3.991319e+00 1.042915e+00 -2.225280e-01 -5.113873e+00 -2.754472e-01 -2.539455e-01 -1.337694e-01 1.388791e+00 7.101265e-01 1.158951e+00 1.248499e+00 -8.270977e-01 -9.174921e-01 -2.756317e+00 -2.116395e+00 6.216981e-01
-4.330969e-01 6.030130e-01 -5.179911e+00 -2.989073e-01 3.855684e-01 3.766249e+00 1.162188e+01 7.885469e+00 -3.931597e+00 -1.031831e+00 1.296615e+00 -2.081584e+00 -1.710015e+00 1.684610e+00 1.964590e+00 1.104005e+00 1.739885e-01 6.619348e-02 -5.244970e-02 -1.551505e+00 -7.644082e-01 7.101023e-01 1.139027e+00 -7.809395e-01
-1.708002e+00 7.366867e+00 5.356580e+00 6.840330e+00 1.165905e-01 9.153080e-01 6.790734e+00 -2.025285e-01 -6.020923e+00 5.873334e-01 1.889352e-01 -9.163212e+00 -8.952300e-01 -8.835570e-01 -9.608676e-01 -4.169631e-01 -1.193744e-01 5.132860e-01 1.469657e-01 -1.422176e+00 -1.132169e+00 -1.842051e+00 -9.528462e-01 -4.007409e-01
-4.119510e+00 4.041645e+00 1.056017e+00 2.096721e+00 3.736678e-01 1.571125e+00 2.165180e+00 -1.162034e+00 -3.293305e+00 1.863108e+00 6.471521e-01 -5.957921e+00 1.291808e-01 5.060396e-02 -1.298388e-01 -1.700021e+00 -1.097669e-01 -6.870509e-01 -1.664848e+00 -2.244727e-01 -2.228842e-01 5.869627e-03 -1.959335e-01 6.938171e-01
-3.447303e+00 5.893146e+00 3.565492e+00 6.875123e+00 4.469375e+00 8.289824e+00 7.042973e+00 3.857850e+00 -2.841220e+00 -3.525924e+00 -3.310609e+00 -3.246728e+00 -7.671338e-01 -5.715002e-01 -8.631552e-01 -1.811592e+00 4.129186e-01 1.795712e+00 -4.282909e-02 -5.012129e-01 6.000898e-01 6.290348e-01 6.171959e-01 1.310056e-01
-5.508367e+00 -3.018202e+00 -9.106572e+00 -4.635778e+00 -2.069187e+00 -2.754461e+00 -5.332305e+00 -1.911966e+00 -8.938935e+00 3.110554e-01 -2.406069e+00 -6.910598e+00 7.286719e-01 -5.244186e-02 -3.979824e-01 1.205900e-01 2.034361e-01 -9.054268e-01 3.335153e-01 1.020124e+00 2.139467e+00 2.173717e+00 -5.233570e-01 1.055170e+00
-3.306305e+00 -1.759987e+00 -7.695511e+00 -1.832273e+00 -2.142235e+00 -3.366688e+00 -5.663840e+00 -9.681010e-02 1.359442e+00 6.830508e+00 -4.168356e+00 -1.893291e+00 7.238082e-01 -1.143473e-01 -1.519063e-01 4.981837e-01 -5.331218e-01 -1.324233e+00 -8.371811e-02 1.281341e+00 2.681097e+00 1.066400e+00 -8.651108e-01 1.632213e+00
-2.966038e+00 -3.909519e+00 -1.180202e+01 -5.434580e+00 -1.015483e+00 -6.975482e+00 -3.498962e+00 2.281075e+00 -3.390788e+00 7.919913e+00 -4.141710e+00 -4.143401e+00 5.465286e-01 2.966315e-01 2.853362e-01 1.420697e+00 1.732144e-02 -6.283788e-02 4.675045e-01 1.488470e+00 1.828282e+00 3.486882e-01 1.577110e-01 1.942851e+00
-3.160490e+00 -3.144280e+00 -8.518383e+00 -1.745458e+00 -5.261648e+00 -7.265116e+00 -6.667568e+00 2.398219e+00 1.692474e+00 1.838628e+00 -5.863802e+00 -1.331320e-01 -3.883038e-02 5.148640e-01 4.353122e-01 1.446319e+00 5.223911e-01 6.442620e-01 5.664073e-01 1.059709e+00 2.034198e-01 -4.421359e-01 1.347234e+00 1.243675e+00
-2.848631e+00 -8.428979e-01 -7.268456e+00 2.424302e+00 -4.228733e-01 -1.119437e+00 -2.492919e+00 4.282871e+00 3.595781e-02 4.550436e+00 -7.697912e-01 1.923579e+00 -8.203697e-02 8.258634e-01 5.757293e-01 5.710577e-01 1.771624e-01 1.187558e+00 7.371129e-01 3.890844e-01 3.943757e-01 2.139043e-01 2.624952e+00 9.835531e-01
-3.559160e+00 -7.189777e-01 -7.785729e+00 1.469879e+00 1.734158e-01 -3.073400e+00 -3.334825e+00 4.200836e+00 6.631688e-01 6.304566e+00 8.818558e-01 1.291594e+00 -4.485273e-01 2.354398e-01 -4.190949e-01 -1.738903e+00 7.263372e-01 1.512511e+00 1.450848e+00 -2.798982e-01 -6.982282e-01 1.391767e+00 1.977916e+00 -5.841247e-01
-3.176888e+00 -9.928536e-01 -9.289695e+00 -4.186961e+00 -2.847203e+00 -3.133548e+00 -1.479769e+00 3.325188e+00 -9.042571e-01 6.756466e+00 5.610219e+00 6.200111e-02 -9.002453e-01 -1.176258e-01 -1.516648e-01 -2.071785e+00 2.157484e-01 5.855830e-01 1.920431e-01 -1.710025e+00 -9.399834e-01 -3.468441e-01 2.353321e-01 -1.325939e+00
-5.238998e+00 -1.892104e+00 -9.603237e+00 -7.134341e+00 -4.177973e-01 1.304498e+00 8.009911e-02 1.477570e+00 -1.328560e+00 7.694448e+00 8.357711e-01 -2.122967e+00 -1.698193e+00 1.848855e-01 1.533739e+00 -6.945180e-01 -7.720954e-01 2.246573e+00 -5.793886e-02 -1.220905e-01 5.455021e-01 -9.183564e-02 1.049516e+00 -1.596053e-01
-6.509938e+00 -8.444641e-01 -7.118026e+00 -3.632513e+00 9.514751e-01 -3.804711e-01 -3.240165e+00 -2.905621e+00 -3.668095e+00 2.121275e+00 4.299115e-01 -2.998836e+00 -1.450419e+00 4.963869e-01 2.014715e+00 6.520554e-01 -1.381852e+00 1.861745e+00 -1.853197e-01 1.903448e+00 1.393285e+00 -9.286485e-02 7.923993e-01 9.745458e-01
-1.038360e+01 1.312551e-01 -1.202870e+00 -2.279934e+00 -5.586400e+00 6.782925e+00 -2.744321e+00 6.705788e+00 4.772598e+00 8.162984e+00 8.719590e+00 2.023986e+00 9.944439e-03 1.587871e+00 1.710115e+00 1.386850e+00 -6.963065e-01 6.340485e-01 8.724605e-01 2.205536e+00 2.178700e-01 -3.515549e-01 7.247062e-02 9.033833e-01
-7.856680e+00 4.774017e-01 -3.416305e+00 -3.353887e+00 -7.172161e+00 3.435961e+00 -9.941578e-01 1.022832e+01 3.011587e+00 6.057874e+00 5.630306e+00 2.861254e+00 8.370621e-01 1.396450e+00 1.167049e+00 8.133036e-01 6.126268e-01 6.152149e-01 1.312325e+00 1.432706e+00 -3.860019e-01 -7.930226e-01 -1.669227e+00 -1.659338e-01
-4.515905e+00 5.386320e+00 -2.903523e+00 -3.394048e-01 1.624882e-01 2.566524e+00 3.319398e+00 5.938280e+00 -3.579051e+00 3.968375e+00 -1.402073e+00 -5.360950e-01 1.566095e+00 8.027040e-01 -8.558844e-01 6.300852e-01 1.827771e+00 -2.307372e-01 1.229391e+00 -7.828884e-01 -1.428871e-01 5.517499e-01 -2.202275e+00 -1.148840e+00
-5.258475e+00 3.510256e+00 -4.324558e-01 -5.362594e-01 1.140165e+00 4.803804e+00 2.895989e-01 4.641664e+00 -1.422280e+00 2.534661e-01 -2.855391e+00 -2.548465e+00 8.406509e-01 -2.100252e+00 -1.313816e+00 4.287062e-01 1.344468e+00 -1.245596e+00 1.405775e+00 -8.997349e-01 8.577740e-01 1.743131e+00 1.324786e-01 -8.105432e-01
-3.852230e+00 2.628349e+00 -6.974217e+00 -5.383220e-01 -6.037097e-01 4.945317e+00 2.760756e+00 5.584674e+00 6.275096e+00 1.382394e+01 1.951064e+00 -1.015353e+00 -1.500149e-02 -4.224528e+00 -1.367588e+00 -3.896946e-01 -3.118171e-01 -2.101386e+00 8.697341e-01 -6.726987e-01 5.624635e-01 1.072118e+00 1.848575e+00 -9.633990e-02
-3.985263e+00 -8.644874e+00 -7.950041e+00 -1.110897e+00 -6.672108e-02 -3.981416e+00 6.314039e+00 5.906448e+00 2.373383e+00 9.845748e+00 4.616130e+00 -9.518337e-01 3.273698e-01 -2.017780e+00 -1.568178e-01 -1.705919e-01 -3.649568e-01 -2.484540e+00 1.085308e+00 1.013646e-01 -2.650757e-01 -1.221269e+00 1.812649e+00 3.451282e-01
-5.227519e+00 -9.658755e+00 -5.982669e+00 -2.000559e+00 -7.931542e-01 -3.547796e+00 4.655848e+00 1.942394e+00 -2.664564e+00 4.532824e+00 4.105042e+00 -1.816110e+00 -2.217911e-01 -6.068516e-03 7.859460e-01 -4.021101e-01 -8.871498e-01 -1.699136e+00 7.822764e-02 1.470472e+00 -1.900173e-01 -1.559113e+00 1.476681e+00 3.377789e-01
-2.933982e+00 -4.350934e-01 -1.712319e+00 -6.581004e-01 -5.898969e-01 -3.372339e+00 4.768594e+00 6.969626e+00 1.722172e+00 -1.207325e+00 5.130864e+00 -4.224451e-01 -3.637986e-01 2.233761e+00 2.449555e-01 -3.164234e-01 -1.197300e+00 1.019121e-01 -9.894749e-01 2.615452e+00 1.135562e+00 3.883016e-01 3.615800e-01 3.427187e-01
-5.486826e+00 -1.506884e+00 -6.163348e+00 -2.775271e+00 -4.777871e+00 -3.854904e+00 3.924616e+00 1.240545e+01 5.650615e+00 1.155491e+01 9.077103e+00 4.088473e-01 -5.519496e-01 1.513170e+00 -9.762028e-01 -9.932212e-01 -4.376914e-01 3.411122e-01 -1.065639e+00 2.133489e+00 1.676699e+00 1.294637e+00 -1.040241e+00 -1.473321e-01
-5.674603e+00 -1.552006e+00 -6.634924e+00 -2.305658e+00 -4.060863e+00 -3.318301e+00 1.732281e+00 1.375218e+01 3.893604e+00 8.276213e+00 3.938000e+00 -3.507190e-01 -1.059282e+00 -4.956828e-01 -6.590212e-01 -1.387362e+00 -9.858996e-01 1.343601e+00 -4.236241e-01 -1.345911e+00 3.952616e-01 1.848149e+00 -1.847706e+00 -5.233482e-01
-8.103533e-01 7.719718e+00 3.172686e+00 3.852222e-01 -2.112359e-01 -5.788904e+00 -1.968395e+00 -2.063956e+00 -1.915530e+00 6.450182e+00 3.796375e+00 -1.374155e+00 7.280647e-01 2.830453e-01 1.874552e-02 6.296468e-01 8.761500e-01 1.064980e-01 4.425363e-01 3.535866e-01 1.036657e+00 1.672664e+00 3.119963e-01 7.701714e-02
6.766129e-01 7.373292e+00 1.947872e+00 2.320130e-01 3.718113e+00 3.056138e+00 5.779421e-01 1.802572e+00 -2.350614e+00 4.751272e-01 -1.770672e+00 -2.629529e+00 -1.981401e-01 -1.885161e-01 -1.535649e-01 -1.921427e-01 1.351013e+00 3.141953e+00 2.660326e+00 1.847929e+00 1.755664e+00 1.548592e+00 6.113225e-01 -1.595309e+00
-1.635990e-01 7.931285e+00 4.503756e+00 3.130473e+00 4.688188e+00 5.774211e+00 7.945526e+00 2.612057e+00 3.146061e-01 1.021527e+01 3.198056e+00 -6.505013e+00 -3.440000e-01 -6.053478e-01 3.836013e-01 4.321186e-01 6.027187e-01 2.120224e+00 1.954351e+00 1.685875e+00 6.459422e-01 -7.401538e-03 -5.305327e-01 -1.461514e+00
-2.717999e+00 6.238446e+00 3.630840e+00 -2.845287e-02 5.264278e+00 7.581634e+00 6.980765e+00 6.543411e+00 2.846376e-01 2.939035e+00 -4.074365e-01 -9.697860e+00 -3.701877e-01 -3.485876e-01 9.735836e-01 1.260515e+00 2.635334e-01 -3.209460e-01 -6.875212e-01 2.294994e-01 6.581652e-01 5.023792e-01 9.001489e-02 -8.719087e-02
-8.330469e-01 5.260402e+00 4.249208e+00 2.676048e+00 2.029275e+00 2.549468e+00 4.601951e+00 3.994997e+00 -3.444314e-03 5.181221e+00 4.620941e-01 -5.147562e+00 -6.324053e-02 -6.200913e-01 1.421029e-01 2.809812e-01 6.583647e-02 -5.575557e-01 -2.226711e+00 -1.483101e-01 -2.755247e-01 -1.246486e+00 -8.326191e-02 2.156321e+00
-8.396015e-01 6.965796e+00 6.943064e+00 6.761803e+00 6.365236e+00 3.063780e+00 -1.187876e+00 2.258600e+00 1.099237e+00 5.504046e+00 4.738384e-02 -3.744209e+00 9.159765e-02 -2.009398e-01 -1.710472e-02 8.777582e-01 6.838480e-01 6.282157e-01 -1.100816e+00 -1.578095e+00 -7.972873e-01 -1.186942e+00 -1.087395e-01 2.066880e+00
-1.419001e+00 4.467154e+00 3.558158e+00 1.140251e+00 4.466891e+00 5.245360e+00 8.962898e-01 4.012912e+00 -1.470317e+00 2.700329e+00 2.554337e+00 1.299764e+00 -1.971478e-01 2.340759e-01 -1.454455e-01 6.261066e-01 7.885315e-01 6.449167e-01 4.132934e-01 -5.105866e-01 -1.690468e-01 -1.069340e+00 -4.674599e-02 1.420304e+00
-1.967034e+00 5.630371e+00 3.890841e+00 5.128237e+00 7.464710e+00 9.374766e+00 3.329513e+00 -1.356020e+00 -2.968362e+00 -1.755232e+00 -1.997255e+00 -2.587122e+00 -1.983747e-01 -3.579006e-02 -6.545210e-01 -5.627187e-01 -7.300195e-01 -2.428510e-02 1.212096e+00 -4.165003e-02 2.545032e-02 -1.141437e+00 -1.402045e+00 4.620370e-01
-1.255070e+00 7.098494e+00 5.048092e+00 6.623364e+00 5.422195e+00 2.618557e+00 4.409724e+00 3.249374e+00 1.185122e+00 3.464163e+00 1.250684e+00 1.375414e+00 -1.583644e-01 2.815313e-02 -3.375916e-01 2.305861e-01 -3.195288e-01 2.012136e-01 1.152612e+00 6.871185e-01 1.676700e+00 3.535554e-01 -1.155485e+00 -5.286994e-01
-1.913441e+00 5.471175e+00 2.925492e+00 1.206652e+00 2.237487e+00 4.255755e+00 3.115885e+00 2.432119e+00 -1.012309e-01 -5.850546e-01 -6.311017e+00 -1.471849e+00 -1.523720e-01 -4.296684e-01 -5.771151e-01 -4.117916e-01 -3.903039e-01 5.064710e-01 9.229746e-01 1.612597e+00 2.119045e+00 1.169535e+00 -4.547969e-02 -1.905280e-01
-2.237619e+00 4.687517e+00 2.352875e+00 4.253974e+00 5.482860e+00 8.810933e+00 6.766165e+00 5.554436e+00 5.479616e+00 3.883018e+00 -1.066208e+00 -1.901370e+00 -2.289278e-01 -5.605611e-01 -5.963051e-01 -1.691460e-01 3.366700e-01 1.693993e+00 8.363161e-01 7.732440e-01 1.416984e+00 5.305782e-01 6.110258e-02 -6.983089e-01
-1.403922e+00 7.286810e+00 5.064199e+00 2.304886e+00 9.589278e-01 -2.346573e+00 -1.363906e+00 -3.582296e-01 -7.378614e+00 -2.921381e+00 -3.763208e+00 -4.286745e+00 1.154555e+00 7.823712e-01 2.104532e-01 -2.289997e-01 4.790623e-01 -1.076195e+00 -1.184664e+00 1.940731e-01 2.324531e-01 1.240196e-02 -3.673616e-01 1.134412e+00
-2.763655e+00 6.559299e+00 2.851864e+00 -1.054197e+00 1.687031e+00 7.943077e+00 6.703769e+00 1.924525e+00 -2.354680e+00 3.550202e+00 2.634343e+00 -6.061491e+00 7.989486e-01 6.898310e-01 3.222570e-01 -1.277164e+00 -8.775961e-01 -3.207516e+00 -2.155182e+00 -1.103981e+00 -2.233929e-01 1.516773e+00 9.803607e-01 5.416322e-01
3.646968e+00 -1.513669e+00 -4.688470e+00 -2.713415e+00 1.373595e+00 2.736020e+00 8.007221e+00 1.099485e+01 -7.092152e-01 -2.685662e+00 1.828930e+00 -4.955335e-01 -2.305636e+00 -1.132656e-01 -1.709317e-01 -4.245213e-01 -6.374254e-01 -1.378798e+00 2.057628e+00 1.671009e+00 -3.333393e-01 2.476938e+00 7.175002e-01 -1.510416e+00
6.351841e+00 1.282716e+00 -2.174365e+00 -8.079646e-01 -1.388304e+00 2.368202e+00 1.052827e+01 9.872227e+00 2.798086e+00 -2.874914e+00 -2.670295e+00 -1.709396e+00 -1.696999e+00 -1.163316e+00 -1.702476e+00 -9.992846e-01 -6.999489e-01 -2.994911e+00 7.598618e-01 2.007361e+00 5.582684e-01 3.341136e+00 -6.909954e-01 -6.245016e-01
