5.013249e+00 1.101729e+00 -9.477089e-01 -1.451091e+00 -3.262329e+00 -3.044496e+00 1.035154e+00 -1.083017e-01 -1.128055e+00 -3.620718e-01 -5.419237e-01 -2.843338e+00
5.327081e+00 2.399562e+00 4.392407e-02 -5.881511e-01 -2.334476e+00 -1.719168e+00 1.411336e-01 -1.342175e+00 -1.330912e+00 -1.798401e+00 -1.705461e+00 -4.387654e+00
2.940343e+00 -1.778231e-01 -1.059116e+00 -9.695604e-01 -3.344770e+00 -4.773071e+00 8.454390e-01 5.389972e-01 -2.994828e-02 9.788254e-01 3.327788e-01 -6.180738e-01
3.582501e+00 2.625518e+00 1.254467e+00 -1.994683e-01 -9.142841e-01 5.252282e-01 5.438070e-02 -7.801465e-01 -5.184726e-01 -2.160262e+00 -4.258161e+00 -5.443382e+00
1.877740e+00 -9.398720e-02 1.966588e+00 -2.890296e+00 -3.848876e+00 -8.090879e-01 -3.261472e+00 -4.084703e+00 1.720969e+00 1.731624e+00 7.135502e-01 4.736280e-01
5.890279e-01 -1.115659e+00 -3.192860e-01 3.415621e-01 -3.211497e+00 -3.443559e+00 1.610929e+00 -6.239128e-03 4.235243e-01 2.654780e+00 1.391945e+00 2.567450e-01
-1.597478e-01 6.654765e-01 -2.896207e-01 -2.977954e+00 -9.658934e-01 -1.566857e-01 -2.258968e+00 -2.934572e-01 2.188574e+00 -1.017969e+00 2.016894e+00 3.519789e+00
1.752589e+00 8.516630e-01 2.210850e+00 -6.582671e-01 -2.878435e+00 -1.331776e+00 -1.877077e+00 -3.608914e+00 -7.722175e-01 -3.421559e-02 -1.087043e-01 -3.934572e-01
-2.796628e-01 5.554257e-02 -9.941188e-01 -3.777996e+00 -7.938688e-01 8.401197e-01 -1.498787e+00 1.189386e-01 3.047448e+00 -1.621927e+00 1.276159e+00 2.011389e+00
-9.159565e-02 8.387960e-01 7.288497e-01 -1.267454e+00 -1.177368e+00 -5.639294e-01 -2.534642e+00 -2.963828e-01 1.095064e+00 -2.729235e-01 5.141156e-01 2.632739e+00
-4.573836e-01 -1.246738e+00 -1.994996e+00 -9.824435e-01 7.276371e-01 4.409632e+00 9.973704e-01 -4.902568e-01 1.550841e+00 -3.160264e+00 1.034458e+00 6.452096e-01
-3.793625e-01 -1.405029e+00 -1.525534e+00 -3.743248e-01 9.474589e-01 3.633625e+00 5.623549e-01 -7.886368e-01 1.252927e+00 -2.817293e+00 1.434881e+00 -6.196723e-02
8.288104e-01 -1.495129e+00 -6.737863e-01 -1.576912e-02 -1.924803e+00 7.409056e-01 1.203668e+00 -1.573059e+00 -1.955728e-01 7.917737e-01 9.167061e-01 -6.570247e-01
-2.519611e-01 -1.328978e+00 2.798777e-02 1.455878e+00 1.825404e+00 -1.164289e+00 -1.252565e+00 -1.297215e+00 -6.806318e-02 2.034672e+00 6.060712e-02 -1.297224e-01
9.396645e-01 -1.735807e-01 1.132940e-01 -1.798431e+00 -2.779872e+00 -1.179870e+00 -2.513193e+00 -1.468019e+00 1.971150e+00 1.708628e-02 -7.677985e-01 -3.940867e-01
1.092013e+00 -1.605397e+00 -4.645752e-01 -9.353535e-01 -1.267324e+00 1.515070e+00 9.021280e-01 -1.927953e+00 -3.338219e-01 -2.031054e-01 2.395699e-01 -2.260597e-01
4.937689e-02 -9.633464e-01 1.891678e-01 6.583954e-01 -2.375215e+00 -1.395486e+00 1.047099e+00 -4.282843e-01 1.031083e+00 2.019197e+00 4.154080e-01 -1.290252e-01
-2.995365e-01 -1.197841e+00 1.688075e-01 1.085089e+00 2.776042e+00 -1.201940e+00 -1.419963e+00 -7.956425e-01 -1.411176e+00 3.241874e+00 8.772700e-02 3.091665e-01
8.155968e-01 -1.119192e+00 3.457195e-01 -1.139507e+00 -5.218935e-01 9.088100e-01 -9.771790e-02 -1.120881e+00 -1.971540e-01 -7.944432e-01 -7.443136e-01 3.257809e-02
-5.810351e-02 3.364609e-01 1.463391e+00 -6.438602e-01 -1.099664e+00 -9.680352e-01 -1.451746e+00 -2.733340e-01 1.268828e+00 -8.714827e-01 -1.026337e+00 1.279176e+00
-1.826088e-01 3.497502e-01 1.890515e-01 7.116967e-01 1.035727e+00 1.231658e+00 -3.788540e-01 3.051440e-01 6.051055e-01 3.075445e-01 -1.274071e+00 -2.288519e+00
-6.903584e-01 -2.815379e-01 -1.573472e+00 -3.405001e+00 -2.630464e-01 2.180259e+00 1.514299e-02 6.525558e-01 3.608217e+00 -2.548258e+00 2.149386e-01 3.584373e-01
-6.454378e-01 -1.309234e+00 -1.423503e+00 4.675959e-01 1.414167e+00 2.884755e+00 -1.774879e-01 -1.462642e+00 6.707467e-01 -2.139792e+00 1.321269e+00 -3.651376e-02
1.896369e-01 -3.712451e-01 1.243124e+00 -8.520660e-01 -7.016321e-01 -3.808421e-01 -5.506626e-01 -5.813898e-01 4.442767e-01 -1.046126e+00 -1.382406e+00 -4.135342e-02
1.281636e+00 1.225612e+00 1.425462e+00 7.591045e-01 4.945419e-01 1.270702e+00 -7.770010e-01 -7.052695e-01 -8.470598e-01 -1.072669e+00 -2.733120e+00 -2.949309e+00
-5.170662e-01 -1.120911e+00 -2.063929e+00 -1.304727e+00 5.915724e-01 4.768285e+00 1.181326e+00 4.258862e-01 2.189011e+00 -3.459612e+00 4.630945e-01 -3.261644e-01
-3.787694e-01 -1.071562e+00 -3.324480e-02 1.429993e+00 2.598497e+00 -7.724762e-06 -2.065263e+00 -4.016552e-01 -2.177907e+00 3.292158e+00 8.774896e-01 5.207263e-01
4.441164e-01 1.213775e+00 -1.209646e+00 1.500869e+00 -5.553854e-01 6.667385e-02 3.726006e+00 -5.369617e-01 -1.697931e+00 2.919554e-01 -2.447443e-01 1.749880e+00
-3.726772e-01 -1.224107e+00 1.472359e-02 1.663265e+00 5.751295e-01 -1.605191e+00 -1.294454e+00 -9.026936e-01 8.123432e-01 5.847207e-01 -2.920353e-01 -7.189336e-01
-6.909723e-01 -1.504060e+00 -1.328203e+00 1.487795e+00 1.392335e+00 2.844186e+00 -1.429465e+00 -1.619682e+00 -9.527521e-01 -6.766693e-01 1.581362e+00 5.384855e-02
-3.570592e-03 2.288187e-01 -1.217817e+00 -2.887623e-02 -1.260971e-01 1.331413e+00 9.570763e-01 -2.652034e+00 -1.880775e+00 -6.737469e-01 1.641545e-01 4.529808e-01
1.975422e-01 5.444508e-02 2.100854e-01 6.166644e-01 1.118517e+00 1.380315e+00 3.739906e-01 -5.296283e-01 4.052072e-01 7.193826e-01 1.944504e-01 7.681284e-02
-7.058284e-01 -1.337306e+00 -6.534237e-01 1.572415e+00 2.153533e+00 9.040985e-01 -2.625625e+00 -1.281032e+00 -2.673078e+00 2.406429e+00 1.063520e+00 5.514869e-01
9.822571e-01 2.034677e+00 -1.953952e-01 2.226776e+00 -9.024391e-01 -1.948014e+00 4.215971e+00 1.224253e+00 -3.374043e+00 5.147419e-01 -1.135440e-01 5.140003e-01
-1.515102e-01 4.027554e-01 1.957796e-02 -8.087689e-01 -1.200486e-01 -6.312919e-01 -1.325320e-01 -7.883500e-01 -2.172049e+00 -7.554067e-01 3.570431e-01 -1.722366e+00
3.177586e-01 1.126730e+00 7.936338e-01 5.773266e-01 -8.267399e-01 -1.158789e+00 -7.929761e-01 2.746061e-01 1.378211e+00 4.827855e-01 -1.728995e+00 -5.887961e-02
-3.695928e-01 4.247016e-01 -7.880498e-01 -3.203817e-01 1.143127e-01 6.951477e-01 9.931246e-01 -3.434694e+00 -1.588687e+00 -7.860018e-01 -8.423429e-01 6.926433e-01
-6.895227e-01 -1.500637e+00 -1.029159e+00 1.848879e+00 1.643381e+00 2.150815e+00 -2.537497e+00 -1.513240e+00 -1.855988e+00 6.893519e-01 1.913292e+00 9.099302e-02
-6.651374e-01 -8.972288e-01 -1.999140e+00 -2.439811e+00 1.384104e-01 3.609038e+00 1.357509e+00 8.329581e-01 3.092133e+00 -3.405972e+00 -1.806335e-01 -4.284288e-01
3.530317e-01 7.092515e-01 8.902049e-01 9.835020e-01 8.379622e-01 1.083214e+00 9.082180e-01 -1.000215e+00 -1.025771e+00 -1.998812e-01 2.142514e+00 5.002574e-01
-6.583979e-01 -6.810543e-01 -8.425758e-01 5.858691e-01 1.005461e-01 -4.027237e-01 -6.632107e-01 -1.713487e+00 -1.345389e+00 -1.153263e+00 -5.777438e-01 8.831989e-01
1.122166e-01 -6.513590e-02 -1.003813e+00 -1.207489e+00 -5.511655e-01 -1.356250e-01 1.071222e+00 2.303263e+00 1.836096e+00 -2.292320e-01 -3.897620e-01 4.567347e-02
2.334414e-01 5.492684e-01 3.728339e-01 1.221231e+00 -5.851321e-02 -4.204664e-01 1.005976e+00 -1.613460e+00 -2.822415e+00 -8.995209e-01 -7.198048e-02 -2.676203e-01
-1.086201e-01 3.932070e-01 2.949711e-01 -4.684458e-02 3.459727e-01 3.215438e-01 5.276306e-01 -6.551919e-01 -1.853587e+00 -6.352478e-01 1.676661e+00 9.110527e-02
4.191666e-02 6.392857e-01 3.849657e-01 8.853794e-01 -7.200055e-01 -2.053997e-01 1.072719e+00 1.393988e+00 1.413987e-01 2.595694e-02 -8.144625e-01 -3.192085e-01
-3.200286e-01 8.805571e-02 4.107928e-03 1.042545e+00 1.576688e+00 4.195641e-01 -2.480572e-01 4.307437e-01 -1.011191e+00 -4.227328e-01 -1.496389e+00 -6.422151e-01
8.153904e-01 1.123834e+00 1.163399e+00 -5.705883e-01 -2.308214e-01 -3.371082e-01 -5.777532e-01 1.714778e+00 1.463174e+00 8.045686e-01 3.287734e-01 -3.964151e-01
8.643299e-01 1.332165e+00 1.283915e+00 6.763483e-01 2.956599e-01 -6.063827e-01 -2.540783e-01 2.059239e+00 1.889988e+00 5.457260e-01 -4.337551e-01 2.938313e-01
-9.103239e-01 -3.239544e-01 7.791802e-01 7.039461e-01 1.157508e+00 1.373847e+00 3.532658e+00 1.251329e-01 -1.967769e-01 5.842962e-01 -2.484329e-01 -1.439548e+00
-8.500496e-01 -3.318704e-01 1.792109e+00 1.187239e+00 1.325086e+00 8.519074e-01 1.608960e+00 -2.335261e-02 2.378043e-01 1.270942e+00 9.843245e-01 -3.212504e-02
-6.700243e-01 7.171937e-01 -3.880502e-01 -9.591500e-01 4.619144e-01 7.012079e-01 -5.544626e-01 -2.793092e+00 -2.192863e+00 -1.357184e+00 -1.384451e+00 9.371645e-01
-5.209608e-01 5.689324e-02 1.557994e+00 1.339483e+00 1.411090e+00 3.091757e-01 -1.221100e+00 -1.570046e+00 -3.292397e-01 1.209897e+00 1.439127e+00 3.735409e-02
4.903503e-01 -2.937135e-02 9.214538e-01 1.231656e+00 1.038085e+00 1.646931e+00 7.506822e-01 -1.454566e+00 5.830040e-01 1.057658e-01 1.613712e+00 1.111283e+00
-2.034986e-01 7.618978e-02 9.581639e-02 -2.160707e-02 1.847283e-01 4.914251e-01 2.488345e-01 6.329004e-01 3.765417e-01 5.009605e-01 -8.951300e-01 -3.607948e-01
-9.506744e-01 3.430809e-01 5.004785e-02 -1.306918e-01 -4.819870e-01 1.271893e+00 3.698345e+00 1.284083e+00 -7.245756e-01 1.046421e+00 1.162051e+00 -1.696277e+00
-2.152431e-01 2.761729e-01 1.953702e-02 8.228005e-01 -5.747565e-01 -5.334396e-01 -1.327536e-01 -8.480291e-01 -4.767033e-01 -5.521598e-01 -1.861093e+00 -3.348324e-02
2.293220e-01 6.045524e-01 1.170585e+00 2.213883e-01 -1.022710e-01 2.352299e-01 -2.109554e-02 -8.906285e-02 1.400441e+00 3.100005e+00 2.887936e+00 1.347462e+00
-2.166981e-01 -9.817451e-01 -1.475209e+00 -3.401483e-01 7.329877e-01 1.747835e-01 6.540851e-01 1.961175e+00 6.024736e-01 -1.637896e+00 -1.641624e-01 1.342741e+00
-7.004156e-01 -1.159288e+00 -1.067699e+00 -2.648174e-01 5.708505e-01 1.100773e-01 -1.168586e+00 -8.251919e-01 -1.307881e+00 -2.153107e+00 -7.807708e-01 -3.824181e-02
-2.724620e-01 5.060151e-01 7.981553e-02 2.986709e-01 -2.200694e+00 -1.246318e+00 -1.412424e+00 4.690444e+00 -1.716846e+00 -1.678838e+00 -7.309297e-01 -4.531145e-02
-1.082901e-01 9.311237e-02 8.022730e-01 2.840039e-01 -1.185211e+00 -1.879033e+00 -1.376126e+00 5.076764e+00 -1.189929e+00 -1.004276e+00 -1.124072e+00 1.651805e-01
-1.589437e-01 2.349568e-01 -2.319469e-01 -6.438458e-01 -2.469035e+00 -1.635654e+00 -1.106046e+00 2.340149e+00 -1.592621e+00 -2.397655e+00 -1.257288e+00 -4.424411e-01
-1.225109e-02 -6.368556e-01 -5.576792e-01 -2.329475e-02 -6.718805e-01 -2.096748e-01 6.234758e-01 7.897214e-01 5.495583e-01 -6.010389e-01 -4.978478e-01 4.078010e-01
4.416935e-01 5.565400e-01 4.428538e-02 -1.232540e+00 -1.465536e+00 -3.604189e-01 1.076670e+00 1.889558e+00 7.635612e-01 1.116326e+00 1.745713e+00 2.519555e-02
-4.513717e-01 -9.752782e-01 4.858250e-01 1.697456e+00 -2.666674e-01 -2.123262e+00 -1.097923e+00 -4.554958e-02 1.538888e+00 -4.808549e-01 -2.263651e-01 -1.530896e+00
8.291099e-02 -3.529788e-01 9.276667e-01 6.945803e-01 -7.854118e-01 -2.368937e+00 -1.035769e+00 3.622063e+00 -4.004399e-01 -5.813397e-01 -1.223876e+00 -3.285139e-01
9.360754e-02 -6.374265e-01 1.111702e+00 1.058638e+00 -4.813936e-01 -2.618443e+00 -3.639681e-01 1.987751e+00 8.451487e-01 -4.795305e-01 -7.116565e-01 -1.099706e+00
1.240291e+00 2.671357e+00 9.345285e-01 2.274831e+00 -4.333892e-01 -3.606606e+00 3.418726e+00 1.863761e+00 -4.303660e+00 1.083693e+00 -6.616737e-01 2.960904e-01
-7.293750e-01 1.180070e+00 -3.709793e-04 -1.013348e+00 1.500337e+00 1.837324e-01 -2.431743e+00 -2.437699e+00 -1.119184e+00 -7.052555e-02 -6.303391e-01 -3.423162e-01
-7.423118e-01 1.010176e+00 6.184864e-03 9.294931e-01 -1.003616e-02 8.248135e-01 1.876138e+00 1.682862e+00 2.287970e-02 2.203927e+00 2.263012e+00 -6.639879e-01
-2.508762e+00 -4.189516e+00 -1.173094e+00 -2.531076e+00 -3.997509e-01 4.546412e+00 2.380679e+00 -4.299115e-01 4.024867e+00 7.509369e-01 1.205810e+00 8.919366e-01
3.625318e-01 -1.089081e-01 -5.898781e-01 -1.105139e+00 -1.107159e+00 -1.410166e+00 -3.770669e-01 5.186000e-01 7.871898e-01 -5.933114e-01 -1.063223e+00 9.378270e-01
-1.541785e+00 -2.216446e+00 -1.876608e+00 -1.886711e+00 9.308273e-01 3.311089e+00 2.296716e+00 1.156743e+00 2.572882e+00 2.301534e+00 2.993331e+00 4.840861e-01
-7.187192e-02 -8.696898e-01 9.514599e-01 1.129303e+00 -3.834525e-01 -3.255086e+00 -2.081311e-01 7.460295e-01 1.475472e+00 -8.648406e-01 -5.508300e-01 -2.048268e+00
-1.150610e-01 4.815841e-01 4.930359e-01 -8.457994e-01 -2.154955e+00 -7.214683e-01 -4.808058e-01 1.505897e+00 -1.277802e+00 -1.137548e+00 -1.322549e+00 -9.855509e-02
-1.925955e-01 2.090645e+00 -1.031971e+00 1.386181e+00 8.016216e-01 1.738687e-01 1.502753e-01 1.017987e+00 -2.541079e-01 1.957712e+00 2.333168e+00 4.094775e-01
-2.682425e-01 -7.186750e-01 7.983500e-01 1.698020e+00 -4.800460e-01 -2.491153e+00 -6.482571e-01 8.175837e-01 1.732495e+00 -7.604573e-01 -1.620560e-01 -1.870325e+00
-8.798380e-01 1.682828e+00 1.467627e+00 8.767098e-01 2.462563e+00 4.444313e-03 -1.740654e+00 -1.486457e+00 1.232379e+00 2.473623e+00 -6.883240e-01 3.173118e-01
-1.441315e-01 7.502357e-01 6.911317e-01 -1.149869e+00 -1.692778e+00 -6.313903e-01 -6.448208e-01 7.439701e-02 -1.183636e+00 -6.611307e-01 -1.814324e+00 6.879530e-02
1.078855e+00 3.061676e+00 1.989723e+00 1.731905e+00 1.066810e+00 -3.828066e+00 2.430499e+00 8.339594e-01 -3.130708e+00 1.457463e+00 -3.321056e-01 1.384922e-01
-4.176970e-01 -3.206939e-01 -1.363778e+00 -1.817900e+00 7.380155e-01 1.663779e+00 2.106531e+00 4.201158e+00 1.696897e+00 1.086436e+00 2.532259e+00 1.101215e+00
-1.026757e+00 9.672054e-01 -1.299599e+00 3.356368e+00 3.688616e+00 -9.723097e-01 1.654052e+00 8.468563e-01 -3.943714e+00 -1.736696e+00 2.513739e-01 1.013323e+00
3.772686e-01 3.183761e+00 9.893408e-02 1.296095e+00 1.987194e+00 2.023414e-01 -5.128555e-01 -2.408352e-01 -1.473089e+00 1.072165e+00 1.738969e+00 4.804001e-01
-1.748103e-01 1.296398e+00 1.314924e+00 -1.367719e+00 -8.500099e-03 -8.709620e-01 -3.631803e-01 -2.806261e-01 -1.139720e+00 2.384096e-01 -1.616946e+00 5.355113e-01
-3.327672e+00 -5.250868e+00 -1.901967e-01 -2.470066e+00 9.837532e-03 4.320992e+00 8.737627e-01 -1.020465e-02 5.662848e+00 1.032625e-01 1.157188e-02 1.109836e+00
-1.041136e-01 2.149648e+00 1.303472e+00 -8.972818e-01 8.767363e-01 -1.272834e+00 -4.816648e-01 -3.708822e-01 -1.512197e+00 6.934988e-01 -1.080643e+00 8.938338e-01
6.450914e-01 2.656864e+00 1.740904e+00 -1.330943e-02 1.692315e+00 -2.525184e+00 -1.189213e-01 -3.997112e-01 -2.499088e+00 5.457907e-01 -4.709141e-01 3.345265e-01
-1.186045e+00 1.398363e-01 -2.078340e+00 2.210792e+00 3.335617e+00 -2.548652e-01 1.596067e+00 1.659973e+00 -3.221828e+00 -2.121043e+00 -8.599434e-01 -1.404860e-01
1.330882e-01 6.123454e-01 -1.358702e+00 -4.671865e-01 -1.171074e-01 1.247180e-02 1.659629e+00 3.480684e+00 1.865406e+00 1.208063e+00 1.761335e+00 1.183482e+00
7.023495e-01 2.317673e+00 -6.760114e-01 1.315714e+00 2.076905e+00 -5.895306e-01 -1.361212e+00 -2.562388e+00 -2.273722e+00 -7.306069e-01 -5.091877e-02 2.077247e-01
6.197661e-01 1.944556e+00 -7.804224e-01 9.990894e-01 6.557823e-01 -1.078538e+00 -6.067740e-01 -2.304990e+00 -1.897763e+00 -1.307847e+00 -1.732139e+00 -2.946046e-01
-2.349825e-02 1.308763e+00 -6.779145e-01 3.437814e-01 1.391676e-01 -8.973892e-01 -1.543274e-02 2.770073e-01 1.850919e-01 -4.951060e-01 -1.024543e+00 -1.295041e-01
-1.368947e+00 3.264160e-02 2.134408e+00 1.946890e+00 2.581794e+00 -3.514343e-01 -2.729931e+00 -1.481279e-01 2.259985e+00 3.290564e+00 -5.431172e-01 -5.387361e-01
-2.880519e+00 -4.100066e+00 1.822214e+00 -5.676681e-01 5.285233e-01 3.055211e+00 2.286211e-01 1.576233e+00 5.428515e+00 8.078400e-01 -4.701990e-01 2.355850e+00
-1.932377e+00 -2.345371e+00 2.553078e+00 6.118640e-01 1.636214e+00 6.367216e-01 -1.600108e+00 2.711208e+00 4.214580e+00 1.470356e+00 -1.081182e+00 9.782480e-01
