3.696521e+00 1.337798e+00 -1.209230e+00 -7.668278e+00 -6.997549e+00 8.799976e-01 -3.336779e+00 5.063649e-01 -1.877707e+00 -4.849972e+00 6.766225e-01 -4.212896e+00
9.500912e-01 -1.024766e+00 1.162232e-01 -5.617702e+00 -4.888181e+00 4.982352e-01 -1.558366e+00 3.725465e-01 -1.044719e+00 -2.174401e+00 1.487788e+00 -2.804462e+00
-2.474859e+00 -2.243937e+00 3.036412e+00 -1.382729e+00 -8.468328e-02 2.265375e+00 -3.443195e+00 4.044905e-01 -6.521378e-02 -2.281538e+00 -3.972563e-01 5.724399e-01
-1.922928e+00 -7.485756e-01 1.137016e+00 -1.997696e+00 1.495687e+00 1.246423e+00 -2.250206e+00 -1.476610e-02 -1.293560e+00 -1.409647e+00 -2.026389e+00 8.642818e-01
9.295128e-01 -3.714976e+00 -1.645729e+00 6.056081e-01 -1.649394e+00 -2.190910e+00 -1.638011e+00 -1.765923e+00 1.198795e+00 3.245751e-01 -4.361010e-01 1.483039e+00
6.299752e+00 3.932312e+00 -1.094671e+00 -5.729004e+00 -4.995370e+00 2.212564e+00 -1.564650e+00 1.186276e+00 -7.658664e-01 -3.053103e+00 8.156683e-01 -2.946718e+00
-1.697679e+00 -2.555726e+00 -6.858324e-01 1.048135e+00 9.446082e-02 -1.063363e+00 -1.683094e+00 -8.960368e-02 3.526626e-01 6.101707e-01 1.062191e+00 1.837343e+00
9.598051e-01 -2.207017e+00 -8.057493e-01 3.805218e-01 -1.340346e+00 -2.264782e+00 -1.392256e+00 -1.831541e-01 1.692904e+00 2.648556e-02 -2.646344e+00 -3.639617e-02
-8.207542e-01 1.733562e+00 7.120616e-01 -1.191409e+00 1.397066e+00 -5.025522e-01 -9.935030e-01 -1.151652e+00 -1.601000e+00 1.077303e+00 -2.434453e+00 1.376008e+00
5.757866e-01 -1.724626e+00 -5.791926e-01 -2.280639e+00 -2.073568e+00 -1.567668e+00 -1.584707e+00 8.514603e-01 -7.406350e-01 -3.633803e-01 1.252073e+00 -4.288734e-01
-1.439555e+00 -1.438158e-01 1.770492e-01 -5.921922e-01 -3.983851e-01 5.505003e-01 1.395411e+00 1.545356e+00 1.682504e+00 6.937730e-01 1.995615e+00 3.552146e-01
-8.450508e-01 3.532113e-01 2.239220e+00 -4.853461e+00 1.590476e+00 2.471708e+00 -1.722722e+00 1.068871e+00 -2.570968e+00 -1.217384e-01 4.409505e+00 -1.023498e-01
-8.987821e-01 1.589466e-01 7.004967e-01 -4.497745e+00 1.749667e+00 1.544705e+00 -1.755113e+00 -6.730577e-01 -2.903540e+00 -4.255945e-01 3.184614e+00 -1.467655e-01
-3.051028e+00 -2.550736e-01 -1.823118e-02 1.553099e+00 1.229222e+00 1.121672e+00 -1.143222e+00 3.455944e-01 -6.324619e-01 -1.122580e-01 6.830467e-01 7.797130e-01
-1.370627e+00 -3.374409e+00 2.907078e+00 -1.859939e-01 -3.078290e+00 4.461512e+00 -1.079490e+00 3.843285e-01 1.921243e+00 -3.573573e+00 6.556541e-01 -1.301413e+00
-5.027550e-01 -1.487423e-01 1.133940e+00 -7.599169e-01 -1.199028e+00 7.778962e-02 3.424381e-01 6.253921e-01 1.085053e+00 5.004977e-01 5.362468e-02 -1.059399e+00
2.683501e+00 -1.759704e+00 -7.308221e-01 -1.562209e+00 -1.242591e+00 -9.282562e-01 -2.103091e+00 -7.585476e-01 -1.560835e+00 1.946167e-01 1.078421e+00 -2.671238e-01
4.158869e-01 5.657458e-02 -1.273621e+00 1.697068e+00 -2.377528e+00 -2.436088e+00 -8.780298e-01 -9.517536e-02 -3.707266e-01 4.151688e+00 9.436766e-01 -1.559631e+00
-6.001816e-02 1.041829e+00 5.332279e-01 3.307959e-02 4.144304e-01 -1.697576e+00 -1.169753e+00 -1.830151e+00 -7.906134e-01 1.290670e+00 3.688871e-01 2.170693e+00
-1.954478e-01 6.632727e-01 1.074191e+00 -1.140375e+00 3.592712e-01 1.825670e+00 2.611446e-02 3.846654e-01 1.744228e-01 1.342439e+00 2.217302e+00 -2.084270e-02
-6.274117e-01 -8.892747e-01 -5.288470e-01 -1.755067e+00 -4.636597e-01 1.875872e+00 -2.148491e-01 6.799409e-01 3.830513e-01 -1.638291e+00 -4.754303e-02 6.648844e-01
6.219152e-01 -3.019911e+00 -1.829926e+00 2.150211e+00 1.736738e+00 4.808392e-01 2.167402e+00 -2.278330e+00 -1.525394e+00 4.722807e-01 5.855246e-01 -6.091408e-01
8.116240e+00 3.700439e+00 -1.498838e+00 -3.625864e+00 -3.084225e+00 1.258993e+00 -2.034430e+00 -6.204353e-02 -1.219598e+00 -1.922284e+00 -2.047279e-02 -1.851199e+00
-1.587478e-01 9.340502e-01 3.085195e-01 2.490807e-01 -2.768373e-01 -3.963575e-01 -1.460822e+00 -3.408327e-01 2.073654e+00 6.957278e-01 -1.137333e-01 5.399782e-01
-9.465680e-02 1.040297e+00 -6.586407e-01 -2.352581e-01 -6.432012e-01 -7.707868e-01 -1.332280e+00 -1.621731e+00 2.096813e+00 1.716374e-01 -6.098695e-01 3.262390e-01
9.566536e-02 8.715700e-01 4.566825e-01 -3.312091e-01 -9.266707e-01 -4.550595e-01 3.055625e-01 1.596404e+00 1.636286e+00 2.572329e-01 -2.665976e+00 -1.933244e+00
-5.576970e-01 -1.235943e+00 -8.967937e-01 -1.959193e+00 -9.013773e-01 2.143734e+00 1.382378e-01 2.899823e-01 -1.228747e+00 -2.146267e+00 -9.816007e-02 1.063087e+00
-3.862418e-01 -3.445076e-01 -3.728494e-01 -1.287922e+00 -2.065620e-01 9.851549e-01 2.693491e-01 1.969891e-01 1.156567e+00 -1.296194e+00 1.793079e-02 1.718641e-01
-2.916702e+00 1.688147e+00 5.198545e-01 2.170552e-01 8.512842e-01 1.781859e+00 1.681822e+00 1.872399e+00 1.531238e+00 9.633763e-01 1.487874e+00 -8.150741e-02
-2.543998e-01 9.610661e-01 1.552170e+00 6.010958e-01 1.979929e-01 -8.322269e-01 -7.876056e-01 -1.862627e-01 2.179511e+00 1.371155e+00 2.985365e-01 4.755573e-02
-9.414133e-02 1.117552e+00 -5.030190e-01 1.854208e-01 -1.642983e-01 -7.261941e-01 -4.304495e-02 -1.616093e+00 2.598708e+00 6.881226e-01 -9.145625e-02 4.195136e-01
2.023923e-01 -3.025674e+00 -1.990576e+00 9.721681e-01 9.336508e-01 -2.085828e-01 2.043334e+00 -1.804621e+00 -3.538422e+00 -6.016926e-01 -5.410190e-01 -6.495477e-01
1.341890e+00 9.303969e-01 -1.912348e+00 1.706721e+00 -6.831292e+00 -2.357732e+00 1.038408e+00 -2.093060e+00 1.411401e+00 2.908897e+00 -1.492829e+00 -1.750438e+00
-4.410949e-01 2.673339e-01 2.552557e-01 -3.828672e-01 -6.898661e-01 -4.811753e-01 1.260667e+00 1.713256e+00 -3.981801e-01 3.626288e-01 1.249637e+00 1.171314e+00
-3.471214e-01 6.710040e-03 -1.041747e+00 -1.649887e+00 -1.555266e+00 -1.901403e-01 -1.079525e+00 -2.381211e-01 -8.103953e-02 3.690581e-01 8.199795e-01 9.689554e-01
-3.402570e-01 3.797255e-01 7.603918e-01 -1.058009e+00 -2.073679e-01 4.003192e-01 7.570292e-01 1.178531e+00 5.783343e-02 -8.605154e-01 -1.898916e+00 -1.117045e+00
8.003511e-02 2.850081e-01 4.325824e-01 5.391693e-02 7.621500e-01 -1.502863e-01 9.478109e-01 -2.681167e-01 1.798714e+00 4.922664e-01 5.392441e-01 -5.344999e-01
-4.092714e-01 -1.528595e-01 -9.984892e-01 -1.134906e+00 -1.502590e-01 -1.458031e-01 -9.559997e-01 6.405820e-01 2.134694e-01 3.004090e-01 7.948620e-01 1.102241e-01
-1.752958e-02 7.131726e-01 1.764912e+00 9.902582e-01 8.819683e-01 -1.164031e+00 1.887962e-01 -4.506145e-01 2.070795e+00 1.698152e+00 4.870886e-01 -4.496825e-01
-4.384594e-02 1.694885e-02 6.566318e-01 8.615796e-01 7.156725e-01 1.003489e-01 -7.496856e-01 -1.529737e+00 -1.333836e+00 3.748378e-01 -7.916994e-01 -6.321539e-01
-8.973231e-01 -4.098957e-02 3.614683e-01 -8.152425e-01 3.343381e-02 1.160580e+00 1.985917e+00 4.400731e-01 -7.612764e-01 -1.039799e+00 5.702621e-01 -2.971058e-01
2.727352e-01 1.441816e-01 -7.149435e-01 -3.131015e-01 3.550490e-01 -9.770721e-01 -1.679014e-01 8.356375e-01 8.616913e-01 -1.035570e-01 5.287653e-01 -3.461576e-01
-9.128018e-02 2.422287e-01 2.855166e-01 -4.879164e-01 -1.073802e+00 8.016418e-01 -8.362907e-01 -1.163513e+00 -9.216287e-01 -7.599020e-01 -1.147228e+00 2.805624e-01
2.576552e-01 9.422743e-01 1.659862e+00 1.212790e+00 1.595723e+00 -6.693661e-01 1.070749e+00 1.244699e-01 2.868152e+00 2.137338e+00 9.769664e-01 -3.943508e-01
-4.137093e-01 -5.149702e-01 -9.660381e-01 -1.044669e+00 -3.676523e-01 -5.333139e-01 -1.514420e-01 7.624995e-01 -6.042711e-01 -1.622303e-01 7.962766e-01 -2.873757e-01
7.899082e-02 1.156208e+00 -1.424123e-01 1.346850e-01 8.898983e-02 -6.462044e-01 7.719783e-01 -1.388428e+00 2.283929e+00 1.338481e+00 -3.390156e-01 -8.658504e-02
-4.100893e-01 -1.917226e-01 -1.965529e-01 1.215876e-01 -4.415609e-01 -8.662690e-01 -2.470431e-01 4.383161e-01 6.115848e-01 7.918655e-01 6.076857e-01 3.383110e-01
5.245112e-01 -2.414373e+00 -1.544962e+00 2.500936e+00 1.144897e+00 -1.874895e-01 1.253750e+00 -2.153355e+00 5.716313e-02 7.503740e-01 -1.307855e-01 -8.853386e-01
2.267509e-01 6.474062e-01 1.067822e+00 5.804912e-01 3.529668e-02 8.913432e-01 1.174334e+00 5.114836e-01 1.408152e+00 1.403154e+00 3.079969e-01 -9.970124e-01
2.595707e-01 2.144202e-01 8.802397e-01 7.271511e-02 1.317507e-02 4.803504e-01 5.294102e-01 8.160537e-01 5.215334e-01 5.259639e-01 3.845055e-01 1.733493e-01
2.198645e-01 -3.103513e-01 -9.204543e-02 -9.569998e-02 1.551742e+00 1.523365e+00 -8.946180e-03 -5.604660e-01 -3.704476e-01 -1.031548e-01 -3.264899e-01 -1.319632e-01
3.354297e-01 -3.678273e-01 -8.315568e-01 -7.181245e-01 -9.796446e-01 6.482716e-02 -4.490532e-01 -1.193718e+00 3.280262e-01 1.058955e+00 1.653107e+00 1.022103e+00
-5.740556e-01 -1.498996e-01 3.099320e-01 9.747908e-01 9.945509e-01 3.522648e-01 1.126788e+00 2.259592e+00 3.243765e-01 4.459426e-01 8.523356e-01 6.425318e-01
5.290024e-01 4.852949e-01 -4.659002e-01 -7.138073e-01 -4.062594e-01 1.024364e+00 -1.075271e-01 -5.833875e-01 -4.209031e-01 -4.578239e-01 2.461226e-01 7.516637e-02
-1.269466e-02 1.019892e+00 6.475404e-01 -3.289291e-01 -1.248604e-01 -1.082203e-01 7.428764e-01 -3.873429e-01 1.633074e+00 1.123413e+00 -4.027053e-01 -5.855199e-01
-4.072432e-01 -6.247478e-01 -7.512625e-01 -4.428765e-01 5.346639e-01 3.826507e-01 -2.950888e-02 9.095880e-01 -1.593704e+00 -2.691806e+00 -1.432005e+00 -1.005255e+00
3.537589e-01 3.764939e-02 -8.250893e-01 -1.374635e+00 -2.778636e-01 1.558802e+00 -2.644443e-03 5.023133e-01 -4.863570e-01 -6.567667e-01 -3.119549e-01 3.559807e-01
2.139236e-01 1.742951e-01 7.616652e-01 -1.535779e-01 -2.779782e-01 -7.649019e-01 -3.207126e-01 1.044191e-01 -1.036598e+00 -9.583203e-01 6.784353e-01 1.485575e+00
-3.098987e-01 1.395799e-01 5.827044e-01 -4.702580e-01 -5.984947e-01 -9.215252e-01 1.273084e-01 -6.005599e-02 -6.427076e-01 -7.357554e-02 -4.075118e-01 -5.454984e-02
-6.113283e-01 -2.967106e-01 -5.100759e-01 1.035608e+00 1.858611e+00 9.606540e-01 3.032351e-01 7.549810e-01 8.413218e-01 1.231144e+00 1.350571e+00 1.327037e+00
7.164098e-01 3.384708e-01 -3.954245e-01 -1.414614e+00 -7.470802e-01 8.767719e-01 -3.603721e-01 1.895068e-01 -1.004047e+00 -1.301854e+00 -6.825317e-01 -3.512390e-01
-2.318055e-01 -8.648368e-01 -5.024105e-01 -1.018572e+00 -5.910492e-03 1.860075e+00 8.158018e-01 5.218766e-02 -6.801321e-01 -2.099821e+00 4.883642e-01 9.142257e-01
-1.628815e-01 1.081778e-01 8.664468e-01 1.525166e+00 5.598994e-01 9.703074e-01 2.874600e-01 -6.088529e-01 1.710300e+00 6.001045e-01 -8.106643e-01 -1.550161e+00
1.637001e-01 -2.099380e-01 -1.858810e-01 7.203460e-02 1.504175e+00 2.105823e+00 1.650781e+00 3.714801e-01 4.310588e-02 -2.725176e-01 3.018315e-01 4.134893e-01
3.150314e-01 -3.207180e-01 -1.155076e+00 -7.992771e-01 -7.627914e-01 9.244708e-01 2.380037e-01 -1.761912e+00 -1.448324e+00 -1.742684e+00 5.516534e-01 7.335515e-01
1.235031e-01 4.063411e-02 7.257196e-01 9.499091e-01 1.291205e-01 -2.409842e+00 2.152161e-01 3.173960e-01 6.847073e-01 7.636601e-01 1.322192e+00 -3.893412e-01
2.972412e-01 5.108849e-01 9.308155e-01 1.412454e+00 -2.011228e-01 -3.410769e-01 2.065855e-01 -1.489740e+00 1.551358e-01 6.982650e-01 -3.596599e-01 -8.528436e-01
2.488972e-01 3.345844e-01 4.279704e-01 -3.093202e-01 -2.020980e+00 -1.139742e+00 4.729765e-01 1.261593e-01 1.661271e+00 1.556692e+00 1.029316e+00 1.684420e+00
3.864460e-01 1.950162e-01 -1.526667e-01 -1.067835e-01 -2.431684e-01 3.795586e-01 1.945309e+00 5.482112e-01 1.313361e+00 2.478812e-01 5.539060e-01 1.392293e+00
-8.583069e-05 1.971809e-01 3.348561e-01 1.821054e+00 1.082768e+00 -4.567038e-01 -1.225430e+00 -1.591241e+00 5.969019e-01 7.524388e-02 -2.949030e-01 -6.173519e-01
5.146732e-02 -6.305791e-02 -5.829622e-01 -1.120515e+00 -1.011373e+00 1.185662e+00 1.703583e+00 -1.064224e+00 -1.093489e+00 -1.034207e+00 1.453940e+00 6.467899e-01
-4.960537e-02 -2.319640e-01 -1.379734e-01 7.530948e-01 6.158341e-01 -5.379527e-01 1.427470e-01 -2.914351e-01 -1.634701e+00 -3.352769e+00 -1.597175e+00 -3.496954e-01
3.104927e-01 2.722227e-01 -2.634311e-02 1.030350e+00 1.036671e+00 -1.387912e-01 -6.919653e-01 -1.940092e+00 1.617164e-01 2.400779e-01 3.862791e-01 -1.990010e-01
1.812818e-01 -2.165824e+00 -1.265497e+00 5.783356e-01 7.761753e-01 6.270464e-01 2.241524e+00 -8.799550e-01 -2.977497e+00 -1.310781e+00 -2.323596e-01 9.946728e-03
5.079707e-01 1.711974e-01 -1.139950e+00 -9.741138e-01 -4.638922e-01 -3.052141e-01 -2.006292e+00 -2.520767e+00 1.318233e+00 1.406302e+00 -8.736803e-01 4.872356e-01
1.229029e-01 1.112525e-01 1.008829e+00 1.150685e+00 -2.153349e-03 -5.119877e-01 1.603982e-01 -3.606486e-02 1.086990e+00 -4.794810e-01 -7.058754e-02 -4.764234e-01
-5.544424e-01 8.639886e-01 -3.267796e-01 -5.277108e-01 -5.140244e-01 -1.571569e-01 -7.728561e-01 -1.520703e+00 -9.566473e-01 -2.394565e-01 -2.155732e-01 7.917296e-01
-1.024577e+00 -8.849886e-01 -1.276798e+00 -1.383475e+00 6.483144e-01 -1.946626e+00 9.286592e-02 3.492643e+00 6.936046e-01 -2.615280e-02 1.319285e+00 -3.795236e-01
5.996496e-01 -1.316185e+00 -1.628255e+00 2.377774e+00 -1.049042e+00 -1.012318e+00 -2.586138e+00 2.337334e+00 -3.855793e+00 1.360478e+00 -8.960207e-01 -8.335324e-02
-2.824745e-01 -1.083075e+00 -3.150037e-01 -1.018867e-01 -6.477795e-02 1.145049e+00 1.683970e+00 -8.826531e-01 -1.502750e+00 -2.523923e+00 1.092356e+00 5.418132e-01
-1.782279e-01 -1.577606e+00 -5.514159e-01 2.717400e-02 3.189751e-01 1.015919e+00 2.215160e+00 -1.159908e+00 -2.654497e+00 -1.400160e+00 -7.984219e-02 2.785252e-01
1.519863e-01 1.745336e-01 -1.319260e-01 5.267468e-01 2.871527e+00 -5.210638e-01 6.423547e-01 1.395844e+00 -2.917920e+00 1.417586e+00 2.981823e+00 -5.923186e-01
4.024978e-01 -1.599820e+00 -1.179748e+00 2.437175e+00 7.048794e-01 -1.801976e+00 7.581850e-01 -8.883360e-01 -1.286706e-01 1.685342e+00 -1.000788e+00 -1.609868e+00
1.110489e+00 -1.922124e-01 -1.513015e+00 2.428716e+00 -8.976240e-01 3.624806e-01 -1.191731e+00 2.797077e-01 -2.844277e+00 1.264344e+00 -5.517406e-01 2.890399e+00
-3.878272e-01 1.357737e+00 4.870199e-01 1.184057e+00 -1.524850e+00 -1.053754e+00 2.831745e-03 -4.590198e-01 3.022360e-01 -3.585129e-01 -1.242089e+00 1.373822e+00
-2.515726e-01 -8.894720e-01 1.941175e-01 4.471144e-01 3.256617e-01 1.526394e+00 2.256082e+00 -1.502285e+00 -6.929637e-01 -2.635421e+00 1.539434e+00 5.160193e-01
-2.056772e-01 -1.175255e+00 1.208338e-01 7.119266e-01 3.154310e-01 1.825013e+00 2.017591e+00 -1.180766e+00 -1.132030e+00 -1.974123e+00 1.158414e+00 3.033930e-01
-1.820720e+00 -1.563949e+00 -1.146726e+00 -2.041457e+00 1.974385e+00 -3.572044e-01 3.028814e+00 6.435984e+00 3.061628e-03 -1.402050e+00 2.229001e+00 1.497871e+00
-2.835108e-02 -1.274661e+00 -1.457832e+00 2.175877e+00 -1.109534e+00 -2.991424e+00 -2.631184e+00 2.567909e+00 -3.269595e+00 1.626078e+00 -2.860856e+00 -1.998021e+00
-2.500362e-01 1.751064e+00 6.769137e-01 9.705369e-01 -1.570935e+00 -5.350297e-01 -7.230401e-01 -1.132903e+00 3.680793e-01 -2.658146e-01 -1.312303e+00 1.449803e+00
-3.465052e+00 3.063457e+00 8.226849e-01 1.873933e+00 2.231663e+00 2.712439e+00 1.014229e+00 1.409783e+00 3.215353e-01 -6.317826e-01 2.274440e-01 -7.915221e-01
-7.222466e-01 -3.266788e-01 -7.612276e-01 -5.091664e-01 1.795958e+00 -1.304799e+00 -1.425356e+00 1.595387e+00 1.425091e+00 1.580048e+00 1.833462e+00 -1.921805e+00
-7.281112e-03 1.307580e+00 2.563539e-01 2.007661e-01 1.057321e+00 -6.886125e-03 -5.745169e-01 -1.208258e+00 -1.229461e-01 -5.675269e-01 1.787339e-01 -4.325082e-01
1.433611e-01 1.849780e+00 9.013463e-01 3.137080e-01 -5.351890e-01 -2.342552e-01 -6.628715e-01 -1.460760e+00 1.932468e-02 -1.228169e+00 -8.959090e-01 1.073087e+00
1.182586e-01 -7.719535e-01 -1.000201e+00 2.692041e+00 -2.365292e-01 -3.126714e+00 -8.536161e-01 1.790467e+00 -9.622499e-01 2.232325e+00 -2.570122e+00 -2.177288e+00
-1.464588e-01 2.200818e-01 2.067494e-01 2.877526e+00 -3.453575e-01 1.139058e+00 2.614460e+00 5.611209e-01 2.879777e+00 2.441472e+00 -3.370128e-01 -2.270199e-01
1.129969e+00 1.506685e+00 -1.473672e+00 2.303282e+00 3.637541e-01 5.553724e-01 -4.455027e-01 -2.113968e+00 -1.766472e+00 1.498464e+00 5.703291e-01 3.896172e+00
8.418036e-01 1.751632e+00 -9.323899e-01 -6.119293e-01 2.018289e+00 -6.638488e-01 -9.213928e-01 -1.763317e+00 4.444078e-01 -9.145669e-01 -2.496223e+00 -2.057291e-01
2.507703e-01 6.029419e-02 -6.849869e-01 1.647158e+00 -1.787794e+00 -1.906933e+00 1.086148e+00 -2.471187e+00 6.956002e-01 -6.400710e-01 -3.360144e+00 -6.164147e-01
5.837231e+00 1.508422e+00 -6.899185e-01 4.073800e-01 -2.295746e-01 3.295641e-02 -1.552219e+00 -6.912287e-01 -1.396958e+00 -1.326694e+00 -1.255116e+00 -4.860461e-01
2.534880e+00 1.499902e+00 -1.628170e+00 1.947112e+00 -6.819363e+00 -1.716994e+00 1.269606e+00 -2.757259e+00 6.251930e-01 1.436853e+00 -9.755947e-01 -6.701118e-01
-1.950975e+00 -1.642011e+00 5.679500e-01 -1.825941e+00 3.941500e+00 2.171299e+00 4.704524e+00 7.250578e+00 -5.714812e-01 -3.773914e+00 2.181273e+00 1.605203e+00
5.154160e-01 3.325528e+00 -2.963894e-01 2.746568e+00 1.250305e+00 -6.704156e-01 -2.647921e-01 -2.490720e+00 -1.325553e+00 3.152663e+00 -8.979366e-01 3.464373e+00
1.318517e+00 -2.054007e+00 8.923666e-01 1.743802e+00 -3.677106e+00 6.339117e-01 -1.979349e-01 -2.510099e-01 9.564576e-01 -2.088469e+00 4.386979e-01 -6.957816e-01
3.537008e-01 3.291858e-01 -1.454695e+00 3.849316e+00 -2.350994e+00 -5.690785e-01 2.860399e+00 -2.766898e+00 1.802009e+00 9.572924e-01 -3.467995e+00 7.508074e-01
-7.167051e-01 3.649228e+00 1.417538e+00 2.051491e+00 5.948128e-01 -1.915376e+00 -1.822989e+00 -1.186030e+00 1.976373e-01 2.347911e+00 -2.618873e+00 2.180181e+00
-1.707525e+00 2.781336e+00 2.499672e+00 1.341385e+00 8.770619e-02 -2.924256e+00 -2.757254e+00 -8.208892e-01 1.643191e+00 2.364411e+00 -2.374079e+00 1.294032e+00
-2.167926e+00 1.102715e+00 3.593289e+00 1.470165e+00 5.314869e-01 -2.791686e+00 -2.261503e+00 -1.575805e+00 3.629634e+00 3.817982e+00 -2.486134e+00 7.808767e-01
-2.028365e+00 -1.387720e+00 2.881720e+00 1.036826e-01 5.666229e+00 3.293288e+00 4.396598e+00 5.206459e+00 5.074289e-01 -3.310231e+00 3.826380e-01 4.550288e-01
-2.415190e+00 -5.126516e-01 4.183316e+00 1.467878e+00 2.669487e+00 -9.924177e-01 -1.165385e+00 -1.263512e+00 4.337594e+00 3.098974e+00 -8.854661e-01 -3.170561e-01
-2.374868e+00 -1.635937e+00 3.770074e+00 1.313579e+00 5.796018e+00 1.896573e+00 2.047148e+00 1.254207e+00 2.158844e+00 9.014294e-01 7.812277e-01 -6.456866e-01
1.754702e+00 1.904218e+00 -1.452798e+00 -4.033912e-01 5.808798e+00 -1.554737e+00 -1.129050e-01 1.066367e+00 -2.231762e+00 -1.278143e+00 -4.985957e-01 4.961013e-01
1.173079e+00 2.988704e-01 -7.717099e-01 3.569489e-01 7.752579e+00 -9.149868e-01 1.244694e+00 3.034561e+00 -4.110610e+00 -1.849814e+00 6.588044e-01 -4.183408e-01
