3.862720e+00 -2.539798e+00 -3.569280e+00 6.109104e-02 6.421141e-02 -3.660072e-01 2.158033e+00 -1.797775e+00 -1.320778e+00 -1.741071e+00 -1.199018e+00 -2.215111e+00
6.313642e+00 -1.598587e+00 -4.776103e+00 -1.233599e+00 -9.025545e-01 -8.851501e-01 1.106716e+00 -2.306564e+00 -2.420084e+00 -2.262392e+00 -8.597963e-02 -3.077007e+00
-3.623760e+00 -1.793257e+00 -1.211781e+00 -7.510279e-01 1.932666e-02 -1.291120e-02 -1.415502e+00 -1.943611e+00 2.470689e-02 2.077833e+00 1.994727e+00 2.011785e+00
-6.207259e-02 -4.059183e+00 -1.352397e+00 3.585114e-01 2.761062e-01 -5.050880e-01 9.140047e-01 -2.942041e-01 -7.261220e-01 -3.739042e-02 -1.000027e+00 -1.154666e-01
-5.464458e-01 -2.365558e+00 -2.360049e+00 -1.228219e+00 -1.998082e+00 -2.435157e+00 -2.850162e+00 -1.934404e+00 -1.543797e+00 1.863438e-01 7.304424e-01 1.811726e+00
-5.321369e+00 -8.974992e-01 3.843481e-01 1.892214e-01 1.561156e+00 9.408949e-01 -1.060441e-01 -2.642120e-01 1.579822e+00 2.786738e+00 1.180578e+00 5.675925e-01
1.804602e+00 -2.075111e+00 -1.510551e+00 8.145874e-01 -1.686862e+00 -2.121419e+00 -2.140347e+00 -8.299755e-01 -6.666762e-01 -9.227124e-01 -1.844052e-01 6.442026e-01
7.467486e+00 -1.331823e-01 -4.661898e+00 -2.272182e+00 -2.298563e+00 -2.177345e+00 -9.840037e-01 -2.783193e+00 -2.525496e+00 -2.834632e+00 1.133174e+00 -3.261973e+00
-1.410577e+00 -1.966163e+00 1.001329e-01 6.312157e-01 2.435526e+00 -2.488055e-02 9.831527e-01 2.467034e-01 -1.224843e+00 1.151598e+00 -8.330114e-01 1.067399e+00
-8.111002e-01 -1.324719e+00 1.039662e+00 2.190794e-01 3.351119e+00 4.566430e-01 8.165190e-01 5.692783e-01 -7.480068e-01 1.463811e+00 6.360396e-01 1.334091e+00
-5.265822e-01 -6.940708e-01 6.951147e-01 -1.885924e-01 2.713734e+00 1.890379e-01 7.211351e-01 -3.218018e-01 -6.629252e-01 8.669915e-01 8.784302e-01 1.107148e+00
-3.264152e-01 1.293376e-02 -1.127697e+00 -1.029248e+00 -5.517594e-01 -1.064701e-01 1.664766e-01 -9.723158e-01 -1.110047e+00 -3.861185e-01 -1.577811e-01 1.128394e+00
-3.380717e+00 9.663191e-02 8.941752e-01 5.016446e-01 2.509518e+00 2.509162e+00 2.089058e+00 4.873407e-01 1.337943e+00 2.536708e-01 -1.093521e+00 -9.425074e-01
-4.977036e-02 -2.576225e-02 -5.981777e-02 -1.386510e+00 -6.374704e-01 6.288561e-01 6.065120e-01 2.189238e-01 5.143220e-01 2.292979e+00 1.897448e+00 2.059789e+00
2.098564e+00 1.162580e-01 2.328687e-01 1.657894e+00 -1.318579e-01 -3.685248e-01 -1.205128e+00 -3.513110e-03 7.675833e-01 -2.320450e+00 -1.514362e+00 -1.833996e+00
1.561426e-01 -6.601943e-01 -9.242698e-01 4.975278e-02 4.353820e-01 8.604423e-01 5.464746e-01 5.987070e-01 -1.417161e+00 -1.223878e-01 1.419743e+00 1.288535e+00
-1.423911e+00 -1.272202e+00 -4.271503e-01 -1.433658e+00 1.163219e+00 1.185984e+00 1.985818e+00 3.135993e+00 4.755578e+00 2.745160e+00 2.850168e+00 2.219538e+00
7.637427e-02 -2.384140e-01 1.187038e+00 4.788682e-01 -6.467739e-01 -5.816584e-01 -5.887613e-01 3.250116e+00 1.008953e+00 -3.736394e-01 -5.380792e-01 2.620665e-01
6.174440e-02 2.694588e-02 8.911253e-01 5.199795e-01 1.871493e+00 7.602889e-01 1.445487e+00 1.251256e-01 2.858109e-01 7.896365e-01 1.353911e+00 1.037863e+00
-2.939724e+00 -1.862031e+00 -8.972203e-01 2.565303e-02 2.212929e+00 7.788285e-01 2.738761e+00 5.998672e+00 6.195385e+00 2.265380e+00 1.221134e+00 1.903917e+00
5.156918e-01 -3.284206e-01 -5.579837e-01 8.038775e-01 5.007163e-01 2.227412e+00 1.746348e+00 1.496024e+00 -1.284485e+00 7.629519e-01 1.589643e-01 5.691022e-01
-2.118454e-01 -1.217516e-01 3.911211e-01 5.898694e-01 -8.089932e-01 -1.480810e+00 -6.544948e-01 1.958080e+00 5.590448e-01 -7.878157e-01 -8.175362e-01 -4.435442e-01
-3.502396e-01 5.742532e-01 -1.540809e-01 -1.228162e+00 -7.224702e-01 -1.056547e+00 1.366901e-01 -1.930099e-02 2.009242e+00 9.573387e-01 1.228465e+00 1.885033e-01
-8.992596e-02 -7.305233e-02 -6.813738e-01 -4.766931e-01 -5.341347e-01 -3.775412e-01 -7.014291e-01 -5.329986e-01 -5.143771e-01 5.716816e-01 -1.728849e-01 1.393218e-01
-7.165146e-03 1.031836e-01 -3.270281e-01 -1.618792e+00 -1.930214e+00 -1.381179e+00 3.095874e-01 -3.107582e-01 -2.373965e-01 2.464853e-01 1.451537e+00 9.007434e-01
-5.720779e-01 5.774019e-01 -1.569775e-01 2.895576e-01 9.382029e-01 1.260269e+00 2.159510e+00 -8.214766e-01 -2.837439e+00 -5.090328e-01 2.526186e-01 -1.722316e+00
1.149260e-01 3.671413e-01 -4.540353e-01 -3.158550e-01 -7.063254e-01 -1.447566e+00 -2.442804e+00 -3.777309e+00 -1.551768e+00 -7.364975e-01 -2.711816e-02 -1.408806e+00
-5.028113e-01 -6.260994e-01 -8.668947e-01 -2.453565e-01 9.437302e-01 6.431535e-01 1.194774e+00 9.082726e-01 9.745388e-01 2.241136e+00 1.641295e+00 1.846577e+00
7.639545e-01 1.311322e+00 1.442666e+00 1.840761e+00 5.497147e-01 3.988060e-01 -1.275562e+00 9.560488e-01 1.477460e+00 -6.681740e-01 -1.369133e+00 -2.567614e+00
-4.228109e-01 4.394646e-01 3.570421e-02 -3.227122e-01 3.380110e-01 5.889503e-01 1.321797e+00 -1.180529e+00 -3.566870e+00 -7.185065e-01 7.284574e-02 -2.475901e-01
2.919434e-01 -3.055995e-01 -6.100904e-01 -3.940167e-01 8.685471e-01 1.617720e+00 1.207329e+00 9.870436e-01 7.516062e-01 -1.155480e+00 -1.446549e+00 -8.918400e-01
-6.852385e-01 -2.358429e-01 8.253039e-01 7.284325e-01 8.396690e-01 8.557820e-01 -8.041598e-01 -4.582313e-01 1.134003e+00 -8.617297e-01 4.066435e-01 1.001318e-01
-4.398059e-01 -1.624492e-01 -3.833638e-01 -2.564247e-01 2.257603e-01 7.534368e-01 9.090444e-01 -3.373670e-01 -1.889822e+00 -5.423597e-01 -5.998039e-01 2.369413e-01
-1.648494e-01 -5.081781e-01 -8.922768e-03 1.449121e-01 -3.926994e-02 -7.438051e-01 -1.242338e+00 -1.012766e+00 9.532316e-01 1.280201e-01 -1.167067e+00 -1.174305e-01
1.253043e-01 -3.027522e-01 -2.090640e-01 -4.106269e-02 8.683085e-02 1.109124e+00 -7.543648e-01 5.074965e-01 1.067201e+00 3.680428e-01 -4.016517e-01 7.027882e-01
-1.099766e-01 -8.248703e-02 -4.102546e-01 9.705757e-01 7.864586e-01 -7.108060e-01 -7.347039e-01 1.017294e+00 1.100045e+00 1.282864e-01 1.213881e+00 2.849042e-01
-2.387263e-01 -1.012133e-01 1.728447e-01 6.214339e-01 -1.079699e+00 -1.030175e+00 -1.301514e+00 1.690589e+00 1.220313e-01 -7.667858e-01 -8.950806e-01 -2.988009e-01
2.906786e-01 -5.991793e-02 -4.063896e-01 2.413883e-02 -1.806405e-01 -1.683035e+00 -2.383203e+00 -1.795129e+00 -2.058733e-01 -9.189113e-01 4.564025e-01 -3.519195e-01
3.303720e-01 -1.681452e-01 6.078089e-01 5.800906e-01 -5.255491e-01 -5.774306e-01 -1.751559e+00 -3.464567e-01 2.025439e-01 -6.733842e-01 -1.782262e+00 -2.313360e-01
-3.679360e-01 3.999145e-01 4.457978e-01 7.114941e-01 1.226598e+00 1.139040e+00 1.036430e+00 1.010699e-02 -1.108578e+00 -3.413188e-02 1.492290e+00 -8.159698e-01
1.191157e-01 -1.445640e-01 9.905241e-02 5.254349e-01 6.089051e-01 -4.350525e-01 -1.418360e+00 -2.907565e-01 1.360951e-01 1.728583e+00 1.042330e+00 1.075434e+00
-8.988571e-03 -3.229777e-01 1.609738e-01 -8.711359e-01 -2.241587e+00 -2.515562e+00 -1.961385e-01 -4.110029e-01 -2.473683e+00 -1.230848e+00 9.269581e-01 5.664454e-01
6.020622e-02 -7.867451e-02 2.200693e-01 5.654740e-01 -2.830711e-01 -1.228110e-01 -7.743201e-02 -2.231245e-02 9.668323e-01 3.328686e-02 -3.849612e-01 1.653803e-01
-6.994071e-01 -5.727992e-01 5.304366e-01 8.636335e-01 5.669404e-01 7.844599e-01 1.256385e+00 1.878532e+00 1.461616e+00 5.840467e-01 1.940949e+00 3.225142e-01
3.444029e-01 -3.139067e-01 8.023044e-01 1.537577e+00 1.600195e+00 2.370190e+00 2.128645e+00 1.633611e+00 -3.455696e-02 2.706311e-02 -1.335903e+00 -3.253171e-01
2.856880e-01 -4.091031e-01 4.178042e-01 7.872410e-01 -6.876196e-01 3.509196e-01 -1.484594e+00 5.612952e-01 4.307009e-01 -1.234945e+00 -2.117371e+00 -1.834788e-01
1.088450e-01 -3.037481e-01 3.712118e-01 6.162162e-02 4.326296e-03 6.040089e-01 4.288801e-01 -2.321845e-01 -2.979588e-01 -9.215264e-02 1.017348e-01 -8.019356e-02
2.717110e-01 -1.115261e-01 9.421400e-01 3.962912e-01 -1.806209e+00 -1.623390e-01 -9.703627e-01 3.152919e+00 7.274016e-01 -9.417311e-01 -6.167624e-01 4.552998e-01
-6.819676e-01 -2.516426e-01 9.518665e-01 5.059313e-01 5.810584e-01 6.386573e-01 -8.467331e-01 -6.824139e-01 1.123186e+00 -1.207656e+00 3.346698e-01 4.389250e-01
-5.603470e-01 -7.314166e-01 -2.992114e-01 2.471396e-01 2.646012e-01 -9.975767e-03 1.627125e-01 1.695359e+00 2.284657e+00 1.036468e+00 1.748938e+00 2.668071e-01
-2.820908e-01 -2.025408e-01 -1.201303e-01 4.451884e-01 -1.075739e+00 -2.503322e-01 -9.675250e-01 -1.827545e-02 1.829638e-01 -5.552945e-01 -6.729763e-01 -4.389109e-01
9.518269e-02 -1.794527e-01 -2.155111e-01 6.631849e-02 -6.174347e-01 -2.959898e-01 -7.080939e-01 -6.309611e-01 5.193676e-01 -6.210438e-01 -5.649334e-01 -6.588082e-01
4.696568e-01 6.203493e-01 1.306029e+00 9.922495e-01 9.807544e-01 3.986724e-01 -3.093066e-01 1.290811e+00 -5.504261e-01 -9.429036e-01 -1.808157e+00 -1.751024e+00
-7.279892e-02 -1.024185e-01 2.089198e-01 -7.014411e-01 -5.776456e-01 4.298711e-01 4.501794e-01 8.944902e-01 2.902398e+00 1.197957e+00 -2.228556e-01 -1.582200e+00
-4.989424e-01 -5.513770e-01 -2.297039e-01 -4.371513e-01 7.598130e-02 9.233555e-01 1.173476e+00 2.551616e+00 3.746183e+00 1.833570e+00 5.874473e-01 -2.158854e-01
1.493563e-01 -3.489324e-01 1.271388e-01 -6.461037e-01 -6.250398e-01 -1.315360e+00 -7.153566e-01 4.516148e-01 -1.798143e+00 -1.507872e+00 -2.077398e-01 -6.430409e-01
5.784682e+00 1.511905e+00 -3.057723e+00 -2.735219e+00 -1.990228e+00 -1.515794e+00 -8.284073e-01 -2.327370e+00 -2.569521e+00 -3.027427e+00 -5.385256e-02 -2.036817e+00
-3.813676e-01 6.625296e-01 6.281909e-01 2.782408e-01 -2.110158e-01 6.037112e-01 1.777419e-01 -6.705137e-01 1.258803e-01 -8.354263e-02 2.788000e-01 -8.513829e-01
2.505673e-01 2.295387e-01 5.173779e-01 5.205411e-01 -1.504069e-01 1.323286e+00 6.251117e-01 1.024358e-01 9.075881e-01 4.842558e-02 4.550024e-01 1.657197e-01
-1.594834e-01 -1.931816e-01 -1.239574e-01 5.525365e-01 -1.365518e+00 -3.243431e-01 -1.601528e+00 5.168020e-01 -2.884738e-01 -7.784022e-01 -7.184990e-01 -4.460092e-01
1.819528e-01 8.420773e-02 -7.532311e-03 2.341990e-01 -2.641561e-01 2.199053e-01 5.088949e-02 -3.693596e-01 7.716475e-01 -1.435455e-01 1.003899e-01 -1.478428e-01
-1.783273e-01 -9.842224e-02 -1.376076e-02 7.352694e-01 -1.369758e+00 -4.769561e-01 -1.420008e+00 1.142654e+00 -2.983968e-01 -5.667006e-01 -7.697142e-01 -1.022684e-01
2.267856e-01 1.364880e-02 2.596319e-01 -1.368087e-01 -2.144232e-01 4.994681e-01 2.978036e-01 -5.994340e-01 7.209384e-01 -2.524721e-01 -1.554043e-01 -1.226147e-01
1.584318e-01 -1.989170e-01 1.707886e-01 -4.057319e-01 -2.950188e-01 -1.923133e-02 4.715104e-01 -1.230659e+00 6.967454e-01 -4.952792e-01 -1.901530e-01 -9.873438e-02
-4.031601e-01 1.047182e-01 9.729729e-01 7.431903e-01 1.522188e+00 1.931535e+00 1.746869e+00 -2.383268e-01 5.197508e-01 5.051385e-01 -1.837078e+00 -1.147170e+00
-5.467375e-01 6.213921e-01 8.250309e-01 -6.671224e-02 1.726691e-01 9.529486e-02 7.999743e-01 -4.361545e-01 1.369465e+00 1.592860e+00 -2.357820e+00 -1.394175e+00
7.057341e-01 7.315749e-01 -1.330558e+00 -1.087123e+00 3.628601e-01 -3.887492e-01 8.282441e-01 -1.374472e+00 -6.367882e-01 9.468670e-02 7.784323e-02 3.003774e-01
1.004495e-01 -3.888618e-01 -2.975632e-01 -4.564126e-01 -8.509583e-01 -2.246041e-01 -4.812639e-01 -9.315621e-01 -2.206573e-01 -5.908073e-01 -4.429622e-01 -6.484218e-01
1.230861e-01 5.585213e-02 -1.717981e-01 -5.088816e-02 -6.359710e-01 3.080770e-01 1.817629e-01 -9.594252e-01 5.165078e-01 -5.433821e-01 2.270540e-01 -4.836944e-01
2.678739e+00 -3.365148e-01 -1.116081e+00 -2.465364e+00 -1.807839e+00 -9.141674e-01 -4.434340e-01 7.032586e-01 -6.093501e-01 -2.286524e+00 -3.209955e-01 -3.152049e-01
-5.763022e-01 6.879532e-01 1.879580e-01 -8.450466e-01 -1.625600e+00 -7.655379e-01 -1.223313e+00 -7.057633e-01 -5.396271e-01 1.314143e+00 -5.411183e-01 -1.290610e+00
-1.232121e-01 1.019280e+00 8.137218e-01 -7.108406e-01 3.397818e-02 -1.917495e-01 1.210119e+00 6.131250e-01 1.570854e-01 3.665366e-01 1.910424e-03 1.284600e-01
-4.504848e-01 6.041209e-01 5.090696e-01 -2.857269e-01 -1.521876e+00 2.105493e-02 -1.389909e+00 -3.505391e-01 -3.547339e-01 1.478920e+00 4.605539e-01 -1.001465e+00
5.320494e-01 3.216747e-01 1.236576e+00 3.961251e-01 -2.112717e+00 2.401081e-01 -2.138741e-01 3.069639e+00 9.617672e-01 -8.474779e-01 -4.100157e-01 1.157898e+00
-2.320307e-01 1.177198e+00 -7.214355e-03 -5.459048e-01 -1.832232e+00 -7.877921e-01 -1.472385e+00 -2.203273e-01 -2.862212e-01 1.052267e+00 -6.285132e-01 -1.413299e+00
-4.115709e-01 6.275529e-01 5.678223e-01 -3.285105e-01 -1.840529e+00 -1.693014e-01 -1.185194e+00 -7.575733e-01 -7.105057e-01 1.201446e+00 3.807988e-01 -1.078502e+00
2.753665e-02 1.624981e+00 4.682731e-01 3.937158e-01 -1.508291e+00 -6.596990e-01 -4.909154e-01 8.070993e-02 2.293755e-01 1.487425e+00 -2.178547e-01 -9.113512e-01
-3.438825e+00 -1.742507e+00 -4.876517e-01 5.216820e-01 3.896555e+00 6.907433e-01 2.254150e+00 3.997849e+00 6.075787e+00 4.258551e+00 2.601889e+00 1.973837e+00
1.462346e-01 8.699108e-01 8.066367e-01 -1.870797e-01 -2.459760e+00 -7.438444e-01 4.466315e-01 1.402992e+00 6.632001e-01 -9.738349e-01 -1.050128e+00 9.947750e-01
4.453722e-01 1.478569e+00 8.522500e-01 -9.527383e-01 -6.693000e-01 -2.242393e-01 5.830068e-01 -1.601958e-01 -1.988657e-01 1.385955e+00 -3.662942e-01 8.311089e-01
1.331954e-01 1.238676e+00 8.583345e-01 1.138501e+00 9.614227e-01 2.085035e-01 -5.662654e-01 -5.634333e-01 -1.724438e+00 -2.284448e-01 1.646924e+00 1.453474e+00
4.818088e-01 1.840806e+00 2.304191e-01 2.028079e+00 8.796579e-01 3.492616e-01 -5.893747e-01 6.582625e-01 -4.872119e-01 -1.688129e-01 4.007244e-01 1.301009e+00
-1.450945e-01 1.751853e+00 8.607650e-01 6.618586e-01 -1.516354e+00 -1.459010e-01 -7.200252e-01 -1.000880e-01 -1.349418e+00 1.682761e+00 -1.462173e-03 -7.362539e-01
-2.267377e-01 9.183483e-01 6.445735e-01 -4.658088e-01 -1.786516e+00 -8.793701e-01 -9.387062e-02 -9.001454e-01 1.929244e-01 -2.021830e-01 3.506767e-01 -8.241205e-01
-3.534892e-01 1.134596e+00 1.163945e+00 4.299684e-01 8.613720e-02 -2.474891e-01 -8.572907e-01 -1.081350e+00 -3.176429e+00 2.465716e-01 8.612816e-01 8.074686e-01
-9.966447e-02 1.408375e+00 1.299126e+00 7.767794e-01 -6.694729e-01 -1.745453e-02 -6.922809e-01 -4.183678e-01 -2.369240e+00 1.360214e+00 4.207813e-01 3.403149e-01
-1.202055e-01 1.063622e+00 2.535070e-01 -5.007287e-01 -2.601966e+00 -1.428737e+00 2.310118e-01 -4.634597e-01 -7.222440e-02 -1.027615e+00 -8.153768e-01 -2.426218e-01
1.098395e-01 2.338317e+00 3.980128e-01 2.090604e+00 9.036396e-01 7.556124e-01 -5.146376e-01 -3.549277e-01 3.071733e-01 -1.195370e+00 -4.742416e-01 2.937754e-01
9.317908e-01 -1.278295e-01 -1.460788e+00 -6.220556e-01 9.629343e-01 -9.601631e-01 5.858576e-02 3.930234e-01 2.578724e-01 -2.039215e+00 -9.823882e-01 -5.728208e-01
8.811501e-01 1.430122e+00 1.172944e-01 -2.532359e-01 -3.461198e-01 -3.103585e-01 -1.465599e+00 -1.133872e+00 -4.487393e-01 5.841307e-01 -9.286039e-01 1.084364e+00
6.838193e-02 1.656971e+00 6.107183e-01 1.590990e+00 1.242388e+00 1.420385e+00 8.770562e-01 -1.597177e+00 -5.552611e-01 -1.496796e+00 -2.387997e+00 -5.666904e-01
-3.579937e+00 -1.368295e+00 9.920282e-01 2.421947e-01 3.979071e+00 3.148000e-01 6.166697e-01 1.701484e+00 2.765736e+00 3.021220e+00 2.156050e+00 1.663848e+00
-5.857245e-01 1.357466e+00 9.860816e-01 -4.014258e-02 1.130563e+00 1.275130e+00 9.929946e-01 -2.083146e+00 -2.379456e+00 -1.674038e+00 -2.810143e+00 -7.594422e-01
-1.022742e+00 5.033692e-01 1.729764e+00 -5.195061e-01 3.340745e+00 2.032545e+00 9.574553e-01 -2.846062e+00 -1.835546e+00 3.599402e-01 1.837944e-01 6.427364e-02
-2.015285e+00 -3.723654e-01 1.333370e+00 -6.727390e-01 3.250724e+00 9.419726e-01 1.246097e-01 -1.011929e+00 -1.167440e+00 2.139545e+00 1.041631e+00 8.933024e-01
1.855457e+00 7.354931e-01 6.222241e-01 2.131504e-01 1.178607e-01 -5.227072e-01 -1.337156e+00 -1.071938e+00 6.548581e-02 8.750484e-02 -5.652203e-01 5.563259e-01
1.724254e+00 1.593970e-01 -2.580359e-01 -2.851755e-01 6.040850e-01 -7.104758e-01 -8.927467e-01 -5.056884e-01 9.669493e-01 -7.553784e-01 -2.154126e-01 -7.152702e-01
