-3.893720e+00 -2.853319e-01 1.734166e+00 -2.494902e+00 1.133674e+00 -1.963772e+00 1.584139e+00 2.550983e+00 3.641469e-01 -1.317424e-01 2.841057e+00 4.357686e+00
-1.099085e+00 3.762474e-01 -1.124402e+00 -4.328255e+00 2.223310e+00 -1.383821e+00 9.934844e-01 5.414518e-01 5.571683e-01 2.336216e+00 3.892680e+00 4.493304e+00
1.962245e+00 -2.812330e+00 6.368541e-01 -1.825675e+00 -2.558336e+00 -3.683550e-01 -5.490994e-01 3.080617e-01 9.355984e-02 -2.989638e+00 5.283210e-01 -3.361876e+00
1.229064e+00 -3.674564e+00 5.135282e-01 1.535257e-01 -1.807014e+00 -7.684312e-01 -9.153447e-01 -3.301627e+00 -1.244125e+00 -3.938124e+00 1.124604e+00 -3.988906e+00
-2.684853e+00 1.274774e-01 2.001219e+00 -1.828025e+00 -1.463398e+00 -2.875851e+00 7.644957e-01 3.554839e+00 3.342109e-02 -8.989070e-01 8.604682e-01 1.782523e+00
-2.557921e+00 -1.952875e+00 4.598961e-01 -1.871109e+00 -1.526966e+00 -1.209879e+00 -3.054442e+00 9.315859e-01 -6.435838e-01 1.165016e-01 -1.782987e+00 -7.096848e-01
1.183158e+00 -1.271435e+00 5.266189e-01 -1.518623e+00 -1.675937e+00 5.679834e-01 9.734524e-01 2.907931e+00 3.483130e-01 1.429649e-01 -4.316875e-01 -2.763240e+00
-1.941998e+00 -1.721978e+00 -2.800075e-01 -2.128479e+00 1.800391e-01 -3.552451e-01 -5.358792e+00 2.071996e+00 -5.472244e-01 -9.842424e-02 5.585915e-01 -7.236398e-01
-1.652037e+00 -3.155160e+00 -1.513312e+00 -3.385549e+00 1.629268e+00 1.095047e+00 -4.380614e+00 7.492172e-01 -1.752717e+00 -1.575398e+00 1.959540e+00 -1.763128e+00
-2.858790e-01 -1.668434e+00 -1.698370e+00 -3.171441e+00 9.924455e-02 -8.890873e-01 1.448386e+00 5.858779e-01 1.282847e+00 2.549497e+00 3.159829e+00 2.618478e+00
-5.740455e-01 -2.387447e+00 1.566391e+00 5.398369e-01 3.326556e-01 3.678560e-01 -6.346275e-01 -2.654751e+00 -9.415299e-01 -3.110296e+00 1.207360e+00 -2.887577e+00
-1.479441e+00 1.116770e-01 2.598626e+00 -9.476048e-01 1.361170e-01 1.232686e+00 2.402809e-01 2.540389e+00 1.413154e+00 2.140797e+00 2.106621e+00 -6.074282e-01
-1.937139e+00 -1.434494e+00 2.231163e+00 9.491989e-01 -2.063602e+00 -1.948514e+00 1.118137e+00 -7.657216e-01 1.715496e+00 3.368040e+00 -2.304878e+00 5.703765e-01
-1.728292e+00 3.055745e-01 2.827738e+00 -1.718634e+00 -4.620315e-01 5.699068e-01 8.464374e-02 1.888111e+00 1.111892e+00 2.815020e+00 2.136460e+00 -2.043762e-01
2.174607e+00 -1.505086e+00 -2.285072e+00 -1.810620e-01 -5.819824e+00 -5.343777e+00 -1.467860e+00 3.414777e-01 -1.273163e+00 -2.373896e+00 9.260030e-02 -1.387724e-01
-1.986239e-01 3.162260e-01 1.368093e+00 -5.611697e-01 -7.302386e-01 1.172821e+00 -6.955135e-01 1.293507e+00 -1.235573e-01 9.579171e-01 2.911873e-01 -8.105475e-01
7.803527e-01 1.155217e-01 -2.572437e-01 -3.618237e-01 -1.966355e+00 8.274034e-01 -5.343744e-01 1.426600e+00 -4.497003e-01 6.648926e-01 -7.697865e-01 -1.009432e+00
-5.349888e-01 -2.019134e+00 -4.976114e-01 -8.956343e-01 1.355970e+00 9.136657e-01 -1.695159e+00 1.159553e-01 -6.563737e-01 1.319810e-01 2.979115e+00 4.476905e-03
1.160977e+00 4.383256e-01 -9.682825e-01 -1.499193e-01 -2.332045e+00 5.341635e-01 6.339232e-01 1.632129e+00 -3.043885e-01 5.843334e-01 -1.643393e+00 -1.552648e+00
3.536943e-01 4.223568e-01 -6.134856e-01 -6.012713e-01 -4.086446e+00 -1.724239e+00 -1.176130e-01 6.111568e-01 -2.024732e+00 -1.969180e+00 1.197262e+00 -4.533482e-03
-1.559522e+00 8.017329e-01 1.205944e+00 -1.852152e+00 -2.130454e+00 -1.043057e+00 -7.434730e-01 -7.455624e-01 5.363501e-01 2.294495e+00 1.141320e+00 -6.695414e-01
2.321839e+00 -4.782427e-01 -1.328295e+00 -1.105570e+00 -4.851912e+00 -3.590172e+00 -7.540699e-01 9.093683e-01 -1.231638e+00 -1.594918e+00 7.383733e-01 1.356099e-01
-1.599525e+00 -1.316206e+00 1.967975e+00 1.612097e+00 -5.278799e-01 1.550385e-01 -3.884310e-01 -1.821692e-02 -4.946465e-01 2.359923e-01 1.619337e+00 2.674864e-01
-8.023424e-01 -1.438875e+00 4.426991e-01 3.534496e-01 -1.298856e+00 -5.970076e-01 -9.040863e-01 -2.576691e-01 -8.642214e-01 8.247199e-01 9.986189e-01 -7.380148e-01
-8.271958e-01 1.219380e+00 9.689886e-01 -1.704088e+00 -2.215124e+00 -1.192527e+00 -1.633112e+00 -1.771521e+00 -5.357150e-01 2.479102e+00 3.540888e-01 -7.360371e-01
-4.206880e-01 1.232757e+00 1.838202e+00 2.888590e-01 -1.840364e-01 5.113195e-01 -2.023777e+00 -1.734720e+00 -2.439320e+00 1.636667e+00 -5.932931e-01 7.492372e-01
-8.775034e-02 -9.370348e-01 -9.000549e-01 -5.283721e-01 -1.361736e+00 -9.419795e-01 -2.337906e-01 -1.437040e-01 -9.811271e-01 -4.046272e-01 -3.094813e-01 -1.059418e+00
-5.339384e-01 1.051844e+00 1.580671e+00 -4.894858e-01 -7.605965e-01 -3.959093e-01 -2.223254e+00 -2.282116e+00 -2.327013e+00 1.537840e+00 -6.362991e-01 -2.555494e-01
5.712318e-03 -5.964348e-01 -1.072404e+00 -1.587692e+00 -5.748714e-01 7.948314e-01 1.279765e+00 -2.376008e-01 9.158214e-01 -1.112077e+00 -1.139823e+00 3.103077e-01
2.209396e-02 -6.944442e-03 -2.805201e-01 3.591587e-01 1.097341e-01 1.154368e+00 5.695696e-01 -5.375297e-02 -1.976487e-01 -9.459310e-01 -1.100411e-01 -7.285737e-01
2.316151e-01 3.808268e-01 9.240594e-01 6.935251e-01 6.483985e-02 4.408898e-01 2.076799e+00 1.066478e+00 9.095561e-01 -5.335839e-01 -7.820870e-01 -2.770816e-01
-5.928373e-01 9.069639e-01 1.733409e+00 -9.573297e-02 4.865265e-03 7.892361e-02 -2.655031e+00 -2.317494e+00 -2.273258e+00 8.756598e-01 -9.051243e-01 1.131698e+00
-5.491511e-01 1.397929e+00 1.655249e+00 -1.029361e+00 -1.077023e+00 -6.753268e-01 -2.058589e+00 -2.100725e+00 -1.598436e+00 2.234615e+00 -9.563828e-02 -1.166016e-01
2.788487e-02 -3.215908e-01 -4.796224e-01 -4.003241e-01 5.605218e-01 7.113847e-01 9.142917e-01 -1.125749e-01 9.056740e-01 -9.937658e-02 -9.445907e-01 -7.424488e-02
-2.315815e-01 4.404613e-01 2.350832e-01 2.465319e-01 1.520846e-01 3.777639e-01 4.865752e-01 -3.248386e-02 3.109202e-01 4.904138e-01 1.444425e+00 1.673357e+00
-1.458776e-01 -3.608836e-01 -4.698169e-01 3.434925e-01 -4.445725e-01 -1.367074e+00 -1.763003e+00 -1.277344e+00 1.067338e+00 -2.529831e-02 -9.359589e-01 -8.928207e-01
1.204796e-01 -2.715787e-01 1.293793e-01 1.345685e-01 -1.039211e+00 -1.605523e+00 -1.870286e+00 -5.846490e-01 8.299682e-01 -1.223572e+00 -4.619977e-01 -4.079956e-01
-5.347088e-01 1.321581e-01 5.635884e-01 2.188951e-01 -1.954908e-01 -8.815043e-02 4.723123e-01 3.503445e-01 -1.058809e+00 -8.702562e-01 1.578188e-01 1.216796e+00
-6.742427e-01 6.575897e-01 -2.920299e-01 -1.670543e-01 1.283077e+00 2.909246e+00 1.248887e+00 -4.111427e-01 4.600258e-01 1.998962e+00 2.035157e+00 -3.690366e-01
1.326979e-01 -2.058530e-01 -5.925096e-01 -4.992847e-01 -1.292663e+00 -5.683875e-01 -2.245652e-01 7.879867e-01 4.057240e-01 -7.241644e-01 -2.723311e-01 -4.089078e-01
-3.993353e-01 -2.776665e-01 -7.470347e-01 -1.152989e+00 -6.139425e-01 8.690421e-01 -4.601607e-01 2.595876e-01 5.022602e-01 -7.847120e-01 -1.680040e+00 -1.183885e+00
-1.650124e-01 2.878160e-01 9.152366e-01 1.776685e+00 1.386559e+00 -5.003058e-01 -6.989378e-01 3.695659e-01 -3.085799e-01 8.487083e-01 7.228583e-01 5.994697e-01
5.847969e-02 -1.830789e-01 -7.624133e-01 -9.437004e-01 -7.523217e-01 3.187110e-01 1.462038e+00 3.429683e-01 -9.569750e-02 -2.658962e+00 -1.836696e+00 6.013952e-01
-6.174505e-01 -2.725710e-01 5.424304e-01 -5.469563e-02 -1.855565e-01 4.418573e-01 2.602214e-01 2.818789e-01 -4.443212e-01 1.510942e-01 3.997018e-01 1.069227e+00
1.976263e-01 8.971298e-02 1.352979e-01 4.242639e-01 -1.156374e+00 -5.830288e-01 -5.564308e-01 -2.612239e-01 -7.825409e-01 -8.301353e-01 -2.398017e-01 2.691069e-01
4.868488e-02 -5.972616e-01 1.081756e-01 4.902958e-01 -1.012182e+00 -5.501239e-01 -4.989467e-01 -1.864341e+00 -5.135682e-01 1.236709e+00 6.746451e-01 3.291953e-01
-4.146844e-01 -6.970775e-01 -3.336725e-02 9.657421e-01 7.846705e-01 1.169112e-01 1.158546e+00 1.315266e+00 1.373194e+00 9.493359e-01 6.874113e-01 -7.655784e-01
-8.326925e-01 2.395341e-01 -1.783771e-01 -5.744775e-01 1.487715e+00 1.910173e+00 6.409318e-01 3.096760e-01 5.218675e-01 1.247895e+00 1.738892e+00 -1.276670e+00
-2.419434e-02 -2.086814e-01 -5.025922e-01 -1.153542e-01 4.662758e-01 6.340733e-01 -1.276362e+00 1.342594e-01 3.959370e-03 -6.001772e-01 -1.036409e+00 1.535042e-01
-3.514633e-01 -5.269768e-01 -1.835038e-01 -1.959349e-01 -4.987110e-01 6.222482e-01 1.386333e+00 -5.341786e-01 -5.748049e-01 4.922484e-01 -1.246391e+00 5.238034e-01
5.032940e-02 -1.079665e-01 6.290527e-02 8.219675e-01 5.146052e-01 -3.012084e-01 -9.959761e-01 -1.169098e+00 4.968798e-01 4.320188e-01 9.649732e-02 -2.098386e-01
3.557091e-02 5.021494e-01 1.069214e+00 2.490430e+00 1.332148e+00 -8.050927e-01 -1.718069e+00 5.073503e-01 -9.820217e-01 4.112719e-01 2.349187e-01 -1.490989e-01
-1.473133e-01 -4.956654e-01 4.039397e-01 3.716311e-01 -1.040929e-01 -1.144127e-01 2.289541e-02 9.785422e-01 3.360361e-01 1.257343e+00 5.836699e-01 -2.837855e-01
4.637726e-01 9.794607e-01 1.304359e+00 5.452300e-01 6.654301e-01 -4.822936e-02 -1.101231e+00 -1.231696e-01 4.393945e-02 -1.162008e+00 1.038831e+00 -2.055645e-04
1.078878e-01 3.567674e-01 9.515389e-01 1.745433e+00 -3.399595e-01 -1.295758e+00 -1.626448e+00 8.259748e-01 -1.006057e+00 -1.305210e-01 -2.433010e-01 1.863804e-02
-9.819698e-02 -4.145558e-02 -3.387845e-01 -3.854017e-01 -3.662313e-01 -4.412711e-01 -1.031885e+00 -4.263277e-01 7.703654e-02 5.085706e-01 2.276232e+00 1.210138e+00
5.297810e-01 9.813395e-01 1.129821e+00 1.242932e-01 8.184923e-01 5.106398e-01 -6.424270e-01 1.680683e-01 -1.940321e-01 -8.185986e-01 7.893206e-01 -7.762500e-01
1.315109e-01 -4.532116e-01 -7.235413e-01 -1.966086e-01 -9.874233e-02 1.290476e-01 3.771668e-02 -8.134300e-01 -4.728454e-01 -5.199094e-01 -1.991802e-01 1.031325e+00
-1.290142e-01 3.311137e-02 -2.598778e-01 -3.476416e-01 -7.125219e-01 3.194613e-01 1.608847e+00 1.646885e+00 -9.658126e-01 -3.741382e-01 -2.050006e-01 5.209919e-01
-1.535339e-01 7.970452e-02 1.385341e-01 2.323370e-01 3.836567e-01 6.613792e-01 -4.855499e-01 -9.267132e-01 5.644550e-02 8.594759e-01 1.440675e+00 2.018395e-01
-3.069765e-01 2.042232e-01 -2.584364e-01 -3.460920e-01 2.194248e-01 -5.335046e-01 -2.988384e-01 -2.729370e-01 -1.135903e-01 1.972453e+00 1.374874e-01 3.575931e-01
3.659918e-01 4.701425e-01 8.622794e-01 3.393319e-01 8.930302e-01 4.083703e-01 -1.974271e-01 -4.051929e-01 -5.333606e-01 -4.804253e-01 5.660783e-01 -3.795223e-01
4.198158e-01 2.932275e-01 8.020347e-01 2.385453e-01 6.979467e-01 -2.207533e-01 1.737363e+00 3.885802e-01 5.775505e-01 4.593253e-03 5.553826e-01 6.190823e-01
-4.154535e-01 -8.276579e-01 -8.011687e-03 4.409161e-01 1.370495e-01 -6.611799e-01 7.384315e-01 2.257176e-01 -4.926667e-02 -7.221537e-01 -1.941285e+00 -3.094961e-01
2.691786e-01 6.455631e-01 9.437893e-01 2.581694e-01 1.505685e+00 -3.830184e-01 -1.914597e-01 -2.152075e-01 -4.238489e-01 5.888863e-01 2.963445e-01 1.546820e-01
-8.684254e-01 1.134930e+00 5.323054e-01 1.050027e+00 2.213962e+00 2.661238e+00 2.579410e-01 -1.473927e+00 -9.792846e-01 -5.003835e-01 -1.021030e+00 -8.129941e-01
-7.885990e-02 -1.008735e-01 9.643704e-01 8.789114e-01 1.575046e-01 -1.944276e-01 -1.574925e+00 -6.843518e-01 1.845016e-01 2.138077e+00 2.881303e+00 -1.584137e-01
-2.279257e-01 2.832059e-01 -3.066078e-01 2.982189e-01 -1.266316e-01 4.612679e-02 -1.385983e-01 -4.110604e-01 -2.473332e+00 1.272038e+00 1.283505e+00 6.729975e-01
-4.057347e-01 -2.330087e-01 -1.525643e-01 1.108691e-01 1.411728e+00 8.793896e-01 8.361812e-02 1.599611e-01 4.603825e-02 3.431881e-01 1.604817e+00 -2.059327e+00
-1.466079e+00 -3.577192e-01 1.658300e+00 1.736550e+00 1.973726e+00 1.366844e+00 1.089174e-01 -1.625973e-01 -5.030080e-01 2.198278e-01 -4.975473e-01 -2.863278e-01
-2.189982e-01 8.067430e-01 1.939045e+00 -1.232095e-01 5.227743e-01 -2.920407e-01 -2.774594e+00 -2.608488e+00 -2.064685e+00 1.036469e+00 -3.864883e-01 1.563192e+00
-1.710098e+00 -1.322506e+00 3.626168e-01 1.382718e+00 2.568868e+00 2.192868e+00 2.236374e+00 1.261263e+00 1.250773e+00 1.399057e+00 -1.969840e-01 -5.542825e-01
-2.746152e-01 -6.528774e-01 1.046460e+00 7.356015e-01 2.500418e+00 1.350232e+00 1.789364e+00 -1.793651e+00 2.385274e-01 4.213987e-01 5.234396e-01 -6.180393e-01
-9.608946e-01 5.248634e-01 2.651003e+00 1.461060e+00 -1.514538e+00 -2.023930e+00 -4.018590e-01 2.719185e+00 -9.281515e-01 -3.557030e+00 -2.216255e+00 -1.725343e+00
5.673826e-01 -2.926198e-01 -2.823071e-01 -4.833213e-01 -2.673201e-01 6.991148e-02 1.337104e+00 6.447688e-01 7.775545e-03 5.575949e-01 1.450856e+00 -3.531245e-01
-1.520096e-01 -6.460553e-01 2.367381e+00 3.543079e+00 1.161558e+00 -3.485622e+00 2.829179e+00 1.639806e-01 2.787195e+00 2.399413e+00 -2.241999e+00 2.280816e+00
1.816891e-01 6.044086e-01 2.197832e+00 -5.263882e-02 1.011944e+00 -9.466925e-01 -2.617971e+00 -2.919947e+00 -1.797123e+00 5.098904e-01 -4.284476e-01 1.636746e+00
-9.021630e-01 1.390503e+00 1.172844e+00 2.361405e+00 2.602071e+00 1.964136e+00 -1.474738e+00 -1.998674e+00 4.845195e-01 -3.326469e-01 -2.334959e+00 -3.152130e-01
1.656342e-02 8.189834e-01 2.284916e-01 5.654157e-01 1.110730e+00 5.284005e-01 1.460814e+00 -7.734574e-01 2.004474e+00 8.020719e-01 -1.011278e+00 1.170715e+00
-1.346158e-01 6.938521e-01 9.699442e-01 -6.255071e-01 2.255899e-01 -1.028533e-01 5.888567e-01 9.318599e-01 -4.146763e-01 -8.625053e-01 -4.252872e+00 -2.197568e+00
-2.707178e-01 5.569221e-01 4.229555e-01 -1.280765e-01 3.942421e-01 9.714831e-01 3.368227e-01 9.568573e-01 -8.683453e-02 -2.767959e-01 -3.600105e+00 -1.943719e+00
7.100534e-02 5.682559e-01 1.610893e+00 -7.845172e-01 2.989554e-01 -9.474506e-01 -4.229698e-01 -3.467821e-01 -1.125917e+00 -6.043124e-01 -3.636386e+00 -1.680738e+00
1.852621e-01 7.805958e-02 3.481905e-01 1.051848e-01 1.492728e+00 2.218616e-01 -2.870584e-01 -1.177956e+00 1.545147e+00 1.256764e+00 -1.832726e+00 1.297909e+00
2.299609e-01 6.103097e-01 1.887619e+00 -3.661195e-01 7.346691e-01 -1.448996e+00 -1.519648e+00 -1.678409e+00 -1.183313e+00 -4.015830e-01 -1.977495e+00 -2.431163e-01
4.753126e-01 3.452040e-01 6.294191e-01 6.575228e-01 1.622677e+00 7.355997e-01 -2.765087e-01 -5.848756e-02 1.891545e+00 1.306880e+00 -1.960641e+00 1.081129e+00
1.573371e-01 2.071033e-01 4.224531e-01 5.195128e-01 9.876373e-01 9.668469e-01 -7.018372e-01 -2.768004e-01 6.076420e-01 7.415571e-01 -2.432868e+00 -2.191143e-01
9.128879e-01 2.416927e+00 -2.969874e-01 -1.155143e+00 -1.838163e+00 2.240675e+00 2.686060e+00 -1.827627e-01 -1.516163e+00 -1.024716e+00 1.073467e+00 -5.945284e-01
-4.503933e-01 -1.316661e+00 -1.315094e+00 1.162098e-01 -6.738559e-01 2.582193e+00 4.699068e+00 3.125252e+00 2.136791e+00 1.021841e+00 -1.232805e+00 -1.096639e+00
4.232801e-01 1.241179e+00 -1.134328e+00 1.047242e+00 -2.785812e-01 9.086196e-01 2.127469e+00 -1.941200e+00 8.798465e-01 -3.490059e-01 -8.016567e-01 4.473429e-02
-1.685422e-01 1.525744e+00 3.770213e-01 2.252466e+00 2.325714e+00 1.322840e+00 -2.861679e+00 -3.458529e+00 -6.587793e-01 2.717418e-01 -1.823230e+00 -1.543885e-01
1.481146e+00 1.598602e+00 -1.430530e+00 2.296265e+00 -3.803286e-01 1.524535e+00 2.971961e+00 -1.598933e+00 5.362900e-01 2.002490e-01 1.393657e-01 -1.992621e-01
-2.399836e-01 -1.713717e+00 -2.435590e+00 2.398588e-01 -3.938415e-01 3.697526e+00 4.867697e+00 3.681868e+00 2.704403e+00 2.032724e+00 1.096680e+00 1.231614e+00
2.554414e-01 1.987781e+00 3.896110e-02 1.373252e+00 5.959171e-01 3.358310e-01 -3.770323e+00 -3.482334e+00 -3.604205e-02 1.058206e+00 -2.435127e+00 -9.986663e-01
1.842076e+00 -1.791236e+00 -1.796111e+00 5.650106e-01 -3.413196e-02 9.075187e-01 2.743033e+00 -1.625404e-02 7.470064e-01 -4.635267e-02 -5.779296e-01 4.836027e-01
2.430596e+00 1.063790e+00 -1.384382e+00 3.730605e-01 -1.002906e+00 1.220930e+00 -3.702241e-01 1.623113e+00 1.473865e+00 9.757851e-01 9.457934e-01 8.024791e-01
-9.668880e-01 -1.008580e+00 -3.598438e+00 -7.945806e-01 2.456385e+00 1.743354e+00 8.323310e-01 2.764299e+00 2.743099e+00 2.804735e-01 3.241114e+00 3.762278e+00
-7.290883e-02 1.008955e+00 -4.903535e+00 7.067024e-01 5.829304e+00 -2.594547e+00 -2.742259e+00 3.583773e-01 3.226310e-01 -4.456628e+00 3.144447e+00 3.088579e+00
2.341825e+00 -5.394087e-01 -1.855808e+00 2.550988e-01 -8.480945e-01 1.653328e+00 1.955424e+00 1.606764e+00 2.189129e+00 9.256336e-01 -7.346501e-02 8.479387e-01
1.428823e+00 -1.384403e+00 5.341737e-01 7.963103e-01 -2.331282e+00 -1.903443e+00 3.136811e-01 6.839668e-01 -6.212142e-01 -3.308309e+00 -2.873824e+00 -2.262446e+00
2.090895e+00 4.445530e-01 1.844430e-02 3.310718e+00 1.677488e+00 -3.560664e+00 2.069443e+00 3.653989e-02 1.058607e+00 -1.901697e+00 -1.981204e+00 9.799194e-01
1.440701e+00 1.855940e+00 -8.217519e-01 6.841874e-01 -2.713721e-01 6.110111e-01 -2.954618e+00 -6.587518e-01 1.663869e+00 6.324067e-01 -1.051907e+00 7.208500e-02
-8.504143e-01 1.656158e-01 -5.319233e+00 -1.015284e+00 4.139247e+00 -9.593296e-01 -2.109347e+00 1.526608e+00 1.869491e+00 -2.925318e+00 2.989806e+00 3.942301e+00
2.376958e+00 1.937067e+00 -2.705804e+00 2.982908e+00 -3.186424e-01 3.730475e-01 3.410181e+00 -1.074584e+00 1.206281e-01 -1.563292e+00 7.271377e-01 3.579851e-01
1.594608e+00 1.670973e+00 -4.225024e+00 1.880492e+00 3.048199e+00 -1.868970e+00 -1.290103e-01 -8.373924e-01 -1.203270e-01 -3.917169e+00 1.630204e+00 1.344874e+00
3.023730e+00 -1.507822e+00 -1.804040e+00 -4.795586e-01 -1.565741e+00 -6.017313e-01 1.331700e+00 -1.268728e+00 1.285884e-01 1.117603e-01 -1.350015e+00 -1.914439e+00
2.791621e+00 4.112725e+00 -1.161409e+00 6.555033e-02 -1.173588e+00 1.366667e+00 1.731881e+00 -4.759246e-01 -2.007377e+00 -3.400612e+00 6.566740e-01 -2.652441e-01
3.639381e+00 4.072382e+00 -4.807553e-01 3.031410e+00 2.673315e-01 -1.330518e+00 2.011911e+00 -3.547311e-01 -1.040084e+00 -2.656471e+00 2.888243e-01 6.649315e-01
