7.678816e-01 7.369437e-02 -2.018899e+00 -2.167983e+00 -5.719879e-01 -1.470119e+00 -2.703759e+00 -3.259243e+00 -1.275984e+00 -9.182809e-01 -2.316227e+00 -1.003800e+00
1.428066e+00 1.854609e+00 -5.596294e-01 1.558790e+00 -4.980125e-01 -9.697787e-01 -7.928110e-01 -1.650426e+00 -1.100546e+00 3.392883e-01 -7.899028e-01 6.177572e-01
1.478083e+00 -1.953408e+00 -1.605318e+00 -3.259842e+00 -1.281586e+00 -3.392172e+00 -1.807459e+00 -2.701850e+00 -1.285352e+00 -3.712636e-01 -2.536770e+00 -1.081257e+00
2.858707e+00 1.620672e+00 5.659188e-01 3.583167e+00 -7.753889e-01 -1.076261e+00 4.033129e-01 -1.024141e+00 -2.335206e+00 3.399572e-01 1.344269e+00 2.879925e+00
2.244076e+00 -1.784466e+00 1.312324e+00 8.497769e-01 -3.282982e+00 -2.196564e+00 4.046887e-01 1.449246e+00 -1.028659e+00 8.160679e-01 9.317848e-01 1.752937e+00
1.298851e+00 -1.181592e+00 4.170967e-01 5.025657e-01 -2.894623e+00 -7.762066e-01 8.139032e-01 -1.030373e+00 9.695286e-01 2.771134e+00 -7.395940e-01 8.958896e-01
9.430221e-01 -1.941862e+00 6.103403e-01 7.040966e-01 -3.614120e+00 1.389192e+00 -7.364808e-01 -1.982541e+00 3.145471e+00 2.791726e+00 -1.672648e+00 8.150610e-01
-2.580894e-01 -1.937735e+00 6.802739e-01 1.243429e+00 -2.970078e+00 1.178082e+00 -1.405973e+00 -9.292718e-01 4.291328e+00 2.178648e+00 -3.364346e+00 9.187205e-01
2.156143e+00 -2.476793e+00 -5.085339e+00 -2.742671e+00 2.610920e-01 1.405551e+00 2.407327e+00 -4.103270e+00 -4.467571e+00 1.707620e-01 2.023454e+00 -1.646917e+00
4.208621e+00 2.944815e-01 -3.070480e-01 5.272627e+00 -8.913482e-01 -1.786122e+00 7.990726e-01 7.088757e-01 -2.037103e+00 -2.378592e+00 2.028834e+00 3.823615e+00
-7.988325e-01 -1.105762e+00 8.962690e-01 1.779469e+00 -2.282063e+00 -1.007918e-01 -2.412308e+00 1.540097e+00 3.995871e+00 1.277945e+00 -4.183799e+00 1.417798e+00
1.192259e+00 -1.679026e+00 1.643788e+00 -4.810270e-01 2.550043e-01 -1.468609e+00 -4.329933e-01 9.729459e-01 -6.536675e-01 1.234445e+00 9.177448e-01 -1.448656e+00
1.154207e+00 -1.258962e+00 -1.475818e+00 -1.864659e+00 -9.765770e-01 -1.522898e+00 -9.979626e-01 -1.266008e+00 2.883140e-02 1.494642e-01 -1.444907e+00 -9.752425e-01
1.460480e+00 -1.436840e+00 -2.975456e+00 -2.420029e+00 2.999708e-01 7.435490e-01 2.126135e+00 -2.070061e+00 -3.557184e+00 -6.510305e-03 1.408054e+00 -2.071201e+00
5.930933e-01 -1.526622e+00 -2.618738e+00 -6.398853e-01 6.833728e-01 1.896066e+00 1.038181e+00 -3.935230e+00 -3.595998e+00 -1.052881e+00 7.513486e-01 1.540298e-01
3.270366e-01 6.097254e-01 2.083193e-01 -1.557973e-01 -4.133216e-01 9.990199e-01 1.023430e+00 1.716240e+00 4.476784e-01 1.375690e+00 5.462981e-01 1.051971e+00
1.082774e+00 -2.032071e+00 -1.265835e+00 5.438814e-01 2.548074e+00 2.938579e-01 -1.463240e+00 -7.413920e-01 9.564505e-01 -3.207303e+00 1.205799e+00 -1.892078e+00
-1.246438e+00 -1.893251e-01 2.898471e+00 6.087576e-01 -2.273791e+00 1.093214e+00 9.294276e-02 -1.521913e+00 4.208241e-01 -2.829180e+00 1.087154e+00 1.335755e+00
-1.140504e+00 1.144886e-03 9.367062e-01 1.680052e+00 -1.529128e+00 -5.069632e-01 -1.237366e+00 2.337684e+00 2.013534e+00 -5.940619e-01 -3.719967e+00 2.787753e+00
-1.337925e+00 2.200843e-01 3.047566e+00 3.179634e-01 -2.012771e+00 1.676927e+00 -3.456189e-01 -1.160805e+00 7.490088e-01 -3.719558e+00 1.885993e+00 4.119522e-01
-1.136967e+00 -3.802204e-03 2.740644e+00 3.595343e-01 -1.592591e+00 2.564014e+00 -1.182232e+00 2.719459e-02 -4.666999e-01 -3.578184e+00 2.988982e+00 -2.132717e-01
-1.815444e-01 -5.996130e-01 -5.292627e-01 -1.828255e-01 -1.254784e+00 1.090638e-01 7.240963e-03 -7.575494e-01 -1.202346e+00 -4.371579e-01 8.533841e-01 4.864470e-01
-1.328916e+00 -3.327327e-02 2.750361e+00 7.934646e-02 -1.364358e+00 -4.659638e-01 1.735333e+00 -2.190345e+00 9.113069e-01 -2.625103e+00 -2.280823e-01 1.949168e+00
-5.146791e-01 -8.451965e-01 3.422490e-01 -8.760668e-01 -2.381042e+00 -4.523240e-01 8.556625e-01 1.279074e+00 5.851929e-01 1.811029e+00 6.829411e-01 2.751407e-01
-1.430655e+00 2.742504e-01 2.029479e+00 2.313686e-01 -1.113836e+00 -7.723098e-01 1.549462e+00 -6.732012e-01 4.257355e-02 -1.911144e+00 -1.143953e+00 2.299322e+00
1.170853e-01 5.349208e-01 4.027912e-01 2.958224e-01 1.456403e+00 1.804845e+00 1.352721e-01 5.442275e-01 6.299629e-02 1.047952e-01 9.654816e-01 1.616026e+00
-1.738054e+00 6.529138e-01 1.372452e+00 7.436956e-01 -7.106609e-01 -8.110697e-01 5.227460e-01 1.107302e+00 7.611154e-01 -1.573560e+00 -2.189416e+00 2.193822e+00
1.467781e-01 2.220535e-01 5.594639e-01 9.137968e-01 1.636324e+00 6.181399e-01 1.881929e+00 5.377439e-01 -1.836681e+00 -1.724627e+00 -1.589694e+00 -1.288726e+00
-1.111517e-02 3.982889e-02 5.570096e-01 -5.157943e-01 -7.665679e-01 -2.894666e-01 1.115276e+00 9.959865e-01 -3.495083e-01 6.336864e-01 -1.117245e+00 -8.940557e-01
1.736484e-01 2.922659e+00 1.290353e+00 -1.785216e+00 -1.241864e+00 6.106496e-01 3.140272e-01 2.758717e+00 6.025292e-01 2.350341e+00 2.276331e+00 1.351560e+00
4.431558e-01 7.717983e-01 -5.934415e-02 -7.413099e-02 1.295712e+00 1.455567e+00 4.227470e-01 6.972708e-01 -4.223977e-01 -1.829521e-01 4.132805e-01 1.266328e+00
1.799549e-01 -1.460151e+00 -1.530520e-01 9.740915e-02 2.499025e+00 7.729030e-02 -1.179611e+00 -9.717226e-02 1.143258e+00 -1.461089e+00 1.380418e+00 -3.000322e+00
6.123849e-01 1.416506e-01 -3.774260e-01 -6.586345e-01 -6.299971e-02 -1.873291e-01 -1.114589e+00 -1.179502e+00 8.284368e-02 5.301200e-01 1.027523e+00 7.415528e-01
-4.845080e-01 8.847200e-01 2.167899e+00 9.631878e-01 3.678496e-01 -3.066978e-01 -1.594954e+00 4.623413e-03 3.278553e-01 1.415549e+00 1.463613e-02 4.897744e-01
-5.145237e-01 9.263442e-02 1.119912e+00 1.164203e+00 -3.544552e-01 -1.635356e-01 -4.180558e-01 4.953240e-01 6.526770e-01 5.634286e-01 -9.020807e-01 -8.013577e-01
3.475303e+00 -1.653778e+00 -1.335185e+00 3.392016e+00 1.584284e+00 -1.170258e+00 5.745941e-01 -3.106577e-01 -1.151829e+00 -3.079937e+00 5.642802e-01 1.228458e+00
9.478827e-02 -1.449510e-01 -4.934952e-01 -5.998032e-01 -8.265371e-01 5.344176e-01 -7.363904e-01 -1.211203e+00 -6.953131e-01 9.743552e-02 3.589765e-01 -7.455242e-01
-5.690966e-02 1.202459e+00 7.228106e-01 1.694709e+00 1.623282e+00 1.261676e+00 -1.148343e+00 -2.870868e+00 -2.347237e+00 -1.829603e+00 7.707105e-01 2.086621e+00
3.388352e-01 -2.288185e+00 -7.036560e-01 9.144332e-01 5.001021e-01 2.980172e-01 4.948249e-01 -1.090858e-01 1.490142e+00 8.189526e-01 -2.216091e-01 3.864891e-01
-3.049570e-01 8.564137e-01 7.590918e-01 6.845857e-01 -5.418308e-02 8.770407e-01 -1.016204e+00 -1.709520e+00 -1.371750e-01 5.364424e-01 1.315145e+00 2.003369e+00
1.456534e-01 2.200090e-01 5.643127e-02 5.606529e-01 7.675676e-01 -5.052617e-01 -9.943642e-02 1.309327e-01 2.833865e-02 -6.263773e-01 -7.518731e-01 -1.094714e+00
-1.420126e-02 6.398185e-01 1.600039e+00 1.380162e+00 -5.812235e-01 -1.810626e+00 -5.793735e-03 1.352738e+00 1.512846e+00 2.555890e-01 -7.422651e-01 -5.653245e-01
3.158054e-01 1.071359e+00 7.901887e-01 1.091094e+00 1.508680e+00 1.465386e+00 4.622889e-02 -1.724415e+00 -2.510658e+00 -2.039122e+00 -3.595533e-01 -3.791244e-02
8.675678e-01 -1.993758e+00 -2.547897e+00 -4.218686e+00 -5.217713e-01 1.134233e+00 -9.515176e-02 9.717581e-01 1.673838e-01 1.409736e+00 -5.132447e-01 -3.141698e+00
1.007662e-02 8.924371e-01 -4.410993e-01 1.975797e-01 1.180663e+00 4.585171e-01 -3.487863e-01 1.890588e-02 5.138289e-01 9.386399e-01 1.419941e+00 9.969161e-01
7.901201e-02 -4.522247e+00 -1.549791e+00 1.765532e+00 1.400632e+00 -2.059771e-01 5.552351e-01 -1.834771e+00 1.094170e-01 -8.709657e-01 -6.166796e-01 -1.309357e-01
-7.146740e-02 6.081713e-01 -4.576818e-02 1.242726e-01 8.433015e-01 -1.179239e+00 -1.851906e+00 3.006447e-01 1.685715e+00 1.207019e+00 1.022493e+00 1.021075e+00
-7.480119e-01 1.917971e-01 1.597667e+00 1.290445e-01 3.630907e-01 1.083891e+00 -6.415556e-01 1.285244e+00 -1.955350e+00 -2.495717e+00 2.438022e+00 -5.187874e-02
9.956837e-03 5.298419e-01 -2.058586e-01 -2.602851e-01 1.053627e+00 -7.148023e-01 -1.834947e+00 1.220840e+00 2.465406e+00 9.875997e-01 3.428535e-01 4.617434e-01
-3.998384e-01 8.345078e-01 4.307531e-01 -9.499669e-02 6.938506e-01 3.464824e-01 -3.230938e-01 -1.895484e+00 -5.045949e-01 2.382391e+00 1.052537e+00 7.884679e-01
-3.121786e-01 9.361919e-01 1.064196e+00 8.083227e-01 2.646552e-01 -2.993072e-01 9.508690e-01 -1.774803e+00 -1.787842e+00 1.518902e+00 -6.187987e-02 -3.421135e-02
-7.417320e-01 4.918259e-01 1.271879e+00 1.237432e+00 1.563584e-01 3.214276e-01 -7.879111e-01 -2.736863e-01 5.929204e-01 -1.633633e-01 -2.539698e-01 1.215484e+00
-8.606777e-02 3.670543e-01 -8.608156e-01 1.417184e+00 1.842600e+00 -8.008815e-01 1.191122e+00 9.382467e-01 8.354936e-02 -1.758592e+00 -1.021282e+00 -6.319894e-01
-4.910707e-02 4.127344e-01 -8.663084e-02 8.671682e-01 1.079748e+00 -1.440549e+00 2.140429e+00 1.106473e+00 5.740420e-01 -1.715651e-02 3.466589e-02 -6.717313e-01
-3.847917e-01 2.923450e-01 3.388091e-01 -5.949743e-02 -6.406935e-02 -2.091038e-01 2.219474e+00 8.218836e-01 6.186383e-02 1.720626e+00 6.629475e-01 -6.983122e-01
-4.998514e-01 2.733388e-02 -4.020820e-01 1.453514e+00 5.904737e-01 -1.581876e+00 6.077990e-01 9.357405e-01 1.081002e+00 -1.321839e+00 -1.466782e+00 -3.447623e-02
-2.502204e-01 2.562009e+00 8.197367e-01 -2.490849e+00 -9.134204e-01 -2.622910e-01 7.960410e-01 1.340229e+00 5.259752e-03 1.659791e+00 1.612901e+00 5.225903e-01
-2.063758e-01 -2.627632e+00 -5.463374e-01 9.096058e-01 1.350783e+00 -9.411371e-02 7.459187e-01 -1.759192e+00 -3.348182e-01 -8.414400e-01 3.345485e-02 7.168568e-01
7.994769e-01 2.118090e-01 2.036907e-01 1.425300e+00 1.656089e-01 2.522219e+00 2.066713e+00 2.445702e+00 -5.956134e-01 -2.906914e-02 7.424785e-01 1.829368e+00
3.379911e-01 2.915844e-01 -6.885054e-02 2.630917e+00 -9.182221e-01 9.283401e-01 2.704801e+00 1.287799e+00 -8.287762e-01 -8.661448e-01 -1.803089e+00 2.226377e+00
-7.429524e-02 4.766357e-01 -2.408113e-01 2.777176e+00 -8.120796e-01 -1.085228e+00 1.451288e+00 9.297040e-01 4.295759e-01 -2.778451e-01 -2.019273e+00 2.360870e+00
1.403235e+00 3.856544e-01 -1.013173e-01 -6.748235e-01 3.590245e-02 2.998343e+00 -8.437998e-01 6.519569e-01 -2.557991e+00 -1.094083e+00 -6.455016e-01 -9.045248e-01
5.166081e-01 -2.185878e+00 -2.330411e+00 -2.039126e+00 8.633536e-01 -2.124879e-01 -1.192399e+00 -8.496748e-01 -5.425944e-01 9.951422e-01 1.681125e+00 -2.363177e+00
-8.767799e-01 1.860724e+00 3.501750e+00 2.015402e+00 2.641047e-01 -1.342883e+00 -5.138475e-01 3.058016e+00 3.288829e+00 -1.735326e+00 -2.626692e+00 -3.043395e-01
-2.065104e-01 2.825841e-01 -1.881678e+00 -5.137764e+00 7.131485e-01 2.736106e+00 9.076220e-01 9.428936e-01 3.054044e-01 4.161564e+00 -1.820480e+00 -2.890671e+00
-6.957459e-02 9.531792e-01 2.987041e-01 -2.684530e-01 2.352258e+00 -9.309686e-01 7.578384e-01 1.513313e+00 -2.449561e+00 -1.872650e+00 2.583506e+00 -1.111272e+00
1.420499e+00 -3.700967e-02 -4.714225e-01 -2.213921e+00 -8.917723e-01 1.511166e+00 -3.048014e+00 -2.047379e-01 -2.288858e+00 -2.760083e-01 -4.092848e-01 -2.687318e+00
-2.059916e+00 1.675843e+00 3.359292e+00 1.802213e+00 -1.882471e-01 -1.409867e+00 -6.803831e-01 3.034392e+00 4.603863e+00 -7.787131e-01 -1.333190e+00 1.400648e+00
-5.717884e-01 -2.111632e+00 -2.632490e+00 -1.386473e+00 1.206730e-01 -8.999736e-01 -1.491048e+00 -2.091260e+00 -1.326146e+00 1.234792e-01 3.963168e-01 -1.927652e+00
6.932797e-01 -8.704883e-01 -2.170013e+00 -2.104629e+00 -1.758224e+00 1.745395e-01 -1.831945e+00 -9.873394e-01 -2.381499e+00 8.393770e-01 6.123084e-01 -1.559325e+00
-2.797338e-01 1.421184e+00 -7.406486e-01 4.061890e-02 3.259512e+00 -1.287857e+00 2.015707e+00 2.479175e+00 -2.836835e+00 -1.108742e+00 3.359723e+00 -2.493817e+00
-2.420094e+00 1.535826e+00 -1.956212e+00 -4.209191e+00 2.106988e+00 3.366495e+00 3.610406e+00 4.799539e-01 2.105756e-01 5.104543e+00 -5.731937e-01 -2.184880e+00
-4.173983e+00 2.144933e+00 -1.659236e+00 -2.447674e+00 4.188937e+00 2.109986e+00 4.392317e+00 1.283698e-01 5.767568e-01 3.437335e+00 1.944806e+00 -3.331840e+00
-2.362463e+00 2.904132e+00 -9.921064e-01 -5.902250e-01 5.185380e+00 -1.802654e-01 3.885133e+00 8.490284e-01 -1.030800e+00 1.140629e+00 3.259496e+00 -3.768028e+00
