3.493595e+00 -2.756323e+00 -1.157620e+00 7.382021e-01 -4.114097e+00 -1.819474e+00 8.723315e-01 -1.266421e+00 1.871788e+00 -5.086717e+00 -3.009747e+00 -2.755444e+00
4.871966e+00 -3.650885e+00 -1.747731e+00 -4.010481e-01 -3.676394e+00 -2.078580e-01 4.283076e-01 -1.859181e+00 1.790081e+00 -6.921207e+00 -2.539260e+00 -2.838484e+00
-1.173938e+00 -2.243378e+00 2.457765e+00 -2.567098e+00 1.521734e+00 -4.261657e+00 7.812468e-01 7.473482e-01 -2.242589e+00 1.454106e+00 -1.594786e+00 2.358691e+00
5.368090e-01 -3.566460e+00 2.103513e+00 -3.297855e+00 1.640166e+00 -2.641008e+00 -1.424466e+00 3.679908e-01 -3.458381e+00 1.047212e+00 -3.080611e+00 2.425966e+00
1.569979e+00 2.720168e-01 -4.809967e-01 -3.620636e-01 -2.104071e+00 -8.927883e-01 -3.561776e-01 -8.233806e-01 6.693375e-01 -1.540974e+00 -2.162143e+00 -8.860064e-01
5.348048e+00 -3.288935e+00 -1.638883e+00 -1.067663e+00 -1.519621e+00 1.712551e+00 -1.295117e+00 -1.883681e+00 5.451196e-01 -5.824374e+00 5.340430e-01 -3.659398e-01
-9.044269e-01 -2.361599e-01 1.031785e+00 -1.145137e+00 6.254697e-01 -3.923166e+00 1.460409e+00 1.113598e+00 -6.994101e-01 1.051563e+00 5.563125e-01 2.056428e+00
9.623378e-01 -2.676541e+00 4.964144e-01 -2.452010e+00 -1.747378e-01 -2.980616e-01 -2.417478e-01 1.280916e+00 -1.835142e+00 7.254694e-01 -1.340593e+00 1.902078e+00
3.138216e+00 -3.869103e+00 -4.040802e+00 -1.553559e+00 3.520157e-01 7.113606e-01 -2.448630e+00 -2.431145e+00 -1.818795e+00 -3.569790e-01 -3.621908e-01 -2.610340e+00
1.853690e+00 -3.737736e+00 -4.003936e+00 -2.086711e+00 6.145858e-01 1.858175e+00 6.331526e-01 -1.099248e+00 -2.425636e+00 -1.267385e-01 1.411753e+00 -5.940559e-01
-1.596872e+00 1.456527e+00 1.712328e+00 1.405132e+00 -1.946647e+00 -8.757640e-01 2.489658e+00 6.956796e-02 2.991010e-01 7.237059e-01 -2.112164e+00 1.057966e+00
9.133908e-01 9.888134e-02 -3.977705e-01 -4.624400e-01 -1.582106e+00 -1.345330e-01 -6.838672e-01 -1.782002e-01 -3.648601e-01 3.220950e-01 -2.053439e+00 6.250013e-01
2.817957e+00 -2.441557e+00 -1.068417e+00 -1.499930e+00 -6.017583e-01 1.936752e+00 2.943152e-01 1.922342e-01 5.923744e-01 -2.577652e+00 7.584932e-01 -2.533811e-01
1.772909e+00 -7.369994e-01 -1.226561e+00 2.464241e-01 7.114996e-01 -9.365023e-01 -2.924803e+00 -2.294061e+00 1.848809e-01 4.545497e-01 -4.407015e-02 -3.380645e+00
-1.537524e+00 1.629790e+00 1.035487e+00 1.701818e+00 -3.163079e-01 -8.109091e-01 1.669823e+00 -9.255063e-01 1.664064e-01 1.365020e+00 -1.146454e+00 7.286451e-01
-9.097878e-01 -1.621527e+00 1.644129e+00 4.987287e-03 -2.845895e+00 -1.525687e+00 2.240838e+00 4.991929e+00 1.016320e+00 -7.270046e-01 4.219010e-01 1.123556e+00
-4.822083e-01 -4.562574e-01 -1.438743e+00 -1.635626e-01 -1.616211e+00 8.251677e-01 1.147409e+00 1.685345e+00 1.330246e+00 -6.777825e-02 9.028676e-01 -1.036645e-01
-2.557209e-01 -2.885316e-01 7.456569e-02 -4.338778e-01 -6.953917e-01 6.941780e-01 -1.518709e+00 1.038332e-01 -1.189512e+00 -6.673049e-01 1.402906e+00 9.393630e-01
5.653192e-01 -9.053809e-01 -1.982639e+00 -1.125726e+00 8.125021e-01 1.745785e+00 1.149433e+00 -4.474454e-02 -1.771403e+00 -3.464908e-01 8.629124e-01 4.098459e-01
4.384420e-02 3.097839e-01 7.297120e-02 -3.537518e-01 -5.282128e-01 5.972080e-01 -1.255558e+00 3.816383e-01 -1.431814e+00 2.619393e-01 -9.379097e-01 9.842097e-01
-6.945516e-01 -5.491502e-01 -1.277639e+00 -7.334360e-01 -4.183910e-01 2.790276e-01 -6.692498e-01 -1.657609e-01 5.395353e-03 1.181632e+00 5.403107e-01 6.950241e-01
-4.344583e-01 -5.631506e-01 7.539552e-01 -3.853284e-01 -7.147501e-01 -8.950308e-01 -8.542782e-01 5.816140e-02 -7.864086e-01 -1.638387e+00 1.273181e+00 8.568192e-01
3.114721e-01 1.160231e+00 1.431733e+00 1.295506e+00 2.737268e-01 7.229877e-01 1.611719e+00 2.823049e-01 -9.570245e-01 -1.168798e+00 -1.128465e-01 1.351988e+00
-7.698955e-02 -4.007939e-01 -4.993554e-01 1.344730e+00 -6.198226e-01 -4.261072e-01 1.124729e+00 6.450280e-01 -1.052187e+00 1.383577e+00 1.549162e-01 -1.767955e-01
-8.999691e-02 -1.694193e-01 1.678167e-01 4.463823e-01 7.788334e-01 1.082304e+00 1.248868e-01 -3.360132e-01 -1.083332e+00 5.950511e-01 -6.660413e-01 2.183601e-01
-4.389210e-01 -6.780270e-01 -9.359247e-01 -8.541628e-01 -1.174937e-01 8.929798e-01 -1.673513e+00 -8.666865e-01 -1.047986e+00 7.312846e-01 1.000446e+00 1.168374e-01
-5.042047e-02 -3.781305e-02 2.249694e-03 -8.482331e-01 7.944081e-01 7.373376e-01 -2.105045e+00 -1.262555e-01 -3.272716e-01 -1.574206e+00 3.071997e-01 -3.741665e-02
1.019897e-01 8.221424e-01 1.117519e+00 1.097593e+00 -1.692601e-01 5.772573e-01 1.587328e+00 4.331621e-02 -1.419871e+00 -1.889768e+00 8.585501e-02 2.743648e+00
1.840768e-01 4.947689e-01 7.925660e-01 1.103358e+00 -3.608322e-01 5.280769e-01 1.289728e+00 -5.461626e-02 -1.044053e+00 -7.121138e-01 -4.836312e-01 4.407626e-01
5.806417e-02 -4.129167e-01 2.899242e-01 4.830171e-01 2.307760e-01 -7.235857e-01 -1.033693e+00 -7.601928e-01 5.603122e-01 -1.026157e+00 -1.933649e+00 -1.002396e+00
-5.388146e-02 7.457730e-01 5.052150e-01 6.130432e-01 8.779422e-01 -6.529003e-01 8.121697e-01 -3.236526e-01 -1.007564e+00 1.289126e+00 8.263272e-01 9.013655e-01
-3.936043e-02 -5.212495e-02 1.691788e-01 2.005868e-01 -2.360883e-02 -2.643269e-01 -9.201446e-01 -1.277606e-01 4.077787e-01 -1.303628e+00 -4.688312e-01 -1.867166e-01
1.303453e-01 -1.102328e-04 -8.247442e-02 7.124826e-01 2.046274e-01 8.746710e-01 8.164065e-01 -7.563958e-01 -1.049569e+00 -1.662462e-02 -6.635450e-01 -4.405607e-01
-2.913415e-01 -1.553512e-01 4.092370e-01 4.660356e-02 4.150319e-01 -5.138561e-01 4.298210e-02 -9.336893e-01 1.313252e+00 3.805373e-01 -3.246269e-02 2.762421e-01
-1.123653e-01 -1.076190e-01 3.310917e-01 6.506653e-02 -4.763855e-01 -1.849801e+00 -2.885875e-01 5.699458e-01 1.696656e+00 6.902590e-01 1.019992e-01 -7.239817e-01
-2.389958e-01 -5.203886e-01 -3.087289e-01 -1.598221e-01 -3.174601e-01 2.854512e-01 -5.588971e-01 -1.109152e+00 6.413429e-01 1.245553e+00 6.305138e-01 -5.078616e-01
2.419891e-02 -2.486129e-02 2.283656e-01 4.461558e-01 -2.134707e-01 -2.964317e-01 -7.833464e-01 2.647326e-02 -1.133197e+00 -2.152453e+00 -1.482008e+00 -3.604815e-01
-1.781229e-01 -3.442507e-02 2.714287e-01 1.817888e-01 5.552117e-01 6.981435e-01 9.901544e-01 1.446458e+00 -7.640325e-01 8.490812e-01 8.491373e-01 -3.489234e-02
-9.644880e-02 7.026473e-01 -1.832483e-01 -2.287695e-01 -4.610357e-01 -3.470262e-01 9.178002e-01 -2.028276e-01 -7.293551e-01 4.444388e-01 1.978050e+00 1.291354e+00
-4.096910e-01 2.803954e-01 1.456754e+00 -4.306608e-02 -6.965796e-01 -7.405864e-01 -7.667938e-01 -1.853345e-01 3.278585e-01 1.770983e-01 1.932543e+00 -3.124017e-01
6.193255e-02 3.844540e-01 6.159325e-01 -2.912754e-01 -4.546185e-01 1.345517e-01 -6.809363e-01 1.327309e-01 -2.225028e-01 -2.031928e-01 9.632824e-01 -1.559457e-01
1.242685e-01 -4.891120e-01 -3.996301e-01 -9.586171e-01 5.370224e-01 8.248132e-01 -1.553825e+00 -9.005923e-01 5.336174e-01 -1.939332e+00 -1.530146e+00 -1.141136e+00
-1.036784e-01 3.724763e-01 7.338711e-01 1.181559e-01 -8.370823e-01 6.731725e-03 -1.083902e+00 4.105094e-01 3.317199e-01 -5.551189e-01 1.561220e+00 -9.177746e-01
1.111397e-01 8.482514e-02 4.542132e-01 -2.165066e-01 1.270172e+00 1.457578e+00 -3.531093e-01 1.114913e+00 -1.558421e+00 -5.908140e-01 9.439188e-01 2.963563e-01
-2.926596e-01 2.754206e-01 2.142133e+00 -5.012271e-01 -6.340733e-01 -4.426567e-01 -1.083459e+00 1.933865e-01 -7.072369e-01 1.139738e+00 1.729683e+00 7.814109e-01
6.367264e-02 -2.278814e-01 7.658429e-02 1.157383e+00 2.445823e-01 -7.735041e-01 -1.053369e+00 -1.147814e+00 -6.475465e-01 -5.317386e-01 -2.342487e+00 -9.627112e-01
-3.670698e-01 3.702559e-01 1.909101e+00 -4.363112e-01 -2.670509e-01 -9.834321e-01 -7.616668e-01 -1.162262e-01 2.482482e-01 6.030170e-01 1.923098e+00 3.411736e-01
-2.197675e-01 3.351897e-01 1.021743e+00 3.758004e-01 -9.137224e-01 -6.030415e-01 -5.595158e-01 -2.262232e-02 6.477497e-01 -1.636359e-01 1.842870e+00 -7.067148e-01
2.900037e-01 5.549473e-01 3.972763e-01 -4.619219e-01 -3.882484e-01 6.340880e-01 -8.665792e-01 1.735877e-01 -8.453110e-01 1.824087e-01 -1.846264e-01 7.097861e-01
-3.802513e-01 -6.051233e-01 8.388273e-02 -1.078814e-01 -4.634945e-01 1.177978e+00 -2.526768e-01 3.514546e-01 1.428773e+00 -8.477001e-02 -1.344894e-01 -6.646467e-01
-1.278870e-01 6.402121e-02 2.164752e+00 -4.062006e-01 -1.030390e+00 -2.893090e-01 -1.101206e+00 7.197520e-02 -9.887336e-01 1.435352e+00 1.115148e+00 8.528059e-01
-1.078212e+00 9.462794e-01 -8.438599e-01 1.979770e+00 -1.424132e+00 -2.951446e+00 2.142374e+00 6.826151e-01 8.936855e-01 -5.786375e-01 4.304547e-01 -7.137804e-02
-1.276913e-01 4.995007e-02 -6.062986e-01 -5.626712e-01 2.620628e-01 9.590322e-01 -1.981646e-03 -9.567907e-01 9.465362e-01 2.150716e+00 2.059305e+00 9.159843e-01
-3.395225e-01 6.599109e-02 -3.979105e-01 -1.243233e-01 -1.069335e-01 4.175232e-01 4.062098e-01 -4.268527e-01 -8.896766e-02 4.206043e-01 1.516497e+00 3.241705e-01
1.504109e-01 4.568517e-02 -5.383343e-01 -4.072109e-01 -1.026450e-01 5.696210e-01 -3.992310e-01 -9.905990e-01 6.528665e-01 1.235415e+00 5.507637e-01 2.084499e-01
3.578619e-01 1.493275e-01 -2.841097e-01 4.615033e-02 -6.389139e-01 -4.942600e-01 2.601915e-01 -6.613507e-02 2.191671e-01 -3.267930e-01 -5.824246e-01 -4.184845e-01
-1.265494e-01 3.529862e-01 2.058438e+00 -3.251285e-01 -8.589123e-01 -4.718499e-01 -2.977113e-01 -6.398491e-01 -6.950812e-01 1.176274e+00 1.367554e+00 7.818639e-01
3.711687e-01 -2.095843e-01 -6.840836e-01 2.609881e-01 -8.203853e-01 4.370973e-01 1.722509e+00 -8.376416e-02 -3.308805e-01 9.458981e-01 -7.352056e-02 -7.914193e-02
4.782181e-01 3.417238e-01 -1.986589e-01 -8.984417e-01 -1.752076e-01 2.143012e-02 5.151294e-01 1.115345e+00 -8.176637e-01 -5.409108e-01 -1.070097e+00 -1.039859e+00
-1.116789e-01 -4.508541e-01 2.212526e-01 7.306691e-02 -5.926015e-01 6.253013e-01 -2.023051e-01 2.940406e-01 6.922148e-01 -3.908895e-01 -1.350411e+00 -9.466230e-01
1.425827e-01 3.615679e-01 7.558188e-01 -3.998714e-01 -3.065945e-01 -1.593859e+00 -2.569042e-01 4.966887e-01 1.892722e+00 8.875613e-01 2.692497e-01 -7.710032e-01
-1.300925e+00 -1.117358e+00 -8.848162e-01 -2.390107e-01 -1.337694e+00 -1.537538e+00 -4.468036e-01 6.266653e-01 1.647866e+00 4.891859e-01 5.674253e-01 2.214918e-01
1.950211e-01 9.112481e-01 1.245524e+00 4.796788e-01 -1.705443e+00 -3.027337e-01 1.410427e+00 2.778038e-01 2.523763e-01 8.310696e-01 5.732775e-02 3.151309e+00
3.160192e-01 2.001854e-01 4.978896e-01 -1.497380e-01 -4.352881e-01 -9.198383e-01 -4.218610e-01 -3.000242e-01 1.563293e+00 4.226167e-01 -1.748064e-01 -6.312620e-01
-1.636442e-01 5.557404e-01 2.149140e+00 -3.257169e-01 -9.146458e-01 -3.730202e-01 -1.560588e-02 -1.205755e+00 -9.377272e-01 9.825424e-01 1.245321e+00 7.875987e-01
-3.963085e-01 -3.807761e-01 8.618444e-01 -8.697809e-02 -5.328151e-01 -1.843510e+00 -1.452090e+00 -2.656446e-01 8.441135e-01 -2.106770e+00 8.640693e-01 -6.275077e-02
-3.755743e-01 1.184517e+00 2.057770e+00 -1.596494e-01 -3.315062e-01 -7.635953e-01 1.070703e-01 -1.247645e+00 -1.025882e+00 5.295902e-01 1.360669e+00 5.020190e-01
4.879427e-01 -1.855792e-02 -7.699084e-01 -3.260806e-01 2.020110e-01 3.212382e-01 6.871592e-01 1.104298e+00 -3.660956e-01 -1.103709e+00 -2.117163e+00 -4.936135e-01
-2.686070e-01 1.107359e+00 7.284983e-02 -5.779570e-01 1.497768e+00 1.649227e+00 3.970117e-02 -1.197726e+00 -3.455929e-01 1.538677e+00 5.394566e-01 1.450594e+00
-4.385258e-01 1.537367e+00 1.837665e+00 3.632779e-01 -3.241028e-01 -2.989494e-01 -2.318242e-01 -1.023453e+00 -1.352418e+00 1.971421e-01 8.787737e-01 7.652202e-01
-3.274333e+00 -7.275024e-01 -2.962596e+00 -1.404450e+00 9.066160e-01 3.118722e+00 1.608870e+00 -4.116098e-01 3.132307e+00 2.588402e+00 1.401890e+00 8.102524e-01
-1.020800e-01 -1.226146e-01 1.265884e-01 -8.425438e-02 6.124564e-01 -1.737671e+00 -5.930971e-01 -2.412701e-01 1.162703e-01 -6.893529e-01 -7.809852e-01 -1.361778e-01
-1.385830e+00 -1.183917e+00 -6.912540e-01 2.537858e-01 -5.289461e-01 -5.590905e-01 -1.931755e-01 -1.770876e+00 2.805663e-01 8.655127e-01 2.342048e-01 1.343995e+00
1.280207e-01 -6.395743e-01 -8.744472e-01 -2.671881e-01 5.453259e-01 -1.783406e-01 9.702057e-01 -3.785319e-01 -2.048822e-01 -7.043314e-03 -2.649435e+00 -1.692632e+00
-4.269601e-01 1.386210e+00 1.834499e+00 2.581409e-01 -2.368460e-01 2.682918e-01 -8.738596e-01 -4.912314e-01 -1.314314e+00 -9.691019e-02 -1.137002e-01 4.594246e-01
-7.934361e-01 1.544276e+00 2.622520e+00 2.441815e+00 3.183136e-01 -3.441706e+00 -1.875249e+00 3.400443e-01 6.648964e-01 -7.387873e-01 -7.492868e-01 -2.717549e+00
-1.128012e+00 5.951223e-01 -3.050261e-01 -1.456676e-01 -5.897171e-01 7.204148e-01 -7.522039e-01 -3.231194e+00 3.433546e-01 4.153669e-02 4.013427e-01 3.219442e-01
-2.151218e-01 1.089919e+00 1.903086e+00 -2.271357e-01 1.229359e-01 7.990569e-01 -1.016149e+00 2.776487e-01 -9.131052e-01 -5.335920e-01 -8.136579e-01 1.905959e-01
-2.842184e+00 -3.011324e-01 2.872074e+00 8.238075e-01 -1.182307e+00 -2.202094e+00 2.010843e+00 4.929682e+00 1.281176e+00 8.715363e-02 6.698049e-01 8.657648e-01
-1.038712e-01 7.492908e-01 1.835712e+00 -4.312429e-01 1.891363e-01 9.867498e-01 -1.063861e+00 1.097132e+00 -5.870547e-01 -8.852137e-01 -1.109277e+00 -2.440720e-01
-4.151014e-01 -4.246801e-01 -5.855978e-01 2.605891e+00 -1.256831e+00 -9.349659e-01 2.819750e+00 7.456951e-01 2.018508e+00 7.509592e-01 8.563711e-01 1.046188e+00
6.481509e-02 8.267635e-01 1.183484e+00 8.437896e-02 3.690262e-02 1.655189e+00 -1.267242e+00 1.531934e+00 -7.396056e-01 -4.409097e-01 -9.972663e-01 -6.074392e-01
3.035336e-01 8.851812e-01 1.072348e-01 1.216830e+00 -3.051229e-01 1.640933e+00 -7.233248e-01 1.515119e+00 -1.348698e+00 9.510574e-02 -3.676431e-01 -8.439081e-01
1.295062e+00 -5.539891e-01 8.121746e-01 3.259939e+00 5.003576e-01 6.208700e-01 2.298752e+00 5.211979e-01 2.268930e+00 1.778649e+00 -1.025933e-01 3.375057e-01
-4.516946e+00 -5.438237e-02 -4.879934e+00 -2.177444e+00 3.736888e+00 3.916538e+00 1.455462e+00 -1.936237e+00 4.404711e+00 2.529085e+00 -7.262216e-02 1.627250e-02
-7.296869e-01 1.909212e+00 -7.931971e-01 -6.792687e-01 3.052548e-01 3.638764e+00 -4.273734e-01 -3.009697e+00 7.077002e-01 3.956117e-01 2.334305e+00 1.493938e+00
4.650606e-01 1.099852e+00 -9.444372e-01 2.073483e+00 -1.817884e-01 6.959735e-01 4.831001e-01 7.257974e-01 -2.069351e+00 1.099142e+00 -1.903763e-02 -7.548609e-01
-2.924982e+00 2.494706e+00 3.404468e+00 2.290698e+00 4.508756e-01 -3.845411e+00 -1.017386e-01 2.915930e+00 1.648759e+00 -8.269199e-01 3.009345e-01 -9.591843e-01
1.817731e+00 3.198431e-01 1.489187e+00 3.658652e+00 2.621213e+00 8.835583e-01 1.705750e+00 1.682425e+00 -3.033220e-01 -3.395137e-01 -1.157776e+00 -1.295949e+00
-1.561207e-01 2.571081e+00 -7.335922e-01 -1.021812e+00 -9.917855e-02 5.153800e+00 5.657768e-03 -1.227995e+00 2.760395e+00 1.681493e+00 2.432476e+00 9.468066e-01
3.131610e+00 1.568576e+00 1.497082e+00 2.358043e+00 2.106955e+00 1.425682e+00 -1.178293e+00 1.485462e+00 -9.766448e-01 -1.519733e+00 -1.509348e+00 -3.742899e+00
5.344709e-01 1.409590e+00 -1.512172e+00 2.478558e+00 9.031181e-01 -1.803670e+00 2.158051e+00 3.046317e-01 -2.592574e+00 1.253060e+00 -1.602697e-01 -4.901111e-01
6.620517e-01 2.050144e+00 -1.105237e+00 -5.334709e-01 1.583374e-01 3.967750e+00 -5.280460e-01 1.811417e+00 2.292313e+00 3.677219e-01 1.588693e+00 -5.141039e-01
2.157282e+00 1.537775e+00 -1.321077e-02 9.259180e-01 1.328260e+00 2.257228e+00 -1.892114e+00 2.040726e+00 -4.080349e-01 -9.674829e-01 -6.572530e-01 -2.511729e+00
1.404415e-01 2.088536e+00 -2.874189e+00 2.006047e+00 3.799424e+00 -4.010188e+00 2.779950e+00 9.902239e-01 -1.385417e+00 -1.693902e-02 -5.696666e-01 -3.199795e-01
-3.852842e+00 6.778338e-01 -5.069396e+00 -1.554396e+00 6.338325e+00 1.417018e+00 4.831642e-01 -1.389167e+00 2.181573e+00 5.019220e-01 -2.493263e+00 -6.753639e-01
-1.612616e+00 1.826761e+00 -4.498556e+00 -1.672489e-01 6.537167e+00 -1.244210e+00 2.150690e+00 -9.016804e-01 1.878376e-01 2.568699e-01 -2.375355e+00 2.925651e-02
