3.599757e+00 -9.804662e-01 -2.709589e-01 1.729899e+00 1.411504e-01 -1.618949e+00 -3.930095e-01 -2.452533e+00 -1.600264e+00 -1.148266e+00 9.537622e-01 -6.924174e-01
4.301660e+00 1.263754e-01 -2.222687e-01 6.046414e-01 2.493079e-01 -2.669470e+00 1.002111e-02 -2.008899e+00 -1.279199e+00 -3.830003e-01 2.668865e+00 -1.005367e+00
1.501212e+00 -2.153591e+00 7.334148e-01 1.607988e+00 -7.538601e-01 -1.212025e+00 -1.808476e+00 -2.112466e+00 -1.478209e+00 -1.630930e+00 1.686788e-01 -1.229863e+00
3.687268e+00 1.144057e+00 5.995855e-01 -1.877255e-01 2.471223e-02 -8.741983e-01 1.223874e+00 -4.858226e-01 2.911833e-01 4.883521e-01 3.542997e+00 -6.561402e-01
-8.824980e-01 -2.567779e+00 -3.890263e+00 -1.856089e+00 -2.806883e-02 3.928602e+00 -2.283561e+00 1.265757e-02 4.555007e+00 1.180644e+00 -2.538210e+00 6.156029e-01
-7.094866e-01 -2.820977e+00 -3.033962e+00 -1.310676e+00 -2.040494e+00 5.565980e+00 -5.381455e+00 7.478176e-01 5.998140e+00 1.252033e+00 -3.180676e+00 2.345903e+00
-4.955435e-01 -1.440346e+00 -3.636570e+00 -2.013841e+00 2.258537e+00 6.303824e-01 2.365141e+00 -6.464661e-01 1.159574e+00 -3.679183e-01 -2.655840e-01 -1.344126e+00
-3.568941e-01 -1.906201e+00 1.594334e+00 1.103011e+00 -1.485454e+00 2.177779e-01 -1.410771e+00 -2.748170e-01 1.312799e-01 -3.918969e-01 -1.840186e-01 7.387222e-01
1.819250e+00 4.096631e-01 1.281176e+00 6.565989e-01 -8.203799e-01 3.043003e-01 4.512965e+00 2.615809e+00 1.611246e+00 3.971388e-02 2.978700e+00 -5.972915e-01
-7.401759e-01 -1.866789e+00 -1.684998e+00 -1.226654e+00 -1.545420e+00 4.186830e+00 -5.087873e+00 1.273998e-01 5.435750e+00 1.032783e+00 -3.026390e+00 3.023219e+00
1.272549e+00 -5.305656e-01 8.707789e-01 1.405983e+00 -3.205577e-01 -1.050645e+00 3.448159e+00 1.472956e+00 -1.910722e+00 -2.959870e+00 6.235768e-01 -2.234909e+00
-1.561726e+00 2.711676e-01 -5.162882e-01 6.426277e-02 3.979667e-01 -6.004831e-01 -1.820286e+00 -1.750142e+00 5.223497e-01 6.506850e-01 1.178565e+00 -1.900229e-01
-4.866627e-01 -4.445817e-01 -2.229672e+00 -2.416096e+00 3.419855e+00 -9.857638e-02 3.317640e+00 -1.216000e+00 -1.071375e+00 -8.728935e-01 2.503609e-01 -3.374411e-01
1.656682e+00 -3.687646e-01 2.408142e-01 1.556222e+00 -8.156947e-01 -8.349789e-01 3.389185e+00 9.693525e-02 -4.711236e+00 -3.397514e+00 -8.701082e-02 -2.258879e+00
1.044736e+00 -5.552340e-01 5.526224e-01 2.004011e+00 -1.465560e+00 -2.116453e+00 1.308336e+00 -8.552998e-01 -4.582764e+00 -2.822137e+00 -1.527297e+00 -2.041122e+00
-5.265416e-01 -4.861956e-01 1.365283e+00 -6.315242e-01 1.373401e-01 -1.053553e-01 -1.817901e+00 -1.083611e-01 5.044448e-01 2.298091e-01 -1.207965e-01 5.234482e-01
4.383227e-01 1.012905e+00 2.893992e-01 -6.423107e-01 6.429493e-02 -1.982252e-01 -1.806114e+00 -1.898253e+00 -7.572441e-02 7.607062e-01 -2.000601e-01 2.169200e-01
-6.705064e-01 6.955651e-01 2.260632e-01 6.037356e-01 9.429626e-01 -4.491650e-01 -1.389263e+00 -1.416960e+00 -1.136777e-01 8.493450e-01 4.526694e-01 7.526522e-01
-1.053369e+00 -5.309445e-01 -6.823839e-01 -5.589257e-01 6.230104e-03 5.193120e-01 -4.645846e-01 3.043070e-01 7.023436e-01 6.503165e-01 5.186544e-01 -1.071121e+00
-5.655962e-02 -9.525013e-03 -1.299780e+00 -2.449239e+00 2.473193e+00 8.821851e-01 1.842172e+00 -1.713845e+00 -7.209966e-01 -1.694872e+00 1.112439e+00 9.003975e-01
-5.521877e-01 -8.687561e-01 -1.827335e-01 -1.082156e+00 2.591467e-01 1.187582e+00 -2.410974e+00 -4.780586e-01 2.876854e+00 1.175018e+00 -2.649902e+00 2.296193e+00
5.028687e-01 -5.445994e-01 2.916726e-01 1.181953e+00 -2.748087e+00 -1.448864e+00 2.508048e-01 -1.993232e+00 -3.171780e+00 -1.500126e+00 -2.156331e+00 -1.003766e+00
-5.128778e-01 -2.225007e-01 -6.197838e-01 1.621909e-01 -1.205338e-02 1.341740e+00 3.448808e-01 9.616333e-01 1.146822e+00 7.348610e-01 1.052407e-01 -1.002632e+00
1.311152e-01 3.145859e-01 1.418068e+00 1.156456e+00 -1.034114e-01 8.230459e-01 5.341604e-01 -2.219001e-01 -5.477672e-01 2.220898e-01 1.334157e+00 -1.435098e-01
2.361945e-01 7.996451e-01 1.277285e+00 4.626663e-01 8.799189e-01 1.230954e+00 9.271103e-01 1.398049e+00 9.073885e-01 -8.025594e-02 -1.319946e-01 -1.950003e-01
-5.929065e-03 -1.576332e-01 5.151104e-01 -9.132670e-01 8.670473e-01 -1.056437e+00 -6.917419e-02 -5.932539e-01 6.329743e-01 1.228036e-01 -3.110259e-01 2.517529e-01
2.529740e-01 -5.839100e-02 -2.903687e-01 -2.214000e+00 7.845092e-01 1.842022e+00 6.333525e-01 -1.589713e+00 4.615531e-02 -2.002129e+00 1.502839e+00 1.448273e+00
-2.375100e-01 -7.085981e-01 -1.974042e-01 -3.863561e-02 -1.828530e+00 -6.881534e-01 9.140242e-01 4.781470e-01 4.643687e-01 5.460913e-01 -8.398814e-01 -8.079188e-02
5.680481e-01 -3.750397e-01 6.138122e-01 -2.182307e+00 2.403665e-02 1.953879e+00 4.791143e-02 -1.341428e+00 6.091348e-01 -1.431689e+00 1.098936e+00 1.290511e+00
6.557107e-03 -5.798882e-01 5.505358e-01 5.060501e-02 7.720502e-01 -3.977794e-01 -8.122534e-01 1.118541e+00 -5.079612e-01 7.580681e-01 4.044056e-02 -8.063455e-01
-3.995579e-01 -3.433502e-01 -1.829214e-01 1.418795e-01 1.959626e-01 3.574174e-01 -1.547950e-01 1.376672e+00 1.784981e+00 1.216318e+00 7.622586e-01 8.816401e-01
-2.345262e-01 -6.456174e-01 8.324621e-01 3.846683e-01 1.071989e+00 -1.062023e+00 -1.057863e+00 1.344164e+00 -7.120978e-01 1.049560e+00 -5.502884e-01 -9.053606e-01
9.884839e-02 4.130660e-01 8.464977e-01 3.593481e-01 8.919204e-01 3.351993e-02 -9.663033e-01 -1.183919e+00 -1.127223e+00 3.608176e-01 -1.119904e-01 -4.254813e-01
1.402293e-01 -4.087747e-01 1.152810e-01 2.276543e-01 2.971320e-01 3.986359e-04 -5.571732e-01 6.782801e-01 6.941128e-03 2.338824e-01 2.751354e-01 -2.960147e-01
-2.743956e-01 2.560997e-03 6.928137e-01 3.417187e-01 8.621099e-02 9.544384e-01 1.612108e+00 1.967352e+00 5.665361e-01 4.737980e-01 1.420888e+00 -4.009398e-01
6.845587e-01 -5.141872e-01 1.007153e+00 -1.488853e+00 -6.454303e-01 1.830274e+00 -8.180599e-01 -4.626447e-01 7.583079e-01 -8.516564e-01 7.115425e-01 7.621099e-01
-2.654552e-03 -5.138053e-01 6.974387e-01 1.319090e+00 -3.182245e-01 2.073417e-01 -1.255058e-01 1.061520e+00 5.485970e-01 4.371338e-02 -8.978729e-01 -1.121590e+00
-2.718964e-01 -6.829597e-01 1.046769e+00 8.191918e-01 1.081979e+00 -1.745819e+00 -8.700016e-01 1.003532e+00 -2.000163e-01 6.729929e-01 -8.456281e-01 -1.126016e+00
4.342054e-02 -3.346348e-03 -2.510107e-01 3.634162e-01 -6.960554e-02 1.334481e-01 -4.423068e-01 2.824607e-01 1.394084e-01 -1.534977e-01 2.359045e-01 1.481486e-01
3.620473e-01 -6.495152e-02 6.309856e-01 -5.911716e-01 -1.028734e+00 1.431506e+00 -1.393420e+00 2.997583e-01 3.522382e-01 -6.090021e-02 2.091665e-01 5.414026e-01
2.708773e-01 1.222549e+00 -5.978099e-01 -1.523370e+00 -1.282626e+00 -2.039986e+00 -2.817150e+00 -4.586332e+00 -6.895259e-01 1.700313e+00 1.364334e+00 1.791745e+00
-3.051797e-01 6.386132e-01 -6.766195e-01 6.255795e-01 -6.242657e-01 1.956788e-01 -2.167062e-01 -2.155664e-01 1.243926e-01 1.564322e-01 -4.411615e-01 8.405303e-01
-1.832662e-01 5.447333e-01 -5.341142e-01 4.108320e-01 -7.390589e-01 3.039972e-01 -1.128356e-01 -4.436231e-01 4.984606e-01 -2.130800e-01 -1.662939e-01 6.973465e-01
-4.196780e-01 -6.131749e-01 1.521915e-01 -7.732775e-01 -5.818179e-01 -6.429789e-01 -7.410918e-01 3.902593e-01 2.272434e+00 1.831637e+00 6.053016e-01 9.371439e-01
2.793928e-01 7.195149e-02 2.974135e-01 2.665215e-02 -1.054605e+00 8.985515e-01 -1.360804e+00 1.755942e-01 4.784009e-01 2.333198e-01 -7.939465e-02 3.933837e-01
-3.875735e-02 3.986926e-01 -6.169690e-01 5.866455e-01 -4.043146e-01 2.177454e-01 -4.374398e-01 2.149522e-01 -3.536816e-02 9.279785e-02 -1.918328e-01 5.539456e-01
-2.107667e-01 9.919262e-02 -3.969928e-01 -5.267578e-01 7.906898e-01 1.491360e-01 -1.620327e-02 3.305508e-01 -2.412164e-01 3.156975e-01 1.306861e+00 -4.686782e-01
1.483719e-02 1.945788e-01 -2.338108e-01 2.465499e-01 -6.650518e-01 -1.168680e-02 1.867926e-01 -9.136049e-01 1.186597e+00 -6.503264e-01 9.991479e-03 7.710889e-01
-4.851406e-01 -4.520102e-01 1.137030e+00 1.475317e+00 7.574641e-01 -2.458486e+00 -2.575925e-01 7.325956e-01 2.622054e-01 1.711107e-01 -9.453138e-01 -1.609863e+00
6.174755e-03 2.437183e-01 -1.591049e-01 2.468679e-01 -8.325886e-01 2.032906e-01 -2.877112e-01 -5.951936e-01 1.144547e+00 -6.663922e-01 1.480606e-01 5.365385e-01
2.826624e-01 1.125875e+00 7.669213e-01 1.336182e+00 8.265209e-01 -8.680220e-01 -1.485978e+00 -1.424015e+00 -1.088399e+00 3.465645e-01 1.145704e+00 1.896330e+00
1.674682e-01 -6.619168e-03 1.046435e-01 -9.219837e-02 4.764276e-01 -5.328834e-01 -1.953912e+00 -6.550384e-01 4.075242e-01 1.054770e+00 2.718086e-01 9.108429e-01
2.125069e-01 5.356790e-01 -3.073630e-01 -6.209012e-01 7.218305e-02 -9.383111e-01 -1.014140e+00 6.890016e-01 7.295876e-01 1.939471e-01 -3.490557e-01 8.726843e-01
6.868658e-02 2.653746e-01 -8.136058e-02 4.258516e-01 -1.007907e+00 4.197312e-01 -9.274874e-01 3.237639e-02 7.025850e-01 -1.427800e-01 5.970003e-02 2.962655e-01
-5.213014e-01 9.065399e-02 2.204995e-02 -2.869360e-01 -3.086728e-01 1.197763e+00 1.384802e+00 1.502265e+00 -5.860766e-01 -2.599431e-01 1.888370e+00 -1.537532e-01
3.347750e-02 1.978012e-01 7.010610e-01 2.653061e-01 -3.242343e-01 1.226782e-01 -4.483761e-01 -1.975452e-01 2.424257e-01 -9.419918e-01 -5.692333e-01 6.609763e-01
-6.367102e-01 2.458632e-01 3.136861e-01 -5.044975e-02 6.334880e-01 5.013555e-01 -5.799331e-01 -1.009280e+00 6.843876e-01 3.322498e-01 4.439875e-01 1.071208e+00
-7.680054e-02 -3.896684e-01 -1.374420e-01 -6.274225e-01 -1.632571e-02 1.600192e-01 -7.997436e-01 -2.064563e-01 -1.104515e+00 -4.304462e-01 -5.150609e-02 6.641485e-01
-5.580376e-01 -1.366180e-01 1.339853e+00 2.095130e+00 -3.691902e-02 -2.650777e+00 1.217456e-01 1.218377e+00 1.973813e-01 1.564951e-02 -1.319942e+00 -1.464574e+00
-1.820261e-01 3.293246e-01 -1.051537e-01 -9.807358e-01 3.182488e-01 -4.465207e-01 -5.490120e-01 -3.782469e-01 9.712712e-02 -8.023545e-01 -6.969640e-02 4.232066e-01
-1.720755e-01 -1.893508e-01 -2.858278e-01 -4.142702e-01 7.904947e-01 -1.955562e-01 -5.967952e-01 -4.852557e-02 -1.352204e+00 -5.132679e-01 9.173588e-01 -2.259059e-01
-5.280758e-01 -2.385637e-01 -1.151290e+00 -1.081474e+00 9.542592e-02 1.167373e+00 -3.563274e-01 1.661690e+00 -1.253902e-01 -1.269484e+00 -1.123769e+00 1.072818e-01
-4.910034e-01 -1.075089e+00 -7.049219e-02 -1.243492e+00 -6.677887e-01 -6.771266e-01 -2.751131e-01 8.519828e-02 1.787675e-01 4.402604e-02 -1.088857e+00 3.027804e-01
-6.285518e-02 -6.827869e-02 -2.592364e-01 7.532644e-03 6.090805e-01 -8.409888e-01 -1.473328e+00 -1.241893e+00 2.929634e-01 2.027290e+00 -5.402622e-01 6.641011e-01
-6.484475e-01 3.339027e-01 1.560184e+00 2.297944e+00 -1.128212e+00 -2.238302e+00 3.233867e-02 2.015334e+00 -4.017088e-01 -3.329701e-01 -1.442913e+00 -4.813901e-01
-2.851492e-01 -1.664414e-01 1.127458e-01 1.447031e-01 -1.886102e-01 5.922838e-01 4.550560e-01 7.141315e-01 -1.339595e-01 -1.033778e+00 5.268887e-01 4.755068e-01
-8.035948e-01 6.916691e-01 1.977013e+00 2.185531e+00 -2.153858e+00 -1.534089e+00 -8.282633e-02 2.575261e+00 -1.172850e+00 -8.052443e-01 -1.081797e+00 4.452763e-01
-7.948271e-01 9.721876e-01 2.246616e+00 1.863707e+00 -3.055002e+00 -2.657959e-01 -4.907424e-01 2.596453e+00 -1.944612e+00 -1.254959e+00 -2.210387e-01 1.211078e+00
-8.193198e-01 -1.111031e-02 2.750061e-01 2.024853e-01 4.022479e-01 6.678048e-01 8.816575e-01 -1.077175e+00 -4.155586e-01 3.936989e-01 1.367532e+00 5.384752e-01
4.409061e-02 -6.015221e-01 -1.049717e+00 -3.802741e-01 4.440972e-01 1.181691e+00 -4.272459e-01 4.128646e-01 -5.570669e-01 -8.271335e-01 -1.501118e+00 -9.232107e-01
-3.089249e-01 -3.635212e-01 7.952524e-01 3.060923e-01 6.649895e-02 1.594259e+00 1.465850e+00 1.681887e+00 6.727719e-01 -5.333259e-01 -3.095250e-01 2.281175e-02
-6.911113e-01 1.080588e+00 2.466967e+00 9.774855e-01 -2.886218e+00 7.789350e-01 -7.622623e-01 2.011815e+00 -2.094001e+00 -1.754580e+00 1.052739e+00 9.328833e-01
6.595548e-01 6.690784e-01 6.735588e-01 1.020218e+00 8.294977e-02 -3.985618e-01 -3.001323e-01 3.780199e-01 2.986918e-01 6.551029e-01 -7.696602e-02 2.000243e-01
-8.335201e-01 -2.294684e-01 -1.121042e+00 -1.061507e+00 -2.118659e-01 1.215124e+00 7.579979e-01 1.338469e+00 -4.556057e-01 -3.836603e-01 5.793092e-01 -1.287639e-01
-6.662757e-01 -2.724275e-01 -1.049515e+00 -7.079185e-01 2.966624e-01 -3.879906e-01 -5.736218e-01 -1.171173e+00 1.272376e+00 -7.037544e-03 -1.923118e+00 -5.051929e-01
-7.203509e-01 1.818791e-01 -1.152596e-01 -4.743127e-01 4.564743e-02 4.372306e-01 1.165283e+00 1.095195e+00 -4.223049e-01 -2.791307e+00 -3.951805e-01 7.005436e-01
-1.355325e+00 1.427418e+00 2.954277e+00 1.063334e+00 3.458460e-01 1.451576e+00 1.313724e+00 1.116491e+00 1.011295e-01 6.316811e-01 -1.452405e+00 -4.906903e-01
-4.137834e-01 -1.554423e-01 -1.493888e+00 -1.399686e+00 8.393635e-01 2.010375e-01 -5.275888e-01 -1.268429e+00 8.781143e-01 4.336416e-01 -1.419078e+00 -1.217965e-01
-1.310899e+00 1.299565e+00 2.121469e+00 1.609681e+00 1.126157e+00 1.445991e+00 1.904059e+00 1.051521e+00 1.100578e-02 1.990070e-01 -2.608367e+00 1.253554e-01
5.927493e-01 -2.425506e-01 8.290607e-01 -4.386563e-02 -2.153794e-01 4.512405e-03 3.466975e-01 1.535188e+00 1.804951e+00 1.412987e+00 -4.070379e-01 -4.264443e-01
-5.952939e-01 2.258261e+00 1.252020e+00 2.317739e-01 5.614576e-01 6.179614e-01 1.433814e+00 4.016039e-01 -8.675156e-02 1.820161e+00 -9.232824e-01 -6.115831e-01
-2.027855e-01 7.581490e-01 2.823474e+00 -8.570509e-02 -1.236776e+00 4.682641e-01 -2.874765e-01 4.812654e-01 -9.470354e-01 -2.392378e+00 1.742362e+00 3.131143e-01
1.607434e+00 8.962240e-01 -2.195416e+00 1.432400e+00 4.092751e-01 -5.419618e-01 8.210850e-02 1.213311e+00 -1.761344e+00 1.082430e+00 -9.791061e-01 4.930059e-01
3.515711e-01 2.343066e+00 -1.127408e+00 7.013004e-01 5.319685e-01 6.125386e-01 1.019641e+00 5.665561e-01 -1.159947e+00 1.753947e+00 -1.225171e+00 -2.213683e-01
1.235623e+00 1.881748e+00 -2.287295e+00 9.992199e-01 6.673744e-01 3.649096e-01 3.780733e-01 5.074776e-01 -1.306359e+00 1.764008e+00 -1.443281e+00 3.017485e-01
-1.274130e+00 9.942822e-01 5.511150e-01 7.904179e-01 1.760598e+00 2.866704e+00 2.131157e+00 5.458388e-01 6.213066e-01 5.782765e-01 -2.769598e+00 2.163449e-01
1.795289e+00 1.087983e+00 -1.771797e+00 1.097752e+00 1.375665e+00 -1.947617e+00 2.056236e+00 -4.965292e-02 -3.102347e+00 1.443730e+00 1.677876e+00 -2.352895e+00
-7.081150e-01 2.556686e-01 -1.518546e+00 -2.367557e+00 -1.462485e+00 -2.305013e+00 -2.746518e+00 -2.282690e+00 4.218128e-01 1.507070e+00 1.565010e+00 2.755949e+00
6.866853e-01 1.462295e+00 1.506570e+00 -4.674976e-01 1.683758e+00 -1.803272e+00 2.492909e+00 -1.403638e+00 -1.800804e+00 -1.081850e+00 3.217509e+00 -2.608989e+00
1.713811e+00 1.336652e+00 -8.111225e-01 3.379161e-01 3.116374e+00 -3.721403e+00 4.188632e+00 -1.839530e+00 -2.871051e+00 1.169457e+00 2.928451e+00 -4.050947e+00
-1.345202e+00 2.238545e-02 -1.283833e+00 -5.635500e-01 1.588998e+00 3.179763e+00 1.806702e+00 2.172991e+00 1.587271e+00 2.997375e-02 -2.256008e+00 -6.911564e-03
1.272389e+00 1.574534e+00 2.847026e-01 -3.800859e-01 3.306407e+00 -3.484398e+00 4.198975e+00 -2.258332e+00 -2.421993e+00 2.216374e-01 3.672755e+00 -4.414130e+00
-1.303585e+00 -3.457832e-01 -1.853844e+00 -2.123851e+00 -4.896846e-01 -4.848343e-01 -1.090891e+00 3.166204e-01 1.591157e+00 2.404801e+00 1.794578e+00 1.567342e+00
-1.575631e+00 -5.265061e-01 -2.362017e+00 -1.685040e+00 6.261147e-01 1.438986e+00 1.043787e-02 1.215009e+00 1.395119e+00 9.532415e-01 5.429795e-01 4.116670e-01
