5.866387e+00 -1.995111e+00 -2.119822e+00 -1.115894e+00 -2.406482e+00 -4.520922e-01 1.905165e+00 -2.529495e+00 4.858623e-01 -1.231546e+00 -2.224464e-01 5.550672e-01
4.871588e+00 -4.731130e-01 -1.839338e+00 -6.374934e-01 -2.451353e+00 -4.350925e-01 7.886328e-01 -2.424904e+00 5.703670e-01 -1.656992e+00 -1.803479e-01 1.219663e+00
1.285442e+00 2.289629e-03 3.083189e-01 -4.792932e-01 -1.834154e+00 8.839138e-01 -3.433010e-01 -1.231806e+00 -2.447426e-01 -8.876866e-01 2.211469e+00 1.270606e+00
4.973645e+00 -2.728686e+00 -1.814583e+00 -1.295905e+00 -3.083836e+00 -3.581827e-01 2.805757e+00 -8.996400e-01 -1.009609e-01 -1.466147e+00 2.396343e-01 -2.361244e-01
-1.667965e+00 -3.794963e+00 1.773717e+00 8.385077e-01 2.080262e+00 5.001859e+00 -1.363864e+00 2.417756e-01 2.710586e+00 -1.197050e+00 -1.477448e+00 2.596176e+00
8.738791e-01 -1.618097e+00 4.951130e-01 -9.175900e-01 -9.674570e-01 3.131819e+00 2.251825e+00 -2.836476e+00 -2.790395e+00 1.190030e+00 1.717946e+00 1.908481e-02
-1.387265e-01 -1.768886e+00 1.826640e+00 1.066924e-01 -6.044974e-01 4.602667e+00 1.633262e+00 -3.579474e+00 -1.911373e+00 3.909598e-01 8.332896e-01 3.310140e-01
-1.077755e-01 6.136381e-01 2.884924e-01 3.338973e-01 -1.724171e+00 5.851778e-01 2.467706e-02 -9.424624e-01 -1.240170e+00 -4.478943e-01 1.081545e+00 1.547659e+00
2.485265e+00 -2.413520e+00 -7.157594e-01 -8.735833e-01 -1.985819e+00 4.721029e-01 2.520134e+00 -2.003179e-01 -7.841245e-01 -5.853318e-01 1.699257e+00 -7.645526e-01
-1.031750e+00 -2.704075e+00 8.790887e-01 7.537923e-01 9.343765e-01 2.764655e+00 -1.615270e+00 1.619571e-01 3.461566e+00 8.725805e-01 3.628269e-01 1.971131e+00
4.835659e-01 -8.097809e-01 7.904496e-01 -6.043236e-01 -1.881369e-01 2.686544e+00 8.874547e-01 -1.501835e+00 -6.649631e-01 2.747774e+00 1.914940e+00 9.635401e-03
-5.051252e-01 -1.392020e+00 1.539709e+00 1.155793e+00 1.286543e+00 3.420201e+00 -9.542924e-01 1.249656e-01 1.580791e+00 -1.639373e+00 -2.027358e+00 8.159515e-01
2.297871e+00 -3.374472e-01 -1.103175e+00 1.030132e+00 2.117649e+00 -2.581152e+00 -2.573899e-01 2.037971e+00 -4.920085e-01 -9.504669e-01 8.059133e-01 9.344338e-01
-9.469386e-01 -1.871296e+00 1.167210e+00 5.758737e-01 -4.037660e-01 3.293249e+00 -5.708822e-01 -3.397914e+00 1.176269e+00 -4.392229e-01 -3.371005e-01 6.558563e-01
-3.011369e-01 -1.602481e+00 4.077207e-01 -6.002623e-01 -2.586070e-01 1.502278e+00 1.119597e+00 1.318164e+00 1.569866e-01 1.636668e-01 2.727714e+00 -8.680189e-01
-3.154334e-01 8.086025e-01 -2.364349e-02 4.029606e-01 -1.516035e+00 6.191754e-01 2.880659e-01 -5.530151e-01 -1.311098e+00 -3.311559e-01 5.076996e-01 1.237336e+00
9.817489e-01 1.132406e+00 -4.055190e-03 7.085292e-01 1.567581e+00 -3.174655e-01 1.262876e+00 4.561504e-01 -5.317394e-01 -8.531721e-02 1.631257e+00 2.957898e-01
2.589211e-01 1.904041e-01 -1.031937e-01 -5.024578e-01 -1.108705e+00 5.593517e-01 8.964133e-01 3.696781e-01 5.455398e-03 -1.259980e+00 -4.129101e-01 -5.809025e-01
-1.401571e-01 7.221894e-01 1.764358e-01 -1.020532e-01 -9.541836e-01 -9.687079e-02 4.478367e-01 3.667559e-01 -1.005899e+00 6.315169e-02 -4.516039e-02 4.560619e-01
2.443151e-01 2.339880e-01 2.269774e-01 -6.890296e-01 -9.360040e-01 7.606860e-01 8.248756e-02 1.118809e+00 -1.121265e+00 -7.484623e-01 -1.303063e-01 -1.008022e-01
1.361246e-01 3.999113e-01 -1.365037e-02 -4.284213e-01 -1.371898e+00 2.409990e-01 5.557567e-01 1.015919e+00 -1.600890e-02 -1.124877e+00 -6.429787e-01 -1.361316e+00
-9.353205e-02 7.824908e-01 -1.171134e-01 -3.428098e-01 -8.352308e-01 3.594398e-01 1.290619e-01 1.054053e+00 -1.010383e+00 -3.477781e-01 -4.808078e-01 1.667192e-01
2.188771e-01 2.393954e-01 2.121939e-01 -5.399637e-01 -1.138848e+00 7.206770e-01 -7.179566e-02 8.498210e-01 -9.999388e-01 -2.857818e-01 -3.433003e-01 8.640771e-02
1.528688e-01 3.413542e-01 -2.812606e-01 -9.980945e-02 -8.493913e-01 5.489589e-01 9.132051e-01 -1.396544e-01 6.242337e-02 -1.034462e+00 -1.132008e-01 -1.136051e-01
1.228066e-01 5.694560e-01 6.792798e-02 -2.319503e-01 -1.493495e+00 3.964754e-01 1.332558e-01 4.549300e-01 -5.653660e-01 -5.082002e-02 -3.036367e-01 -3.153287e-01
7.501458e-01 6.119112e-01 1.469644e+00 1.663650e+00 1.386257e+00 8.872611e-01 -1.669521e+00 -1.886218e+00 -3.196214e-01 6.751803e-01 1.424854e-01 -3.049755e-03
1.157485e-01 7.245021e-01 5.709958e-02 -2.536871e-01 -1.285494e+00 -2.274538e-01 1.969015e-01 1.178893e+00 -1.429813e-01 -4.040872e-01 -9.975049e-01 -1.259321e+00
3.980163e-01 1.015857e+00 -1.774437e-02 -1.245052e-01 -1.431273e+00 -6.124660e-01 3.778315e-01 -5.457349e-02 8.750004e-01 -1.001541e+00 -5.714087e-01 -5.694021e-01
-4.700466e-01 6.953280e-01 3.224258e-01 7.515931e-01 -1.375277e+00 3.572796e-01 1.263979e+00 -1.315930e-01 -1.229253e-01 -6.019566e-02 -4.573249e-01 -6.776208e-01
2.051678e-02 -3.521666e-01 -6.397268e-01 1.079467e+00 7.307990e-01 3.600748e-01 -7.241396e-01 6.906895e-01 6.067477e-01 6.546359e-02 7.781839e-01 -8.901890e-02
2.603714e-01 4.761494e-01 8.708007e-01 -7.117767e-01 -9.698524e-01 -2.513698e-01 -4.894494e-01 4.230448e-01 -1.897263e-01 -5.181244e-01 -5.845650e-01 -4.544786e-01
7.640920e-02 6.698159e-01 4.001344e-01 -4.366363e-01 -1.060245e+00 -4.777053e-01 4.885486e-01 4.410442e-01 -1.915414e-01 -6.810999e-02 -7.093795e-01 -6.007005e-01
9.819718e-02 2.682295e-01 8.654202e-01 -4.164013e-01 -6.409624e-01 -1.657548e-01 -1.016695e+00 -4.203768e-02 1.200729e-01 -2.552862e-02 -2.798714e-01 -4.577132e-01
1.093962e-01 2.325242e-02 7.357359e-04 -8.684823e-01 -8.356010e-01 4.996909e-01 -3.108461e-01 -1.311364e+00 -1.287629e+00 7.302820e-01 4.873969e-01 -1.925370e+00
4.415140e-01 1.200540e-01 4.794517e-01 -1.559995e-01 -7.175902e-01 -7.300417e-02 -4.297622e-01 -1.330899e+00 -7.718304e-01 9.892328e-01 -4.835388e-01 -1.944094e+00
2.464447e-01 5.480528e-04 5.030824e-01 8.139855e-01 -1.532730e-01 -3.479278e-01 2.129824e-01 -8.706208e-01 -5.387820e-01 5.501936e-01 -1.001987e+00 -1.177317e+00
1.518001e-01 4.867581e-01 1.149981e+00 9.435816e-01 5.691944e-01 -3.422129e-01 3.912342e-01 1.756898e-01 -3.063343e-01 -9.350595e-01 -8.247441e-01 1.909793e-01
3.393964e-01 5.092190e-01 6.129556e-01 1.476649e+00 1.644092e+00 3.202307e-01 -4.208535e-01 1.223770e+00 -9.961338e-02 -1.749539e+00 3.121601e-01 1.147554e+00
1.137390e-01 8.983433e-02 6.543656e-02 7.539902e-01 3.561543e-01 4.018985e-02 -5.080202e-01 1.111817e+00 5.600246e-01 -1.562759e+00 4.845936e-01 4.233575e-01
3.116279e-01 3.771639e-02 1.297843e-01 4.187157e-01 -8.754015e-01 -7.528812e-01 -4.101866e-01 1.093375e+00 7.303584e-01 -4.849735e-01 6.128183e-01 4.083965e-01
-1.614364e-01 -6.172080e-01 -6.918054e-01 -3.501623e-02 -1.059003e+00 -1.104140e+00 -4.922524e-01 -1.222928e-01 4.576534e-01 1.002793e+00 9.073259e-01 4.422949e-01
-1.792638e-01 -4.151868e-01 -4.049274e-01 -1.198119e+00 -4.772040e-01 8.013859e-02 -8.581377e-01 -1.309304e+00 -6.898357e-01 1.484439e+00 6.276828e-01 -6.720611e-02
1.257972e-01 2.800773e-01 -2.260316e-01 -9.111055e-01 9.818511e-01 1.310376e+00 -3.761136e-01 -9.776371e-01 -4.706460e-01 -3.030018e-01 -9.068655e-01 -2.616167e-03
-1.122346e-01 2.224136e-01 1.263393e-01 -6.035849e-01 1.158711e+00 1.932378e+00 3.507270e-01 -7.849283e-01 4.478656e-01 -2.541133e-01 -3.422177e-01 -7.811404e-01
1.745656e-01 5.778427e-02 3.488992e-01 2.758350e-01 1.492035e-02 1.055160e+00 1.032001e+00 1.479185e-01 -5.359314e-02 -1.722119e-01 3.618225e-01 -3.914745e-02
-1.070683e-01 -3.798808e-01 3.252231e-01 4.766239e-01 -1.011612e+00 1.975385e-01 9.062427e-01 5.814338e-01 -9.006510e-02 -1.748910e-01 1.710680e+00 9.810950e-01
5.015106e-02 -6.709927e-01 1.995372e-01 5.717276e-01 -1.282700e+00 -5.855125e-01 -5.452632e-01 -1.265714e+00 -1.687434e+00 -2.518927e-01 1.531401e+00 5.565802e-01
-9.904003e-03 -4.302412e-01 -7.415599e-01 -3.767182e-01 -1.166124e-01 -1.008020e+00 -1.260283e+00 -5.226660e-01 -3.907443e-01 4.110481e-01 1.067796e+00 3.608889e-01
5.871611e-02 1.594992e-02 -1.089867e+00 -9.637405e-01 2.167763e-01 -1.050187e+00 -4.476596e-01 -1.111241e+00 -6.992891e-01 -1.384604e+00 -1.011438e+00 -1.392686e+00
1.026870e-01 2.708212e-01 -5.852703e-01 -8.388165e-01 2.867742e-01 -4.665307e-01 -5.564521e-02 -4.746164e-01 -6.231757e-01 -6.221424e-01 -2.208461e+00 -2.447719e+00
9.922199e-02 6.467018e-02 -2.647294e-01 -2.974612e-01 4.997492e-03 4.275158e-01 6.721309e-01 1.321208e-01 1.764393e-01 -2.621422e-01 -1.838982e+00 -1.815088e+00
4.268421e-01 7.481999e-01 5.420573e-01 1.715435e-01 6.856489e-02 7.473882e-01 -5.045446e-01 -8.275276e-01 1.112008e-01 1.116144e+00 -5.582358e-01 -3.782156e-01
-7.694902e-01 -1.888787e-01 4.965300e-02 4.607174e-01 2.279111e-01 1.155665e+00 3.054962e-01 1.188457e+00 3.166907e-01 1.928574e-01 3.897963e-01 4.223817e-01
-4.907406e-01 -2.781088e-02 -2.864793e-01 1.759876e-01 1.091617e+00 1.196248e+00 6.140696e-01 3.996404e-01 -7.453501e-02 8.763315e-01 1.221018e-01 2.959225e-01
3.294010e-02 3.560977e-01 -1.875663e-01 -5.086149e-01 2.447848e-01 -1.391698e-01 -6.474724e-01 4.454196e-01 3.811844e-01 1.414203e-01 -1.096280e+00 -1.003695e+00
3.597059e-02 -2.215033e-02 -9.541302e-01 -1.068252e+00 -3.187243e-02 -2.038027e+00 -1.180089e+00 1.099590e-01 1.169471e+00 1.721431e+00 -3.402409e-01 -9.914299e-01
-4.820414e-02 -2.091889e-01 2.077579e-01 2.862420e-01 -3.562906e-01 -1.291409e+00 -5.911260e-01 -6.409576e-01 1.664071e+00 2.847975e+00 1.344648e+00 -1.767342e-01
2.122633e-01 3.788406e-01 -8.360600e-03 -7.453229e-01 1.826218e+00 5.171881e-01 -9.007063e-01 -1.045819e+00 -2.298836e-01 -6.010510e-01 8.297276e-01 1.512833e+00
3.865981e-02 8.693434e-01 1.018692e+00 -2.622693e-01 5.310711e-01 1.540620e-01 -1.161091e+00 -1.224390e+00 -7.581922e-01 -5.553066e-01 6.471130e-01 1.008874e+00
-4.382921e-01 4.356966e-01 9.899623e-01 -7.331574e-02 1.885642e-01 3.259026e-01 -9.946046e-01 -8.245544e-02 -8.136747e-01 -2.061706e-01 3.114980e-01 -4.095966e-01
-3.832956e-01 1.074027e-01 -6.623210e-01 -3.569065e-01 -6.277989e-01 -5.654162e-01 -2.004149e+00 -7.550306e-01 -9.461959e-02 -1.052482e+00 -1.135917e+00 -8.884972e-01
-5.710871e-01 -1.017375e+00 -2.045352e+00 -5.653384e-01 -1.263283e+00 -1.394989e+00 -1.231509e+00 -9.957887e-01 6.003858e-01 -8.875537e-02 1.214499e-02 1.240990e+00
-1.828793e-01 -7.782131e-01 -6.119531e-01 3.988034e-01 -8.858956e-01 -1.054108e+00 5.424725e-01 -1.851136e+00 -8.281169e-01 -1.633204e-01 5.058508e-01 1.964222e+00
5.441271e-01 4.370860e-01 1.064314e+00 3.951462e-01 -7.257937e-01 2.587371e-02 1.945493e+00 -2.761782e-01 -4.003834e-01 1.311912e-01 6.596906e-02 1.194548e+00
6.708174e-01 5.847080e-01 1.579630e+00 7.776309e-01 1.438800e-01 8.632296e-01 1.496485e+00 8.747484e-01 -7.718493e-01 5.423905e-01 4.262340e-01 3.072389e-01
2.156719e-01 5.197081e-01 -2.112050e-01 -5.461952e-01 8.459930e-02 4.717259e-02 1.746106e-01 1.490100e-01 1.372488e+00 -5.722984e-01 8.376386e-02 8.037429e-01
-1.074438e-01 -1.276650e-01 -8.925201e-01 -1.324391e+00 1.288731e+00 1.269022e+00 -8.208526e-01 1.058856e+00 1.569312e+00 7.459134e-01 4.885998e-01 6.040012e-01
1.574504e-01 2.018489e-01 2.614835e-01 3.634144e-01 -8.195965e-01 2.815878e-01 7.120716e-01 -3.645434e-01 2.959552e-01 -8.957197e-01 -1.399315e+00 1.854109e-01
-3.644289e-01 4.952030e-01 -9.098543e-01 4.733698e-01 8.218559e-01 -6.324167e-01 -1.540311e-01 -5.261964e-01 -8.013855e-01 -7.055891e-02 7.427807e-01 1.103569e+00
-9.871769e-01 9.305477e-02 6.658076e-01 -9.957585e-02 -9.284827e-01 1.069475e+00 1.171906e+00 1.196884e+00 4.624989e-01 4.975037e-01 -8.419043e-01 -1.701166e+00
2.000692e-01 3.031005e-01 2.760525e-01 1.418656e-01 -5.843261e-01 3.179917e-01 4.940013e-01 -4.407610e-01 3.881267e-01 -6.659196e-01 -1.508737e+00 4.486641e-01
-4.580228e-02 4.603366e-01 -5.516429e-02 2.788797e-01 -2.837608e-01 -1.366696e-02 7.341684e-01 -1.084078e+00 5.401729e-01 -7.936183e-01 1.236405e-02 1.886475e-02
2.547938e-01 -1.005741e-01 2.491694e-01 4.020568e-01 3.177517e-01 -2.079987e-01 -2.140540e+00 4.980283e-02 -6.298069e-01 -9.545139e-01 -2.086311e-01 -6.412809e-01
5.407326e-02 1.089220e-01 9.080027e-01 -1.619543e-01 -1.698933e-02 -1.756779e-01 -1.379861e+00 -3.802043e-01 1.182699e-01 3.063944e-01 6.060100e-02 -3.011931e-01
5.760168e-01 3.535746e-01 5.839540e-01 5.422972e-01 7.679741e-01 1.670361e+00 1.492834e-02 -4.015752e-01 9.448942e-01 1.152558e+00 -1.183205e-01 -2.112451e-01
-2.418125e-02 2.233464e-01 2.128780e-01 7.570321e-01 -6.590391e-01 -9.716916e-02 3.170471e-01 -6.457069e-01 4.300240e-01 -9.793696e-01 -6.867609e-01 -2.652865e-01
4.495580e-01 5.035801e-01 1.053897e+00 -6.285957e-01 -3.431776e-01 -5.572463e-01 -6.222102e-01 4.455153e-01 -6.904772e-01 1.668151e-01 -5.319274e-01 -1.772179e-01
-6.143922e-01 -2.750672e-01 -6.097821e-01 -1.312477e+00 2.891457e-01 1.053541e+00 -1.246557e+00 5.420003e-02 3.439392e-01 4.393288e-01 -1.083445e+00 -6.848704e-01
1.719679e-01 1.661139e-01 6.060869e-01 -5.953226e-02 -1.563015e-02 1.018218e-01 -2.139258e-01 -6.505235e-01 1.489682e-01 4.564180e-02 -1.090606e+00 6.124885e-01
-2.434091e-01 -1.444514e-02 2.524542e-01 2.492621e-01 1.716230e+00 -4.348121e-01 -2.001289e+00 -9.204220e-01 7.797907e-02 -4.774784e-01 7.361599e-01 2.818542e+00
1.123515e-01 2.039987e-01 4.216624e-01 5.235062e-01 1.423510e-01 1.736177e-01 -2.174019e-01 -1.112419e-01 1.111746e+00 1.887553e+00 1.205689e+00 8.732491e-01
1.212950e-01 1.263765e-01 8.055503e-01 -2.746699e-02 8.996411e-02 -2.783189e-02 -9.427849e-01 -6.626518e-01 8.712647e-02 3.259012e-01 -3.776810e-01 3.297663e-01
-6.989869e-01 -3.074996e-01 -1.031284e+00 -2.900291e-01 -6.868050e-01 -8.453392e-01 1.034190e+00 -1.656573e-01 -1.899967e+00 -2.054124e-02 3.945002e-01 5.747644e-01
-4.780233e-02 3.612798e-01 1.061752e-01 6.473939e-01 -1.053080e-01 -3.649770e-01 3.566000e-01 -1.366936e+00 7.459182e-01 -7.617353e-01 -3.113651e-03 -1.893315e-01
-1.090209e-01 3.313894e-01 1.733156e-01 9.914101e-01 -4.157141e-01 -2.939470e-01 6.501789e-02 -9.994911e-01 6.378557e-01 -8.079287e-01 -3.147077e-01 -3.938814e-01
-6.144803e-01 -5.574690e-01 -5.300025e-01 -5.860862e-01 -1.797863e+00 -1.877073e+00 -5.635206e-01 -4.721107e-02 -2.264433e+00 -2.384523e+00 -1.588159e+00 -5.917571e-01
-7.390369e-01 -2.048716e-01 -1.330437e-01 1.093046e-01 4.022200e-01 -1.821004e-01 3.286143e-01 6.534201e-01 3.901504e-01 4.115831e-01 3.164085e-01 2.071016e+00
-5.187603e-01 1.300103e+00 2.686310e-01 -3.781523e-01 -4.884661e-01 -7.578445e-01 1.283669e+00 2.129186e+00 -1.202842e+00 -8.570830e-01 7.042568e-01 -2.844569e-01
-8.841990e-01 -7.146319e-01 -1.132244e-01 -2.301922e-02 7.381629e-01 -5.535466e-01 -1.478451e+00 1.103217e-01 3.600852e-01 1.032893e-01 1.548533e+00 2.582586e+00
3.691137e-01 5.703058e-01 1.245145e+00 -4.064017e-01 2.827852e-01 -9.155407e-01 -6.899417e-01 1.268979e-01 -6.897311e-01 8.462493e-01 -3.344778e-01 -1.976828e-01
4.620391e-01 1.176098e+00 1.129643e-01 -7.001410e-01 -6.191328e-01 -9.654873e-01 9.078593e-01 -3.426936e-01 -1.599132e+00 -8.329321e-01 -9.310257e-01 -4.709914e-01
1.939638e+00 -1.886301e-01 -2.416616e+00 -2.571606e-01 1.471161e+00 -4.384515e+00 -1.771703e+00 3.066528e+00 1.274972e+00 -1.238636e+00 -1.366898e+00 1.569575e-01
-1.079745e+00 -1.723416e-01 -6.194228e-01 1.021927e-01 3.183315e-02 -5.941577e-01 1.094423e+00 5.833435e-02 -1.311757e-01 1.005287e+00 1.109684e+00 1.251770e+00
-2.071867e-02 6.687924e-01 1.234358e+00 -8.095112e-02 9.440571e-01 -1.091196e+00 -8.152162e-01 -1.994024e-01 3.330778e-01 1.050935e+00 -1.339085e-01 -7.019966e-01
4.956710e-01 -3.354325e-01 2.037681e-01 1.218397e+00 8.130668e-01 -1.029529e+00 1.560657e+00 2.826559e+00 4.568644e-01 1.710090e-01 -1.126580e-01 -2.628986e+00
-7.619958e-02 5.715959e-01 1.529770e-01 8.108107e-01 6.022650e-01 -4.575847e-01 1.591177e-01 2.117355e+00 1.499404e+00 -1.650025e-01 -2.682715e-01 -2.074157e+00
-3.266614e-01 9.196929e-01 7.262152e-01 2.776029e-01 8.679903e-01 -4.948806e-01 -4.331948e-01 8.392729e-01 1.728081e+00 2.228379e-01 -4.526430e-01 -1.745500e+00
-3.047300e-01 9.342944e-01 1.070590e+00 7.728958e-03 1.045765e+00 -6.167459e-01 -8.215033e-01 -3.030123e-01 1.134363e+00 9.357756e-01 -2.968425e-01 -9.634197e-01
7.895221e-01 -6.339667e-01 -4.681929e-01 2.633977e+00 1.788507e+00 -1.336358e+00 2.145039e+00 1.959825e+00 -3.005515e-01 5.014951e-01 6.759370e-01 -3.337592e+00
7.638044e-01 -2.081278e-01 -1.327188e-01 2.556970e+00 2.410312e+00 -1.364439e+00 2.619351e+00 1.438577e+00 -6.622037e-01 1.513017e+00 5.081066e-01 -3.794650e+00
-1.756782e+00 1.229828e+00 4.729602e-01 -6.197151e-01 -8.487229e-01 3.830356e-01 1.738819e+00 1.305582e+00 2.032161e-02 9.609862e-02 2.296916e-01 -8.280018e-01
1.977661e-01 -1.006323e-01 4.161001e-01 2.399896e+00 3.203218e+00 -2.850395e-01 3.855478e+00 2.236731e+00 -5.060829e-01 2.611624e+00 -8.895509e-01 -3.829817e+00
-6.896545e-01 6.323646e-01 1.104928e-01 1.909421e+00 4.609710e+00 1.400911e+00 2.342086e+00 1.963101e+00 -6.679703e-01 2.014098e+00 -2.125487e+00 -2.067264e+00
-1.734126e+00 1.648373e-01 2.501554e-01 2.769094e-01 -1.181831e-01 -1.380591e+00 -1.449347e+00 -1.424874e+00 -8.269205e-02 2.425028e+00 3.828477e+00 2.637589e+00
-1.472276e+00 1.567560e-01 -2.538112e-01 3.675815e-01 5.630078e+00 3.340218e+00 2.397846e+00 2.155825e+00 -3.643203e-02 5.186396e-01 -4.118421e+00 -2.191336e-01
-2.289379e+00 2.013499e+00 2.710944e-01 -8.461691e-01 -1.479711e+00 -5.090765e-01 2.076939e+00 1.584371e+00 -8.462071e-01 1.615749e-01 4.229574e-01 -1.078282e+00
-7.094727e-01 -6.856552e-01 -7.926935e-01 8.871149e-01 8.741201e-01 -7.579147e-01 -4.247536e+00 5.968674e-01 4.398399e+00 -1.170423e-01 -1.905112e+00 1.098299e+00
3.608283e-01 2.620297e+00 -1.185833e+00 -9.273183e-02 -1.647476e+00 -4.246755e+00 1.289627e+00 -4.984248e-01 -2.789854e+00 4.517131e-01 2.022964e+00 8.682209e-01
-2.203809e+00 -1.018450e-01 1.759610e-02 -5.790760e-01 1.342346e+00 -2.978335e-01 -2.263370e+00 5.739526e-01 1.185773e+00 1.074329e+00 2.620471e+00 2.662161e+00
-2.064582e+00 1.220576e-01 -9.607459e-01 -3.876585e-01 5.176867e+00 3.701654e+00 -4.099861e-01 3.539088e-01 -1.163762e+00 -9.695376e-01 -2.350718e+00 1.774149e+00
1.052769e+00 3.781856e+00 -5.576442e-01 -5.913405e-02 -2.239948e+00 -4.873477e+00 1.889912e+00 -1.365716e+00 -4.372631e+00 7.300041e-01 2.220731e+00 -5.660233e-01
-2.037410e-01 1.669421e-02 -1.737436e+00 3.309027e-01 8.650867e-01 -3.164846e+00 -3.556506e+00 1.562087e+00 3.508204e+00 -5.178995e-01 -2.671376e+00 2.088425e-01
-2.408599e+00 1.250396e-01 -4.850225e-01 -8.715872e-01 3.069686e+00 8.278263e-01 -3.291482e+00 -3.494117e-01 -7.061458e-03 -1.110841e+00 5.151797e-01 2.701003e+00
