4.958808e+00 2.438284e+00 -6.706698e-02 -5.831171e-01 -2.309381e+00 -6.164615e-01 -6.886345e-01 2.162011e-01 -2.218019e+00 -2.674647e+00 -2.482045e+00 -4.321494e+00
3.769651e+00 4.014055e-01 -4.166031e-02 -5.506815e-01 -3.567207e+00 3.151399e-01 -8.906809e-01 1.845066e+00 -1.255455e+00 -8.807306e-01 -1.384347e-01 -3.753412e+00
4.089827e+00 3.211153e+00 6.195164e-01 6.820403e-01 4.027950e-01 -1.873210e+00 -1.207276e+00 -5.606192e-01 -9.625729e-01 -1.289174e+00 -2.774124e+00 -3.177974e+00
1.125662e+00 -1.402590e+00 -5.397058e-01 -3.749145e-01 -4.267821e+00 5.812120e-02 -1.355959e+00 3.569239e+00 2.485782e-01 3.624195e-01 2.015512e+00 -2.744883e+00
-2.267907e-01 -7.622177e-01 1.159936e+00 -2.647048e+00 -3.047647e+00 -1.586257e+00 -3.039567e+00 -3.255737e+00 7.706939e-01 -3.963446e+00 2.225991e+00 -2.244810e+00
8.513203e-01 1.302959e-01 -1.272294e+00 -3.543154e+00 -2.222310e+00 -3.069499e-01 -1.430580e+00 1.026649e+00 1.483161e+00 -1.231706e+00 2.113016e+00 1.681174e-01
8.859814e-01 -2.849540e+00 -1.473271e+00 -2.995185e+00 1.374433e+00 5.200302e+00 2.238213e-01 1.877014e+00 -2.053271e+00 -3.226533e+00 -1.617912e+00 6.877806e-01
1.523866e+00 5.774616e-01 -1.114679e+00 -3.328126e+00 -3.766756e+00 2.245027e+00 -1.149399e+00 2.728076e+00 1.125055e+00 -2.709615e+00 1.512877e+00 -2.968314e+00
1.597404e+00 -1.715227e+00 -2.664401e+00 -3.614691e+00 7.868941e-01 1.606482e+00 -3.949040e+00 -1.957943e+00 -7.970258e-01 -2.119715e+00 3.129796e-01 -9.503208e-01
-4.714136e-01 -1.327676e+00 -1.489577e+00 -3.400432e+00 -5.434753e-01 -1.363823e+00 -8.600984e-01 9.615761e-01 1.993568e+00 -2.044107e-01 2.115120e+00 2.536733e+00
1.464943e+00 -7.558492e-01 -1.020430e+00 -3.378442e+00 -1.471195e+00 5.063909e+00 -7.873535e-02 3.611471e+00 -1.233398e-01 -3.785764e+00 -1.826767e-01 -2.515427e+00
6.586621e-01 -1.418251e+00 -8.476925e-01 -1.888954e+00 -2.122942e+00 -1.344151e+00 -2.658879e+00 -3.203547e+00 -2.727211e-01 -1.464025e+00 1.491230e+00 -2.887735e+00
8.518860e-01 -2.832179e+00 -9.557289e-01 -1.984673e+00 2.764382e+00 4.653620e+00 -2.823043e-01 5.790159e-01 -2.988729e+00 -2.035746e+00 -1.278723e+00 2.638333e+00
-1.758712e-01 3.025250e-01 2.207583e+00 4.330166e-01 -1.543682e+00 -1.309026e+00 -5.818835e-01 -1.549864e+00 -1.323372e+00 -2.311330e+00 1.398834e+00 -1.530486e+00
1.532327e+00 -1.341016e+00 -2.444750e+00 -2.752045e+00 1.435451e+00 1.127542e+00 -1.448433e+00 -1.861665e-02 -5.607985e-01 -9.986534e-01 4.784333e-01 -4.140055e-01
-1.547439e+00 -2.747144e+00 -1.924403e+00 -2.674210e+00 9.004099e-01 -2.630378e+00 -6.222322e-01 5.125917e-01 2.648679e+00 1.691769e+00 2.387534e+00 3.284151e+00
5.761521e-01 1.406533e+00 8.821081e-01 7.174372e-01 -2.218630e+00 6.583630e-01 1.641804e+00 -1.682692e+00 -2.246925e+00 8.802338e-01 -5.169861e-01 -1.043525e-02
7.202197e-01 -2.689854e+00 -3.659140e-01 -8.878002e-01 3.318803e+00 3.333495e+00 -1.221856e+00 -1.042790e+00 -2.940788e+00 3.069826e-01 -7.354559e-01 3.397600e+00
-1.105106e+00 -2.425210e+00 -6.581306e-01 -1.225790e+00 -2.007256e-01 -3.705969e-01 -5.815341e-01 2.879111e+00 2.655275e+00 1.648703e+00 2.568814e+00 6.482860e-01
9.304253e-01 7.719741e-01 -2.444541e+00 -1.728299e+00 -7.217075e-01 6.404924e-01 1.256457e+00 -1.835878e+00 -1.487136e-01 1.031654e+00 1.372703e+00 1.367937e+00
8.982226e-01 -4.139598e-02 -2.636001e+00 -8.590510e-01 2.120297e-01 -6.358213e-01 -1.005170e+00 -1.994052e+00 -1.184827e+00 9.907457e-01 1.143887e+00 -1.099105e+00
6.594003e-01 -4.528381e-01 -1.188889e+00 -1.698070e+00 -3.166308e-01 6.949559e-01 -2.169787e+00 -2.301380e+00 -1.353332e+00 -1.456487e+00 1.170182e-01 -2.688844e-01
3.375155e-01 5.664138e-01 -4.292448e-01 -7.792945e-01 8.027647e-01 -4.921184e-01 -1.400061e+00 -7.639448e-01 -1.061754e-01 6.331369e-01 2.307776e-01 3.374631e-01
3.359841e-01 2.950733e-01 -6.967642e-01 -3.903047e-01 -4.972052e-01 -7.842650e-01 -1.960546e+00 -2.962352e-01 -1.012642e+00 -5.322520e-02 -5.170384e-01 -8.998477e-01
-4.172517e-01 -1.198018e+00 -1.135170e+00 2.082104e+00 2.413530e+00 -1.177597e+00 -1.530996e+00 -2.745419e+00 1.533096e+00 1.528056e+00 -2.992781e-01 5.195322e-02
3.096344e-01 -1.896241e+00 -5.421399e-01 3.527855e-01 3.316784e+00 9.858032e-01 -1.976436e+00 -2.297997e+00 -1.855709e+00 1.781780e+00 -1.194968e-01 2.592249e+00
2.511911e-01 6.969520e-01 -1.221299e-03 -5.604290e-01 -1.040039e+00 -5.074481e-01 -2.055527e+00 -2.323040e+00 -1.334029e+00 -1.918576e+00 -9.197410e-01 -1.841036e-01
1.412217e-01 1.401611e+00 9.555290e-01 1.085838e+00 9.931147e-01 -1.422046e-01 1.495077e+00 8.346618e-01 -6.797384e-01 -9.408905e-01 -1.422650e+00 2.688623e-01
7.174091e-01 4.944053e-01 -3.795171e-01 -4.210702e-01 7.684764e-01 1.037349e+00 1.339354e+00 -1.033948e-01 3.795069e-02 -9.454022e-02 5.737290e-01 1.508567e+00
2.841001e-01 4.017225e-01 5.159521e-02 -5.927982e-02 -1.087814e+00 -3.195285e-01 -1.307821e+00 -3.570264e-01 -2.423670e+00 -2.042636e+00 -4.683637e-01 1.296628e-01
-4.453607e-02 4.890091e-01 4.032924e-01 -8.509260e-01 -1.972402e-01 -2.870754e-01 -8.927639e-01 -1.402938e-01 1.013894e+00 1.170322e+00 9.685742e-01 1.443051e+00
3.703181e-01 -3.071622e-01 -1.004726e+00 3.547164e-01 1.085767e+00 1.320334e+00 1.109500e+00 1.581691e+00 6.408030e-01 1.228643e-01 -7.180458e-01 -1.245278e+00
3.317359e-01 8.280323e-02 -2.630008e-01 4.281239e-01 -4.754450e-01 -1.838842e+00 1.205419e-01 3.484026e-01 -6.438573e-01 4.163235e-01 -1.003554e+00 -1.000500e+00
1.383720e+00 2.033435e+00 1.995367e+00 1.772543e+00 2.287196e+00 -5.916026e-01 -5.712490e-01 5.299662e-01 3.323187e-01 -8.767134e-01 -2.226059e+00 -1.779420e+00
-2.451363e-01 -1.608114e+00 -8.045853e-01 1.254627e+00 2.551095e+00 4.821892e-02 -2.126373e+00 -3.023354e+00 2.185171e-01 2.017540e+00 1.126279e-01 1.354787e+00
-1.294898e-01 2.133189e-01 7.201083e-01 8.144396e-01 9.690450e-01 4.632091e-01 -3.384980e-01 -9.464475e-01 -1.786614e+00 -1.432237e+00 -2.837106e-01 1.200698e+00
-2.698393e-01 1.372597e+00 1.075171e+00 1.625481e+00 1.742748e+00 -5.591370e-02 6.263229e-01 -2.817538e-01 -1.157671e+00 -1.233754e+00 -3.737403e-01 1.247473e+00
-3.565685e-01 -6.572828e-02 8.976944e-01 4.099772e-01 9.101469e-01 2.526687e-02 -8.893105e-01 -1.319208e-01 -4.090597e-02 7.349590e-01 5.076729e-01 4.228607e-01
-8.531612e-01 -6.729327e-01 9.418659e-02 2.604583e+00 7.556456e-01 -3.053514e+00 3.303846e-01 -6.046259e-01 2.303825e+00 1.095239e+00 -1.954099e+00 -1.153274e+00
-4.101683e-01 3.262708e-01 -7.491431e-02 7.741210e-01 1.249009e+00 1.514584e+00 1.206516e+00 4.649734e-01 -3.944813e-01 -9.281014e-01 -9.404873e-01 -1.118764e+00
2.761300e-01 -7.669980e-01 -1.115877e+00 -9.600973e-03 -3.695413e-01 7.358240e-01 1.139329e+00 2.380211e+00 1.327221e+00 7.468758e-01 -1.177824e+00 -1.456423e+00
-6.629950e-01 -5.550488e-01 -8.139073e-01 2.704099e+00 1.790914e+00 -2.592810e+00 -5.672983e-01 -1.783489e+00 2.717629e+00 6.931489e-01 -7.386538e-01 -9.961392e-01
3.500213e-01 -4.663255e-01 -7.952345e-01 -5.222892e-01 -1.282632e+00 3.282723e-01 1.466548e+00 1.939794e+00 1.554675e+00 -1.220770e-01 -7.069730e-01 1.880364e-01
-4.525314e-02 1.182310e-01 1.005428e-01 6.029118e-01 -2.030759e-01 5.666040e-01 5.491871e-01 2.738453e-01 -1.240579e+00 -2.913703e+00 -1.817202e-01 1.115564e+00
9.587717e-02 1.033755e+00 -1.384106e-02 -3.900801e-01 1.540634e-01 1.637525e-02 1.627987e-01 1.352151e-01 -1.652000e-01 7.841296e-01 3.018431e-01 1.006602e+00
2.251621e-01 1.083017e+00 -6.493888e-01 1.267345e+00 -1.504880e+00 1.185774e-01 1.366030e+00 -1.867198e+00 7.709483e-01 -2.146316e+00 -7.019919e-01 -3.383379e-01
-9.264620e-01 -2.686076e-01 6.644254e-01 2.800701e+00 -2.565999e-01 -3.038339e+00 9.317753e-01 9.215676e-01 1.825670e+00 9.854223e-01 -2.520064e+00 -6.558710e-01
-1.154042e+00 1.576405e-01 8.972173e-01 2.099718e+00 -2.677437e+00 -1.077583e+00 3.228052e-01 1.293659e+00 8.538395e-01 -1.203157e+00 -1.435510e+00 1.957994e-01
2.152167e-02 1.807160e-01 3.195206e-01 1.006451e-02 -3.795143e-01 -1.162189e-01 -1.261455e-01 -1.995430e+00 -4.077892e-02 -2.817070e+00 -6.329659e-01 2.564392e-01
-1.153177e+00 -3.223218e-01 9.692577e-01 2.484177e+00 -2.092333e+00 -1.949438e+00 6.732801e-01 8.884444e-01 1.730214e+00 -3.879609e-01 -2.269671e+00 -6.242779e-01
-3.557011e-01 1.903412e-01 1.582546e+00 -2.402920e-01 6.223536e-01 8.239069e-02 -5.399359e-01 -9.593609e-01 -4.576903e-01 -1.910908e+00 -1.938157e-01 8.546759e-01
-1.764082e-01 -3.193887e-01 -2.116770e-01 -1.053442e+00 -1.076422e+00 3.728414e-01 1.284048e+00 1.349802e+00 1.051180e+00 -1.716810e-01 -2.653771e-01 1.047161e+00
-3.135645e-01 -2.972799e-01 -1.976957e-01 2.820246e-01 9.022589e-01 -2.029457e-01 -3.020219e-01 -2.941519e-01 2.242106e+00 2.571569e+00 1.179089e+00 3.085487e-01
-6.121723e-01 -4.158129e-01 -3.058020e-01 1.970531e-01 1.541465e-01 6.393183e-01 1.431529e+00 7.070664e-01 4.226760e-01 -7.285149e-01 -3.759910e-01 -8.435782e-01
-5.693351e-01 3.907329e-01 1.538746e+00 5.396355e-01 1.742242e+00 -1.376341e+00 -6.109703e-01 -2.958907e-01 -8.521006e-01 -8.899300e-01 -4.620628e-01 3.830992e-01
-6.971628e-01 1.686397e-01 2.038412e+00 -4.713723e-01 -3.165299e-01 -5.883926e-01 -1.815275e-01 1.154933e+00 -1.034916e+00 -7.017460e-01 -8.263291e-01 2.205197e+00
-1.184642e+00 6.476064e-01 1.268207e+00 1.262117e+00 -2.574541e+00 -3.016722e-01 -1.144253e-01 1.756644e+00 1.797157e-01 -1.822297e+00 -9.180245e-01 1.324057e+00
-9.800037e-01 3.976026e-01 1.691121e+00 1.203211e-01 -1.790525e+00 -2.535215e-01 -7.694637e-01 1.825680e+00 -1.199653e+00 -1.489306e+00 -9.387257e-01 1.864582e+00
-8.852253e-02 3.187269e-01 2.005118e+00 1.039220e+00 1.462302e-02 8.179029e-01 -8.928236e-01 -2.357621e-01 -1.146967e+00 -3.102672e-01 -1.717399e+00 -9.575294e-01
-5.932911e-01 6.809536e-01 2.020029e+00 1.340361e+00 -1.262732e-02 3.393469e-02 1.209547e+00 8.009350e-01 1.020245e+00 -1.041616e+00 -1.101361e+00 7.087005e-01
-2.980444e-01 -2.333529e-01 1.848675e+00 -5.563103e-01 5.560378e-01 -6.616424e-01 -3.161572e-01 1.106779e-01 -3.223552e-01 -1.257409e+00 -1.960514e-01 1.255070e+00
-4.882048e-01 9.238802e-01 1.436224e+00 2.027267e+00 2.078346e+00 2.248290e-01 6.235842e-01 -4.195541e-01 -3.059115e-01 4.688973e-01 -2.095526e-01 1.690811e-01
-3.483470e-01 1.024374e+00 6.518431e-02 1.117936e-01 3.748830e-01 1.990927e-01 -3.355509e-02 -1.924392e+00 -1.422172e+00 -1.828052e+00 -3.925529e-01 1.240916e+00
-5.435721e-01 1.320361e+00 4.486276e-01 7.464971e-02 1.008001e+00 9.352374e-01 -2.574119e-01 -1.509014e+00 3.841050e-01 -1.380814e-01 1.500370e-01 8.747225e-02
-7.892942e-02 5.259134e-01 9.663627e-02 -1.409028e+00 -3.869494e-01 8.862022e-01 -1.098673e+00 9.679464e-01 2.237216e+00 2.283767e+00 2.257720e+00 5.316184e-01
-7.073237e-01 -5.859371e-01 -3.551838e-01 -2.018623e-01 1.246872e-01 -6.005524e-01 -2.721691e-02 3.015265e-02 2.329802e+00 2.162106e+00 9.012847e-01 -5.501671e-02
-5.644611e-01 4.354758e-01 -7.714207e-01 -5.353655e-01 -5.017112e-01 1.231651e-01 6.899483e-01 1.162005e-01 5.734933e-01 6.421272e-01 -7.399836e-01 -1.303593e+00
5.222709e-02 3.176978e+00 -1.291965e+00 2.763522e+00 -2.303307e+00 -2.282912e+00 2.152273e+00 -1.866532e+00 -5.985409e-01 7.322506e-01 -1.384466e+00 -2.403283e+00
-4.843200e-01 6.276169e-01 1.178853e+00 2.601568e+00 2.096938e+00 1.687778e+00 2.176245e+00 -1.213919e+00 3.942918e-01 7.564964e-02 8.474159e-02 3.681850e-01
-4.931840e-01 9.546559e-01 -8.836118e-01 -6.418187e-01 1.891444e-01 3.302220e-01 6.837074e-02 -1.105698e+00 6.998141e-01 1.324046e+00 -1.931442e-01 -3.015691e-01
6.385840e-01 -4.628064e-01 2.068062e+00 7.565077e-02 6.785541e-01 2.728269e-02 -9.931532e-01 1.360752e-01 -2.017668e-01 -1.199702e+00 8.547196e-01 -5.551052e-02
-1.093441e+00 1.524148e+00 2.665529e+00 3.595889e+00 -4.321115e-01 -2.468325e+00 1.714527e+00 1.220888e+00 -5.324408e-01 -1.851902e-01 -2.143466e+00 -1.335256e+00
6.677888e-01 1.065154e+00 2.796195e-01 1.934183e+00 -9.416114e-01 1.583723e+00 2.096719e+00 -7.185454e-01 -4.245099e+00 1.678412e+00 -2.942922e+00 -4.243691e-01
4.433081e-01 3.482196e+00 -5.377847e-01 3.152133e+00 -1.882476e+00 -3.340562e+00 1.190279e+00 -1.248555e+00 -2.158381e+00 3.052977e+00 -1.549936e+00 -4.441359e+00
-5.711021e-01 -2.032983e-01 3.559633e-01 2.206982e+00 2.906673e+00 1.704575e+00 2.475495e+00 -9.909384e-01 -1.929111e-02 6.426565e-01 -5.379278e-01 -8.609428e-02
4.307044e-01 -2.399675e-01 1.708577e+00 2.012417e+00 5.656586e-02 2.692941e+00 1.263350e+00 7.550487e-01 -2.644209e+00 1.596556e+00 -2.648267e+00 -3.473428e-01
-1.661501e+00 1.197916e+00 3.323215e+00 4.335289e+00 -1.177624e+00 -1.962362e+00 3.164182e+00 8.068097e-01 -5.782213e-02 3.102265e-01 -2.101742e+00 -7.802850e-01
9.727226e-01 1.173529e+00 1.583348e+00 1.753670e+00 -4.072804e-01 -1.241481e+00 -6.357466e-01 -1.374933e+00 -8.478489e-01 9.427797e-01 6.379812e-01 -2.984296e+00
-1.159633e-01 -4.317161e-01 -1.387447e+00 -3.512556e+00 -1.459630e+00 2.506324e-01 -3.428153e-01 2.289243e+00 3.271729e+00 2.690519e+00 4.559952e+00 2.791619e+00
8.588367e-01 2.766877e+00 8.796496e-01 3.164617e+00 -1.691463e+00 -1.820073e+00 3.915729e-02 -1.109555e+00 -1.728076e+00 3.097270e+00 -8.479681e-02 -4.533481e+00
-4.148062e-01 1.493692e-03 1.143269e-01 7.702456e-01 3.568148e+00 1.046155e+00 2.413517e+00 4.544106e-01 4.409491e-01 2.419942e+00 4.416662e-01 8.437233e-01
-2.136385e-02 3.728330e-02 -8.101044e-01 -3.294294e+00 -2.881730e-01 -7.573782e-01 8.479334e-01 3.657466e+00 4.012612e+00 4.301515e+00 5.272704e+00 4.007071e+00
-1.954847e-01 3.296726e-02 -4.081511e-01 -8.093937e-01 3.103357e+00 -1.290284e-01 3.077932e+00 1.656528e+00 1.126118e+00 3.084108e+00 2.163185e+00 2.728336e+00
1.606243e-01 1.558204e-01 -6.830472e-01 -2.013251e+00 1.528312e+00 -8.381545e-01 2.480226e+00 3.783230e+00 3.387625e+00 4.428975e+00 2.936006e+00 2.517699e+00
