4.553912e+00 -2.764343e+00 -1.827157e+00 -1.788048e+00 -7.193057e-01 -4.131387e+00 -2.209899e+00 -5.667998e-01 -5.796062e+00 2.721078e-01 -1.415348e+00 -4.394365e+00
5.108361e+00 -7.721030e-01 -1.755530e+00 -7.960950e-01 -1.174731e+00 -5.514501e+00 -1.754078e+00 8.329200e-01 -7.615828e+00 3.250012e-01 -4.497927e-01 -3.998118e+00
1.959814e+00 -3.339663e+00 -2.379472e+00 -6.412330e-01 -1.162452e+00 -9.324841e-01 -1.412890e+00 -7.998201e-01 -1.006516e+00 -6.146390e-01 -2.950528e+00 -3.627300e+00
4.884082e+00 1.359542e+00 -2.505300e+00 -2.220670e+00 -1.262308e+00 -3.687780e+00 -1.726089e+00 1.562487e+00 -6.153735e+00 6.817003e-02 4.159575e-01 -2.370664e+00
-2.216498e+00 -3.714950e+00 1.598548e+00 -1.043556e+00 -1.266525e+00 1.960001e+00 -9.625301e-01 -1.033643e+00 2.045438e+00 3.460594e-01 -5.845232e-01 8.849211e-01
1.642252e+00 -1.797972e-02 -2.607951e+00 1.854197e+00 -6.243224e-01 3.736393e-01 -6.185046e-01 -1.244850e+00 1.860700e-01 -1.653859e-01 -7.640831e-01 -1.484341e+00
-1.257587e+00 -3.536469e+00 1.494786e+00 -9.883045e-01 -2.084726e+00 2.945235e+00 7.980153e-01 -2.152026e+00 2.244911e+00 7.316080e-01 -1.003756e+00 -1.467508e+00
-1.865917e+00 -1.866940e+00 4.487736e-01 9.578568e-01 4.897117e-01 1.135514e+00 -2.029449e+00 8.857241e-01 -1.801718e-01 -1.285043e+00 -1.524489e+00 4.565620e-03
6.414383e-01 -2.084965e+00 2.527291e-01 -3.179362e+00 -1.970171e+00 3.334147e+00 -1.069987e-01 -2.351611e+00 3.418702e+00 3.215608e-01 -6.712393e-01 -1.719225e+00
1.476863e+00 8.913935e-01 -2.019369e+00 1.453438e+00 -8.680116e-01 2.677482e-01 -1.445091e-01 -7.970001e-01 9.312878e-01 -4.708413e-01 3.988991e-02 -2.181249e+00
-8.643793e-01 -6.358755e-01 -1.081450e+00 1.650755e+00 1.789518e+00 9.982510e-02 -1.645392e+00 4.483097e-01 -5.795072e-01 -1.523014e-01 -8.344628e-01 7.083447e-01
7.252006e-02 5.489088e-01 -2.298166e-01 -7.800204e-01 5.561330e-02 3.606769e-01 7.276744e-01 -1.920794e-01 2.604244e-01 -1.390209e-01 4.305188e-02 -1.117474e-01
-3.100486e-01 -6.462879e-01 4.040024e-01 2.677868e-01 7.786616e-01 2.721649e+00 2.338295e+00 2.223167e+00 2.388244e+00 1.207598e+00 1.086145e-01 1.805082e+00
-5.646527e-01 -7.607355e-01 1.022982e-01 1.164892e+00 1.862425e+00 2.596295e+00 2.306300e+00 1.901490e+00 1.335367e+00 7.783793e-01 -5.864461e-01 1.039884e+00
-4.447870e-01 -6.233670e-01 -4.686565e-01 2.340704e+00 2.626499e+00 5.813746e-01 4.415095e-01 1.148344e+00 1.049413e+00 4.479327e-01 -1.107814e+00 1.082625e+00
-6.517120e-02 2.208157e-01 -1.164158e-01 -2.399338e-01 -7.818330e-01 6.071436e-01 6.621283e-01 5.416908e-01 1.564327e+00 5.624503e-01 1.260333e+00 -4.037453e-01
-4.353586e-01 3.424759e-01 3.822068e-01 2.107386e-01 1.174797e+00 -6.859860e-01 7.886859e-01 5.666324e-01 2.539563e-01 -1.245803e-01 -2.986375e-01 1.269472e+00
-8.891835e-02 5.188621e-01 -8.394680e-02 -2.397413e-02 5.743312e-01 -5.835108e-01 -1.719316e-01 3.702480e-01 6.198901e-01 -5.312551e-01 -1.373689e+00 1.459591e-01
-5.002857e-01 1.992096e-01 -7.578584e-01 -2.436571e-01 7.348891e-01 8.661968e-01 3.766077e-01 7.144647e-01 1.027921e+00 3.286304e-01 -4.701312e-01 1.214848e-02
-1.082065e+00 -6.354598e-01 -6.646469e-01 1.997320e-01 1.873195e-01 1.518293e+00 7.938794e-01 -3.233253e-01 -4.148184e-01 -2.721252e-01 -8.844777e-01 6.591629e-01
-1.160927e+00 -1.418483e+00 -6.550336e-01 3.488002e-01 4.123174e-01 8.690790e-01 -2.023641e-01 -7.913721e-01 -8.339317e-01 3.837778e-01 1.176252e+00 1.561214e+00
-1.046038e+00 -1.035416e+00 8.323653e-02 4.654767e-01 -7.010115e-01 -1.224894e+00 -2.519004e-01 3.650904e-01 3.766122e-01 -6.104630e-01 -4.804535e-02 4.835333e-01
-5.651835e-01 -3.911382e-01 7.661653e-01 -2.466769e-02 -4.572271e-01 -1.685741e-01 -7.561668e-01 -3.707517e-01 -6.149259e-01 -2.424356e+00 -1.209272e+00 4.860252e-01
-3.808343e-01 3.581057e-01 7.410923e-01 2.233567e-02 6.020120e-01 1.010298e+00 9.590753e-01 3.263053e-01 -8.068441e-01 -1.981150e+00 -1.962272e+00 4.164510e-01
-1.124569e-01 9.034416e-01 6.247805e-01 6.844804e-01 1.163732e+00 1.853727e+00 9.861084e-01 4.493238e-01 -6.806608e-01 -1.556822e+00 -2.559784e+00 -4.345856e-01
1.805782e-03 4.552232e-01 3.005800e-01 7.653970e-01 1.471245e+00 1.893584e+00 9.990476e-01 3.221315e-01 -2.223890e-01 -3.204504e-01 -3.823347e-02 2.601626e-01
-1.381636e-02 1.757669e-02 8.382583e-02 6.190190e-01 5.236019e-01 8.307700e-02 2.196712e-01 6.588371e-01 1.178676e+00 1.342001e+00 3.099559e-01 -1.248176e+00
-5.367342e-01 -6.713318e-01 -2.813726e-01 -8.544598e-02 -4.570964e-01 -9.144759e-03 1.365000e+00 -6.140082e-01 -5.520506e-01 1.656653e-01 8.990219e-01 3.756486e-01
-2.307643e-01 9.247897e-01 8.113598e-01 1.467587e+00 8.496760e-01 2.027824e-01 3.668881e-03 6.355155e-01 1.033521e+00 7.286863e-01 7.652020e-01 1.027075e+00
-4.974150e-01 -5.272977e-01 -7.178559e-01 1.398286e-01 8.893349e-01 -3.867685e-01 1.928601e-02 1.921900e-01 -4.836046e-01 2.642471e-01 8.339021e-02 1.049081e-01
-1.883716e-01 4.708633e-01 -1.690435e-01 1.429474e-01 6.160315e-01 6.964864e-01 4.497038e-01 -1.196942e+00 -1.487842e+00 -5.536407e-01 9.969761e-01 -8.791370e-01
1.566536e-01 -2.500270e-01 1.209545e+00 -1.325388e+00 -4.375248e-02 1.445017e+00 -9.033831e-01 -1.449546e+00 8.552769e-01 1.219232e+00 7.086065e-01 1.896496e-01
5.165739e-01 -6.146719e-01 8.631571e-01 -8.670185e-01 4.999281e-01 -1.706479e-01 -3.621668e-01 -1.000476e+00 3.893782e-01 2.828097e-01 1.047059e+00 3.825277e-01
-4.378033e-01 6.165376e-01 1.363065e-01 7.009190e-01 6.781031e-01 1.351218e-01 -5.261839e-01 -5.369511e-02 -2.740687e-01 -5.185850e-01 1.588972e-01 -7.083376e-01
-1.379506e-01 4.979070e-01 -1.563990e-01 4.679739e-01 -1.014113e+00 -7.400907e-01 -8.201591e-01 2.621636e-01 1.020166e+00 -4.017251e-01 -1.373600e-01 -1.851034e-02
-1.986258e-01 6.256336e-01 4.639412e-01 -1.802554e+00 -8.894097e-01 2.165967e+00 -1.918133e+00 -2.104407e+00 1.033622e+00 1.069665e+00 -1.152636e-01 -1.824802e-01
7.830947e-01 -4.299901e-01 2.650248e-01 -4.787508e-01 9.715346e-01 -1.005248e+00 -6.136743e-01 3.353443e-01 -1.132992e+00 -7.245226e-02 1.361303e+00 5.996181e-01
4.316558e-01 1.491729e+00 2.671789e-01 -8.928151e-01 -7.173486e-01 6.402201e-01 -2.772430e-01 1.115682e-01 5.643927e-01 -4.547502e-01 6.771792e-01 -8.509296e-01
-3.898104e-01 2.009145e-01 -1.537796e-01 -4.078790e-01 -2.947215e-01 -7.054397e-01 6.236321e-01 -1.220102e-01 -6.910399e-01 -5.462422e-01 -1.590266e+00 5.049605e-01
1.172232e+00 4.820056e-01 -2.153828e+00 -4.120592e+00 -1.755146e+00 3.965418e+00 -5.885067e-02 4.571674e-02 2.237840e+00 -2.210134e-01 -3.371969e-01 -1.264043e+00
3.489790e+00 3.690128e+00 -2.768546e+00 -1.587664e+00 -1.211057e+00 -1.708014e-01 -8.700756e-01 1.456232e+00 -3.593118e+00 3.359356e-02 7.596637e-01 -9.156774e-01
-5.238533e-04 1.798009e+00 -3.607359e-02 -1.043837e+00 2.815427e-01 -1.425572e-01 -3.114280e-01 1.271755e-01 1.137902e-01 7.825010e-01 8.880129e-01 4.788031e-01
5.519565e-01 1.561677e+00 -7.005720e-01 -7.556908e-01 -3.446938e-01 4.933151e-01 -1.112030e+00 -2.720480e-01 -1.583309e-01 5.619946e-01 1.335264e+00 -4.875015e-01
7.191936e-01 -7.528730e-02 -9.587641e-02 2.128664e-01 1.558565e+00 -1.831038e+00 6.432362e-02 6.016716e-01 -1.398967e+00 -7.590922e-01 1.764569e+00 1.083948e+00
-4.025499e-01 6.800326e-01 6.634541e-01 1.124965e+00 1.058709e+00 -7.971372e-02 1.769655e+00 1.239157e+00 3.782987e-01 5.196325e-01 -1.296466e+00 1.205292e+00
-6.801293e-01 1.956129e+00 -3.508911e-02 -1.180855e+00 -1.956832e-01 -9.263304e-01 2.645639e-01 -6.021103e-01 -1.505447e-01 1.053240e+00 -4.529371e-01 7.462040e-01
3.727995e-01 1.278952e+00 3.965178e-01 -1.765473e+00 -8.454485e-01 2.540176e+00 -1.412533e+00 -1.320525e+00 7.405644e-01 1.270046e+00 4.642132e-01 1.437664e-02
5.095983e-01 1.381070e+00 1.872799e-01 -1.690172e+00 -1.014583e+00 2.243479e+00 -1.862101e+00 -4.611968e-01 -2.558393e-02 8.576026e-01 1.024643e+00 -4.125900e-01
5.485086e-01 -3.314895e-01 -4.506397e-02 -8.097744e-02 1.155389e+00 -1.786642e+00 -5.947825e-01 4.298831e-01 -2.845776e+00 -1.119338e+00 1.524171e+00 4.779043e-01
-3.048198e-01 2.044055e+00 5.106633e-01 -1.844941e+00 2.449371e-01 -3.365727e-01 4.957330e-01 1.684804e-02 -4.856278e-01 8.018067e-01 3.372394e-01 1.990181e-01
3.880530e-01 -8.397993e-01 1.143306e+00 2.490192e-01 -4.158974e-02 -4.264010e-01 -1.080393e-01 -6.118197e-02 -3.221565e+00 -7.215438e-01 1.406815e+00 4.082125e-01
-6.188025e-01 5.511191e-01 2.365564e-01 -2.965102e-01 -6.060190e-02 -2.606501e-01 9.080494e-01 2.755175e-02 5.976149e-01 4.595208e-01 -1.377873e+00 9.333330e-01
-2.131535e-01 5.705659e-01 -6.296206e-01 -8.051214e-01 -3.839327e-01 4.235778e-01 1.433524e-01 -1.133062e+00 1.766504e+00 1.806913e+00 1.165743e+00 1.558830e+00
-7.194810e-02 -7.738653e-01 2.313120e+00 1.182390e-01 -1.391125e+00 2.135854e-01 8.618194e-01 -5.153240e-01 -2.475382e+00 -1.586918e+00 3.947845e-01 7.136917e-01
-7.467262e-01 -5.392819e-02 2.231957e+00 -9.487896e-02 -1.879564e+00 5.420347e-01 9.407789e-01 1.910355e-01 -2.230476e+00 -3.375886e+00 1.097083e-01 1.004648e+00
9.575285e-02 1.174010e+00 8.738475e-01 4.154625e+00 -3.576805e-01 -1.409647e+00 5.853073e-01 -1.269150e+00 9.813023e-01 2.092907e+00 -3.684062e+00 -2.902389e+00
-7.626730e-01 2.152807e+00 1.043396e-01 2.520636e+00 -2.432418e+00 -1.321797e+00 1.972957e+00 2.329144e+00 1.609053e-01 -4.141010e+00 -1.016835e+00 -1.834592e+00
-1.183187e+00 1.162395e+00 1.019446e+00 5.010945e-01 -2.238736e+00 1.369240e-01 1.190787e+00 8.952891e-01 -1.750849e+00 -5.524606e+00 -1.601874e-01 1.599828e+00
-9.189244e-02 1.335631e+00 3.025340e-01 3.573594e+00 -1.644083e+00 -1.655451e+00 1.260148e+00 1.063720e+00 4.231814e-01 -8.254124e-01 -3.218555e+00 -2.690577e+00
-1.210104e+00 2.063849e+00 2.145534e-01 1.251006e+00 -2.402412e+00 -7.662972e-01 1.466991e+00 2.059639e+00 -9.803408e-01 -6.059046e+00 -5.443425e-01 1.674731e-01
-3.830677e-01 9.834288e-01 1.910763e+00 5.112716e+00 1.296696e+00 -6.790653e-01 -1.023775e+00 -4.177999e+00 -2.196999e-01 2.788768e+00 -1.651301e+00 -1.316151e+00
-8.198339e-01 2.579277e-01 3.484953e+00 5.732967e+00 2.532058e+00 3.426437e-01 -6.746944e-01 -3.580172e+00 -3.728645e-01 1.910682e+00 1.694783e-01 -1.400881e-01
-1.254107e-01 4.621947e-01 -9.598699e-01 -2.071612e+00 -1.342623e+00 -1.118793e-01 -2.034680e-01 -2.300225e-01 4.019181e+00 3.102669e+00 3.243518e+00 2.587542e+00
-7.916427e-01 5.724823e-02 3.962322e+00 5.140512e+00 3.552476e+00 2.673245e-01 1.676603e+00 -1.190315e+00 1.924748e-01 9.617607e-01 1.610500e+00 2.206663e+00
-5.997725e-01 -3.250113e-01 2.670551e+00 2.707122e+00 5.044696e+00 4.602111e-01 2.358240e+00 1.386138e+00 4.157917e-01 -3.408064e-01 1.146571e+00 3.546159e+00
-3.230918e-01 4.328459e-01 -5.438068e-01 -2.604044e+00 -9.271343e-02 -1.040553e-01 -3.439509e-01 1.016495e+00 4.060845e+00 2.696878e+00 3.211212e+00 2.142612e+00
-4.236564e-01 7.808533e-01 4.390572e-01 -1.819530e+00 2.866993e+00 -2.043688e-02 1.488072e+00 2.305728e+00 3.305501e+00 1.812178e+00 2.727476e+00 2.781552e+00
-4.344001e-01 -3.960061e-03 1.341546e+00 -6.259710e-01 4.163922e+00 5.489560e-01 2.933030e+00 3.347229e+00 1.948616e+00 1.520755e-01 6.582664e-01 2.877172e+00
