1.649854e+00 -1.404106e+00 -5.294545e-01 -2.242426e+00 5.641043e-01 -3.183624e-01 6.223341e-01 -1.974609e+00 1.640855e-01 -1.695200e+00 -5.274063e-01 -1.081527e+00
7.298371e+00 3.431237e+00 -2.785217e+00 -3.604402e+00 -8.057599e+00 8.983593e-01 -1.417589e+00 -1.199958e+00 -2.159933e+00 -3.605589e+00 -2.696366e+00 -2.059317e+00
5.594317e+00 2.441300e+00 -2.262789e+00 -3.181867e+00 -9.968882e+00 4.024266e+00 -1.086994e+00 8.640327e-02 -1.786988e+00 -2.320307e+00 -8.632115e-01 -3.749032e+00
1.333094e-01 -1.408876e+00 -3.794312e-01 -1.459846e+00 -4.549621e-01 6.645403e-02 -7.922060e-01 -1.186703e+00 5.312148e-01 -1.413661e+00 -3.772774e-01 -9.162518e-01
3.365714e+00 1.046446e+00 -2.374096e-02 -3.629086e+00 -8.020830e+00 5.550400e+00 -1.308752e+00 -2.723837e-01 2.544651e-01 -1.510266e+00 1.334694e+00 -2.846802e+00
5.086836e+00 2.411906e+00 -1.411789e+00 -3.400844e+00 -3.742085e+00 -7.881280e-01 5.864033e-01 -1.606287e+00 -2.511894e+00 -3.394643e+00 -2.676327e+00 -8.668545e-01
4.641652e-01 -1.097860e+00 2.063077e+00 -2.901604e+00 -3.095417e+00 4.441657e+00 -5.745519e-01 -1.224338e-01 2.034148e+00 6.749674e-01 2.445397e+00 -8.905504e-01
-1.716636e+00 -1.714602e+00 -1.293778e+00 5.103254e-01 -5.714862e-01 1.164341e+00 5.860645e-01 1.633352e+00 3.756201e-01 1.267385e-01 -5.256311e-01 -1.008464e+00
-1.474945e+00 -2.247193e+00 1.257476e+00 3.453219e+00 7.401921e-01 3.499699e+00 3.758860e-01 -3.419895e-01 -7.528903e-01 -4.514307e-01 1.179099e+00 3.254695e+00
-2.275909e+00 -2.188883e+00 -5.541041e-01 2.840430e+00 7.266069e-01 2.441041e+00 -3.498173e-01 1.634319e+00 1.417755e+00 -1.820208e-02 -2.052442e-01 1.600379e+00
-1.748473e-01 -2.664399e+00 6.060947e-01 1.620269e+00 -1.302020e-01 1.763809e+00 -4.390543e-01 -2.185580e+00 -2.670041e+00 -1.336305e+00 3.198852e-01 8.535264e-01
4.170591e-01 -2.264493e+00 -8.508123e-01 -1.017849e+00 -2.419148e+00 -2.256112e+00 -1.327583e+00 -2.363126e+00 -2.605118e+00 -1.809586e+00 9.350090e-01 -8.395316e-01
1.050148e+00 -1.360155e+00 -1.977131e+00 -2.021781e+00 -2.510059e+00 -2.455532e+00 -6.613510e-01 -2.805798e-01 -8.616464e-01 -3.053509e-01 8.870448e-01 -2.458015e+00
3.629270e-01 3.446825e-01 5.501614e-01 4.613137e-01 1.041299e+00 2.038221e-01 8.089347e-01 -2.430154e-01 9.902056e-02 -1.859181e-01 9.281805e-01 1.380138e+00
5.773798e-01 -2.276085e+00 -1.352929e+00 1.159371e+00 1.690566e+00 1.015521e+00 3.445211e-01 2.626690e+00 -2.383809e+00 -2.027771e+00 2.425607e+00 2.541192e+00
6.373740e-01 7.790673e-01 7.026963e-01 -1.022576e-01 4.165172e-01 -5.737168e-01 5.925333e-01 2.432537e-03 2.199254e-01 -4.074371e-01 -3.770933e-01 9.945146e-01
3.013431e-01 1.408319e-02 9.554510e-02 1.932445e-02 2.989580e-01 -1.127091e-01 1.965323e+00 1.111198e+00 3.773858e-02 -4.675871e-01 2.302739e-01 1.397332e+00
2.410834e-01 1.164866e+00 1.804291e+00 9.039421e-01 -8.830414e-02 -2.686259e-01 -1.633715e+00 -9.026403e-01 2.566414e-01 -6.325436e-03 1.217554e+00 -3.691753e-01
7.066632e-01 -7.657601e-01 -2.560548e+00 1.159649e+00 2.764811e+00 -7.127391e-01 -1.563912e+00 2.173967e+00 -1.059223e+00 -2.467160e+00 1.364006e+00 2.991658e+00
-3.314824e-01 2.204848e-01 2.057054e-01 8.963133e-01 1.056330e+00 1.247322e+00 1.768400e+00 2.341815e+00 2.978295e+00 2.151963e+00 3.206972e+00 3.740251e-01
1.094467e-01 2.485433e-01 6.865765e-01 4.872177e-01 4.374739e-01 9.700600e-01 1.718752e-01 8.708827e-02 -7.405156e-01 -2.090939e-01 -7.383490e-03 -1.035277e+00
-8.968582e-02 6.431416e-01 4.078467e-01 8.039266e-01 8.691550e-01 8.720905e-01 1.440870e+00 9.646294e-01 6.133345e-01 -1.416343e-01 -7.922313e-02 -4.174257e-01
-6.520527e-01 6.127030e-01 8.473493e-01 2.822427e-01 -8.818442e-01 -8.377764e-01 -3.956514e-01 8.394915e-01 1.129264e+00 1.071859e+00 9.868854e-01 1.343797e+00
-9.122562e-02 2.290175e-01 7.924663e-01 1.078178e+00 8.458360e-01 1.680608e+00 2.342726e+00 2.322633e+00 2.264677e+00 2.316560e+00 3.482868e+00 6.680700e-01
5.485376e-01 -5.067723e-01 -1.818227e+00 -1.167527e+00 -6.465943e-01 -8.241386e-01 1.252796e-01 4.152214e-01 6.050929e-01 5.144966e-01 -2.351975e-01 -1.991945e+00
2.157516e-01 9.260089e-01 3.605374e-01 9.326060e-01 -1.465633e-01 -5.699527e-01 2.095112e-01 3.202898e-01 9.383930e-01 -4.604416e-01 -2.212619e+00 -1.804025e-01
-3.362029e-01 7.921141e-01 1.368760e+00 1.122763e+00 -1.143578e+00 -3.767950e-01 2.545449e-01 4.865326e-01 2.014047e-01 3.863943e-01 1.390715e+00 1.863239e+00
3.640680e-02 4.726512e-01 6.097206e-01 -6.722841e-01 1.649571e-01 2.914792e-01 5.108768e-01 5.587040e-01 -3.775848e-01 3.502827e-01 -1.467688e-01 1.399697e+00
-5.949879e-02 -4.684301e-01 -2.822159e+00 9.670244e-01 4.105896e+00 1.394251e+00 -2.353397e+00 -1.151457e+00 2.278508e+00 2.832700e+00 -5.067456e-01 -1.025289e+00
-3.187304e-01 -4.347878e-01 -2.095907e-01 -1.342544e-01 -3.985579e-02 5.487131e-01 -4.784402e-02 -1.121782e+00 -3.850959e-01 4.536887e-01 1.322692e+00 2.712312e-01
-5.072937e-02 1.718380e-01 -2.987540e-01 -8.260867e-01 -2.718567e-01 4.993773e-01 2.562234e-01 -8.049320e-01 -1.775232e-01 1.002169e+00 8.492209e-01 9.163208e-01
-2.124065e-01 -4.967237e-01 -3.047395e-02 4.639875e-01 -1.380851e-01 8.123460e-01 2.010751e+00 2.631681e+00 2.300668e+00 1.892743e+00 2.575039e+00 1.231833e+00
5.670645e-01 2.442607e-01 4.756246e-01 1.095784e+00 1.030491e+00 1.624849e-01 2.202308e-01 1.965809e+00 1.716692e+00 7.934985e-01 -8.299572e-01 6.723275e-02
2.733185e-01 -1.728744e+00 -1.224747e+00 1.317171e+00 2.038718e+00 3.079968e-01 1.342674e+00 1.684283e+00 -2.750565e+00 -5.704848e-01 2.266277e+00 8.579800e-01
3.624766e-01 5.315792e-01 -4.907131e-03 -8.026761e-01 -6.646005e-01 -1.386963e+00 -5.324527e-01 6.863694e-02 -1.455175e-01 -2.684152e-01 -5.431733e-01 9.122618e-01
-4.223422e-01 -1.338711e-01 -8.232212e-01 -1.320005e+00 2.990086e-01 1.520209e+00 8.270347e-01 -2.191171e+00 -9.408968e-01 7.206153e-01 1.766281e+00 1.243002e-01
2.135393e-01 1.015835e+00 1.025526e+00 2.845623e-01 -1.397668e+00 -1.190615e+00 -1.015910e+00 1.480281e+00 9.900039e-01 1.101447e+00 -2.225224e+00 3.146357e-01
7.128487e-02 1.041524e-01 1.412383e-01 4.400125e-01 -6.749733e-01 -5.709881e-01 3.034410e-01 1.004125e+00 -3.692261e-01 -1.197004e+00 -1.853853e+00 3.521371e-01
5.689152e-01 1.244521e+00 1.297782e+00 -1.358315e+00 -7.941216e-01 -1.292058e+00 -7.709879e-01 9.288883e-01 3.663333e-01 1.239818e+00 -2.247451e+00 1.487116e-01
8.092718e-02 5.852949e-01 3.106256e-01 -6.679711e-01 -1.184459e+00 -9.533764e-01 -1.950100e-01 -2.016702e-01 -5.120983e-01 -2.000747e-02 -4.181724e-01 6.851061e-01
1.863540e-01 4.697325e-01 7.423404e-01 3.928763e-01 -2.582835e-01 5.332136e-03 -1.816278e+00 -9.316335e-01 -9.692525e-01 -8.869197e-01 9.755015e-02 -1.655547e+00
-5.895616e-01 1.247926e-01 4.487995e-01 2.959959e-01 -1.282413e-01 -5.187683e-01 5.021970e-01 8.869227e-01 3.153359e-01 2.368929e+00 6.584970e-01 9.174690e-02
9.155617e-01 6.586658e-01 1.425243e+00 1.175907e+00 1.176614e+00 1.034883e+00 -3.336989e-01 9.191538e-01 4.761377e-01 9.476538e-02 -1.436089e+00 -6.135941e-04
2.297393e-01 4.342365e-03 7.065271e-01 7.482503e-01 -3.086976e-01 2.250917e-01 -1.594504e-01 -8.230854e-01 -1.254304e+00 -1.195103e+00 -8.682526e-01 -6.861871e-01
-3.979645e-01 9.104019e-01 2.103325e+00 -2.521225e+00 -6.025273e-01 1.769028e-02 -4.644195e-01 9.783722e-01 1.411850e+00 8.451799e-01 -8.654993e-01 -3.462294e-01
-2.822394e-01 1.465812e+00 6.653464e-01 1.036755e+00 -1.078746e+00 -1.648476e+00 -4.963203e-01 6.647941e-01 2.044063e+00 -2.787237e-02 -1.095030e+00 1.052130e-01
-8.986143e-01 -4.102281e+00 4.317915e+00 3.635884e+00 3.933992e+00 1.447019e+00 6.208352e-01 1.982724e+00 -6.814480e-03 1.651466e+00 1.085997e+00 -9.758197e-01
-1.439905e-01 4.172076e-01 1.292696e+00 5.547053e-01 1.169952e+00 -8.819246e-02 1.819566e+00 6.383364e-01 -8.634377e-01 1.132962e+00 1.460437e-01 -1.133159e+00
2.560753e-01 4.707626e-01 -4.585695e+00 1.409523e+00 4.767366e+00 -8.888136e-01 -3.168283e+00 -1.465943e+00 1.644557e+00 1.382231e+00 -2.135940e+00 -6.998287e-01
-1.897172e-01 4.207340e-01 1.094213e+00 -2.746389e-02 2.890530e-02 -1.473908e+00 1.802009e+00 1.710319e-01 -7.711772e-01 7.670668e-01 1.074012e+00 -3.083617e-01
-4.392719e-01 1.374789e+00 8.586054e-01 5.781047e-01 -7.311352e-01 -1.112970e+00 -3.593712e-02 -7.065946e-01 2.673900e+00 -1.984903e-01 -3.194580e-02 2.711514e-01
-5.925817e-01 7.856265e-01 1.465307e+00 1.467257e-01 -1.057463e+00 -8.846084e-01 2.024316e+00 5.104146e-01 -2.379959e-01 -1.631388e-01 5.896119e-01 3.938988e-01
1.809214e-01 6.660408e-01 -5.078183e+00 1.920578e+00 3.993502e+00 -1.498930e+00 -2.983949e+00 -1.482900e+00 1.693902e+00 -7.380967e-01 -1.857088e+00 6.767358e-01
-5.608017e-01 1.500128e+00 1.661758e+00 -7.631460e-01 -1.635191e+00 -1.067995e+00 3.283981e-01 1.758816e+00 6.451048e-01 -1.754583e+00 -1.016093e+00 5.212018e-01
3.037262e-01 -7.254556e-01 -1.348697e+00 1.565934e+00 1.798328e+00 -7.333978e-01 2.183545e+00 9.125164e-01 -2.003226e+00 5.264292e-01 1.325844e+00 2.608184e-01
-4.533911e-03 8.582647e-01 9.897658e-01 2.261465e-01 2.278290e-02 -1.381566e+00 5.974430e-01 -8.411102e-01 1.111861e+00 6.787806e-01 4.248948e-02 3.034118e-01
4.716071e-01 7.294847e-01 -6.040923e-02 7.062975e-01 8.462696e-01 -1.866463e+00 7.876223e-01 6.185055e-02 -1.303039e-01 1.622032e+00 -3.592190e-01 3.620588e-01
-2.145120e-01 2.672475e+00 1.797906e+00 -8.063451e-01 -2.085504e+00 -1.334497e+00 -9.306505e-01 5.639799e-01 1.865290e+00 5.988253e-01 6.575478e-01 1.071613e+00
-7.935376e-01 -1.409048e-01 3.154895e+00 2.870550e+00 3.676867e+00 1.546536e+00 1.480288e+00 -7.675648e-01 -1.973200e+00 1.319538e-01 -9.621223e-01 -2.151703e+00
3.229816e-01 7.945482e-01 -4.480470e+00 1.249269e+00 4.647672e+00 -1.617973e+00 -3.170827e+00 4.137630e-01 -1.063036e+00 -2.629800e+00 -8.200309e-01 2.064542e+00
-7.125534e-01 1.745330e+00 8.715945e-01 6.345611e-01 -3.396950e-02 -1.188666e+00 1.675963e-01 -1.408195e+00 2.574808e+00 8.375673e-02 2.727519e-01 -3.273825e-01
-1.420783e+00 -4.445746e+00 3.240735e+00 3.280722e+00 4.527037e+00 1.533925e-01 7.644731e-01 2.076038e+00 5.070482e-01 1.281803e+00 -5.955962e-01 2.686839e-01
5.887990e-02 3.083017e+00 2.025251e+00 -1.779542e-01 -3.384423e-01 6.256377e-01 8.047757e-01 2.283958e+00 2.382284e+00 1.024807e+00 6.222367e-01 1.169262e+00
-5.646469e-01 6.128746e-02 -8.571440e-01 7.287143e-01 3.694850e+00 2.312939e+00 -1.929343e+00 -7.249421e-01 1.914544e+00 3.305376e+00 2.716194e-01 -8.376756e-01
3.363922e-01 3.635729e-01 -1.275250e+00 1.595811e+00 2.199857e+00 -1.611243e+00 1.615322e+00 6.640881e-01 -1.885993e+00 1.343591e+00 -1.272624e-01 3.169667e-01
-1.460286e+00 -2.677029e+00 -2.609331e+00 -2.175610e-01 1.602661e+00 -2.294536e+00 6.004160e-01 -3.045784e-01 2.340806e+00 1.981628e+00 -5.645621e-01 3.278981e+00
-1.565029e+00 -3.939330e+00 6.267449e-01 1.655713e+00 3.221896e+00 -1.438551e+00 1.685316e+00 6.462492e-01 6.008121e-01 6.351630e-01 -5.945652e-01 1.722996e+00
6.700630e-02 2.570041e+00 1.683247e+00 2.334552e-01 -1.681751e-01 1.028666e+00 1.763615e+00 1.663883e+00 1.224114e+00 2.065047e+00 1.681945e+00 1.019730e+00
-1.297370e+00 -1.359529e+00 -8.863994e-01 -2.175590e+00 -1.432600e+00 -1.096743e+00 3.610144e-01 -1.552990e+00 -4.113447e-01 -1.755345e+00 7.833761e-01 8.612709e-02
-1.568286e+00 -1.651517e+00 -3.548530e+00 -1.773512e+00 4.017462e-01 -1.246885e+00 9.758066e-01 -2.278966e+00 7.940935e-01 -7.275019e-02 -1.444561e+00 1.498448e+00
-1.786497e-01 1.920489e+00 2.274987e+00 1.575763e+00 6.939391e-01 1.598315e+00 3.025728e+00 1.772684e+00 -2.512807e-01 3.935848e-01 1.665999e+00 6.054488e-01
-8.796719e-01 8.062649e-02 1.705556e+00 -8.762972e-01 -6.430805e-01 -3.273633e-01 1.258908e+00 -1.092971e+00 -1.693837e+00 -2.441891e+00 8.201284e-01 -8.313054e-01
-6.185689e-01 5.396530e-01 2.308086e+00 5.657059e-01 4.177074e-01 9.902527e-01 2.885105e+00 1.130347e+00 -2.355904e+00 -3.012225e+00 1.220927e-01 -4.378722e-01
-8.856035e-01 2.777606e+00 2.006136e+00 8.846616e-01 1.675908e+00 2.187645e-01 -8.092632e-02 -2.680027e+00 -2.320216e+00 2.652967e-01 -1.581756e+00 -1.906542e+00
-1.299846e+00 3.223998e+00 2.097826e+00 -8.271118e-01 8.647633e-02 7.956372e-01 -3.717232e-02 -3.803074e+00 -1.973233e+00 2.446620e-01 -5.952949e-01 -2.103039e+00
-1.202270e+00 2.673540e+00 8.159350e-01 -9.323825e-01 2.039082e+00 1.472842e+00 -2.074439e+00 -2.268691e+00 -1.336591e+00 1.521877e+00 -3.006989e-01 -1.746220e+00
