4.774467e+00 -2.714530e+00 -3.072061e+00 -2.028796e+00 -3.390086e+00 3.238885e+00 -3.018562e+00 -8.484483e-03 -3.301039e+00 1.042915e+00 -1.282577e+00 -3.635590e+00
5.884796e+00 -5.432580e-01 -4.193746e+00 -2.002433e+00 -3.194559e+00 2.878856e+00 -3.262214e+00 -2.150604e+00 -4.259100e+00 -1.375218e+00 -2.689764e+00 -2.210894e+00
2.803190e+00 -2.488610e+00 -1.761551e+00 -9.953953e-01 -2.332884e+00 1.988994e+00 -1.696049e+00 2.101638e+00 -1.906659e+00 2.644762e+00 -1.834791e-01 -3.145518e+00
4.131576e+00 9.876333e-01 -2.993500e+00 -1.604595e+00 -1.206582e+00 2.832111e+00 -1.298231e-01 -1.249300e+00 -2.715585e+00 -1.503714e+00 -2.376650e+00 -4.781656e-01
-1.176316e+00 -1.904879e+00 1.407892e+00 1.382363e+00 6.261346e-01 1.153017e+00 5.835624e-01 1.972537e+00 -2.567182e-01 2.635757e+00 -5.291716e-01 -1.660940e+00
-1.537959e+00 3.732504e-01 3.986525e-01 2.882900e+00 -1.269379e+00 2.487466e+00 -5.316700e-02 4.405290e-01 -2.275852e+00 2.897091e-01 -1.990544e-01 -6.961631e-01
-6.588131e-01 -1.163197e+00 1.775374e-01 2.486611e+00 -2.253995e-02 2.329428e+00 2.223330e+00 7.902141e-01 1.629680e-01 -1.078718e+00 5.278467e-01 -1.992258e+00
2.166776e-01 -1.650833e+00 -1.303221e+00 1.476405e+00 7.349259e-01 -1.589566e+00 5.277028e-01 1.236292e+00 2.606342e+00 -7.728602e-01 2.785256e-01 -1.857741e+00
1.440548e+00 -1.859524e+00 -1.765630e+00 1.219415e-01 -6.836011e-02 -1.816572e+00 -1.122249e+00 7.858405e-02 2.017687e+00 8.583784e-01 -2.906170e-01 -1.211661e+00
1.210801e-01 -1.766000e+00 7.571246e-01 -7.544283e-01 -6.604359e-01 -1.405506e+00 1.081709e-01 1.078936e+00 5.316347e-01 7.923206e-01 -8.258260e-01 -6.171646e-02
2.094347e+00 -9.895530e-01 -9.653800e-01 2.590229e-01 -2.785504e-01 -1.193344e+00 -2.088572e+00 -1.240656e+00 7.798719e-03 4.573143e-01 -9.405941e-01 -9.696159e-01
-1.228873e+00 1.129195e-01 3.432676e-01 7.400478e-01 -1.080309e+00 1.701474e+00 -1.198917e+00 9.002905e-01 -1.644801e+00 -3.471461e-01 -8.198681e-01 6.264632e-01
-6.520060e-01 -1.582257e+00 1.769072e+00 -1.482847e-01 -1.764406e-01 -4.364389e-01 -7.293100e-01 -4.093111e-01 1.062638e+00 5.242786e-01 -8.531145e-01 1.405634e+00
-1.291850e+00 -2.065615e+00 4.256845e-01 -9.300602e-01 -1.827446e+00 5.159248e-01 -9.943194e-01 -3.633723e-01 9.766644e-01 8.930684e-01 -4.793336e-01 2.345580e+00
-8.805280e-01 6.219568e-02 -6.377381e-01 -2.570265e-01 7.051924e-01 -3.627326e-01 5.581675e-01 -1.070794e+00 1.385738e-01 5.875807e-02 -7.408837e-01 1.702191e-01
-1.403179e+00 1.024991e-01 3.439630e-01 7.051324e-01 1.149336e+00 -1.206654e-01 9.508001e-01 3.133018e-01 4.464859e-01 1.458268e+00 -5.948337e-01 1.608517e-01
1.084472e+00 -1.815440e-01 3.316070e-01 1.835179e-03 -9.435322e-01 5.572549e-01 -3.905240e-01 -1.375387e+00 -6.757592e-01 7.040792e-01 -1.528893e-01 3.556939e-01
-7.827408e-01 -6.300731e-01 2.875002e-01 -8.657659e-01 8.617340e-01 -3.188891e-01 1.021484e+00 -8.451454e-01 -2.966080e-02 2.437630e-02 -7.569029e-01 9.044514e-02
9.319766e-01 -1.749526e+00 -5.342084e-01 -1.087017e+00 1.215602e-01 -8.967705e-01 1.557652e+00 8.361549e-01 1.539192e-02 2.611560e-01 1.258099e-01 1.623138e-01
5.109578e-01 1.115863e+00 3.636687e-01 5.853302e-01 8.785089e-01 9.956282e-02 -3.955122e-01 2.780814e+00 -2.479536e-01 -3.358000e-01 -1.421584e+00 7.013727e-01
4.369942e-01 9.493348e-01 4.962154e-01 9.382616e-01 8.426720e-01 -2.028338e-01 -8.648113e-01 2.611499e+00 -1.402783e+00 -7.246354e-01 -1.068851e+00 6.666237e-01
5.462093e-01 -1.459458e-01 1.351628e+00 -6.174214e-01 -3.813882e-01 2.267119e+00 6.020522e-01 -2.297610e+00 -1.059562e+00 2.226482e-01 -2.929493e-01 -3.049392e-01
-2.806484e-01 -3.365752e-01 -1.232754e-01 -5.031618e-01 7.704169e-01 -6.388960e-02 4.206177e-01 -1.369621e-01 -2.352081e-01 6.268592e-02 -5.943891e-01 -3.086982e-01
1.148397e+00 6.284429e-01 1.466976e-01 1.526010e-01 9.394606e-01 1.457751e+00 7.663063e-01 -7.325333e-01 -1.644826e+00 -1.362861e+00 -1.203968e+00 -2.555079e-01
-3.955897e-02 -5.520405e-01 -4.871798e-02 1.164735e-01 4.139727e-01 5.763938e-01 3.961698e-01 4.340046e-01 -2.959653e-01 6.157545e-01 -2.072935e-02 -6.525154e-02
7.712687e-01 2.387414e+00 2.933609e+00 1.298823e+00 6.536170e-01 1.587777e+00 -1.506500e+00 -8.000535e-02 -1.061576e+00 -8.449211e-02 1.048966e+00 2.545184e-01
-1.858435e-02 -1.115200e-01 -1.562710e-01 -7.755601e-01 -1.404397e+00 -2.963521e-01 5.807542e-01 1.552317e+00 1.150344e+00 -5.425075e-01 -4.380352e-02 -2.059674e-01
3.436534e-01 1.391714e+00 1.896688e+00 5.729204e-01 1.822872e-01 6.289799e-01 -1.466597e+00 2.048820e-01 7.703967e-02 1.032578e-01 3.838582e-02 -1.147196e+00
1.620774e-02 -4.875818e-01 1.096472e-01 5.108656e-01 3.626451e-01 -5.312997e-01 -1.416953e-01 2.396841e-01 9.070630e-01 -1.666043e-02 -6.665375e-01 4.966440e-02
-3.556585e-02 3.066294e-01 8.084836e-01 7.162544e-01 2.613323e-01 -4.845982e-01 -4.895502e-01 1.184387e+00 -1.077964e+00 -9.189236e-01 -6.946833e-01 -3.330231e-01
-7.763411e-02 1.241556e-01 1.215553e-02 2.612001e-01 6.297127e-01 -3.441067e-01 6.347805e-01 2.085025e-02 3.579147e-01 -2.304605e-01 4.018623e-01 -7.336464e-02
-2.409262e-01 1.217060e-01 5.005710e-01 -8.870195e-01 -1.308137e+00 -1.108516e+00 1.883777e-01 8.089274e-01 1.495609e+00 7.785076e-01 2.494881e-01 -1.518712e+00
-1.362715e-02 7.758749e-01 9.403483e-01 6.083927e-02 9.453640e-01 -4.004257e-01 -2.145593e+00 -5.798296e-01 -3.112294e-01 -2.542875e-01 -1.160438e+00 -2.040227e+00
-2.416969e-01 5.694385e-02 5.595437e-01 -4.086736e-01 -2.427824e-01 -7.976903e-01 -5.296694e-01 9.850487e-01 2.150516e+00 3.279290e-01 -1.222743e+00 -1.978772e+00
-2.299022e-01 7.661734e-02 3.129579e-01 -2.566847e-01 5.060684e-01 -3.261537e-02 3.816188e-01 -5.274272e-02 4.815493e-02 -4.135897e-01 1.865076e-01 -4.776296e-01
-1.699570e+00 -2.156104e+00 -1.290995e+00 -2.170933e+00 -3.581116e+00 -5.271640e-02 -3.687932e-01 -2.206897e-01 2.446156e+00 3.121578e+00 3.086652e+00 1.904647e+00
3.779610e-01 -1.872764e-01 1.967571e-01 4.682757e-01 6.678430e-01 -9.204693e-01 1.545836e-01 5.374344e-01 7.043780e-01 -9.263257e-02 -1.470416e-01 2.136306e-01
2.826946e-01 1.149062e-01 4.000490e-02 -9.855700e-01 -6.289642e-02 6.384149e-01 -2.609148e-01 -5.646783e-01 -5.045791e-01 -5.419408e-01 1.016981e-01 3.911220e-01
-1.261274e-01 4.971867e-01 1.587290e-01 4.479297e-01 3.039747e+00 1.828042e+00 -2.885231e-01 -1.349120e+00 -1.185056e+00 -2.958029e+00 -2.859011e+00 -1.832310e-01
6.921269e-02 1.428358e-01 -5.290852e-02 4.159511e-01 9.037477e-01 -9.685691e-01 7.995325e-01 4.528753e-01 3.027003e-01 -9.355740e-02 2.981324e-01 2.869417e-01
5.969871e-01 2.300813e+00 3.512957e+00 1.529792e+00 2.225522e-01 3.917364e-01 3.437591e-01 -3.200659e-01 -1.324487e+00 1.557913e+00 2.984841e+00 5.606078e-01
3.713311e-01 3.681835e-01 -4.152699e-01 6.494874e-01 -2.227619e-01 8.257790e-01 -4.534264e-02 2.950409e-01 -2.713414e-01 -4.383749e-01 4.050682e-01 6.268320e-02
1.767220e-01 -4.930658e-02 -1.922703e-01 3.859358e-01 -5.207545e-01 8.241135e-01 -3.922364e-01 8.784862e-02 -2.646747e-01 -8.436535e-01 3.260164e-02 2.572033e-01
-3.020864e-01 1.873657e-01 3.776287e-01 -2.572662e-01 4.551267e-01 1.921850e-01 -1.752193e-01 -7.241971e-01 2.243471e-02 -7.510431e-01 -6.088725e-01 -3.167637e-01
-6.266189e-01 -3.536925e-01 3.210654e-01 -1.534233e+00 -5.405242e-01 -3.902307e-01 -2.553334e+00 -4.590764e-01 -9.365096e-01 -1.774781e-02 -1.172023e-02 1.771460e+00
-7.954931e-02 -5.392073e-01 -3.545629e-01 -9.928473e-01 -7.276058e-01 -2.770028e-01 3.106893e-01 -1.230829e+00 5.986876e-01 -1.509466e-01 -8.208268e-01 -7.161667e-01
-4.321914e-02 -2.671608e-01 5.486393e-01 -3.423418e-01 -5.233011e-02 3.934380e-01 5.527153e-02 -4.843273e-01 -1.990006e-01 -5.684620e-01 -8.363569e-01 3.644975e-01
1.994822e-01 2.603651e-01 -1.753571e-01 6.098323e-01 4.855282e-01 -1.057749e+00 2.073318e-01 9.962244e-02 8.724996e-01 -2.611855e-01 -8.666852e-01 -2.963693e-01
-3.582094e-01 -8.934004e-01 1.621027e-01 4.422154e-01 -6.828033e-01 -4.615013e-01 -1.508236e-01 -9.655893e-01 -6.047550e-01 -7.228891e-01 6.259166e-01 -6.008185e-01
1.357569e+00 -8.430446e-01 -1.654660e+00 -1.802567e+00 5.164781e-01 -8.514379e-01 1.036136e+00 3.574616e-01 6.840507e-01 1.574372e+00 8.756450e-01 -8.440336e-01
4.251896e-01 9.895326e-01 -5.012013e-01 8.621707e-01 2.106290e+00 1.498081e+00 -3.476328e-01 -1.890012e+00 -1.923801e+00 -2.714178e+00 -3.542443e+00 -1.105279e+00
-1.087282e-01 -6.178931e-01 1.806705e-02 2.888601e-02 -9.045621e-01 -5.558571e-01 2.059890e-01 -2.032074e+00 -5.747102e-01 -7.160258e-01 -6.979575e-02 -1.132464e+00
-4.848389e-01 5.816280e-01 9.678607e-01 5.564193e-01 2.883943e+00 1.899878e+00 -4.081891e-01 -7.916533e-01 -9.080700e-01 -1.561420e+00 -8.014051e-01 3.435167e-01
-1.566705e-02 -3.598878e-01 1.300600e+00 2.957559e-01 -4.823662e-01 -6.490020e-01 -7.972966e-01 1.640286e+00 9.092407e-02 -3.444012e-02 -9.303883e-01 -3.135508e-01
1.038058e-01 5.413055e-02 3.953934e-01 6.036111e-01 3.310564e-01 -1.214982e+00 4.276553e-01 3.715471e-01 9.700205e-01 2.305585e-01 -8.432678e-01 3.982411e-02
-1.555179e-01 1.562949e+00 2.041801e+00 9.720575e-01 -1.979258e-02 -6.936592e-01 1.305031e+00 1.322076e+00 8.887172e-01 8.543746e-01 1.854372e+00 1.369472e+00
-7.249438e-01 1.096097e+00 2.022590e-01 -2.352782e-01 1.211986e+00 8.491305e-01 -2.910438e-01 1.799075e+00 1.437200e+00 -2.142827e-01 2.500408e-01 1.643103e+00
-1.170649e-01 3.043981e-01 1.544503e+00 -8.358071e-02 3.937533e-01 -1.106153e+00 -9.982603e-01 1.458937e+00 1.366771e-01 1.360356e-01 -9.838123e-01 -3.674116e-01
4.592774e-02 8.349609e-02 1.446120e-01 3.542550e-01 4.410880e-01 -1.313915e+00 6.949975e-01 9.710367e-01 2.071756e-01 2.904274e-01 -9.339382e-01 1.503696e-01
3.039832e-01 1.882588e-01 2.066618e-01 8.934937e-01 -5.997550e-01 -7.665431e-01 -1.907321e-01 1.245607e+00 3.779391e-01 -3.176595e-01 -7.683562e-01 -3.680990e-01
7.382854e-01 9.544338e-01 -2.194383e+00 -1.131421e-01 8.868156e-02 1.108919e+00 2.893738e-01 -2.198431e+00 -2.177631e+00 -3.432352e-01 -2.264265e+00 -2.334610e+00
2.063977e-01 8.098742e-01 3.485443e-01 1.040669e+00 -2.191665e+00 -7.777556e-01 2.896689e-01 5.187870e-01 1.151033e+00 -8.886679e-01 3.254663e-01 1.286967e+00
-7.953337e-01 1.005545e+00 -1.861618e-01 -2.100994e-01 -9.830509e-01 -3.948820e-01 2.931598e+00 3.014355e+00 1.343133e+00 1.341365e-01 1.371568e+00 1.370055e+00
-3.851188e-01 -9.612147e-01 3.801408e-01 -2.477120e+00 6.634928e-01 -1.459571e+00 -1.785455e-01 -5.291914e-01 1.069382e+00 -2.223010e-02 4.470836e-01 6.740882e-01
-4.360513e-01 7.941733e-02 1.164056e+00 -6.568611e-03 -8.152012e-01 -1.020218e+00 -2.769959e-01 1.690160e+00 7.195005e-01 -7.101738e-02 -4.890122e-01 9.241440e-01
-1.926193e-01 4.584879e-01 1.805565e+00 1.331255e-01 -1.903648e-01 -1.455530e+00 -7.436434e-01 1.060996e+00 6.757824e-01 -3.649133e-01 -5.987549e-01 3.412703e-01
8.534424e-01 -1.501412e-01 3.794145e-01 -2.290579e+00 1.052292e+00 -6.715961e-01 1.820905e+00 8.229142e-01 5.184723e-01 -1.267044e+00 6.520289e-01 3.461669e-01
-6.904771e-01 1.196890e+00 8.964338e-01 6.553352e-01 -1.502981e-01 -1.261035e+00 1.748435e+00 2.376719e+00 7.134879e-01 -5.241771e-01 8.408321e-01 1.315982e+00
1.217449e+00 -2.486706e-02 -2.894061e+00 -1.096585e+00 5.376281e-01 5.177242e-01 -7.568432e-01 -2.163788e+00 -1.513240e+00 1.098460e+00 -3.836898e-02 -7.022160e-01
3.329694e-01 2.585990e-01 1.503916e+00 1.128509e+00 -1.134689e+00 -6.319724e-01 -1.913912e-01 5.188756e-02 6.228415e-01 -1.257699e+00 3.399952e+00 -8.835804e-01
5.838476e-01 1.654694e+00 7.715570e-01 1.335661e+00 -1.651984e+00 -1.364497e+00 2.470232e-01 1.079978e-01 8.596503e-01 -6.799101e-01 1.232248e+00 2.088418e-01
-8.383773e-02 9.903976e-01 3.302386e-01 2.530642e-01 -1.596384e+00 -3.902840e-01 -3.580151e-01 1.283217e+00 1.109785e+00 -7.237186e-01 -6.342100e-01 1.172582e+00
1.091506e+00 8.721033e-01 -3.050265e+00 -6.671885e-01 6.924815e-02 8.215920e-01 -1.067794e+00 -2.195364e+00 -1.057186e+00 1.722467e+00 -8.719425e-01 -9.187809e-01
6.435727e-01 1.397439e+00 8.462782e-01 1.596780e+00 -1.663289e+00 -1.530958e+00 4.847860e-01 -5.893124e-01 6.803918e-01 -1.231397e+00 2.337039e+00 -4.402728e-01
-2.016445e+00 -1.920748e+00 -3.081158e+00 -2.399281e+00 -3.802209e+00 3.393089e-01 2.861664e-01 2.156650e-01 2.838078e+00 2.257786e+00 4.090441e+00 2.206597e+00
8.240835e-01 3.111452e-01 7.798873e-01 1.459887e+00 6.841044e-01 -8.864743e-01 -2.396288e-01 -6.739220e-01 3.654040e-01 -7.159925e-01 2.364977e+00 -2.534510e-01
4.133381e-01 1.684395e+00 5.789625e-01 9.173766e-01 2.596248e+00 -2.131852e+00 6.529707e-01 -1.929983e+00 -2.426045e-01 -1.113931e+00 7.493115e-01 5.059581e-01
-3.362211e-01 3.490100e+00 7.962993e-01 1.039293e+00 3.930711e+00 -2.465108e+00 4.723369e-01 -2.462427e+00 -1.182905e+00 -5.398852e-01 -9.187424e-01 4.064749e-01
-2.702807e+00 -8.966261e-01 -2.344182e+00 -9.752859e-01 -1.306135e+00 1.753554e+00 1.139892e+00 5.279534e-01 2.169157e+00 1.265207e+00 3.246129e+00 1.341148e+00
-1.779209e+00 3.532069e+00 1.231245e+00 1.400808e+00 5.191428e+00 -7.183294e-01 1.407182e+00 -2.609255e+00 -1.956839e+00 -4.596149e-01 -1.568305e+00 -3.579795e-01
-3.023982e+00 2.806048e+00 1.724109e+00 3.335992e-01 5.146586e+00 1.887282e+00 7.868355e-01 -6.961421e-01 -9.056889e-01 -1.151389e+00 -7.348984e-01 -4.378493e-01
-2.929272e+00 4.285365e-01 -8.493181e-02 9.660729e-01 2.832842e+00 2.720635e+00 8.713211e-01 -1.420279e-01 8.861158e-01 -3.315086e-01 1.704555e+00 5.119128e-01
