4.403364e+00 -2.581931e-01 2.015115e+00 7.505588e-02 -2.050046e+00 -3.044291e+00 -3.786524e+00 -3.275813e+00 -3.280528e+00 -3.431496e+00 -2.601683e+00 -3.078010e+00
3.452159e+00 -2.735448e+00 1.261575e+00 -9.769686e-01 -3.205952e+00 -1.957770e+00 -3.053319e+00 -7.296635e-01 -2.389905e-01 -8.671929e-01 -8.406887e-01 -1.935653e+00
3.519225e+00 2.251349e+00 2.993031e+00 -2.356420e-02 -1.231871e+00 -1.538802e+00 -1.776709e+00 -4.222150e+00 -3.596388e+00 -2.048270e+00 -2.391677e+00 -3.733738e+00
-1.406463e+00 -2.034012e+00 -3.919712e+00 -3.347725e+00 2.073868e+00 3.798735e+00 -1.132029e+00 1.322959e+00 -9.165440e-02 -4.932915e-01 -3.714086e+00 2.435638e+00
1.448492e+00 -4.203035e+00 1.086730e+00 -2.538990e-01 -2.350083e+00 -2.031575e-01 -2.065407e+00 1.212100e+00 2.118133e+00 6.481471e-01 -1.485626e-01 -1.405655e+00
-1.427557e+00 -1.966689e+00 -3.870782e+00 -2.676717e+00 1.430481e+00 4.879465e+00 -2.753977e+00 3.031802e+00 4.276005e-01 -1.590090e+00 -3.073383e+00 1.612851e+00
-4.485537e-01 -1.275668e+00 -3.415289e+00 -1.641962e+00 1.025410e+00 2.088889e+00 2.359383e-01 -1.053061e+00 -3.936501e-01 1.945040e-01 -2.939983e+00 2.189289e+00
-1.327180e+00 -1.974372e+00 -2.280610e+00 -1.749210e+00 1.147936e+00 4.231769e+00 -2.481600e+00 4.410568e+00 1.432504e+00 -6.841005e-01 -8.841084e-01 1.174973e+00
-2.042985e-01 -2.194068e+00 6.319295e-01 -1.456725e-01 -7.274749e-01 6.631355e-02 -1.519711e+00 -1.684040e+00 5.303203e-01 -5.937613e-01 -9.454920e-01 1.210793e+00
-1.052532e-02 -2.368321e+00 3.683592e-01 -2.811969e-01 -9.643431e-01 1.929794e-01 -2.994401e-01 -1.012495e+00 1.022679e-01 3.154566e-01 -4.381040e-01 2.146678e-02
4.626989e-02 -2.599216e+00 -4.945514e-02 -3.284655e-01 -1.431706e+00 -8.094956e-01 -1.005137e-01 -1.811340e-01 6.264384e-02 -2.003758e-02 6.275098e-01 4.768771e-01
5.746840e-01 -2.173090e+00 -4.715773e-01 -1.531263e-01 -7.102799e-01 -2.024064e-01 1.950760e-02 9.484025e-01 -6.467676e-02 -6.422418e-01 -5.527244e-01 -7.711151e-01
1.130177e+00 1.138656e+00 3.006845e+00 1.671975e+00 -4.881743e-01 -4.298169e-01 -3.339582e-01 -3.034892e+00 -2.243498e+00 -5.274919e-01 -1.940853e+00 -3.712525e+00
-2.077540e-01 -1.041026e+00 4.973341e-01 -1.212441e+00 -9.196526e-01 4.464255e-01 -8.720366e-01 -2.926603e-01 1.873785e+00 7.250376e-02 -1.711880e+00 -7.170654e-01
7.728586e-01 -1.376559e+00 -1.075403e+00 5.161764e-02 -1.096646e+00 -8.907624e-01 2.304728e-01 7.206778e-01 -6.570102e-02 -7.148036e-01 -1.122995e+00 -1.293826e+00
-1.328533e-01 -7.837234e-01 9.970603e-01 -8.198791e-01 1.477480e+00 2.005377e+00 8.427768e-01 2.702079e+00 2.041823e+00 1.551999e-01 -1.413447e+00 -9.118313e-01
-7.220275e-01 -3.407343e+00 7.901077e-02 1.813643e-01 1.865072e-01 1.572799e+00 -1.699624e+00 3.562059e+00 2.157025e+00 1.017408e+00 5.699574e-01 -2.380802e-01
9.737723e-01 -1.196252e+00 -1.030645e+00 1.335556e+00 9.272347e-02 -1.171589e+00 -2.845643e-01 4.804478e-02 -1.190789e-01 -1.599035e+00 -6.643340e-01 4.211969e-01
1.141944e+00 -1.302632e+00 -1.714005e+00 9.486638e-01 9.423938e-01 1.957787e-01 -7.036481e-01 3.226448e-01 1.885528e+00 -6.893759e-01 -4.649956e-02 7.209615e-01
1.120649e+00 1.680445e+00 1.478494e+00 4.615757e-01 1.434352e-01 7.422956e-01 -1.659187e-01 -1.099198e+00 -1.476970e+00 4.072468e-01 4.957391e-01 -2.465858e-01
-5.914828e-01 -2.001271e+00 1.042359e+00 1.842610e+00 -1.200846e+00 -4.555751e-01 7.402722e-01 -1.002924e+00 6.959359e-02 8.950912e-01 -1.299169e+00 -1.924497e+00
-1.525721e-01 1.770285e+00 2.444031e+00 3.662009e-01 -4.279925e-01 5.739132e-01 -1.726306e+00 -9.577169e-01 5.352192e-02 2.340623e+00 2.854487e+00 1.441258e-01
5.898493e-01 1.179013e+00 -2.978156e-01 -5.604509e-01 1.357688e-01 -5.707054e-01 -1.578894e+00 -3.106185e-01 1.776214e+00 1.195126e+00 -3.980146e-02 4.877556e-01
3.831857e-01 3.412352e-02 3.236771e-03 7.451136e-01 2.572444e-01 1.393328e+00 1.390707e+00 1.820312e-01 5.813980e-01 -3.098483e-02 -9.147966e-03 -9.454278e-01
1.104878e+00 -7.338983e-01 -1.528142e+00 5.159606e-01 8.948599e-01 -1.839821e+00 -1.341710e+00 -3.521147e-01 2.876668e-02 -1.245875e+00 1.761898e-01 8.908423e-01
9.952430e-02 -7.729702e-02 8.197900e-01 -3.201154e-01 1.321406e+00 1.559291e+00 1.145617e+00 1.362554e+00 4.171776e-01 -8.173275e-01 -7.644512e-01 5.783086e-01
1.159897e-01 5.763115e-01 5.895806e-03 -3.189766e-01 9.512405e-01 -9.697294e-01 -1.717015e+00 -5.392147e-01 6.124729e-01 -3.845722e-01 -7.104445e-01 1.905888e-01
5.994049e-01 8.887807e-01 -6.533850e-01 -1.052530e-01 6.006283e-01 -4.476504e-01 -1.671946e+00 1.296356e-01 1.896290e+00 1.394405e+00 7.677408e-01 1.683974e+00
2.918115e-02 3.160362e-01 5.553578e-01 2.644222e-01 -1.530224e-01 1.224731e+00 8.226463e-01 7.181383e-01 3.129070e-01 1.817994e-01 1.602240e-01 -2.713847e-01
3.756486e-01 1.931222e-01 -2.072141e+00 7.409966e-01 3.686233e-01 5.859081e-01 6.082543e-01 -2.300117e+00 -3.434222e-01 1.480189e+00 -1.202293e+00 2.059763e+00
1.303950e+00 1.248484e-01 7.734744e-02 6.473542e-01 4.971255e-01 -2.400964e-03 2.796038e-01 -4.726671e-01 -1.540510e+00 -6.409509e-01 -1.302345e+00 7.554328e-01
1.101176e+00 -1.046565e-01 -3.382450e-01 6.280180e-01 9.105110e-01 -1.251895e+00 -2.413571e+00 -9.863960e-01 -1.140281e+00 -1.334604e+00 1.895110e-01 7.929175e-01
7.493770e-01 -1.783709e+00 -1.710134e+00 1.289503e+00 6.466444e-02 -1.931722e+00 9.571326e-01 4.375586e-01 -2.196494e+00 -2.528885e+00 -2.194835e+00 4.857756e-01
3.781845e-01 1.525031e+00 1.088196e+00 3.166412e-01 -1.114705e+00 -2.729440e-01 -1.062497e+00 -1.437981e+00 1.017917e+00 7.991906e-01 8.578476e-01 6.762516e-01
-6.020885e-02 3.293967e-01 3.098968e-01 6.841516e-02 9.865019e-01 1.086792e+00 8.540605e-01 -1.734437e-01 -1.606003e+00 1.001989e-01 2.613477e-01 -2.123752e+00
-2.023727e-01 -2.764098e-01 -6.581665e-01 -8.767021e-01 -6.725259e-02 -9.240608e-02 8.509838e-01 9.661466e-01 -1.240024e-01 -4.727338e-01 -1.292936e+00 -1.200975e+00
-3.126202e-02 -1.719048e-01 -5.858188e-01 -9.099213e-01 -8.278137e-01 5.746811e-02 1.066091e+00 2.401019e-01 2.268353e-01 1.392681e+00 -6.639251e-01 -8.612636e-01
2.941016e-01 6.749238e-01 -1.074784e+00 1.231122e+00 5.783303e-01 -1.248352e+00 8.211562e-01 5.517169e-01 -6.874295e-01 -9.267358e-02 -1.040812e-01 -5.801432e-01
1.981671e-01 4.714498e-01 -1.166893e+00 5.591456e-01 1.063860e+00 -1.033134e+00 5.871538e-01 1.960123e-01 -1.970080e-01 2.632768e-02 5.585664e-01 -3.881402e-01
-2.378194e-01 -1.979129e-01 -7.569971e-02 -6.671105e-02 2.154483e-01 -9.232201e-02 4.794781e-01 1.096095e+00 1.826338e-01 -5.706507e-01 -4.633355e-02 -2.134245e-02
6.552423e-01 1.961131e-01 6.763808e-01 8.007072e-01 3.470547e-01 -7.234892e-01 -1.763257e+00 -1.323364e+00 -7.439792e-01 2.187305e-02 -2.881224e-01 -8.960869e-01
2.152782e-01 1.537519e-01 2.704341e-01 -4.545213e-01 7.495163e-01 4.331167e-01 -4.349289e-01 2.341652e-03 -6.148167e-02 4.583784e-01 -2.786182e-01 3.801595e-01
-7.228336e-02 1.003904e-01 3.721335e-01 3.713362e-01 1.609483e-01 1.877945e-02 -8.491386e-01 3.314073e-01 3.568953e-01 -5.716003e-01 9.921681e-01 2.349621e+00
1.810467e-01 1.602120e-01 7.989764e-02 -4.719118e-01 1.159333e+00 8.152457e-02 -1.748972e-01 7.061577e-03 2.221694e-01 5.147479e-01 2.431908e-01 5.050891e-02
-6.296255e-01 -3.258443e+00 -2.228776e+00 6.310520e-01 -1.119796e+00 -1.596173e+00 1.513455e+00 8.110644e-01 3.040935e-02 1.522038e-01 -1.197490e+00 1.376271e-02
-2.768617e-01 7.608905e-01 7.107579e-01 5.816741e-02 -9.140838e-01 1.902130e-01 5.723956e-01 6.978499e-01 1.607045e+00 6.817509e-01 1.165025e+00 5.314586e-01
-5.660440e-02 3.189318e-01 2.267569e-01 -3.672276e-01 -5.298665e-01 2.181741e-01 1.233627e+00 1.108267e+00 2.943965e-01 -5.035573e-01 7.758587e-01 -8.032729e-01
-1.518540e-01 9.964254e-02 3.806210e-01 -1.099252e-01 2.118522e-01 -1.074371e-01 -1.220009e+00 1.425985e-02 2.526239e-01 -6.044644e-01 7.771326e-01 2.246536e+00
-5.213864e-01 7.431347e-01 4.752347e-01 -1.022860e+00 1.473299e-01 1.304462e+00 1.818879e+00 1.693504e+00 1.172989e+00 -2.741802e-02 9.735699e-01 1.119387e+00
1.065776e-01 -2.958609e-01 1.735174e-01 -6.918693e-02 -6.979653e-01 1.055810e+00 -2.782731e-02 -5.399793e-01 9.772294e-01 1.400613e+00 -9.064746e-01 -5.408193e-01
-1.070792e-01 1.636099e+00 -1.219356e-01 1.524189e+00 9.888581e-01 -1.703171e+00 6.468827e-01 7.207193e-02 -1.105290e+00 -8.408378e-01 -9.567021e-01 -7.236544e-01
-2.416716e-02 1.770662e-01 -1.380267e-01 -1.435465e-01 4.102404e-01 -5.584368e-01 1.157720e+00 3.318245e-01 -2.511019e-01 4.828065e-01 4.181073e-01 -2.869603e-01
1.142540e-01 6.362267e-02 4.814883e-01 -5.832153e-01 7.373853e-01 4.804659e-02 -7.394562e-02 -3.038940e-01 -2.301205e-01 5.277275e-01 -8.281271e-01 1.027958e+00
3.662072e-01 2.413778e-01 9.347938e-01 3.339709e-01 -8.655778e-01 -8.170539e-01 -1.683238e+00 -2.453319e+00 -1.364926e+00 1.257909e-01 -8.401044e-01 1.935503e-01
-3.907063e-01 1.298843e+00 1.576681e+00 -4.834042e-01 -6.866082e-01 1.468597e-01 -1.051752e+00 -1.397072e+00 -2.440198e-01 1.864938e+00 2.941629e-01 -3.621899e-01
-2.478750e-01 -7.264658e-01 2.832333e-01 5.780760e-01 1.048724e+00 -1.854953e+00 -1.781422e+00 -1.378664e+00 -1.888183e+00 -1.856972e+00 -8.237857e-01 -1.078730e+00
-1.204319e-01 -2.137568e-01 -6.243490e-01 1.589034e-01 -1.000839e+00 8.655410e-02 1.181064e+00 -4.924032e-01 -5.133252e-01 -4.455683e-01 -5.991389e-01 -6.760662e-01
1.274011e-01 7.285490e-02 1.730011e-01 -3.487267e-01 4.111461e-01 4.701874e-01 -5.234739e-01 -6.345940e-02 6.685562e-02 -3.649701e-01 -1.993378e-01 8.145646e-01
1.680795e-01 3.367556e-01 -5.192032e-02 -2.556987e-01 1.014610e-01 -2.277764e-01 2.666874e-01 -6.197944e-01 8.924961e-04 -8.025599e-02 1.570938e-01 -2.395605e-01
-4.656522e-01 4.215805e-01 5.915191e-01 5.876973e-02 -1.251959e+00 1.053452e+00 2.887668e+00 1.343725e+00 7.759510e-01 1.102681e-01 1.208153e+00 6.721493e-01
1.703385e-01 6.174750e-01 4.651250e-01 1.040631e+00 4.810595e-01 7.210122e-01 1.468359e+00 4.453254e-02 -2.660494e-01 3.419270e-02 -1.488303e-01 -3.354232e-01
-8.463285e-02 6.316714e-01 5.387667e-01 -8.373352e-01 -7.670897e-01 -3.487677e-01 -5.844702e-01 5.851812e-02 8.658342e-02 8.841680e-01 2.934899e-01 -2.470530e-01
6.900070e-01 2.212969e+00 1.388341e+00 -5.527258e-02 3.089676e-01 6.685523e-01 5.211701e-02 1.046208e+00 1.112179e+00 6.917621e-01 2.329044e+00 -1.241694e+00
2.270499e-01 4.825836e-01 2.388554e-02 3.216190e-01 2.150168e-01 -4.398847e-01 -5.597452e-01 8.038347e-01 8.889791e-01 -8.650557e-01 1.948942e-01 -3.994568e-01
-1.360606e+00 1.375030e+00 1.461821e+00 7.827882e-02 9.184958e-01 6.627288e-01 1.527981e-01 9.124451e-01 7.125565e-01 2.866501e+00 3.259340e+00 4.968658e-01
-5.335970e-01 -1.230528e+00 6.290334e-01 2.036767e+00 1.685774e+00 2.658750e-01 -2.323562e-01 -1.256216e+00 -2.351384e+00 -2.087856e+00 3.326795e-01 -9.135461e-01
-3.474948e-01 6.440427e-01 1.122067e-01 -1.218658e+00 -1.768430e-01 -1.066528e+00 -5.829980e-01 7.176393e-01 -9.896267e-01 -1.711848e-01 -1.533206e-01 1.315514e+00
1.016055e-01 1.088860e-01 -9.423833e-02 -2.306682e-01 -1.575756e-01 5.631974e-01 -1.063492e+00 -7.914467e-02 1.112785e-01 -1.451227e+00 6.054686e-01 -2.527331e-01
3.865122e-01 2.837140e-01 5.686163e-01 -2.638303e-01 8.858282e-01 -1.407452e+00 -5.016394e-01 1.413488e+00 2.530621e-01 -1.787213e+00 7.948622e-01 -5.464785e-01
2.466786e-01 9.006977e-01 2.498058e-01 -7.251197e-01 -8.645401e-02 5.861644e-01 4.225931e-01 1.809444e-02 1.017137e-01 3.689097e-01 1.713388e+00 -1.869193e-01
1.135082e-01 4.402221e-01 -4.560920e-01 1.941876e-01 -5.969487e-01 -2.528598e-01 5.132685e-01 -1.113377e+00 2.020614e-01 -2.042442e-01 -5.783808e-01 6.033412e-01
-9.213683e-03 6.790072e-01 -1.103930e-02 7.296673e-01 -9.771271e-01 -4.650784e-01 2.994667e-01 -5.428330e-01 1.054927e+00 -7.965385e-01 -6.574997e-01 3.133512e-01
-5.772520e-01 -8.550054e-01 5.804088e-01 1.336085e+00 3.448277e-01 1.082380e+00 1.681835e+00 5.725434e-01 -6.682655e-01 -7.576922e-01 1.383120e+00 6.999081e-01
2.779900e-01 4.360339e-01 -4.870875e-01 2.622955e-01 -1.637723e-01 9.245772e-01 -1.231410e+00 -2.183766e-01 5.022906e-01 -1.015185e+00 6.994476e-01 -2.016004e-01
2.641803e-01 3.323136e-01 6.840792e-01 -9.488283e-01 1.980589e+00 -1.978601e+00 -2.798712e-01 1.442785e+00 -5.374174e-01 -1.421169e+00 5.336710e-01 -1.052326e-01
-2.013152e-02 7.275339e-01 -1.423054e-01 3.029256e-01 -8.221925e-01 -6.308122e-01 7.995501e-01 -1.151344e+00 6.052184e-01 -3.285540e-01 -9.476234e-01 5.669143e-01
-9.618155e-01 2.244287e+00 1.369419e+00 1.692690e-01 1.476300e+00 1.736863e+00 1.680789e+00 3.753563e-01 -7.832699e-01 1.686754e+00 3.054323e+00 -7.492217e-01
-6.066233e-01 -4.841422e-01 -8.656170e-02 -3.206892e-02 5.066586e-03 2.767076e-01 -3.014590e-01 -8.043434e-01 -8.778187e-01 3.214192e-01 -1.036175e+00 -1.224532e+00
-1.732874e-02 3.775299e-01 -4.297800e-02 1.368640e+00 -5.257015e-02 3.857856e-01 7.514723e-01 -1.410916e+00 -9.425724e-01 -3.158857e-01 8.386720e-01 1.512187e+00
-4.085481e-02 5.047734e-01 1.667321e+00 -1.218792e+00 1.449301e+00 -6.106079e-01 -8.323454e-01 1.805678e+00 -1.343586e+00 -1.964827e-01 -6.606617e-01 5.928988e-01
6.426020e-01 9.168005e-01 -1.539447e+00 1.287000e+00 -1.155341e+00 1.604506e+00 -1.384850e+00 -4.681397e-01 3.701499e-01 -6.611773e-01 6.480301e-01 -1.947151e-01
7.507028e-01 7.795049e-01 -1.880963e+00 1.284583e+00 -7.102578e-01 1.174302e+00 -3.731253e-01 -1.513465e+00 -2.764850e-02 6.277781e-01 2.117691e-02 1.002320e+00
1.245290e-01 6.654323e-01 1.099202e+00 -1.460005e+00 2.030616e+00 -1.138557e+00 -7.158611e-01 1.755410e+00 -1.075877e+00 -5.469553e-01 -3.625187e-01 1.548548e-01
-1.506749e+00 -2.514101e+00 1.908333e-01 -6.016032e-01 -7.340245e-01 2.998802e+00 1.243060e+00 -5.670162e-01 2.397077e+00 -1.946306e-01 1.336851e+00 6.492952e-01
2.251993e-01 2.248970e-01 1.628031e+00 -3.442470e-01 1.685187e-01 7.489275e-01 -1.449568e+00 1.906664e+00 -1.345528e+00 4.493781e-01 -3.906836e-01 5.895996e-01
-3.738818e-01 1.352514e+00 6.316266e-01 -1.526892e+00 -2.346658e+00 -1.121363e+00 -1.549686e+00 -1.653580e+00 8.032039e-01 1.766750e+00 1.576731e+00 1.862229e+00
9.224236e-02 2.585379e+00 1.266917e+00 4.249717e-01 -1.161257e-01 1.277275e+00 8.261841e-01 1.947689e+00 1.628711e+00 1.165103e+00 2.287341e+00 -5.612402e-01
-7.682954e-01 2.511731e+00 1.504779e+00 7.182379e-01 1.068506e+00 1.283728e+00 9.936622e-01 1.093459e+00 1.943623e-01 -3.127179e-01 7.167295e-01 3.008130e-01
-6.728700e-01 -4.205176e-01 -5.817159e-01 -1.095670e+00 1.393503e-01 -1.783972e+00 -1.933516e+00 -7.303484e-01 -1.217731e+00 7.635589e-01 -2.086031e-01 -3.089102e-01
-8.289963e-01 8.012214e-01 1.989435e-01 2.933268e+00 2.997888e+00 8.366881e-02 1.320153e+00 -1.907858e+00 -1.125406e+00 -1.398970e+00 -1.374439e+00 -7.028403e-02
-5.112316e-01 2.580178e-01 2.247668e+00 1.354357e-01 3.821042e-01 -2.247297e+00 2.305473e+00 -2.026380e-01 -6.449642e-02 1.920493e+00 1.629359e+00 -1.023976e+00
-2.312783e-01 1.891938e+00 3.514416e-02 2.399177e-02 -4.812361e-01 4.612322e-01 1.691040e+00 2.241613e+00 1.439402e+00 1.393996e+00 1.158851e+00 -4.479478e-01
-1.664868e+00 -3.861134e+00 -1.098427e+00 -3.407456e+00 -1.565223e+00 4.012587e+00 4.754657e-01 -6.973018e-02 4.181064e+00 5.120326e-01 2.769545e+00 9.332775e-01
-6.036627e-01 2.041451e+00 3.088554e-01 4.295822e-01 6.943976e-01 1.339380e+00 2.320384e+00 2.247455e+00 -7.372133e-01 -1.843620e+00 -4.279914e-02 -5.674724e-01
-5.562208e-01 6.183362e-01 -1.080679e+00 -3.381128e-02 2.617925e-01 9.280545e-01 1.141506e+00 -1.325597e+00 -1.005390e+00 1.003815e+00 1.316148e-01 -1.017991e+00
-5.357361e-03 1.381898e+00 -6.554176e-01 4.847760e-01 -8.329170e-01 -6.583453e-01 -4.441667e-01 -2.268515e+00 2.556766e-01 1.148223e+00 6.004395e-01 3.658877e-01
3.210784e-01 5.178107e-01 1.782706e+00 1.604753e+00 -9.067562e-01 3.821426e-02 -3.059011e-01 6.457970e-01 -1.011852e+00 6.566066e-01 5.584028e-01 1.720602e-01
2.468885e-01 1.326479e+00 -2.678192e+00 1.618172e+00 3.181353e+00 1.110543e-01 1.049747e+00 -2.208379e+00 -1.581607e+00 -1.544043e+00 -1.893747e+00 1.431450e+00
-6.540731e-01 -2.510126e+00 -3.166988e+00 -2.870589e+00 -1.062145e-02 2.707513e+00 2.886099e-01 2.483907e+00 5.040682e+00 3.041083e-01 8.367389e-01 2.780025e+00
-1.641446e-01 2.289055e+00 -6.305987e-01 -3.894396e-01 -8.412102e-01 -6.327232e-01 2.552534e-01 7.479764e-01 -9.028046e-01 -1.643935e+00 -1.002165e+00 -1.243050e+00
3.642042e-01 4.645790e-01 -3.425249e+00 -1.866642e+00 1.140913e+00 2.378606e-01 2.406155e-01 1.328320e+00 2.640495e+00 -4.329752e-01 -8.282922e-01 3.295272e+00
4.653835e-03 1.712778e+00 -7.275257e-01 -2.637291e-01 1.472744e-01 4.744438e-01 6.371861e-01 -5.831127e-01 -2.065731e-01 2.409699e+00 1.247915e+00 -5.591207e-01
1.232658e-01 2.215628e+00 -3.166211e-01 -6.958833e-01 3.112026e-01 -2.696417e-01 4.415611e-01 6.303313e-01 -1.118209e+00 -4.790869e-01 -1.261453e+00 5.297565e-03
-8.581843e-01 1.157035e+00 3.812175e+00 1.458310e+00 5.133533e-02 -3.775148e+00 3.243948e+00 -9.100534e-01 -4.725790e-01 2.888871e+00 3.107640e+00 -2.186964e+00
6.354803e-01 2.551257e+00 -3.345211e+00 1.918271e+00 5.242958e+00 -1.001131e+00 7.281232e-01 -1.721787e+00 -1.541986e+00 -2.283493e+00 -2.809045e+00 2.824447e+00
-7.247587e-02 1.040970e+00 2.969900e+00 3.274083e+00 -9.878867e-01 -2.800433e+00 2.250847e+00 -1.223506e+00 -5.028988e-01 1.899041e+00 2.531075e+00 -1.057643e+00
-5.607448e-01 1.483579e+00 3.797730e+00 2.991774e+00 -8.274652e-01 -3.773792e+00 3.473911e+00 -1.573293e+00 -6.267952e-01 3.272819e+00 3.050109e+00 -1.918789e+00
