5.749633e+00 -9.745741e-01 -7.269508e-01 -8.293734e+00 -7.813214e+00 2.490347e+00 -4.441161e+00 1.363725e+00 -3.659447e+00 6.389309e-01 -2.618941e+00 -3.209608e+00
2.595535e+00 -1.153131e+00 -4.042276e-01 -4.683532e+00 -4.492006e+00 3.563026e+00 -2.319835e+00 6.645158e-01 -2.361950e+00 9.442130e-01 -1.138124e+00 -2.267630e+00
7.515285e+00 2.701247e-01 -3.455503e-01 -8.261920e+00 -7.542174e+00 1.902071e+00 -6.020776e+00 1.137525e+00 -3.131408e+00 6.203746e-01 -2.129194e+00 -3.835778e+00
-3.342319e-01 -1.664118e-01 2.706972e+00 3.571707e+00 3.654889e-01 -1.029624e+00 -1.687481e-01 -9.476805e-01 -1.790315e+00 -1.073408e+00 -5.420955e-01 -9.700283e-01
-1.954185e+00 -8.166235e-01 1.279928e+00 2.350954e+00 4.521445e-01 -1.758182e+00 -8.258924e-01 -2.054358e+00 -2.143162e+00 -1.374011e-01 -2.327704e-02 -1.983633e+00
8.015871e-01 -3.156068e-01 2.314774e+00 2.733984e+00 6.477252e-01 3.715841e-01 1.365548e+00 5.203454e-01 -6.381477e-01 -1.093306e+00 1.100222e+00 8.986850e-01
-2.043529e+00 -7.168474e-01 -3.019812e-01 2.609795e-01 -5.012311e-01 -1.831265e+00 -4.757442e-01 -1.475759e+00 -7.525124e-01 7.539662e-01 3.213339e+00 7.412072e-02
7.256615e+00 1.411183e+00 2.863735e-01 -5.524087e+00 -5.403840e+00 1.375337e+00 -3.767993e+00 -3.432145e-01 -1.587725e+00 -7.313405e-01 -8.244396e-01 -2.968786e+00
1.917797e+00 -9.995534e-01 4.730082e-01 1.754855e+00 2.057889e+00 -2.292995e-01 2.743273e-01 5.626974e-01 1.371498e+00 4.189915e-01 5.947881e-01 -1.277991e-01
1.854722e+00 -1.605184e+00 -7.943519e-01 -2.132351e-01 -4.907684e-01 -1.074940e+00 -1.826539e-02 -3.393172e-01 -1.308108e-01 -1.721706e+00 -1.692012e+00 -1.424361e+00
-6.252404e-02 6.368329e-02 -7.380182e-01 -1.002392e+00 -1.064651e+00 1.539418e+00 -7.423143e-02 -2.934110e-01 -1.275924e-01 1.863894e-01 -4.664114e-01 -5.821501e-01
-1.505641e+00 -1.110358e+00 -8.476173e-01 -7.744031e-01 -8.150390e-01 -1.559056e+00 -8.977381e-01 -2.160990e+00 3.662435e-01 -4.638092e-01 7.481869e-01 9.115189e-01
1.296789e+00 -9.379522e-01 -6.564981e-02 6.854449e-01 1.231211e-01 -8.830535e-01 -6.024306e-01 -5.944735e-01 -6.579498e-01 -2.226587e+00 -1.805529e+00 -7.390065e-01
2.349862e-01 4.319261e-01 -2.995202e-01 1.455658e+00 7.317852e-01 6.969804e-01 1.255137e-01 4.850779e-01 5.522873e-01 1.024065e+00 -1.452069e+00 -1.771782e+00
8.225134e-01 -1.928692e-01 -5.546736e-01 7.908226e-01 -1.753661e-01 4.071116e-02 4.661323e-01 5.385023e-01 5.858761e-01 -4.865841e-01 -1.776924e+00 -1.696221e+00
-1.573894e-01 9.449384e-02 -2.232013e-01 1.145377e+00 1.938902e+00 5.365372e-01 1.280297e+00 3.791446e-01 7.817960e-01 -2.624239e-01 -5.378002e-02 -1.746630e+00
-2.783842e-01 -4.030274e-01 -1.436812e+00 -3.474178e-02 8.212110e-01 -3.877337e-01 6.394727e-01 -9.560335e-01 -1.154728e-01 1.229349e-01 -8.828236e-01 -6.261982e-01
-6.532084e-01 -6.595796e-01 8.059522e-01 -1.143998e+00 -1.682111e+00 3.572375e-01 5.169203e-01 8.610477e-01 -1.632995e+00 -8.037540e-01 -9.949209e-01 1.911937e-01
-1.009703e-01 -6.429093e-01 7.902977e-01 -5.658553e-01 -8.542155e-01 -3.308873e-02 -7.190102e-01 6.146646e-01 -1.490424e+00 -1.794865e+00 2.381229e-01 -1.952066e-01
1.514470e+00 -7.288885e-01 -2.202643e+00 -1.310493e+00 1.716792e+00 1.253147e+00 6.548346e-01 1.581830e-01 2.842443e+00 2.167048e+00 1.279751e+00 -2.335583e-01
-6.574177e-01 -1.686054e-02 1.690359e-01 -5.720263e-02 -1.321349e+00 2.814880e-01 1.647010e+00 8.599710e-01 -1.808162e+00 4.776120e-02 -1.236902e+00 -2.655050e-01
-2.917439e-01 -9.375598e-01 3.359331e-01 -6.379433e-02 -2.074432e-01 -6.314907e-02 5.617145e-01 7.826635e-01 -8.973129e-01 8.724173e-01 8.736753e-01 5.233015e-01
-3.279085e-02 1.011177e-01 -2.698273e-01 4.396815e-01 -6.256323e-01 -2.187754e-01 4.406880e-01 7.360753e-01 3.653781e-01 -5.132217e-01 -4.972168e-01 -2.575414e-01
3.204325e-01 -4.016531e-01 -1.060831e+00 -7.940580e-01 -7.559028e-01 -9.614367e-01 5.839506e-01 -1.219602e-01 1.625809e-01 -5.953401e-01 -5.185453e-01 7.636839e-01
-1.797728e-01 3.997773e-01 6.312354e-01 3.019738e-01 1.846508e+00 1.037023e+00 3.422968e-02 8.468558e-01 8.324040e-01 -1.828601e-01 7.815296e-01 -4.376059e-01
2.912579e-01 -2.147841e-02 4.293733e-01 7.292299e-01 7.566456e-01 1.469692e+00 -9.867748e-01 -2.363168e+00 -2.317040e-01 1.633270e-01 -1.564338e+00 -1.982340e+00
-1.003694e+00 1.361537e-01 -1.369096e+00 -1.217276e+00 -1.054694e+00 -9.249281e-01 -7.813099e-01 -9.493929e-01 -9.509188e-02 -2.161996e+00 -1.303521e+00 8.701627e-01
-1.301284e-01 1.156577e-01 -1.067250e-01 9.516012e-01 -2.011640e-02 -6.142911e-01 -6.639088e-01 -5.495728e-01 6.477765e-01 1.160591e+00 -1.073793e+00 -1.056459e+00
2.727342e-01 4.213613e-01 1.210134e-01 2.681142e-01 5.881512e-01 7.832692e-01 -4.698488e-01 -5.491616e-01 -4.589382e-01 4.824776e-01 1.945797e+00 3.660939e-02
-7.819754e-01 9.200050e-01 -4.580317e-01 3.250097e-01 4.254314e-01 3.587634e-01 1.244127e+00 1.961746e+00 -2.409914e-01 3.288137e-01 -1.811865e+00 -1.191779e-01
2.800521e-01 1.235301e+00 -5.181761e-02 3.244327e-01 -1.072131e+00 4.054628e-01 2.902312e-02 -5.162767e-01 -6.252840e-01 -4.126045e-01 9.255581e-01 -1.613772e-01
-1.223998e-01 -5.703724e-01 6.234177e-01 -2.998068e-01 -5.062199e-02 -1.192394e+00 8.295423e-01 4.786154e-01 7.526924e-02 7.020722e-01 5.373439e-01 7.480406e-01
-5.453111e-01 -1.446907e+00 -4.241181e-03 -1.332325e-01 2.622255e-01 1.043626e+00 5.404727e-01 7.083873e-01 -1.718602e+00 4.367937e-01 8.716232e-01 6.177319e-01
2.514206e-01 5.229897e-01 2.447707e-01 7.222886e-01 5.136051e-01 -5.506934e-01 2.005075e-01 6.982651e-01 2.188004e-01 -1.903777e+00 -2.776937e+00 -9.064093e-01
5.712212e-01 2.477173e-01 2.157197e-01 8.805915e-01 6.584646e-01 -5.523901e-01 -2.181237e-01 1.057088e+00 1.374448e-01 -1.507461e+00 -1.888705e+00 -8.734811e-01
-3.652307e-01 -1.033321e+00 -2.015451e+00 2.085584e+00 2.265684e+00 -4.302573e-01 -5.553981e+00 5.797364e-01 3.915764e+00 -1.061018e+00 -3.560057e+00 -2.063240e+00
9.813748e-02 3.363928e-01 6.972922e-01 4.041405e-01 -3.758763e-01 8.178207e-01 6.584429e-01 1.232979e+00 -1.303575e+00 -1.129151e+00 8.372267e-02 7.024279e-01
3.791602e-01 5.866160e-02 1.650765e-01 6.342167e-01 1.560380e+00 8.671837e-01 6.429321e-01 4.088894e-01 -6.868216e-01 -3.017413e-01 -2.595558e-01 9.381983e-02
-9.445858e-02 2.976306e-01 2.215939e-01 -3.818627e-01 -1.516512e-01 9.905776e-01 2.816263e-01 -7.853750e-01 4.613211e-01 3.885844e-01 9.492260e-01 3.691960e-01
3.080368e-03 -2.552990e-01 5.732382e-01 -1.758667e-01 6.888542e-02 -1.267983e+00 1.025841e+00 2.189968e-01 5.093145e-01 2.613216e-01 5.371007e-01 7.722864e-01
-3.598163e-01 -3.071371e-01 -4.949276e-01 -8.167245e-01 -1.043219e+00 -2.808876e-02 -5.214543e-01 -1.073546e+00 1.129769e+00 1.108244e-01 7.348819e-02 -2.867673e-01
-8.126581e-01 1.419557e+00 -8.973433e-01 -4.164955e-01 3.898320e-01 -7.928405e-02 -4.000194e-01 1.209287e+00 5.310391e-01 -8.532408e-01 -1.780506e+00 1.330229e+00
-1.601994e-01 -1.083473e-01 4.805796e-01 3.131609e-02 6.861445e-01 1.103877e+00 -2.575992e-01 -1.619169e+00 -8.263171e-01 4.503896e-01 1.171088e+00 1.160769e+00
-5.219268e-01 -5.706046e-01 -6.655434e-01 -5.472624e-01 -4.424685e-01 7.625552e-01 1.843257e-01 -1.360622e+00 1.069388e-02 1.555677e-01 6.255184e-02 -2.434415e-01
-1.784459e+00 -1.453767e+00 1.848183e+00 3.965044e+00 1.879235e+00 -8.302665e-01 8.746778e-01 2.641121e-01 -1.293135e+00 -1.009443e+00 -1.139431e+00 1.777010e-01
2.273011e-01 -4.106426e-02 -1.297918e+00 7.831420e-01 1.073885e+00 1.024215e-01 -2.843459e+00 4.753714e-02 1.410311e+00 1.064454e+00 -2.743879e+00 -5.864574e-01
-6.488674e-01 2.861949e-01 4.296237e-01 3.546937e-01 -4.340003e-01 -3.742801e-01 3.420583e-01 7.993228e-01 9.772556e-01 7.787536e-01 2.150849e+00 2.368908e+00
2.266308e-01 -1.328539e+00 -8.960682e-01 -3.924592e-01 3.091981e-01 1.283832e+00 -2.817488e-03 -5.567889e-01 9.648425e-01 2.163074e-01 -1.624208e+00 -1.101476e+00
2.121224e-01 3.028005e-01 7.528561e-01 6.431095e-01 1.024070e+00 2.486454e-01 -1.459335e+00 -2.478494e+00 -1.280473e+00 -5.185040e-01 -1.076766e+00 -2.035876e+00
3.749981e-01 3.897538e-01 9.341971e-01 9.207541e-01 1.689082e+00 1.018780e+00 -4.418840e-01 -3.348720e-02 3.036896e-01 5.585853e-01 7.002019e-01 9.337549e-01
-2.936821e-02 -3.626920e-02 2.078388e-01 4.788624e-01 -4.139713e-01 -1.122708e+00 -9.624280e-01 -5.244864e-01 3.499070e-01 -1.939694e+00 -1.486562e+00 4.726290e-01
-5.653372e-02 2.953129e-01 -4.007880e-01 -4.139538e-01 7.464981e-02 -2.046512e-01 -5.928659e-01 -1.878894e+00 -1.789104e-01 1.723598e+00 1.628694e+00 -7.371864e-01
-2.086315e-02 3.683923e-01 -2.584436e-01 -7.046368e-01 -1.346565e-01 7.229279e-01 1.014334e+00 -5.510328e-01 8.254946e-01 -1.313032e+00 2.915809e-01 -6.998848e-01
-7.955675e-02 1.308908e+00 8.987261e-02 -7.008929e-01 -5.482358e-01 -2.788774e-01 3.075350e-01 -1.593589e+00 -2.972614e-01 6.235632e-01 1.738481e+00 -5.850767e-01
1.765097e+00 2.442441e-01 -2.309211e-01 1.056964e-01 -7.175808e-01 9.014764e-02 -8.062092e-01 -1.813335e-01 -1.443172e-01 -4.849100e-01 1.430757e+00 1.641765e+00
3.065245e-01 7.164049e-01 1.233110e+00 1.059672e+00 3.771965e-01 4.024241e-01 -6.394176e-02 -3.040065e-01 -5.280961e-01 5.282729e-01 1.407956e+00 -1.561415e-01
2.862678e-01 -1.083650e+00 -1.700608e+00 -1.650359e+00 1.009662e+00 1.603197e+00 1.013443e+00 -5.170919e-01 1.983499e+00 1.469743e+00 -7.198337e-01 -1.677063e+00
-3.995108e-01 2.150697e-01 6.247051e-01 -5.968274e-01 -1.940176e-01 3.591572e-01 2.575324e-01 -1.495173e+00 -1.110031e+00 1.101777e+00 2.235306e+00 8.511024e-01
3.071852e-02 -2.832098e-02 5.376887e-01 8.047085e-02 -1.031301e-01 -1.050647e+00 8.246619e-01 3.487562e-01 3.666123e-01 1.677009e-01 5.722745e-01 4.660325e-01
1.399450e-01 7.950076e-01 4.055822e-01 1.728664e-01 2.595348e-02 -4.941861e-01 -5.716378e-01 1.032001e-01 1.143163e+00 -1.155122e-01 1.007591e+00 4.383688e-02
-5.919865e-01 1.229372e-01 -2.929947e-01 -1.043499e+00 4.063841e-01 9.960642e-01 1.206658e+00 7.229730e-01 4.811663e-01 1.425632e+00 1.184286e+00 1.167743e+00
-6.475590e-01 -2.249892e-02 4.361154e-01 2.740799e-01 -7.744943e-01 -1.160494e+00 3.431963e-01 -1.511684e-01 6.208192e-01 1.316356e+00 2.701997e+00 1.564597e+00
1.680112e-01 7.176148e-01 5.391825e-01 8.249207e-02 -1.372070e-01 -1.158676e-02 -8.747883e-02 4.211624e-02 1.597605e+00 -8.250766e-02 6.787046e-01 -4.100180e-02
2.594214e-02 5.150008e-01 4.663391e-01 1.866938e-01 2.061724e-01 -8.151580e-01 5.453494e-01 3.211915e-01 5.655019e-01 6.422424e-03 8.450516e-01 6.297175e-01
-7.226259e-01 1.060778e+00 8.616627e-01 -1.294112e+00 -2.596056e+00 -1.799792e-01 4.446769e-03 -7.127271e-02 1.961463e-01 1.110202e+00 -2.897739e-02 -1.017116e+00
2.082977e-02 8.835682e-01 4.171579e-01 1.600719e-01 3.389893e-01 -9.657063e-01 2.367474e-01 2.189546e-02 8.035703e-01 -1.204414e-01 1.188436e+00 3.003843e-01
-4.080730e-01 -1.866642e+00 -3.421425e-01 3.572966e-01 8.213730e-01 1.803743e+00 1.356051e+00 5.289887e-01 -2.334028e+00 1.272796e-01 6.907232e-01 8.418638e-01
-1.560821e-01 -7.004067e-01 5.963140e-01 3.172936e-02 -3.567305e-01 1.648071e+00 1.348798e+00 1.586836e+00 -8.851838e-03 -7.480938e-01 6.093375e-01 1.456720e+00
-1.442016e-01 1.144129e+00 1.280721e+00 -8.788465e-01 4.112154e-01 3.633149e-01 1.321134e+00 -4.419150e-01 -1.658416e+00 9.609408e-01 1.585211e+00 1.716160e-02
-5.037249e-01 1.127741e+00 1.451405e+00 -1.347301e+00 -4.836570e-01 -5.296928e-01 1.337731e+00 3.146068e-01 -1.115479e+00 1.509923e+00 1.786627e+00 2.173503e-01
1.755442e-01 4.406404e-01 6.272755e-01 9.886856e-02 -1.288208e-01 -7.707491e-02 7.918758e-01 2.758668e-01 1.703402e+00 -1.475948e-01 3.404494e-01 -5.457942e-01
-8.866148e-01 1.266542e+00 4.050574e-01 8.899087e-01 3.332296e-01 1.570305e+00 3.543819e-01 1.303726e+00 3.673276e-01 -3.404004e-01 -9.933981e-01 7.984418e-01
-1.911264e-02 6.074200e-02 1.278435e+00 1.452416e+00 1.423853e+00 -8.860458e-01 2.121554e+00 6.747030e-01 -1.647534e+00 -1.412844e+00 -1.449709e-02 -1.739978e+00
1.125551e-01 4.060307e-01 4.243210e-01 4.670048e-02 1.502190e-01 -2.771286e-01 1.706071e+00 4.336355e-01 1.412606e+00 -3.581970e-01 -3.343676e-01 -3.407240e-02
-3.656492e-02 7.228000e-01 2.454517e-01 -1.767948e-01 4.627880e-01 1.068175e-01 1.814692e+00 2.635410e-01 1.383944e+00 -8.206873e-01 3.611341e-01 -1.186457e-01
2.462702e-02 -1.885668e+00 -1.982881e+00 2.071654e+00 3.155165e+00 -2.567146e-01 -5.125409e-01 5.669221e-01 -8.538064e-01 -4.643131e-01 3.147552e+00 1.193429e+00
-2.917437e-01 -2.049847e+00 -1.315492e+00 1.254167e+00 2.368052e+00 9.852965e-01 3.381889e-01 1.455832e-01 -1.526303e+00 -5.775911e-01 2.359947e+00 1.323662e+00
-5.043657e-01 -2.006277e+00 -7.914071e-01 8.073708e-01 1.934705e+00 1.595497e+00 1.300374e+00 2.470112e-02 -2.128060e+00 -2.475641e-01 1.314377e+00 1.180569e+00
2.007839e-01 -1.420223e+00 -2.781212e+00 2.328094e+00 4.083575e+00 -1.751629e+00 -1.294002e+00 2.646295e-01 9.401449e-01 -8.634453e-01 2.420937e+00 1.382631e+00
-2.547536e+00 -1.431770e+00 8.846101e-01 1.896543e+00 2.151906e+00 5.016450e-01 -2.228111e-01 1.871056e+00 2.011350e+00 8.347742e-01 -3.595963e-01 1.392415e+00
3.657729e-01 -1.339908e+00 -2.721645e+00 2.424780e+00 4.373935e+00 -2.091850e+00 -2.131098e+00 7.040750e-01 3.092815e+00 -1.486550e+00 1.574354e-01 5.942216e-02
-9.618338e-01 3.328321e-01 7.725353e-01 1.265437e+00 7.149190e-01 -4.567574e-01 -2.789313e-01 2.210662e-01 -2.875761e-01 5.276148e-01 -1.369677e-01 1.129477e+00
3.952551e+00 2.013413e+00 4.430933e-02 -1.053651e+00 -1.733615e+00 3.834555e-01 -1.311232e+00 -1.608213e-01 8.788038e-01 2.779047e-01 1.267322e+00 4.729729e-01
-4.140572e-01 9.022407e-02 -1.419862e+00 1.646374e+00 2.181983e+00 -5.839153e-01 -3.724374e+00 -6.178331e-02 2.649260e+00 1.768250e-01 -3.980857e+00 -1.535253e+00
-1.412946e+00 1.217834e+00 1.576800e-01 -4.763131e-01 3.583080e-01 2.014903e+00 1.763614e+00 1.872787e+00 5.546306e-01 3.988574e-01 -7.454750e-01 1.249027e+00
-9.709389e-01 8.597289e-01 3.569185e-01 -1.609389e+00 -3.985983e+00 7.327700e-01 -2.169610e-01 -9.799045e-01 1.771127e-01 7.876323e-01 1.115556e+00 -7.109829e-01
-2.126923e-02 -6.032178e-01 -2.188161e+00 2.824930e+00 4.076324e+00 -2.027041e+00 -3.793936e+00 -3.552426e-01 4.194828e+00 -1.423964e+00 -2.798309e+00 -8.315039e-01
-9.819945e-01 1.256141e+00 3.528265e-01 -1.570688e+00 -4.494826e+00 2.933253e-01 -1.045208e+00 -1.892406e+00 7.262821e-01 1.882106e+00 2.561469e+00 -1.320187e-01
-6.929039e-01 8.215894e-01 -1.466665e+00 -1.897805e-01 1.374907e+00 -8.028580e-01 -1.589979e-01 -8.096027e-03 2.871049e+00 2.386061e+00 -2.294075e+00 3.223972e-01
-3.776348e-01 1.776488e+00 -3.731875e-01 1.071253e+00 2.982568e-01 -1.615519e+00 6.230451e-01 -1.667483e+00 -9.089106e-01 1.749721e-01 -1.074611e+00 8.066152e-01
-8.669262e-02 2.109273e+00 -5.022085e-01 7.148461e-01 1.118657e+00 -1.795161e+00 1.206436e+00 -1.320479e+00 -4.127378e-02 5.844963e-01 -4.742171e-01 7.199210e-01
-1.223672e+00 1.164157e+00 5.058684e-01 -1.130898e+00 -2.918779e+00 7.634273e-01 9.639431e-01 -1.089412e+00 7.813333e-01 8.999993e-01 1.271592e+00 8.941395e-01
-4.287398e-01 1.539657e+00 1.721916e+00 -1.628056e-01 3.444409e-01 4.761558e-01 4.485251e+00 1.859495e+00 -1.490716e+00 -2.014642e+00 -1.155796e+00 -7.001975e-01
-3.861846e+00 -1.776524e+00 1.604866e+00 4.239360e+00 2.172179e+00 -4.244814e-01 1.705834e+00 9.840997e-01 6.907053e-02 -1.854665e-01 -2.017528e+00 1.224040e+00
-1.071305e+00 1.691052e+00 1.932927e+00 -4.627343e-01 6.590223e-02 7.301431e-01 4.268867e+00 2.397407e+00 -3.097379e-02 -1.109741e+00 -2.631386e-01 1.343600e+00
-1.529472e+00 1.296854e+00 1.108037e+00 -6.202080e-01 -1.015637e+00 7.827905e-01 4.173820e+00 1.767748e+00 2.404703e-01 -6.480422e-02 1.346327e+00 1.951833e+00
-1.661940e+00 2.819340e+00 -1.163063e-02 1.584100e+00 1.279702e+00 -2.298576e+00 2.143604e+00 -2.897042e+00 1.344900e-01 1.506546e+00 -3.232280e+00 1.661796e+00
