-5.813627e+00 1.988942e+00 -5.810053e-01 -3.354002e+00 3.625019e-01 -2.230553e+00 -2.499756e+00 -2.851086e+00 -4.896560e-01 2.865791e+00 4.690691e+00 3.233466e+00
-5.318760e+00 3.998718e-01 -1.443125e+00 -2.640243e+00 1.275068e+00 -2.233588e+00 -1.855399e+00 -3.170330e+00 -1.947448e+00 8.169671e-01 3.934523e+00 2.223048e+00
-2.745480e+00 -8.169941e-01 -6.917225e-01 -6.224717e-01 1.902801e+00 -5.393451e-01 1.118359e-01 -1.815378e+00 -1.680257e+00 -9.196453e-01 8.825695e-01 -6.996806e-01
-4.009332e+00 2.086330e+00 -2.226573e+00 -2.310581e+00 -3.940600e-01 -1.799712e+00 -1.252031e+00 -8.943790e-01 1.554027e+00 1.776336e+00 2.274865e+00 2.023673e+00
-2.346443e+00 1.902840e+00 -1.414030e+00 2.383631e-01 -1.560363e-02 1.007078e-01 -3.252568e-02 8.717565e-02 1.892362e+00 -5.631307e-01 -1.160760e+00 -2.911287e-01
6.831013e-01 -2.009119e+00 5.989736e-01 1.704908e+00 5.838218e-01 2.521144e-01 3.427426e+00 1.433531e+00 4.560700e-01 -2.506255e+00 -4.286060e+00 -2.054402e+00
2.539895e-01 -3.542480e+00 -9.882925e-01 -1.505177e+00 2.725925e-02 2.581666e+00 1.042801e+00 2.928073e+00 -6.091349e-01 -1.320662e+00 -1.619312e+00 -2.170906e-01
4.851479e+00 -5.065484e+00 -9.062057e-01 -2.433409e+00 -3.382756e+00 -1.206459e+00 -2.246148e+00 3.187028e+00 -2.855719e+00 -9.013662e-01 -4.296070e+00 -2.624430e+00
-1.660768e+00 1.275106e+00 -1.011708e+00 1.419877e+00 1.028078e+00 1.414497e+00 -3.426200e-01 8.439471e-01 1.682016e+00 -2.171349e+00 -1.639980e+00 -1.839750e+00
1.483416e+00 -2.005203e+00 6.060932e-01 -8.435360e-01 -1.598478e+00 -2.965541e-01 -5.610023e-01 3.913642e+00 -1.102369e-02 3.826114e+00 -3.482492e+00 1.590103e+00
3.523056e-01 -1.342633e+00 3.978900e-01 -7.697271e-01 -3.814069e-01 5.391428e-01 -5.844102e-01 3.327204e+00 2.327251e-01 1.462437e+00 -2.461718e+00 2.591083e+00
-9.131094e-01 1.158000e+00 -5.306658e-01 1.095676e+00 1.474508e+00 1.221335e+00 -1.169414e+00 2.765345e-01 6.648786e-01 -2.139973e+00 -1.714728e-01 -4.230200e-01
3.115954e-01 -2.403360e+00 -1.477205e+00 -2.064914e-01 1.058683e+00 3.040390e+00 2.718444e+00 6.359068e-01 4.560594e-01 -1.899438e+00 -1.000545e-01 -4.448700e-03
-6.153170e-01 1.321807e+00 -3.182000e-01 -9.900616e-01 3.529868e-01 7.041775e-01 -2.033669e+00 -9.374218e-01 -1.373928e+00 -6.935696e-02 7.014953e-01 -4.161661e-01
2.322853e+00 -1.945063e+00 1.156866e+00 -9.680807e-01 -2.965269e+00 -1.719731e+00 -1.578877e+00 2.951526e+00 1.668124e+00 4.718102e+00 -2.839023e+00 9.792578e-01
2.322644e+00 -2.154769e+00 -2.753476e-01 1.801398e+00 -6.247827e-01 -3.326191e-01 3.986072e+00 3.098000e+00 2.451913e+00 -2.108929e+00 -4.816731e+00 -2.199558e+00
-3.952347e-01 8.979424e-01 -1.739866e-01 -1.568531e+00 -1.676632e+00 -1.017696e+00 -9.636347e-01 -1.007254e+00 -1.190205e+00 5.010491e-01 7.534108e-01 -4.406593e-01
-3.829695e-01 -2.217690e+00 1.103528e+00 -3.514135e-01 -1.501122e-01 -1.549266e+00 -1.045882e+00 7.292961e-01 1.537441e+00 -2.056076e+00 -1.462775e+00 1.375225e-01
4.922344e-01 -1.515684e+00 -1.210366e+00 5.427613e-01 6.568943e-01 2.685992e+00 2.343440e+00 1.649720e-01 3.863852e-01 -1.229141e+00 7.690443e-01 7.405497e-01
1.488131e+00 -1.479774e+00 6.354647e-01 1.507318e+00 -7.310555e-01 -8.724562e-01 2.779268e+00 2.412765e+00 2.542236e+00 -1.328373e+00 -2.493970e+00 -7.527914e-01
4.177094e-02 5.256169e-01 -1.760957e-01 -3.045990e-01 -1.816793e+00 -1.719789e-01 4.754550e-01 -5.098657e-01 -1.427244e+00 6.851986e-01 1.656433e+00 -7.388228e-02
-6.549433e-01 -2.150612e+00 1.925869e-01 1.004789e+00 4.964251e-01 -1.661403e+00 -2.352024e+00 8.901126e-01 1.084659e+00 -2.623426e+00 -2.508281e+00 1.412105e-01
2.568271e-01 -9.215916e-01 -5.682989e-01 5.746252e-01 3.640583e-01 1.649410e+00 8.560703e-01 1.960157e-01 1.831164e-01 -8.254232e-01 7.951847e-01 -2.952737e-01
6.771164e-02 -5.563687e-01 -5.904042e-01 4.913679e-01 -4.096001e-01 4.973997e-01 8.197916e-01 -1.908412e-01 1.690634e-01 8.311347e-01 4.766121e-02 -7.845349e-01
-8.619887e-03 -9.949270e-01 -7.107805e-01 1.585375e-01 6.205921e-02 6.062368e-01 -5.846263e-01 -6.211690e-01 -6.030186e-01 2.195422e-01 -4.627976e-01 -9.716549e-01
2.886295e-01 -9.299341e-01 -4.323350e-01 5.145186e-01 3.049404e-01 7.689155e-01 -8.390282e-01 -5.727814e-01 -1.165298e-01 1.453382e+00 -4.558920e-01 -7.453190e-01
-7.571739e-02 6.933249e-01 -1.104496e-01 -6.130658e-01 9.352228e-01 -4.190011e-02 -4.212891e-01 1.817616e+00 -1.350983e-01 -1.323532e+00 -6.786026e-01 2.611367e+00
3.580276e-01 -9.637251e-01 -8.424282e-01 7.626127e-01 7.521016e-01 1.180124e+00 7.141642e-01 4.828774e-02 -2.797254e-01 -1.099568e-01 2.337042e-01 -6.786942e-02
2.757073e-04 -2.439061e-01 -4.775300e-02 1.203244e+00 5.846526e-01 -1.649617e-01 1.762317e+00 5.119445e-01 -1.189884e+00 1.050127e-01 -7.627808e-01 -9.758984e-01
4.965244e-01 -3.083965e-01 -1.650810e-01 4.695442e-01 4.582666e-01 2.268880e-01 -6.571602e-01 -6.062619e-01 6.550149e-01 1.859939e+00 -2.750702e-01 -9.091955e-01
-4.518228e-01 -4.066277e-01 -8.946959e-01 -4.529772e-01 -4.529606e-01 -1.832558e+00 -1.771536e+00 7.128484e-01 4.118631e-01 -1.497892e+00 -1.705927e+00 -7.116752e-01
8.591938e-03 3.086635e-01 -6.034344e-02 -2.020447e-01 -1.904395e-01 4.926044e-01 -4.596038e-01 -7.710055e-01 -3.210614e-01 3.929998e-01 5.446514e-01 -1.116119e+00
2.683354e-01 1.896310e-01 -6.396394e-01 -4.395767e-01 -3.126982e-01 6.000003e-01 -8.133931e-01 -9.064214e-01 -1.210847e+00 -9.931487e-01 -3.312165e-01 -8.138855e-01
9.914732e-02 2.029205e-01 -4.322176e-02 6.322957e-01 -7.118915e-01 4.918563e-01 4.048622e-01 3.974159e-01 -9.660372e-01 -1.009625e+00 -3.304926e-01 3.052638e-01
2.170151e-01 8.046253e-01 5.639467e-01 1.344001e+00 2.164541e-01 9.049886e-01 5.981922e-01 7.683939e-01 3.079157e-02 5.032461e-02 -7.715392e-01 1.782727e-01
2.078713e-01 1.010776e+00 1.578065e+00 1.104017e+00 1.121903e+00 1.043088e+00 1.284946e+00 5.674112e-01 2.048839e+00 1.432342e+00 -1.012668e+00 1.025717e-01
9.967689e-02 1.102981e+00 1.601348e+00 8.505244e-01 1.391504e+00 1.605732e+00 9.701494e-01 2.881791e-01 1.433409e+00 7.644852e-01 -5.349774e-01 -5.665230e-01
2.752161e-02 -3.248472e-02 8.162917e-02 -1.030938e+00 9.903772e-01 7.287942e-01 -5.079851e-01 -1.701230e+00 -6.318170e-01 -6.028460e-01 -1.063649e+00 -1.185326e+00
-3.007231e-01 -6.891840e-01 4.882362e-02 -8.195629e-01 -4.624640e-01 -5.783548e-01 4.384761e-02 -2.557205e-01 -7.526905e-01 -1.374486e+00 1.661877e-01 2.819216e-01
4.381623e-01 3.238428e-01 5.657447e-01 -2.371891e-01 -7.127558e-01 3.425021e-02 1.136975e+00 7.077398e-01 -5.889274e-01 -1.016399e+00 -9.695105e-02 -2.004189e-02
1.732388e-01 1.929872e-01 2.378116e-01 6.158415e-01 -1.630711e-01 -1.254697e+00 3.500937e-01 1.775907e+00 3.457184e-01 5.529940e-02 4.228831e-01 -7.066138e-02
1.999716e-01 2.515439e-01 -4.194176e-03 5.526248e-01 -6.845745e-01 -5.067888e-01 -5.329095e-01 2.325087e+00 -4.713934e-02 -5.736626e-01 -5.175498e-01 1.798383e-01
1.888300e-01 -6.647794e-01 -1.558195e+00 3.185929e-01 2.543299e-01 3.029440e-01 -1.373294e+00 -2.157629e-01 -4.687080e-01 6.225854e-01 -6.441141e-01 3.770666e-01
-4.322913e-01 -1.081817e+00 -1.271716e+00 -2.040810e-01 6.042770e-01 -3.891963e-01 -1.302290e+00 -1.029875e+00 5.982822e-01 1.038635e+00 7.391259e-01 6.643784e-01
1.615963e-01 -6.166215e-02 -2.393348e-01 -5.303977e-01 3.347763e-01 8.264936e-01 4.368059e-01 -8.273161e-01 9.451488e-01 3.690212e-01 -2.264411e-01 6.805555e-01
-1.203005e-01 2.260873e-01 1.822211e-01 -5.278987e-01 -3.870445e-01 6.244494e-01 7.384375e-01 4.189444e-02 5.489062e-01 -4.281065e-01 -5.367354e-01 -3.210115e-03
-1.265657e-01 2.053682e-01 3.354392e-01 3.091906e-02 -1.468505e+00 -1.043051e-01 -3.006836e-01 1.087668e+00 -3.383699e-01 -5.947052e-01 -5.476259e-01 -9.254050e-02
3.249860e-01 -1.558123e-01 -4.557283e-01 1.925757e-01 -9.863933e-01 -2.150483e-01 -7.804869e-01 5.319538e-01 -6.880084e-01 -4.326431e-01 2.876333e-01 -2.786481e-01
2.042933e-01 -5.023320e-01 6.045473e-01 6.660844e-01 4.190004e-01 -7.528305e-01 -2.447829e-01 -5.448636e-01 -3.235081e-01 6.507517e-01 2.051677e+00 6.796300e-02
3.144101e-01 -4.195263e-01 6.937461e-01 3.108904e-02 3.420909e-01 -9.879465e-01 7.172148e-01 1.146033e-01 1.382702e+00 3.760775e-01 7.577825e-01 4.012992e-01
-1.600679e-01 1.606576e-01 -4.452246e-01 -4.981194e-02 4.061936e-01 2.882691e-01 -1.106706e-02 -7.591757e-01 -1.240974e+00 -2.526217e-01 1.162757e+00 1.403106e-01
5.365540e-01 -8.356541e-01 -2.616168e-01 7.512345e-01 -9.175127e-01 -1.210174e+00 1.119035e+00 1.117156e+00 5.232528e-01 -1.008724e+00 -5.323339e-01 1.764871e-01
-8.428083e-02 5.737522e-01 -1.932366e-01 -1.636196e+00 -1.686163e+00 -7.076202e-02 -4.794792e-01 -1.248610e+00 -3.436281e-01 2.091104e+00 1.665035e+00 -7.726313e-01
1.689988e-01 9.073356e-01 5.583717e-01 -9.859583e-01 -1.680262e+00 -1.089900e+00 -1.908188e-01 -1.303015e+00 -1.096951e+00 1.049358e+00 1.976183e+00 -6.372671e-01
-1.732186e-01 9.104152e-01 1.044589e-01 -9.407822e-01 -9.742340e-01 -3.227215e-01 -3.642761e-01 -1.134415e+00 -2.844486e-01 -1.678573e-01 3.576306e-01 -5.245279e-01
-3.027492e-01 8.028504e-01 -3.426525e-01 1.309726e-01 3.700774e-01 1.867025e-01 4.217591e-01 1.541524e-01 -1.468655e-01 7.060042e-01 -2.367641e-01 -1.626542e-01
-1.433124e-01 3.776568e-01 1.367575e-01 5.346916e-01 5.518842e-01 5.977891e-01 3.706996e-01 -3.649460e-01 -1.677201e+00 -6.094478e-01 4.915688e-01 -7.613183e-01
-2.888571e-01 2.198867e-01 7.236698e-01 4.936576e-01 2.665891e-01 7.739725e-02 -5.069481e-01 -3.635692e-01 -2.442131e-01 9.074485e-01 7.721366e-01 -5.027935e-01
-4.630347e-01 -3.988608e-01 1.037018e+00 3.199800e-01 -5.991153e-01 -3.502147e-01 1.040327e+00 1.252039e+00 1.131720e+00 1.033558e+00 1.245018e+00 3.470778e-01
-2.537116e-01 -2.399016e-01 1.018639e+00 -1.622977e-01 3.506413e-01 2.895985e-01 1.246429e+00 1.568672e+00 1.249640e+00 8.846756e-01 1.320633e+00 1.403341e+00
-4.041756e-01 5.134334e-02 5.884504e-03 4.474391e-01 9.174820e-01 8.053656e-01 1.612474e+00 1.708000e+00 1.073942e+00 1.049254e+00 1.705569e-01 8.810293e-01
-5.318584e-02 3.642750e-03 -9.059979e-01 2.375751e-01 -1.422328e-01 3.378879e-01 1.660680e-01 -4.165161e-01 -1.561782e+00 -9.033577e-01 1.395285e-03 4.991399e-01
1.952272e-01 -1.041194e-01 -1.619828e+00 6.334963e-02 -4.283369e-01 3.388070e-01 -1.856828e+00 -3.019345e+00 -2.918349e+00 -1.338233e+00 -1.401421e+00 3.617486e-01
1.185864e-01 -9.628395e-01 -1.798503e+00 -4.844257e-01 -5.627576e-01 -6.115035e-01 -1.196620e+00 -7.810696e-01 -4.919843e-01 -1.280755e+00 -8.077971e-01 4.929368e-01
8.731173e-01 -1.471052e-01 -4.283797e-01 -6.152724e-01 4.376341e-01 -1.428925e+00 -2.103995e-01 1.336114e-01 2.691236e-01 1.420855e-01 -1.677388e-01 5.074985e-01
2.906875e-01 2.579622e-01 8.375893e-01 4.225907e-02 1.082522e+00 -2.983178e-01 1.798450e+00 2.028119e+00 1.650381e+00 2.204639e+00 1.367611e+00 -6.146305e-02
-2.230957e-01 5.386284e-01 1.221009e+00 -3.193577e-01 4.001493e-02 2.142419e-01 1.276635e+00 1.569188e+00 1.580021e+00 1.241483e+00 1.118731e+00 -3.754385e-01
-5.084015e-01 5.134544e-01 4.960551e-01 -6.616424e-01 -1.035552e+00 8.410195e-01 -1.175214e-02 2.628498e-01 1.889043e-01 2.051336e-01 -1.045477e-02 3.312922e-01
-6.248406e-01 -2.220437e-01 -3.783593e-02 -2.691588e-01 -7.435442e-01 6.637475e-01 -2.437828e-01 9.596128e-01 8.558288e-01 -6.707163e-01 -6.780396e-02 1.080706e-01
4.256577e-01 -6.597179e-01 2.627173e-02 1.198490e+00 1.159139e+00 1.567132e+00 -9.818418e-02 4.936706e-01 -2.250920e-01 3.787370e-01 -1.662964e-01 -2.364107e-01
2.265844e-01 1.508295e+00 3.945538e-01 -9.805881e-01 -7.588892e-01 1.564836e+00 1.567640e+00 -2.824264e-01 -1.565187e+00 1.470667e+00 1.997887e+00 9.105075e-01
2.367206e+00 -5.910562e-01 9.674641e-01 -8.774748e-01 -2.289466e+00 -1.257403e+00 -1.613575e+00 1.227278e+00 2.210591e+00 2.316093e+00 -1.465569e+00 5.957669e-01
1.487202e-01 -6.313524e-01 -1.933010e-01 -3.250981e-01 -3.174155e-01 6.016777e-02 -4.152453e-01 9.374294e-01 1.402033e-01 4.732398e-01 -1.370806e+00 4.614072e-01
8.484169e+00 -4.371987e+00 1.634654e+00 -1.103758e+00 -5.077162e+00 -3.830986e+00 -3.962678e+00 2.485384e+00 -2.579793e+00 -8.462455e-02 -4.370179e+00 -2.994152e+00
-1.423649e-01 -7.259478e-02 -7.686098e-01 -1.466759e+00 7.283883e-02 2.361878e+00 9.835682e-01 3.049940e-01 4.915060e-01 -2.088651e+00 6.521729e-01 1.032059e+00
2.251258e-02 4.988786e-01 -4.258149e-01 -1.669829e+00 1.709526e-01 3.066533e+00 5.736660e-01 -1.308568e+00 -3.156656e-01 1.966802e-01 1.252626e+00 -1.119459e+00
-1.518103e+00 1.850590e-01 -9.244230e-01 -4.472073e-01 4.550193e-01 2.567068e+00 2.954799e+00 1.323879e+00 -1.259978e+00 -3.044699e+00 1.028654e-01 1.477466e+00
-3.792501e-03 4.900305e-01 5.868937e-01 3.614216e+00 -1.960529e-01 -3.003884e+00 3.358405e+00 -3.616081e+00 -1.088528e+00 1.788318e+00 -1.404451e+00 -1.843054e+00
6.115258e-01 -4.218048e-01 6.210433e-01 2.847305e+00 -2.114649e-01 -7.496551e-01 -1.556453e+00 -1.998423e+00 -6.408844e-02 -1.908198e+00 5.923918e-01 -2.478297e+00
-2.490971e-02 2.424171e+00 1.236699e-01 1.891099e-01 8.239932e-01 5.630056e-01 1.619633e+00 1.554931e-01 -1.585432e+00 -2.569799e-01 4.696680e-01 -2.385825e-01
5.902250e-01 7.877428e-01 1.990900e-01 3.823206e-01 3.485765e-01 -3.852444e-01 -1.376836e-01 -3.809927e-01 1.920248e+00 1.363949e+00 1.178352e-01 -6.336889e-01
-1.080726e-01 2.552392e-01 6.404553e-01 4.110438e+00 -6.551977e-01 -2.844583e+00 6.447050e-01 -3.526340e+00 -1.228500e+00 -2.299852e-02 -2.922052e-01 -2.519884e+00
-3.900003e-02 9.335381e-01 1.014122e+00 -2.781126e-01 1.928485e+00 3.327691e+00 1.244400e+00 2.769171e-01 1.058191e+00 1.631868e+00 1.646209e+00 2.167081e-01
-1.868471e-01 1.442243e+00 -4.188167e-01 -9.388460e-01 4.088495e-01 6.031634e-01 2.719164e-01 -9.533349e-01 -1.314761e+00 9.973793e-01 3.677811e-01 -8.077155e-01
1.277245e+00 1.444248e-01 -8.782113e-02 -1.342727e+00 -6.416690e-01 3.387210e-01 -1.157825e+00 4.967341e-01 1.012074e+00 -1.260195e+00 5.023490e-01 7.765180e-01
-3.372771e-01 1.354264e+00 2.116394e-01 4.197168e-02 2.035982e-01 6.015821e-01 8.500105e-01 -2.390487e-01 -4.237181e-01 -7.433517e-01 4.066152e-02 5.018522e-01
4.712338e-01 1.460691e+00 1.691442e-01 -8.636918e-02 1.599496e-01 -1.154911e+00 -6.097716e-01 -6.017841e-01 2.461858e+00 4.422444e-01 9.372244e-01 -1.047807e+00
-8.596381e-01 -1.176956e+00 -1.124775e+00 1.001200e+00 8.579771e-01 -4.945188e-01 9.973953e-01 1.559174e+00 -7.581576e-01 3.240032e-01 -1.757562e+00 -2.195596e+00
2.953350e-01 1.437451e+00 1.510053e+00 1.173628e-01 1.124342e+00 1.694603e+00 6.432123e-02 3.676798e-01 -4.931216e-02 1.992126e-01 3.180669e+00 1.497321e+00
-6.375697e-01 9.378530e-01 -1.379651e-01 2.280693e-01 7.341722e-01 -4.466038e-01 2.250843e-01 -2.179632e-01 2.063473e-01 3.124935e-01 -5.329396e-01 2.899642e-02
-4.938029e-01 7.031378e-01 -3.165548e-01 -5.020288e-01 -2.121637e-01 9.943390e-02 3.593054e-01 6.100563e-01 5.143831e-01 9.003990e-01 2.462367e+00 2.295557e+00
3.046966e-01 1.822388e+00 1.733187e+00 -1.172237e-02 2.185031e+00 3.809546e+00 1.071604e+00 -2.242374e-01 4.594274e-01 5.251697e-01 1.677961e+00 2.842871e-01
4.422501e-01 -4.026248e-01 4.802275e-01 -1.201509e+00 -7.747154e-01 3.622774e-01 1.548032e-01 9.046211e-01 4.108751e-02 -4.468298e-02 -1.709471e+00 1.206311e+00
4.099383e-01 3.072475e+00 -1.712824e-01 -1.217587e+00 -4.225523e-01 1.926616e+00 2.548717e+00 -9.790827e-01 -1.284751e+00 2.867934e+00 1.270373e+00 -7.358779e-01
5.395756e-01 1.288941e+00 6.108706e-01 -6.737784e-01 3.547813e-01 -1.323955e+00 -1.269737e+00 -9.670933e-01 1.935569e+00 9.987822e-01 1.418633e+00 -3.282851e-01
-6.789829e-01 1.344908e+00 -1.508535e-01 2.152986e-01 6.215909e-01 -7.168342e-01 -8.323535e-01 2.307605e-01 7.512684e-01 -2.251639e-02 -4.769390e-01 5.800071e-01
6.529518e-01 3.973912e-01 1.142565e-01 6.724785e-01 1.101765e+00 6.326917e-01 -3.511129e+00 -3.713902e-01 2.790155e-01 -3.713019e+00 1.109996e+00 -1.076924e+00
9.503554e-01 8.829710e-01 -3.601094e-01 1.640074e-01 1.729822e+00 1.598070e-01 -2.818897e+00 -7.999723e-01 3.967542e-01 -3.789952e+00 1.551615e+00 9.431930e-02
-6.900367e-01 1.746337e+00 2.017440e-01 2.510864e+00 4.448245e-01 -2.180110e+00 1.987612e+00 -2.473423e+00 -1.204915e+00 1.210339e+00 -3.842983e-02 -1.609297e+00
6.086091e-01 1.742105e+00 -7.577221e-01 -6.137218e-02 1.901765e+00 -7.750349e-02 -4.764745e-01 -9.489127e-02 6.031890e-01 -2.257993e+00 5.904602e-01 2.023621e+00
-1.361020e+00 3.102336e-02 -2.922901e+00 -2.227030e+00 -7.045692e-01 1.168307e+00 1.383442e+00 1.617953e+00 8.830441e-01 3.915630e-01 1.276823e+00 1.442038e+00
-2.835726e+00 1.639498e+00 4.973826e-01 1.917634e+00 1.642872e+00 1.444154e+00 3.172990e+00 7.738217e-01 -2.350401e+00 -1.808406e+00 3.889132e-01 1.586555e+00
5.083423e-01 1.097861e+00 1.288143e+00 -3.600509e-01 9.233724e-01 -6.595639e-01 -1.887513e+00 -2.379389e+00 1.701441e+00 1.212007e+00 1.941154e+00 -1.417603e-01
9.576882e+00 -3.212543e+00 3.026788e+00 -2.211720e-01 -5.180559e+00 -4.384448e+00 -3.963410e+00 2.758112e-02 -1.862433e+00 -2.943004e-01 -3.650133e+00 -1.595844e+00
-2.878121e+00 -1.284531e+00 -2.809260e+00 -8.336269e-01 -8.108994e-01 -4.561629e-02 8.491495e-01 2.463239e+00 1.176949e+00 1.912208e-01 2.127140e-01 4.774139e-02
1.780415e+00 -1.772290e-01 2.455337e+00 -9.180158e-01 -8.490711e-01 -2.890547e-01 -3.697460e-01 -7.563468e-01 1.563812e+00 1.755817e-02 -2.302977e+00 1.411184e+00
-2.069020e+00 2.083608e+00 3.851912e-01 6.495227e-01 2.773100e-01 2.837802e-01 -1.366402e+00 -6.247962e-01 1.192711e+00 -6.921137e-01 5.602989e-01 7.064064e-01
-3.247171e+00 -1.311055e+00 -1.460783e+00 3.185463e-01 6.360530e-01 9.035929e-01 3.233772e-01 1.533446e+00 8.738397e-01 4.036365e-01 -1.380055e+00 -1.194316e+00
-3.072368e+00 3.373316e+00 2.248021e+00 3.765464e+00 3.030153e+00 7.718514e-01 2.542930e+00 -1.444748e+00 -2.050254e+00 -1.192666e+00 1.113293e+00 6.721985e-01
-5.279788e-01 2.200109e+00 2.286069e+00 1.922948e+00 3.483032e+00 1.108215e-01 -1.257214e+00 -3.822320e+00 3.272052e-02 1.228701e+00 2.907825e+00 -3.829253e-01
7.040589e+00 -1.722838e+00 2.154882e+00 -1.010323e+00 -3.303080e+00 -3.419514e+00 -2.165344e+00 -2.031049e+00 9.471476e-02 -8.207927e-01 -3.307918e+00 -5.840968e-01
-2.006017e+00 3.171743e+00 2.943237e+00 3.929199e+00 4.303365e+00 1.869159e-01 1.666772e-01 -2.874302e+00 -1.727263e+00 -3.125589e-01 2.318619e+00 7.844173e-01
