5.433020e+00 -4.988539e+00 -6.013414e-01 -5.552917e+00 -2.196902e+00 2.142499e+00 -1.438982e+00 -1.938487e+00 -2.725353e+00 1.266631e+00 -3.178107e+00 -2.998721e+00
5.855107e+00 -5.742054e+00 -9.720722e-01 -5.109815e+00 -1.374707e+00 3.845603e+00 -1.256272e-01 -7.700331e-01 -3.009711e+00 1.930069e+00 -3.100226e+00 -3.020236e+00
3.449826e+00 -1.415925e+00 -6.595306e-02 -2.036970e+00 -2.096864e+00 -1.064483e+00 -2.272681e+00 -7.711461e-01 -1.609612e+00 -5.454525e-01 -2.809474e+00 -1.466053e+00
4.195824e+00 -4.781545e+00 -1.658684e+00 -4.152942e+00 -1.900279e+00 4.299059e+00 9.557327e-01 6.994240e-01 -1.682592e+00 1.119062e+00 -7.630833e-01 -2.170516e+00
6.171650e-01 4.454289e-01 1.650337e-01 -8.000587e-01 -1.515210e+00 -7.664188e-01 -1.761533e+00 -2.213135e-01 -8.523183e-02 -1.526894e+00 -1.949683e+00 -1.572333e+00
1.401475e+00 -2.213670e+00 -1.001652e+00 -2.611547e+00 -1.451796e+00 4.117226e+00 2.166091e+00 1.207722e+00 -1.894756e-01 3.939449e-01 8.223146e-01 -1.799395e+00
-1.298959e+00 7.438558e-01 3.884682e+00 2.025080e-02 1.041517e+00 -4.668700e-01 -4.047551e-02 8.036920e-01 -1.468853e+00 2.565097e+00 4.568239e+00 2.851689e-01
-7.613680e-01 -1.722110e+00 -2.313692e+00 2.359123e+00 3.805450e+00 -2.414775e+00 -1.511701e+00 1.713547e+00 1.771592e+00 9.462755e-01 -1.175640e+00 -8.135433e-01
-1.395665e+00 4.263574e-01 5.704322e+00 -2.889638e+00 -3.217125e-03 1.273718e+00 -1.147218e+00 -3.545392e-01 -2.998561e+00 2.411962e+00 4.986009e+00 -7.180473e-01
-3.228349e-01 -1.631683e+00 -2.499976e+00 7.449899e-01 2.752823e+00 -9.554905e-01 -1.196474e+00 1.214905e+00 7.368270e-01 -7.544782e-01 -2.308421e+00 -1.176197e+00
1.141823e-01 8.087158e-05 -1.886806e-02 -1.587984e-01 -1.505771e+00 -8.479291e-01 -6.836138e-01 -1.357560e+00 -2.051743e+00 -1.012257e+00 -6.037447e-01 -3.954230e-01
3.249655e-02 -3.146521e-01 -6.330559e-02 6.534374e-01 1.149254e-02 -2.140512e-01 -1.592700e-01 -1.368255e+00 -1.911980e+00 -1.486366e+00 -1.078249e+00 -1.681131e+00
8.022022e-02 -5.117813e-01 -2.984488e-01 1.130080e+00 1.111510e+00 9.332563e-01 -2.074360e-01 -4.609291e-01 -1.897857e+00 -1.462502e+00 -1.074754e+00 -9.607456e-01
1.076092e-01 3.446775e-01 1.507317e+00 -6.195215e-01 -7.134451e-01 -1.642936e+00 -2.129744e+00 9.107075e-01 1.796806e+00 -7.253710e-01 -1.172168e+00 -1.087981e+00
1.412734e-01 1.557659e-01 1.263627e+00 -3.407543e-01 -6.211249e-01 -1.509717e+00 -1.803918e+00 7.385817e-01 1.835469e+00 -1.838206e-01 -5.298287e-01 -1.336414e+00
-4.390564e-02 4.530063e-01 -1.569877e-01 1.839333e-02 3.096843e-01 3.486812e-01 1.608569e-01 -1.831814e-01 4.557857e-01 4.070001e-01 9.072469e-01 -4.238111e-01
-6.235609e-02 -2.632544e-01 -1.536032e-01 2.304837e-01 6.380457e-01 1.024902e+00 -1.274107e+00 -9.497726e-02 1.374641e+00 3.707906e-01 2.809227e-01 8.957079e-01
-3.810143e-01 -1.119843e+00 -3.674169e-01 -9.402933e-02 1.495770e-01 -1.653726e-01 -3.857805e-01 6.382692e-02 5.983696e-01 8.826727e-01 -5.437856e-02 9.570711e-01
1.598488e-01 1.021439e-01 -1.265944e-01 8.688869e-01 3.202400e-01 6.373385e-01 1.272852e+00 1.307379e+00 2.743021e-01 1.719966e+00 4.106560e-01 8.052585e-01
-1.063078e-01 8.010677e-01 1.340834e-01 5.686461e-01 -3.482760e-01 -7.040544e-01 -1.242107e+00 5.726286e-01 1.062688e+00 -4.314603e-01 -4.392040e-01 -4.430855e-01
1.127829e-01 2.273168e-01 7.799259e-01 2.322047e-01 -1.846638e+00 -1.521472e+00 3.750596e-01 1.543801e-02 -7.179920e-01 8.467468e-01 6.862351e-01 2.232853e+00
3.160535e-01 7.389825e-01 1.291515e+00 -8.479534e-01 -7.536257e-01 -1.809384e+00 -1.392780e+00 8.394023e-01 2.394519e+00 -1.122678e+00 -1.756378e+00 3.712483e-01
1.216740e-01 6.185101e-01 9.890509e-01 7.341999e-01 4.302374e-02 -1.963388e-01 -9.070276e-01 1.233678e+00 -3.399266e-01 3.377761e-01 3.499525e+00 1.818656e+00
-1.576983e-01 3.703665e-01 1.184942e+00 1.107095e+00 9.741681e-01 1.285156e+00 4.564245e-01 7.111558e-01 -8.485309e-01 -7.199573e-03 1.960465e+00 7.653326e-01
-1.539746e-01 1.070356e+00 1.367176e-01 1.030406e+00 2.302170e-01 -1.429372e-01 -6.164803e-01 8.047031e-01 8.186270e-01 -3.620606e-02 2.530318e-01 -3.930960e-02
-1.415062e-02 2.329063e-01 -4.632907e-02 -3.201485e-01 -6.338243e-02 -3.717356e-02 2.143976e-01 -5.378998e-01 1.189088e-01 1.085091e-01 9.284977e-01 -5.873669e-01
5.412598e-02 6.835344e-01 8.881348e-01 6.476974e-01 -1.551205e-01 3.384959e-01 5.441605e-01 3.229306e-02 -4.299180e-01 -7.552916e-02 -8.558362e-01 8.167831e-01
3.292069e-01 1.077331e+00 5.959474e-01 1.841913e-01 -6.677868e-01 -8.763770e-01 -1.977647e+00 2.536998e-01 1.332902e+00 -1.987312e-01 -6.086221e-02 -1.205443e+00
-4.668908e-01 1.589032e-01 -2.753211e-01 -4.071226e-01 -6.948446e-01 2.437229e-02 1.340337e+00 5.114133e-01 -1.692366e-01 3.936995e-01 1.058744e+00 6.820673e-01
-5.432604e-01 -7.203180e-01 -7.464386e-01 6.246432e-01 5.443676e-01 3.177176e-01 3.324021e-01 2.008561e+00 1.246546e+00 1.679333e+00 8.555754e-01 1.516131e+00
5.249953e-01 1.261690e+00 9.688896e-01 -1.090929e-01 -1.020490e+00 -1.712991e+00 -1.812144e+00 -9.835543e-02 -1.228201e-01 -2.480751e-01 2.883777e+00 2.037126e+00
1.278124e-02 2.989231e-01 -5.545006e-02 -1.303325e-01 1.031778e+00 -1.837369e-01 -1.067002e+00 -6.768481e-01 3.852635e-01 -7.182863e-01 -7.524516e-01 3.532422e-01
1.271441e-01 -2.607238e-01 -6.115020e-01 -6.130881e-01 -1.468509e+00 3.344105e-01 1.497353e+00 9.895731e-01 -7.903978e-01 -2.581321e-01 1.686175e+00 2.981524e-01
-4.186820e-01 -3.282347e-01 -8.635707e-01 -1.023857e+00 -4.944381e-01 9.899220e-01 -5.500151e-01 -1.100223e+00 -3.767754e-01 -1.465603e-01 7.070016e-01 -6.388201e-01
-5.511802e-01 -6.340798e-01 -1.144947e+00 -3.634166e-01 4.991252e-01 5.109037e-01 5.669216e-01 7.070398e-01 1.484795e+00 1.402961e+00 5.174850e-01 -2.779535e-01
2.686190e-01 1.371672e+00 2.883700e-01 -5.739713e-01 -1.324731e+00 -2.278024e+00 -1.222134e+00 -1.011292e+00 -9.328973e-01 -9.139856e-01 -7.350505e-01 8.229685e-01
5.000243e-02 -9.498396e-02 1.879427e-01 -4.255001e-01 -4.433712e-01 -1.100839e-01 -2.427028e-01 -2.774304e-01 -3.322959e-01 1.925928e-01 1.868871e-01 -2.240479e-01
7.647657e-02 9.996603e-01 1.620462e+00 8.981106e-01 -2.523774e-02 4.113978e-01 -2.975933e-01 -7.223803e-01 -6.237825e-01 -1.334210e+00 4.461721e-01 1.051631e+00
-3.459241e-01 -4.907001e-01 -5.919640e-02 -1.914903e-01 -3.439211e-01 -1.100415e+00 5.648147e-01 1.729852e+00 1.128563e+00 4.813215e-01 3.886760e-01 2.562685e+00
3.173037e-02 1.573373e-01 -2.740941e-01 3.481150e-01 -1.326144e+00 7.156078e-01 -1.311275e+00 -1.465197e+00 -1.848119e-01 -1.476458e+00 7.686296e-01 1.231831e+00
3.089126e-01 1.044359e-02 3.275076e-01 -3.167624e-01 1.203480e-02 -2.326920e-01 1.263599e-01 -4.201097e-01 -3.283839e-01 6.761515e-01 3.171372e-02 2.528507e-01
-9.680971e-01 -3.692902e-01 9.092396e-01 1.482852e-01 7.879642e-01 2.146202e+00 1.041115e+00 1.669561e+00 1.113309e+00 1.063784e+00 1.680771e-01 -7.828170e-01
-2.292113e-01 2.144641e-01 1.596964e-01 1.416560e-01 -6.401093e-02 1.955544e-01 -4.837587e-01 -2.435022e+00 -1.849861e+00 -1.343667e-01 1.180902e+00 2.882179e-01
2.250211e-01 5.436839e-01 1.117416e-01 3.991928e-02 3.699169e-02 3.270902e-02 3.371854e-02 -8.271575e-03 -3.277334e-01 5.789157e-01 4.080341e-01 6.997976e-02
-1.947956e-02 -5.404872e-01 -1.285344e+00 -5.596539e-01 1.492690e+00 -3.947830e-01 -9.016819e-01 -4.147262e-01 4.128036e-01 -4.690919e-01 -1.573963e+00 -1.111410e+00
1.394329e-02 6.972072e-01 1.896567e+00 -1.803589e+00 2.281369e-01 7.137506e-01 -1.172935e+00 -1.424987e+00 -1.271900e+00 6.306619e-01 1.221892e+00 -7.714754e-01
5.992136e-02 6.754874e-01 8.148623e-03 1.474619e-03 -6.187302e-01 1.455609e-01 7.885481e-01 2.704397e-01 -6.840826e-01 8.782409e-01 8.337610e-01 -6.335920e-01
-6.512289e-02 3.991901e-01 3.619992e-01 -1.697780e-01 5.729613e-01 -2.409733e-01 -2.072392e-01 -3.665415e-01 -4.201286e-01 2.036651e-01 -1.006810e+00 -3.756230e-01
1.614741e-01 6.249032e-01 8.171286e-02 -4.680729e-02 2.656415e-01 -1.349711e-01 4.173760e-01 -1.184317e-01 3.328910e-02 1.217842e-01 9.855631e-01 -9.191151e-02
-3.340154e-02 7.672054e-01 -7.454176e-02 -1.923597e-01 2.642325e-01 -3.010945e-01 7.475917e-01 -5.173834e-01 3.095708e-01 -2.901591e-01 1.333759e+00 -2.210805e-01
-2.111331e-01 -1.517859e+00 -2.127275e-01 1.444631e+00 1.315059e+00 1.527901e+00 -1.423300e+00 -7.162684e-01 -8.019338e-02 -1.373840e-01 -2.939415e-02 8.897535e-01
-1.064983e+00 -2.244373e-01 7.115145e-02 1.347558e-01 8.255105e-02 -2.896427e-01 7.290305e-01 7.996708e-01 1.628804e+00 1.746764e+00 -1.074880e+00 -7.131513e-01
-1.788449e-01 1.106168e+00 7.450776e-02 1.454563e-01 -5.712985e-01 1.603115e-01 1.051613e+00 -3.202596e-01 -5.791631e-02 -9.289190e-01 1.147395e+00 7.439300e-01
-4.644486e-01 1.397777e+00 1.389004e-01 -1.936388e-01 -1.864718e-01 -2.800665e-02 1.243761e+00 -5.935248e-01 -5.002258e-01 -1.020721e+00 1.131300e+00 7.524923e-01
-3.491383e-02 7.428955e-01 5.080891e-03 -1.758804e-02 -2.405484e-01 -9.874344e-02 5.348231e-01 -3.060236e-02 3.429770e-01 -5.013440e-01 1.087186e+00 2.254173e-01
-2.515310e-01 1.486211e+00 3.550460e-01 1.364049e+00 9.827080e-02 -2.214787e+00 -7.946809e-01 2.017471e-01 2.807435e-01 9.279666e-01 4.876823e-01 2.709031e-01
5.345707e-02 7.591000e-01 6.595774e-02 1.040466e-01 -5.319301e-01 -8.461113e-02 8.805370e-01 -2.511365e-01 4.261501e-01 -5.319947e-01 1.043814e+00 7.864604e-01
-6.637578e-02 1.056703e+00 -7.916870e-02 3.816969e-01 -7.797936e-01 3.862772e-02 9.323384e-01 -2.341999e-01 1.442599e-01 -4.741783e-01 1.088249e+00 5.597423e-01
-5.685800e-01 -2.988719e+00 -1.532539e-01 2.356708e+00 4.149658e+00 2.319604e+00 -1.274385e+00 -8.228903e-01 -5.954859e-01 3.106659e-02 7.058352e-01 2.333930e+00
-4.169371e-01 1.599279e+00 1.860620e-01 -5.567211e-01 1.365702e-01 -1.845101e-01 8.449388e-01 -3.206272e-01 -7.943153e-01 -8.723434e-01 2.570954e-01 1.152893e+00
-8.869244e-01 5.809045e-02 5.464914e-01 -3.274818e-01 -3.441012e-01 -2.592368e-01 -7.107080e-01 -1.136708e+00 -5.148391e-01 -3.866472e-01 -2.985861e+00 -1.441457e+00
-9.072380e-02 2.026360e+00 -4.959156e-02 1.729372e+00 -4.351908e-01 -1.939298e+00 -9.993914e-01 4.754619e-01 9.430477e-01 6.822362e-01 -5.047603e-02 2.251432e-02
-9.952075e-01 -6.442941e-01 2.352389e-01 -2.163609e-01 -2.354597e-01 -9.141259e-01 -5.225433e-01 -1.086005e+00 2.544384e-01 2.686866e-01 1.390505e+00 4.537987e-01
-1.276033e+00 -5.421098e-01 1.162165e-01 3.596017e-01 -3.018090e-01 -7.982603e-01 -1.672986e-01 -4.189788e-01 1.015411e+00 5.035866e-01 1.744491e-01 -3.507689e-01
-4.889825e-01 -2.886749e+00 -9.950750e-01 1.354160e+00 4.777446e+00 2.035995e+00 1.139474e+00 -5.664495e-01 -1.081192e+00 -5.277734e-01 -1.340898e+00 1.281703e+00
1.672152e-01 1.663515e+00 2.150166e-01 -8.330053e-01 3.339097e-01 -1.848422e-01 5.304391e-01 3.129139e-02 -9.447480e-01 -9.622331e-01 -9.498785e-02 1.268837e+00
-5.539452e-01 1.457436e+00 -3.295120e-02 2.183984e+00 2.691433e-01 -2.298530e+00 -7.862589e-01 -1.199914e+00 -1.493904e+00 5.415877e-01 3.185047e-01 -3.591189e-01
4.952946e-01 2.485976e+00 2.351196e-01 7.100105e-02 -9.797779e-01 -1.771381e+00 -1.569796e-01 4.144711e-01 2.206424e+00 -1.286879e+00 -2.014149e+00 1.489452e+00
-9.861259e-01 9.643182e-01 3.785549e-01 2.033497e+00 1.069258e-01 -2.381521e+00 3.287341e-01 -2.326674e-01 -6.875128e-01 1.035136e+00 1.297548e+00 2.370955e-01
-8.761641e-01 -1.502147e-01 -5.310903e-01 6.339455e-01 -1.519315e-01 1.757270e+00 6.581510e-01 1.105693e+00 4.119073e-01 -2.748381e-01 1.180795e+00 -5.870383e-01
5.295495e-01 8.988319e-02 -3.347102e+00 -7.176039e-02 -2.221353e+00 -2.539457e-01 2.070576e+00 6.887312e-02 1.771636e+00 -6.294161e-01 -4.247318e-01 1.174321e+00
7.798895e-01 2.032816e+00 8.742747e-02 -3.696529e-01 2.572670e-01 -5.146529e-01 3.473423e-01 7.852912e-02 -7.786061e-01 -7.031996e-01 -3.559164e-01 6.390175e-01
-1.737654e+00 -8.712999e-01 4.428760e-02 5.860589e-01 2.718683e-01 3.210440e-01 1.119201e+00 -4.823913e-02 1.413661e-01 -9.500363e-02 -2.170483e+00 -1.389078e+00
-1.147571e+00 1.046875e+00 1.205181e+00 3.163851e+00 7.318319e-01 -1.227690e+00 6.621078e-01 -5.457371e-02 -1.106388e-01 1.051282e+00 7.228583e-01 -5.977231e-01
-1.094351e+00 -1.478338e+00 -5.242034e-01 2.694585e+00 5.697554e+00 2.970949e+00 2.274481e+00 2.404023e-01 -1.353490e+00 -1.555063e+00 -2.297729e+00 2.864900e-02
9.216841e-01 3.757716e-01 -3.509085e+00 9.492423e-01 -2.595541e+00 -6.756104e-01 -3.616566e-01 -1.784262e+00 2.008434e+00 -1.177194e+00 -1.260818e+00 7.288171e-01
-9.419042e-01 1.378099e+00 1.253437e+00 3.301375e+00 1.337138e+00 -6.855911e-01 1.739120e+00 1.141081e+00 1.128239e+00 1.195541e+00 -3.016702e-01 8.405375e-03
1.031345e+00 3.102867e+00 -8.179469e-02 1.530563e-01 -5.798576e-01 -9.740079e-01 2.677982e-01 1.916619e-01 1.279195e+00 -1.731859e+00 -1.167017e+00 9.040242e-01
1.173293e+00 2.638372e+00 -1.033613e-01 1.288216e-01 4.449825e-02 -8.601519e-01 4.745407e-01 -8.270159e-02 2.323818e-01 -1.054417e+00 -1.066886e+00 9.607089e-01
-1.126607e+00 6.218036e-01 8.671935e-01 2.733918e+00 3.123865e+00 1.887451e+00 2.893885e+00 2.150247e+00 8.635035e-01 8.925229e-02 -3.729142e-01 3.378249e-01
-2.237428e+00 -9.020901e-01 -5.713952e-01 6.614331e-01 1.725308e-01 2.802209e-01 2.860209e+00 1.285440e+00 1.403229e-01 -3.924607e-01 -3.040358e+00 -3.206210e+00
-1.979100e+00 -3.631318e-01 -3.226848e-01 1.153153e+00 7.205091e-01 1.413614e+00 1.905175e+00 1.808528e+00 5.260296e-01 -2.387381e-01 -3.121552e-01 -2.037010e+00
