-7.829038e+00 -1.398380e+01 -9.709798e-01 -1.152623e+01 -8.589095e+00 2.370194e+00 8.079019e-01 -3.044846e+00 5.744256e+00 5.281754e+00 2.786875e+00 8.143259e+00
-1.494932e+01 -1.250946e+00 7.555972e+00 -1.517016e+00 6.860857e-01 4.556121e+00 1.485462e+01 1.083456e+01 3.003701e+00 -6.937125e+00 -2.337911e+00 3.274503e+00
4.831470e+00 -4.584833e+00 5.330635e+00 3.401543e+00 -1.629987e+01 -1.893966e+01 -1.575851e+01 -8.031914e+00 -4.231893e+00 -1.340245e+01 1.186891e+01 -1.027280e+01
6.346277e+00 -4.760435e+00 5.273378e+00 3.492589e+00 -1.513999e+01 -1.783109e+01 -1.850763e+01 -4.442894e+00 -9.052605e+00 -1.122307e+01 1.011060e+01 -3.071980e+00
5.538516e+00 -5.387351e+00 3.970580e+00 2.771406e+00 -1.693488e+01 -1.977580e+01 -1.724998e+01 -8.983733e+00 -6.336467e+00 -1.183214e+01 7.269876e+00 -6.453261e+00
7.225399e+00 -4.136163e+00 3.290433e+00 4.712978e+00 -1.359712e+01 -1.694882e+01 -1.859396e+01 -3.537424e+00 -9.428822e+00 -1.316860e+01 9.308328e+00 -1.186022e+00
4.730236e+00 -4.050079e+00 6.054047e+00 2.682269e+00 -1.409599e+01 -1.603006e+01 -1.391723e+01 -6.587800e+00 -4.536657e+00 -1.143640e+01 9.123225e+00 -7.342157e+00
4.057953e+00 -5.372910e+00 4.517572e+00 1.336050e+00 -1.827104e+01 -1.492118e+01 -1.580635e+01 -7.922588e+00 -9.977732e+00 -1.362832e+01 8.527834e+00 -1.201029e+01
-1.417996e+01 -2.887145e+00 5.721848e+00 -6.040704e+00 -5.063852e+00 1.469689e+00 7.696270e+00 4.356374e+00 2.570613e+00 -3.979701e+00 2.527887e+00 6.131505e+00
7.853080e+00 -4.592491e+00 2.796801e+00 6.444098e+00 -1.485035e+01 -1.345455e+01 -1.905892e+01 -2.916299e+00 -1.188654e+01 -1.550900e+01 8.916537e+00 2.247700e+00
3.938009e+00 -7.134729e+00 2.458678e+00 1.042366e-02 -1.795319e+01 -1.672933e+01 -1.562690e+01 -7.849792e+00 -1.165515e+01 -1.924328e+01 4.687865e+00 -9.575731e+00
8.023339e+00 -3.870209e+00 2.454892e+00 7.278818e+00 -1.418356e+01 -1.317633e+01 -1.698816e+01 -3.240324e-01 -7.128415e+00 -1.777054e+01 7.480140e+00 3.741881e+00
4.107959e+00 -4.242094e+00 2.895653e+00 4.111728e+00 -1.428824e+01 -1.453902e+01 -9.294418e+00 -5.162519e+00 -7.933960e+00 -1.872222e+01 5.742560e+00 -7.953877e+00
-1.208631e+01 -2.334315e+00 9.607134e+00 -1.267797e+00 -2.217430e+00 -6.950498e-01 4.651937e+00 2.441426e+00 1.619930e+00 -3.016733e+00 1.467800e+00 6.952866e+00
8.974861e+00 -5.449820e+00 2.369323e+00 7.447093e+00 -1.418803e+01 -1.157870e+01 -1.835643e+01 -5.060484e-01 -8.643282e+00 -1.312327e+01 3.556398e+00 1.184366e+00
9.272501e+00 -4.917607e+00 2.803628e+00 8.204945e+00 -1.230464e+01 -1.001982e+01 -1.912739e+01 1.848091e+00 -8.000607e+00 -1.022656e+01 2.064811e+00 1.538986e-02
9.791981e+00 -4.305421e+00 1.929955e+00 8.569149e+00 -1.115224e+01 -1.158293e+01 -1.794017e+01 3.026950e+00 -4.636129e+00 -1.089819e+01 7.324896e-01 -1.548090e+00
-8.378328e+00 -8.100150e+00 5.731262e+00 -4.686311e+00 -4.255506e+00 -9.086156e-01 6.412130e+00 5.687911e+00 7.942121e-01 -7.401059e+00 -1.766768e+00 2.427024e+00
1.542360e+00 -9.480593e-01 5.204995e+00 1.950735e+00 -1.146623e+01 -1.267916e+01 -6.321026e+00 -6.176100e+00 -7.802333e+00 -2.202100e+01 5.337763e-01 -1.277536e+01
-6.815097e+00 -1.537686e+01 6.340830e-01 -9.648134e+00 -4.901008e+00 6.184755e+00 3.597764e+00 -6.262306e+00 6.527078e+00 5.516846e+00 3.624777e+00 6.890637e+00
1.061677e+01 -4.893438e+00 1.511816e+00 8.946821e+00 -1.092521e+01 -1.077828e+01 -1.733790e+01 5.692272e+00 -3.596053e+00 -9.141106e+00 -2.499798e+00 -2.994948e+00
-5.362085e+00 -9.566860e+00 5.820171e+00 2.197809e-01 -5.971372e+00 -1.105960e+00 1.390349e+01 7.429218e+00 7.019662e+00 -3.665228e+00 -1.230452e+00 2.922893e+00
1.127629e+01 -5.157949e+00 2.563397e+00 4.493286e+00 -7.721260e+00 -8.728092e+00 -1.820113e+01 4.651322e+00 -2.582072e+00 -4.644848e+00 -4.062664e+00 -2.690801e+00
1.093949e+01 -3.699636e+00 7.554723e-01 4.660923e+00 -4.437673e+00 -8.653645e+00 -1.890651e+01 3.931526e+00 -3.334126e-01 -2.592962e+00 -3.370251e+00 -2.290574e+00
-3.602549e+00 -4.623579e+00 4.931419e+00 6.780207e+00 -6.339506e+00 -6.142227e+00 3.722034e+00 -3.260461e+00 -2.060514e+00 -1.273186e+01 3.514705e-01 -8.176082e+00
1.203304e+01 -2.302017e+00 -2.106326e+00 4.319266e+00 -2.881282e+00 -6.673484e+00 -1.906661e+01 2.462640e-01 -6.082964e-02 -5.350177e-01 -3.057931e+00 1.881399e-01
1.500890e+01 9.141988e+00 -1.040196e+01 -5.655136e+00 -1.940382e+00 2.200991e+00 -1.378811e+01 -8.598422e+00 -5.426036e+00 4.363257e+00 -8.058546e-01 4.666144e-01
1.177126e+01 5.479755e-01 -3.094911e+00 7.334785e-01 -1.675529e+00 -1.643175e+00 -2.128041e+01 -2.759204e+00 -2.977305e+00 2.012210e-01 6.246018e-01 -1.702992e+00
1.216487e+01 3.480534e+00 -3.567829e+00 -4.539165e-01 -3.340471e+00 -1.581435e+00 -1.895953e+01 -9.957111e+00 -4.736504e+00 6.851028e+00 -1.472722e+00 -4.159244e+00
1.119708e+01 1.342810e+00 -2.189795e+00 -1.990194e-01 -5.632839e-01 -7.608013e-01 -2.039720e+01 -6.256257e+00 -5.679352e+00 5.309392e+00 7.801518e-01 -3.230353e+00
1.378921e+01 7.105498e+00 -7.938759e+00 -2.411925e+00 -1.124542e+00 -1.625293e+00 -1.150945e+01 -1.130459e+01 -7.822893e+00 3.439734e+00 3.413475e+00 -5.249801e-01
1.369892e+01 1.209319e+01 -8.498366e+00 -6.294864e+00 -2.169022e+00 3.745913e+00 -1.035223e+01 -1.012434e+01 -1.215991e+01 -3.977919e-02 1.128567e+00 3.641337e+00
1.036997e+01 4.813542e+00 -2.591253e+00 1.053681e+00 -3.751883e+00 -3.094151e+00 -1.604735e+01 -9.178285e+00 -7.404309e+00 4.169290e+00 4.032595e+00 2.537412e+00
1.233256e+01 9.894111e+00 -7.159113e+00 -2.766468e+00 -2.440239e+00 -8.948765e-01 -8.577443e+00 -5.817947e+00 -1.051459e+01 -3.225017e+00 -3.055238e+00 1.790113e+00
1.078802e+01 5.900017e+00 -5.699486e+00 3.072700e+00 3.094951e+00 -1.524161e+00 -1.732842e+00 -7.554463e+00 -1.628768e+01 -6.090976e+00 -2.131148e+00 -1.407476e+00
8.405178e+00 2.749649e+00 -4.710212e+00 4.513566e+00 3.959085e+00 2.646987e+00 4.865612e+00 -6.586719e+00 -1.782067e+01 -1.074750e+01 -6.900969e+00 -2.102963e+00
7.260512e+00 3.021514e-01 -6.940889e+00 -3.842516e+00 5.540459e+00 6.832741e+00 4.881506e+00 -5.692883e+00 -1.156629e+01 -6.256409e+00 -4.098382e-01 -4.173929e-01
3.039562e+00 -3.234436e+00 -7.839929e+00 -3.696178e+00 7.442479e-01 1.178564e+00 5.788084e+00 -2.590821e+00 -5.950994e+00 3.291292e-01 -1.295485e+00 -5.776680e+00
3.530340e-01 -5.771227e+00 -1.245066e+01 -5.467737e+00 -2.010946e-01 1.775667e+00 1.874154e+00 -5.554761e+00 -1.744952e+00 9.426737e+00 6.659923e-01 -1.975493e+00
-2.422862e-01 -5.500009e+00 -1.164002e+01 -6.032869e+00 3.492788e+00 4.600556e+00 9.258049e+00 -4.765142e+00 -3.055531e+00 8.836828e+00 -1.797323e-01 -5.371969e+00
9.419761e-01 9.817474e+00 7.370443e+00 5.280204e+00 1.232356e+01 7.746928e+00 6.909707e+00 1.056945e+00 2.279496e+00 1.886687e+00 -5.890841e+00 1.945877e+00
1.699894e+00 9.391337e+00 6.587315e+00 4.442300e+00 8.947872e+00 3.041313e+00 3.295417e-01 1.381567e+00 1.420500e+00 3.651517e+00 -2.449767e+00 1.177729e+00
1.048992e+00 1.090139e+01 6.634868e+00 2.529069e+00 9.720819e+00 5.702295e+00 7.777674e+00 2.829374e-01 3.753197e+00 4.763335e+00 -5.623784e+00 -1.314012e+00
7.774210e-01 -1.580445e+00 -6.604136e+00 -9.316463e-01 5.083861e+00 6.656346e+00 8.969450e+00 -4.601521e+00 -2.202106e+00 7.422046e+00 3.518889e+00 -8.806644e-01
1.005222e+00 9.011420e+00 6.267633e+00 2.321792e+00 6.049128e+00 6.139293e+00 8.083214e+00 8.789668e+00 8.425570e+00 7.007912e+00 1.774579e+00 8.346806e-01
1.279328e+00 3.265536e+00 1.391332e+00 3.316522e+00 8.298834e+00 9.547598e+00 1.022712e+01 1.090871e+00 8.390219e+00 1.074941e+01 3.872133e+00 -2.450087e+00
-4.485230e-01 8.612341e+00 5.375868e+00 3.129482e+00 8.388403e+00 3.423346e+00 9.358931e+00 7.572689e+00 5.674950e+00 5.114677e+00 -1.098039e+00 1.097891e+00
-9.147248e-01 6.128668e+00 -2.599251e-02 4.684922e+00 1.053088e+01 7.707521e+00 7.605432e+00 3.582253e+00 2.975535e-01 1.917490e+00 -2.871427e+00 2.000225e+00
-3.782678e-01 8.611018e+00 4.114947e+00 -4.691219e-02 2.724210e+00 4.607261e+00 5.360554e+00 6.146386e+00 5.873701e+00 5.581115e+00 -6.398007e+00 6.121927e-01
-7.778139e+00 1.284997e+00 -2.581240e+00 -5.590892e-01 9.289230e+00 9.401302e+00 9.284197e+00 5.082935e+00 6.779698e+00 6.824778e+00 -8.832755e-01 6.375884e+00
6.736946e-02 1.563686e+00 -1.007602e+00 -3.575802e-03 8.877398e+00 7.865682e+00 1.350657e+01 -6.139308e-01 1.421563e+00 1.085165e+01 1.940285e+00 1.721695e+00
1.621044e+00 -4.120597e-01 -3.518528e+00 -2.609161e+00 3.689908e+00 1.428668e+00 4.401922e+00 -6.217592e+00 1.275309e+00 5.528763e+00 -2.827847e+00 1.087671e+00
1.887491e+00 -1.191194e+00 -4.328365e+00 -5.390100e-01 8.785517e+00 6.930061e+00 9.129480e+00 -1.830703e+00 2.934770e+00 4.546259e+00 -3.756680e+00 -2.451906e+00
-4.660096e-01 5.919411e+00 3.658182e+00 3.126237e+00 7.956255e+00 6.230791e+00 9.660787e+00 4.251111e+00 3.851723e+00 4.980212e+00 -4.519704e+00 -1.190050e+00
-2.996223e+00 -1.157083e+00 -1.807427e-01 2.201130e+00 3.488789e+00 4.273834e+00 1.179483e+01 4.791919e+00 6.118419e+00 9.098952e+00 4.758840e-01 -1.714620e+00
-3.876462e-01 5.787723e+00 4.624814e+00 1.468130e+00 2.509691e+00 1.501662e+00 3.936964e+00 2.500311e+00 5.761467e+00 4.801272e+00 -1.052446e+00 4.599178e+00
-1.345945e+00 6.962586e+00 4.262251e+00 5.200896e+00 8.215820e+00 6.835114e+00 8.668521e+00 -4.995561e-01 1.005381e+00 2.437433e+00 -6.674776e+00 3.068148e+00
-2.719226e-01 1.013668e+01 4.509413e+00 -1.249665e+00 6.277464e+00 2.842618e+00 6.715733e+00 2.833188e+00 5.595843e+00 4.046765e+00 -2.443461e+00 6.187007e-02
-6.174111e-01 1.141012e+00 -8.300369e-01 1.007347e+00 4.664026e+00 5.723238e+00 1.353452e+01 6.827592e+00 4.539395e+00 5.570350e+00 -2.796164e+00 3.005875e-01
-1.359764e+00 7.646581e+00 4.391558e+00 3.338194e-02 1.900523e+00 2.514120e+00 1.105578e+01 4.366781e+00 6.042447e+00 7.996700e+00 7.781873e-01 5.668588e+00
-1.146296e+00 7.074830e+00 6.219059e+00 5.777030e-01 7.851892e+00 3.441724e+00 4.056430e+00 1.072407e+00 9.567180e-01 7.667005e-01 -6.029676e+00 4.198036e-01
-1.665159e+00 9.005986e+00 7.216420e+00 -2.099073e+00 7.059814e+00 4.835983e+00 3.885535e+00 -1.900058e+00 2.515300e+00 5.442890e+00 -6.043956e+00 -1.371029e+00
-7.988240e+00 -4.596518e+00 -2.082044e+00 -2.445802e+00 2.699543e+00 7.541786e+00 5.783429e+00 -2.937500e+00 5.904161e+00 8.059276e+00 -1.793106e+00 -4.919506e-01
-8.622541e+00 -2.382173e+00 -4.854903e+00 -3.543284e+00 4.595440e+00 3.140477e+00 6.215225e+00 3.067648e-01 5.718383e+00 8.604041e+00 1.462250e-01 2.875538e-01
-1.031727e+01 -6.289631e-01 -2.889864e+00 -4.422752e+00 8.146315e+00 6.973645e+00 1.081640e+01 7.076888e+00 7.760641e+00 3.858326e+00 -4.002326e+00 2.125659e+00
-9.345697e+00 -6.258928e-01 -1.810061e+00 -3.055561e+00 3.622401e+00 6.285488e+00 1.273512e+01 7.878695e+00 7.783291e+00 2.827415e+00 -2.816911e+00 1.088755e+00
-8.750586e+00 -1.427678e+00 -2.515591e+00 -2.824669e-01 1.218691e+01 7.571128e+00 8.686717e+00 1.976091e+00 4.047712e+00 5.156938e+00 -2.789120e+00 2.501688e+00
-8.940184e+00 -1.812642e+00 -2.519158e+00 -4.708121e+00 2.886987e+00 1.976026e+00 6.134643e+00 4.837074e+00 5.898274e+00 6.823980e+00 1.698245e+00 2.507669e+00
-9.531818e+00 -9.702928e-01 -3.148132e+00 4.064355e-01 6.938243e+00 5.492032e+00 1.205999e+01 7.893853e+00 1.075426e+01 7.878365e+00 -1.611573e+00 4.784074e-01
-9.160686e+00 -6.357752e-01 -1.771232e+00 -4.454188e-01 1.190090e+01 7.075163e+00 1.078779e+01 4.364386e+00 5.476587e+00 1.042780e+01 2.757795e+00 3.357459e+00
-9.868677e+00 -2.155020e+00 -3.241899e+00 -1.335294e+00 7.646932e+00 5.664639e+00 6.143009e+00 -1.513196e+00 8.395898e-01 2.238635e+00 -3.157984e+00 3.710070e+00
-7.733057e+00 -1.604119e+00 -4.583289e+00 -2.398842e+00 5.245219e+00 5.512839e+00 8.781271e+00 3.889884e+00 5.288860e+00 -5.672207e-01 -3.100426e+00 2.655553e+00
-1.027843e+01 -1.157198e+00 -3.314078e+00 -2.662721e-01 5.427609e+00 6.964812e+00 3.287300e+00 -4.898168e-01 5.571751e+00 3.366869e+00 3.392210e-01 5.139491e+00
-8.606421e+00 1.858807e-01 -3.173141e+00 -4.897622e+00 3.839173e+00 4.136210e+00 9.328635e+00 2.054931e+00 4.282634e+00 3.614042e+00 -8.954930e-02 4.628318e+00
-9.139372e+00 -4.789561e+00 -1.873078e+00 -4.164985e+00 3.738041e+00 7.648798e+00 5.660897e+00 -2.514243e+00 4.833997e+00 4.038457e+00 -4.534637e+00 -3.112138e+00
-9.712307e+00 -1.117468e+00 -2.949447e+00 -2.572773e+00 1.020568e+01 6.621801e+00 8.794903e+00 8.125325e+00 8.754848e+00 4.479044e+00 -2.384221e+00 3.868356e+00
-8.672318e+00 1.188331e-01 -1.518874e+00 -3.135388e+00 9.600774e+00 9.622487e+00 9.323273e+00 7.625183e+00 7.715893e+00 7.803383e+00 -2.619411e+00 -4.006293e-01
-8.199486e+00 1.177917e+00 5.521857e-01 -3.082922e+00 5.532542e+00 3.408464e+00 8.290190e+00 6.508455e+00 5.869979e+00 3.294352e+00 -2.801458e+00 2.263009e+00
-1.085019e+01 -2.789028e+00 -1.877152e+00 -5.198861e+00 7.326347e+00 9.592251e+00 1.246605e+01 1.057346e+01 1.238896e+01 6.568766e+00 -2.377728e+00 2.740879e+00
-7.935612e+00 -5.278063e-01 -4.195474e+00 -6.695716e+00 -3.240147e-01 1.632502e+00 5.810461e+00 3.264597e+00 3.034896e+00 6.122214e+00 3.142573e+00 9.945346e-01
-7.983021e+00 1.622277e-01 -4.634851e+00 -5.844381e+00 1.261569e+00 -4.106379e-01 7.102670e+00 4.720714e+00 5.222947e+00 8.084018e+00 -1.563719e+00 3.970573e+00
-6.750428e+00 2.716481e+00 4.699601e-01 -2.891671e+00 2.606910e+00 6.069133e-01 3.929332e+00 1.996047e+00 5.892257e+00 5.819519e+00 -1.927676e-01 4.542975e+00
