1.114069e+01 -1.345074e+01 -9.244160e+00 -5.204846e+00 4.145782e+00 -5.711730e+00 6.419218e+00 -7.094982e+00 -4.535156e+00 3.584485e+00 -1.029726e+01 -1.621836e+00
1.298734e+01 -8.778178e+00 -9.584736e+00 -1.182453e+01 -4.998078e-01 5.717934e+00 1.177246e-01 -1.177488e+01 -1.041800e+01 -1.215196e+00 -1.689142e+00 -5.307379e+00
1.152482e+01 -1.148252e+01 -8.713156e+00 -9.631084e+00 6.605573e+00 -2.348277e+00 2.012034e+00 -7.949715e+00 -8.443666e+00 7.344751e+00 -9.657118e+00 -2.011442e-01
1.112290e+01 -1.295580e+01 -7.646060e+00 -8.391088e+00 7.275164e+00 -4.603703e+00 3.803329e+00 -4.872857e+00 -5.713618e+00 3.603343e+00 -1.016125e+01 3.542700e-01
1.087393e+01 -1.199382e+01 -8.899796e+00 -7.157248e+00 3.737589e+00 -3.110682e+00 5.045130e+00 -8.765452e+00 -7.287957e+00 4.284937e+00 -7.444535e+00 -1.508586e+00
1.304937e+01 -1.015504e+01 -8.810617e+00 -9.174949e+00 2.836754e-01 3.339581e+00 -1.594257e+00 -1.071065e+01 -8.893713e+00 4.871046e-01 -4.151013e+00 -3.777703e+00
9.673320e+00 -1.215222e+01 -7.883827e+00 -5.885670e+00 3.452860e+00 -4.677631e+00 5.122841e+00 -5.105864e+00 -3.064665e-01 -3.203214e+00 -8.754544e+00 3.159184e-01
1.157942e+01 -1.120544e+01 -7.943577e+00 -1.084858e+01 5.516783e+00 -1.100979e+00 6.126181e-01 -1.091481e+01 -8.373531e+00 6.356276e+00 -9.628787e+00 -3.620928e-01
1.306416e+01 -9.710582e+00 -7.867251e+00 -1.162914e+01 4.503585e+00 2.324919e+00 -5.610921e-01 -9.620668e+00 -1.018463e+01 2.444087e+00 -2.532685e+00 -3.640366e+00
1.211332e+01 -7.434778e+00 -9.820534e+00 -1.314781e+01 -3.540365e+00 4.566156e+00 -3.983771e+00 -1.193202e+01 -1.078091e+01 -3.210131e+00 -2.248756e+00 -1.072308e+01
1.156670e+01 -1.053532e+01 -7.693863e+00 -9.358885e+00 4.121569e+00 -7.332361e-01 2.843661e+00 -1.179525e+01 -9.914185e+00 8.631317e+00 -9.981527e+00 2.277169e+00
1.180542e+01 -1.019497e+01 -8.952021e+00 -1.106824e+01 6.963559e-01 3.652666e+00 -4.036977e+00 -1.041919e+01 -1.118621e+01 2.855611e+00 -7.411498e+00 -2.525166e+00
9.812250e+00 -1.196075e+01 -7.496204e+00 -5.586471e+00 9.181340e-01 -5.539668e+00 8.189055e+00 -3.478447e+00 5.871756e-01 -5.028663e+00 -8.510699e+00 -5.833478e-01
1.246377e+01 -1.059682e+01 -7.687203e+00 -8.469636e+00 6.060301e+00 -2.363896e+00 2.533568e+00 -9.491330e+00 -1.265293e+01 9.918327e+00 -8.040828e+00 1.714897e+00
9.741129e+00 -1.152282e+01 -6.756969e+00 -4.557400e+00 -1.975997e+00 -7.437074e+00 8.677792e+00 -1.191704e+00 5.463092e+00 -1.129281e+01 -7.828364e+00 -2.616165e+00
1.161344e+01 -9.185106e+00 -9.310875e+00 -8.394862e+00 2.149014e+00 1.796608e+00 -9.180200e-01 -8.145058e+00 -1.552694e+01 8.190884e+00 -6.861554e+00 1.101834e+00
1.176171e+01 -8.603494e+00 -9.035393e+00 -8.946236e+00 3.490668e+00 1.281837e+00 1.120055e+00 -1.050230e+01 -1.507607e+01 9.444006e+00 -7.834872e+00 1.366965e+00
1.136028e+01 -1.103168e+01 -7.556945e+00 -1.201844e+01 3.653392e+00 1.066630e+00 -4.336447e+00 -1.045196e+01 -1.060103e+01 4.050448e+00 -9.470350e+00 -2.226473e+00
1.343726e+01 -5.508287e+00 -1.103802e+01 -1.318937e+01 -5.580474e+00 1.374543e+00 -4.348231e+00 -9.133413e+00 -1.275328e+01 -8.301474e+00 1.200322e+00 -9.267282e+00
1.105216e+01 -9.140993e+00 -9.607946e+00 -1.013157e+01 3.336939e+00 -2.803018e-01 -5.239002e-01 -1.123692e+01 -1.538070e+01 9.482439e+00 -9.473088e+00 -7.347813e-01
9.257197e+00 -1.061694e+01 -4.492840e+00 -5.879500e+00 -2.120225e+00 -7.598155e+00 9.078885e+00 1.870354e+00 6.198976e+00 -1.015612e+01 -6.902917e+00 -3.852089e+00
8.944104e+00 -9.838307e+00 -3.394639e+00 -6.043392e+00 -6.825304e+00 -1.196918e+01 1.237844e+01 2.526103e+00 7.238574e+00 -1.131196e+01 -6.527467e+00 -4.254539e+00
8.892858e+00 -1.111975e+01 1.290770e+00 -6.631382e+00 -1.166233e+01 -8.950587e+00 8.662378e+00 4.970067e+00 5.343804e+00 -8.475050e+00 -3.068352e+00 -5.427406e+00
8.896653e+00 -8.278834e+00 -1.112175e-02 -4.981872e+00 -1.231604e+01 -1.301027e+01 7.890361e+00 2.010861e+00 5.542268e+00 -3.224023e+00 -2.552335e+00 -7.747177e+00
8.086401e+00 -7.384228e+00 2.022531e+00 -4.864170e+00 -1.275833e+01 -1.592488e+01 8.065887e+00 2.974385e+00 4.538765e+00 -3.685383e+00 -1.188921e+00 -5.508692e+00
8.251639e+00 -6.385526e+00 3.311285e+00 -2.824244e+00 -1.495984e+01 -1.532906e+01 2.949850e+00 6.393983e+00 6.718802e+00 -9.395831e+00 1.360463e+00 -2.818370e+00
9.569115e+00 -4.550514e+00 4.700985e+00 -4.471603e-01 -1.780788e+01 -1.661256e+01 -3.183934e+00 5.673172e+00 6.226561e+00 -8.899385e+00 2.704546e+00 -8.736650e+00
8.342440e+00 -3.887652e+00 6.509859e+00 -2.361071e+00 -1.800560e+01 -1.569322e+01 -3.661872e-01 1.411320e+00 7.906006e+00 -1.202404e+01 5.226405e-01 -4.982475e+00
1.218140e+01 1.108491e+00 -9.724449e+00 -1.097377e+01 -6.647979e+00 -4.544220e+00 -1.985738e-01 -9.448663e+00 -1.040093e+01 -1.312977e+01 4.178439e+00 -7.952630e+00
9.880405e+00 -2.368734e+00 3.631519e+00 -2.712958e-01 -1.574164e+01 -1.697801e+01 -2.862801e+00 1.800193e+00 4.080068e+00 -6.524288e+00 6.613905e+00 -3.094621e+00
1.060869e+01 -2.789446e+00 6.523335e+00 4.520886e+00 -1.651122e+01 -1.684155e+01 -6.348151e+00 2.406946e+00 -1.265291e+00 -6.294310e+00 1.217075e+01 -2.683202e+00
-1.146553e+01 -3.501011e+00 -2.708675e+00 4.533106e+00 1.675036e+00 6.739733e+00 5.659559e-01 8.579055e+00 5.271743e+00 -1.109733e+00 -6.286156e-01 3.172092e-01
-9.520836e+00 -6.151641e+00 4.786825e+00 -3.203973e+00 1.397798e+00 -5.563407e-01 -5.387187e+00 2.607865e+00 1.332544e+00 9.746434e-01 3.643269e+00 -1.338116e-01
-3.326982e+00 -2.331324e+00 -5.276246e+00 -2.531111e+00 -1.985116e+00 9.492378e-01 -4.503142e+00 2.455567e+00 4.022878e+00 -1.719915e+00 -2.475849e+00 -3.600488e+00
-1.085136e+01 -8.571833e+00 -3.707589e+00 -3.187496e+00 -2.733381e+00 -6.117099e+00 -6.630348e+00 1.062117e+00 7.101119e+00 4.051382e+00 4.184615e+00 4.512310e+00
1.172955e+01 5.444187e+00 5.596032e+00 2.441683e+00 -8.371462e+00 -1.367703e+01 -1.337759e+01 -3.804548e-01 -6.751820e-01 -3.214767e+00 3.399020e+00 -6.060770e+00
-7.288805e+00 -4.800188e+00 3.459101e+00 -3.247535e+00 -2.212787e+00 -7.970784e+00 -4.844969e+00 3.922756e+00 -2.597542e-01 1.264416e+00 2.014049e-01 1.224459e+00
-1.503777e+01 -1.269057e+00 -1.833094e+00 5.599117e+00 -3.569586e+00 7.725174e+00 -2.811584e+00 2.964481e+00 3.800246e+00 5.093269e+00 4.225222e+00 -1.191120e+00
-9.348715e+00 -8.523042e+00 -5.642503e+00 -3.103294e-01 -5.748470e+00 -9.487089e+00 -7.240510e+00 -7.672063e+00 -2.037066e+00 -4.623241e+00 3.349482e+00 9.446057e-01
-9.971785e+00 -8.703975e+00 -3.939172e+00 1.747333e+00 -2.131412e+00 -4.012131e+00 9.450428e-01 2.595215e+00 2.468542e+00 1.066479e+00 -1.909878e+00 -1.088266e+00
-7.864779e+00 -6.575016e+00 -2.363638e+00 -9.447682e+00 -1.852993e+00 -5.618903e+00 -6.198764e-01 -1.085916e-01 -9.567078e-01 -7.215001e+00 -5.563588e+00 4.394346e+00
-1.342375e+01 3.698680e+00 -3.363457e+00 3.464201e+00 -1.506883e+00 6.660626e+00 -5.253197e+00 4.845030e+00 6.123726e+00 2.929409e+00 5.759397e+00 1.443501e-01
-8.139631e+00 -5.334837e+00 -3.420102e+00 3.416441e+00 -6.996302e+00 -4.051919e+00 -3.185529e+00 2.058527e+00 3.511522e+00 4.439556e-01 1.227357e-01 6.041657e-01
-9.700996e+00 -3.447887e+00 -2.259906e+00 3.222624e+00 -3.367091e+00 -1.766245e+00 -4.614460e+00 1.581657e-02 -1.087243e+00 7.056941e-01 -2.090833e+00 -9.893899e-01
-5.287012e+00 -5.188232e+00 -2.446861e+00 -6.399985e+00 -2.634285e+00 1.315542e+00 2.226885e+00 3.145939e+00 3.111050e+00 -1.930387e+00 7.463313e-01 -2.770549e+00
-1.238696e+01 5.289800e+00 -1.518382e+00 1.257344e+00 1.445555e+00 1.142565e+01 7.575042e-01 2.190677e+00 3.326559e+00 2.429106e-01 3.434467e-02 -4.748017e-01
-1.115350e+01 -2.837038e+00 -3.440873e+00 2.536682e+00 -1.062119e+00 3.300608e+00 -5.989251e+00 -6.937157e+00 2.939761e-02 9.431109e-01 -5.065382e-01 2.511308e-03
-8.130829e+00 -1.570452e+00 -7.739611e-01 4.035574e+00 -2.648222e+00 -5.059319e+00 -9.975251e+00 2.366513e-01 5.044804e-01 1.383605e+00 -3.627337e+00 -4.614134e-01
-6.630852e+00 -3.603792e+00 2.618341e+00 5.139082e+00 -1.966340e+00 -4.813272e+00 -4.761946e+00 1.332094e+00 -5.074199e-01 -1.803675e-01 -1.737227e+00 1.603758e+00
-8.933662e+00 -1.496919e+00 -1.145368e+00 -4.522457e-01 -6.087865e+00 -2.412128e+00 -7.382451e+00 -5.456162e+00 3.934855e-01 8.128058e-01 -8.382373e-01 5.993391e-01
-1.220598e+01 4.877241e+00 -2.706612e+00 5.318731e+00 -1.558264e+00 9.189075e+00 8.267852e-01 1.162502e+00 2.619497e+00 5.452000e-01 2.014438e+00 -5.087918e+00
-1.304753e+01 4.919843e+00 -6.592057e-01 3.989581e+00 1.354255e+00 5.204920e+00 -5.385708e+00 1.878501e+00 3.412989e+00 8.198142e+00 5.689366e+00 4.657829e+00
5.063459e+00 5.153481e+00 7.478197e+00 3.798366e+00 -1.850167e+00 -1.219900e+01 -1.054599e+01 -2.647531e+00 -1.512344e+00 -4.532569e+00 1.378416e-01 -7.517280e-01
-2.268913e+00 -5.268386e+00 1.209115e+00 -1.609418e+00 5.820774e-01 1.405082e+00 6.669071e-01 2.831282e+00 4.677048e+00 -8.971265e-02 -2.517456e+00 -1.277896e+00
-1.058890e+01 7.030793e+00 -2.276570e+00 5.485869e+00 -2.837239e+00 1.191948e+00 -4.343708e+00 -2.088449e+00 1.079450e+00 4.316049e-01 3.137303e+00 1.606451e+00
-1.062748e+01 3.347389e+00 -3.558881e-01 7.986944e+00 -9.787569e-01 3.816781e+00 6.098744e-01 4.836057e+00 -1.090876e-01 -1.103185e+00 6.673990e+00 2.198703e+00
-1.175007e+01 5.178795e+00 9.697540e-01 3.353860e+00 -6.740201e-01 8.859829e+00 4.460998e-01 4.853588e+00 3.561873e+00 5.087969e+00 6.677931e+00 5.550529e+00
-7.891932e+00 2.816257e+00 -2.537646e+00 6.356549e+00 5.887196e-01 6.267653e+00 6.879537e-01 4.846113e+00 -1.967986e+00 5.776808e+00 2.667630e+00 4.852567e+00
-6.619644e-01 -2.703709e+00 3.392153e+00 3.071499e+00 -6.678760e-01 -1.201606e-01 -5.860909e+00 -1.402536e+00 3.122185e+00 -4.527543e+00 1.508313e-01 1.053566e+00
2.833462e-02 -2.847394e+00 2.761421e-01 6.790048e+00 -2.531945e+00 5.967437e-01 -8.085770e+00 -2.260834e+00 2.596871e-01 2.624061e+00 1.480181e+00 3.523000e+00
-8.676401e+00 2.982514e+00 -2.323096e+00 2.146329e+00 -5.102425e-01 1.256807e+00 6.515020e-01 -4.650480e-01 1.933522e+00 3.714919e+00 1.636080e+00 -5.609944e-01
-7.392170e+00 3.786100e+00 -3.012341e+00 3.647579e+00 -4.354324e-01 2.233647e+00 1.443770e+00 5.482436e+00 6.207712e-01 7.702254e+00 5.096840e+00 2.975031e+00
6.725349e-01 -2.215757e+00 -8.125687e-01 3.926130e+00 -6.279306e+00 -2.474486e+00 2.761643e+00 7.399831e+00 5.575859e+00 4.867169e+00 2.982923e+00 -4.089775e+00
8.458147e-01 -4.757617e-01 -1.034457e+00 1.707078e+00 -2.069011e+00 3.166908e-01 1.778322e+00 8.140627e+00 2.761031e+00 -8.800992e-02 4.966320e+00 -3.083074e+00
-9.092928e+00 3.942619e+00 1.322877e+00 6.634138e+00 -5.598664e-02 8.370846e+00 -8.615454e-01 5.010722e+00 1.017596e+00 3.940679e+00 7.680191e-01 1.856830e+00
9.942203e-01 1.261179e+01 7.801688e+00 9.289254e+00 1.060695e+00 -2.420506e+00 -5.538090e-01 3.069243e+00 -3.781404e+00 -5.023648e+00 3.586060e+00 2.524639e+00
1.232868e+00 1.539839e+01 1.051493e+01 7.963521e+00 2.700600e+00 2.287986e+00 2.002927e+00 5.791608e+00 2.903997e+00 -3.245969e+00 9.982650e-01 -7.938772e-01
-9.196115e+00 -3.807420e+00 1.217799e+00 1.945755e+00 5.172873e+00 5.286279e+00 1.713894e+00 9.141574e+00 7.290912e+00 -1.603081e-01 1.680173e+00 3.410141e+00
2.446672e+00 4.055206e+00 1.314214e+00 1.098493e+00 6.954058e-01 3.835969e+00 3.088796e-02 1.104843e+00 6.417857e+00 1.420062e+00 2.745820e+00 5.573677e-01
1.041501e+00 1.386052e+01 8.955796e+00 4.582594e+00 9.079407e-01 -1.704035e-01 2.047821e+00 4.617046e+00 4.590989e+00 1.812033e+00 3.712187e+00 1.526461e+00
9.566875e-01 8.913423e+00 3.016695e+00 8.000288e+00 7.505351e+00 8.591370e+00 6.148407e+00 3.414326e+00 8.349191e-01 -1.910411e+00 1.955813e+00 2.658541e+00
1.597024e+00 8.623916e+00 4.354519e+00 6.423581e+00 3.228641e+00 1.854067e+00 1.107510e+00 4.817024e+00 8.923781e-02 -3.955912e+00 8.291663e-01 4.218382e+00
2.485428e+00 1.591315e+01 7.178435e+00 5.474034e+00 7.062807e+00 3.847439e+00 1.791632e+00 1.197501e+00 5.355409e-01 2.518469e+00 1.195633e+00 2.485001e+00
6.390972e-01 1.166481e+01 7.557425e+00 4.850795e+00 3.106977e+00 4.119813e+00 1.384278e+00 4.645989e+00 2.041225e+00 -1.028376e+00 3.373337e+00 -1.160774e+00
9.516211e-01 1.458044e+01 9.552094e+00 6.411126e+00 4.978389e+00 5.518695e+00 8.552747e-01 2.428808e-01 4.438386e-01 1.459420e+00 4.429138e-01 -1.944220e+00
3.487616e-01 1.498655e+01 8.859474e+00 6.487752e+00 8.613200e+00 3.929685e+00 -4.696601e+00 -2.202324e+00 9.455370e-01 1.560857e-01 2.190825e+00 5.518910e+00
-1.219080e+00 1.189676e+01 5.216738e+00 5.524080e+00 3.265886e+00 6.707717e+00 2.908164e+00 2.110071e+00 -1.481104e+00 -1.637893e-01 2.568285e+00 3.694160e+00
-8.474922e-02 1.329286e+01 7.729880e+00 3.954796e+00 4.473409e+00 7.530352e+00 -2.112440e+00 2.342453e+00 -1.238343e+00 -7.276645e-02 9.768010e-01 4.808270e-01
3.268666e+00 7.301437e+00 1.238787e+00 2.934259e+00 6.239433e-01 6.948893e-01 -1.660851e-02 8.741357e-01 6.575864e-01 -5.943998e+00 2.359264e+00 5.033123e+00
6.635399e-01 1.439249e+01 8.764994e+00 2.584477e+00 3.813069e+00 3.382499e+00 -6.127884e+00 -2.460461e+00 5.813841e+00 1.594900e+00 3.493840e+00 5.719606e+00
-1.737556e-01 1.344164e+01 1.116142e+01 6.919243e+00 6.590231e+00 4.016746e+00 8.748197e-02 2.248875e+00 1.733329e+00 -1.329864e+00 1.832447e+00 2.282889e-01
-7.554176e+00 4.642945e+00 1.247249e+00 1.801164e+00 1.388418e+00 4.201529e+00 9.078047e-01 4.859940e-01 5.339704e+00 8.168607e+00 5.871128e+00 2.858802e+00
-7.908703e+00 7.022980e+00 3.283921e+00 1.614626e+00 2.128633e+00 7.659459e+00 9.160525e+00 7.440839e+00 -8.535477e-01 1.308351e+00 4.925519e-01 4.940903e+00
-7.224895e+00 2.243097e+00 -1.039003e+00 -3.488019e+00 4.397834e+00 6.553678e+00 1.517124e-01 2.536614e+00 4.548247e+00 3.535764e+00 5.227936e+00 6.195299e+00
-2.237606e-01 1.276976e+01 5.868388e+00 2.054395e+00 -4.908016e-01 -1.108722e+00 -1.510456e+00 -2.659786e+00 -2.616957e+00 -2.511127e+00 -1.550164e+00 -3.459838e-01
4.383526e-01 1.292483e+01 5.605104e+00 3.373976e+00 5.241420e+00 3.219430e+00 4.273150e-02 5.341963e-01 -9.896499e-01 -3.897290e+00 2.239716e+00 -1.792940e+00
-2.114721e+00 1.333118e+01 1.154704e+01 8.656227e+00 7.666198e+00 4.967627e+00 -7.926254e-01 3.357358e+00 3.570892e-01 -6.493109e-01 3.620927e-01 -1.809425e+00
-7.736191e+00 -2.560525e-01 2.557672e+00 4.414627e+00 5.285422e+00 4.677872e+00 3.080165e+00 6.636066e+00 6.692533e+00 1.851152e+00 2.333874e+00 3.513361e+00
-2.465747e+00 1.172675e+01 9.716591e+00 9.595173e+00 1.015616e+01 4.111271e+00 1.004813e-01 2.388304e+00 -2.825343e+00 -3.255435e+00 1.817294e+00 1.362306e+00
-9.216469e+00 4.330152e+00 2.507101e+00 5.387386e+00 7.876720e+00 1.035376e+01 5.131647e+00 5.723748e+00 4.631741e+00 6.452062e+00 4.547376e+00 5.244625e+00
-2.180343e+00 1.275043e+01 1.039966e+01 6.402088e+00 4.609766e+00 1.226581e+00 1.463356e+00 4.628674e+00 -7.061969e-01 -3.346334e+00 2.866193e+00 4.360761e+00
-3.069133e+00 1.100142e+01 9.952826e+00 7.103558e+00 9.767251e+00 6.448067e+00 4.705169e+00 3.959108e-01 -1.266014e+00 2.619796e+00 1.097165e+00 3.530621e+00
-1.022731e+00 1.388449e+01 1.105555e+01 6.136389e+00 5.611265e+00 3.230941e+00 2.803762e+00 2.743198e+00 -2.028262e+00 -4.003920e+00 6.938173e-01 3.307592e+00
-7.560850e+00 5.231711e+00 2.938410e+00 -2.572250e-01 3.139811e+00 6.770251e+00 3.653867e+00 4.112782e+00 3.533891e+00 2.583917e+00 5.257042e+00 6.190126e+00
-9.509661e+00 2.984604e+00 1.335565e+00 6.306631e+00 8.708067e+00 1.227688e+01 8.166911e+00 7.297157e+00 9.587011e+00 3.164180e+00 8.565736e-01 6.445737e-01
-9.820450e+00 4.060921e+00 3.125732e+00 1.924854e+00 4.110177e+00 3.578775e+00 -1.159304e+00 3.635441e+00 1.006516e+00 3.682786e+00 4.916041e+00 2.039448e+00
-9.308187e+00 3.912749e+00 2.561219e+00 4.680795e+00 8.748329e+00 1.140560e+01 5.108839e+00 3.433690e+00 7.639160e+00 3.319970e+00 3.967716e+00 9.241882e+00
-9.800751e+00 2.972402e+00 2.533688e+00 4.006227e+00 3.140710e+00 1.161729e+00 -2.553324e+00 3.319134e+00 7.477216e+00 7.078485e+00 1.067967e+01 3.841089e-01
