-2.089081e+00 -1.348529e+00 -2.484486e+00 -8.495550e-02 1.202102e+00 7.917807e-01 -1.032302e+00 -7.688238e-01 -7.716437e-02 -1.951429e-01 -8.694938e-01 -1.091074e-01
-1.179075e+00 -1.523545e+00 -3.723431e+00 -1.546894e-01 -7.665665e-01 5.831951e-01 -2.420113e+00 -1.213406e+00 -1.885210e+00 -1.684985e+00 -2.479017e+00 4.955520e-02
-4.516039e-01 -1.149877e+00 -2.543745e+00 5.930836e-01 -1.948108e+00 8.391291e-01 -1.782566e+00 -1.163898e-01 -1.801887e+00 -7.705011e-01 -1.045303e+00 1.267020e-01
-1.282950e+00 -8.169006e-01 -1.485832e+00 -7.609575e-01 4.006819e-01 -6.034454e-01 4.282896e-01 -1.255228e+00 4.745622e-01 -6.674778e-02 1.221069e+00 8.605419e-01
-1.126890e+00 -2.890441e-01 -1.942417e-01 1.668004e+00 -8.565569e-01 9.215005e-01 -8.072575e-01 1.192518e+00 -8.025303e-01 -1.963832e-01 5.086294e-01 7.392985e-01
2.137176e+00 -6.739901e-02 8.512636e-01 -2.350744e+00 -3.731818e+00 -2.852588e-02 1.634515e+00 -7.440537e-01 1.120932e+00 -1.039922e+00 2.625508e-02 3.924525e-01
6.052371e+00 3.706807e-01 4.114713e-01 -5.781047e+00 -5.995822e+00 7.949135e-01 6.869736e-02 -2.009160e+00 -1.553212e+00 -4.543591e+00 -1.779939e+00 -2.714095e+00
-1.118815e+00 -2.564088e-01 7.512361e-01 1.018235e+00 -3.658102e-02 5.459161e-02 -1.213736e-01 -2.079578e-01 -4.909042e-01 1.256693e-01 4.445823e-01 6.618367e-01
-6.814680e-01 -4.887874e-01 8.244754e-01 9.262095e-02 5.038189e-01 2.311661e-01 7.221700e-02 8.751612e-01 2.024323e-01 1.292069e+00 -1.203439e-01 2.195112e-01
-3.107176e-01 -2.518571e-01 4.282863e-01 6.495099e-02 6.839291e-01 -2.163510e-01 2.094512e-01 1.134354e+00 1.023813e+00 4.987659e-01 -4.565631e-01 -3.077285e-02
8.829292e+00 3.163772e-01 -6.769359e-01 -7.920190e+00 -7.885722e+00 5.725293e-01 -1.649898e+00 -2.668426e+00 -4.021685e+00 -6.640016e+00 -1.805688e+00 -3.452126e+00
5.538372e-01 1.199379e+00 9.276146e-01 2.590055e-01 -5.283591e-01 -7.999125e-01 2.066838e+00 6.764745e-01 1.842134e+00 2.080547e+00 -1.384704e+00 1.301111e+00
-4.165705e-01 1.813898e+00 9.649777e-01 5.414290e-01 -9.095951e-02 1.383225e+00 2.281468e-01 -2.244703e-01 1.410397e-01 1.983643e-01 -6.891011e-01 2.617498e-01
-3.469011e-01 3.485535e-01 7.842622e-01 -8.935392e-02 1.404756e-01 9.957881e-01 9.815245e-01 -2.486587e-01 -2.293690e-01 2.068687e-01 1.361110e+00 1.185235e+00
-9.232903e-02 3.879225e-01 6.035270e-01 5.655866e-01 -4.878574e-01 2.885643e-01 -4.356902e-02 6.143945e-01 -1.658552e-01 -1.117935e-01 5.454025e-01 1.186801e-01
-3.840618e-01 4.628851e-01 1.005829e+00 2.335294e-01 -1.032546e-01 5.775676e-01 1.921888e+00 5.965155e-01 -7.783227e-01 5.094913e-01 1.732443e+00 2.407056e+00
3.012354e-01 1.691192e+00 8.719961e-01 7.679301e-01 6.922067e-01 1.055520e+00 4.320537e-01 5.431461e-01 1.390190e+00 1.444182e+00 -4.950670e-02 1.620188e+00
-1.153967e-01 -2.448861e-01 3.178330e-01 4.195271e-01 1.403747e-02 1.524336e-01 4.994908e-01 1.231163e+00 7.749918e-01 -1.829536e-01 -1.684214e-01 -4.248338e-01
3.508085e-01 -9.949573e-02 -3.461847e-02 -2.859266e-01 1.687499e+00 4.880431e-01 1.475165e+00 6.663271e-01 7.493440e-01 -5.076075e-01 1.145426e+00 2.880650e-01
2.243605e-01 -7.188086e-01 -3.434675e-01 6.591628e-01 -7.811022e-02 -5.734091e-02 3.502681e-01 7.789408e-01 8.613466e-02 -1.000869e+00 1.077907e+00 1.678251e+00
1.675726e-01 -1.037073e-01 -2.822136e-01 3.264824e-01 1.276871e+00 9.382991e-01 1.548473e+00 1.085019e+00 3.724901e-01 -6.264677e-01 1.983991e+00 -2.157559e-01
-1.150880e-02 -8.303761e-01 -5.418843e-01 -9.078451e-01 8.980316e-01 -1.507717e+00 4.487248e-01 -8.020402e-01 -1.330452e-01 -1.284374e+00 -8.371803e-01 -4.451137e-01
-2.694030e-01 -2.048238e-01 -4.160401e-01 -9.806049e-01 -2.158688e-01 2.724078e-01 -1.097017e-01 -8.271207e-01 -4.057772e-01 -1.030186e+00 -1.051062e+00 -3.151578e-01
-2.937958e-01 5.237601e-01 1.300529e+00 1.023687e+00 -1.338902e-02 -5.763041e-01 1.256423e+00 3.877430e-01 -7.843146e-01 -4.889565e-02 -3.976434e-01 5.073857e-01
-3.886694e-01 -7.712579e-01 -3.866003e-01 -5.747780e-01 -4.405022e-01 -2.215810e+00 5.902737e-01 -9.926190e-01 -1.455053e+00 -1.022610e-01 -1.897468e+00 -8.103874e-01
-2.468475e-01 -3.242856e-01 -3.840366e-01 -2.157753e-01 -3.496452e-01 -1.166411e+00 3.905251e-01 -1.163589e+00 -2.483584e-01 1.488299e-01 -1.002350e+00 -1.211300e+00
9.159908e-02 5.077744e-01 4.265432e-02 2.083612e-01 -5.193369e-01 5.882553e-01 8.561023e-01 -2.531546e-01 3.674144e-01 9.672141e-01 9.767894e-02 -7.533050e-01
-1.739865e-01 -1.049332e+00 -6.367952e-01 -6.290716e-01 5.322615e-01 -2.394217e+00 2.122528e-01 -1.139961e+00 -6.656744e-01 -7.360383e-01 -1.776219e+00 -8.275155e-01
-7.761747e-01 -5.522063e-01 -4.551946e-01 -1.144619e+00 -1.039916e+00 -1.409567e+00 -1.511813e+00 -8.775764e-01 -9.334646e-01 -3.513374e-01 -3.841687e-01 -9.286087e-01
1.422266e-01 4.946078e-01 8.812380e-02 8.992062e-01 3.266694e-01 6.949130e-01 -2.595085e-01 -1.173326e-01 5.925857e-01 -1.230057e-01 -1.373473e-01 5.138434e-01
-5.826815e-01 -4.081247e-01 1.210736e-01 -1.106697e+00 -1.496524e+00 -1.286317e+00 1.207037e-01 -1.523988e-01 -1.206859e+00 -5.404748e-02 2.700280e-01 -9.202856e-01
2.355367e-01 -6.254325e-01 -2.701074e-01 6.926381e-01 2.453164e-01 5.887968e-02 6.753473e-01 -2.853032e-01 -3.923490e-01 -1.290647e+00 8.292019e-01 1.346761e+00
-8.075773e-01 1.550817e+00 1.183678e+00 9.536791e-02 -5.005581e-01 8.780447e-01 4.603620e-01 -1.388296e+00 -1.033870e+00 -2.469964e-01 -3.487636e-01 -1.057149e+00
7.434249e-02 7.056843e-01 1.141996e-01 3.226109e-01 -1.848789e-01 9.796072e-01 2.119712e-01 5.962734e-02 1.153725e+00 1.404773e+00 -2.718716e-01 -5.291358e-01
2.218447e-02 -1.160128e-01 -2.145863e-01 9.192142e-01 1.372340e+00 3.473988e-01 1.815223e+00 1.782149e+00 -2.913339e-01 -5.477713e-01 2.273935e+00 -1.967518e-01
-1.476569e-01 5.648578e-01 1.021668e-01 6.289344e-02 -1.080003e-02 1.052985e-01 5.862349e-01 -4.900067e-01 1.876566e+00 3.660814e-01 -1.533001e+00 -8.974477e-02
5.083332e-02 -4.503923e-02 -1.929288e-01 -2.625555e-01 9.539571e-01 1.810589e-01 -1.093452e+00 -1.277677e+00 -1.094893e+00 -8.219862e-02 9.854050e-01 2.748171e-01
2.167180e-01 -6.937060e-01 -4.279669e-01 7.972208e-01 -4.830100e-01 -4.069324e-01 -7.903773e-02 -6.803389e-02 -1.489032e-01 1.237567e-01 -1.533376e-01 -1.097321e+00
-2.175236e-03 -4.333215e-01 4.365987e-01 -2.935365e-01 -5.757084e-01 7.597446e-02 -5.019957e-01 -4.194499e-01 -1.570819e-01 3.645256e-01 -1.630642e-01 -8.081571e-01
2.713861e-01 -5.104560e-01 6.066637e-01 4.276167e-01 -5.263534e-01 3.924753e-01 1.217826e+00 1.637164e+00 -1.040088e-01 -1.778365e-01 1.219805e+00 -1.042814e-02
2.728643e-01 -3.782204e-01 -3.127912e-01 -1.001890e-01 6.286616e-01 -1.153267e-01 -1.499430e+00 -6.670315e-01 -3.690106e-01 -2.115867e-01 2.421864e-01 -4.743847e-01
-3.688107e-01 8.143230e-02 -3.355728e-01 -1.616409e+00 -5.922409e-01 1.191521e-01 7.141521e-02 -1.343118e+00 -7.633293e-02 3.728725e-01 -1.127016e+00 -1.318578e+00
1.825242e-01 7.783245e-01 2.444968e-02 2.390812e-01 1.107256e-01 9.674197e-01 -2.558618e-01 -1.124763e-02 1.451800e+00 2.063004e+00 -1.182442e+00 -4.872331e-02
-5.254658e-01 9.773828e-01 6.000732e-01 -3.344303e-01 -1.287182e+00 -9.973478e-01 5.806267e-01 1.599022e-01 -1.616897e+00 -6.346291e-01 1.556832e-01 -8.229403e-01
1.359172e-01 -6.887976e-02 -1.915651e-01 2.474360e-01 7.824855e-01 -4.074799e-01 -1.191095e+00 -9.064544e-01 1.007744e+00 8.209181e-01 -6.989302e-01 -6.044618e-01
2.958555e-02 2.914175e-01 4.895997e-02 -2.062639e-01 1.419105e-01 -3.608310e-02 -7.748072e-02 -6.000448e-01 1.144051e+00 9.575329e-01 -8.490235e-01 -3.725449e-01
-2.127550e-01 -1.737068e-01 -4.599752e-01 9.539884e-01 1.905002e+00 -8.584529e-01 1.522497e+00 1.246594e+00 1.088984e-02 -1.332437e+00 2.197473e+00 -4.309257e-01
5.520725e-02 4.421532e-01 -3.404025e-01 -7.391866e-01 1.818245e-01 6.403366e-01 -8.006995e-01 -1.376896e+00 4.842959e-01 8.267700e-01 -1.179922e+00 7.806445e-01
2.453788e-01 -3.188556e-01 -4.194196e-01 7.932431e-01 -1.897422e-01 -1.903341e-01 1.156448e+00 3.573535e-01 -4.321330e-01 -3.997250e-01 -9.491552e-01 -1.046422e+00
6.281203e-01 1.348024e+00 9.701043e-01 3.040873e-01 9.864590e-01 6.362446e-02 1.630573e+00 7.275347e-01 2.179366e+00 2.991418e+00 -1.552652e+00 1.762509e+00
3.709234e-01 9.024874e-01 4.214270e-01 -2.257921e-01 -1.712822e-01 7.531218e-01 1.851562e-01 4.430963e-01 9.096504e-01 2.399555e+00 -1.819840e+00 1.137412e+00
3.820781e-01 -6.419630e-01 -5.741172e-01 1.226582e+00 -3.754329e-01 -2.690907e-01 1.013782e+00 -1.935797e-01 -6.847375e-01 -9.060164e-02 -1.572415e-01 -7.254797e-01
-1.094423e+00 -7.637420e-01 1.453139e-01 -3.297119e-01 -2.935697e-01 -7.786760e-01 -7.480772e-01 9.247311e-01 2.315109e+00 2.090837e+00 2.177920e+00 -5.887666e-01
-2.103920e-01 -8.810150e-03 7.875431e-01 6.334128e-01 -8.597808e-01 -1.240065e+00 1.627326e-01 1.004576e+00 -3.536291e-01 -1.495140e+00 -1.654167e+00 -1.118395e+00
1.234528e-01 1.675504e-01 2.580141e-01 1.159209e-01 3.099295e-01 -3.365418e-01 1.135654e-01 1.416388e+00 2.471563e+00 1.702589e+00 8.608459e-01 1.349084e+00
2.260113e-03 4.311487e-01 -1.124889e-01 -6.718556e-01 2.197091e-01 -3.572873e-01 -5.469602e-01 -1.196664e+00 7.851130e-01 7.041396e-01 -1.053753e+00 -3.472270e-01
-6.090077e-01 -4.756877e-01 -1.276337e+00 2.488573e-01 1.775582e+00 -2.167196e+00 -1.456706e-01 7.787800e-03 -2.836316e-01 -3.226528e+00 1.630550e+00 -1.000738e+00
2.949875e+00 9.404827e-01 -5.978595e-01 -2.471287e+00 -6.704816e-01 -5.136844e-01 4.659687e-01 9.449339e-02 -4.049886e-01 -1.170788e+00 2.388857e-01 -1.423626e+00
-5.279398e-01 -4.227679e-02 -1.635054e+00 1.021914e+00 2.599637e+00 -6.894521e-01 -1.831870e+00 1.544028e+00 3.836543e-01 -2.716358e+00 2.459993e+00 3.204513e-01
-5.054961e-01 1.975922e-01 -9.846197e-01 1.086663e+00 2.842006e+00 -1.195766e+00 -3.096236e-01 1.242043e+00 8.561546e-01 -2.647299e+00 2.819516e+00 2.075711e-01
-2.344055e-01 5.772648e-01 7.887527e-01 9.230082e-02 -1.994598e+00 -2.644992e+00 8.561991e-01 1.871486e-01 -1.069592e+00 2.578437e-01 -1.534139e-01 1.074856e+00
-2.114629e-01 5.961202e-01 5.809149e-01 3.950583e-01 6.908687e-01 8.973408e-01 -6.521122e-01 -8.615180e-01 3.694810e-01 1.340713e+00 1.466062e+00 -1.195934e+00
-1.778344e-01 -2.079264e-01 -2.134003e+00 1.601859e+00 2.484416e+00 -1.852258e-01 -3.125272e+00 2.345606e+00 -2.081934e-01 -1.669741e+00 1.353187e+00 1.360297e+00
8.116460e+00 1.035240e+00 -3.822121e-01 -6.376094e+00 -4.813320e+00 1.259625e+00 6.686883e-02 -1.487760e+00 -2.434591e+00 -3.553689e+00 2.604799e-01 -2.583325e+00
1.526178e-01 -5.254384e-01 -1.683943e+00 1.375142e+00 2.231984e+00 6.253333e-02 -3.829525e+00 2.403285e+00 -3.110182e-01 -5.254471e-01 5.886654e-01 1.358364e+00
4.287911e-01 1.179245e+00 9.918520e-01 4.903206e-01 -1.243035e+00 -1.089757e+00 1.163864e+00 5.948534e-02 3.296237e-01 2.264369e+00 -1.568630e-01 1.844339e+00
8.030109e-02 7.782584e-01 8.684948e-01 -2.782533e-01 -1.156211e+00 -5.942258e-01 -2.777624e-02 -4.822317e-01 1.088832e+00 1.914470e+00 -3.930292e-01 1.046857e+00
1.292350e-02 -7.700489e-01 -2.058040e+00 -1.122577e-01 7.464067e-01 -6.902865e-01 -5.191346e+00 1.256541e+00 -1.433762e+00 -1.530651e+00 4.020307e-02 -6.089711e-03
-1.767189e+00 -1.271784e+00 2.067443e-01 2.383376e-01 -2.777922e-02 5.519134e-01 1.991024e+00 3.054262e+00 4.482090e+00 4.366399e+00 2.763663e+00 7.954090e-01
-1.684759e-01 1.079957e+00 1.150999e+00 2.696584e-01 -3.427763e-01 6.278039e-01 -5.625740e-01 -1.369546e+00 2.176770e-01 1.166162e+00 1.043705e+00 -5.501540e-01
-7.258663e-02 -5.361764e-01 1.810098e-01 -1.101564e+00 -9.292253e-01 -1.352750e+00 -4.845461e-01 1.699933e+00 1.327998e+00 4.651170e-01 -1.718980e-01 -2.109082e+00
1.693774e-01 1.147342e-01 -1.528537e+00 -1.890099e-01 9.237452e-02 9.067078e-02 -4.180756e+00 3.499603e-01 -8.468822e-01 -5.940984e-01 7.350094e-01 -8.235151e-01
-2.784249e-01 -6.906604e-01 2.591884e-01 -5.349328e-01 -8.062563e-01 -2.178260e+00 -3.452212e-01 9.358166e-01 4.443795e-01 -6.740885e-01 -1.212648e+00 -2.207622e+00
-3.561642e-02 5.463058e-01 -7.526449e-01 -4.703351e-01 -8.837248e-01 2.273723e-01 -3.294580e+00 -1.538802e+00 -3.592183e-01 -9.103224e-01 4.837360e-01 -1.204209e+00
-2.385651e+00 -2.379390e+00 -4.120438e-01 -3.694099e-01 3.660550e-02 4.197368e-01 2.208173e+00 3.575382e+00 4.840117e+00 3.519235e+00 1.773383e+00 1.948877e+00
-4.432839e-01 9.924501e-01 5.295067e-01 9.259154e-01 -6.363875e-01 -7.382593e-02 -2.146017e+00 -3.050734e+00 -1.179460e+00 -1.561817e-01 -4.045756e-01 -2.963241e-01
-2.897309e+00 -2.475948e+00 4.911286e-01 9.143811e-01 8.990202e-01 8.231671e-01 3.423375e+00 3.308337e+00 2.055085e+00 1.337064e+00 2.936242e-01 1.824276e+00
-9.445160e-01 9.681048e-01 2.323228e+00 3.269014e+00 1.621633e+00 7.620634e-01 -7.485704e-01 -4.033492e+00 -1.261980e+00 1.684464e+00 -1.284179e+00 8.283420e-01
-2.674608e+00 -1.521489e+00 1.353862e+00 2.695389e+00 3.417789e+00 2.485150e+00 3.536676e+00 1.113372e-01 -9.910592e-01 8.310803e-01 -2.303261e+00 7.001211e-01
-2.403335e+00 -8.274220e-01 2.502601e+00 3.662769e+00 4.581745e+00 1.926507e+00 1.708883e+00 -2.412202e+00 -2.675707e+00 1.495818e+00 -2.899727e+00 4.487615e-02
-1.912815e+00 2.663932e-01 3.266798e+00 4.290944e+00 3.549855e+00 1.522824e+00 1.079177e+00 -3.497427e+00 -2.825869e+00 1.567490e+00 -2.407838e+00 7.844729e-01
