4.436951e+00 -3.301768e+00 1.151707e+00 -5.082934e-01 -6.277932e-01 -2.961539e+00 -3.549760e+00 9.120431e-01 -1.738215e+00 6.191630e-01 7.419310e-01 -2.106217e+00
5.030870e+00 -2.286670e+00 1.383321e+00 8.225185e-01 -6.455693e-01 -4.218766e+00 -3.088294e+00 1.514158e-01 -3.586433e+00 -1.584994e+00 -1.147250e+00 -2.847609e+00
2.232820e+00 -3.996543e+00 3.175274e-01 -2.820260e+00 -3.487023e-01 -3.028685e-01 -4.073741e+00 2.282379e+00 1.008760e+00 2.186059e-01 1.365505e+00 -6.464456e-01
3.754626e+00 -6.831236e-01 8.524997e-01 1.173021e+00 -8.372277e-01 -3.608184e+00 -2.234767e+00 -8.143728e-01 -3.677181e+00 -2.399207e+00 -3.116592e+00 -2.914398e+00
-1.325370e+00 -2.450619e+00 -4.691326e+00 -2.541302e+00 -1.189153e+00 5.975729e+00 7.220042e-01 -2.968696e+00 5.466279e+00 -3.694227e+00 -1.494970e+00 -1.017832e+00
-1.229236e+00 -3.087869e+00 -3.762875e+00 -4.264249e+00 -7.865558e-01 6.216680e+00 -5.358824e-01 -8.955708e-01 6.042656e+00 -3.223024e+00 -1.089841e+00 -1.035003e+00
-4.638365e-01 -3.575805e+00 -1.307487e+00 -4.558288e+00 8.873782e-02 4.455209e+00 -1.974765e+00 1.375688e+00 4.251207e+00 -1.564874e+00 4.239553e-01 -8.714792e-01
-1.047536e+00 -1.269282e+00 -4.297012e+00 -4.685383e-01 -7.551072e-01 3.044049e+00 1.387836e+00 -4.018312e+00 2.429195e+00 -1.969897e+00 -1.852335e+00 -5.368565e-01
-2.723520e-01 -6.098366e-03 -2.082146e+00 7.149945e-01 1.336018e+00 1.107546e+00 1.592967e+00 -2.747133e+00 3.199641e-01 8.060808e-01 -7.981310e-01 1.546327e+00
-2.204116e-01 -2.372770e-01 -1.764384e+00 -7.432750e-01 1.170253e+00 -1.446867e-02 -3.799637e-01 -2.206554e+00 -1.742041e+00 1.026270e+00 -2.178676e+00 9.895651e-01
1.601572e+00 7.528483e-01 1.457394e+00 1.258232e+00 3.096912e-01 -7.997426e-01 3.764367e-01 -1.525612e+00 -3.389738e+00 -1.754418e+00 -3.104231e+00 -2.557640e+00
-7.718374e-01 2.503288e-01 1.904901e-01 -7.589320e-02 -9.627377e-01 -2.361216e-01 -7.729394e-01 1.539271e+00 1.127899e+00 -3.921238e-01 8.582105e-02 5.687042e-01
-5.443913e-01 9.188617e-02 -5.803417e-01 -6.203406e-01 -4.524783e-01 3.374431e-01 -2.511666e-01 1.654754e+00 8.789879e-01 -7.205061e-01 -1.305787e+00 -7.718285e-01
1.803881e-01 -4.433041e-02 -1.086224e+00 -1.085489e+00 1.552980e+00 3.594684e-01 -6.107174e-01 -1.224028e+00 -1.689423e+00 1.701660e+00 -2.677929e+00 1.460501e+00
3.463426e-01 -2.237860e-01 -5.108356e-01 -6.347054e-01 6.629004e-01 8.609545e-01 -6.783867e-01 -1.279343e+00 -5.409645e-01 1.041758e+00 -2.429871e+00 1.472956e+00
-7.110244e-02 -5.439722e-01 2.932762e-01 2.218018e-02 1.772927e-01 -2.660491e-01 -4.448877e-01 1.136947e+00 -1.158341e+00 5.417376e-01 -4.882329e-01 -1.189733e-01
-3.539300e-02 -2.205301e-01 1.169683e-01 1.254691e-01 6.152009e-01 -4.427730e-01 3.876696e-02 1.170789e+00 -1.145959e+00 8.317768e-01 -1.071466e-01 -1.173771e-01
-1.192046e-01 -5.181159e-01 -9.147617e-01 5.944589e-01 1.426774e-01 -2.732564e-01 1.229347e-01 6.567374e-01 -1.104558e+00 -2.300020e+00 6.729637e-01 3.061660e-01
-1.672459e-02 -2.367729e-01 -1.077545e+00 -4.193752e-01 -1.128477e+00 -6.863486e-01 -1.427449e+00 4.151719e-01 7.277328e-01 -3.089348e-01 -4.907852e-01 -1.232715e+00
2.950213e-02 -6.418642e-01 5.582232e-01 1.262328e-01 3.748451e-01 -4.192990e-01 -3.230965e-01 1.118086e+00 -8.203508e-01 6.979874e-01 -7.506941e-01 1.445898e-01
1.627069e-01 8.218336e-01 3.592945e-01 -2.437774e-02 -7.592710e-01 -3.501422e-01 -5.053414e-01 2.737869e-02 1.059588e+00 2.573606e-01 -5.760535e-01 1.474059e-01
1.386541e-01 -3.346859e-01 -4.008407e-01 -2.558170e-01 -3.544732e-01 9.028968e-01 -7.745317e-01 -1.328021e+00 -2.267890e-02 5.671768e-02 -2.027634e+00 1.029857e+00
-3.710360e-01 -3.203952e-02 1.689820e-01 -9.195589e-02 -1.451054e+00 -9.299793e-01 9.143424e-02 -3.629215e-02 -7.711664e-01 -6.903571e-01 3.396874e-01 7.799827e-01
-3.151152e-01 -1.310172e-01 -1.670110e-01 7.900710e-02 -2.324743e-02 -9.287593e-01 -1.328159e+00 -7.565420e-01 -1.900560e-01 -5.388552e-01 -1.915463e+00 -2.101793e+00
-2.977719e-01 -7.082529e-01 1.692524e-01 -7.382957e-01 6.961446e-02 -7.559387e-01 -5.682734e-01 3.997164e-01 -1.355157e+00 -3.537636e-02 -3.906139e-01 -1.113282e+00
-5.470581e-02 5.783771e-01 5.851249e-01 3.920230e-02 3.093360e-01 -4.884514e-01 1.508190e-01 -6.328532e-01 -1.329192e+00 -9.977117e-01 1.057425e+00 1.335769e+00
6.845371e-01 1.668930e-01 1.788182e-01 6.081612e-01 -4.494342e-01 -6.966701e-01 -1.249559e-01 -5.223096e-01 -2.708287e+00 -1.328388e+00 -9.613708e-01 -1.617959e+00
-1.432342e-01 -4.816311e-01 3.078041e-01 -6.072969e-02 3.577135e-02 -4.947705e-01 -2.206707e-02 4.388102e-01 -2.431662e-01 -4.548378e-01 4.772896e-01 -9.236820e-01
2.797131e-01 -4.744387e-01 1.248287e+00 3.540799e-01 9.751754e-01 3.921547e-02 -1.351412e-01 1.928839e+00 -3.787032e-01 1.560868e+00 -7.700831e-01 8.659920e-01
-1.233427e-01 1.778050e-01 1.148606e-01 4.289262e-01 5.526728e-01 5.430220e-01 5.970706e-01 -4.790246e-01 4.583726e-01 -6.343926e-01 -6.731472e-01 6.079059e-02
4.033775e-01 -3.536971e-01 -3.490771e-01 4.762360e-01 -7.063342e-01 -1.350773e-01 -9.077346e-01 -8.879772e-01 -2.826706e+00 -1.195900e+00 1.427875e-01 -1.607759e+00
2.595720e-01 1.576431e-01 2.148138e-01 7.156555e-01 3.792304e-01 1.139321e+00 5.418094e-01 -2.684374e-01 1.441655e+00 4.033156e-01 -3.771303e-01 1.293135e+00
-1.283916e-01 -2.297054e-01 4.271652e-01 4.902149e-01 5.452337e-02 5.878884e-01 1.871191e-01 4.753748e-01 1.282136e+00 -1.082709e+00 1.457624e+00 -8.343897e-01
9.016848e-02 9.290668e-02 -1.925781e-01 -2.735410e-01 -8.532312e-02 4.499202e-01 6.073358e-01 1.898731e-01 -2.373187e-01 5.904444e-01 -9.587516e-01 -9.547923e-01
-7.140255e-02 -8.263256e-02 -3.633229e-01 -2.300235e-01 3.553161e-01 1.386777e+00 1.269719e+00 1.914379e+00 1.200259e+00 1.239922e-01 -1.332802e+00 -1.140066e+00
1.620293e-02 3.832164e-01 8.106713e-01 3.115508e-01 6.643939e-01 -4.319362e-01 -6.698807e-01 5.252444e-01 -5.722042e-01 3.063420e-01 1.778121e+00 1.058230e+00
-2.295834e-01 4.257736e-02 1.994387e-01 6.075567e-01 -1.147752e-01 8.695825e-01 1.940060e-03 4.254322e-01 1.336591e+00 -1.198905e+00 1.258630e+00 -7.298998e-01
-1.875972e-01 1.263126e-01 -2.146705e-01 5.421920e-01 -8.449443e-02 1.065127e+00 4.474640e-03 -2.467213e-01 1.286373e+00 -7.232924e-01 -8.383713e-02 -1.636786e-02
-1.182058e-01 6.106274e-01 -4.352694e-02 9.988108e-01 5.010964e-01 1.265470e+00 3.646725e-01 7.362036e-01 1.610076e+00 -4.808584e-01 1.031651e+00 4.592595e-02
1.707004e-01 9.595534e-01 2.469091e-01 -1.152513e-01 -1.166393e+00 -4.759982e-01 -4.385419e-01 -3.675958e-01 9.335621e-01 1.211327e+00 1.575264e-01 3.505929e-01
3.146450e-01 -9.008587e-01 -5.815226e-01 8.373488e-01 -5.207393e-01 -6.153975e-01 -4.127347e-01 -3.468564e-01 -2.728653e+00 -2.629259e+00 1.368355e-01 -5.881743e-01
2.413343e-01 1.040062e+00 1.027384e+00 4.661953e-01 1.330498e+00 1.355059e+00 1.922773e+00 8.154174e-01 1.766469e+00 1.242766e+00 1.261269e+00 2.000648e+00
9.179848e-02 -4.158699e-01 1.341692e+00 1.061591e-01 9.809520e-01 -7.910286e-01 1.368097e-01 1.429599e+00 -4.269369e-01 1.056308e+00 -7.161312e-01 6.380801e-01
-1.624227e-01 -6.061079e-01 -2.804127e-02 4.294770e-01 -5.107703e-01 -1.714859e-01 -1.354480e+00 1.882991e-01 5.985450e-01 4.373502e-01 4.528461e-02 -7.618416e-01
-7.432966e-02 7.523410e-01 1.111374e+00 -3.623048e-02 -2.100789e-01 2.097321e-03 1.425258e+00 -1.668268e+00 -1.041479e+00 5.148846e-01 1.651292e+00 2.167594e+00
-2.365761e-02 -1.268804e-02 -2.983505e-01 8.379783e-02 3.160971e-01 -5.298108e-01 -3.035166e-01 -3.720396e-01 -4.702513e-01 -3.990462e-01 -2.606067e-01 -2.543248e-01
-2.162023e-01 4.844429e-01 -4.189415e-01 -5.244697e-01 -6.016669e-01 8.894564e-01 7.161871e-01 3.180968e-01 -1.502161e-01 1.452892e+00 -3.866307e-01 -6.678973e-01
-2.005997e-02 3.854811e-01 9.927140e-02 -1.343786e-01 -5.921649e-01 7.871469e-01 2.890847e-01 -1.120048e-01 1.608204e+00 1.038056e+00 -1.626718e+00 6.186488e-01
2.424650e-01 6.882021e-01 9.674948e-01 5.903717e-01 3.206014e-01 -8.028558e-01 -2.217634e-01 7.516424e-02 6.638380e-01 -1.000140e-01 4.622863e-01 5.516502e-01
-1.923967e-01 3.672883e-01 7.328737e-01 2.342176e-01 -6.324374e-01 -1.012222e+00 8.502902e-01 5.605839e-01 -4.798076e-01 5.374889e-01 -8.379562e-01 -1.839043e+00
-2.515332e-01 3.782541e-01 5.805203e-01 4.902845e-01 1.540254e+00 4.425308e-01 -1.899235e-01 -2.670180e-01 -4.308813e-01 -5.820932e-02 1.795889e+00 4.837172e-02
-3.011653e-01 -1.142175e-01 2.254014e-01 4.202963e-02 -3.419050e-01 -2.771004e-01 1.492864e+00 -1.683838e+00 -1.461140e+00 -6.704853e-02 1.096237e+00 5.138320e-01
9.746144e-02 1.377659e-02 1.251454e+00 4.449397e-01 9.199171e-01 -1.197924e+00 5.761825e-01 1.568917e+00 -1.320230e-01 3.378466e-01 3.422870e-02 5.612217e-01
-2.737699e-01 -4.895590e-01 -5.779428e-02 -1.940509e-01 -8.023704e-01 7.886207e-01 1.107922e+00 -9.350170e-01 -8.467061e-01 -4.971403e-01 1.038302e-01 -2.118392e-02
7.352410e-02 3.472706e-01 3.526594e-01 -3.544221e-02 1.650716e+00 1.681027e-02 4.515138e-01 -3.698528e-01 -1.145126e+00 4.192865e-02 1.643723e+00 7.499264e-01
-3.476299e-01 5.853307e-03 9.510469e-02 -2.851281e-01 -9.120861e-01 3.202943e-01 1.531647e-01 1.928304e-01 1.408245e+00 1.622865e-01 -1.675425e+00 7.039157e-01
-9.010464e-01 -8.833116e-01 -5.144974e-01 -1.322580e-01 -3.214771e-01 -1.536882e-01 1.163405e+00 2.956454e+00 2.691798e+00 2.039416e+00 1.376733e+00 8.324388e-01
3.533098e-01 1.117085e+00 1.040277e+00 2.799181e-01 1.152356e+00 7.772546e-01 -1.673535e-01 5.623435e-01 1.405794e+00 1.153961e+00 1.325703e+00 1.694544e+00
1.034546e-02 6.606867e-01 -1.151082e-01 -2.531627e-01 1.119655e-01 3.295917e-01 -9.107507e-01 -7.121111e-01 1.115503e+00 8.229973e-01 6.800237e-01 1.547936e-01
-3.200994e-01 2.050849e-01 -6.130373e-01 -9.495113e-01 8.084381e-01 1.117797e+00 5.534683e-01 1.598434e-01 -2.337811e-01 9.564085e-01 1.406663e+00 -3.193721e-01
2.212164e-01 4.464032e-01 5.662774e-01 4.311073e-01 1.364826e-01 -3.635231e-01 -3.935171e-01 -3.794432e-01 9.026189e-01 1.565503e-01 -1.579585e-01 4.137847e-01
2.303968e-01 -3.690146e-02 2.258730e-01 1.126520e-01 7.173728e-01 -3.597566e-01 2.473245e-01 -4.055137e-01 -6.785586e-01 2.631543e-01 -1.349232e+00 -1.007858e+00
-2.374796e-01 -2.539124e-01 7.195460e-01 -9.839129e-02 -2.116214e-01 -2.100269e+00 -9.656038e-02 9.357331e-01 -1.192673e+00 -8.779600e-01 -7.383282e-01 -4.336544e-01
2.482109e-02 2.275749e-01 9.339932e-01 1.635732e-01 -1.023373e+00 -1.435472e+00 -4.508734e-02 -1.116794e+00 -1.230582e+00 7.725065e-01 5.430619e-01 6.128573e-01
1.811834e-01 6.913670e-01 2.131901e-01 -8.656394e-02 -5.066304e-01 -1.838505e-01 -1.206634e+00 -1.379116e+00 -1.641185e-01 1.332054e+00 7.970974e-01 -4.954957e-01
-9.506130e-02 4.750186e-01 9.214962e-01 1.331453e-02 -5.578866e-02 -1.063049e-01 -8.779314e-01 -1.573881e+00 -2.584730e-01 4.389884e-01 1.169093e-01 -9.733119e-01
-3.635527e-01 5.546750e-01 1.499724e+00 9.194764e-01 5.604985e-01 9.631681e-01 1.111393e+00 -8.344603e-01 2.152616e-01 -1.634673e-01 -9.662167e-01 -2.867093e+00
-4.777276e-01 -2.090468e-01 -6.448670e-02 -4.313848e-01 -1.567752e+00 -2.465323e+00 -1.110691e+00 4.572395e-01 -2.024400e+00 -2.263556e+00 -1.191831e+00 -1.396228e+00
-1.961830e-01 2.996843e-01 3.636885e-01 -7.575059e-02 -1.406571e+00 -1.481436e+00 -8.771583e-01 1.407124e+00 -1.633470e+00 -1.684363e+00 -6.216097e-01 -7.675501e-01
4.892725e-01 -5.542517e-02 9.785083e-01 4.163346e-01 6.383408e-01 2.379895e-01 7.945411e-01 1.105871e-01 -5.896017e-01 9.311239e-01 2.018110e-01 5.547004e-01
-2.704403e-01 6.787603e-01 2.475277e-01 -3.674440e-02 -1.390403e+00 -1.675016e+00 -2.362635e-01 7.369490e-01 -1.540352e+00 -1.686467e+00 -5.533081e-01 -7.029325e-01
4.557469e-02 1.254305e+00 8.816866e-01 4.037645e-01 -5.217255e-01 -7.980440e-01 2.953652e-01 1.258376e+00 -2.923612e-01 -1.359718e+00 6.526514e-01 1.187546e-01
9.209242e-02 8.587740e-01 1.026989e+00 -1.251636e-01 -5.276813e-01 -1.069654e+00 -4.152487e-01 7.807876e-01 -7.546188e-01 -1.641173e+00 1.444630e-01 2.329390e-01
3.189818e-01 4.909822e+00 8.018641e-01 1.493205e+00 -2.405067e+00 -2.177702e+00 2.373059e+00 -3.748674e+00 -8.339800e-01 1.808937e+00 3.770975e-01 -4.420683e-01
-1.696303e+00 -1.983831e+00 -2.024928e+00 -1.968938e+00 -9.106405e-02 6.650537e-01 -5.166233e-02 3.423007e+00 4.712710e+00 2.536028e+00 3.163703e+00 4.446897e+00
1.487704e-01 9.520758e-01 1.016283e+00 3.069189e-01 -5.478982e-01 -6.648225e-01 -8.700430e-01 1.054104e+00 -8.828489e-01 -1.336050e+00 1.097483e-01 9.158565e-01
-8.012449e-01 3.450187e+00 1.063151e+00 2.215712e+00 -1.273961e+00 -1.002615e+00 1.572501e+00 -3.750594e+00 -3.090326e-01 5.274273e-01 -1.129490e+00 -5.254849e-01
3.619126e-01 9.848703e-01 1.377798e+00 4.611202e-01 -3.592319e-02 -3.502691e-01 -1.072542e+00 1.197693e+00 -6.083885e-01 -1.246077e+00 8.647522e-01 1.267028e+00
1.082598e+00 4.172878e+00 9.816974e-01 1.388318e+00 -1.692329e+00 -2.784703e+00 1.154202e+00 -2.728301e+00 -2.486411e+00 1.609518e+00 1.571818e+00 -8.081260e-01
6.499390e-01 1.446175e+00 1.456390e+00 4.532437e-01 9.882491e-01 -4.960169e-01 -1.259444e+00 9.137108e-01 -5.517842e-01 -1.217489e+00 1.700427e+00 9.228669e-01
1.272576e+00 2.907320e+00 1.263429e+00 1.019393e+00 8.966188e-02 -2.501773e+00 -1.797825e-01 -1.716672e+00 -3.241795e+00 -2.628910e-01 2.722456e+00 -7.147228e-01
-2.197083e+00 -1.468128e+00 -2.491543e+00 -3.294633e+00 -4.158719e-01 1.887819e+00 1.460806e+00 3.295336e+00 5.303838e+00 4.610378e+00 3.575456e+00 5.404424e+00
-1.445048e+00 1.970981e+00 1.313007e+00 3.070562e+00 1.933292e+00 1.344861e+00 1.720852e+00 -1.318164e+00 -4.660107e-01 6.400839e-01 -1.327340e+00 -3.176193e-01
1.246961e+00 2.419460e+00 1.529913e+00 9.940461e-01 1.918436e+00 -5.996249e-01 -2.459610e-01 4.581410e-01 -1.492545e+00 4.206123e-02 2.996501e+00 3.090188e-01
-2.069944e+00 -5.406028e-01 5.227939e-01 3.703979e+00 3.004047e+00 7.952202e-01 1.390784e+00 -2.941818e-02 -8.299534e-01 -6.283581e-01 -9.026440e-01 2.615656e-01
-2.584022e+00 -1.643898e+00 -2.399358e+00 -2.320972e+00 1.536964e-01 2.443090e+00 3.535216e+00 2.083013e+00 4.446603e+00 3.706255e+00 3.526955e+00 3.712837e+00
-2.334806e+00 -1.436792e+00 -5.318145e-01 2.195730e+00 1.833222e+00 9.224377e-01 2.968590e+00 1.616475e+00 -5.225860e-01 1.283358e+00 -1.581765e-01 3.870916e-02
-2.365636e+00 -1.081269e+00 -1.952154e+00 -7.519159e-01 9.251547e-01 1.555017e+00 3.398447e+00 1.742832e+00 1.952184e+00 2.577668e+00 1.457729e+00 1.877296e+00
