1.225470e+00 -1.974019e+00 5.647436e-01 -6.481718e-01 -1.867522e+00 -1.678720e+00 5.940160e-01 9.174790e-01 -5.831198e-01 -9.274215e-01 -7.276653e-01 6.274241e-01
-3.401131e+00 -1.817203e+00 1.235742e+00 -9.373873e-01 9.335840e-01 3.636100e+00 -1.547817e+00 1.326109e-01 -6.251895e-01 7.748852e-01 -2.865868e-02 -1.497255e-01
-1.062688e+00 -3.891600e+00 -1.712004e+00 -1.869305e+00 -5.001435e-01 9.600163e-02 -6.551235e-01 -1.715979e+00 -3.784301e-01 7.184014e-01 -2.089694e-01 2.266157e+00
3.977717e+00 -1.094496e+00 1.961160e+00 4.594660e-01 -1.764746e+00 -3.157968e+00 -3.333230e+00 -4.717626e-02 -1.813210e+00 -3.477519e+00 -1.402758e+00 -2.505151e+00
-2.939420e+00 -1.620347e+00 -6.137618e-02 -3.050563e-01 1.714845e+00 2.968383e+00 -9.167479e-01 -9.880484e-01 -8.487284e-01 -4.480962e-01 -8.358417e-01 -8.915309e-01
-1.759051e+00 -9.851509e-01 1.584787e+00 -4.449981e-01 5.151232e-01 7.081324e-01 -5.369722e-01 3.289237e+00 -2.206630e-01 2.975193e+00 1.621650e+00 1.341838e+00
-1.200567e+00 -2.378701e+00 1.424100e+00 1.440832e-01 -2.043291e+00 -2.838230e+00 -2.901079e+00 6.876708e+00 1.382465e+00 -6.983185e-01 2.694015e-01 -1.216870e+00
-1.543963e+00 -4.672332e+00 1.633769e+00 3.741220e-01 -1.861620e+00 1.893965e+00 3.718791e-01 -1.588566e+00 -1.008451e+00 4.313714e-02 -3.220878e-01 2.227253e-01
-2.895077e-01 -2.638098e+00 5.923106e-01 2.003533e-01 -1.024455e+00 -1.341437e+00 -4.406943e+00 6.332001e+00 1.433721e+00 4.486755e-01 -1.881387e-02 -2.177581e+00
-2.795127e+00 -3.809119e+00 -1.604695e+00 -1.997952e+00 3.428777e-01 9.393568e-02 -5.500030e-01 -1.173311e+00 8.938042e-01 1.302268e+00 -1.112854e-01 2.423795e+00
-1.618901e+00 -1.691148e+00 2.110992e+00 -5.874727e-01 -3.281533e+00 -2.231631e+00 4.654242e-01 5.078493e+00 1.229878e-01 -7.392277e-01 7.454346e-01 -1.501574e-01
3.716560e-01 -2.176461e+00 -4.898786e-01 1.083716e-01 -8.271031e-01 3.966281e-01 -3.621928e+00 4.077003e+00 -3.006592e-02 9.261208e-01 -1.050999e-01 -2.342625e+00
-7.926238e-01 -2.446400e+00 1.345983e+00 8.632122e-02 -2.291520e+00 2.269685e-01 -1.547288e+00 -2.766794e+00 -1.524912e+00 -2.100475e-01 -6.742839e-01 -1.385709e+00
-6.007458e-01 -2.516957e+00 4.723532e-01 1.351869e+00 -1.019221e+00 1.965032e-01 2.417561e+00 2.014943e+00 -9.220297e-01 -6.226767e-01 -1.190860e-02 -2.725727e-01
7.451858e-01 -9.834685e-01 -9.070116e-01 -5.522920e-01 3.040357e-02 1.854944e+00 -9.640512e-01 1.059022e+00 -6.632943e-01 4.812976e-01 1.209298e+00 -1.246503e+00
-1.438205e+00 -1.178186e+00 3.034404e+00 -1.091702e+00 -3.754108e+00 -9.824795e-01 4.224969e+00 1.966761e+00 -1.365020e+00 2.025839e-01 1.266789e+00 2.690286e-01
5.813342e+00 6.558780e-02 1.254086e+00 2.579804e+00 -2.048840e-01 -3.459448e+00 -5.622937e+00 1.622556e-01 -2.547737e-01 -2.699249e+00 -6.468239e-01 -2.527899e+00
3.803725e+00 -5.247212e-01 -3.235368e+00 1.723057e-01 2.574081e+00 -2.830019e-01 -4.437087e+00 -9.101378e-01 -7.273524e-01 -9.820534e-01 3.970372e-01 -6.964874e-03
1.180730e+00 5.279791e-01 -2.932937e+00 -9.483112e-01 1.760303e+00 1.644181e+00 4.530972e-01 3.268966e-01 -4.425867e-01 3.362148e-01 1.568779e+00 1.848469e+00
4.825517e-01 3.831996e-01 -1.572650e+00 -1.564532e+00 1.297219e+00 2.569412e+00 2.656149e-01 -3.006059e-01 -1.342070e+00 -2.856917e-02 1.204799e+00 5.391654e-01
5.283277e+00 -8.762641e-01 -8.229350e-01 2.121838e+00 1.185302e+00 -2.502542e+00 -6.650178e+00 -6.853900e-02 -8.529633e-01 -2.326359e+00 -9.694074e-01 -1.768849e+00
1.172725e+00 1.776982e+00 1.785628e+00 1.385207e+00 -1.916047e+00 -2.462993e+00 -1.641065e+00 -1.735229e-01 -4.935188e-01 -1.473511e+00 -1.572778e+00 -2.990929e+00
-2.403135e-01 3.992839e-01 1.667221e-01 -9.727879e-02 -3.008623e-01 5.300934e-01 1.297037e+00 1.143397e+00 5.492098e-01 1.526290e-01 9.055932e-01 2.501605e+00
-1.670422e-01 -1.056763e+00 1.030531e+00 1.152849e+00 -1.243160e+00 -9.903739e-01 -5.639560e-01 -2.223101e-01 2.016501e-01 3.602339e-01 4.888825e-01 -1.768062e+00
1.911081e-01 3.504782e-01 -1.423577e-01 4.815673e-01 6.570838e-01 8.150032e-01 1.784895e+00 9.887834e-01 2.784007e-01 3.535486e-01 7.788543e-01 1.115164e+00
1.103479e-01 -6.686745e-01 2.324112e-01 1.818361e+00 1.425450e+00 5.971726e-01 5.218658e-01 -1.969402e-01 1.036690e+00 -6.010375e-02 6.484400e-01 -1.230790e-01
-6.624244e-01 -5.569668e-01 6.518154e-02 3.084121e-02 5.282313e-01 1.298118e+00 6.604775e-01 -1.203023e+00 -6.516291e-01 -4.977916e-01 -1.109189e+00 -6.635839e-01
1.480694e+00 -1.168085e+00 -7.795205e-02 1.360304e+00 -9.763373e-01 -1.850299e+00 3.945182e-01 4.663360e+00 -1.162208e+00 1.155238e+00 5.066446e-01 9.889884e-01
-2.624674e-01 -2.009342e-01 2.725403e-01 2.905829e-01 9.439950e-01 6.468724e-01 -2.189729e-01 1.212126e+00 3.006536e-01 -2.251941e-01 1.202990e+00 6.814972e-01
4.203529e-02 -7.165499e-02 4.449558e-01 3.772733e-01 -1.736343e+00 -1.925715e+00 -1.449236e+00 -1.082928e+00 -6.651427e-01 -4.496345e-01 9.611832e-01 1.577601e-01
-1.203636e-01 4.181189e-01 1.596761e-02 -4.677361e-01 5.789117e-01 5.143203e-01 -7.009197e-01 4.374719e-01 -7.880697e-01 -4.183539e-01 -5.557344e-02 -3.447249e-01
-4.148221e-01 -4.659337e-01 1.884771e-01 1.505639e-01 5.625940e-02 3.609606e-01 6.563781e-01 9.169908e-01 1.879662e-01 5.819551e-01 7.578371e-01 6.399956e-02
1.637009e-01 3.264572e-01 -6.707585e-01 -5.396386e-01 -9.910910e-01 -1.025188e+00 -1.038487e+00 -9.817669e-01 1.068272e-01 -1.926711e-01 -6.320120e-01 5.952093e-01
-5.228806e-02 -1.811868e+00 -5.020573e-01 7.885466e-01 9.762273e-01 -3.829816e-01 3.692799e-01 -5.150310e-01 9.951731e-01 1.685638e+00 8.622114e-01 -2.046636e+00
-1.064165e+00 -5.766973e-01 3.149268e+00 -1.834112e+00 -3.082557e+00 3.499756e-01 4.893174e+00 -2.307817e-01 -2.166596e+00 1.037004e+00 5.843412e-01 -2.569972e-01
3.741651e-01 -6.683815e-02 -6.818954e-01 -1.452929e-01 7.585800e-01 1.401321e-01 -9.918784e-01 -1.053932e+00 -1.347726e-01 2.867179e-01 -2.322316e-01 -4.361207e-01
2.077922e+00 2.234260e+00 1.050781e+00 3.678503e-01 -4.106780e-01 9.466498e-01 -4.932063e-01 -2.559334e+00 -6.339791e-02 2.545174e-01 -1.566356e+00 -2.535595e+00
-7.922160e-01 -8.208664e-01 5.972668e-01 2.734547e-02 5.626707e-01 1.174003e-01 -9.000849e-01 -1.275403e+00 -1.885480e+00 -9.612834e-01 -4.072359e-01 5.634848e-01
3.236489e-01 6.212569e-01 2.807733e-02 -4.140652e-01 4.316075e-02 -7.977685e-01 -1.252491e+00 -6.941304e-02 1.754942e+00 -7.532766e-02 5.930299e-01 -5.714620e-01
-6.076724e-01 2.214223e-01 9.426618e-02 2.688616e-01 -3.011078e-01 1.040643e+00 -3.585117e-01 -1.000283e+00 -1.182173e+00 -2.495451e-01 -5.076631e-01 5.595568e-01
-1.928797e-01 4.869086e-01 5.953855e-01 4.489977e-01 -8.124191e-01 -1.897243e-01 -1.165378e+00 -9.506024e-01 -4.639639e-01 -8.167418e-01 4.119476e-01 8.988857e-01
-5.398186e-01 2.008432e-01 7.455218e-01 2.907274e-01 1.921990e-01 -2.346370e-02 2.137539e-01 1.226811e+00 4.545363e-01 -6.509967e-01 -3.468706e-01 1.083064e+00
2.081297e-01 5.193947e-01 7.365057e-01 1.158892e+00 -7.268063e-01 7.924061e-01 1.642467e+00 -7.956582e-01 -2.164526e-02 -3.853221e-01 8.154985e-01 1.988159e+00
-7.144743e-01 -1.275491e+00 -2.176317e-02 -3.886718e-01 -4.920828e-01 -1.315286e+00 -1.745502e+00 -1.932373e+00 -2.325303e+00 -1.661654e+00 -1.941274e-01 5.504490e-01
-1.831791e-01 -7.546034e-01 6.078849e-01 -7.398970e-02 -1.118960e+00 -7.748591e-01 1.724069e-01 3.626662e-01 3.655432e-01 -2.263670e-02 -2.545382e-01 -1.072913e+00
-3.218622e-01 -1.127007e-01 -3.609681e-01 2.559919e-01 2.919823e-02 -4.577084e-02 -8.757698e-01 3.888611e-01 1.456805e+00 2.372098e+00 7.634773e-02 -1.097285e+00
-5.214585e-01 6.047309e-04 -4.890315e-01 -3.270779e-01 -1.728086e-01 1.058886e+00 -1.939879e-01 1.273637e-01 1.993445e+00 2.538120e+00 -6.631300e-01 -1.498139e+00
-6.368388e-01 -9.040369e-01 9.507430e-02 1.220245e-01 -2.111802e-01 -1.036016e+00 -1.431092e+00 -1.119494e+00 -2.070359e+00 -1.179830e+00 -1.475720e-01 -1.126250e+00
-6.141949e-02 -3.410651e-01 2.487392e-01 -5.634419e-01 -2.537909e-01 1.400611e-01 2.288847e-01 1.713679e-02 -5.884928e-01 -1.174172e-01 1.256405e-01 2.183904e-01
2.061730e-01 2.157309e-01 -5.358040e-02 4.550200e-01 2.073076e-01 -2.167463e-01 1.040183e+00 -4.451938e-01 -3.726956e-01 1.382152e+00 1.528657e+00 -1.072909e+00
2.621204e-01 -8.763333e-02 -4.054091e-01 -2.358037e-01 -1.269239e+00 -1.095414e+00 -1.008343e+00 -7.547633e-01 -1.247966e-01 7.261775e-01 1.012468e+00 -1.181746e+00
-1.003701e-01 1.034367e+00 3.586783e-01 -7.213530e-01 -1.504180e+00 -1.237097e-01 -9.850661e-01 -1.271901e+00 -1.686931e-01 -1.776339e+00 -7.511850e-02 1.311315e+00
-7.948198e-02 5.346972e-01 1.302994e-01 -1.947160e-01 9.607430e-01 8.787253e-01 -1.412401e+00 -1.150074e+00 1.844418e+00 -6.513063e-01 -9.620298e-01 3.421903e-02
-1.059745e-01 4.192197e-01 -1.850963e-01 -9.885496e-01 3.588061e-02 -2.405562e-01 -8.175200e-01 -1.259724e+00 -3.359432e-01 -3.861064e-01 6.763363e-02 2.934906e-01
7.535396e-01 9.939089e-01 -8.822864e-01 -1.312418e+00 1.717952e+00 4.176647e-01 -3.333439e-01 -1.084361e+00 -2.790038e-01 -3.555309e-01 -1.464004e+00 1.235815e+00
-3.796255e-01 -9.299278e-04 3.936465e-02 1.553238e-01 7.293484e-01 -3.748284e-02 -1.360348e-01 5.580497e-02 -9.987219e-01 -7.972840e-01 -1.409965e+00 -6.190237e-01
1.008338e-01 1.103354e+00 -4.436134e-01 -1.486453e+00 -3.527332e-01 -1.624021e+00 -6.367230e-01 4.057186e-01 1.181071e+00 1.311527e+00 2.749095e+00 3.743962e-01
-2.169777e-01 1.009844e+00 1.108611e-01 -5.865129e-01 3.525512e-01 7.527422e-01 7.435659e-01 1.205724e+00 1.882033e+00 6.957487e-01 -8.020474e-01 -5.874505e-01
7.242562e-01 9.834528e-01 -1.301110e+00 -1.977289e+00 -1.187785e-01 -7.662843e-01 -1.781470e+00 -2.294534e+00 -5.860306e-01 -1.567133e+00 -2.777998e+00 8.498958e-01
1.118669e-01 3.668068e-01 -7.024633e-01 -2.750305e-01 -4.465369e-01 -2.163160e-01 -5.016536e-01 -2.929899e-01 -5.031365e-01 -1.720346e-01 -1.441268e+00 -8.521971e-01
5.351419e-02 1.318742e+00 9.682484e-01 -4.787903e-01 -1.372804e+00 1.577911e+00 2.381619e+00 3.481229e-01 -1.238392e+00 -2.889737e-01 4.796054e-01 2.518104e+00
-4.987636e-01 3.878012e-01 8.500732e-01 -3.387717e-01 -6.633462e-01 9.821849e-02 -9.885181e-01 1.035267e-01 9.160010e-01 -3.524457e-01 -1.597604e-01 1.002991e+00
-1.190151e+00 1.593690e+00 2.399306e+00 -4.597309e-01 -5.033085e-01 -3.596411e-02 9.222777e-01 -3.304223e+00 3.314969e-01 -1.550213e-01 1.736866e+00 5.725358e-01
-1.470583e+00 -1.336179e+00 -5.833182e-01 -3.821323e-01 -1.808659e-01 -1.455925e+00 -1.129619e+00 1.076290e+00 1.976465e+00 1.035746e+00 2.284944e+00 2.083945e+00
-4.312992e-02 1.434957e+00 3.015386e-01 -1.342732e+00 -9.071382e-01 -2.406978e-01 -7.747509e-01 -1.166673e+00 2.314139e-01 -1.400837e+00 -1.391259e+00 3.539427e-01
-2.829428e-02 1.441145e+00 3.434388e-01 -1.758250e+00 -1.381636e+00 2.355866e-01 7.155871e-01 5.115088e-01 -1.388144e+00 -8.442923e-01 -1.424885e+00 3.471668e-01
-1.275483e+00 1.571722e+00 2.249330e+00 -9.679178e-01 -4.817940e-01 4.900052e-01 1.951622e+00 -2.925845e+00 -3.386860e-02 3.667968e-01 5.842733e-01 4.851688e-01
-1.198152e-01 -1.300061e+00 -6.946946e-01 -7.877475e-01 1.488001e-02 -6.987159e-02 1.335776e+00 -2.777705e-02 5.871670e-02 2.147120e+00 1.370268e-01 -2.045966e+00
-8.450264e-01 1.046751e-01 3.350091e+00 -2.075339e+00 -1.598940e+00 1.103183e+00 4.316339e+00 -1.761232e+00 -1.514097e+00 1.500857e+00 -1.227501e-01 -3.206144e-01
-5.136105e-01 -2.246702e-01 -7.063710e-01 -1.196392e-01 1.265827e+00 8.900584e-01 -1.706613e-01 7.169770e-01 1.734843e+00 5.385558e-01 2.220079e+00 2.870795e+00
-6.065632e-01 1.211483e+00 2.663616e+00 -7.287459e-02 -3.535000e-01 -1.360167e-01 -6.592914e-01 -3.158047e+00 -5.906825e-01 -2.897851e-01 2.235593e+00 6.141613e-01
-1.168079e+00 9.282758e-01 3.101970e+00 -1.597269e+00 -6.839706e-01 7.383148e-01 3.020262e+00 -2.609343e+00 -6.382964e-01 1.177837e+00 -1.004972e-01 -1.314016e-01
2.354891e-01 6.157225e-01 -3.161381e-01 -8.409360e-01 1.927879e-01 9.910138e-01 5.214696e-01 -1.102554e-01 -1.597054e+00 -8.431778e-01 -2.530656e-01 1.005529e+00
-3.978017e-01 5.048406e-01 6.789966e-01 -4.312348e-01 6.410364e-01 -3.697813e-01 -7.349541e-01 -7.085247e-01 -3.207040e-02 -3.871779e-01 -1.994612e+00 -1.432084e+00
-3.614098e-01 -9.942195e-01 -2.624798e-01 -9.777216e-01 -9.995248e-01 3.795947e-01 1.722600e+00 3.576162e-01 -2.725461e-01 2.150485e+00 7.363096e-01 -9.256535e-01
2.579134e-01 7.814015e-01 -1.556832e-01 -2.568711e-01 1.590103e+00 1.723290e+00 1.078535e+00 6.270111e-01 2.263362e-01 -5.649403e-01 7.492615e-01 3.075350e+00
2.165295e+00 1.957163e+00 3.032753e-01 -6.624708e-01 1.568602e+00 3.027251e+00 2.262696e+00 -3.403796e+00 1.927754e+00 1.851151e+00 -3.679851e-01 -1.532085e+00
1.850591e-01 1.113298e+00 2.333006e-01 1.023204e+00 1.196236e+00 -5.050503e-01 3.543725e+00 3.728524e+00 -5.178896e-01 5.030445e-01 1.410771e+00 1.273215e+00
-1.737904e+00 1.692626e+00 1.695696e+00 -1.141624e-01 -1.704019e+00 -2.884638e+00 -1.892833e+00 1.073505e-01 -7.220895e-01 -2.379312e+00 -1.259209e+00 -1.951456e-01
-1.706515e+00 -1.118102e+00 -8.715390e-01 -1.404195e+00 -2.101696e+00 -2.711200e+00 -2.397030e+00 -3.510175e-01 7.997069e-01 3.900930e-01 1.261363e+00 7.621543e-01
1.109831e-01 1.043184e+00 3.035379e+00 2.277076e-01 -3.245687e-01 -1.802177e-02 -1.661295e+00 -2.662043e+00 -1.407632e+00 6.196805e-01 9.167611e-01 3.503052e-01
-2.729082e+00 -1.659106e-01 -7.820167e-02 -1.208110e+00 -4.465896e-01 -1.276519e+00 -7.717739e-01 2.327692e-01 1.559871e+00 5.903000e-01 5.925171e-01 2.127998e+00
-5.050235e-01 2.086603e+00 1.631767e+00 1.527215e+00 -5.339209e-01 3.257613e+00 -1.371966e+00 -7.969397e-01 -1.223840e+00 1.441316e-01 -9.466256e-01 -1.817107e+00
-1.961651e+00 -6.329525e-01 -1.180925e+00 -4.108298e-01 -1.136348e+00 -2.580453e+00 -2.008050e+00 4.872677e-02 4.360085e-01 6.918386e-01 -4.745376e-01 -1.681828e+00
-4.212696e-02 2.099511e+00 1.068424e+00 1.209028e+00 4.030224e-01 2.421251e+00 3.948694e-01 -1.806059e+00 -5.351906e-02 -1.038491e+00 -1.068586e+00 -1.153475e+00
1.101634e-01 1.445715e+00 2.683041e+00 1.192299e+00 -9.184063e-01 8.809097e-01 -2.199028e+00 -1.850468e+00 -2.093506e+00 1.232804e+00 -1.598078e-01 -7.536005e-01
-1.708932e-01 2.137522e+00 2.038715e+00 1.659329e+00 -8.082941e-01 2.136522e+00 -2.040051e+00 -9.372077e-01 -2.065522e+00 1.217609e+00 -6.936172e-01 -1.349369e+00
2.726944e+00 6.178728e-01 -2.191883e+00 -1.110751e+00 4.164653e-01 2.240571e+00 3.642828e+00 -1.478025e+00 1.541252e+00 9.074245e-02 1.438166e+00 -1.340771e+00
7.397724e-01 2.646917e+00 3.190418e-01 1.373617e+00 -2.638504e-01 1.586548e+00 1.941421e+00 -1.760577e+00 1.138508e+00 -1.032997e+00 -1.918996e+00 4.775982e-02
5.175815e-01 2.223386e+00 -3.304636e-01 1.149575e+00 4.611458e-01 -1.083257e-01 5.115873e-01 7.816812e-01 8.457354e-01 -5.969092e-01 -1.037569e+00 -5.220955e-01
-1.433163e+00 1.374975e+00 -5.273196e-01 1.630740e+00 -7.292919e-02 -3.652661e+00 -1.241939e+00 -1.501487e+00 -1.429339e+00 1.061508e+00 -1.654602e+00 -1.472348e+00
-5.833208e-01 -8.655548e-03 -4.515405e+00 2.300540e+00 3.807608e+00 -2.323253e+00 7.341822e-01 8.166380e-01 -5.370370e-01 6.074783e-01 -2.971733e-01 -6.806766e-01
9.735600e-01 3.337636e+00 -1.613168e+00 1.037631e+00 2.411408e+00 -5.506528e-01 1.694286e+00 3.289581e+00 -4.441721e-01 -5.988177e-01 9.254358e-01 9.142510e-01
-3.958558e-01 -1.665475e+00 -6.272326e+00 1.955491e+00 7.189761e+00 5.159805e-01 4.502450e+00 1.089214e+00 7.958634e-01 2.880824e-01 1.994024e-01 7.043161e-01
7.224184e-01 2.604271e+00 -9.516023e-01 1.444021e+00 1.134520e+00 2.331358e+00 4.202153e+00 -3.122863e+00 2.135472e+00 -4.444242e-02 -2.291898e+00 1.368606e+00
3.233990e-02 -1.468323e+00 -6.701560e+00 7.427935e-01 6.344963e+00 3.385082e+00 5.650224e+00 5.527802e-01 1.621530e+00 4.340316e-01 1.305084e+00 2.269997e+00
5.052859e-01 -1.705356e-01 -5.400319e+00 6.426634e-01 4.906848e+00 3.959179e+00 5.781018e+00 -2.748992e-01 3.587588e+00 4.033742e-01 -3.951766e-01 1.783159e+00
4.241896e+00 -2.763356e-01 -1.344321e+00 2.371239e+00 -9.417599e-01 -4.019475e+00 2.649728e+00 4.239280e+00 -7.323938e-01 -5.561907e-01 8.787706e-01 -1.755423e-01
3.358940e+00 1.020540e+00 -2.112409e+00 8.518427e-01 1.888202e-01 -1.866576e+00 3.715461e+00 1.471362e+00 -2.642087e-01 -1.992065e+00 7.541217e-01 7.535696e-02
