1.318683e+01 -1.017012e+01 -8.309057e+00 8.306559e+00 -8.864332e+00 9.269238e-01 -2.145370e+01 -3.907161e+00 2.161534e+01 -3.560997e+00 -5.103154e+00 8.902552e+00
1.162866e+01 -9.677196e+00 -5.818156e+00 1.144411e+01 -1.150339e+01 -3.783497e+00 -1.753854e+01 -3.143702e+00 2.093135e+01 -5.635876e+00 -5.775373e+00 1.054572e+01
4.926099e+00 -7.291465e+00 8.171045e+00 8.833205e+00 -1.133463e+01 -1.365103e+01 -6.067218e+00 -2.271078e-01 7.428412e+00 -1.341109e+01 1.656227e+00 6.089491e+00
5.123867e+00 -6.007761e+00 7.606157e+00 1.128051e+01 -1.313861e+01 -1.332448e+01 -4.474622e+00 -2.783268e+00 6.658062e+00 -1.478960e+01 1.126339e+00 7.621473e+00
1.474126e+01 -9.936344e+00 -9.118133e+00 1.598734e+00 -2.541107e+00 2.784616e+00 -2.165048e+01 -5.530312e+00 2.013409e+01 -1.037295e-01 -5.990714e+00 8.955397e+00
6.004972e+00 -7.347109e+00 4.789578e+00 9.904728e+00 -1.237876e+01 -1.127052e+01 -9.758728e+00 2.831107e+00 8.489672e+00 -1.090927e+01 2.415431e-02 5.912314e+00
7.529262e+00 -8.474202e+00 2.453716e+00 1.059936e+01 -1.280036e+01 -8.915793e+00 -1.336710e+01 3.118113e+00 1.011221e+01 -6.877345e+00 -4.688183e-01 6.514462e+00
3.328893e+00 -2.448422e+00 9.052846e+00 1.354553e+01 -1.518036e+01 -1.474533e+01 -3.874688e-01 -8.230188e+00 3.094338e+00 -1.496029e+01 -7.579643e-01 9.795378e+00
4.437957e+00 -4.171051e+00 7.807669e+00 1.251833e+01 -1.391676e+01 -1.438826e+01 -2.078775e+00 -6.434782e+00 5.232326e+00 -1.447039e+01 -8.406825e-01 9.582508e+00
9.381289e+00 -8.566031e+00 -2.303814e+00 1.160549e+01 -1.260550e+01 -6.966664e+00 -1.576928e+01 7.149203e-01 1.526739e+01 -5.625640e+00 -4.111357e+00 8.630287e+00
1.687551e+01 -8.968870e+00 -1.133611e+01 -1.434406e+00 -2.025295e+00 9.658880e+00 -2.393352e+01 -8.998756e+00 1.963958e+01 5.250784e-01 -4.171194e+00 9.576189e+00
2.678146e+00 -1.925178e+00 9.927976e+00 1.409889e+01 -1.497240e+01 -1.457566e+01 -4.528394e-01 -7.665512e+00 9.004340e-01 -1.534424e+01 -9.182087e-01 9.052423e+00
1.712671e+01 -6.811610e+00 -1.177667e+01 -6.983122e+00 2.446724e+00 1.124539e+01 -2.180571e+01 -1.207786e+01 1.383875e+01 5.482484e+00 -5.288147e+00 1.078287e+01
3.194056e+00 -1.680063e+00 1.142998e+01 1.338622e+01 -1.468490e+01 -1.306948e+01 2.583008e-01 -7.515606e+00 -2.229466e+00 -1.324762e+01 1.098210e-01 6.639053e+00
1.921960e+01 -6.067033e+00 -1.145582e+01 -9.435163e+00 7.387199e-01 1.575340e+01 -2.030811e+01 -1.544184e+01 1.209974e+01 4.241290e+00 -4.065535e+00 1.095949e+01
3.006844e+00 -1.784268e+00 1.257458e+01 1.357385e+01 -1.300891e+01 -1.494229e+01 3.513918e+00 -7.854026e+00 -3.263481e+00 -1.290642e+01 1.227732e+00 5.215021e+00
2.040083e+01 -5.021770e+00 -1.047720e+01 -1.157573e+01 2.908952e+00 1.512739e+01 -1.707176e+01 -1.704436e+01 9.697523e+00 5.368540e+00 -5.792186e+00 1.199882e+01
3.619852e+00 -2.182644e+00 1.455957e+01 1.215291e+01 -1.227888e+01 -1.439574e+01 5.167748e+00 -5.818016e+00 -5.342627e+00 -1.076739e+01 1.873890e+00 2.861591e+00
2.034352e+01 -3.208256e+00 -1.209040e+01 -9.426163e+00 -2.853203e-01 1.891164e+01 -1.652760e+01 -1.904825e+01 5.958111e+00 7.634847e+00 -7.903653e+00 1.498951e+01
2.057325e+01 -2.334653e+00 -1.380611e+01 -7.773678e+00 -2.039602e+00 2.053922e+01 -1.505902e+01 -2.013579e+01 5.088236e+00 7.962708e+00 -7.923345e+00 1.221481e+01
2.129362e+01 -4.037931e+00 -1.119500e+01 -6.800481e+00 -3.261173e+00 1.965225e+01 -1.330016e+01 -1.888831e+01 -3.825474e-01 1.062141e+01 -8.964478e+00 1.072893e+01
5.191540e+00 -3.104911e-01 1.376192e+01 1.064694e+01 -1.758284e+01 -1.222106e+01 8.057827e+00 -1.242138e+00 -6.345105e+00 -6.880629e+00 1.426671e-01 -2.248784e+00
2.106420e+01 -4.173000e+00 -1.207657e+01 -2.389967e+00 -4.233772e+00 1.825031e+01 -1.486619e+01 -1.719273e+01 -2.622715e+00 1.194604e+01 -8.590801e+00 8.494198e+00
1.752021e+01 -6.405225e+00 -3.706856e+00 -4.395266e-01 -6.012439e+00 7.141066e+00 -1.435569e+01 -1.430306e+01 4.963168e+00 -1.938773e+00 -1.263393e+00 1.230936e+01
1.990364e+01 -5.914270e+00 -9.723620e+00 2.827909e+00 -4.616144e+00 1.377197e+01 -1.886652e+01 -8.296490e+00 -2.568077e+00 6.363955e+00 -6.074954e+00 7.142232e+00
5.751563e+00 4.224699e+00 1.191008e+01 9.743950e+00 -1.899314e+01 -1.446638e+01 1.082309e+01 -2.589182e+00 -8.739456e+00 -4.610509e+00 4.042631e+00 -2.981260e+00
1.521115e+01 -5.223835e+00 2.468962e+00 -3.699787e+00 -6.508850e+00 5.979567e+00 -8.663897e+00 -1.077069e+01 9.802854e-01 -2.488171e+00 1.513136e+00 1.211888e+01
6.596247e+00 8.343526e+00 1.194843e+01 4.611949e+00 -1.750712e+01 -1.066597e+01 1.311161e+01 -2.425424e+00 -1.435562e+01 8.805154e-02 5.149322e+00 -5.114527e+00
-4.456222e+00 -5.178464e-01 -5.162966e+00 -4.818697e+00 -1.327035e+00 -8.917739e+00 -4.188262e+00 1.569299e+00 -1.828913e+00 3.359768e+00 3.713191e+00 -6.893845e+00
6.568332e+00 1.156760e+01 1.226918e+01 3.595326e+00 -2.082603e+01 -2.050019e-01 1.466283e+01 -3.201408e+00 -1.832325e+01 8.477056e+00 6.531061e+00 -6.600100e+00
-1.855727e+01 1.583607e+00 3.991416e+00 -4.446158e+00 1.283326e+01 -4.652242e+00 5.212900e+00 -6.190910e+00 -4.099341e+00 2.209829e+00 -5.817722e-01 4.025128e-01
-2.887535e+00 -1.993988e+00 -1.123025e+01 -4.652840e+00 -1.138227e+00 -5.580763e+00 -4.719543e-02 -5.135365e-01 -6.444627e-01 -1.604380e+00 7.425869e-02 -3.881070e+00
6.523676e+00 1.379033e+01 1.068919e+01 5.522927e+00 -1.510215e+01 2.774023e+00 1.806223e+01 5.201130e-01 -1.485956e+01 7.713761e+00 9.832533e+00 -1.510005e+01
-3.829934e+00 -5.492264e+00 -1.009158e+01 -3.373397e+00 -1.108613e+00 -5.209995e+00 3.759820e-01 -3.199673e+00 -2.678492e+00 -2.390999e+00 -2.182412e+00 -4.177447e+00
3.350091e+00 1.032703e+00 3.755820e+00 -3.884284e+00 -3.324146e-01 1.975276e-01 -3.927997e+00 -2.424874e-01 -1.072884e+01 3.138745e+00 7.608303e+00 -1.020109e+00
-1.488718e+00 -9.108451e+00 1.532197e-03 -1.182171e+01 1.872592e+01 -4.256384e+00 -5.909804e+00 1.066718e-01 2.957512e+00 4.843078e+00 -2.240398e+00 -1.694057e+00
5.788305e+00 1.156334e+01 1.306270e+01 7.840623e+00 -9.471003e+00 7.465175e+00 1.861633e+01 9.834177e-01 -1.346447e+01 3.908915e+00 5.453384e+00 -1.487658e+01
-1.701561e+01 -6.026844e-01 4.245208e+00 -7.916611e+00 1.062286e+01 -2.779841e+00 6.283706e+00 -2.037548e+00 -3.191154e+00 -1.253723e+00 -5.200624e+00 -4.452145e+00
2.379694e-01 -6.815590e+00 -6.323977e+00 -7.596732e+00 2.186829e+01 -5.572612e+00 -1.134538e+01 2.247219e+00 4.882248e+00 5.828637e+00 -1.825773e+00 -3.225802e+00
4.058668e+00 6.821549e+00 1.583659e+01 4.364007e+00 -2.960281e+00 1.284165e+01 1.906953e+01 4.056397e+00 -1.692941e+01 -6.237997e+00 1.400029e+00 -1.393027e+01
-1.033571e+01 -4.178470e+00 4.358720e+00 -4.197842e+00 -2.511382e+00 8.163289e+00 -5.542276e+00 -2.680621e+00 -1.629334e+00 -8.254325e+00 -1.811824e+00 2.569731e+00
-1.127688e+01 4.979541e+00 2.245318e+00 -4.905539e+00 1.205824e+01 -3.569711e+00 4.565613e+00 -4.609539e+00 -2.091889e+00 4.944416e+00 1.423401e+00 8.140924e-01
-1.060374e+01 4.109731e+00 3.556880e+00 -3.531089e+00 1.129085e+01 -7.370485e+00 1.176514e+01 1.034665e+00 2.444124e+00 -4.462086e+00 -1.609519e+00 -5.463883e+00
2.246286e+00 4.420271e+00 1.286888e+01 -5.955684e-01 -2.328150e+00 9.678008e+00 1.343075e+01 2.068824e+00 -9.874432e+00 -2.980777e+00 -3.215074e+00 -1.503612e+01
-1.025016e+01 -7.690075e+00 6.530278e+00 -2.643501e+00 -3.834889e+00 3.378062e+00 4.221655e+00 -8.694109e+00 -2.098355e+00 8.233058e+00 3.020089e+00 4.462703e+00
1.617174e-01 2.202381e+00 9.253668e+00 -2.932549e+00 -6.957925e+00 3.031935e+00 1.587272e+01 4.972802e+00 -1.050686e+01 -4.698729e+00 5.304158e-03 -1.333957e+01
2.638901e+00 3.538985e+00 5.671552e+00 7.497931e+00 1.361505e+00 4.465414e-01 -1.113641e+00 1.330058e+00 4.094687e+00 -9.385064e-01 -3.851351e+00 -1.253262e+01
-1.043846e+00 -5.669951e-01 3.576256e+00 -2.568868e+00 -6.847559e+00 3.946773e-01 1.245974e+01 1.411252e+00 -6.450425e+00 3.428447e+00 -9.234881e-01 -1.395242e+01
-2.073178e+00 1.279275e+00 6.565077e+00 -1.784391e+00 1.664419e+01 2.536936e+00 -3.953540e+00 -1.183785e+00 -1.800975e+00 2.795611e+00 -7.235269e-01 -4.237515e+00
-1.209808e+00 2.039904e+00 1.277152e-01 -5.564604e-01 6.301450e+00 1.806940e+00 4.018172e+00 6.393041e+00 -1.986201e+00 -4.919024e+00 6.016829e+00 9.822600e-01
-3.886464e+00 4.595334e+00 5.409392e-01 -2.888849e-01 4.383433e+00 1.045167e+00 3.266781e+00 4.523092e+00 -5.336382e+00 -2.923386e+00 2.753764e+00 -1.868670e-01
-4.172271e+00 -4.758873e+00 -5.267739e+00 -1.969472e+00 5.605973e+00 -4.706581e+00 -1.198615e+01 2.791165e+00 -3.324125e+00 -4.056331e+00 7.718299e-01 -2.311299e+00
-8.697377e+00 -7.637167e+00 1.752521e+00 -2.410972e-01 -5.133140e+00 -4.410577e+00 2.579751e+00 5.200424e+00 -6.686924e+00 5.646181e+00 8.070639e+00 -2.888316e+00
-5.916443e-01 3.711429e+00 5.816049e+00 6.034855e+00 1.874404e+00 2.904807e+00 2.563913e+00 1.487382e+00 1.088710e+00 1.713071e+00 -1.014560e-02 -1.066418e+01
-4.626064e+00 -1.243443e+00 -6.709373e+00 -1.360929e+00 1.214789e+01 2.057733e+00 -7.178873e+00 6.205938e+00 1.497792e+00 -1.254979e-01 -3.240222e+00 -3.273253e+00
5.483048e+00 1.922748e+00 -1.095383e+01 -1.082640e+01 5.710602e-03 1.610941e+00 4.610452e+00 4.591064e+00 -4.123497e+00 3.064813e-01 1.306906e+00 -1.589779e+00
-6.919024e+00 -2.416684e+00 -3.457940e-02 2.675824e+00 4.229865e-01 -1.646003e+00 5.314616e+00 8.100298e+00 -9.285661e+00 -4.287768e+00 6.618077e+00 2.496296e+00
-1.978914e+00 -1.144586e+00 8.288658e-02 -5.027541e+00 -3.834494e+00 7.945999e-01 9.144812e+00 7.681419e+00 -4.651044e+00 -2.522577e+00 1.035945e+00 -1.634648e+01
-7.614661e+00 -5.536249e+00 -4.367824e+00 -3.249331e-01 4.839036e+00 -4.608280e+00 -7.689195e+00 7.625939e+00 2.628324e-01 -3.642001e+00 8.298731e-01 3.139997e-02
1.972539e+00 2.962140e+00 -3.326865e+00 3.526802e-01 5.311320e+00 -2.890260e+00 -5.618978e-01 4.473741e+00 2.022121e+00 -4.880810e+00 -4.667459e+00 -8.896945e+00
-6.417716e+00 4.512768e+00 -3.509290e-01 -1.553975e+00 8.996498e+00 -1.311837e+00 9.974171e+00 4.346477e+00 -4.815684e+00 -2.901300e+00 -7.634664e-01 9.683228e-01
-2.945323e+00 1.391266e+00 1.268103e+00 -4.537257e+00 -4.236072e+00 3.919898e+00 1.028521e+01 2.814873e+00 -9.167000e+00 -4.090635e+00 -2.766115e+00 -8.599630e+00
-1.126671e-01 3.358407e+00 -6.624755e+00 -5.693303e+00 1.759450e+00 6.989057e+00 5.051919e+00 2.748131e+00 -3.316659e+00 -4.688954e+00 -4.349203e+00 -5.911175e+00
-1.180684e+00 7.155422e+00 -5.981716e-01 -1.234454e+00 6.798434e+00 5.671219e+00 4.296381e+00 3.992044e+00 -3.564452e+00 -1.240761e+00 1.524545e+00 -2.099082e-01
-3.459949e-01 3.254682e+00 -1.821595e+00 2.554710e+00 4.130427e+00 -4.870739e+00 -7.034850e-01 5.481507e+00 4.807740e+00 -1.798445e+00 -6.254585e+00 -6.546578e+00
-4.874914e+00 3.372334e+00 -2.406866e+00 -3.859809e+00 1.741130e+00 -1.265723e+00 -2.350679e+00 1.135816e+00 -1.321125e+00 3.547034e+00 -7.330780e-01 1.610687e+00
-6.170329e+00 3.906192e+00 -2.582473e-01 7.849979e-02 7.179855e+00 -4.556442e+00 3.931725e+00 3.717961e+00 -1.053998e+00 -3.032457e+00 -2.532851e+00 -2.484066e+00
-5.684314e+00 4.863887e+00 9.593654e-02 2.330804e+00 7.503518e+00 7.724235e+00 3.330173e+00 -2.550232e-01 -6.251153e+00 9.200885e-01 -1.432353e-01 2.224870e+00
-5.784430e+00 -1.146295e+00 -2.224647e+00 1.064730e+00 4.706900e+00 -3.299232e+00 -9.230700e-01 8.783030e+00 -1.062956e+00 4.776608e-01 3.123575e+00 -7.962832e-01
-1.789432e+00 2.822926e+00 -1.913280e+00 -2.995139e+00 3.826294e-01 2.722899e+00 2.784840e+00 4.383180e+00 -1.316830e+00 1.436117e+00 1.706488e+00 7.199755e-01
-4.591409e+00 3.243406e+00 -7.211196e-02 -5.644207e-01 5.193625e+00 7.716250e-01 4.111007e+00 6.128909e+00 -2.017419e+00 2.271297e+00 2.709962e+00 -8.558897e-01
-4.172037e+00 5.583854e+00 1.398665e+00 1.233232e+00 4.645189e+00 -2.402431e+00 3.726521e+00 4.074938e+00 -1.900403e+00 4.980062e+00 1.079755e+00 -4.615760e+00
-3.850980e+00 3.711805e+00 -2.134176e+00 -9.800143e-01 5.714483e+00 2.115876e+00 8.402431e-01 2.646924e+00 -2.021336e+00 4.932602e+00 1.129872e+00 3.382698e+00
-1.573491e+00 3.006456e+00 5.375901e+00 3.130763e+00 1.560608e+00 -3.724477e+00 6.269633e+00 3.850760e+00 -9.450631e-01 -2.410480e+00 -6.795147e+00 -4.559479e+00
-6.548001e+00 -2.554268e+00 -9.972706e-01 1.795454e+00 3.752278e+00 -1.667954e+00 5.713279e+00 7.049629e+00 1.350302e+00 -4.310220e-01 -4.538036e+00 -2.997304e+00
-6.635551e-01 4.167186e+00 -4.969428e+00 -7.713371e+00 1.727448e+00 4.726614e+00 6.174326e+00 4.777814e+00 3.201948e-01 1.317404e+00 2.538993e+00 -1.033161e+00
-6.738145e+00 -2.640215e+00 9.690679e-01 2.451753e+00 2.686133e+00 -5.917794e+00 5.490966e-01 2.831355e+00 -1.890778e+00 1.258985e+00 -2.489480e+00 -1.501642e+00
-7.455930e+00 1.840082e+00 -3.993651e+00 -3.575591e+00 4.442337e+00 -2.367284e+00 -3.156418e+00 2.097497e+00 4.189465e+00 8.042845e+00 2.567220e-01 2.033072e+00
-6.313327e+00 3.205700e+00 -4.985482e-01 -1.817334e+00 3.154546e+00 1.912987e+00 6.461672e+00 3.574265e+00 1.211980e+00 3.348265e+00 3.728263e+00 1.294163e+00
-7.450637e+00 2.325517e+00 -1.646420e+00 -7.436025e-01 4.137387e+00 -1.157946e+00 2.041328e+00 5.306189e+00 -1.949019e+00 -3.804855e-01 5.928722e+00 2.458210e+00
-7.999087e+00 2.484461e+00 -2.038188e+00 -2.065352e+00 4.530687e+00 1.677521e+00 3.629341e+00 6.813167e+00 3.255712e+00 2.143718e+00 6.694061e+00 4.021163e+00
-3.588694e+00 7.216690e-01 -5.470253e+00 -5.426735e+00 2.282798e+00 5.314237e-01 5.920985e+00 5.573095e+00 2.080310e+00 1.591477e+00 4.430069e+00 -5.191803e-03
-6.478940e+00 2.318870e+00 -4.104785e-01 -2.465472e+00 3.312395e+00 -1.033680e+00 8.677728e-01 1.684180e+00 -7.837910e-01 -2.065793e+00 -4.988219e+00 -6.559966e+00
-8.014022e+00 9.045636e-01 -3.932818e+00 -4.273682e+00 5.166390e+00 1.539746e+00 1.949732e+00 5.867079e-01 4.851921e+00 6.330058e+00 2.800095e+00 -9.522746e-01
-6.638726e+00 1.512961e+00 -2.585057e+00 -3.623626e+00 1.994233e+00 2.434972e+00 5.114331e+00 9.347862e-01 1.972337e+00 5.647533e+00 3.166732e+00 -2.796095e+00
-6.962976e+00 1.543981e+00 -2.886267e-01 -2.394449e+00 3.342253e+00 -2.818470e-01 9.415991e-01 4.881974e+00 1.267772e+00 4.030305e+00 6.247498e-01 -4.035481e+00
-5.500240e+00 9.481546e-02 -2.831361e+00 -1.810811e+00 1.384267e+00 -2.171099e-01 6.206524e+00 2.043873e+00 -7.151773e-01 1.877366e+00 -1.518300e+00 -4.614086e+00
-7.452540e+00 2.166846e+00 -4.516341e+00 -2.288037e+00 4.903738e+00 4.820547e+00 6.357620e+00 4.103998e+00 2.205372e+00 2.046271e+00 3.696130e+00 1.993830e+00
-6.296432e+00 3.054886e+00 -7.675470e-01 -1.390532e+00 2.949721e+00 -4.881247e-01 8.743908e-01 5.135179e+00 2.534748e-01 -6.810638e-01 1.519364e+00 -1.870084e+00
-5.400048e+00 3.292836e+00 -1.294766e+00 -1.956451e+00 8.625652e+00 3.029305e+00 4.031276e+00 6.660857e+00 5.122215e+00 5.872277e+00 -6.664394e-01 1.723974e+00
-6.062976e+00 2.752808e+00 -2.431429e+00 -2.618765e+00 3.069384e+00 -2.622605e+00 1.571774e+00 2.213208e+00 3.132673e+00 2.279999e+00 1.680385e+00 5.750921e-01
-5.673423e+00 2.723760e+00 -2.008757e+00 -7.606666e-01 4.056572e+00 3.681258e+00 4.598083e+00 6.588212e+00 1.692817e+00 3.346181e+00 2.676425e+00 -1.267391e+00
-7.252667e+00 3.056416e+00 -2.257126e+00 -5.345112e+00 3.840336e+00 -2.092803e+00 3.073697e+00 4.814756e+00 -3.110602e+00 1.558142e+00 3.070848e+00 2.382794e+00
-9.238386e-01 7.471480e+00 5.059233e+00 4.258344e+00 4.597229e+00 -2.215638e+00 -8.437204e-01 -2.989688e-01 -3.254138e+00 5.305708e+00 -4.732585e+00 -7.872012e+00
-7.157296e+00 1.057518e+00 -2.418126e-01 -2.347338e+00 6.230211e+00 1.864836e+00 -8.049178e-01 1.438460e+00 -1.698814e+00 3.424576e+00 2.145910e+00 4.555225e-02
-6.701045e+00 2.735604e+00 -2.136162e+00 -7.417200e-01 5.062612e+00 2.100863e+00 4.050385e+00 7.842031e+00 2.247028e-01 4.213375e+00 5.894949e+00 1.911238e+00
-6.672833e+00 1.986395e+00 -1.381409e+00 -1.369582e+00 3.049500e+00 -9.335887e-02 -2.702999e-02 8.874705e-01 6.278991e+00 7.854521e+00 3.439646e+00 -1.082016e+00
-6.550670e+00 -8.266518e-01 -3.402134e+00 -6.030131e+00 4.870509e+00 -1.266040e+00 5.577034e+00 6.534786e+00 -3.058522e+00 6.857125e+00 4.428626e+00 1.356087e+00
-5.568028e+00 1.213136e+00 -3.123930e-01 3.748212e-01 5.857189e+00 1.013914e+00 5.833776e+00 4.337656e+00 1.619167e+00 3.995463e+00 2.766464e+00 1.131022e-01
-7.048938e+00 2.973652e+00 -3.665276e-01 -1.052720e+00 7.131135e+00 3.578448e+00 2.171085e+00 5.493830e+00 1.724406e+00 7.931592e+00 4.235713e+00 6.490040e-02
-5.059617e+00 2.155057e+00 -1.735204e+00 -1.629996e+00 9.171128e+00 -1.554796e-01 5.246870e+00 7.399385e+00 -3.735438e+00 2.575279e+00 -9.860499e-01 2.058510e+00
-6.060203e+00 2.583296e+00 -3.036535e-01 5.391240e-02 5.716852e+00 1.915314e+00 6.356325e+00 6.896548e+00 2.996007e+00 1.018317e+00 -1.406384e+00 7.509508e-01
-5.647512e+00 1.793620e+00 -1.543156e+00 -8.074372e-01 6.474586e+00 5.153993e+00 3.066231e+00 2.028340e+00 -5.431562e-01 3.215188e+00 1.422319e+00 -3.000377e+00
