-1.603285e+01 5.851055e+00 4.021263e+00 -1.130172e+01 4.428141e+00 2.784958e+00 -1.670500e+00 1.096156e+00 6.904219e+00 -6.442227e+00 1.881462e+00 -1.566835e+00
-1.730417e+01 6.256401e+00 3.724735e+00 -1.057698e+01 2.161832e+00 2.409957e+00 1.074998e+00 -3.512391e+00 6.601785e+00 -1.275768e+00 4.734521e+00 3.058448e+00
-1.793626e+01 4.339735e+00 -2.473092e-02 -1.387941e+01 5.216520e+00 4.505863e+00 2.452759e+00 1.957775e+00 7.155262e+00 -4.080512e-01 6.778669e+00 3.704994e+00
-1.762564e+01 4.307542e+00 6.377956e+00 -7.876174e+00 5.386296e+00 4.366410e+00 2.374954e-01 -2.644297e+00 2.341328e+00 -8.711331e+00 -2.749254e+00 -2.495214e+00
-1.793777e+01 5.337842e+00 5.171587e+00 -1.194701e+01 3.156204e+00 2.851543e+00 2.299696e+00 1.521935e+00 2.402388e+00 -6.298053e+00 -7.771379e-01 2.766080e-01
-1.698697e+01 1.204009e+00 6.647856e-01 -1.228172e+01 8.539370e+00 2.064739e+00 -1.824473e+00 3.303085e+00 2.705690e+00 -2.772684e+00 3.106315e+00 1.157191e+00
-1.668410e+01 5.598323e-01 5.588569e+00 -1.223202e+01 -9.921651e-01 5.827048e+00 4.465933e-01 -1.828954e+00 5.231030e+00 -1.224686e+00 9.269350e-01 2.831585e+00
-1.688496e+01 1.523884e+00 6.442946e+00 -8.694410e+00 2.894087e+00 6.959924e+00 1.069854e+00 -3.093126e+00 7.189629e+00 2.093933e+00 1.522266e+00 -8.999643e-01
-1.647436e+01 4.542220e-01 2.560384e+00 -1.207291e+01 6.484857e+00 1.271174e+00 -6.250487e+00 4.085199e+00 7.460119e+00 -4.238471e+00 -1.233734e-01 -2.743612e+00
-1.268181e+01 1.257529e+00 1.441876e+01 -9.002651e+00 2.961962e+00 1.316709e+01 -5.011946e+00 -4.845364e+00 1.547120e+00 -9.669210e+00 4.100361e-01 3.490290e-01
-1.691926e+01 4.647503e-01 9.893826e+00 -1.365259e+01 -2.901321e+00 7.633979e+00 -3.276901e+00 -3.635314e+00 8.034117e-01 -6.315591e+00 3.103145e+00 -8.315395e-01
-1.638916e+01 4.203936e-01 5.673298e+00 -1.165800e+01 2.219759e+00 8.510601e+00 1.722574e+00 3.431936e+00 1.116797e+01 3.985547e+00 3.580415e+00 4.726879e+00
-1.630721e+01 1.589769e+00 9.637973e+00 -1.279411e+01 -3.315036e+00 4.874593e+00 7.144661e-01 3.724127e-01 3.670692e+00 5.197235e-01 2.536032e+00 3.914189e-01
-1.490479e+01 2.552480e+00 1.045897e+01 -1.159127e+01 2.491278e+00 3.095778e+00 1.379548e+00 -6.048188e-01 2.997863e+00 -1.379182e+00 2.108853e+00 7.350069e-01
-1.146249e+01 -3.986388e+00 8.856023e+00 -5.378631e+00 1.213277e+00 8.626372e+00 -3.071199e+00 -4.092515e-01 8.627700e+00 5.432596e+00 -5.533430e+00 3.040028e-02
-1.207629e+01 -4.734435e+00 6.915333e+00 -7.649826e+00 5.187446e+00 1.223612e+01 -5.894744e+00 -4.479081e+00 7.673244e+00 4.646306e+00 -6.499000e+00 2.336853e+00
-1.423715e+01 -2.261748e+00 1.549874e+01 -1.046674e+01 -4.357986e+00 8.619289e+00 -5.008759e+00 -2.517461e+00 -2.398629e-01 -1.077417e+01 -1.889156e+00 6.240506e+00
1.655441e+01 -1.017861e+01 1.460964e+00 4.393732e+00 -1.260885e+01 -2.580598e+00 -5.943626e+00 -3.200990e+00 8.820242e+00 4.282295e+00 1.068313e+00 -1.389217e+00
-5.517160e+00 7.127658e+00 1.082673e+01 -7.107693e+00 5.642339e+00 4.425457e+00 -5.925603e+00 -1.987985e+00 -2.920166e+00 -6.261714e+00 4.004955e-01 -3.075134e+00
1.536567e+01 -8.738262e+00 -4.727206e-01 7.098660e+00 -1.375361e+01 -5.478573e+00 -3.634391e+00 -1.476236e+00 8.145469e+00 2.545824e+00 6.234118e-02 9.295076e-02
-1.229714e+01 -9.502041e+00 4.920243e+00 -1.485800e+00 4.902390e+00 8.704224e+00 -6.572115e+00 -1.954685e+00 5.636616e+00 1.168355e+00 -8.391147e+00 -2.157330e+00
-1.433397e+01 -2.340853e+00 8.773274e+00 -1.106693e+01 6.746707e-01 7.530684e+00 -2.995776e+00 2.217521e+00 7.532426e+00 6.501876e-01 -8.254189e+00 -6.592363e-01
-1.153710e+01 -4.880756e+00 8.646179e+00 -3.181073e+00 2.761051e+00 8.557793e+00 -4.175678e+00 2.357760e+00 4.255987e+00 -2.109922e+00 -5.961543e+00 9.256496e-01
-9.630571e+00 -1.170952e+01 2.509070e+00 -2.083256e+00 5.965935e+00 7.883440e+00 -7.941219e+00 -2.268278e+00 3.959101e+00 -2.085311e+00 -6.399554e+00 -1.926288e+00
1.514544e+01 -8.223513e+00 -7.361856e-01 6.930286e+00 -1.141378e+01 -9.303166e+00 -6.178932e-01 -9.163764e-01 5.044193e+00 3.708642e+00 3.378800e-01 -1.341702e+00
1.593579e+01 -6.517045e+00 -1.747883e+00 4.453413e+00 -1.185516e+01 -2.236441e+00 -5.411623e+00 -5.882976e+00 8.488156e+00 5.363478e+00 1.795892e-01 -1.304141e+00
-1.145037e+01 -6.089956e+00 8.785518e+00 -4.793784e+00 -2.272688e+00 1.139466e+01 -4.413755e+00 -8.908287e+00 4.163454e+00 4.160970e+00 9.029405e-01 -4.234929e-01
1.516998e+01 -5.854860e+00 -7.549016e-01 3.357260e+00 -1.037372e+01 -1.617056e+00 -5.293900e+00 -6.478108e+00 4.228421e+00 8.809683e+00 -8.808949e-01 -9.670366e-01
-1.293506e+01 -5.086197e+00 7.775147e+00 -8.209932e+00 -3.702120e+00 7.511014e+00 -5.830991e+00 -3.713310e+00 5.517918e+00 3.149169e+00 -4.101723e+00 -1.633644e+00
-1.386491e+01 -3.786983e+00 6.546587e+00 -8.606246e+00 4.817278e+00 9.482834e+00 -5.165970e+00 -1.808330e+00 5.645447e+00 1.587965e+00 -1.013682e+01 -2.036064e+00
-1.060663e+01 -5.218202e+00 7.733582e+00 -3.507262e+00 -2.697749e+00 7.748611e+00 -7.066742e+00 -6.992059e+00 7.828168e+00 5.094528e-01 -4.590971e+00 3.534642e+00
1.680219e+01 -6.523156e+00 4.005883e-01 2.099095e+00 -6.156631e+00 -1.376652e+00 -3.494227e+00 -1.241607e+01 5.714361e+00 8.640845e+00 -1.006206e+00 -1.011227e+00
1.504797e+01 -6.118329e+00 -1.419132e+00 6.257898e+00 -9.820663e+00 -8.680174e+00 -4.444322e+00 3.563863e+00 1.262832e-02 5.592887e+00 -4.908086e-01 -1.671207e+00
1.693650e+01 -5.778956e+00 -6.045270e-02 4.523673e+00 -7.539356e+00 -5.533500e-01 -2.240662e+00 -1.586979e+01 5.387703e+00 6.801626e+00 1.252099e+00 5.329846e-01
-1.327059e+01 -3.807839e+00 4.570395e+00 -7.040806e+00 5.588646e-01 8.157537e+00 -3.183048e+00 -1.578405e+00 3.222013e-01 -2.031059e+00 -2.621481e+00 2.958390e+00
1.629754e+01 -4.701097e+00 -2.035989e+00 9.896152e+00 -1.421483e+01 -6.304724e+00 -5.440353e+00 3.709117e+00 -4.094385e+00 5.396146e+00 -3.261338e-01 7.783336e-01
-9.803947e+00 -3.707984e+00 1.370682e+01 -8.425241e+00 -4.286770e+00 1.261117e+01 -1.910968e+00 2.474464e+00 2.156989e+00 -9.922682e+00 3.608628e+00 5.889839e+00
1.544128e+01 -4.637752e+00 1.855264e+00 2.910367e+00 -7.327414e+00 1.558138e+00 -6.845170e+00 -1.181582e+01 -5.034277e-01 5.913994e+00 4.955357e+00 -2.384834e+00
-5.829231e+00 -1.410677e+01 2.180903e-01 3.544355e+00 1.252545e+01 5.689663e+00 -9.649520e+00 -4.584889e+00 8.741142e+00 5.314330e-01 -5.277863e+00 -2.888421e+00
1.455135e+01 -4.872278e+00 -2.811718e+00 1.044426e+01 -6.783598e+00 -1.761234e+01 -6.157558e+00 6.901370e+00 -5.443709e+00 -3.742047e-01 6.848522e+00 -4.673229e-01
-1.155863e+01 -7.627983e+00 -4.587293e-01 -1.036215e+01 -2.674854e+00 1.526317e+01 -2.046662e+00 -6.577344e+00 7.749652e+00 3.244434e+00 -4.073833e+00 4.482781e+00
1.560385e+01 -4.004371e+00 -1.183287e+00 8.460804e+00 -1.270343e+01 -8.703982e+00 -6.486658e+00 4.098714e+00 -3.108552e+00 1.781834e+00 4.531919e+00 -2.462803e+00
9.790874e+00 -1.426656e+00 6.662823e+00 -1.901302e+00 1.134770e+00 -1.840520e+00 -6.871504e+00 -1.037895e+01 -3.824634e+00 4.191423e+00 6.631471e+00 -3.559386e+00
-9.901213e+00 -4.334186e+00 5.829307e+00 -4.201483e+00 4.057322e-01 7.665685e+00 -5.416506e+00 -4.498123e+00 5.036597e+00 -1.172657e+00 -2.636742e+00 1.106106e+00
1.499595e+01 -1.262064e+00 -5.611229e+00 1.744891e+01 -8.855188e+00 -2.510783e+01 -2.439312e+00 3.611339e+00 -7.715827e+00 3.623697e-01 6.174381e+00 1.885250e+00
-6.668488e+00 -3.702313e+00 3.385889e+00 -5.349112e+00 -2.915452e+00 9.851412e+00 -7.171602e+00 -7.879391e+00 2.594202e+00 -3.095519e-01 -6.207656e+00 -1.991288e+00
-2.872557e+00 -2.664890e+00 4.550435e+00 -6.370951e+00 -6.052845e+00 5.028754e+00 -7.792116e+00 -7.431542e+00 1.657833e+00 -1.780210e+00 -8.774447e+00 -2.152000e+00
4.247001e+00 -6.385169e+00 -1.485792e+00 -1.393740e+00 5.257202e+00 3.110865e+00 -1.478609e+01 -5.939108e+00 6.663989e+00 1.715465e+00 -1.145394e+00 1.608664e+00
1.064830e+00 2.551913e+00 -8.008582e+00 2.106767e+01 -1.048450e+01 -1.992009e+01 -2.975521e+00 2.062704e+00 -5.385456e+00 -8.835948e+00 1.165881e+01 3.677532e+00
5.670029e+00 -1.713217e+01 -1.836934e+01 3.309712e+00 -2.896795e-01 5.944815e+00 -8.750016e+00 -8.427756e+00 5.047587e+00 -1.182886e+00 1.432631e+00 1.986509e+00
-8.913275e+00 -5.192308e+00 1.183452e+01 -6.316088e+00 -4.151016e+00 1.372362e+01 3.097930e+00 2.175977e+00 5.903986e-01 -1.055937e+01 3.568463e-01 1.436023e+00
8.832024e+00 7.140160e+00 -5.453813e+00 1.915154e+01 -1.173714e+01 -2.166128e+01 3.602219e-02 6.192269e+00 -3.556379e+00 -6.062869e+00 8.826362e+00 5.195117e+00
7.822720e+00 -5.575331e+00 -1.364809e+01 3.053850e+00 -1.472220e-01 6.367136e+00 -6.658519e+00 -6.785643e+00 -7.248552e-01 3.872492e+00 1.295121e+00 4.382476e+00
7.012926e+00 -1.540038e+01 -1.503333e+01 1.387766e+00 1.433076e+00 3.433125e+00 -4.685298e+00 -8.662539e+00 5.385487e+00 -2.479954e+00 2.958000e+00 1.803962e+00
7.828188e-01 -4.033284e+00 -2.334158e+00 -6.106021e+00 -4.259315e-01 6.928675e+00 -1.210264e+00 -6.729455e+00 5.582484e+00 5.290793e-01 -3.533282e+00 -3.044575e+00
-3.527811e+00 -1.930237e+00 9.208472e+00 -4.933220e+00 -5.862001e+00 8.193064e+00 2.459028e+00 -8.808728e+00 9.245124e+00 -3.239644e+00 -5.042574e+00 3.593246e+00
7.288686e+00 -7.707121e+00 -3.030156e+00 -5.828344e+00 1.466223e+00 6.393734e+00 -5.232546e+00 -5.226767e-01 4.313733e+00 -1.841543e+00 -2.648989e+00 -1.156876e+00
5.324629e+00 1.927367e+00 -3.706574e+00 1.294607e+01 -6.014860e+00 -1.579054e+01 -1.742719e+00 1.738248e+00 -8.342927e+00 -2.429145e+00 1.009758e+01 9.008260e+00
7.442452e+00 -5.540682e+00 -6.040782e+00 -7.318930e-01 5.551504e+00 4.479357e-01 -3.344385e+00 5.398241e+00 -2.608070e+00 -2.831784e+00 1.601046e+00 -3.034508e+00
7.440224e+00 -4.489451e+00 -8.582660e+00 -1.345923e+00 3.052446e+00 -2.807673e-01 4.308582e+00 4.427664e+00 -8.605764e+00 -4.960662e+00 6.387418e+00 -2.016007e+00
8.235606e+00 -5.730869e+00 -7.540817e+00 1.631663e+00 1.729493e+00 -9.379101e-01 8.215998e+00 1.854146e+00 -8.301220e+00 -1.836000e+00 3.254092e+00 1.127906e-01
6.839809e+00 -4.069112e+00 -4.047464e+00 2.796174e+00 -4.252605e-01 -1.002241e+00 5.110068e+00 5.160569e+00 -5.512897e+00 1.520463e+00 4.052182e+00 -3.721893e+00
1.862440e+00 5.527852e+00 -1.423294e+00 9.131479e-01 3.320554e+00 -7.218598e+00 -1.690862e+00 4.816611e+00 -4.839460e+00 -1.909720e+00 -9.084718e+00 -6.649274e+00
2.234099e+00 3.597121e+00 -1.551959e+00 9.819295e-01 3.118000e-01 -4.772946e+00 4.302767e+00 -5.549850e-01 -5.785067e+00 -1.762963e+00 -4.361873e+00 -3.225318e+00
2.323315e+00 3.982424e+00 -2.646403e+00 -1.072170e+00 5.788984e-01 2.378472e-01 9.751884e+00 5.785092e+00 -3.114370e+00 -3.129547e+00 -4.047589e+00 -5.009674e-01
9.365654e-01 4.066094e+00 -3.706729e+00 -3.591231e-01 1.372821e+00 -1.792699e+00 5.462681e+00 1.595793e+00 -7.526220e+00 -6.513343e+00 -7.075158e+00 -3.756250e+00
2.985211e+00 6.016187e+00 -3.121268e+00 -1.140119e+00 -1.207845e+00 -7.527114e+00 2.465555e+00 2.582933e+00 -3.950466e+00 5.424918e+00 -1.215052e+00 -3.509619e+00
2.068436e+00 5.524937e+00 -6.020077e+00 -2.842375e+00 -3.479042e+00 -4.202826e+00 6.204755e+00 6.477432e+00 -7.304629e+00 -4.025526e+00 -4.770927e+00 -2.141521e+00
1.216405e+00 4.897853e+00 -3.499749e+00 -4.385321e-01 1.495465e+00 -1.843309e+00 3.724421e+00 3.739257e+00 -1.901593e+00 -2.546956e+00 -5.101581e+00 -1.338318e+00
5.782471e-01 4.213250e+00 -3.539441e+00 1.993418e-02 -1.458879e-01 -2.539881e+00 3.245549e+00 1.413895e+00 8.566749e-01 5.176760e+00 -3.328811e+00 -5.859690e+00
-8.776798e-01 2.143072e+00 -4.298973e+00 2.616304e+00 7.664979e+00 1.025750e+00 4.656892e+00 1.132306e+00 -2.196285e+00 3.281945e+00 3.804744e-01 1.871953e+00
-8.972073e-02 5.557845e+00 -1.496381e+00 5.672067e+00 4.410794e+00 1.058220e+00 8.594140e+00 1.427209e+00 -6.935676e+00 1.489825e-01 2.270653e+00 -6.832600e-02
-9.814320e-01 3.661105e+00 -2.174857e+00 3.400142e+00 2.289877e+00 -4.444370e+00 3.693955e+00 2.783243e+00 -1.420936e+00 -6.780469e-01 3.311817e-01 2.655342e+00
-5.806351e-02 3.181345e+00 -9.127755e-01 5.161199e+00 3.317996e+00 -3.514536e+00 3.805516e+00 3.128319e-01 -2.828727e+00 5.707651e+00 -6.372358e-01 -1.662154e+00
4.693890e-02 2.818104e+00 -2.654501e+00 3.334365e+00 5.433866e+00 2.062030e+00 8.887971e+00 4.408874e+00 -3.649615e+00 6.108836e+00 5.923546e+00 1.671057e+00
-6.009674e-01 2.503088e+00 -4.322036e+00 -6.564136e-01 3.653097e+00 1.605177e-02 4.007300e+00 5.960396e+00 -7.398047e+00 3.102949e-01 3.717674e+00 -2.647243e-01
-1.853724e-01 5.516226e+00 -2.354618e+00 2.823127e+00 4.136256e+00 2.030778e+00 5.237187e+00 2.903335e+00 -2.063180e+00 2.601928e+00 1.929685e+00 1.132247e+00
-4.008236e-01 2.286763e+00 -3.499919e+00 3.647931e+00 1.732464e-01 1.947188e+00 6.918416e+00 2.681977e+00 1.541065e+00 3.045206e+00 2.740045e+00 1.672652e+00
-1.154964e+00 3.271065e+00 -4.504550e+00 1.905238e+00 4.052157e+00 -1.228576e+00 3.012034e+00 3.274973e+00 -3.039775e-01 2.527894e+00 5.064307e+00 2.372600e+00
-6.369343e-01 2.259972e+00 -3.470581e+00 -1.171938e-01 4.539780e+00 3.896285e+00 8.417520e+00 -2.501675e+00 -5.550243e+00 8.795351e-01 3.975865e+00 5.218503e+00
-1.554779e+00 3.266716e+00 -9.645344e-01 8.001053e-01 3.180542e-01 -1.673837e+00 5.868793e+00 1.696294e+00 -5.077251e+00 4.134032e+00 4.404317e+00 2.086445e+00
-1.497171e+00 5.471466e-01 2.756610e+00 1.932667e+00 -1.217152e+00 4.462144e+00 9.834790e+00 1.944059e+00 -4.002319e+00 1.157230e+00 -6.800498e-01 1.533970e-01
4.375038e+00 6.217938e+00 1.226475e+00 6.718061e+00 -4.485044e-01 -8.658446e+00 -1.050354e+00 1.487052e-01 -1.819650e+00 3.894347e+00 6.004422e+00 9.760867e+00
1.441510e+00 5.327937e+00 1.179040e+00 3.784716e+00 3.421331e+00 -9.818221e+00 -6.546733e+00 3.017524e+00 1.527200e+00 -1.390183e+00 2.428220e+00 2.837756e+00
-4.590130e-01 6.817760e+00 -1.845479e-01 3.094906e+00 2.532058e+00 -4.807107e+00 3.981686e+00 5.543218e+00 -2.232164e+00 1.920769e+00 3.983606e+00 3.456463e+00
-1.336271e+00 4.859220e+00 -1.694837e+00 -1.848104e+00 1.337691e+00 -1.621783e+00 2.990755e+00 -4.079218e-01 -4.712152e+00 8.154181e+00 4.275501e+00 -1.835985e-01
-1.081095e+00 3.643799e+00 -7.609941e-01 3.444482e+00 1.854200e+00 -2.790890e+00 5.039217e+00 -6.415710e-01 -3.362555e+00 6.990265e+00 3.727736e+00 8.928499e-01
3.073501e+00 9.731720e+00 3.382627e+00 2.778378e+00 4.062352e+00 -4.611802e-02 1.035392e+01 -1.653081e+00 -7.566282e+00 1.431592e+00 1.234456e+00 2.994330e+00
4.220650e+00 1.150424e+01 4.660528e+00 8.133603e+00 7.976009e+00 2.246440e+00 3.154778e+00 -3.553304e+00 -1.055636e+01 -3.739533e+00 4.471548e+00 1.095924e+00
-1.054012e+00 3.483020e+00 -1.370083e+00 3.787368e+00 9.615088e-01 -6.797064e+00 2.070125e+00 -9.961674e-01 -2.488722e+00 2.871117e+00 4.116985e+00 -8.836234e-02
8.638091e+00 -2.637051e+00 -6.858045e+00 -6.343663e-03 6.751637e-01 -2.632447e+00 2.539172e+00 2.516272e+00 -5.823761e+00 -2.981530e+00 3.125427e+00 -3.928372e+00
8.195900e+00 -1.077686e+00 -5.175780e+00 3.788060e+00 3.064939e+00 -1.494554e+00 1.077262e+00 6.470841e-01 -7.414455e+00 -5.370318e+00 -3.800635e-01 -6.820020e+00
8.002691e+00 1.300058e-01 -6.865076e+00 3.637248e+00 1.317983e+00 -4.293355e+00 3.575653e+00 7.096156e+00 -3.924500e+00 -1.596712e+00 4.879951e+00 -3.399880e-01
6.888531e+00 5.367289e-01 -8.193602e+00 1.097623e+00 -8.769641e-01 -3.668005e+00 1.992941e-01 1.036935e+00 -5.109921e+00 -1.887296e-01 2.929249e+00 -1.257435e-01
7.411379e+00 2.335929e+00 -5.921005e+00 9.924080e-01 -8.213177e-01 -6.086639e+00 5.796494e-01 3.610215e-01 -8.954569e+00 -1.000235e+00 -8.768266e-01 -3.052289e+00
5.729447e+00 2.392906e+00 -3.873367e+00 5.067798e+00 -3.872175e-01 -7.045511e+00 1.034062e+00 -1.707927e+00 -3.320357e+00 -1.752958e+00 -1.519876e+00 -1.060157e-01
7.083944e+00 3.313027e+00 -6.618500e+00 2.150245e+00 6.591473e-01 -3.659056e+00 1.913415e+00 2.840329e+00 5.704951e-01 3.045370e+00 6.651504e-01 1.624760e+00
6.988427e+00 4.554781e+00 -4.308926e+00 3.199550e+00 3.872724e-01 -6.380799e+00 2.382143e+00 4.479802e+00 -8.074427e-01 -3.953053e+00 -2.693151e-01 -1.563072e-02
6.574623e+00 4.963005e+00 -5.107805e+00 3.379619e+00 -2.455431e+00 -5.620533e+00 2.186815e+00 5.998240e+00 3.321738e+00 2.625911e+00 -2.663300e+00 -5.002287e+00
5.898530e+00 6.318496e+00 2.912376e-01 3.242023e+00 -2.069345e+00 -6.835595e+00 1.083648e+00 4.082557e+00 -1.467414e+00 -7.339575e-01 -2.690547e+00 -5.689013e+00
6.838370e+00 4.662519e+00 -2.373683e+00 3.872486e+00 2.245707e+00 -5.977477e+00 2.010264e+00 2.978524e+00 6.050794e-01 9.980767e-01 -6.211564e+00 -5.110415e+00
6.599843e+00 2.437134e+00 -6.115305e+00 7.211219e+00 3.138186e+00 -1.560655e+00 3.686674e+00 1.214007e+00 -3.512860e+00 -1.308019e+00 -2.072958e+00 -2.104835e+00
4.800365e+00 3.612586e+00 -3.551991e+00 5.431746e+00 1.748353e+00 -6.412651e+00 6.016555e+00 4.936171e+00 -8.210022e-01 5.492738e+00 -1.872723e+00 -2.380548e+00
5.343434e+00 4.783401e+00 -3.349582e+00 2.944802e+00 -5.549763e+00 -6.926487e+00 2.557344e+00 3.137897e+00 -7.947690e+00 -2.045947e+00 -3.982405e+00 5.774670e-01
5.767078e+00 7.028226e+00 -3.293005e-01 4.318249e+00 2.559961e+00 -2.786201e+00 3.991761e+00 3.505169e+00 -3.723871e+00 -6.250369e+00 -9.559253e+00 -5.305831e-01
6.738287e+00 6.447754e+00 -2.715254e+00 3.763969e+00 6.317471e+00 2.904224e-02 6.683446e+00 5.982278e+00 1.725755e-01 2.833620e+00 -2.344966e+00 -5.995749e+00
3.918682e+00 5.097425e+00 -7.847476e-01 8.707569e+00 7.186983e+00 -3.565526e+00 5.409586e+00 2.524374e+00 -4.648188e+00 1.962486e-01 2.983108e-01 7.570294e-01
6.115462e+00 7.699974e+00 1.375541e+00 5.721854e+00 2.682750e+00 -2.645061e+00 4.575920e+00 6.855271e+00 -4.435028e+00 -2.918272e+00 -1.320576e+00 -7.974362e-01
5.828058e+00 5.242634e+00 -3.449513e+00 3.841975e+00 2.152012e+00 -3.588013e+00 7.151669e+00 7.272897e+00 1.984472e+00 -5.482517e-02 -3.513330e+00 -6.104829e-01
4.625229e+00 5.715114e+00 -2.030342e+00 8.154496e+00 4.999228e+00 -6.962438e-01 5.658088e+00 2.254870e+00 -6.214832e+00 3.908591e+00 3.516932e+00 6.762106e+00
3.744847e+00 3.792567e+00 -2.784152e+00 5.158972e+00 4.985329e+00 -8.192409e-01 5.331950e+00 3.929866e+00 -3.620976e+00 -1.800152e+00 -3.690520e+00 -1.767805e+00
4.596101e+00 2.932300e+00 -5.799495e+00 4.089900e+00 4.216546e+00 -3.443827e+00 3.309172e+00 3.072399e+00 6.945026e-01 1.890779e+00 -2.613096e+00 2.139617e-01
